,event,pixel_x,pixel_y,reset_time,TSLR,nMCParticles,MC_TrackIDs,MC_Weights
0,67,106,943,0.0010237520857277053,0.0010237520857277053,3,"[90, 112, 113]","[6210, 43, 3]"
1,67,106,944,0.001023382465481213,0.001023382465481213,3,"[90, 112, 113]","[6240, 29, 1]"
2,67,107,943,0.0010230447180643947,0.0010230447180643947,2,"[90, 112]","[6272, 4]"
3,67,107,944,0.0010226091651339146,0.0010226091651339146,3,"[90, 91, 112]","[6332, 6, 3]"
4,67,107,944,0.0010231891651339112,5.799999999965555e-07,4,"[90, 91, 112, 113]","[6165, 4, 8, 1]"
5,67,107,944,0.001023899165133907,7.099999999957834e-07,3,"[90, 91, 112]","[6284, 3, 11]"
6,67,108,944,0.0010232067994479096,0.0010232067994479096,3,"[90, 91, 112]","[6227, 68, 1]"
7,67,127,973,0.0009858362347438911,0.0009858362347438911,4,"[88, 118, 123, 124]","[6226, 31, 5, 1]"
8,67,127,974,0.0009853760739076543,0.0009853760739076543,4,"[88, 118, 119, 123]","[6146, 99, 4, 7]"
9,67,128,973,0.0009836252197472544,0.0009836252197472544,3,"[88, 118, 119]","[6248, 19, 1]"
10,67,128,973,0.0009848052197472474,1.1799999999929922e-06,4,"[88, 118, 123, 124]","[6229, 1, 9, 1]"
11,67,128,973,0.0009865852197472368,1.779999999989429e-06,3,"[88, 123, 124]","[6232, 13, 3]"
12,67,128,974,0.0009835521344206434,0.0009835521344206434,4,"[88, 118, 119, 124]","[6200, 56, 4, 1]"
13,67,128,974,0.0009849121344206353,1.3599999999919232e-06,4,"[88, 118, 123, 124]","[6243, 7, 9, 3]"
14,67,128,974,0.0009860421344206286,1.1299999999932892e-06,2,"[88, 123]","[6225, 13]"
15,67,128,974,0.0009869321344206233,8.899999999947145e-07,2,"[88, 123]","[6300, 3]"
16,67,128,974,0.0009878721344206177,9.399999999944175e-07,1,[88],[6194]
17,67,147,1008,0.0009964763119932364,0.0009964763119932364,1,[86],[6270]
18,67,147,1008,0.0009972463119932318,7.699999999954271e-07,1,[86],[6251]
19,67,147,1009,0.0009962993800191815,0.0009962993800191815,1,[86],[6337]
20,67,147,1009,0.0009969893800191774,6.899999999959022e-07,1,[86],[6195]
21,67,148,1008,0.0009970812038361716,0.0009970812038361716,1,[86],[6276]
22,67,185,1131,0.0009929676424347447,0.0009929676424347447,6,"[41, 45, 48, 74, 80, 151]","[6049, 18, 159, 3, 1, 56]"
23,67,185,1131,0.000994107642434738,1.1399999999932298e-06,6,"[41, 45, 48, 74, 75, 80]","[6075, 7, 130, 24, 2, 2]"
24,67,185,1132,0.0009924491089319555,0.0009924491089319555,6,"[41, 45, 48, 74, 80, 151]","[4481, 830, 988, 1, 11, 27]"
25,67,185,1132,0.000993049108931952,5.999999999964367e-07,5,"[41, 45, 48, 74, 80]","[4306, 628, 1306, 5, 10]"
26,67,185,1132,0.0009940191089319462,9.699999999942394e-07,7,"[41, 45, 48, 74, 75, 80, 81]","[4135, 519, 1466, 30, 6, 20, 3]"
27,67,185,1133,0.0009930920336027123,0.0009930920336027123,5,"[41, 45, 48, 80, 151]","[3521, 2192, 565, 6, 1]"
28,67,186,1131,0.0009927715596475069,0.0009927715596475069,5,"[41, 45, 48, 74, 80]","[6085, 81, 132, 1, 1]"
29,67,186,1131,0.000993411559647503,6.399999999961992e-07,5,"[41, 45, 48, 74, 80]","[6068, 42, 91, 1, 1]"
30,67,186,1132,0.0009921386918679432,0.0009921386918679432,5,"[41, 45, 48, 80, 81]","[2889, 2957, 484, 4, 1]"
31,67,186,1132,0.0009925786918679406,4.399999999973869e-07,4,"[41, 45, 48, 80]","[3109, 2563, 645, 10]"
32,67,186,1132,0.0009929486918679384,3.6999999999780264e-07,4,"[41, 45, 48, 80]","[3082, 2246, 752, 16]"
33,67,186,1132,0.0009933986918679357,4.4999999999732754e-07,6,"[41, 45, 48, 74, 80, 81]","[3397, 2018, 918, 1, 15, 4]"
34,67,186,1133,0.000992188644735974,0.000992188644735974,4,"[41, 45, 48, 80]","[2258, 3964, 125, 1]"
35,67,186,1133,0.0009926286447359714,4.399999999973869e-07,4,"[41, 45, 48, 80]","[2742, 3366, 174, 1]"
36,67,186,1133,0.0009929986447359692,3.6999999999780264e-07,4,"[41, 45, 48, 80]","[3180, 2839, 178, 6]"
37,67,186,1133,0.0009934186447359667,4.199999999975057e-07,4,"[41, 45, 48, 80]","[3737, 2363, 206, 3]"
38,67,186,1133,0.0009940786447359628,6.599999999960804e-07,4,"[41, 45, 48, 80]","[4420, 1504, 206, 10]"
39,67,186,1134,0.0009936880413387444,0.0009936880413387444,2,"[41, 45]","[5874, 394]"
40,67,186,1134,0.0009945280413387395,8.399999999950114e-07,2,"[41, 45]","[6250, 30]"
41,67,186,1134,0.0009965680413387273,2.039999999987885e-06,3,"[41, 146, 147]","[6200, 3, 2]"
42,67,186,1135,0.0009968480842898072,0.0009968480842898072,3,"[41, 146, 147]","[6243, 10, 2]"
43,67,187,1134,0.0009947444820658112,0.0009947444820658112,3,"[41, 45, 48]","[6225, 45, 1]"
44,67,187,1135,0.0009953419856182763,0.0009953419856182763,4,"[40, 41, 146, 147]","[1, 6237, 12, 2]"
45,67,187,1135,0.0009961419856182715,7.99999999995249e-07,4,"[40, 41, 146, 147]","[4, 6235, 14, 1]"
46,67,187,1135,0.0009972219856182651,1.079999999993586e-06,4,"[40, 41, 146, 147]","[34, 6240, 4, 1]"
47,67,187,1136,0.0009970807683061722,0.0009970807683061722,3,"[40, 41, 146]","[1272, 5012, 2]"
48,67,187,1136,0.000998470768306164,1.389999999991745e-06,2,"[40, 41]","[1665, 4576]"
49,67,188,1136,0.000996622785538503,0.000996622785538503,2,"[40, 41]","[4950, 1369]"
50,67,188,1136,0.0009971127855385,4.8999999999709e-07,2,"[40, 41]","[4824, 1476]"
51,67,188,1136,0.0009975227855384976,4.099999999975651e-07,2,"[40, 41]","[4280, 1947]"
52,67,188,1136,0.0009979227855384952,3.999999999976245e-07,2,"[40, 41]","[3792, 2390]"
53,67,188,1136,0.0009984027855384923,4.799999999971494e-07,2,"[40, 41]","[3302, 3031]"
54,67,188,1136,0.0009990927855384882,6.899999999959022e-07,2,"[40, 41]","[2712, 3450]"
55,67,188,1137,0.0009971486105289872,0.0009971486105289872,2,"[40, 41]","[6100, 213]"
56,67,188,1137,0.000998018610528982,8.699999999948332e-07,2,"[40, 41]","[5237, 963]"
57,67,188,1137,0.0009990786105289757,1.0599999999937049e-06,2,"[40, 41]","[3855, 2410]"
58,67,189,1136,0.000997760159031748,0.000997760159031748,2,"[40, 41]","[6086, 213]"
59,67,189,1137,0.0009997167225485886,0.0009997167225485886,2,"[40, 41]","[5422, 828]"
60,67,191,1192,0.0010820093719265617,0.0010820093719265617,1,[162],[6271]
61,67,191,1192,0.0010827493719265573,7.399999999956053e-07,1,[162],[6258]
62,67,191,1192,0.0010842793719265482,1.5299999999909136e-06,2,"[162, 174]","[6222, 2]"
63,67,191,1193,0.001082345926736689,0.001082345926736689,1,[162],[6326]
64,67,191,1193,0.0010834259267366827,1.079999999993586e-06,1,[162],[6178]
65,67,192,1192,0.001081550437633326,0.001081550437633326,1,[162],[6325]
66,67,192,1192,0.0010821604376333224,6.099999999963773e-07,1,[162],[6209]
67,67,192,1192,0.0010830004376333174,8.399999999950114e-07,1,[162],[6232]
68,67,192,1193,0.0010821685674673159,0.0010821685674673159,1,[162],[6266]
69,67,192,1193,0.0010839285674673054,1.7599999999895477e-06,1,[162],[6242]
70,67,193,1192,0.001082804144401371,0.001082804144401371,1,[162],[6285]
71,67,193,1193,0.0010827234519874946,0.0010827234519874946,1,[162],[6301]
72,67,193,1193,0.0010836434519874891,9.199999999945363e-07,1,[162],[6253]
73,67,209,1182,0.001031734200407705,0.001031734200407705,1,[206],[6251]
74,67,210,1181,0.0010301095233701183,0.0010301095233701183,1,[206],[6255]
75,67,210,1182,0.0010282818172557668,0.0010282818172557668,1,[206],[6310]
76,67,210,1182,0.0010289418172557629,6.599999999960804e-07,1,[206],[6236]
77,67,210,1182,0.0010296418172557587,6.999999999958428e-07,1,[206],[6275]
78,67,210,1182,0.0010305018172557536,8.599999999948926e-07,1,[206],[6208]
79,67,210,1182,0.0010315018172557477,9.999999999940612e-07,1,[206],[6256]
80,67,210,1182,0.001032471817255742,9.699999999942394e-07,1,[206],[6240]
81,67,210,1182,0.0010341118172557322,1.6399999999902604e-06,1,[206],[6228]
82,67,210,1183,0.0010323659358104427,0.0010323659358104427,1,[206],[6254]
83,67,238,1210,0.0011315443634896602,0.0011315443634896602,1,[187],[6275]
84,67,238,1211,0.0011316326102856107,0.0011316326102856107,1,[187],[6274]
85,67,239,1210,0.0011312492459929024,0.0011312492459929024,1,[187],[6313]
86,67,239,1210,0.0011322492459928965,9.999999999940612e-07,1,[187],[6225]
87,67,239,1210,0.0011336192459928884,1.3699999999918638e-06,1,[187],[6248]
88,67,239,1211,0.0011314746149155431,0.0011314746149155431,1,[187],[6270]
89,67,239,1211,0.0011325646149155366,1.0899999999935267e-06,1,[187],[6248]
90,67,239,1211,0.0011342146149155268,1.649999999990201e-06,1,[187],[6246]
91,67,240,1210,0.0011360888091632845,0.0011360888091632845,1,[187],[6253]
92,67,240,1211,0.0011353613757092388,0.0011353613757092388,1,[187],[6252]
93,67,242,1214,0.0011429390821955784,0.0011429390821955784,1,[32],[6305]
94,67,242,1214,0.0011439890821955722,1.0499999999937643e-06,1,[32],[6248]
95,67,242,1215,0.0011447472330017128,0.0011447472330017128,1,[32],[6272]
96,67,242,1215,0.0011464472330017027,1.699999999989904e-06,2,"[32, 181]","[6234, 1]"
97,67,243,1215,0.0011456151283850352,0.0011456151283850352,2,"[32, 181]","[6273, 1]"
98,67,243,1215,0.0011468151283850281,1.1999999999928734e-06,3,"[32, 181, 182]","[6232, 2, 1]"
99,67,243,1216,0.0011473921539475198,0.0011473921539475198,3,"[32, 181, 182]","[6239, 20, 1]"
100,67,243,1216,0.0011484721539475134,1.079999999993586e-06,3,"[32, 181, 182]","[6223, 23, 3]"
101,67,243,1216,0.0011499521539475046,1.4799999999912106e-06,2,"[32, 181]","[6264, 8]"
102,67,243,1217,0.001150757747673782,0.001150757747673782,2,"[32, 181]","[6253, 2]"
103,67,244,1216,0.0011497393716717937,0.0011497393716717937,3,"[32, 181, 182]","[6245, 13, 2]"
104,67,244,1217,0.001150512826479548,0.001150512826479548,2,"[32, 181]","[6293, 1]"
105,67,244,1217,0.0011516128264795415,1.0999999999934673e-06,1,[32],[6246]
106,67,244,1217,0.001152862826479534,1.2499999999925765e-06,1,[32],[6249]
107,67,244,1218,0.0011531818243181728,0.0011531818243181728,1,[32],[6272]
108,67,244,1218,0.0011550818243181615,1.8999999999887163e-06,1,[32],[6242]
109,67,245,1217,0.0011550888943750817,0.0011550888943750817,1,[32],[6250]
110,67,245,1218,0.001154434352852233,0.001154434352852233,1,[32],[6293]
111,67,245,1218,0.0011555743528522263,1.1399999999932298e-06,2,"[32, 35]","[6231, 6]"
112,67,245,1218,0.0011566043528522202,1.029999999993883e-06,2,"[32, 35]","[6060, 169]"
113,67,245,1218,0.0011576843528522138,1.079999999993586e-06,2,"[32, 35]","[5117, 1124]"
114,67,245,1219,0.0011572842100512084,0.0011572842100512084,2,"[32, 35]","[5349, 935]"
115,67,245,1219,0.0011585842100512007,1.2999999999922796e-06,2,"[32, 35]","[4430, 1812]"
116,67,246,1218,0.0011582540393448749,0.0011582540393448749,2,"[32, 35]","[4736, 1536]"
117,67,246,1219,0.0011582969815363906,0.0011582969815363906,2,"[32, 35]","[4404, 1870]"
118,67,246,1219,0.0011593669815363843,1.0699999999936455e-06,2,"[32, 35]","[5741, 525]"
119,67,246,1219,0.0011603069815363787,9.399999999944175e-07,2,"[32, 35]","[6199, 38]"
120,67,246,1219,0.0011615069815363716,1.1999999999928734e-06,2,"[32, 35]","[6244, 4]"
121,67,246,1220,0.0011614047924841163,0.0011614047924841163,2,"[32, 35]","[6175, 80]"
122,67,247,1219,0.001162234703486888,0.001162234703486888,2,"[32, 35]","[6233, 44]"
123,67,247,1220,0.001161884288936342,0.001161884288936342,2,"[32, 35]","[6302, 1]"
124,67,247,1220,0.0011627842889363367,8.999999999946551e-07,1,[32],[6213]
125,67,247,1220,0.001163744288936331,9.599999999942987e-07,1,[32],[6267]
126,67,247,1221,0.001164517325543866,0.001164517325543866,1,[32],[6280]
127,67,248,1220,0.001164626356875344,0.001164626356875344,1,[32],[6273]
128,67,248,1221,0.0011647424335793333,0.0011647424335793333,1,[32],[6291]
129,67,248,1221,0.001165642433579328,8.999999999946551e-07,1,[32],[6225]
130,67,248,1221,0.0011665824335793224,9.399999999944175e-07,1,[32],[6257]
131,67,248,1222,0.001167818872685396,0.001167818872685396,1,[32],[6267]
132,67,249,1221,0.0011671315552364786,0.0011671315552364786,3,"[3, 28, 32]","[3, 1, 6266]"
133,67,249,1222,0.0011675398119638499,0.0011675398119638499,2,"[3, 32]","[12, 6276]"
134,67,249,1222,0.0011684798119638443,9.399999999944175e-07,2,"[3, 32]","[2, 6260]"
135,67,249,1222,0.0011694898119638383,1.0099999999940018e-06,2,"[3, 32]","[2, 6208]"
136,67,249,1223,0.0011712851540487503,0.0011712851540487503,2,"[3, 32]","[310, 5949]"
137,67,250,1222,0.0011650969393693852,0.0011650969393693852,4,"[3, 28, 29, 32]","[5967, 27, 256, 1]"
138,67,250,1222,0.0011694769393693592,4.379999999973988e-06,2,"[3, 32]","[1390, 4882]"
139,67,250,1222,0.0011712269393693488,1.749999999989607e-06,2,"[3, 32]","[824, 5417]"
140,67,250,1223,0.00116325881460345,0.00116325881460345,2,"[3, 29]","[6248, 11]"
141,67,250,1223,0.001166098814603433,2.839999999983134e-06,1,[3],[6248]
142,67,250,1223,0.001167948814603422,1.8499999999890132e-06,2,"[3, 32]","[6135, 138]"
143,67,250,1223,0.0011690888146034153,1.1399999999932298e-06,2,"[3, 32]","[5275, 955]"
144,67,250,1223,0.001169808814603411,7.199999999957241e-07,2,"[3, 32]","[4250, 2027]"
145,67,250,1223,0.0011703588146034078,5.499999999967337e-07,2,"[3, 32]","[3846, 2448]"
146,67,250,1223,0.001170818814603405,4.5999999999726815e-07,2,"[3, 32]","[3608, 2673]"
147,67,250,1223,0.0011712388146034025,4.199999999975057e-07,2,"[3, 32]","[3619, 2614]"
148,67,250,1223,0.0011716888146033999,4.4999999999732754e-07,2,"[3, 32]","[3599, 2581]"
149,67,250,1223,0.0011722888146033963,5.999999999964367e-07,2,"[3, 32]","[3704, 2542]"
150,67,250,1224,0.0011690839663195587,0.0011690839663195587,2,"[3, 32]","[6243, 19]"
151,67,250,1224,0.0011710039663195473,1.9199999999885975e-06,2,"[3, 32]","[5616, 649]"
152,67,250,1224,0.0011723639663195392,1.3599999999919232e-06,2,"[3, 32]","[4902, 1329]"
153,67,251,1217,0.0011370479868111308,0.0011370479868111308,3,"[3, 26, 27]","[5888, 8, 355]"
154,67,251,1218,0.0011373394045308075,0.0011373394045308075,2,"[3, 27]","[6255, 7]"
155,67,251,1218,0.001140469404530789,3.1299999999814115e-06,1,[3],[6249]
156,67,251,1219,0.0011397122281681551,0.0011397122281681551,1,[3],[6270]
157,67,251,1219,0.001141092228168147,1.3799999999918044e-06,1,[3],[6246]
158,67,251,1219,0.001142432228168139,1.339999999992042e-06,1,[3],[6253]
159,67,251,1219,0.0011443422281681276,1.909999999988657e-06,1,[3],[6237]
160,67,251,1220,0.001142775206749994,0.001142775206749994,1,[3],[6288]
161,67,251,1220,0.0011439952067499868,1.2199999999927547e-06,1,[3],[6247]
162,67,251,1220,0.0011450152067499807,1.0199999999939424e-06,1,[3],[6259]
163,67,251,1220,0.0011460152067499748,9.999999999940612e-07,1,[3],[6247]
164,67,251,1220,0.0011471152067499683,1.0999999999934673e-06,1,[3],[6259]
165,67,251,1220,0.0011484652067499602,1.3499999999919826e-06,2,"[3, 28]","[6221, 10]"
166,67,251,1220,0.0011507552067499466,2.2899999999864e-06,2,"[3, 28]","[5754, 469]"
167,67,251,1221,0.0011473225672755628,0.0011473225672755628,1,[3],[6273]
168,67,251,1221,0.0011485725672755554,1.2499999999925765e-06,2,"[3, 28]","[6175, 89]"
169,67,251,1221,0.0011494125672755504,8.399999999950114e-07,2,"[3, 28]","[5549, 705]"
170,67,251,1221,0.0011500825672755464,6.69999999996021e-07,2,"[3, 28]","[5098, 1141]"
171,67,251,1221,0.0011507025672755427,6.199999999963179e-07,2,"[3, 28]","[5238, 1100]"
172,67,251,1221,0.001151342567275539,6.399999999961992e-07,2,"[3, 28]","[5527, 629]"
173,67,251,1221,0.0011521025672755344,7.599999999954865e-07,3,"[3, 28, 29]","[6078, 166, 4]"
174,67,251,1221,0.001153002567275529,8.999999999946551e-07,3,"[3, 28, 29]","[6138, 11, 101]"
175,67,251,1221,0.0011541425672755223,1.1399999999932298e-06,2,"[3, 29]","[5455, 785]"
176,67,251,1221,0.0011565025672755083,2.3599999999859844e-06,2,"[3, 29]","[5161, 1081]"
177,67,251,1222,0.0011518365462233617,0.0011518365462233617,3,"[3, 28, 29]","[5630, 639, 4]"
178,67,251,1222,0.0011530165462233547,1.1799999999929922e-06,3,"[3, 28, 29]","[6008, 6, 221]"
179,67,251,1222,0.00115379654622335,7.799999999953677e-07,3,"[3, 28, 29]","[5402, 1, 925]"
180,67,251,1222,0.0011544165462233464,6.199999999963179e-07,2,"[3, 29]","[5019, 1219]"
181,67,251,1222,0.0011550165462233428,5.999999999964367e-07,2,"[3, 29]","[5228, 966]"
182,67,251,1222,0.001155666546223339,6.499999999961398e-07,2,"[3, 29]","[5802, 451]"
183,67,251,1222,0.0011563665462233348,6.999999999958428e-07,2,"[3, 29]","[6201, 89]"
184,67,251,1222,0.0011570965462233305,7.299999999956647e-07,2,"[3, 29]","[6253, 6]"
185,67,251,1222,0.001157846546223326,7.499999999955459e-07,1,[3],[6213]
186,67,251,1222,0.0011587165462233209,8.699999999948332e-07,1,[3],[6247]
187,67,251,1222,0.0011599865462233133,1.2699999999924577e-06,1,[3],[6250]
188,67,251,1222,0.0011623665462232992,2.3799999999858656e-06,1,[3],[6231]
189,67,251,1222,0.001167116546223271,4.749999999971791e-06,1,[3],[6242]
190,67,251,1223,0.001157095905299765,0.001157095905299765,3,"[3, 28, 29]","[6083, 2, 181]"
191,67,251,1223,0.001158275905299758,1.1799999999929922e-06,1,[3],[6278]
192,67,251,1223,0.0011591359052997529,8.599999999948926e-07,1,[3],[6283]
193,67,251,1223,0.0011598759052997485,7.399999999956053e-07,1,[3],[6184]
194,67,251,1223,0.0011605759052997443,6.999999999958428e-07,1,[3],[6298]
195,67,251,1223,0.0011611959052997406,6.199999999963179e-07,1,[3],[6198]
196,67,251,1223,0.001161795905299737,5.999999999964367e-07,1,[3],[6346]
197,67,251,1223,0.0011623559052997337,5.599999999966743e-07,1,[3],[6235]
198,67,251,1223,0.0011629259052997303,5.699999999966149e-07,1,[3],[6207]
199,67,251,1223,0.001163495905299727,5.699999999966149e-07,1,[3],[6264]
200,67,251,1223,0.0011640559052997236,5.599999999966743e-07,1,[3],[6219]
201,67,251,1223,0.0011646059052997204,5.499999999967337e-07,1,[3],[6265]
202,67,251,1223,0.0011651459052997172,5.39999999996793e-07,1,[3],[6261]
203,67,251,1223,0.001165675905299714,5.299999999968524e-07,1,[3],[6206]
204,67,251,1223,0.0011662059052997109,5.299999999968524e-07,1,[3],[6254]
205,67,251,1223,0.0011667259052997078,5.199999999969118e-07,1,[3],[6248]
206,67,251,1223,0.0011672459052997047,5.199999999969118e-07,1,[3],[6290]
207,67,251,1223,0.0011677559052997017,5.099999999969712e-07,1,[3],[6261]
208,67,251,1223,0.0011682759052996986,5.199999999969118e-07,2,"[3, 32]","[6198, 3]"
209,67,251,1223,0.0011687859052996955,5.099999999969712e-07,2,"[3, 32]","[6330, 12]"
210,67,251,1223,0.0011692959052996925,5.099999999969712e-07,2,"[3, 32]","[6207, 51]"
211,67,251,1223,0.0011697959052996895,4.999999999970306e-07,2,"[3, 32]","[6029, 115]"
212,67,251,1223,0.0011702959052996866,4.999999999970306e-07,2,"[3, 32]","[6001, 262]"
213,67,251,1223,0.0011707859052996837,4.8999999999709e-07,2,"[3, 32]","[5759, 473]"
214,67,251,1223,0.0011712959052996806,5.099999999969712e-07,2,"[3, 32]","[5466, 828]"
215,67,251,1223,0.0011718659052996773,5.699999999966149e-07,2,"[3, 32]","[5185, 1065]"
216,67,251,1223,0.0011729859052996706,1.1199999999933485e-06,2,"[3, 32]","[4879, 1329]"
217,67,251,1224,0.0011634419623250557,0.0011634419623250557,1,[3],[6258]
218,67,251,1224,0.0011656119623250428,2.169999999987113e-06,1,[3],[6253]
219,67,251,1224,0.0011674019623250321,1.7899999999893695e-06,1,[3],[6244]
220,67,251,1224,0.0011689819623250228,1.5799999999906167e-06,2,"[3, 32]","[6267, 1]"
221,67,251,1224,0.0011703719623250145,1.389999999991745e-06,2,"[3, 32]","[6224, 47]"
222,67,251,1224,0.0011715519623250075,1.1799999999929922e-06,2,"[3, 32]","[5882, 382]"
223,67,252,1214,0.0011224901983389744,0.0011224901983389744,2,"[3, 25]","[6260, 6]"
224,67,252,1215,0.0011243022556914782,0.0011243022556914782,2,"[3, 25]","[5407, 872]"
225,67,252,1215,0.0011256322556914703,1.3299999999921014e-06,2,"[3, 25]","[5411, 811]"
226,67,252,1215,0.0011270522556914618,1.419999999991567e-06,3,"[3, 25, 26]","[6180, 88, 7]"
227,67,252,1215,0.0011292422556914488,2.189999999986994e-06,2,"[3, 26]","[5796, 435]"
228,67,252,1216,0.001127371819597288,0.001127371819597288,3,"[3, 25, 26]","[6055, 128, 70]"
229,67,252,1216,0.0011284418195972817,1.0699999999936455e-06,2,"[3, 26]","[5519, 734]"
230,67,252,1216,0.001129231819597277,7.899999999953083e-07,3,"[3, 26, 27]","[5010, 1230, 5]"
231,67,252,1216,0.0011300218195972724,7.899999999953083e-07,3,"[3, 26, 27]","[5254, 961, 98]"
232,67,252,1216,0.0011308918195972672,8.699999999948332e-07,3,"[3, 26, 27]","[5339, 242, 627]"
233,67,252,1216,0.0011319018195972612,1.0099999999940018e-06,3,"[3, 26, 27]","[4880, 13, 1335]"
234,67,252,1217,0.0011306750984688575,0.0011306750984688575,3,"[3, 26, 27]","[5120, 363, 770]"
235,67,252,1217,0.0011315250984688524,8.49999999994952e-07,3,"[3, 26, 27]","[4513, 5, 1793]"
236,67,252,1217,0.0011322150984688483,6.899999999959022e-07,2,"[3, 27]","[4957, 1309]"
237,67,252,1217,0.0011328950984688443,6.799999999959616e-07,2,"[3, 27]","[5722, 503]"
238,67,252,1217,0.00113360509846884,7.099999999957834e-07,2,"[3, 27]","[6186, 66]"
239,67,252,1217,0.0011344150984688352,8.099999999951896e-07,2,"[3, 27]","[6226, 9]"
240,67,252,1217,0.0011355050984688288,1.0899999999935267e-06,1,[3],[6238]
241,67,252,1218,0.0011344212263876708,0.0011344212263876708,2,"[3, 27]","[6105, 154]"
242,67,252,1218,0.0011354712263876646,1.0499999999937643e-06,1,[3],[6281]
243,67,252,1218,0.0011362812263876598,8.099999999951896e-07,1,[3],[6277]
244,67,252,1218,0.0011370212263876554,7.399999999956053e-07,1,[3],[6222]
245,67,252,1218,0.0011378312263876506,8.099999999951896e-07,1,[3],[6260]
246,67,252,1218,0.0011388512263876445,1.0199999999939424e-06,1,[3],[6213]
247,67,252,1218,0.0011413912263876294,2.5399999999849154e-06,1,[3],[6241]
248,67,252,1219,0.001138309637083633,0.001138309637083633,1,[3],[6250]
249,67,252,1219,0.001139479637083626,1.1699999999930516e-06,1,[3],[6315]
250,67,252,1219,0.0011404196370836204,9.399999999944175e-07,1,[3],[6259]
251,67,252,1219,0.0011413796370836147,9.599999999942987e-07,1,[3],[6224]
252,67,252,1219,0.0011426196370836073,1.2399999999926359e-06,1,[3],[6233]
253,67,252,1219,0.0011452696370835916,2.649999999984262e-06,1,[3],[6221]
254,67,252,1220,0.0011426635112884332,0.0011426635112884332,1,[3],[6277]
255,67,252,1220,0.0011440835112884247,1.419999999991567e-06,1,[3],[6236]
256,67,252,1220,0.0011454135112884168,1.3299999999921014e-06,1,[3],[6241]
257,67,252,1220,0.001146913511288408,1.4999999999910918e-06,1,[3],[6249]
258,67,252,1220,0.0011494535112883929,2.5399999999849154e-06,2,"[3, 28]","[6208, 52]"
259,67,252,1221,0.001148107230664996,0.001148107230664996,2,"[3, 28]","[6265, 13]"
260,67,252,1221,0.0011497672306649861,1.6599999999901416e-06,2,"[3, 28]","[5535, 724]"
261,67,252,1221,0.0011511072306649782,1.339999999992042e-06,2,"[3, 28]","[5039, 1178]"
262,67,252,1221,0.0011530572306649666,1.9499999999884193e-06,3,"[3, 28, 29]","[6032, 176, 46]"
263,67,252,1222,0.0011533612383250046,0.0011533612383250046,3,"[3, 28, 29]","[5749, 330, 195]"
264,67,252,1222,0.0011550212383249947,1.6599999999901416e-06,2,"[3, 29]","[5153, 1078]"
265,67,252,1222,0.0011568512383249839,1.829999999989132e-06,2,"[3, 29]","[6049, 212]"
266,67,252,1222,0.0011593712383249689,2.519999999985034e-06,1,[3],[6243]
267,67,252,1223,0.0011589849776331975,0.0011589849776331975,2,"[3, 29]","[6190, 69]"
268,67,252,1223,0.0011613649776331834,2.3799999999858656e-06,1,[3],[6265]
269,67,252,1223,0.0011642049776331665,2.839999999983134e-06,1,[3],[6237]
270,67,252,1223,0.0011688149776331392,4.609999999972622e-06,1,[3],[6240]
271,67,253,1211,0.001111065743700244,0.001111065743700244,2,"[3, 24]","[6019, 244]"
272,67,253,1211,0.0011126557437002346,1.5899999999905573e-06,2,"[3, 24]","[4957, 1292]"
273,67,253,1212,0.0011130070317522762,0.0011130070317522762,2,"[3, 24]","[5228, 1026]"
274,67,253,1212,0.001114217031752269,1.209999999992814e-06,2,"[3, 24]","[6205, 88]"
275,67,253,1212,0.0011152570317522629,1.0399999999938236e-06,2,"[3, 24]","[6220, 1]"
276,67,253,1212,0.0011165070317522554,1.2499999999925765e-06,1,[3],[6260]
277,67,253,1213,0.0011161058221361643,0.0011161058221361643,2,"[3, 24]","[6242, 14]"
278,67,253,1213,0.0011171258221361583,1.0199999999939424e-06,1,[3],[6288]
279,67,253,1213,0.0011179758221361532,8.49999999994952e-07,1,[3],[6272]
280,67,253,1213,0.0011187958221361483,8.199999999951302e-07,1,[3],[6256]
281,67,253,1213,0.0011197658221361426,9.699999999942394e-07,1,[3],[6214]
282,67,253,1213,0.0011219058221361299,2.139999999987291e-06,1,[3],[6226]
283,67,253,1214,0.0011193697645496806,0.0011193697645496806,1,[3],[6261]
284,67,253,1214,0.0011204097645496744,1.0399999999938236e-06,1,[3],[6287]
285,67,253,1214,0.0011212397645496695,8.299999999950708e-07,1,[3],[6265]
286,67,253,1214,0.0011220197645496648,7.799999999953677e-07,2,"[3, 25]","[6243, 1]"
287,67,253,1214,0.0011229397645496594,9.199999999945363e-07,2,"[3, 25]","[6196, 62]"
288,67,253,1214,0.0011241297645496523,1.1899999999929328e-06,2,"[3, 25]","[5548, 656]"
289,67,253,1215,0.001123017073957392,0.001123017073957392,2,"[3, 25]","[6093, 176]"
290,67,253,1215,0.0011239470739573866,9.299999999944769e-07,2,"[3, 25]","[5148, 1126]"
291,67,253,1215,0.0011246570739573824,7.099999999957834e-07,2,"[3, 25]","[4713, 1591]"
292,67,253,1215,0.0011254270739573778,7.699999999954271e-07,2,"[3, 25]","[5139, 1023]"
293,67,253,1215,0.0011264470739573717,1.0199999999939424e-06,2,"[3, 25]","[5982, 272]"
294,67,253,1215,0.0011282770739573609,1.829999999989132e-06,3,"[3, 25, 26]","[6161, 9, 70]"
295,67,253,1216,0.0011272470131836415,0.0011272470131836415,3,"[3, 25, 26]","[5979, 263, 21]"
296,67,253,1216,0.0011287170131836328,1.46999999999127e-06,2,"[3, 26]","[5499, 743]"
297,67,253,1216,0.001130197013183624,1.4799999999912106e-06,3,"[3, 26, 27]","[5021, 1171, 55]"
298,67,253,1217,0.0011320099023020478,0.0011320099023020478,3,"[3, 26, 27]","[4856, 248, 1174]"
299,67,254,1208,0.0011013888537908226,0.0011013888537908226,1,[3],[6269]
300,67,254,1208,0.0011047288537908027,3.3399999999801644e-06,2,"[3, 23]","[5848, 388]"
301,67,254,1209,0.0011028279781191547,0.0011028279781191547,4,"[3, 23, 235, 236]","[6027, 258, 2, 1]"
302,67,254,1209,0.001103777978119149,9.499999999943581e-07,3,"[3, 23, 235]","[4974, 1302, 4]"
303,67,254,1209,0.0011045579781191444,7.799999999953677e-07,4,"[3, 23, 235, 236]","[4823, 1392, 1, 1]"
304,67,254,1209,0.001105457978119139,8.999999999946551e-07,2,"[3, 23]","[5474, 758]"
305,67,254,1209,0.001107137978119129,1.6799999999900228e-06,2,"[3, 23]","[6161, 79]"
306,67,254,1210,0.0011053814449272917,0.0011053814449272917,3,"[3, 23, 236]","[5602, 701, 3]"
307,67,254,1210,0.0011063914449272857,1.0099999999940018e-06,2,"[3, 23]","[6173, 22]"
308,67,254,1210,0.001107181444927281,7.899999999953083e-07,1,[3],[6288]
309,67,254,1210,0.0011079414449272765,7.599999999954865e-07,1,[3],[6219]
310,67,254,1210,0.0011088114449272714,8.699999999948332e-07,1,[3],[6286]
311,67,254,1210,0.0011101714449272633,1.3599999999919232e-06,2,"[3, 24]","[6218, 2]"
312,67,254,1211,0.0011088105247932147,0.0011088105247932147,2,"[3, 24]","[6263, 1]"
313,67,254,1211,0.0011098505247932086,1.0399999999938236e-06,2,"[3, 24]","[6259, 9]"
314,67,254,1211,0.0011107105247932035,8.599999999948926e-07,2,"[3, 24]","[6086, 180]"
315,67,254,1211,0.0011115405247931985,8.299999999950708e-07,2,"[3, 24]","[5446, 818]"
316,67,254,1211,0.0011124305247931932,8.899999999947145e-07,2,"[3, 24]","[4742, 1487]"
317,67,254,1211,0.0011149305247931784,2.499999999985153e-06,2,"[3, 24]","[5360, 850]"
318,67,254,1212,0.0011123072410970714,0.0011123072410970714,2,"[3, 24]","[4813, 1481]"
319,67,254,1212,0.0011135872410970638,1.2799999999923983e-06,2,"[3, 24]","[5583, 639]"
320,67,254,1212,0.0011149372410970558,1.3499999999919826e-06,2,"[3, 24]","[6236, 25]"
321,67,254,1212,0.0011185872410970341,3.6499999999783234e-06,1,[3],[6224]
322,67,254,1213,0.0011173263981298395,0.0011173263981298395,2,"[3, 24]","[6239, 23]"
323,67,255,1206,0.0010938332921417845,0.0010938332921417845,3,"[3, 21, 22]","[5645, 22, 584]"
324,67,255,1206,0.001095783292141773,1.9499999999884193e-06,2,"[3, 22]","[6263, 7]"
325,67,255,1207,0.0010957339671101272,0.0010957339671101272,2,"[3, 22]","[6252, 15]"
326,67,255,1207,0.0010968239671101207,1.0899999999935267e-06,1,[3],[6255]
327,67,255,1207,0.001097773967110115,9.499999999943581e-07,1,[3],[6289]
328,67,255,1207,0.0010989039671101084,1.1299999999932892e-06,1,[3],[6214]
329,67,255,1208,0.001098566191485369,0.001098566191485369,1,[3],[6288]
330,67,255,1208,0.0010996861914853624,1.1199999999933485e-06,1,[3],[6218]
331,67,255,1208,0.0011006461914853567,9.599999999942987e-07,1,[3],[6274]
332,67,255,1208,0.0011017461914853502,1.0999999999934673e-06,1,[3],[6227]
333,67,255,1209,0.0011023196023618766,0.0011023196023618766,2,"[3, 23]","[6228, 26]"
334,67,255,1209,0.0011037096023618683,1.389999999991745e-06,4,"[3, 23, 235, 236]","[5585, 691, 2, 3]"
335,67,255,1209,0.001105269602361859,1.5599999999907355e-06,3,"[3, 23, 235]","[5076, 1148, 2]"
336,67,255,1210,0.001107174559880475,0.001107174559880475,2,"[3, 23]","[5867, 395]"
337,67,256,1204,0.0010853844462844371,0.0010853844462844371,2,"[3, 20]","[5204, 1052]"
338,67,256,1204,0.0010872244462844262,1.8399999999890726e-06,3,"[3, 20, 21]","[6048, 140, 58]"
339,67,256,1204,0.0010891944462844145,1.9699999999883006e-06,2,"[3, 21]","[4794, 1484]"
340,67,256,1205,0.0010878556113105551,0.0010878556113105551,3,"[3, 20, 21]","[5283, 95, 915]"
341,67,256,1205,0.0010886856113105502,8.299999999950708e-07,2,"[3, 21]","[3826, 2435]"
342,67,256,1205,0.001089375611310546,6.899999999959022e-07,2,"[3, 21]","[4054, 2210]"
343,67,256,1205,0.0010901256113105416,7.499999999955459e-07,3,"[3, 21, 22]","[5181, 1034, 15]"
344,67,256,1205,0.0010910456113105362,9.199999999945363e-07,3,"[3, 21, 22]","[5810, 206, 190]"
345,67,256,1205,0.0010921056113105299,1.0599999999937049e-06,3,"[3, 21, 22]","[5037, 2, 1260]"
346,67,256,1206,0.001091212224124173,0.001091212224124173,3,"[3, 21, 22]","[5393, 525, 353]"
347,67,256,1206,0.0010921622241241674,9.499999999943581e-07,2,"[3, 22]","[4752, 1542]"
348,67,256,1206,0.0010929222241241629,7.599999999954865e-07,2,"[3, 22]","[4886, 1324]"
349,67,256,1206,0.0010938322241241575,9.099999999945957e-07,2,"[3, 22]","[5771, 499]"
350,67,256,1206,0.0010951122241241499,1.2799999999923983e-06,2,"[3, 22]","[6180, 35]"
351,67,256,1207,0.0010955344568527768,0.0010955344568527768,2,"[3, 22]","[6175, 103]"
352,67,256,1207,0.0010977544568527636,2.219999999986816e-06,1,[3],[6228]
353,67,257,1201,0.0010748958240664806,0.0010748958240664806,1,[3],[6256]
354,67,257,1202,0.0010761883153547905,0.0010761883153547905,1,[3],[6278]
355,67,257,1202,0.0010775883153547822,1.3999999999916857e-06,1,[3],[6236]
356,67,257,1202,0.0010789383153547742,1.3499999999919826e-06,1,[3],[6281]
357,67,257,1202,0.0010810583153547616,2.1199999999874097e-06,1,[3],[6216]
358,67,257,1203,0.0010792088629224905,0.0010792088629224905,1,[3],[6253]
359,67,257,1203,0.0010803388629224838,1.1299999999932892e-06,1,[3],[6258]
360,67,257,1203,0.0010812388629224785,8.999999999946551e-07,1,[3],[6259]
361,67,257,1203,0.0010821288629224732,8.899999999947145e-07,2,"[3, 20]","[6288, 1]"
362,67,257,1203,0.001083188862922467,1.0599999999937049e-06,2,"[3, 20]","[6186, 46]"
363,67,257,1203,0.0010847088629224579,1.519999999990973e-06,2,"[3, 20]","[5619, 600]"
364,67,257,1204,0.0010830766734759444,0.0010830766734759444,2,"[3, 20]","[6162, 99]"
365,67,257,1204,0.0010840866734759384,1.0099999999940018e-06,2,"[3, 20]","[5356, 919]"
366,67,257,1204,0.0010848866734759336,7.99999999995249e-07,2,"[3, 20]","[4794, 1420]"
367,67,257,1204,0.0010857566734759285,8.699999999948332e-07,2,"[3, 20]","[5340, 954]"
368,67,257,1204,0.0010869666734759213,1.209999999992814e-06,3,"[3, 20, 21]","[6063, 160, 5]"
369,67,257,1204,0.001089716673475905,2.7499999999836683e-06,3,"[3, 20, 21]","[5325, 1, 906]"
370,67,257,1205,0.001087711830772374,0.001087711830772374,3,"[3, 20, 21]","[5753, 255, 278]"
371,67,257,1205,0.0010892018307723651,1.4899999999911512e-06,2,"[3, 21]","[4285, 1967]"
372,67,258,1199,0.0010653997556426536,0.0010653997556426536,2,"[3, 19]","[5560, 702]"
373,67,258,1199,0.0010684297556426356,3.0299999999820054e-06,1,[3],[6239]
374,67,258,1200,0.0010674644559176003,0.0010674644559176003,2,"[3, 19]","[6233, 25]"
375,67,258,1200,0.0010687544559175926,1.289999999992339e-06,1,[3],[6278]
376,67,258,1200,0.001069874455917586,1.1199999999933485e-06,1,[3],[6268]
377,67,258,1200,0.0010712744559175777,1.3999999999916857e-06,1,[3],[6211]
378,67,258,1201,0.0010705906378160642,0.0010705906378160642,1,[3],[6281]
379,67,258,1201,0.0010717406378160574,1.1499999999931704e-06,1,[3],[6279]
380,67,258,1201,0.0010726306378160521,8.899999999947145e-07,1,[3],[6217]
381,67,258,1201,0.001073500637816047,8.699999999948332e-07,1,[3],[6272]
382,67,258,1201,0.001074510637816041,1.0099999999940018e-06,1,[3],[6236]
383,67,258,1201,0.00107636063781603,1.8499999999890132e-06,1,[3],[6222]
384,67,258,1202,0.0010745617275783929,0.0010745617275783929,1,[3],[6280]
385,67,258,1202,0.0010758617275783851,1.2999999999922796e-06,1,[3],[6232]
386,67,258,1202,0.0010770117275783783,1.1499999999931704e-06,1,[3],[6272]
387,67,258,1202,0.0010784517275783698,1.4399999999914481e-06,1,[3],[6258]
388,67,258,1203,0.0010799548298333615,0.0010799548298333615,1,[3],[6255]
389,67,259,1197,0.0010574447559245112,0.0010574447559245112,1,[3],[6255]
390,67,259,1197,0.0010597047559244978,2.2599999999865783e-06,1,[3],[6252]
391,67,259,1198,0.0010594055068544506,0.0010594055068544506,1,[3],[6268]
392,67,259,1198,0.0010605855068544436,1.1799999999929922e-06,2,"[3, 19]","[6291, 4]"
393,67,259,1198,0.0010616055068544375,1.0199999999939424e-06,2,"[3, 19]","[6022, 184]"
394,67,259,1198,0.0010626355068544314,1.029999999993883e-06,2,"[3, 19]","[5111, 1129]"
395,67,259,1198,0.0010642455068544218,1.6099999999904385e-06,2,"[3, 19]","[4407, 1845]"
396,67,259,1199,0.0010622461399632792,0.0010622461399632792,2,"[3, 19]","[4984, 1297]"
397,67,259,1199,0.0010630661399632744,8.199999999951302e-07,2,"[3, 19]","[3789, 2470]"
398,67,259,1199,0.00106381613996327,7.499999999955459e-07,2,"[3, 19]","[4627, 1648]"
399,67,259,1199,0.0010646861399632647,8.699999999948332e-07,2,"[3, 19]","[5785, 472]"
400,67,259,1199,0.0010657461399632584,1.0599999999937049e-06,2,"[3, 19]","[6148, 33]"
401,67,259,1199,0.0010675761399632476,1.829999999989132e-06,1,[3],[6249]
402,67,259,1200,0.0010666296173558218,0.0010666296173558218,2,"[3, 19]","[6040, 233]"
403,67,259,1200,0.0010683096173558118,1.6799999999900228e-06,1,[3],[6231]
404,67,259,1200,0.0010709896173557959,2.679999999984084e-06,1,[3],[6249]
405,67,259,1201,0.0010752417510075708,0.0010752417510075708,1,[3],[6252]
406,67,260,1195,0.0010495119112618216,0.0010495119112618216,1,[3],[6256]
407,67,260,1195,0.0010515819112618093,2.0699999999877067e-06,1,[3],[6262]
408,67,260,1196,0.0010515862171331177,0.0010515862171331177,1,[3],[6251]
409,67,260,1196,0.0010528062171331104,1.2199999999927547e-06,1,[3],[6256]
410,67,260,1196,0.001053886217133104,1.079999999993586e-06,1,[3],[6255]
411,67,260,1196,0.0010551762171330963,1.289999999992339e-06,1,[3],[6249]
412,67,260,1197,0.0010549912477480863,0.0010549912477480863,1,[3],[6281]
413,67,260,1197,0.0010561612477480793,1.1699999999930516e-06,1,[3],[6265]
414,67,260,1197,0.0010572512477480729,1.0899999999935267e-06,1,[3],[6247]
415,67,260,1197,0.001058741247748064,1.4899999999911512e-06,1,[3],[6209]
416,67,260,1198,0.001059333794378734,0.001059333794378734,1,[3],[6275]
417,67,260,1198,0.0010620537943787178,2.7199999999838465e-06,2,"[3, 19]","[6132, 95]"
418,67,261,1193,0.0010411669143481144,0.0010411669143481144,3,"[3, 17, 18]","[5165, 14, 1085]"
419,67,261,1193,0.001043256914348102,2.089999999987588e-06,2,"[3, 18]","[6099, 169]"
420,67,261,1194,0.0010435118291199502,0.0010435118291199502,2,"[3, 18]","[6176, 103]"
421,67,261,1194,0.001044721829119943,1.209999999992814e-06,1,[3],[6252]
422,67,261,1194,0.001045751829119937,1.029999999993883e-06,1,[3],[6225]
423,67,261,1194,0.0010469718291199297,1.2199999999927547e-06,1,[3],[6268]
424,67,261,1195,0.0010468715025605756,0.0010468715025605756,1,[3],[6255]
425,67,261,1195,0.0010480915025605684,1.2199999999927547e-06,1,[3],[6264]
426,67,261,1195,0.0010492415025605615,1.1499999999931704e-06,1,[3],[6261]
427,67,261,1195,0.0010507615025605525,1.519999999990973e-06,1,[3],[6231]
428,67,261,1196,0.0010517155936934069,0.0010517155936934069,1,[3],[6275]
429,67,262,1191,0.001034273107126839,0.001034273107126839,1,[3],[6267]
430,67,262,1191,0.001037963107126817,3.689999999978086e-06,2,"[3, 17]","[5509, 726]"
431,67,262,1192,0.0010356876531736896,0.0010356876531736896,2,"[3, 17]","[5871, 420]"
432,67,262,1192,0.001036617653173684,9.299999999944769e-07,2,"[3, 17]","[4542, 1718]"
433,67,262,1192,0.0010374076531736794,7.899999999953083e-07,2,"[3, 17]","[4811, 1436]"
434,67,262,1192,0.001038317653173674,9.099999999945957e-07,3,"[3, 17, 18]","[5759, 463, 1]"
435,67,262,1192,0.0010396876531736658,1.3699999999918638e-06,3,"[3, 17, 18]","[6050, 20, 177]"
436,67,262,1193,0.0010385887761188606,0.0010385887761188606,3,"[3, 17, 18]","[5831, 427, 19]"
437,67,262,1193,0.0010396487761188543,1.0599999999937049e-06,2,"[3, 18]","[5674, 586]"
438,67,262,1193,0.0010404687761188494,8.199999999951302e-07,2,"[3, 18]","[4995, 1279]"
439,67,262,1193,0.001041368776118844,8.999999999946551e-07,2,"[3, 18]","[5066, 1174]"
440,67,262,1193,0.0010428787761188351,1.5099999999910324e-06,2,"[3, 18]","[5985, 239]"
441,67,262,1194,0.0010434451278753352,0.0010434451278753352,2,"[3, 18]","[6044, 212]"
442,67,262,1194,0.0010472351278753126,3.789999999977492e-06,1,[3],[6245]
443,67,263,1189,0.001026896995026031,0.001026896995026031,2,"[3, 16]","[6216, 45]"
444,67,263,1190,0.0010281207188540353,0.0010281207188540353,2,"[3, 16]","[6278, 1]"
445,67,263,1190,0.0010293207188540282,1.1999999999928734e-06,1,[3],[6255]
446,67,263,1190,0.0010304607188540214,1.1399999999932298e-06,1,[3],[6233]
447,67,263,1190,0.0010321107188540116,1.649999999990201e-06,1,[3],[6238]
448,67,263,1191,0.0010310770739557632,0.0010310770739557632,1,[3],[6277]
449,67,263,1191,0.0010322070739557565,1.1299999999932892e-06,1,[3],[6259]
450,67,263,1191,0.0010332170739557505,1.0099999999940018e-06,1,[3],[6253]
451,67,263,1191,0.0010344270739557433,1.209999999992814e-06,1,[3],[6234]
452,67,263,1192,0.0010352985673803708,0.0010352985673803708,2,"[3, 17]","[6175, 77]"
453,67,263,1192,0.0010370185673803606,1.7199999999897853e-06,2,"[3, 17]","[4847, 1423]"
454,67,264,1187,0.0010186311485149305,0.0010186311485149305,2,"[3, 15]","[5066, 1185]"
455,67,264,1188,0.0010202946843132052,0.0010202946843132052,3,"[3, 15, 16]","[6205, 41, 17]"
456,67,264,1188,0.0010214446843131984,1.1499999999931704e-06,2,"[3, 16]","[5721, 552]"
457,67,264,1188,0.0010223146843131932,8.699999999948332e-07,2,"[3, 16]","[4743, 1509]"
458,67,264,1188,0.001023364684313187,1.0499999999937643e-06,2,"[3, 16]","[4940, 1301]"
459,67,264,1189,0.001023095398541379,0.001023095398541379,2,"[3, 16]","[5107, 1186]"
460,67,264,1189,0.0010242653985413721,1.1699999999930516e-06,2,"[3, 16]","[6111, 133]"
461,67,264,1189,0.0010252453985413663,9.7999999999418e-07,2,"[3, 16]","[6223, 5]"
462,67,264,1189,0.0010263453985413598,1.0999999999934673e-06,1,[3],[6268]
463,67,264,1189,0.0010285253985413468,2.1799999999870534e-06,1,[3],[6219]
464,67,264,1190,0.0010274784370415413,0.0010274784370415413,2,"[3, 16]","[6265, 5]"
465,67,264,1190,0.0010294484370415296,1.9699999999883006e-06,1,[3],[6235]
466,67,265,1185,0.0010137364754727975,0.0010137364754727975,2,"[3, 14]","[6088, 163]"
467,67,265,1186,0.0010128133145562487,0.0010128133145562487,2,"[3, 14]","[6264, 2]"
468,67,265,1186,0.001014103314556241,1.289999999992339e-06,2,"[3, 15]","[6229, 11]"
469,67,265,1186,0.0010153233145562338,1.2199999999927547e-06,2,"[3, 15]","[5934, 335]"
470,67,265,1186,0.0010169933145562238,1.6699999999900822e-06,2,"[3, 15]","[4612, 1622]"
471,67,265,1187,0.0010152549936983416,0.0010152549936983416,2,"[3, 15]","[5583, 706]"
472,67,265,1187,0.0010160849936983367,8.299999999950708e-07,2,"[3, 15]","[4196, 2068]"
473,67,265,1187,0.0010167949936983325,7.099999999957834e-07,2,"[3, 15]","[4452, 1747]"
474,67,265,1187,0.0010176549936983274,8.599999999948926e-07,2,"[3, 15]","[5599, 687]"
475,67,265,1187,0.001018724993698321,1.0699999999936455e-06,2,"[3, 15]","[6157, 62]"
476,67,265,1187,0.0010212249936983062,2.499999999985153e-06,3,"[3, 15, 16]","[6235, 1, 10]"
477,67,265,1188,0.0010193766454358137,0.0010193766454358137,3,"[3, 15, 16]","[6010, 249, 1]"
478,67,265,1188,0.001021026645435804,1.649999999990201e-06,2,"[3, 16]","[6132, 108]"
479,67,265,1188,0.0010229866454357923,1.95999999998836e-06,2,"[3, 16]","[4744, 1519]"
480,67,266,1184,0.0010059360517287754,0.0010059360517287754,2,"[3, 14]","[5742, 539]"
481,67,266,1184,0.0010069660517287693,1.029999999993883e-06,2,"[3, 14]","[3489, 2762]"
482,67,266,1184,0.0010082360517287617,1.2699999999924577e-06,2,"[3, 14]","[3607, 2637]"
483,67,266,1185,0.0010072143717413777,0.0010072143717413777,2,"[3, 14]","[3791, 2484]"
484,67,266,1185,0.0010083043717413712,1.0899999999935267e-06,2,"[3, 14]","[5174, 1111]"
485,67,266,1185,0.0010092543717413656,9.499999999943581e-07,2,"[3, 14]","[6110, 86]"
486,67,266,1185,0.00101017437174136,9.199999999945363e-07,2,"[3, 14]","[6279, 3]"
487,67,266,1185,0.001011384371741353,1.209999999992814e-06,1,[3],[6234]
488,67,266,1186,0.0010112844474966592,0.0010112844474966592,2,"[3, 14]","[6263, 22]"
489,67,266,1186,0.0010127044474966508,1.419999999991567e-06,1,[3],[6235]
490,67,266,1186,0.0010144644474966403,1.7599999999895477e-06,2,"[3, 15]","[6240, 2]"
491,67,267,1182,0.0010014402564825012,0.0010014402564825012,2,"[3, 13]","[5217, 1033]"
492,67,267,1183,0.0010010470864341957,0.0010010470864341957,2,"[3, 13]","[6053, 233]"
493,67,267,1183,0.0010022070864341888,1.159999999993111e-06,1,[3],[6271]
494,67,267,1183,0.001003357086434182,1.1499999999931704e-06,1,[3],[6229]
495,67,267,1183,0.0010059270864341667,2.5699999999847373e-06,2,"[3, 14]","[6210, 8]"
496,67,267,1184,0.0010035616210753062,0.0010035616210753062,1,[3],[6259]
497,67,267,1184,0.0010046416210752998,1.079999999993586e-06,2,"[3, 14]","[6282, 2]"
498,67,267,1184,0.0010056516210752938,1.0099999999940018e-06,2,"[3, 14]","[6102, 110]"
499,67,267,1184,0.001006801621075287,1.1499999999931704e-06,2,"[3, 14]","[5229, 1041]"
500,67,267,1185,0.001007737742829429,0.001007737742829429,2,"[3, 14]","[4938, 1332]"
501,67,268,1181,0.0009955156171807858,0.0009955156171807858,1,[3],[6271]
502,67,268,1181,0.0009983056171807693,2.7899999999834307e-06,2,"[3, 13]","[6057, 175]"
503,67,268,1182,0.0009967028393196454,0.0009967028393196454,2,"[3, 13]","[6218, 69]"
504,67,268,1182,0.0009976628393196397,9.599999999942987e-07,2,"[3, 13]","[5489, 787]"
505,67,268,1182,0.0009984228393196352,7.599999999954865e-07,2,"[3, 13]","[4518, 1754]"
506,67,268,1182,0.0009992528393196302,8.299999999950708e-07,2,"[3, 13]","[4602, 1587]"
507,67,268,1182,0.0010011828393196188,1.929999999988538e-06,2,"[3, 13]","[5810, 423]"
508,67,268,1183,0.000999633919183837,0.000999633919183837,2,"[3, 13]","[5225, 1047]"
509,67,268,1183,0.0010011039191838284,1.46999999999127e-06,2,"[3, 13]","[6229, 38]"
510,67,268,1183,0.0010036039191838135,2.499999999985153e-06,1,[3],[6215]
511,67,269,1180,0.0009906287075251389,0.0009906287075251389,1,[3],[6295]
512,67,269,1180,0.0009919087075251313,1.2799999999923983e-06,1,[3],[6239]
513,67,269,1180,0.000993648707525121,1.7399999999896665e-06,1,[3],[6224]
514,67,269,1181,0.0009926389277214208,0.0009926389277214208,1,[3],[6263]
515,67,269,1181,0.0009937089277214145,1.0699999999936455e-06,1,[3],[6263]
516,67,269,1181,0.0009947189277214085,1.0099999999940018e-06,1,[3],[6263]
517,67,269,1181,0.0009962989277213991,1.5799999999906167e-06,1,[3],[6232]
518,67,269,1182,0.0009969386413020097,0.0009969386413020097,2,"[3, 13]","[6257, 7]"
519,67,270,1178,0.0009856661513376213,0.0009856661513376213,2,"[3, 12]","[6273, 1]"
520,67,270,1179,0.0009861475242750985,0.0009861475242750985,1,[3],[6272]
521,67,270,1179,0.0009872175242750922,1.0699999999936455e-06,1,[3],[6264]
522,67,270,1179,0.0009882075242750863,9.899999999941206e-07,1,[3],[6255]
523,67,270,1179,0.000989767524275077,1.5599999999907355e-06,1,[3],[6232]
524,67,270,1180,0.0009889605227754506,0.0009889605227754506,1,[3],[6258]
525,67,270,1180,0.0009902205227754431,1.259999999992517e-06,1,[3],[6260]
526,67,270,1180,0.0009919605227754328,1.7399999999896665e-06,1,[3],[6248]
527,67,271,1177,0.000980069787187362,0.000980069787187362,2,"[3, 12]","[4890, 1402]"
528,67,271,1177,0.0009815297871873534,1.4599999999913293e-06,2,"[3, 12]","[5873, 348]"
529,67,271,1178,0.0009819895162792613,0.0009819895162792613,2,"[3, 12]","[6151, 140]"
530,67,271,1178,0.0009830195162792551,1.029999999993883e-06,1,[3],[6247]
531,67,271,1178,0.0009839595162792496,9.399999999944175e-07,1,[3],[6270]
532,67,271,1178,0.0009852095162792421,1.2499999999925765e-06,1,[3],[6209]
533,67,271,1179,0.0009856580577686448,0.0009856580577686448,1,[3],[6284]
534,67,272,1175,0.000976889640393339,0.000976889640393339,1,[3],[6262]
535,67,272,1176,0.0009762130355599185,0.0009762130355599185,1,[3],[6297]
536,67,272,1176,0.000977253035559916,1.0399999999976184e-06,1,[3],[6210]
537,67,272,1176,0.0009783830355599094,1.1299999999932892e-06,2,"[3, 12]","[6226, 42]"
538,67,272,1177,0.0009783699128735053,0.0009783699128735053,2,"[3, 12]","[6045, 209]"
539,67,272,1177,0.0009793299128734996,9.599999999942987e-07,2,"[3, 12]","[5037, 1236]"
540,67,272,1177,0.0009802399128734942,9.099999999945957e-07,2,"[3, 12]","[4582, 1657]"
541,67,272,1177,0.0009826599128734798,2.419999999985628e-06,2,"[3, 12]","[5742, 496]"
542,67,273,1174,0.0009712030636814992,0.0009712030636814992,1,[3],[6292]
543,67,273,1174,0.0009729530636815078,1.7500000000085806e-06,1,[3],[6209]
544,67,273,1175,0.0009725395853793471,0.0009725395853793471,1,[3],[6268]
545,67,273,1175,0.0009735095853793519,9.700000000047561e-07,1,[3],[6281]
546,67,273,1175,0.0009744295853793564,9.20000000004511e-07,1,[3],[6211]
547,67,273,1175,0.0009760595853793644,1.6300000000079922e-06,1,[3],[6245]
548,67,273,1176,0.0009755525476140975,0.0009755525476140975,1,[3],[6251]
549,67,273,1176,0.0009777325476140954,2.1799999999978954e-06,1,[3],[6266]
550,67,274,1172,0.0009681004817204284,0.0009681004817204284,2,"[3, 11]","[5668, 584]"
551,67,274,1173,0.000966900926399664,0.000966900926399664,2,"[3, 11]","[5021, 1271]"
552,67,274,1173,0.0009679409263996691,1.0400000000050993e-06,2,"[3, 11]","[5769, 450]"
553,67,274,1173,0.0009690609263996746,1.1200000000054916e-06,2,"[3, 11]","[6206, 35]"
554,67,274,1174,0.000969209771637278,0.000969209771637278,2,"[3, 11]","[6170, 91]"
555,67,274,1174,0.0009702797716372833,1.0700000000052464e-06,1,[3],[6272]
556,67,274,1174,0.0009714997716372892,1.220000000005982e-06,1,[3],[6235]
557,67,274,1175,0.0009755633782458551,0.0009755633782458551,1,[3],[6250]
558,67,275,1171,0.0009624531157251756,0.0009624531157251756,1,[3],[6257]
559,67,275,1171,0.0009648431157251873,2.3900000000117187e-06,1,[3],[6249]
560,67,275,1172,0.00096361187380169,0.00096361187380169,1,[3],[6300]
561,67,275,1172,0.0009645418738016946,9.3000000000456e-07,2,"[3, 11]","[6268, 3]"
562,67,275,1172,0.0009655018738016993,9.60000000004707e-07,2,"[3, 11]","[6143, 38]"
563,67,275,1172,0.0009676318738017097,2.130000000010444e-06,2,"[3, 11]","[5518, 731]"
564,67,275,1173,0.0009662569186027413,0.0009662569186027413,2,"[3, 11]","[5472, 798]"
565,67,275,1173,0.0009677269186027485,1.4700000000072077e-06,2,"[3, 11]","[5013, 1243]"
566,67,276,1170,0.0009584342538710424,0.0009584342538710424,2,"[3, 10]","[6216, 42]"
567,67,276,1170,0.0009595042538710477,1.0700000000052464e-06,1,[3],[6243]
568,67,276,1170,0.0009608642538710544,1.3600000000066684e-06,1,[3],[6262]
569,67,276,1171,0.0009604213745978056,0.0009604213745978056,1,[3],[6273]
570,67,276,1171,0.0009614813745978108,1.0600000000051974e-06,1,[3],[6251]
571,67,276,1171,0.0009627713745978171,1.2900000000063251e-06,1,[3],[6246]
572,67,276,1172,0.0009664145009674192,0.0009664145009674192,2,"[3, 11]","[6244, 6]"
573,67,277,1168,0.0009531065016916152,0.0009531065016916152,2,"[3, 9]","[3669, 2588]"
574,67,277,1168,0.0009542665016916209,1.1600000000056877e-06,3,"[3, 9, 10]","[4022, 2230, 19]"
575,67,277,1168,0.0009566465016916326,2.3800000000116697e-06,3,"[3, 9, 10]","[4710, 231, 1285]"
576,67,277,1169,0.0009543957687643473,0.0009543957687643473,3,"[3, 9, 10]","[3697, 2443, 145]"
577,67,277,1169,0.0009552757687643517,8.800000000043148e-07,3,"[3, 9, 10]","[4787, 68, 1440]"
578,67,277,1169,0.0009558457687643545,5.700000000027948e-07,3,"[3, 9, 10]","[3952, 1, 2238]"
579,67,277,1169,0.0009564257687643573,5.800000000028439e-07,2,"[3, 10]","[4007, 2280]"
580,67,277,1169,0.0009573457687643618,9.20000000004511e-07,2,"[3, 10]","[4786, 1451]"
581,67,277,1170,0.0009575132478111366,0.0009575132478111366,3,"[3, 9, 10]","[5660, 11, 616]"
582,67,277,1170,0.0009592532478111452,1.7400000000085316e-06,2,"[3, 10]","[6214, 6]"
583,67,278,1167,0.0009495739804742068,0.0009495739804742068,1,[3],[6281]
584,67,278,1167,0.0009507039804742124,1.1300000000055406e-06,2,"[3, 9]","[6235, 1]"
585,67,278,1167,0.0009521939804742197,1.4900000000073058e-06,2,"[3, 9]","[6224, 18]"
586,67,278,1168,0.0009516616977613882,0.0009516616977613882,2,"[3, 9]","[6170, 123]"
587,67,278,1168,0.0009525716977613926,9.100000000044619e-07,2,"[3, 9]","[4993, 1240]"
588,67,278,1168,0.0009533116977613963,7.400000000036284e-07,2,"[3, 9]","[3847, 2414]"
589,67,278,1168,0.0009544516977614019,1.1400000000055897e-06,3,"[3, 9, 10]","[4060, 2172, 14]"
590,67,278,1169,0.0009546911369343105,0.0009546911369343105,3,"[3, 9, 10]","[3487, 2654, 126]"
591,67,279,1165,0.0009445946206623919,0.0009445946206623919,1,[3],[6268]
592,67,279,1165,0.0009473146206624053,2.7200000000133367e-06,1,[3],[6235]
593,67,279,1166,0.0009458263687777798,0.0009458263687777798,1,[3],[6269]
594,67,279,1166,0.0009468163687777846,9.900000000048542e-07,1,[3],[6288]
595,67,279,1166,0.0009478063687777895,9.900000000048542e-07,1,[3],[6226]
596,67,279,1167,0.0009488020932994514,0.0009488020932994514,1,[3],[6262]
597,67,279,1167,0.0009509120932994617,2.1100000000103458e-06,1,[3],[6250]
598,67,280,1163,0.0009410990664076378,0.0009410990664076378,2,"[3, 8]","[5714, 538]"
599,67,280,1164,0.0009400742056966086,0.0009400742056966086,2,"[3, 8]","[5294, 995]"
600,67,280,1164,0.0009410042056966131,9.3000000000456e-07,2,"[3, 8]","[4741, 1493]"
601,67,280,1164,0.0009420442056966182,1.0400000000050993e-06,2,"[3, 8]","[5696, 535]"
602,67,280,1165,0.0009424522809194614,0.0009424522809194614,2,"[3, 8]","[6064, 233]"
603,67,280,1165,0.0009435322809194667,1.0800000000052955e-06,1,[3],[6253]
604,67,280,1165,0.0009448722809194733,1.3400000000065703e-06,1,[3],[6212]
605,67,281,1162,0.0009346305490055901,0.0009346305490055901,2,"[3, 7]","[4663, 1598]"
606,67,281,1162,0.0009362905490055982,1.6600000000081393e-06,2,"[3, 7]","[6018, 226]"
607,67,281,1163,0.0009363567010562153,0.0009363567010562153,2,"[3, 7]","[6237, 25]"
608,67,281,1163,0.00093730670105622,9.500000000046581e-07,1,[3],[6238]
609,67,281,1163,0.0009381967010562243,8.900000000043639e-07,1,[3],[6310]
610,67,281,1163,0.0009394467010562305,1.250000000006129e-06,2,"[3, 8]","[6140, 52]"
611,67,281,1164,0.0009393272170547049,0.0009393272170547049,2,"[3, 8]","[6105, 182]"
612,67,281,1164,0.0009405772170547111,1.250000000006129e-06,2,"[3, 8]","[4639, 1608]"
613,67,282,1160,0.0009312779091560688,0.0009312779091560688,2,"[3, 6]","[5118, 1132]"
614,67,282,1161,0.0009301220931355257,0.0009301220931355257,2,"[3, 6]","[4160, 2110]"
615,67,282,1161,0.000931212093135531,1.0900000000053445e-06,2,"[3, 6]","[5742, 494]"
616,67,282,1161,0.000932222093135536,1.0100000000049522e-06,3,"[3, 6, 7]","[6191, 20, 67]"
617,67,282,1161,0.0009333520931355415,1.1300000000055406e-06,3,"[3, 6, 7]","[5000, 2, 1265]"
618,67,282,1161,0.0009349820931355495,1.6300000000079922e-06,2,"[3, 7]","[2381, 3831]"
619,67,282,1162,0.0009326167778889253,0.0009326167778889253,3,"[3, 6, 7]","[5774, 104, 397]"
620,67,282,1162,0.000933376777888929,7.600000000037264e-07,2,"[3, 7]","[4369, 1948]"
621,67,282,1162,0.0009339367778889318,5.600000000027458e-07,2,"[3, 7]","[3538, 2620]"
622,67,282,1162,0.0009345667778889349,6.30000000003089e-07,2,"[3, 7]","[3760, 2521]"
623,67,282,1162,0.0009356867778889404,1.1200000000054916e-06,2,"[3, 7]","[5049, 1173]"
624,67,282,1163,0.0009375234948544063,0.0009375234948544063,2,"[3, 7]","[6063, 191]"
625,67,283,1159,0.0009251126665934382,0.0009251126665934382,1,[3],[6252]
626,67,283,1159,0.0009272926665934489,2.180000000010689e-06,1,[3],[6263]
627,67,283,1160,0.0009263656163575256,0.0009263656163575256,1,[3],[6263]
628,67,283,1160,0.0009273356163575304,9.700000000047561e-07,2,"[3, 6]","[6239, 1]"
629,67,283,1160,0.0009281756163575345,8.400000000041187e-07,2,"[3, 6]","[6233, 46]"
630,67,283,1160,0.0009291356163575392,9.60000000004707e-07,2,"[3, 6]","[5675, 599]"
631,67,283,1160,0.000931135616357549,2.0000000000098064e-06,2,"[3, 6]","[4303, 1895]"
632,67,283,1161,0.0009290974537315699,0.0009290974537315699,2,"[3, 6]","[4883, 1408]"
633,67,283,1161,0.0009299574537315742,8.600000000042168e-07,2,"[3, 6]","[3530, 2747]"
634,67,283,1161,0.0009310374537315794,1.0800000000052955e-06,2,"[3, 6]","[4659, 1528]"
635,67,284,1158,0.0009203625638187524,0.0009203625638187524,1,[3],[6253]
636,67,284,1158,0.0009214625638187578,1.1000000000053935e-06,1,[3],[6250]
637,67,284,1158,0.0009226525638187636,1.1900000000058348e-06,1,[3],[6262]
638,67,284,1159,0.0009225428840497919,0.0009225428840497919,1,[3],[6260]
639,67,284,1159,0.0009235528840497968,1.0100000000049522e-06,1,[3],[6269]
640,67,284,1159,0.0009244928840498014,9.40000000004609e-07,1,[3],[6225]
641,67,284,1159,0.0009259228840498084,1.4300000000070116e-06,1,[3],[6258]
642,67,284,1160,0.0009269528817898994,0.0009269528817898994,1,[3],[6258]
643,67,285,1156,0.0009148363967421653,0.0009148363967421653,3,"[3, 4, 5]","[5545, 647, 83]"
644,67,285,1156,0.0009165263967421736,1.6900000000082864e-06,2,"[3, 5]","[5053, 1190]"
645,67,285,1157,0.0009160014311940192,0.0009160014311940192,3,"[3, 4, 5]","[5116, 7, 1161]"
646,67,285,1157,0.0009169014311940237,9.000000000044129e-07,2,"[3, 5]","[5457, 760]"
647,67,285,1157,0.0009177314311940277,8.300000000040697e-07,2,"[3, 5]","[6181, 130]"
648,67,285,1157,0.0009186914311940324,9.60000000004707e-07,2,"[3, 5]","[6210, 12]"
649,67,285,1158,0.0009191981173480726,0.0009191981173480726,2,"[3, 5]","[6265, 29]"
650,67,285,1158,0.0009205681173480794,1.3700000000067174e-06,1,[3],[6209]
651,67,286,1155,0.0009099736586429563,0.0009099736586429563,3,"[1, 3, 4]","[1253, 5035, 12]"
652,67,286,1155,0.0009111136586429619,1.1400000000055897e-06,2,"[3, 4]","[5606, 640]"
653,67,286,1155,0.0009119336586429659,8.200000000040206e-07,2,"[3, 4]","[4080, 2131]"
654,67,286,1155,0.0009128336586429703,9.000000000044129e-07,2,"[3, 4]","[3279, 2987]"
655,67,286,1156,0.0009117332204857698,0.0009117332204857698,3,"[1, 3, 4]","[284, 3414, 2564]"
656,67,286,1156,0.0009124132204857731,6.800000000033342e-07,2,"[3, 4]","[3007, 3297]"
657,67,286,1156,0.0009130632204857763,6.500000000031871e-07,2,"[3, 4]","[3657, 2538]"
658,67,286,1156,0.0009139132204857805,8.500000000041677e-07,3,"[3, 4, 5]","[5232, 1050, 2]"
659,67,286,1156,0.0009151332204857865,1.220000000005982e-06,3,"[3, 4, 5]","[6033, 85, 124]"
660,67,286,1157,0.0009163707925858262,0.0009163707925858262,4,"[1, 3, 4, 5]","[57, 5101, 182, 911]"
661,67,287,1154,0.0009059136504422389,0.0009059136504422389,2,"[1, 3]","[5919, 434]"
662,67,287,1154,0.0009062336504422404,3.2000000000156903e-07,2,"[1, 3]","[5757, 543]"
663,67,287,1154,0.0009064736504422416,2.4000000000117677e-07,2,"[1, 3]","[5708, 662]"
664,67,287,1154,0.0009066736504422426,2.0000000000098064e-07,2,"[1, 3]","[5313, 753]"
665,67,287,1154,0.0009068736504422436,2.0000000000098064e-07,2,"[1, 3]","[5419, 897]"
666,67,287,1154,0.0009070736504422445,2.0000000000098064e-07,2,"[1, 3]","[5087, 1008]"
667,67,287,1154,0.0009073136504422457,2.4000000000117677e-07,2,"[1, 3]","[4940, 1414]"
668,67,287,1154,0.0009076236504422472,3.1000000000152e-07,2,"[1, 3]","[4419, 1848]"
669,67,287,1154,0.0009081236504422497,5.000000000024516e-07,2,"[1, 3]","[3312, 2858]"
670,67,287,1154,0.0009095936504422569,1.4700000000072077e-06,2,"[1, 3]","[855, 5369]"
671,67,287,1155,0.0009060937777252522,0.0009060937777252522,2,"[1, 3]","[6288, 89]"
672,67,287,1155,0.0009064037777252537,3.1000000000152e-07,2,"[1, 3]","[6189, 96]"
673,67,287,1155,0.0009066337777252549,2.3000000000112774e-07,2,"[1, 3]","[6176, 139]"
674,67,287,1155,0.0009068237777252558,1.900000000009316e-07,2,"[1, 3]","[5953, 147]"
675,67,287,1155,0.0009070137777252567,1.900000000009316e-07,2,"[1, 3]","[6132, 178]"
676,67,287,1155,0.0009072137777252577,2.0000000000098064e-07,2,"[1, 3]","[6036, 265]"
677,67,287,1155,0.0009074237777252587,2.1000000000102968e-07,2,"[1, 3]","[5792, 343]"
678,67,287,1155,0.0009076937777252601,2.7000000000132387e-07,2,"[1, 3]","[5731, 514]"
679,67,287,1155,0.0009081137777252621,4.2000000000205935e-07,2,"[1, 3]","[5088, 1168]"
680,67,287,1155,0.0009091337777252671,1.0200000000050013e-06,2,"[1, 3]","[2339, 3845]"
681,67,287,1155,0.0009106237777252744,1.4900000000073058e-06,3,"[1, 3, 4]","[26, 6192, 35]"
682,67,287,1156,0.0009065476103416295,0.0009065476103416295,1,[1],[6291]
683,67,287,1156,0.0009069276103416314,3.800000000018632e-07,1,[1],[6272]
684,67,287,1156,0.000907257610341633,3.3000000000161806e-07,1,[1],[6278]
685,67,287,1156,0.0009075976103416347,3.400000000016671e-07,2,"[1, 3]","[6205, 3]"
686,67,287,1156,0.0009081476103416374,5.500000000026968e-07,2,"[1, 3]","[6244, 12]"
687,67,287,1156,0.0009128276103416603,4.680000000022947e-06,3,"[1, 3, 4]","[2448, 2039, 1720]"
688,67,287,1157,0.0009071104819049636,0.0009071104819049636,1,[1],[6264]
689,67,287,1157,0.0009076704819049663,5.600000000027458e-07,1,[1],[6249]
690,67,287,1157,0.0009084904819049703,8.200000000040206e-07,1,[1],[6239]
691,67,287,1158,0.0009078147863414571,0.0009078147863414571,1,[1],[6319]
692,67,287,1158,0.0009088447863414621,1.0300000000050503e-06,1,[1],[6184]
693,67,287,1159,0.0009087367356888967,0.0009087367356888967,1,[1],[6280]
694,67,287,1160,0.0009101150999946655,0.0009101150999946655,1,[1],[6254]
695,67,287,1179,0.0009118850376691392,0.0009118850376691392,1,[1],[6250]
696,67,287,1180,0.0009115980498103605,0.0009115980498103605,1,[1],[6256]
697,67,287,1181,0.0009112924021672208,0.0009112924021672208,1,[1],[6276]
698,67,287,1182,0.0009113685554722753,0.0009113685554722753,1,[1],[6251]
699,67,288,1154,0.0009064704913734186,0.0009064704913734186,2,"[1, 3]","[5972, 317]"
700,67,288,1154,0.0009070804913734215,6.10000000002991e-07,2,"[1, 3]","[5799, 475]"
701,67,288,1154,0.0009092404913734321,2.160000000010591e-06,2,"[1, 3]","[5095, 1094]"
702,67,288,1155,0.0009063647248875677,0.0009063647248875677,2,"[1, 3]","[6293, 26]"
703,67,288,1155,0.0009067547248875696,3.9000000000191225e-07,2,"[1, 3]","[6144, 51]"
704,67,288,1155,0.0009070847248875713,3.3000000000161806e-07,2,"[1, 3]","[6256, 44]"
705,67,288,1155,0.000907444724887573,3.6000000000176516e-07,2,"[1, 3]","[6257, 52]"
706,67,288,1155,0.0009080347248875759,5.900000000028929e-07,2,"[1, 3]","[6014, 126]"
707,67,288,1156,0.0009064721851896095,0.0009064721851896095,1,[1],[6315]
708,67,288,1156,0.0009068121851896112,3.400000000016671e-07,1,[1],[6194]
709,67,288,1156,0.0009070821851896125,2.7000000000132387e-07,1,[1],[6342]
710,67,288,1156,0.0009073321851896137,2.500000000012258e-07,1,[1],[6340]
711,67,288,1156,0.000907602185189615,2.7000000000132387e-07,1,[1],[6193]
712,67,288,1156,0.0009079521851896167,3.500000000017161e-07,2,"[1, 3]","[6152, 1]"
713,67,288,1157,0.0009067013643064521,0.0009067013643064521,1,[1],[6357]
714,67,288,1157,0.0009070313643064537,3.3000000000161806e-07,1,[1],[6228]
715,67,288,1157,0.0009072813643064549,2.500000000012258e-07,1,[1],[6250]
716,67,288,1157,0.000907511364306456,2.3000000000112774e-07,1,[1],[6391]
717,67,288,1157,0.0009077313643064571,2.200000000010787e-07,1,[1],[6134]
718,67,288,1157,0.0009079813643064584,2.500000000012258e-07,1,[1],[6224]
719,67,288,1157,0.00090832136430646,3.400000000016671e-07,1,[1],[6290]
720,67,288,1158,0.0009070929635122827,0.0009070929635122827,1,[1],[6277]
721,67,288,1158,0.0009074329635122844,3.400000000016671e-07,1,[1],[6325]
722,67,288,1158,0.0009076829635122856,2.500000000012258e-07,1,[1],[6202]
723,67,288,1158,0.0009079129635122868,2.3000000000112774e-07,1,[1],[6449]
724,67,288,1158,0.0009081229635122878,2.1000000000102968e-07,1,[1],[6091]
725,67,288,1158,0.000908362963512289,2.4000000000117677e-07,1,[1],[6248]
726,67,288,1158,0.0009086729635122905,3.1000000000152e-07,1,[1],[6282]
727,67,288,1158,0.0009092829635122935,6.10000000002991e-07,1,[1],[6149]
728,67,288,1159,0.0009075698498443985,0.0009075698498443985,1,[1],[6300]
729,67,288,1159,0.0009078998498444001,3.3000000000161806e-07,1,[1],[6259]
730,67,288,1159,0.0009081498498444014,2.500000000012258e-07,1,[1],[6386]
731,67,288,1159,0.0009083698498444024,2.200000000010787e-07,1,[1],[6241]
732,67,288,1159,0.0009085798498444035,2.1000000000102968e-07,1,[1],[6071]
733,67,288,1159,0.0009088198498444046,2.4000000000117677e-07,1,[1],[6362]
734,67,288,1159,0.0009091098498444061,2.9000000000142193e-07,1,[1],[6169]
735,67,288,1159,0.0009096498498444087,5.400000000026477e-07,1,[1],[6242]
736,67,288,1160,0.0009080229660710146,0.0009080229660710146,1,[1],[6252]
737,67,288,1160,0.0009083629660710163,3.400000000016671e-07,1,[1],[6366]
738,67,288,1160,0.0009086129660710175,2.500000000012258e-07,1,[1],[6328]
739,67,288,1160,0.0009088329660710186,2.200000000010787e-07,1,[1],[6261]
740,67,288,1160,0.0009090529660710197,2.200000000010787e-07,1,[1],[6160]
741,67,288,1160,0.0009092929660710208,2.4000000000117677e-07,1,[1],[6228]
742,67,288,1160,0.0009096029660710224,3.1000000000152e-07,1,[1],[6221]
743,67,288,1160,0.0009102829660710257,6.800000000033342e-07,1,[1],[6192]
744,67,288,1161,0.0009084921837084366,0.0009084921837084366,1,[1],[6355]
745,67,288,1161,0.0009088321837084383,3.400000000016671e-07,1,[1],[6172]
746,67,288,1161,0.0009090921837084395,2.6000000000127484e-07,1,[1],[6328]
747,67,288,1161,0.0009093321837084407,2.4000000000117677e-07,1,[1],[6250]
748,67,288,1161,0.0009095721837084419,2.4000000000117677e-07,1,[1],[6269]
749,67,288,1161,0.0009098521837084433,2.800000000013729e-07,1,[1],[6289]
750,67,288,1161,0.0009102621837084453,4.100000000020103e-07,1,[1],[6128]
751,67,288,1162,0.0009089590607037857,0.0009089590607037857,1,[1],[6374]
752,67,288,1162,0.0009092990607037874,3.400000000016671e-07,1,[1],[6178]
753,67,288,1162,0.0009095590607037887,2.6000000000127484e-07,1,[1],[6299]
754,67,288,1162,0.0009097990607037898,2.4000000000117677e-07,1,[1],[6169]
755,67,288,1162,0.000910039060703791,2.4000000000117677e-07,1,[1],[6436]
756,67,288,1162,0.0009103090607037923,2.7000000000132387e-07,1,[1],[6252]
757,67,288,1162,0.0009106890607037942,3.800000000018632e-07,1,[1],[6056]
758,67,288,1163,0.0009094603607984883,0.0009094603607984883,1,[1],[6386]
759,67,288,1163,0.00090981036079849,3.500000000017161e-07,1,[1],[6158]
760,67,288,1163,0.0009100803607984913,2.7000000000132387e-07,1,[1],[6338]
761,67,288,1163,0.0009103203607984925,2.4000000000117677e-07,1,[1],[6192]
762,67,288,1163,0.0009105803607984938,2.6000000000127484e-07,1,[1],[6302]
763,67,288,1163,0.0009108903607984953,3.1000000000152e-07,1,[1],[6173]
764,67,288,1163,0.000911440360798498,5.500000000026968e-07,1,[1],[6208]
765,67,288,1164,0.0009099753738316986,0.0009099753738316986,1,[1],[6367]
766,67,288,1164,0.0009103353738317004,3.6000000000176516e-07,1,[1],[6283]
767,67,288,1164,0.0009106053738317017,2.7000000000132387e-07,1,[1],[6140]
768,67,288,1164,0.000910865373831703,2.6000000000127484e-07,1,[1],[6417]
769,67,288,1164,0.0009111353738317043,2.7000000000132387e-07,1,[1],[6220]
770,67,288,1164,0.0009114653738317059,3.3000000000161806e-07,1,[1],[6110]
771,67,288,1164,0.0009122553738317098,7.900000000038735e-07,1,[1],[6221]
772,67,288,1165,0.0009103784545444469,0.0009103784545444469,1,[1],[6379]
773,67,288,1165,0.0009107184545444486,3.400000000016671e-07,1,[1],[6251]
774,67,288,1165,0.0009109784545444498,2.6000000000127484e-07,1,[1],[6287]
775,67,288,1165,0.000911218454544451,2.4000000000117677e-07,1,[1],[6276]
776,67,288,1165,0.0009114684545444522,2.500000000012258e-07,1,[1],[6299]
777,67,288,1165,0.0009117584545444537,2.9000000000142193e-07,1,[1],[6052]
778,67,288,1165,0.0009123084545444563,5.500000000026968e-07,1,[1],[6229]
779,67,288,1166,0.0009106635105290561,0.0009106635105290561,1,[1],[6263]
780,67,288,1166,0.0009110235105290579,3.6000000000176516e-07,1,[1],[6331]
781,67,288,1166,0.0009112935105290592,2.7000000000132387e-07,1,[1],[6299]
782,67,288,1166,0.0009115535105290605,2.6000000000127484e-07,1,[1],[6303]
783,67,288,1166,0.0009118335105290619,2.800000000013729e-07,1,[1],[6087]
784,67,288,1166,0.0009122435105290639,4.100000000020103e-07,1,[1],[6291]
785,67,288,1167,0.0009107947912891443,0.0009107947912891443,1,[1],[6293]
786,67,288,1167,0.0009111347912891459,3.400000000016671e-07,1,[1],[6221]
787,67,288,1167,0.0009114147912891473,2.800000000013729e-07,1,[1],[6438]
788,67,288,1167,0.0009116647912891485,2.500000000012258e-07,1,[1],[6086]
789,67,288,1167,0.00091195479128915,2.9000000000142193e-07,1,[1],[6302]
790,67,288,1167,0.0009123847912891521,4.300000000021084e-07,1,[1],[6260]
791,67,288,1168,0.0009108071886164468,0.0009108071886164468,1,[1],[6363]
792,67,288,1168,0.0009111471886164485,3.400000000016671e-07,1,[1],[6172]
793,67,288,1168,0.0009114171886164498,2.7000000000132387e-07,1,[1],[6264]
794,67,288,1168,0.0009116771886164511,2.6000000000127484e-07,1,[1],[6330]
795,67,288,1168,0.0009119571886164525,2.800000000013729e-07,1,[1],[6213]
796,67,288,1168,0.0009123571886164544,4.000000000019613e-07,1,[1],[6178]
797,67,288,1169,0.0009107474768349684,0.0009107474768349684,1,[1],[6295]
798,67,288,1169,0.0009110974768349701,3.500000000017161e-07,1,[1],[6405]
799,67,288,1169,0.0009113574768349714,2.6000000000127484e-07,1,[1],[6092]
800,67,288,1169,0.0009116174768349726,2.6000000000127484e-07,1,[1],[6299]
801,67,288,1169,0.0009119074768349741,2.9000000000142193e-07,1,[1],[6346]
802,67,288,1169,0.000912297476834976,3.9000000000191225e-07,1,[1],[6084]
803,67,288,1170,0.0009107068050948592,0.0009107068050948592,1,[1],[6400]
804,67,288,1170,0.0009110568050948609,3.500000000017161e-07,1,[1],[6156]
805,67,288,1170,0.0009113368050948623,2.800000000013729e-07,1,[1],[6227]
806,67,288,1170,0.0009116168050948637,2.800000000013729e-07,1,[1],[6339]
807,67,288,1170,0.0009119468050948653,3.3000000000161806e-07,1,[1],[6280]
808,67,288,1170,0.0009125368050948682,5.900000000028929e-07,1,[1],[6110]
809,67,288,1171,0.0009106282411864343,0.0009106282411864343,1,[1],[6397]
810,67,288,1171,0.0009109882411864361,3.6000000000176516e-07,1,[1],[6234]
811,67,288,1171,0.0009112682411864375,2.800000000013729e-07,1,[1],[6150]
812,67,288,1171,0.0009115582411864389,2.9000000000142193e-07,1,[1],[6259]
813,67,288,1171,0.0009119182411864407,3.6000000000176516e-07,1,[1],[6373]
814,67,288,1171,0.0009128482411864452,9.3000000000456e-07,1,[1],[6091]
815,67,288,1172,0.0009105192975816736,0.0009105192975816736,1,[1],[6340]
816,67,288,1172,0.0009108892975816755,3.700000000018142e-07,1,[1],[6347]
817,67,288,1172,0.0009111692975816768,2.800000000013729e-07,1,[1],[6117]
818,67,288,1172,0.0009114592975816783,2.9000000000142193e-07,1,[1],[6235]
819,67,288,1172,0.00091181929758168,3.6000000000176516e-07,1,[1],[6272]
820,67,288,1172,0.0009130792975816862,1.260000000006178e-06,1,[1],[6192]
821,67,288,1173,0.000910383401155878,0.000910383401155878,1,[1],[6360]
822,67,288,1173,0.0009107434011558798,3.6000000000176516e-07,1,[1],[6301]
823,67,288,1173,0.0009110334011558812,2.9000000000142193e-07,1,[1],[6255]
824,67,288,1173,0.0009113234011558826,2.9000000000142193e-07,1,[1],[6270]
825,67,288,1173,0.0009116634011558843,3.400000000016671e-07,1,[1],[6092]
826,67,288,1173,0.0009124934011558884,8.300000000040697e-07,1,[1],[6238]
827,67,288,1174,0.0009102594789083886,0.0009102594789083886,1,[1],[6359]
828,67,288,1174,0.0009106194789083904,3.6000000000176516e-07,1,[1],[6207]
829,67,288,1174,0.0009109094789083918,2.9000000000142193e-07,1,[1],[6353]
830,67,288,1174,0.0009111894789083932,2.800000000013729e-07,1,[1],[6154]
831,67,288,1174,0.0009115394789083949,3.500000000017161e-07,1,[1],[6186]
832,67,288,1174,0.0009123994789083991,8.600000000042168e-07,1,[1],[6254]
833,67,288,1175,0.0009101450275078611,0.0009101450275078611,1,[1],[6304]
834,67,288,1175,0.0009105050275078629,3.6000000000176516e-07,1,[1],[6262]
835,67,288,1175,0.0009107950275078643,2.9000000000142193e-07,1,[1],[6388]
836,67,288,1175,0.0009110750275078657,2.800000000013729e-07,1,[1],[6240]
837,67,288,1175,0.0009114050275078673,3.3000000000161806e-07,1,[1],[6177]
838,67,288,1175,0.0009120850275078706,6.800000000033342e-07,1,[1],[6158]
839,67,288,1176,0.0009100609463170829,0.0009100609463170829,1,[1],[6293]
840,67,288,1176,0.0009104309463170847,3.700000000018142e-07,1,[1],[6346]
841,67,288,1176,0.0009107209463170862,2.9000000000142193e-07,1,[1],[6185]
842,67,288,1176,0.0009110209463170876,3.0000000000147097e-07,1,[1],[6209]
843,67,288,1176,0.0009114009463170895,3.800000000018632e-07,1,[1],[6273]
844,67,288,1177,0.0009099965872445513,0.0009099965872445513,1,[1],[6389]
845,67,288,1177,0.0009103565872445531,3.6000000000176516e-07,1,[1],[6202]
846,67,288,1177,0.0009106665872445546,3.1000000000152e-07,1,[1],[6372]
847,67,288,1177,0.0009109665872445561,3.0000000000147097e-07,1,[1],[6069]
848,67,288,1177,0.000911366587244558,4.000000000019613e-07,1,[1],[6265]
849,67,288,1178,0.0009099340876176933,0.0009099340876176933,1,[1],[6273]
850,67,288,1178,0.0009103040876176951,3.700000000018142e-07,1,[1],[6229]
851,67,288,1178,0.0009106240876176967,3.2000000000156903e-07,1,[1],[6439]
852,67,288,1178,0.0009109340876176982,3.1000000000152e-07,1,[1],[6166]
853,67,288,1178,0.0009113840876177004,4.5000000000220645e-07,1,[1],[6222]
854,67,288,1179,0.0009099123179602607,0.0009099123179602607,1,[1],[6361]
855,67,288,1179,0.0009102823179602625,3.700000000018142e-07,1,[1],[6159]
856,67,288,1179,0.0009106023179602641,3.2000000000156903e-07,1,[1],[6407]
857,67,288,1179,0.0009109423179602657,3.400000000016671e-07,1,[1],[6136]
858,67,288,1179,0.0009114723179602683,5.300000000025987e-07,1,[1],[6232]
859,67,288,1180,0.000909847363704116,0.000909847363704116,1,[1],[6250]
860,67,288,1180,0.0009102273637041178,3.800000000018632e-07,1,[1],[6340]
861,67,288,1180,0.0009105473637041194,3.2000000000156903e-07,1,[1],[6334]
862,67,288,1180,0.0009108873637041211,3.400000000016671e-07,1,[1],[6184]
863,67,288,1180,0.0009114273637041237,5.400000000026477e-07,1,[1],[6229]
864,67,288,1181,0.0009098217218085723,0.0009098217218085723,1,[1],[6367]
865,67,288,1181,0.0009102017218085742,3.800000000018632e-07,1,[1],[6153]
866,67,288,1181,0.0009105317218085758,3.3000000000161806e-07,1,[1],[6395]
867,67,288,1181,0.0009108717218085775,3.400000000016671e-07,1,[1],[6181]
868,67,288,1181,0.0009114817218085805,6.10000000002991e-07,1,[1],[6197]
869,67,288,1182,0.0009097973537154418,0.0009097973537154418,1,[1],[6384]
870,67,288,1182,0.0009101773537154436,3.800000000018632e-07,1,[1],[6179]
871,67,288,1182,0.0009105173537154453,3.400000000016671e-07,1,[1],[6336]
872,67,288,1182,0.0009108773537154471,3.6000000000176516e-07,1,[1],[6187]
873,67,288,1182,0.0009115973537154506,7.200000000035303e-07,1,[1],[6183]
874,67,288,1183,0.0009097442375613051,0.0009097442375613051,1,[1],[6280]
875,67,288,1183,0.000910134237561307,3.9000000000191225e-07,1,[1],[6256]
876,67,288,1183,0.0009104642375613087,3.3000000000161806e-07,1,[1],[6303]
877,67,288,1183,0.0009108242375613104,3.6000000000176516e-07,1,[1],[6241]
878,67,288,1183,0.0009114642375613136,6.400000000031381e-07,1,[1],[6190]
879,67,288,1184,0.0009097247936979119,0.0009097247936979119,1,[1],[6344]
880,67,288,1184,0.0009101047936979137,3.800000000018632e-07,1,[1],[6314]
881,67,288,1184,0.0009104347936979153,3.3000000000161806e-07,1,[1],[6213]
882,67,288,1184,0.0009107947936979171,3.6000000000176516e-07,1,[1],[6258]
883,67,288,1184,0.0009114447936979203,6.500000000031871e-07,1,[1],[6155]
884,67,288,1185,0.0009096889600027144,0.0009096889600027144,1,[1],[6271]
885,67,288,1185,0.0009100889600027164,4.000000000019613e-07,1,[1],[6331]
886,67,288,1185,0.000910418960002718,3.3000000000161806e-07,1,[1],[6165]
887,67,288,1185,0.0009107889600027198,3.700000000018142e-07,1,[1],[6324]
888,67,288,1185,0.0009114989600027233,7.100000000034813e-07,1,[1],[6182]
889,67,288,1186,0.0009096634236488583,0.0009096634236488583,1,[1],[6307]
890,67,288,1186,0.0009100534236488602,3.9000000000191225e-07,1,[1],[6280]
891,67,288,1186,0.0009103834236488618,3.3000000000161806e-07,1,[1],[6303]
892,67,288,1186,0.0009107334236488635,3.500000000017161e-07,1,[1],[6158]
893,67,288,1186,0.0009113434236488665,6.10000000002991e-07,1,[1],[6205]
894,67,288,1187,0.0009096316877551635,0.0009096316877551635,1,[1],[6340]
895,67,288,1187,0.0009100216877551654,3.9000000000191225e-07,1,[1],[6244]
896,67,288,1187,0.000910351687755167,3.3000000000161806e-07,1,[1],[6335]
897,67,288,1187,0.0009107116877551688,3.6000000000176516e-07,1,[1],[6167]
898,67,288,1187,0.000911351687755172,6.400000000031381e-07,1,[1],[6188]
899,67,288,1188,0.000909994005316669,0.000909994005316669,1,[1],[6305]
900,67,288,1188,0.0009106640053166723,6.700000000032852e-07,1,[1],[6195]
901,67,289,1161,0.0009104872200847009,0.0009104872200847009,1,[1],[6252]
902,67,289,1162,0.0009106170676534146,0.0009106170676534146,1,[1],[6260]
903,67,289,1163,0.0009111895920514132,0.0009111895920514132,1,[1],[6254]
904,67,289,1164,0.0009117229648093558,0.0009117229648093558,1,[1],[6250]
905,67,289,1165,0.0009118749620603202,0.0009118749620603202,1,[1],[6260]
906,67,289,1166,0.0009124729652390964,0.0009124729652390964,1,[1],[6262]
907,67,289,1167,0.000912706610942574,0.000912706610942574,1,[1],[6256]
908,67,289,1168,0.0009126477055987898,0.0009126477055987898,1,[1],[6254]
909,67,289,1169,0.0009129129649798448,0.0009129129649798448,1,[1],[6250]
