,event,pixel_x,pixel_y,reset_time,TSLR,nMCParticles,MC_TrackIDs,MC_Weights
0,88,252,1234,0.0011530251541254325,0.0011530251541254325,2,"[5, 26]","[5740, 544]"
1,88,252,1234,0.001153935154125427,9.099999999945957e-07,2,"[5, 26]","[5488, 743]"
2,88,252,1234,0.0011550051541254207,1.0699999999936455e-06,2,"[5, 26]","[5223, 1042]"
3,88,252,1235,0.00115372606565734,0.00115372606565734,2,"[5, 26]","[5640, 656]"
4,88,252,1235,0.001154226065657337,4.999999999970306e-07,2,"[5, 26]","[5506, 715]"
5,88,252,1235,0.0011545860656573348,3.5999999999786203e-07,2,"[5, 26]","[5496, 772]"
6,88,252,1235,0.001154906065657333,3.199999999980996e-07,2,"[5, 26]","[5515, 889]"
7,88,252,1235,0.0011551960656573312,2.8999999999827775e-07,2,"[5, 26]","[5212, 1038]"
8,88,252,1235,0.0011554960656573294,2.9999999999821836e-07,2,"[5, 26]","[4906, 1211]"
9,88,252,1235,0.0011558560656573273,3.5999999999786203e-07,2,"[5, 26]","[4769, 1553]"
10,88,252,1235,0.0011563260656573245,4.6999999999720876e-07,2,"[5, 26]","[4004, 2155]"
11,88,252,1235,0.0011574760656573176,1.1499999999931704e-06,2,"[5, 26]","[2560, 3658]"
12,88,252,1236,0.001154991635993867,0.001154991635993867,2,"[5, 26]","[5919, 404]"
13,88,252,1236,0.0011556216359938632,6.299999999962586e-07,2,"[5, 26]","[5546, 684]"
14,88,252,1236,0.001156321635993859,6.999999999958428e-07,2,"[5, 26]","[4825, 1415]"
15,88,253,1224,0.0011317929609950587,0.0011317929609950587,3,"[5, 20, 21]","[6224, 2, 30]"
16,88,253,1225,0.001133157924750288,0.001133157924750288,2,"[5, 21]","[5609, 677]"
17,88,253,1225,0.0011345879247502794,1.4299999999915075e-06,3,"[5, 21, 22]","[5856, 374, 3]"
18,88,253,1226,0.001135080153794313,0.001135080153794313,3,"[5, 21, 22]","[5997, 63, 192]"
19,88,253,1226,0.0011361501537943066,1.0699999999936455e-06,2,"[5, 22]","[5414, 861]"
20,88,253,1226,0.0011376101537942979,1.4599999999913293e-06,2,"[5, 22]","[5396, 833]"
21,88,253,1227,0.0011367945075685959,0.0011367945075685959,2,"[5, 22]","[5531, 745]"
22,88,253,1227,0.0011377645075685901,9.699999999942394e-07,2,"[5, 22]","[6098, 155]"
23,88,253,1227,0.0011387445075685843,9.7999999999418e-07,2,"[5, 22]","[6234, 11]"
24,88,253,1228,0.0011390094314948545,0.0011390094314948545,2,"[5, 22]","[6253, 5]"
25,88,253,1228,0.001139939431494849,9.299999999944769e-07,1,[5],[6250]
26,88,253,1228,0.0011408294314948437,8.899999999947145e-07,1,[5],[6294]
27,88,253,1228,0.0011422294314948353,1.3999999999916857e-06,1,[5],[6215]
28,88,253,1229,0.0011412381899373837,0.0011412381899373837,1,[5],[6261]
29,88,253,1229,0.0011421381899373783,8.999999999946551e-07,1,[5],[6315]
30,88,253,1229,0.0011429981899373732,8.599999999948926e-07,1,[5],[6210]
31,88,253,1229,0.001144368189937365,1.3699999999918638e-06,1,[5],[6242]
32,88,253,1230,0.0011432955346602181,0.0011432955346602181,1,[5],[6283]
33,88,253,1230,0.0011440855346602134,7.899999999953083e-07,1,[5],[6258]
34,88,253,1230,0.0011448055346602092,7.199999999957241e-07,1,[5],[6248]
35,88,253,1230,0.0011457855346602033,9.7999999999418e-07,1,[5],[6252]
36,88,253,1231,0.0011452489079556674,0.0011452489079556674,2,"[5, 26]","[6289, 1]"
37,88,253,1231,0.001146008907955663,7.599999999954865e-07,3,"[5, 23, 26]","[6262, 2, 1]"
38,88,253,1231,0.0011466389079556592,6.299999999962586e-07,3,"[5, 23, 26]","[6252, 27, 4]"
39,88,253,1231,0.0011473189079556551,6.799999999959616e-07,3,"[5, 23, 26]","[6106, 122, 6]"
40,88,253,1231,0.0011484489079556484,1.1299999999932892e-06,3,"[5, 23, 26]","[5800, 391, 8]"
41,88,253,1232,0.0011470171775436648,0.0011470171775436648,3,"[5, 23, 26]","[5955, 279, 47]"
42,88,253,1232,0.001147657177543661,6.399999999961992e-07,3,"[5, 23, 26]","[5586, 642, 44]"
43,88,253,1232,0.0011481471775436581,4.8999999999709e-07,3,"[5, 23, 26]","[5537, 697, 65]"
44,88,253,1232,0.0011486071775436554,4.5999999999726815e-07,3,"[5, 23, 26]","[5494, 571, 91]"
45,88,253,1232,0.0011491271775436523,5.199999999969118e-07,3,"[5, 23, 26]","[5803, 390, 100]"
46,88,253,1232,0.0011498171775436482,6.899999999959022e-07,3,"[5, 23, 26]","[5946, 161, 160]"
47,88,253,1232,0.0011515071775436382,1.6899999999899634e-06,3,"[5, 23, 26]","[5923, 18, 245]"
48,88,253,1233,0.0011489851581110895,0.0011489851581110895,3,"[5, 23, 26]","[5618, 274, 390]"
49,88,253,1233,0.0011496551581110855,6.69999999996021e-07,3,"[5, 23, 26]","[5668, 16, 603]"
50,88,253,1233,0.0011501351581110826,4.799999999971494e-07,3,"[5, 23, 26]","[5561, 3, 653]"
51,88,253,1233,0.00115056515811108,4.299999999974463e-07,3,"[5, 23, 26]","[5514, 1, 729]"
52,88,253,1233,0.0011509851581110776,4.199999999975057e-07,2,"[5, 26]","[5473, 846]"
53,88,253,1233,0.001151405158111075,4.199999999975057e-07,2,"[5, 26]","[5420, 848]"
54,88,253,1233,0.0011518751581110723,4.6999999999720876e-07,2,"[5, 26]","[5324, 921]"
55,88,253,1233,0.0011524851581110687,6.099999999963773e-07,2,"[5, 26]","[5216, 1022]"
56,88,253,1233,0.0011536751581110616,1.1899999999929328e-06,2,"[5, 26]","[5040, 1114]"
57,88,253,1234,0.001151082465991467,0.001151082465991467,2,"[5, 26]","[4581, 1671]"
58,88,253,1234,0.0011516724659914636,5.899999999964961e-07,2,"[5, 26]","[4589, 1692]"
59,88,253,1234,0.0011520724659914612,3.999999999976245e-07,2,"[5, 26]","[4563, 1658]"
60,88,253,1234,0.0011524024659914592,3.299999999980402e-07,2,"[5, 26]","[4605, 1661]"
61,88,253,1234,0.0011527024659914575,2.9999999999821836e-07,2,"[5, 26]","[4553, 1702]"
62,88,253,1234,0.0011529924659914557,2.8999999999827775e-07,2,"[5, 26]","[4539, 1792]"
63,88,253,1234,0.001153272465991454,2.7999999999833713e-07,2,"[5, 26]","[4511, 1705]"
64,88,253,1234,0.0011535624659914524,2.8999999999827775e-07,2,"[5, 26]","[4591, 1751]"
65,88,253,1234,0.0011538824659914505,3.199999999980996e-07,2,"[5, 26]","[4339, 1771]"
66,88,253,1234,0.001154282465991448,3.999999999976245e-07,2,"[5, 26]","[4308, 1956]"
67,88,253,1234,0.0011548924659914445,6.099999999963773e-07,2,"[5, 26]","[4083, 2170]"
68,88,253,1235,0.0011531134808366516,0.0011531134808366516,2,"[5, 26]","[4307, 1980]"
69,88,253,1235,0.0011536834808366482,5.699999999966149e-07,2,"[5, 26]","[4583, 1735]"
70,88,253,1235,0.0011540934808366458,4.099999999975651e-07,2,"[5, 26]","[4533, 1740]"
71,88,253,1235,0.0011544434808366437,3.499999999979214e-07,2,"[5, 26]","[4369, 1807]"
72,88,253,1235,0.0011548034808366416,3.5999999999786203e-07,2,"[5, 26]","[4447, 1900]"
73,88,253,1235,0.0011551834808366393,3.7999999999774325e-07,2,"[5, 26]","[4159, 2079]"
74,88,253,1235,0.0011556534808366365,4.6999999999720876e-07,2,"[5, 26]","[3793, 2396]"
75,88,253,1235,0.0011565134808366314,8.599999999948926e-07,2,"[5, 26]","[3043, 3159]"
76,88,253,1236,0.0011557258695594056,0.0011557258695594056,2,"[5, 26]","[5133, 1130]"
77,88,254,1219,0.0011203366149353873,0.0011203366149353873,2,"[5, 19]","[6196, 77]"
78,88,254,1220,0.0011211104787526743,0.0011211104787526743,2,"[5, 19]","[5239, 1017]"
79,88,254,1220,0.0011223904787526667,1.2799999999923983e-06,2,"[5, 19]","[5516, 773]"
80,88,254,1221,0.0011229419417735527,0.0011229419417735527,2,"[5, 19]","[6015, 244]"
81,88,254,1221,0.0011239719417735466,1.029999999993883e-06,2,"[5, 20]","[6280, 5]"
82,88,254,1221,0.0011250619417735401,1.0899999999935267e-06,2,"[5, 20]","[6043, 170]"
83,88,254,1222,0.0011248168195510594,0.0011248168195510594,3,"[5, 19, 20]","[5671, 1, 597]"
84,88,254,1222,0.0011254368195510558,6.199999999963179e-07,2,"[5, 20]","[4471, 1760]"
85,88,254,1222,0.001125916819551053,4.799999999971494e-07,2,"[5, 20]","[4171, 2184]"
86,88,254,1222,0.0011263668195510502,4.4999999999732754e-07,2,"[5, 20]","[4003, 2205]"
87,88,254,1222,0.0011268868195510472,5.199999999969118e-07,2,"[5, 20]","[4462, 1760]"
88,88,254,1222,0.0011276168195510428,7.299999999956647e-07,2,"[5, 20]","[5296, 933]"
89,88,254,1222,0.0011292168195510333,1.599999999990498e-06,2,"[5, 20]","[6102, 148]"
90,88,254,1223,0.0011268792013829146,0.0011268792013829146,2,"[5, 20]","[4471, 1830]"
91,88,254,1223,0.0011278492013829088,9.699999999942394e-07,2,"[5, 20]","[6043, 227]"
92,88,254,1223,0.0011285592013829046,7.099999999957834e-07,2,"[5, 20]","[6219, 8]"
93,88,254,1223,0.001129179201382901,6.199999999963179e-07,1,[5],[6245]
94,88,254,1223,0.0011297892013828973,6.099999999963773e-07,1,[5],[6230]
95,88,254,1223,0.0011304892013828931,6.999999999958428e-07,1,[5],[6272]
96,88,254,1223,0.0011318092013828853,1.3199999999921608e-06,1,[5],[6205]
97,88,254,1224,0.0011299212574813007,0.0011299212574813007,2,"[5, 20]","[6273, 12]"
98,88,254,1224,0.0011306112574812966,6.899999999959022e-07,2,"[5, 21]","[6247, 1]"
99,88,254,1224,0.0011311512574812934,5.39999999996793e-07,2,"[5, 21]","[6234, 8]"
100,88,254,1224,0.0011316512574812904,4.999999999970306e-07,2,"[5, 21]","[6218, 47]"
101,88,254,1224,0.0011322012574812872,5.499999999967337e-07,2,"[5, 21]","[6091, 136]"
102,88,254,1224,0.0011329812574812825,7.799999999953677e-07,2,"[5, 21]","[5859, 384]"
103,88,254,1225,0.0011321053488076386,0.0011321053488076386,2,"[5, 21]","[5997, 324]"
104,88,254,1225,0.0011328153488076344,7.099999999957834e-07,2,"[5, 21]","[5452, 727]"
105,88,254,1225,0.0011334253488076308,6.099999999963773e-07,2,"[5, 21]","[5627, 712]"
106,88,254,1225,0.001134075348807627,6.499999999961398e-07,2,"[5, 21]","[5784, 448]"
107,88,254,1225,0.0011350153488076213,9.399999999944175e-07,3,"[5, 21, 22]","[6048, 130, 15]"
108,88,254,1226,0.0011344201484702126,0.0011344201484702126,3,"[5, 21, 22]","[6109, 136, 36]"
109,88,254,1226,0.0011352701484702076,8.49999999994952e-07,3,"[5, 21, 22]","[5952, 3, 295]"
110,88,254,1226,0.0011359801484702033,7.099999999957834e-07,2,"[5, 22]","[5546, 689]"
111,88,254,1226,0.0011368501484701982,8.699999999948332e-07,2,"[5, 22]","[5352, 891]"
112,88,254,1227,0.0011365552002184681,0.0011365552002184681,2,"[5, 22]","[5499, 766]"
113,88,254,1227,0.001137435200218463,8.799999999947739e-07,2,"[5, 22]","[6063, 235]"
114,88,254,1227,0.0011382352002184582,7.99999999995249e-07,2,"[5, 22]","[6219, 40]"
115,88,254,1227,0.0011393852002184513,1.1499999999931704e-06,2,"[5, 22]","[6209, 2]"
116,88,254,1228,0.0011389696729941572,0.0011389696729941572,2,"[5, 22]","[6295, 8]"
117,88,254,1228,0.0011398896729941518,9.199999999945363e-07,1,[5],[6259]
118,88,254,1228,0.0011407696729941466,8.799999999947739e-07,1,[5],[6228]
119,88,254,1228,0.0011422396729941378,1.46999999999127e-06,1,[5],[6225]
120,88,254,1229,0.001141305071364308,0.001141305071364308,2,"[5, 26]","[6278, 8]"
121,88,254,1229,0.0011422550713643023,9.499999999943581e-07,2,"[5, 26]","[6250, 10]"
122,88,254,1229,0.0011432450713642964,9.899999999941206e-07,2,"[5, 26]","[6197, 7]"
123,88,254,1230,0.0011434812075714676,0.0011434812075714676,3,"[5, 26, 48]","[6117, 161, 2]"
124,88,254,1230,0.001144431207571462,9.499999999943581e-07,3,"[5, 26, 48]","[6171, 97, 1]"
125,88,254,1230,0.001145621207571455,1.1899999999929328e-06,2,"[5, 26]","[6151, 66]"
126,88,254,1231,0.0011454922347294842,0.0011454922347294842,3,"[5, 26, 48]","[5300, 963, 1]"
127,88,254,1231,0.0011464822347294784,9.899999999941206e-07,3,"[5, 23, 26]","[5435, 11, 804]"
128,88,254,1231,0.0011476622347294714,1.1799999999929922e-06,3,"[5, 23, 26]","[5415, 100, 761]"
129,88,254,1232,0.0011469608023022178,0.0011469608023022178,3,"[5, 23, 26]","[2862, 114, 3321]"
130,88,254,1232,0.0011477108023022133,7.499999999955459e-07,3,"[5, 23, 26]","[3223, 343, 2704]"
131,88,254,1232,0.0011483308023022096,6.199999999963179e-07,3,"[5, 23, 26]","[3266, 395, 2524]"
132,88,254,1232,0.0011490308023022055,6.999999999958428e-07,3,"[5, 23, 26]","[3496, 266, 2495]"
133,88,254,1232,0.0011501908023021986,1.159999999993111e-06,3,"[5, 23, 26]","[3726, 97, 2434]"
134,88,254,1233,0.0011486904590348403,0.0011486904590348403,3,"[5, 23, 26]","[1715, 101, 4460]"
135,88,254,1233,0.0011494804590348356,7.899999999953083e-07,3,"[5, 23, 26]","[2219, 14, 4077]"
136,88,254,1233,0.001150070459034832,5.899999999964961e-07,3,"[5, 23, 26]","[2537, 4, 3648]"
137,88,254,1233,0.0011506904590348284,6.199999999963179e-07,2,"[5, 26]","[2656, 3640]"
138,88,254,1233,0.001151440459034824,7.499999999955459e-07,2,"[5, 26]","[2833, 3418]"
139,88,254,1233,0.0011534204590348122,1.979999999988241e-06,2,"[5, 26]","[3077, 3102]"
140,88,254,1234,0.001151354605139958,0.001151354605139958,2,"[5, 26]","[1673, 4601]"
141,88,254,1234,0.0011525646051399508,1.209999999992814e-06,2,"[5, 26]","[2179, 4064]"
142,88,255,1216,0.0011126121304522046,0.0011126121304522046,1,[5],[6280]
143,88,255,1216,0.0011144221304521939,1.8099999999892508e-06,1,[5],[6241]
144,88,255,1217,0.0011140515738857976,0.0011140515738857976,1,[5],[6282]
145,88,255,1217,0.0011150215738857919,9.699999999942394e-07,1,[5],[6288]
146,88,255,1217,0.0011160315738857859,1.0099999999940018e-06,1,[5],[6192]
147,88,255,1218,0.0011159323159752282,0.0011159323159752282,1,[5],[6291]
148,88,255,1218,0.0011167823159752232,8.49999999994952e-07,1,[5],[6246]
149,88,255,1218,0.0011175323159752187,7.499999999955459e-07,1,[5],[6249]
150,88,255,1218,0.001118502315975213,9.699999999942394e-07,1,[5],[6237]
151,88,255,1219,0.0011180987394909033,0.0011180987394909033,1,[5],[6298]
152,88,255,1219,0.0011189087394908985,8.099999999951896e-07,1,[5],[6251]
153,88,255,1219,0.001119668739490894,7.599999999954865e-07,2,"[5, 19]","[6264, 12]"
154,88,255,1219,0.0011206487394908881,9.7999999999418e-07,2,"[5, 19]","[5987, 201]"
155,88,255,1220,0.0011202666364595038,0.0011202666364595038,2,"[5, 19]","[5784, 497]"
156,88,255,1220,0.001121066636459499,7.99999999995249e-07,2,"[5, 19]","[4964, 1307]"
157,88,255,1220,0.0011218366364594945,7.699999999954271e-07,2,"[5, 19]","[5034, 1197]"
158,88,255,1220,0.0011231366364594867,1.2999999999922796e-06,2,"[5, 19]","[5673, 550]"
159,88,255,1221,0.0011227775496147575,0.0011227775496147575,2,"[5, 19]","[5744, 525]"
160,88,255,1221,0.0011241175496147495,1.339999999992042e-06,3,"[5, 19, 20]","[6226, 6, 3]"
161,88,255,1222,0.0011255780123820348,0.0011255780123820348,2,"[5, 20]","[5627, 633]"
162,88,255,1222,0.001127218012382025,1.6399999999902604e-06,2,"[5, 20]","[4991, 1250]"
163,88,255,1223,0.001129268771250783,0.001129268771250783,2,"[5, 20]","[5852, 401]"
164,88,255,1229,0.0011431893250322624,0.0011431893250322624,3,"[5, 26, 48]","[335, 5915, 1]"
165,88,255,1230,0.0011423342375767992,0.0011423342375767992,3,"[5, 26, 48]","[25, 6245, 17]"
166,88,255,1230,0.0011438442375767903,1.5099999999910324e-06,4,"[5, 26, 48, 49]","[109, 6014, 112, 1]"
167,88,255,1231,0.0011440359488824356,0.0011440359488824356,4,"[5, 26, 48, 49]","[12, 6173, 81, 2]"
168,88,255,1231,0.0011451659488824289,1.1299999999932892e-06,3,"[5, 26, 48]","[41, 6219, 15]"
169,88,255,1231,0.0011467159488824197,1.5499999999907949e-06,3,"[5, 23, 26]","[84, 1, 6122]"
170,88,255,1232,0.0011461816767014154,0.0011461816767014154,3,"[5, 26, 48]","[6, 6272, 2]"
171,88,255,1232,0.0011473816767014083,1.1999999999928734e-06,3,"[5, 23, 26]","[40, 1, 6190]"
172,88,255,1232,0.0011500916767013922,2.709999999983906e-06,3,"[5, 23, 26]","[80, 1, 6159]"
173,88,256,1213,0.0011054414413312471,0.0011054414413312471,1,[5],[6262]
174,88,256,1214,0.001106512037504894,0.001106512037504894,1,[5],[6283]
175,88,256,1214,0.0011074820375048882,9.699999999942394e-07,1,[5],[6223]
176,88,256,1214,0.0011084620375048824,9.7999999999418e-07,1,[5],[6275]
177,88,256,1214,0.0011109820375048674,2.519999999985034e-06,1,[5],[6223]
178,88,256,1215,0.0011085095622333492,0.0011085095622333492,1,[5],[6265]
179,88,256,1215,0.001109369562233344,8.599999999948926e-07,1,[5],[6283]
180,88,256,1215,0.0011101095622333397,7.399999999956053e-07,1,[5],[6244]
181,88,256,1215,0.0011109295622333348,8.199999999951302e-07,1,[5],[6220]
182,88,256,1215,0.0011126395622333247,1.7099999999898446e-06,1,[5],[6238]
183,88,256,1216,0.0011110651586880883,0.0011110651586880883,1,[5],[6270]
184,88,256,1216,0.0011120351586880826,9.699999999942394e-07,1,[5],[6249]
185,88,256,1216,0.001112975158688077,9.399999999944175e-07,1,[5],[6291]
186,88,256,1216,0.0011146951586880668,1.7199999999897853e-06,1,[5],[6194]
187,88,256,1217,0.0011139694937135334,0.0011139694937135334,1,[5],[6255]
188,88,256,1217,0.0011154594937135246,1.4899999999911512e-06,1,[5],[6274]
189,88,256,1218,0.001117974138637035,0.001117974138637035,1,[5],[6255]
190,88,256,1227,0.0011358858558863975,0.0011358858558863975,1,[26],[6282]
191,88,256,1228,0.001136713590814552,0.001136713590814552,1,[26],[6294]
192,88,256,1228,0.0011378435908145452,1.1299999999932892e-06,1,[26],[6256]
193,88,256,1228,0.001139553590814535,1.7099999999898446e-06,1,[26],[6208]
194,88,256,1229,0.0011383240484212833,0.0011383240484212833,1,[26],[6294]
195,88,256,1229,0.0011392440484212778,9.199999999945363e-07,1,[26],[6237]
196,88,256,1229,0.0011400840484212728,8.399999999950114e-07,1,[26],[6266]
197,88,256,1229,0.0011411340484212666,1.0499999999937643e-06,1,[26],[6231]
198,88,256,1230,0.0011409208025462785,0.0011409208025462785,1,[26],[6273]
199,88,256,1230,0.001142000802546272,1.079999999993586e-06,2,"[26, 48]","[6234, 7]"
200,88,256,1230,0.0011431508025462652,1.1499999999931704e-06,3,"[26, 48, 49]","[6180, 60, 4]"
201,88,256,1231,0.0011443891131667453,0.0011443891131667453,3,"[26, 48, 49]","[6181, 76, 3]"
202,88,257,1211,0.0010999774035401729,0.0010999774035401729,1,[5],[6256]
203,88,257,1211,0.0011018974035401615,1.9199999999885975e-06,1,[5],[6257]
204,88,257,1212,0.0011012514187818596,0.0011012514187818596,1,[5],[6280]
205,88,257,1212,0.0011021514187818542,8.999999999946551e-07,1,[5],[6269]
206,88,257,1212,0.0011030114187818491,8.599999999948926e-07,1,[5],[6235]
207,88,257,1212,0.0011043014187818415,1.289999999992339e-06,1,[5],[6236]
208,88,257,1213,0.0011033155439199786,0.0011033155439199786,1,[5],[6274]
209,88,257,1213,0.0011042055439199733,8.899999999947145e-07,1,[5],[6272]
210,88,257,1213,0.0011050255439199685,8.199999999951302e-07,1,[5],[6207]
211,88,257,1213,0.0011062255439199613,1.1999999999928734e-06,1,[5],[6262]
212,88,257,1214,0.0011062400577866696,0.0011062400577866696,1,[5],[6260]
213,88,257,1214,0.00110785005778666,1.6099999999904385e-06,1,[5],[6256]
214,88,257,1215,0.0011115308218638648,0.0011115308218638648,1,[5],[6254]
215,88,257,1225,0.0011304531165073483,0.0011304531165073483,3,"[26, 30, 41]","[3555, 2641, 90]"
216,88,257,1225,0.0011317031165073408,1.2499999999925765e-06,2,"[26, 30]","[4155, 2079]"
217,88,257,1226,0.0011320119139828148,0.0011320119139828148,3,"[26, 30, 41]","[5117, 1147, 1]"
218,88,257,1226,0.0011331019139828083,1.0899999999935267e-06,2,"[26, 30]","[6218, 22]"
219,88,257,1226,0.0011341419139828022,1.0399999999938236e-06,1,[26],[6274]
220,88,257,1227,0.0011344287518751156,0.0011344287518751156,2,"[26, 30]","[6278, 1]"
221,88,257,1227,0.0011354987518751092,1.0699999999936455e-06,1,[26],[6270]
222,88,257,1228,0.0011367192038671619,0.0011367192038671619,1,[26],[6254]
223,88,258,1209,0.001094678673632097,0.001094678673632097,1,[5],[6290]
224,88,258,1209,0.0010962486736320876,1.569999999990676e-06,1,[5],[6230]
225,88,258,1210,0.0010959875000408007,0.0010959875000408007,1,[5],[6250]
226,88,258,1210,0.0010968675000407955,8.799999999947739e-07,1,[5],[6323]
227,88,258,1210,0.0010976575000407908,7.899999999953083e-07,1,[5],[6190]
228,88,258,1210,0.0010987475000407843,1.0899999999935267e-06,1,[5],[6261]
229,88,258,1211,0.0010981788675797604,0.0010981788675797604,1,[5],[6304]
230,88,258,1211,0.001099098867579755,9.199999999945363e-07,1,[5],[6223]
231,88,258,1211,0.0011000088675797496,9.099999999945957e-07,1,[5],[6242]
232,88,258,1211,0.0011017488675797392,1.7399999999896665e-06,1,[5],[6234]
233,88,258,1212,0.0011013659039036,0.0011013659039036,1,[5],[6278]
234,88,258,1224,0.0011279277454950964,0.0011279277454950964,3,"[26, 30, 41]","[5651, 2, 638]"
235,88,258,1224,0.00112900774549509,1.079999999993586e-06,2,"[26, 30]","[6242, 24]"
236,88,258,1224,0.0011307177454950798,1.7099999999898446e-06,2,"[26, 30]","[5631, 578]"
237,88,258,1225,0.0011291942021801292,0.0011291942021801292,3,"[26, 30, 41]","[5755, 417, 112]"
238,88,258,1225,0.001129904202180125,7.099999999957834e-07,2,"[26, 30]","[4640, 1586]"
239,88,258,1225,0.0011305042021801214,5.999999999964367e-07,2,"[26, 30]","[4142, 2171]"
240,88,258,1225,0.001131264202180117,7.599999999954865e-07,2,"[26, 30]","[3921, 2257]"
241,88,258,1226,0.001132105836601384,0.001132105836601384,2,"[26, 30]","[4553, 1703]"
242,88,259,1207,0.0010896899214198244,0.0010896899214198244,1,[5],[6273]
243,88,259,1207,0.001091759921419812,2.0699999999877067e-06,1,[5],[6229]
244,88,259,1208,0.0010908231023355613,0.0010908231023355613,1,[5],[6279]
245,88,259,1208,0.001091723102335556,8.999999999946551e-07,1,[5],[6274]
246,88,259,1208,0.001092563102335551,8.399999999950114e-07,1,[5],[6262]
247,88,259,1208,0.0010938031023355436,1.2399999999926359e-06,1,[5],[6197]
248,88,259,1209,0.0010930723456280319,0.0010930723456280319,1,[5],[6296]
249,88,259,1209,0.001094052345628026,9.7999999999418e-07,1,[5],[6258]
250,88,259,1209,0.0010950423456280202,9.899999999941206e-07,1,[5],[6227]
251,88,259,1210,0.0010963007602703494,0.0010963007602703494,1,[5],[6263]
252,88,259,1223,0.0011269913034721263,0.0011269913034721263,3,"[26, 41, 45]","[6248, 3, 5]"
253,88,259,1224,0.0011254921882187959,0.0011254921882187959,3,"[26, 41, 145]","[6250, 19, 2]"
254,88,259,1224,0.0011266121882187892,1.1199999999933485e-06,1,[26],[6266]
255,88,259,1224,0.0011276821882187829,1.0699999999936455e-06,1,[26],[6231]
256,88,259,1224,0.00112984218821877,2.159999999987172e-06,2,"[26, 30]","[6236, 6]"
257,88,260,1205,0.0010847812625739265,0.0010847812625739265,1,[5],[6264]
258,88,260,1206,0.0010857561345830164,0.0010857561345830164,1,[5],[6288]
259,88,260,1206,0.0010867061345830108,9.499999999943581e-07,1,[5],[6232]
260,88,260,1206,0.0010876161345830053,9.099999999945957e-07,1,[5],[6292]
261,88,260,1206,0.0010896561345829932,2.039999999987885e-06,1,[5],[6194]
262,88,260,1207,0.0010877681570036384,0.0010877681570036384,1,[5],[6288]
263,88,260,1207,0.0010886981570036329,9.299999999944769e-07,1,[5],[6295]
264,88,260,1207,0.0010895981570036275,8.999999999946551e-07,1,[5],[6170]
265,88,260,1207,0.0010912281570036179,1.6299999999903197e-06,1,[5],[6248]
266,88,260,1208,0.0010909831859305399,0.0010909831859305399,1,[5],[6282]
267,88,260,1223,0.0011210924542985321,0.0011210924542985321,2,"[26, 45]","[6262, 10]"
268,88,260,1223,0.001122612454298523,1.519999999990973e-06,4,"[26, 45, 46, 145]","[6104, 129, 2, 1]"
269,88,260,1223,0.0011240424542985146,1.4299999999915075e-06,3,"[26, 45, 145]","[6177, 66, 9]"
270,88,260,1224,0.001121691761505395,0.001121691761505395,2,"[26, 45]","[6269, 1]"
271,88,260,1224,0.0011236417615053834,1.9499999999884193e-06,2,"[26, 145]","[6258, 11]"
272,88,260,1224,0.0011251217615053746,1.4799999999912106e-06,2,"[26, 145]","[6241, 3]"
273,88,261,1203,0.0010799606381827892,0.0010799606381827892,1,[5],[6257]
274,88,261,1204,0.0010804572826591716,0.0010804572826591716,1,[5],[6280]
275,88,261,1204,0.0010814472826591657,9.899999999941206e-07,1,[5],[6253]
276,88,261,1204,0.0010825072826591594,1.0599999999937049e-06,1,[5],[6250]
277,88,261,1205,0.001082458520290874,0.001082458520290874,1,[5],[6312]
278,88,261,1205,0.0010833885202908686,9.299999999944769e-07,1,[5],[6252]
279,88,261,1205,0.0010842485202908635,8.599999999948926e-07,1,[5],[6202]
280,88,261,1205,0.0010856485202908551,1.3999999999916857e-06,1,[5],[6245]
281,88,261,1206,0.0010855788763654748,0.0010855788763654748,1,[5],[6257]
282,88,261,1206,0.0010887988763654557,3.219999999980877e-06,1,[5],[6244]
283,88,261,1223,0.0011165454964606105,0.0011165454964606105,1,[26],[6280]
284,88,261,1223,0.0011172754964606062,7.299999999956647e-07,1,[26],[6243]
285,88,261,1223,0.001118135496460601,8.599999999948926e-07,1,[26],[6241]
286,88,261,1223,0.001119485496460593,1.3499999999919826e-06,1,[26],[6281]
287,88,261,1223,0.0011206454964605862,1.159999999993111e-06,2,"[26, 45]","[6215, 1]"
288,88,261,1223,0.0011218954964605787,1.2499999999925765e-06,2,"[26, 45]","[6237, 27]"
289,88,261,1224,0.001116705423513511,0.001116705423513511,1,[26],[6283]
290,88,261,1224,0.001117555423513506,8.49999999994952e-07,1,[26],[6218]
291,88,261,1224,0.0011187854235134988,1.2299999999926953e-06,1,[26],[6257]
292,88,261,1224,0.001120585423513488,1.7999999999893102e-06,1,[26],[6243]
293,88,261,1224,0.0011264054235134535,5.819999999965436e-06,2,"[26, 145]","[6241, 8]"
294,88,262,1201,0.00107539902938459,0.00107539902938459,1,[5],[6260]
295,88,262,1202,0.0010752165474919616,0.0010752165474919616,1,[5],[6273]
296,88,262,1202,0.001076326547491955,1.109999999993408e-06,1,[5],[6242]
297,88,262,1202,0.0010777565474919466,1.4299999999915075e-06,1,[5],[6252]
298,88,262,1203,0.0010771368774424408,0.0010771368774424408,1,[5],[6263]
299,88,262,1203,0.0010780868774424351,9.499999999943581e-07,1,[5],[6312]
300,88,262,1203,0.0010789268774424301,8.399999999950114e-07,1,[5],[6187]
301,88,262,1203,0.001080296877442422,1.3699999999918638e-06,1,[5],[6242]
302,88,262,1204,0.0010799252256179154,0.0010799252256179154,1,[5],[6250]
303,88,262,1204,0.0010815452256179058,1.6199999999903791e-06,1,[5],[6250]
304,88,262,1223,0.0011193484738642651,0.0011193484738642651,1,[26],[6255]
305,88,262,1224,0.001121299156801374,0.001121299156801374,1,[26],[6252]
306,88,263,1200,0.0010698617322113329,0.0010698617322113329,1,[5],[6299]
307,88,263,1200,0.001071021732211326,1.159999999993111e-06,1,[5],[6207]
308,88,263,1200,0.0010728917322113149,1.8699999999888944e-06,1,[5],[6263]
309,88,263,1201,0.0010716143439784378,0.0010716143439784378,1,[5],[6261]
310,88,263,1201,0.0010725543439784322,9.399999999944175e-07,1,[5],[6306]
311,88,263,1201,0.0010733843439784273,8.299999999950708e-07,1,[5],[6193]
312,88,263,1201,0.0010745643439784203,1.1799999999929922e-06,1,[5],[6266]
313,88,263,1202,0.0010743808061416356,0.0010743808061416356,1,[5],[6276]
314,88,263,1202,0.0010757608061416275,1.3799999999918044e-06,1,[5],[6254]
315,88,264,1198,0.0010645568287754677,0.0010645568287754677,1,[5],[6306]
316,88,264,1198,0.0010657068287754608,1.1499999999931704e-06,1,[5],[6211]
317,88,264,1198,0.0010675568287754498,1.8499999999890132e-06,1,[5],[6238]
318,88,264,1199,0.0010661305185819777,0.0010661305185819777,1,[5],[6262]
319,88,264,1199,0.0010670005185819725,8.699999999948332e-07,1,[5],[6303]
320,88,264,1199,0.0010678205185819677,8.199999999951302e-07,1,[5],[6212]
321,88,264,1199,0.0010689705185819608,1.1499999999931704e-06,1,[5],[6233]
322,88,264,1200,0.0010687763839170908,0.0010687763839170908,1,[5],[6251]
323,88,264,1200,0.0010700163839170835,1.2399999999926359e-06,1,[5],[6271]
324,88,264,1200,0.0010723063839170699,2.2899999999864e-06,1,[5],[6229]
325,88,264,1213,0.0011090620693303373,0.0011090620693303373,4,"[51, 119, 122, 134]","[35, 23, 3, 6199]"
326,88,264,1214,0.0011115774459824772,0.0011115774459824772,6,"[51, 119, 122, 128, 133, 134]","[704, 2302, 2, 1, 44, 3206]"
327,88,265,1196,0.0010593876714258858,0.0010593876714258858,2,"[5, 18]","[6170, 97]"
328,88,265,1196,0.001060677671425878,1.289999999992339e-06,1,[5],[6258]
329,88,265,1197,0.0010608367024641133,0.0010608367024641133,1,[5],[6277]
330,88,265,1197,0.0010616867024641082,8.49999999994952e-07,1,[5],[6249]
331,88,265,1197,0.0010624267024641038,7.399999999956053e-07,1,[5],[6303]
332,88,265,1197,0.0010632967024640986,8.699999999948332e-07,1,[5],[6185]
333,88,265,1198,0.0010632716990309887,0.0010632716990309887,1,[5],[6287]
334,88,265,1198,0.0010642616990309828,9.899999999941206e-07,1,[5],[6228]
335,88,265,1198,0.0010653716990309762,1.109999999993408e-06,1,[5],[6245]
336,88,265,1199,0.0010675727614183241,0.0010675727614183241,1,[5],[6261]
337,88,265,1213,0.0011089032346203904,0.0011089032346203904,8,"[51, 119, 122, 123, 128, 131, 133, 134]","[3741, 149, 1779, 17, 36, 1, 43, 488]"
338,88,265,1213,0.001113183234620365,4.279999999974582e-06,8,"[51, 52, 119, 122, 128, 131, 133, 134]","[3783, 132, 2018, 2, 3, 1, 52, 261]"
339,88,265,1214,0.001108373205077794,0.001108373205077794,7,"[51, 119, 122, 128, 131, 133, 134]","[3603, 693, 1037, 41, 1, 829, 105]"
340,88,265,1214,0.0011091132050777895,7.399999999956053e-07,6,"[51, 119, 122, 128, 133, 134]","[2304, 2557, 2, 22, 1272, 109]"
341,88,265,1214,0.0011096332050777864,5.199999999969118e-07,6,"[51, 119, 128, 131, 133, 134]","[1791, 3503, 7, 1, 837, 43]"
342,88,265,1214,0.0011101032050777836,4.6999999999720876e-07,6,"[51, 119, 128, 131, 133, 134]","[1804, 3980, 1, 1, 447, 22]"
343,88,265,1214,0.0011105732050777808,4.6999999999720876e-07,4,"[51, 119, 133, 134]","[1984, 4139, 172, 6]"
344,88,265,1214,0.001111043205077778,4.6999999999720876e-07,4,"[51, 119, 133, 134]","[2293, 3877, 67, 1]"
345,88,265,1214,0.001111543205077775,4.999999999970306e-07,5,"[51, 52, 119, 133, 134]","[2657, 15, 3547, 15, 1]"
346,88,265,1214,0.0011121232050777716,5.799999999965555e-07,3,"[51, 52, 119]","[3293, 57, 2877]"
347,88,265,1214,0.0011128232050777675,6.999999999958428e-07,3,"[51, 52, 119]","[4095, 206, 1963]"
348,88,265,1214,0.0011140032050777605,1.1799999999929922e-06,3,"[51, 52, 119]","[4743, 720, 779]"
349,88,265,1215,0.0011097330004706026,0.0011097330004706026,6,"[51, 119, 122, 128, 133, 134]","[429, 3082, 12, 2, 2758, 2]"
350,88,265,1215,0.0011115430004705919,1.8099999999892508e-06,4,"[51, 52, 119, 133]","[1292, 1, 4447, 503]"
351,88,265,1215,0.0011129730004705834,1.4299999999915075e-06,3,"[51, 52, 119]","[4596, 38, 1615]"
352,88,265,1215,0.0011139930004705773,1.0199999999939424e-06,3,"[51, 52, 119]","[5955, 100, 183]"
353,88,265,1215,0.0011152630004705698,1.2699999999924577e-06,3,"[51, 52, 119]","[6180, 52, 7]"
354,88,266,1194,0.0010540250560681125,0.0010540250560681125,1,[5],[6273]
355,88,266,1194,0.0010557550560681022,1.7299999999897259e-06,2,"[5, 18]","[6216, 24]"
356,88,266,1195,0.001055690069648797,0.001055690069648797,2,"[5, 18]","[6058, 209]"
357,88,266,1195,0.0010565700696487917,8.799999999947739e-07,2,"[5, 18]","[5123, 1126]"
358,88,266,1195,0.0010572600696487876,6.899999999959022e-07,2,"[5, 18]","[4888, 1433]"
359,88,266,1195,0.0010580800696487827,8.199999999951302e-07,2,"[5, 18]","[5214, 984]"
360,88,266,1196,0.0010578388944597061,0.0010578388944597061,2,"[5, 18]","[5255, 1022]"
361,88,266,1196,0.0010588088944597004,9.699999999942394e-07,2,"[5, 18]","[6194, 90]"
362,88,266,1196,0.0010597388944596949,9.299999999944769e-07,1,[5],[6201]
363,88,266,1196,0.0010617688944596828,2.0299999999879442e-06,1,[5],[6246]
364,88,266,1197,0.0010616404541225499,0.0010616404541225499,2,"[5, 18]","[6255, 4]"
365,88,266,1212,0.001106094812637795,0.001106094812637795,3,"[51, 122, 123]","[6095, 143, 16]"
366,88,266,1213,0.0011053331252134555,0.0011053331252134555,3,"[51, 122, 123]","[5061, 1226, 17]"
367,88,266,1213,0.0011058731252134523,5.39999999996793e-07,3,"[51, 122, 123]","[4443, 1831, 34]"
368,88,266,1213,0.0011063331252134496,4.5999999999726815e-07,4,"[51, 122, 123, 128]","[4078, 2098, 23, 1]"
369,88,266,1213,0.0011068531252134465,5.199999999969118e-07,3,"[51, 122, 123]","[3988, 2219, 16]"
370,88,266,1213,0.001107623125213442,7.699999999954271e-07,6,"[51, 119, 122, 123, 128, 133]","[4469, 2, 1755, 8, 15, 9]"
371,88,266,1213,0.0011101531252134269,2.529999999984975e-06,7,"[51, 119, 122, 128, 131, 133, 134]","[5046, 603, 438, 19, 1, 108, 2]"
372,88,266,1214,0.0011065215408900646,0.0011065215408900646,5,"[51, 119, 122, 123, 128]","[2446, 1, 3814, 3, 2]"
373,88,266,1214,0.001107631540890058,1.109999999993408e-06,8,"[51, 119, 122, 123, 124, 128, 131, 133]","[4092, 54, 1917, 1, 4, 25, 2, 181]"
374,88,266,1214,0.0011085615408900525,9.299999999944769e-07,6,"[51, 119, 122, 128, 131, 133]","[3863, 730, 271, 46, 1, 1308]"
375,88,266,1214,0.0011092715408900482,7.099999999957834e-07,5,"[51, 119, 122, 128, 133]","[2204, 2230, 8, 19, 1857]"
376,88,266,1214,0.001109831540890045,5.599999999966743e-07,4,"[51, 119, 128, 133]","[1514, 3572, 6, 1108]"
377,88,266,1214,0.0011103415408900419,5.099999999969712e-07,7,"[51, 52, 119, 122, 128, 131, 133]","[1267, 1, 4514, 1, 2, 1, 493]"
378,88,266,1214,0.001110811540890039,4.6999999999720876e-07,4,"[51, 52, 119, 133]","[1194, 3, 4939, 138]"
379,88,266,1214,0.001111331540890036,5.199999999969118e-07,4,"[51, 52, 119, 133]","[1177, 62, 4928, 33]"
380,88,266,1214,0.0011121315408900313,7.99999999995249e-07,4,"[51, 52, 119, 133]","[1366, 691, 4211, 2]"
381,88,266,1214,0.0011131115408900254,9.7999999999418e-07,3,"[51, 52, 119]","[1099, 4006, 1142]"
382,88,266,1214,0.0011141415408900193,1.029999999993883e-06,3,"[51, 52, 119]","[556, 5588, 93]"
383,88,266,1215,0.001109525368605798,0.001109525368605798,5,"[51, 119, 122, 124, 133]","[471, 1987, 72, 23, 3724]"
384,88,266,1215,0.001111235368605788,1.7099999999898446e-06,4,"[51, 52, 119, 133]","[399, 4, 4692, 1134]"
385,88,266,1215,0.0011155153686057625,4.279999999974582e-06,4,"[51, 52, 119, 133]","[3108, 1535, 1598, 8]"
386,88,267,1191,0.0010475330845047754,0.0010475330845047754,2,"[5, 17]","[4563, 1690]"
387,88,267,1192,0.0010479719862475677,0.0010479719862475677,2,"[5, 17]","[6230, 56]"
388,88,267,1192,0.0010494819862475588,1.5099999999910324e-06,1,[5],[6219]
389,88,267,1193,0.0010497795951157631,0.0010497795951157631,1,[5],[6254]
390,88,267,1193,0.0010507795951157572,9.999999999940612e-07,1,[5],[6267]
391,88,267,1193,0.0010517595951157514,9.7999999999418e-07,1,[5],[6256]
392,88,267,1193,0.0010535595951157407,1.7999999999893102e-06,1,[5],[6223]
393,88,267,1194,0.001052512314046036,0.001052512314046036,1,[5],[6289]
394,88,267,1194,0.001053692314046029,1.1799999999929922e-06,1,[5],[6212]
395,88,267,1194,0.0010553423140460191,1.649999999990201e-06,1,[5],[6259]
396,88,267,1195,0.0010565798787028834,0.0010565798787028834,2,"[5, 18]","[5903, 369]"
397,88,267,1212,0.001105760814769049,0.001105760814769049,3,"[51, 122, 123]","[6279, 14, 1]"
398,88,267,1213,0.0011055039840735998,0.0011055039840735998,3,"[51, 122, 123]","[6063, 250, 6]"
399,88,267,1213,0.001106483984073594,9.7999999999418e-07,3,"[51, 122, 123]","[5663, 550, 11]"
400,88,267,1214,0.0011127106465792318,0.0011127106465792318,8,"[51, 52, 119, 122, 123, 124, 128, 133]","[1995, 695, 2541, 776, 2, 62, 4, 186]"
401,88,268,1189,0.0010406526450707093,0.0010406526450707093,1,[5],[6260]
402,88,268,1190,0.0010416982838367022,0.0010416982838367022,2,"[5, 17]","[6296, 1]"
403,88,268,1190,0.0010429382838366948,1.2399999999926359e-06,2,"[5, 17]","[6168, 80]"
404,88,268,1190,0.001044098283836688,1.159999999993111e-06,3,"[5, 17, 193]","[4809, 1436, 1]"
405,88,268,1190,0.0010453382838366805,1.2399999999926359e-06,4,"[5, 17, 190, 193]","[2430, 3796, 4, 3]"
406,88,268,1191,0.0010436747471267442,0.0010436747471267442,2,"[5, 17]","[5250, 1036]"
407,88,268,1191,0.0010443147471267404,6.399999999961992e-07,4,"[5, 17, 190, 193]","[3713, 2521, 1, 2]"
408,88,268,1191,0.0010448447471267373,5.299999999968524e-07,4,"[5, 17, 190, 193]","[3418, 2822, 3, 1]"
409,88,268,1191,0.001045394747126734,5.499999999967337e-07,4,"[5, 17, 190, 193]","[3844, 2460, 1, 1]"
410,88,268,1191,0.0010462047471267292,8.099999999951896e-07,3,"[5, 17, 190]","[4837, 1398, 1]"
411,88,268,1192,0.001046653263118248,0.001046653263118248,3,"[5, 17, 193]","[5939, 310, 1]"
412,88,268,1192,0.0010479632631182401,1.3099999999922202e-06,1,[5],[6299]
413,88,268,1192,0.001050353263118226,2.3899999999858063e-06,1,[5],[6208]
414,88,268,1193,0.0010517136819519035,0.0010517136819519035,1,[5],[6255]
415,88,269,1187,0.0010334833101344769,0.0010334833101344769,1,[5],[6266]
416,88,269,1187,0.0010352133101344666,1.7299999999897259e-06,1,[5],[6244]
417,88,269,1188,0.0010353243274657425,0.0010353243274657425,1,[5],[6275]
418,88,269,1188,0.0010363643274657363,1.0399999999938236e-06,1,[5],[6253]
419,88,269,1188,0.0010373443274657305,9.7999999999418e-07,1,[5],[6228]
420,88,269,1188,0.0010391943274657195,1.8499999999890132e-06,1,[5],[6259]
421,88,269,1189,0.0010379110854801914,0.0010379110854801914,1,[5],[6285]
422,88,269,1189,0.0010389510854801852,1.0399999999938236e-06,1,[5],[6238]
423,88,269,1189,0.0010399410854801793,9.899999999941206e-07,1,[5],[6236]
424,88,269,1189,0.001041831085480168,1.8899999999887757e-06,1,[5],[6257]
425,88,269,1190,0.0010411273733862004,0.0010411273733862004,1,[5],[6273]
426,88,269,1190,0.0010427673733861907,1.6399999999902604e-06,2,"[5, 17]","[6211, 16]"
427,88,269,1191,0.0010456204673737872,0.0010456204673737872,3,"[5, 17, 190]","[4654, 1596, 2]"
428,88,270,1184,0.0010244740477488986,0.0010244740477488986,1,[5],[6268]
429,88,270,1184,0.0010273340477488816,2.859999999983015e-06,1,[5],[6234]
430,88,270,1185,0.0010263789005439416,0.0010263789005439416,1,[5],[6296]
431,88,270,1185,0.0010275889005439344,1.209999999992814e-06,1,[5],[6219]
432,88,270,1185,0.001028838900543927,1.2499999999925765e-06,1,[5],[6239]
433,88,270,1186,0.0010291736906196903,0.0010291736906196903,1,[5],[6294]
434,88,270,1186,0.0010302136906196841,1.0399999999938236e-06,1,[5],[6213]
435,88,270,1186,0.0010311636906196785,9.499999999943581e-07,1,[5],[6291]
436,88,270,1186,0.00103258369061967,1.419999999991567e-06,1,[5],[6223]
437,88,270,1187,0.001032091244753142,0.001032091244753142,1,[5],[6273]
438,88,270,1187,0.0010333112447531347,1.2199999999927547e-06,1,[5],[6261]
439,88,270,1187,0.0010348412447531256,1.5299999999909136e-06,1,[5],[6237]
440,88,270,1188,0.0010360694371671076,0.0010360694371671076,1,[5],[6267]
441,88,271,1181,0.0010146133919691361,0.0010146133919691361,3,"[5, 15, 16]","[5569, 254, 437]"
442,88,271,1182,0.0010164812683502438,0.0010164812683502438,3,"[5, 15, 16]","[6255, 4, 11]"
443,88,271,1182,0.0010177312683502364,1.2499999999925765e-06,1,[5],[6243]
444,88,271,1182,0.0010191112683502282,1.3799999999918044e-06,1,[5],[6266]
445,88,271,1183,0.0010191022760503343,0.0010191022760503343,1,[5],[6281]
446,88,271,1183,0.001020172276050328,1.0699999999936455e-06,1,[5],[6272]
447,88,271,1183,0.0010211022760503224,9.299999999944769e-07,1,[5],[6237]
448,88,271,1183,0.0010222322760503157,1.1299999999932892e-06,1,[5],[6211]
449,88,271,1184,0.0010222923188431103,0.0010222923188431103,1,[5],[6259]
450,88,271,1184,0.0010234423188431035,1.1499999999931704e-06,1,[5],[6255]
451,88,271,1184,0.0010245523188430969,1.109999999993408e-06,1,[5],[6248]
452,88,271,1184,0.0010265123188430852,1.95999999998836e-06,1,[5],[6248]
453,88,271,1185,0.001026175466280561,0.001026175466280561,1,[5],[6268]
454,88,271,1185,0.0010282454662805488,2.0699999999877067e-06,1,[5],[6237]
455,88,272,1179,0.0010066017697050393,0.0010066017697050393,1,[5],[6287]
456,88,272,1179,0.0010082017697050298,1.599999999990498e-06,1,[5],[6214]
457,88,272,1180,0.0010089254211430752,0.0010089254211430752,1,[5],[6287]
458,88,272,1180,0.0010100154211430687,1.0899999999935267e-06,3,"[5, 15, 16]","[6209, 37, 2]"
459,88,272,1180,0.0010109254211430633,9.099999999945957e-07,3,"[5, 15, 16]","[5642, 504, 71]"
460,88,272,1180,0.0010117654211430583,8.399999999950114e-07,3,"[5, 15, 16]","[4424, 1282, 579]"
461,88,272,1180,0.0010127354211430526,9.699999999942394e-07,3,"[5, 15, 16]","[3592, 993, 1652]"
462,88,272,1181,0.0010117884417680566,0.0010117884417680566,3,"[5, 15, 16]","[4329, 1214, 753]"
463,88,272,1181,0.0010126784417680513,8.899999999947145e-07,3,"[5, 15, 16]","[3994, 606, 1626]"
464,88,272,1181,0.001013568441768046,8.899999999947145e-07,3,"[5, 15, 16]","[5231, 99, 937]"
465,88,272,1181,0.00101459844176804,1.029999999993883e-06,3,"[5, 15, 16]","[6069, 2, 184]"
466,88,272,1181,0.0010164584417680289,1.8599999999889538e-06,2,"[5, 16]","[6214, 2]"
467,88,272,1182,0.0010158859002535922,0.0010158859002535922,3,"[5, 15, 16]","[6215, 14, 59]"
468,88,272,1182,0.0010175659002535822,1.6799999999900228e-06,1,[5],[6222]
469,88,272,1183,0.0010223013705408393,0.0010223013705408393,1,[5],[6250]
470,88,273,1176,0.000997191257864805,0.000997191257864805,2,"[5, 14]","[6148, 130]"
471,88,273,1177,0.0009983249726439277,0.0009983249726439277,2,"[5, 14]","[4850, 1425]"
472,88,273,1177,0.0009995449726439205,1.2199999999927547e-06,2,"[5, 14]","[5340, 889]"
473,88,273,1177,0.0010007449726439134,1.1999999999928734e-06,2,"[5, 14]","[6223, 44]"
474,88,273,1177,0.0010026749726439019,1.929999999988538e-06,1,[5],[6240]
475,88,273,1178,0.0010014262791808546,0.0010014262791808546,2,"[5, 14]","[6217, 77]"
476,88,273,1178,0.0010024962791808482,1.0699999999936455e-06,1,[5],[6211]
477,88,273,1178,0.0010034462791808426,9.499999999943581e-07,1,[5],[6277]
478,88,273,1178,0.0010045062791808363,1.0599999999937049e-06,1,[5],[6247]
479,88,273,1178,0.0010073962791808191,2.889999999982837e-06,1,[5],[6224]
480,88,273,1179,0.001004952675438852,0.001004952675438852,1,[5],[6272]
481,88,273,1179,0.0010062426754388443,1.289999999992339e-06,1,[5],[6228]
482,88,273,1179,0.001007642675438836,1.3999999999916857e-06,1,[5],[6255]
483,88,273,1180,0.0010097667916736325,0.0010097667916736325,3,"[5, 15, 16]","[6259, 4, 1]"
484,88,274,1174,0.0009886811723844565,0.0009886811723844565,4,"[5, 11, 12, 13]","[4449, 1641, 158, 42]"
485,88,274,1174,0.0009900611723844483,1.3799999999918044e-06,4,"[5, 11, 12, 13]","[3824, 672, 1035, 695]"
486,88,274,1175,0.0009903941048304958,0.0009903941048304958,4,"[5, 11, 12, 13]","[4072, 283, 1034, 897]"
487,88,274,1175,0.0009915541048304889,1.159999999993111e-06,3,"[5, 12, 13]","[5628, 169, 422]"
488,88,274,1175,0.000992544104830483,9.899999999941206e-07,3,"[5, 12, 13]","[6281, 5, 27]"
489,88,274,1175,0.000993554104830477,1.0099999999940018e-06,1,[5],[6192]
490,88,274,1175,0.0009952941048304667,1.7399999999896665e-06,1,[5],[6240]
491,88,274,1176,0.0009938203027853067,0.0009938203027853067,4,"[5, 11, 12, 13]","[6232, 1, 13, 16]"
492,88,274,1176,0.0009948703027853004,1.0499999999937643e-06,1,[5],[6257]
493,88,274,1176,0.0009957503027852952,8.799999999947739e-07,2,"[5, 14]","[6264, 1]"
494,88,274,1176,0.0009966803027852897,9.299999999944769e-07,2,"[5, 14]","[6192, 32]"
495,88,274,1176,0.0009979203027852823,1.2399999999926359e-06,2,"[5, 14]","[5472, 809]"
496,88,274,1177,0.000997528507125306,0.000997528507125306,2,"[5, 14]","[5484, 800]"
497,88,274,1177,0.0009985985071252997,1.0699999999936455e-06,2,"[5, 14]","[3971, 2263]"
498,88,274,1177,0.0010000285071252912,1.4299999999915075e-06,2,"[5, 14]","[5171, 1081]"
499,88,275,1172,0.0009818819190644085,0.0009818819190644085,1,[5],[6255]
500,88,275,1173,0.0009832149994098275,0.0009832149994098275,1,[5],[6286]
501,88,275,1173,0.0009844449994098202,1.2299999999926953e-06,1,[5],[6244]
502,88,275,1173,0.0009855749994098135,1.1299999999932892e-06,1,[5],[6240]
503,88,275,1173,0.0009871449994098042,1.569999999990676e-06,2,"[5, 11]","[6208, 34]"
504,88,275,1174,0.0009863965869386319,0.0009863965869386319,2,"[5, 11]","[6291, 12]"
505,88,275,1174,0.0009875065869386253,1.109999999993408e-06,3,"[5, 11, 12]","[5675, 557, 3]"
506,88,275,1174,0.0009883165869386205,8.099999999951896e-07,4,"[5, 11, 12, 13]","[4484, 1704, 65, 11]"
507,88,275,1174,0.000989086586938616,7.699999999954271e-07,4,"[5, 11, 12, 13]","[4084, 1715, 354, 111]"
508,88,275,1174,0.0009899965869386105,9.099999999945957e-07,4,"[5, 11, 12, 13]","[3832, 614, 1003, 764]"
509,88,275,1175,0.0009899648548680664,0.0009899648548680664,4,"[5, 11, 12, 13]","[4008, 490, 1031, 729]"
510,88,275,1175,0.0009914548548680575,1.4899999999911512e-06,4,"[5, 11, 12, 13]","[4797, 4, 402, 1077]"
511,88,275,1175,0.0009953248548680346,3.869999999977017e-06,3,"[5, 12, 13]","[6151, 3, 60]"
512,88,276,1170,0.0009749721809535334,0.0009749721809535334,1,[5],[6250]
513,88,276,1171,0.0009753461842470756,0.0009753461842470756,1,[5],[6284]
514,88,276,1171,0.000976656184247081,1.310000000005339e-06,1,[5],[6258]
515,88,276,1171,0.0009778961842470736,1.2399999999926359e-06,1,[5],[6212]
516,88,276,1171,0.0009807361842470567,2.839999999983134e-06,1,[5],[6250]
517,88,276,1172,0.0009782753081789392,0.0009782753081789392,1,[5],[6255]
518,88,276,1172,0.0009794353081789323,1.159999999993111e-06,1,[5],[6272]
519,88,276,1172,0.0009804753081789261,1.0399999999938236e-06,1,[5],[6224]
520,88,276,1172,0.0009817453081789186,1.2699999999924577e-06,1,[5],[6282]
521,88,276,1173,0.0009826578057028853,0.0009826578057028853,1,[5],[6272]
522,88,276,1173,0.0009850478057028711,2.3899999999858063e-06,1,[5],[6232]
523,88,277,1169,0.0009674588792685975,0.0009674588792685975,2,"[5, 10]","[5561, 701]"
524,88,277,1169,0.0009691688792686059,1.7100000000083845e-06,2,"[5, 10]","[6257, 1]"
525,88,277,1169,0.0009715588792686176,2.3900000000117187e-06,1,[5],[6233]
526,88,277,1170,0.0009700927397136032,0.0009700927397136032,2,"[5, 10]","[6273, 11]"
527,88,277,1170,0.000971282739713609,1.1900000000058348e-06,1,[5],[6223]
528,88,277,1170,0.0009723227397136141,1.0400000000050993e-06,1,[5],[6257]
529,88,277,1170,0.00097353273971362,1.2100000000059329e-06,1,[5],[6260]
530,88,277,1171,0.000974287091648245,0.000974287091648245,1,[5],[6251]
531,88,277,1171,0.0009760670916482537,1.7800000000087277e-06,1,[5],[6259]
532,88,278,1167,0.0009604949463488255,0.0009604949463488255,1,[5],[6263]
533,88,278,1168,0.0009617189726950828,0.0009617189726950828,1,[5],[6264]
534,88,278,1168,0.000962998972695089,1.2800000000062761e-06,2,"[5, 10]","[6236, 1]"
535,88,278,1168,0.000964018972695094,1.0200000000050013e-06,2,"[5, 10]","[6203, 83]"
536,88,278,1168,0.0009650689726950992,1.0500000000051484e-06,2,"[5, 10]","[5416, 836]"
537,88,278,1168,0.0009666789726951071,1.6100000000078942e-06,2,"[5, 10]","[4516, 1708]"
538,88,278,1169,0.0009649004326735853,0.0009649004326735853,2,"[5, 10]","[5379, 885]"
539,88,278,1169,0.0009659504326735905,1.0500000000051484e-06,2,"[5, 10]","[4488, 1783]"
540,88,278,1169,0.0009671204326735962,1.1700000000057368e-06,2,"[5, 10]","[5662, 594]"
541,88,278,1169,0.0009687704326736043,1.6500000000080903e-06,2,"[5, 10]","[6211, 23]"
542,88,279,1166,0.0009537804235572822,0.0009537804235572822,1,[5],[6260]
543,88,279,1166,0.0009552204235572893,1.4400000000070606e-06,1,[5],[6278]
544,88,279,1166,0.0009567304235572967,1.5100000000074039e-06,1,[5],[6232]
545,88,279,1167,0.0009563799377721077,0.0009563799377721077,1,[5],[6301]
546,88,279,1167,0.0009575299377721134,1.1500000000056387e-06,1,[5],[6211]
547,88,279,1167,0.0009584899377721181,9.60000000004707e-07,1,[5],[6285]
548,88,279,1167,0.000959499937772123,1.0100000000049522e-06,1,[5],[6211]
549,88,279,1167,0.0009611699377721312,1.6700000000081884e-06,1,[5],[6246]
550,88,279,1168,0.0009609531801833762,0.0009609531801833762,1,[5],[6253]
551,88,279,1168,0.0009637131801833897,2.760000000013533e-06,2,"[5, 10]","[6258, 1]"
552,88,280,1164,0.0009464964856672504,0.0009464964856672504,1,[5],[6283]
553,88,280,1164,0.0009495164856672652,3.0200000000148077e-06,1,[5],[6221]
554,88,280,1165,0.000948073792487055,0.000948073792487055,1,[5],[6277]
555,88,280,1165,0.0009491937924870605,1.1200000000054916e-06,1,[5],[6241]
556,88,280,1165,0.0009501637924870653,9.700000000047561e-07,1,[5],[6265]
557,88,280,1165,0.0009512637924870707,1.1000000000053935e-06,1,[5],[6264]
558,88,280,1165,0.00095316379248708,1.9000000000093161e-06,1,[5],[6218]
559,88,280,1166,0.0009516867781501776,0.0009516867781501776,1,[5],[6283]
560,88,280,1166,0.000952986778150184,1.3000000000063742e-06,1,[5],[6222]
561,88,280,1166,0.0009543367781501906,1.3500000000066193e-06,1,[5],[6278]
562,88,280,1166,0.0009582767781502099,3.940000000019319e-06,1,[5],[6220]
563,88,281,1162,0.0009418373749998175,0.0009418373749998175,3,"[5, 8, 9]","[5691, 104, 456]"
564,88,281,1163,0.0009400202839588792,0.0009400202839588792,3,"[5, 8, 9]","[6103, 1, 172]"
565,88,281,1163,0.0009413302839588856,1.3100000000064232e-06,1,[5],[6244]
566,88,281,1163,0.000942630283958892,1.3000000000063742e-06,1,[5],[6255]
567,88,281,1163,0.0009450702839589039,2.440000000011964e-06,1,[5],[6231]
568,88,281,1164,0.0009428912970933462,0.0009428912970933462,1,[5],[6295]
569,88,281,1164,0.0009440312970933518,1.1400000000055897e-06,1,[5],[6244]
570,88,281,1164,0.0009449912970933565,9.60000000004707e-07,1,[5],[6262]
571,88,281,1164,0.0009460912970933619,1.1000000000053935e-06,1,[5],[6220]
572,88,281,1164,0.0009480312970933714,1.9400000000095122e-06,1,[5],[6229]
573,88,281,1165,0.0009476950541540856,0.0009476950541540856,1,[5],[6259]
574,88,281,1165,0.000951635054154105,3.940000000019319e-06,1,[5],[6241]
575,88,282,1161,0.0009329092649981832,0.0009329092649981832,2,"[5, 8]","[6237, 28]"
576,88,282,1161,0.000934709264998192,1.8000000000088258e-06,3,"[5, 8, 9]","[5264, 970, 15]"
577,88,282,1162,0.0009344090664308034,0.0009344090664308034,3,"[5, 8, 9]","[4779, 1387, 146]"
578,88,282,1162,0.0009351790664308072,7.700000000037755e-07,3,"[5, 8, 9]","[3846, 1161, 1277]"
579,88,282,1162,0.00093574906643081,5.700000000027948e-07,3,"[5, 8, 9]","[3593, 347, 2291]"
580,88,282,1162,0.0009362990664308127,5.500000000026968e-07,3,"[5, 8, 9]","[3704, 91, 2425]"
581,88,282,1162,0.0009370090664308162,7.100000000034813e-07,3,"[5, 8, 9]","[4568, 9, 1660]"
582,88,282,1162,0.0009380690664308214,1.0600000000051974e-06,2,"[5, 9]","[5874, 357]"
583,88,282,1163,0.000937463759368176,0.000937463759368176,3,"[5, 8, 9]","[3622, 67, 2566]"
584,88,282,1163,0.0009390737593681839,1.6100000000078942e-06,2,"[5, 9]","[6242, 19]"
585,88,282,1163,0.0009405037593681909,1.4300000000070116e-06,1,[5],[6248]
586,88,282,1163,0.0009436637593682064,3.160000000015494e-06,1,[5],[6236]
587,88,283,1159,0.0009254038507538474,0.0009254038507538474,3,"[5, 6, 7]","[4447, 84, 1734]"
588,88,283,1159,0.0009285538507538628,3.150000000015445e-06,2,"[5, 7]","[5755, 486]"
589,88,283,1160,0.0009273624557281231,0.0009273624557281231,2,"[5, 7]","[6074, 196]"
590,88,283,1160,0.0009285424557281289,1.1800000000057858e-06,1,[5],[6266]
591,88,283,1160,0.0009296924557281346,1.1500000000056387e-06,1,[5],[6232]
592,88,283,1160,0.0009317124557281445,2.0200000000099045e-06,1,[5],[6243]
593,88,283,1161,0.0009305047311427425,0.0009305047311427425,1,[5],[6267]
594,88,283,1161,0.0009317747311427487,1.270000000006227e-06,1,[5],[6255]
595,88,283,1161,0.0009331747311427555,1.4000000000068645e-06,2,"[5, 8]","[6223, 24]"
596,88,283,1162,0.0009350518715649174,0.0009350518715649174,3,"[5, 8, 9]","[4959, 1008, 290]"
597,88,284,1157,0.0009203421635812857,0.0009203421635812857,2,"[5, 6]","[6236, 19]"
598,88,284,1158,0.0009202299078967463,0.0009202299078967463,3,"[5, 6, 196]","[6123, 128, 3]"
599,88,284,1158,0.0009212099078967511,9.800000000048052e-07,3,"[5, 6, 196]","[4744, 1538, 10]"
600,88,284,1158,0.0009218199078967541,6.10000000002991e-07,3,"[5, 6, 196]","[3466, 2834, 9]"
601,88,284,1158,0.0009223699078967568,5.500000000026968e-07,4,"[5, 6, 7, 196]","[2954, 3188, 2, 5]"
602,88,284,1158,0.0009230799078967603,7.100000000034813e-07,4,"[5, 6, 7, 196]","[3189, 3035, 35, 2]"
603,88,284,1158,0.0009249199078967693,1.840000000009022e-06,3,"[5, 6, 7]","[3594, 1186, 1464]"
604,88,284,1159,0.0009224461577831782,0.0009224461577831782,4,"[5, 6, 7, 196]","[4911, 1316, 33, 8]"
605,88,284,1159,0.0009233961577831828,9.500000000046581e-07,3,"[5, 6, 7]","[5159, 534, 601]"
606,88,284,1159,0.000924036157783186,6.400000000031381e-07,3,"[5, 6, 7]","[4131, 82, 2077]"
607,88,284,1159,0.0009245361577831884,5.000000000024516e-07,3,"[5, 6, 7]","[2996, 15, 3196]"
608,88,284,1159,0.0009249861577831906,4.5000000000220645e-07,3,"[5, 6, 7]","[2441, 2, 3808]"
609,88,284,1159,0.0009254561577831929,4.700000000023045e-07,2,"[5, 7]","[2343, 3867]"
610,88,284,1159,0.0009261761577831965,7.200000000035303e-07,2,"[5, 7]","[2731, 3542]"
611,88,284,1160,0.0009266431637504015,0.0009266431637504015,4,"[5, 6, 7, 196]","[4681, 3, 1577, 1]"
612,88,284,1160,0.0009302931637504194,3.6500000000178967e-06,2,"[5, 7]","[6225, 13]"
613,88,285,1156,0.0009129827258178754,0.0009129827258178754,2,"[1, 5]","[238, 6030]"
614,88,285,1156,0.0009144027258178824,1.4200000000069626e-06,1,[5],[6236]
615,88,285,1156,0.0009162527258178915,1.850000000009071e-06,1,[5],[6251]
616,88,285,1157,0.0009154248591450819,0.0009154248591450819,2,"[1, 5]","[113, 6139]"
617,88,285,1157,0.0009165048591450872,1.0800000000052955e-06,1,[5],[6257]
618,88,285,1157,0.000917484859145092,9.800000000048052e-07,1,[5],[6287]
619,88,285,1157,0.000918704859145098,1.220000000005982e-06,1,[5],[6210]
620,88,285,1158,0.000919221714236185,0.000919221714236185,3,"[1, 5, 6]","[73, 6209, 1]"
621,88,285,1158,0.0009208817142361931,1.6600000000081393e-06,3,"[5, 6, 196]","[5881, 341, 1]"
622,88,285,1158,0.0009225217142362011,1.6400000000080413e-06,4,"[5, 6, 7, 196]","[3462, 2775, 1, 13]"
623,88,285,1159,0.0009266089949017507,0.0009266089949017507,5,"[1, 5, 6, 7, 196]","[44, 3091, 712, 2401, 2]"
624,88,286,1154,0.0009047824239959434,0.0009047824239959434,2,"[1, 5]","[5658, 695]"
625,88,286,1154,0.0009052024239959455,4.2000000000205935e-07,2,"[1, 5]","[5402, 789]"
626,88,286,1154,0.0009055524239959472,3.500000000017161e-07,2,"[1, 5]","[5316, 953]"
627,88,286,1154,0.0009059024239959489,3.500000000017161e-07,2,"[1, 5]","[5058, 1132]"
628,88,286,1154,0.000906332423995951,4.300000000021084e-07,2,"[1, 5]","[4744, 1543]"
629,88,286,1154,0.0009070624239959546,7.300000000035793e-07,2,"[1, 5]","[3536, 2709]"
630,88,286,1154,0.0009093324239959657,2.2700000000111303e-06,2,"[1, 5]","[703, 5521]"
631,88,286,1155,0.000905418715093858,0.000905418715093858,2,"[1, 5]","[6028, 277]"
632,88,286,1155,0.0009058487150938601,4.300000000021084e-07,2,"[1, 5]","[6010, 296]"
633,88,286,1155,0.0009061687150938617,3.2000000000156903e-07,2,"[1, 5]","[5917, 349]"
634,88,286,1155,0.0009064687150938631,3.0000000000147097e-07,2,"[1, 5]","[5788, 438]"
635,88,286,1155,0.0009067987150938648,3.3000000000161806e-07,2,"[1, 5]","[5663, 669]"
636,88,286,1155,0.0009071987150938667,4.000000000019613e-07,2,"[1, 5]","[5163, 1025]"
637,88,286,1155,0.0009078187150938698,6.2000000000304e-07,2,"[1, 5]","[3762, 2378]"
638,88,286,1155,0.0009087987150938746,9.800000000048052e-07,2,"[1, 5]","[919, 5321]"
639,88,286,1155,0.0009097887150938794,9.900000000048542e-07,2,"[1, 5]","[25, 6266]"
640,88,286,1155,0.0009108587150938847,1.0700000000052464e-06,1,[5],[6212]
641,88,286,1155,0.0009139987150939001,3.140000000015396e-06,1,[5],[6246]
642,88,286,1156,0.0009063880038436067,0.0009063880038436067,2,"[1, 5]","[6255, 4]"
643,88,286,1156,0.0009068180038436088,4.300000000021084e-07,2,"[1, 5]","[6366, 6]"
644,88,286,1156,0.0009071680038436105,3.500000000017161e-07,2,"[1, 5]","[6222, 12]"
645,88,286,1156,0.0009075480038436124,3.800000000018632e-07,2,"[1, 5]","[6169, 18]"
646,88,286,1156,0.0009081380038436153,5.900000000028929e-07,2,"[1, 5]","[6167, 80]"
647,88,286,1156,0.0009108080038436284,2.6700000000130916e-06,2,"[1, 5]","[2498, 3709]"
648,88,286,1156,0.0009123480038436359,1.540000000007551e-06,1,[5],[6260]
649,88,286,1156,0.0009138780038436434,1.530000000007502e-06,1,[5],[6244]
650,88,286,1157,0.0009071747875143595,0.0009071747875143595,1,[1],[6320]
651,88,286,1157,0.0009076547875143618,4.800000000023535e-07,1,[1],[6296]
652,88,286,1157,0.0009081147875143641,4.600000000022555e-07,2,"[1, 5]","[6171, 1]"
653,88,286,1157,0.0009089547875143682,8.400000000041187e-07,1,[1],[6221]
654,88,286,1158,0.000907839475449865,0.000907839475449865,1,[1],[6292]
655,88,286,1158,0.0009083794754498677,5.400000000026477e-07,1,[1],[6227]
656,88,286,1158,0.0009091094754498713,7.300000000035793e-07,1,[1],[6265]
657,88,286,1159,0.0009083690171813784,0.0009083690171813784,1,[1],[6308]
658,88,286,1159,0.0009090490171813817,6.800000000033342e-07,1,[1],[6194]
659,88,286,1160,0.0009088547635872358,0.0009088547635872358,1,[1],[6276]
660,88,286,1160,0.0009097547635872402,9.000000000044129e-07,1,[1],[6239]
661,88,286,1161,0.0009092741669806965,0.0009092741669806965,1,[1],[6311]
662,88,286,1161,0.000911224166980706,1.9500000000095613e-06,1,[1],[6189]
663,88,286,1162,0.0009096365443811087,0.0009096365443811087,1,[1],[6297]
664,88,286,1163,0.0009101258056224542,0.0009101258056224542,1,[1],[6278]
665,88,286,1164,0.0009108602661066678,0.0009108602661066678,1,[1],[6259]
666,88,287,1138,0.0009525115843960227,0.0009525115843960227,2,"[151, 152]","[4694, 1568]"
667,88,287,1154,0.0009045001680756415,0.0009045001680756415,2,"[1, 5]","[5582, 680]"
668,88,287,1154,0.0009048601680756433,3.6000000000176516e-07,2,"[1, 5]","[5672, 798]"
669,88,287,1154,0.0009051201680756446,2.6000000000127484e-07,2,"[1, 5]","[5328, 797]"
670,88,287,1154,0.0009053501680756457,2.3000000000112774e-07,2,"[1, 5]","[5355, 874]"
671,88,287,1154,0.0009055801680756468,2.3000000000112774e-07,2,"[1, 5]","[5316, 958]"
672,88,287,1154,0.000905820168075648,2.4000000000117677e-07,2,"[1, 5]","[5207, 997]"
673,88,287,1154,0.0009061101680756494,2.9000000000142193e-07,2,"[1, 5]","[5143, 1203]"
674,88,287,1154,0.0009065001680756513,3.9000000000191225e-07,2,"[1, 5]","[4715, 1504]"
675,88,287,1154,0.0009074301680756559,9.3000000000456e-07,2,"[1, 5]","[3575, 2558]"
676,88,287,1155,0.0009052571846734153,0.0009052571846734153,2,"[1, 5]","[6012, 321]"
677,88,287,1155,0.0009056471846734172,3.9000000000191225e-07,2,"[1, 5]","[5983, 248]"
678,88,287,1155,0.0009059371846734186,2.9000000000142193e-07,2,"[1, 5]","[5963, 241]"
679,88,287,1155,0.0009061971846734199,2.6000000000127484e-07,2,"[1, 5]","[6173, 267]"
680,88,287,1155,0.000906437184673421,2.4000000000117677e-07,2,"[1, 5]","[5875, 281]"
681,88,287,1155,0.0009066971846734223,2.6000000000127484e-07,2,"[1, 5]","[5839, 316]"
682,88,287,1155,0.0009070071846734238,3.1000000000152e-07,2,"[1, 5]","[5836, 471]"
683,88,287,1155,0.000907447184673426,4.400000000021574e-07,2,"[1, 5]","[5497, 679]"
684,88,287,1155,0.0009093771846734355,1.930000000009463e-06,2,"[1, 5]","[3370, 2881]"
685,88,287,1156,0.0009062671068324684,0.0009062671068324684,1,[1],[6393]
686,88,287,1156,0.0009066371068324702,3.700000000018142e-07,2,"[1, 5]","[6259, 3]"
687,88,287,1156,0.0009069171068324716,2.800000000013729e-07,2,"[1, 5]","[6141, 4]"
688,88,287,1156,0.0009071871068324729,2.7000000000132387e-07,2,"[1, 5]","[6365, 5]"
689,88,287,1156,0.0009074571068324743,2.7000000000132387e-07,2,"[1, 5]","[6235, 5]"
690,88,287,1156,0.0009077971068324759,3.400000000016671e-07,2,"[1, 5]","[6218, 8]"
691,88,287,1156,0.0009084071068324789,6.10000000002991e-07,2,"[1, 5]","[6121, 30]"
692,88,287,1157,0.0009069391591050905,0.0009069391591050905,1,[1],[6294]
693,88,287,1157,0.0009072891591050922,3.500000000017161e-07,1,[1],[6208]
694,88,287,1157,0.0009075691591050936,2.800000000013729e-07,1,[1],[6341]
695,88,287,1157,0.0009078191591050948,2.500000000012258e-07,1,[1],[6174]
696,88,287,1157,0.0009080891591050961,2.7000000000132387e-07,1,[1],[6343]
697,88,287,1157,0.0009084291591050978,3.400000000016671e-07,1,[1],[6234]
698,88,287,1157,0.0009091291591051012,7.000000000034323e-07,1,[1],[6187]
699,88,287,1158,0.0009074525392281147,0.0009074525392281147,1,[1],[6306]
700,88,287,1158,0.0009078025392281165,3.500000000017161e-07,1,[1],[6387]
701,88,287,1158,0.0009080725392281178,2.7000000000132387e-07,1,[1],[6163]
702,88,287,1158,0.000908322539228119,2.500000000012258e-07,1,[1],[6237]
703,88,287,1158,0.0009085825392281203,2.6000000000127484e-07,1,[1],[6269]
704,88,287,1158,0.0009089125392281219,3.3000000000161806e-07,1,[1],[6279]
705,88,287,1158,0.0009095925392281252,6.800000000033342e-07,1,[1],[6151]
706,88,287,1159,0.0009078664657558527,0.0009078664657558527,1,[1],[6387]
707,88,287,1159,0.0009082064657558544,3.400000000016671e-07,1,[1],[6230]
708,88,287,1159,0.0009084764657558557,2.7000000000132387e-07,1,[1],[6374]
709,88,287,1159,0.0009087064657558569,2.3000000000112774e-07,1,[1],[6026]
710,88,287,1159,0.0009089564657558581,2.500000000012258e-07,1,[1],[6312]
711,88,287,1159,0.0009092464657558595,2.9000000000142193e-07,1,[1],[6190]
712,88,287,1159,0.0009097764657558621,5.300000000025987e-07,1,[1],[6269]
713,88,287,1160,0.0009082111099237444,0.0009082111099237444,1,[1],[6339]
714,88,287,1160,0.0009085511099237461,3.400000000016671e-07,1,[1],[6231]
715,88,287,1160,0.0009088111099237473,2.6000000000127484e-07,1,[1],[6367]
716,88,287,1160,0.0009090511099237485,2.4000000000117677e-07,1,[1],[6244]
717,88,287,1160,0.0009093011099237497,2.500000000012258e-07,1,[1],[6245]
718,88,287,1160,0.0009095911099237512,2.9000000000142193e-07,1,[1],[6078]
719,88,287,1160,0.0009101211099237538,5.300000000025987e-07,1,[1],[6293]
720,88,287,1161,0.0009085541747534865,0.0009085541747534865,1,[1],[6374]
721,88,287,1161,0.0009089041747534882,3.500000000017161e-07,1,[1],[6266]
722,88,287,1161,0.0009091741747534896,2.7000000000132387e-07,1,[1],[6195]
723,88,287,1161,0.0009094241747534908,2.500000000012258e-07,1,[1],[6170]
724,88,287,1161,0.0009097041747534922,2.800000000013729e-07,1,[1],[6288]
725,88,287,1161,0.000910084174753494,3.800000000018632e-07,1,[1],[6289]
726,88,287,1162,0.0009088062199199675,0.0009088062199199675,1,[1],[6311]
727,88,287,1162,0.0009091462199199692,3.400000000016671e-07,1,[1],[6298]
728,88,287,1162,0.0009094062199199704,2.6000000000127484e-07,1,[1],[6198]
729,88,287,1162,0.0009096562199199717,2.500000000012258e-07,1,[1],[6429]
730,88,287,1162,0.000909916219919973,2.6000000000127484e-07,1,[1],[6089]
731,88,287,1162,0.0009102462199199746,3.3000000000161806e-07,1,[1],[6318]
732,88,287,1162,0.0009110662199199786,8.200000000040206e-07,1,[1],[6111]
733,88,287,1163,0.0009090369952082714,0.0009090369952082714,1,[1],[6385]
734,88,287,1163,0.000909366995208273,3.3000000000161806e-07,1,[1],[6259]
735,88,287,1163,0.0009096269952082743,2.6000000000127484e-07,1,[1],[6326]
736,88,287,1163,0.0009098669952082754,2.4000000000117677e-07,1,[1],[6311]
737,88,287,1163,0.0009101169952082767,2.500000000012258e-07,1,[1],[6056]
738,88,287,1163,0.0009104369952082782,3.2000000000156903e-07,1,[1],[6221]
739,88,287,1163,0.0009110869952082814,6.500000000031871e-07,1,[1],[6205]
740,88,287,1164,0.0009092384780723897,0.0009092384780723897,1,[1],[6385]
741,88,287,1164,0.0009095684780723913,3.3000000000161806e-07,1,[1],[6137]
742,88,287,1164,0.0009098384780723926,2.7000000000132387e-07,1,[1],[6449]
743,88,287,1164,0.0009100784780723938,2.4000000000117677e-07,1,[1],[6094]
744,88,287,1164,0.000910338478072395,2.6000000000127484e-07,1,[1],[6285]
745,88,287,1164,0.0009106684780723967,3.3000000000161806e-07,1,[1],[6313]
746,88,287,1164,0.0009114884780724007,8.200000000040206e-07,1,[1],[6092]
747,88,287,1165,0.0009093878624973848,0.0009093878624973848,1,[1],[6336]
748,88,287,1165,0.0009097278624973865,3.400000000016671e-07,1,[1],[6280]
749,88,287,1165,0.0009099878624973878,2.6000000000127484e-07,1,[1],[6308]
750,88,287,1165,0.0009102278624973889,2.4000000000117677e-07,1,[1],[6086]
751,88,287,1165,0.0009104878624973902,2.6000000000127484e-07,1,[1],[6248]
752,88,287,1165,0.0009108178624973918,3.3000000000161806e-07,1,[1],[6257]
753,88,287,1165,0.0009118278624973968,1.0100000000049522e-06,1,[1],[6237]
754,88,287,1166,0.0009095457948556884,0.0009095457948556884,1,[1],[6304]
755,88,287,1166,0.0009098957948556901,3.500000000017161e-07,1,[1],[6337]
756,88,287,1166,0.0009101657948556915,2.7000000000132387e-07,1,[1],[6313]
757,88,287,1166,0.0009104157948556927,2.500000000012258e-07,1,[1],[6239]
758,88,287,1166,0.000910675794855694,2.6000000000127484e-07,1,[1],[6106]
759,88,287,1166,0.0009110457948556958,3.700000000018142e-07,1,[1],[6236]
760,88,287,1167,0.0009097202106919063,0.0009097202106919063,1,[1],[6366]
761,88,287,1167,0.0009100802106919081,3.6000000000176516e-07,1,[1],[6340]
762,88,287,1167,0.0009103602106919095,2.800000000013729e-07,1,[1],[6280]
763,88,287,1167,0.0009106302106919108,2.7000000000132387e-07,1,[1],[6133]
764,88,287,1167,0.0009109502106919124,3.2000000000156903e-07,1,[1],[6205]
765,88,287,1167,0.0009115102106919151,5.600000000027458e-07,1,[1],[6200]
766,88,287,1168,0.0009098920278899816,0.0009098920278899816,1,[1],[6357]
767,88,287,1168,0.0009102520278899834,3.6000000000176516e-07,1,[1],[6319]
768,88,287,1168,0.0009105420278899848,2.9000000000142193e-07,1,[1],[6112]
769,88,287,1168,0.0009108420278899863,3.0000000000147097e-07,1,[1],[6294]
770,88,287,1168,0.0009112120278899881,3.700000000018142e-07,1,[1],[6305]
771,88,287,1169,0.0009100329527935792,0.0009100329527935792,1,[1],[6264]
772,88,287,1169,0.0009104129527935811,3.800000000018632e-07,1,[1],[6250]
773,88,287,1169,0.0009107229527935826,3.1000000000152e-07,1,[1],[6259]
774,88,287,1169,0.0009110429527935842,3.2000000000156903e-07,1,[1],[6380]
775,88,287,1169,0.0009114929527935864,4.5000000000220645e-07,1,[1],[6138]
776,88,287,1170,0.0009101868810102667,0.0009101868810102667,1,[1],[6314]
777,88,287,1170,0.0009105868810102687,4.000000000019613e-07,1,[1],[6352]
778,88,287,1170,0.0009109168810102703,3.3000000000161806e-07,1,[1],[6110]
779,88,287,1170,0.0009113168810102722,4.000000000019613e-07,1,[1],[6306]
780,88,287,1170,0.000912296881010277,9.800000000048052e-07,1,[1],[6175]
781,88,287,1171,0.0009102813266066718,0.0009102813266066718,1,[1],[6308]
782,88,287,1171,0.0009106913266066738,4.100000000020103e-07,1,[1],[6316]
783,88,287,1171,0.0009110613266066756,3.700000000018142e-07,1,[1],[6277]
784,88,287,1171,0.0009115213266066779,4.600000000022555e-07,1,[1],[6173]
785,88,287,1172,0.0009103575582351877,0.0009103575582351877,1,[1],[6363]
786,88,287,1172,0.0009107775582351897,4.2000000000205935e-07,1,[1],[6274]
787,88,287,1172,0.0009111475582351915,3.700000000018142e-07,1,[1],[6125]
788,88,287,1172,0.0009116675582351941,5.200000000025497e-07,1,[1],[6311]
789,88,287,1173,0.0009104374435680184,0.0009104374435680184,1,[1],[6332]
790,88,287,1173,0.0009108674435680205,4.300000000021084e-07,1,[1],[6299]
791,88,287,1173,0.0009112674435680225,4.000000000019613e-07,1,[1],[6174]
792,88,287,1173,0.0009118774435680255,6.10000000002991e-07,1,[1],[6209]
793,88,287,1174,0.0009104965309336689,0.0009104965309336689,1,[1],[6335]
794,88,287,1174,0.000910936530933671,4.400000000021574e-07,1,[1],[6210]
795,88,287,1174,0.0009113965309336733,4.600000000022555e-07,1,[1],[6228]
796,88,287,1175,0.0009105243305325864,0.0009105243305325864,1,[1],[6252]
797,88,287,1175,0.0009110243305325889,5.000000000024516e-07,1,[1],[6307]
798,88,287,1175,0.0009116043305325917,5.800000000028439e-07,1,[1],[6214]
799,88,287,1176,0.0009106153557821253,0.0009106153557821253,1,[1],[6314]
800,88,287,1176,0.000911185355782128,5.700000000027948e-07,1,[1],[6207]
801,88,287,1176,0.000913015355782137,1.8300000000089729e-06,1,[1],[6230]
802,88,287,1177,0.0009107061884309545,0.0009107061884309545,1,[1],[6257]
803,88,287,1177,0.0009114361884309581,7.300000000035793e-07,1,[1],[6303]
804,88,287,1178,0.0009108167549338607,0.0009108167549338607,1,[1],[6316]
805,88,287,1178,0.0009119967549338665,1.1800000000057858e-06,1,[1],[6190]
806,88,287,1179,0.0009108830937539614,0.0009108830937539614,1,[1],[6293]
807,88,287,1180,0.0009109550881398085,0.0009109550881398085,1,[1],[6256]
808,88,287,1181,0.0009111405539803835,0.0009111405539803835,1,[1],[6291]
809,88,287,1182,0.0009114495833146386,0.0009114495833146386,1,[1],[6255]
810,88,287,1183,0.0009121223159308487,0.0009121223159308487,1,[1],[6250]
811,88,288,1166,0.0009107672451501813,0.0009107672451501813,1,[1],[6260]
812,88,288,1167,0.0009105241374086502,0.0009105241374086502,1,[1],[6297]
813,88,288,1168,0.0009104935514049152,0.0009104935514049152,1,[1],[6262]
814,88,288,1168,0.0009115635514049204,1.0700000000052464e-06,1,[1],[6243]
815,88,288,1169,0.0009104859194742255,0.0009104859194742255,1,[1],[6281]
816,88,288,1169,0.0009112059194742291,7.200000000035303e-07,1,[1],[6225]
817,88,288,1170,0.0009105506032872943,0.0009105506032872943,1,[1],[6301]
818,88,288,1170,0.0009112506032872978,7.000000000034323e-07,1,[1],[6261]
819,88,288,1171,0.0009105586527915576,0.0009105586527915576,1,[1],[6251]
820,88,288,1171,0.0009111686527915606,6.10000000002991e-07,1,[1],[6277]
821,88,288,1172,0.0009105713871443586,0.0009105713871443586,1,[1],[6322]
822,88,288,1172,0.0009111313871443613,5.600000000027458e-07,1,[1],[6202]
823,88,288,1172,0.0009121113871443661,9.800000000048052e-07,1,[1],[6241]
824,88,288,1173,0.000910575709910784,0.000910575709910784,1,[1],[6257]
825,88,288,1173,0.0009111057099107866,5.300000000025987e-07,1,[1],[6251]
826,88,288,1173,0.0009118357099107901,7.300000000035793e-07,1,[1],[6254]
827,88,288,1174,0.000910567140932548,0.000910567140932548,1,[1],[6313]
828,88,288,1174,0.0009110771409325505,5.100000000025006e-07,1,[1],[6282]
829,88,288,1174,0.0009117071409325536,6.30000000003089e-07,1,[1],[6183]
830,88,288,1175,0.0009104987076681801,0.0009104987076681801,1,[1],[6295]
831,88,288,1175,0.0009109787076681824,4.800000000023535e-07,1,[1],[6229]
832,88,288,1175,0.000911508707668185,5.300000000025987e-07,1,[1],[6282]
833,88,288,1176,0.0009104543468573479,0.0009104543468573479,1,[1],[6275]
834,88,288,1176,0.0009109343468573502,4.800000000023535e-07,1,[1],[6311]
835,88,288,1176,0.0009114243468573526,4.900000000024026e-07,1,[1],[6218]
836,88,288,1177,0.0009104019463647601,0.0009104019463647601,1,[1],[6283]
837,88,288,1177,0.0009108419463647623,4.400000000021574e-07,1,[1],[6230]
838,88,288,1177,0.0009112619463647643,4.2000000000205935e-07,1,[1],[6250]
839,88,288,1177,0.0009120219463647681,7.600000000037264e-07,1,[1],[6242]
840,88,288,1178,0.0009103401901604316,0.0009103401901604316,1,[1],[6321]
841,88,288,1178,0.0009107701901604337,4.300000000021084e-07,1,[1],[6320]
842,88,288,1178,0.0009111501901604356,3.800000000018632e-07,1,[1],[6208]
843,88,288,1178,0.0009116801901604382,5.300000000025987e-07,1,[1],[6224]
844,88,288,1179,0.0009102471836319477,0.0009102471836319477,1,[1],[6266]
845,88,288,1179,0.0009106471836319497,4.000000000019613e-07,1,[1],[6301]
846,88,288,1179,0.0009109971836319514,3.500000000017161e-07,1,[1],[6251]
847,88,288,1179,0.0009114171836319535,4.2000000000205935e-07,1,[1],[6262]
848,88,288,1180,0.0009101486164464887,0.0009101486164464887,1,[1],[6315]
849,88,288,1180,0.0009105386164464907,3.9000000000191225e-07,1,[1],[6251]
850,88,288,1180,0.0009108686164464923,3.3000000000161806e-07,1,[1],[6269]
851,88,288,1180,0.0009112386164464941,3.700000000018142e-07,1,[1],[6236]
852,88,288,1180,0.0009119286164464975,6.900000000033832e-07,1,[1],[6180]
853,88,288,1181,0.0009100964834312098,0.0009100964834312098,1,[1],[6257]
854,88,288,1181,0.0009104964834312117,4.000000000019613e-07,1,[1],[6346]
855,88,288,1181,0.0009108364834312134,3.400000000016671e-07,1,[1],[6232]
856,88,288,1181,0.0009112164834312153,3.800000000018632e-07,1,[1],[6185]
857,88,288,1181,0.0009122164834312202,1.0000000000049032e-06,1,[1],[6230]
858,88,288,1182,0.0009100079732233816,0.0009100079732233816,1,[1],[6289]
859,88,288,1182,0.0009103979732233835,3.9000000000191225e-07,1,[1],[6230]
860,88,288,1182,0.0009107479732233852,3.500000000017161e-07,1,[1],[6263]
861,88,288,1182,0.0009111479732233871,4.000000000019613e-07,1,[1],[6219]
862,88,288,1182,0.0009123979732233933,1.250000000006129e-06,1,[1],[6251]
863,88,288,1183,0.0009099165840873952,0.0009099165840873952,1,[1],[6332]
864,88,288,1183,0.0009103065840873971,3.9000000000191225e-07,1,[1],[6265]
865,88,288,1183,0.0009106365840873987,3.3000000000161806e-07,1,[1],[6154]
866,88,288,1183,0.0009110165840874006,3.800000000018632e-07,1,[1],[6330]
867,88,288,1183,0.0009118565840874047,8.400000000041187e-07,1,[1],[6195]
868,88,288,1184,0.0009098497293625083,0.0009098497293625083,1,[1],[6357]
869,88,288,1184,0.0009102497293625103,4.000000000019613e-07,1,[1],[6238]
870,88,288,1184,0.000910599729362512,3.500000000017161e-07,1,[1],[6267]
871,88,288,1184,0.000911009729362514,4.100000000020103e-07,1,[1],[6233]
872,88,288,1185,0.0009097565692327389,0.0009097565692327389,1,[1],[6361]
873,88,288,1185,0.0009101465692327408,3.9000000000191225e-07,1,[1],[6266]
874,88,288,1185,0.0009104865692327425,3.400000000016671e-07,1,[1],[6295]
875,88,288,1185,0.0009108665692327444,3.800000000018632e-07,1,[1],[6211]
876,88,288,1185,0.0009116365692327481,7.700000000037755e-07,1,[1],[6130]
877,88,288,1186,0.0009097028429305756,0.0009097028429305756,3,"[1, 2, 3]","[6293, 11, 4]"
878,88,288,1186,0.0009100828429305774,3.800000000018632e-07,3,"[1, 2, 3]","[6235, 10, 3]"
879,88,288,1186,0.0009104228429305791,3.400000000016671e-07,3,"[1, 2, 3]","[6328, 8, 3]"
880,88,288,1186,0.0009107928429305809,3.700000000018142e-07,3,"[1, 2, 3]","[6232, 7, 2]"
881,88,288,1186,0.0009114728429305843,6.800000000033342e-07,3,"[1, 2, 3]","[6109, 9, 5]"
882,88,288,1187,0.000909585428797202,0.000909585428797202,3,"[1, 2, 3]","[5324, 677, 375]"
883,88,288,1187,0.0009099454287972038,3.6000000000176516e-07,3,"[1, 2, 3]","[5173, 704, 333]"
884,88,288,1187,0.0009102354287972052,2.9000000000142193e-07,3,"[1, 2, 3]","[5175, 706, 366]"
885,88,288,1187,0.0009105154287972066,2.800000000013729e-07,3,"[1, 2, 3]","[5205, 701, 313]"
886,88,288,1187,0.0009108654287972083,3.500000000017161e-07,3,"[1, 2, 3]","[5156, 735, 341]"
887,88,288,1187,0.000911815428797213,9.500000000046581e-07,3,"[1, 2, 3]","[5106, 769, 342]"
888,88,288,1188,0.0009098067303052309,0.0009098067303052309,3,"[1, 2, 3]","[4633, 1107, 570]"
889,88,288,1188,0.0009102967303052333,4.900000000024026e-07,3,"[1, 2, 3]","[4491, 1184, 643]"
890,88,288,1188,0.0009108367303052359,5.400000000026477e-07,3,"[1, 2, 3]","[4334, 1273, 603]"
891,88,294,1163,0.0010663869373603427,0.0010663869373603427,4,"[53, 54, 87, 106]","[124, 6143, 2, 6]"
892,88,294,1164,0.0010660641442436824,0.0010660641442436824,5,"[53, 54, 87, 90, 106]","[312, 5953, 1, 1, 23]"
893,88,294,1164,0.0010671641442436758,1.0999999999934673e-06,4,"[53, 54, 90, 106]","[1494, 4693, 1, 28]"
894,88,294,1164,0.0010683441442436688,1.1799999999929922e-06,3,"[53, 54, 106]","[2775, 3481, 4]"
895,88,294,1165,0.0010682727572562105,0.0010682727572562105,3,"[53, 54, 106]","[3209, 3096, 3]"
896,88,294,1165,0.0010692727572562046,9.999999999940612e-07,2,"[53, 54]","[2999, 3217]"
897,88,295,1163,0.0010654271360291702,0.0010654271360291702,4,"[53, 54, 90, 106]","[3124, 3041, 2, 90]"
898,88,295,1163,0.0010660871360291663,6.599999999960804e-07,4,"[53, 54, 87, 106]","[2788, 3286, 2, 186]"
899,88,295,1163,0.0010666971360291627,6.099999999963773e-07,4,"[53, 54, 90, 106]","[3390, 2660, 1, 231]"
900,88,295,1163,0.0010674171360291584,7.199999999957241e-07,3,"[53, 54, 106]","[4369, 1671, 166]"
901,88,295,1164,0.0010653187846485276,0.0010653187846485276,5,"[53, 54, 87, 90, 106]","[2130, 3899, 1, 1, 253]"
902,88,295,1164,0.0010658287846485245,5.099999999969712e-07,3,"[53, 54, 106]","[2024, 3860, 437]"
903,88,295,1164,0.0010662087846485223,3.7999999999774325e-07,3,"[53, 54, 106]","[2368, 3445, 479]"
904,88,295,1164,0.0010665387846485203,3.299999999980402e-07,3,"[53, 54, 106]","[2707, 3076, 452]"
905,88,295,1164,0.0010668787846485183,3.399999999979808e-07,3,"[53, 54, 106]","[3045, 2735, 398]"
906,88,295,1164,0.001067248784648516,3.6999999999780264e-07,4,"[53, 54, 90, 106]","[3382, 2586, 1, 307]"
907,88,295,1164,0.0010676787846485136,4.299999999974463e-07,3,"[53, 54, 106]","[3439, 2615, 183]"
908,88,295,1164,0.0010682487846485102,5.699999999966149e-07,3,"[53, 54, 106]","[3426, 2692, 60]"
909,88,295,1165,0.0010677460123809962,0.0010677460123809962,3,"[53, 54, 106]","[3407, 2722, 174]"
910,88,295,1165,0.0010687060123809905,9.599999999942987e-07,3,"[53, 54, 106]","[3294, 2925, 5]"
911,88,296,1163,0.0010650474928614356,0.0010650474928614356,3,"[53, 54, 106]","[6195, 62, 27]"
912,88,296,1163,0.0010657674928614314,7.199999999957241e-07,4,"[53, 54, 90, 106]","[6025, 119, 1, 146]"
913,88,296,1163,0.0010664574928614273,6.899999999959022e-07,4,"[53, 54, 87, 106]","[5826, 148, 1, 267]"
914,88,296,1163,0.001067167492861423,7.099999999957834e-07,3,"[53, 54, 106]","[5888, 104, 235]"
915,88,296,1163,0.0010682274928614168,1.0599999999937049e-06,3,"[53, 54, 106]","[6077, 44, 86]"
916,88,296,1164,0.001065382983826924,0.001065382983826924,3,"[53, 54, 106]","[5796, 189, 278]"
917,88,296,1164,0.0010662729838269186,8.899999999947145e-07,3,"[53, 54, 106]","[4892, 397, 1009]"
918,88,296,1164,0.001067402983826912,1.1299999999932892e-06,3,"[53, 54, 106]","[4533, 547, 1125]"
