,event,pixel_x,pixel_y,reset_time,TSLR,nMCParticles,MC_TrackIDs,MC_Weights
0,69,240,1166,0.0005958077310675563,0.0005958077310675563,1,[5],[6290]
1,69,240,1166,0.0005964477310675594,6.400000000031381e-07,2,"[5, 31]","[6212, 1]"
2,69,240,1166,0.0005973677310675639,9.20000000004511e-07,3,"[5, 31, 32]","[6192, 89, 2]"
3,69,240,1167,0.0005953566901784707,0.0005953566901784707,1,[5],[6336]
4,69,240,1167,0.0005957166901784725,3.6000000000176516e-07,3,"[5, 31, 32]","[6319, 2, 3]"
5,69,240,1167,0.0005959966901784738,2.800000000013729e-07,3,"[5, 31, 32]","[6137, 17, 5]"
6,69,240,1167,0.0005962666901784752,2.7000000000132387e-07,3,"[5, 31, 32]","[6222, 70, 26]"
7,69,240,1167,0.0005965266901784764,2.6000000000127484e-07,3,"[5, 31, 32]","[6039, 170, 106]"
8,69,240,1167,0.0005967866901784777,2.6000000000127484e-07,3,"[5, 31, 32]","[5520, 361, 245]"
9,69,240,1167,0.000597046690178479,2.6000000000127484e-07,3,"[5, 31, 32]","[5054, 751, 489]"
10,69,240,1167,0.0005972966901784802,2.500000000012258e-07,3,"[5, 31, 32]","[4414, 1238, 718]"
11,69,240,1167,0.0005975266901784813,2.3000000000112774e-07,3,"[5, 31, 32]","[3525, 1702, 812]"
12,69,240,1167,0.0005977566901784825,2.3000000000112774e-07,3,"[5, 31, 32]","[3299, 2168, 923]"
13,69,240,1167,0.0005980066901784837,2.500000000012258e-07,3,"[5, 31, 32]","[2956, 2477, 824]"
14,69,240,1167,0.0005982866901784851,2.800000000013729e-07,3,"[5, 31, 32]","[2893, 2588, 655]"
15,69,240,1167,0.0005986666901784869,3.800000000018632e-07,3,"[5, 31, 32]","[3303, 2562, 401]"
16,69,240,1167,0.0005994266901784907,7.600000000037264e-07,3,"[5, 31, 32]","[4490, 1582, 130]"
17,69,240,1168,0.0005969851163501888,0.0005969851163501888,3,"[5, 31, 32]","[262, 5077, 914]"
18,69,240,1168,0.0005974951163501913,5.100000000025006e-07,3,"[5, 31, 32]","[83, 4183, 2018]"
19,69,240,1168,0.0005981251163501944,6.30000000003089e-07,3,"[5, 31, 32]","[96, 3514, 2657]"
20,69,241,1166,0.0005989018408003612,0.0005989018408003612,2,"[5, 31]","[6244, 25]"
21,69,241,1166,0.0006022618408003777,3.360000000016475e-06,2,"[5, 31]","[6229, 2]"
22,69,241,1166,0.0006067918408003999,4.5300000000222116e-06,2,"[5, 28]","[6255, 1]"
23,69,241,1167,0.0005970702534134893,0.0005970702534134893,3,"[5, 31, 32]","[5893, 323, 68]"
24,69,241,1167,0.0005976902534134923,6.2000000000304e-07,3,"[5, 31, 32]","[5559, 545, 210]"
25,69,241,1167,0.0005981602534134946,4.700000000023045e-07,3,"[5, 31, 32]","[5693, 398, 139]"
26,69,241,1167,0.0005985502534134966,3.9000000000191225e-07,3,"[5, 31, 32]","[5943, 197, 52]"
27,69,241,1167,0.0005989002534134983,3.500000000017161e-07,3,"[5, 31, 32]","[6186, 60, 15]"
28,69,241,1167,0.0005992402534134999,3.400000000016671e-07,3,"[5, 31, 32]","[6377, 19, 3]"
29,69,241,1167,0.0005995702534135016,3.3000000000161806e-07,3,"[5, 31, 32]","[6190, 2, 1]"
30,69,241,1167,0.0005999002534135032,3.3000000000161806e-07,2,"[5, 31]","[6193, 2]"
31,69,241,1167,0.0006002602534135049,3.6000000000176516e-07,2,"[5, 31]","[6289, 1]"
32,69,241,1167,0.0006006202534135067,3.6000000000176516e-07,1,[5],[6286]
33,69,241,1167,0.0006009802534135085,3.6000000000176516e-07,1,[5],[6108]
34,69,241,1167,0.0006013502534135103,3.700000000018142e-07,1,[5],[6293]
35,69,241,1167,0.0006017302534135122,3.800000000018632e-07,1,[5],[6349]
36,69,241,1167,0.000602110253413514,3.800000000018632e-07,1,[5],[6183]
37,69,241,1167,0.000602520253413516,4.100000000020103e-07,1,[5],[6274]
38,69,241,1167,0.000602930253413518,4.100000000020103e-07,1,[5],[6246]
39,69,241,1167,0.0006033502534135201,4.2000000000205935e-07,1,[5],[6296]
40,69,241,1167,0.0006037902534135223,4.400000000021574e-07,1,[5],[6236]
41,69,241,1167,0.0006042802534135247,4.900000000024026e-07,1,[5],[6233]
42,69,241,1167,0.0006048402534135274,5.600000000027458e-07,1,[5],[6261]
43,69,241,1167,0.0006055002534135306,6.600000000032361e-07,1,[5],[6218]
44,69,241,1167,0.0006063102534135346,8.100000000039716e-07,2,"[5, 28]","[6222, 1]"
45,69,241,1167,0.0006077802534135418,1.4700000000072077e-06,2,"[5, 28]","[6059, 152]"
46,69,241,1168,0.0005969814370105158,0.0005969814370105158,3,"[5, 31, 32]","[43, 6152, 61]"
47,69,241,1168,0.0006006214370105336,3.6400000000178477e-06,3,"[5, 31, 32]","[1624, 4179, 445]"
48,69,241,1169,0.0005956775733021135,0.0005956775733021135,1,[31],[6309]
49,69,241,1169,0.0005962375733021163,5.600000000027458e-07,1,[31],[6225]
50,69,241,1169,0.0005971575733021208,9.20000000004511e-07,1,[31],[6231]
51,69,241,1170,0.0005949759209724274,0.0005949759209724274,1,[31],[6312]
52,69,241,1170,0.0005958459209724317,8.700000000042658e-07,1,[31],[6192]
53,69,242,1166,0.0006070954497888753,0.0006070954497888753,2,"[5, 28]","[6210, 40]"
54,69,242,1166,0.0006084954497888822,1.4000000000068645e-06,2,"[5, 28]","[4942, 1322]"
55,69,242,1166,0.0006098054497888886,1.3100000000064232e-06,2,"[5, 28]","[5647, 631]"
56,69,242,1166,0.0006113054497888959,1.5000000000073548e-06,2,"[5, 28]","[6237, 7]"
57,69,242,1166,0.0006137354497889079,2.430000000011915e-06,2,"[5, 27]","[6184, 45]"
58,69,242,1167,0.0006032547065534666,0.0006032547065534666,2,"[5, 31]","[6261, 1]"
59,69,242,1167,0.0006046047065534732,1.3500000000066193e-06,1,[5],[6299]
60,69,242,1167,0.0006054647065534774,8.600000000042168e-07,1,[5],[6247]
61,69,242,1167,0.0006060647065534803,6.000000000029419e-07,1,[5],[6240]
62,69,242,1167,0.0006065647065534828,5.000000000024516e-07,2,"[5, 28]","[6279, 11]"
63,69,242,1167,0.000607024706553485,4.600000000022555e-07,2,"[5, 28]","[6230, 74]"
64,69,242,1167,0.0006074647065534872,4.400000000021574e-07,2,"[5, 28]","[5820, 381]"
65,69,242,1167,0.0006078547065534891,3.9000000000191225e-07,2,"[5, 28]","[5289, 965]"
66,69,242,1167,0.0006082247065534909,3.700000000018142e-07,2,"[5, 28]","[4706, 1523]"
67,69,242,1167,0.0006086047065534928,3.800000000018632e-07,2,"[5, 28]","[4687, 1547]"
68,69,242,1167,0.000609044706553495,4.400000000021574e-07,2,"[5, 28]","[5139, 1114]"
69,69,242,1167,0.0006095747065534976,5.300000000025987e-07,2,"[5, 28]","[5800, 408]"
70,69,242,1167,0.0006102247065535007,6.500000000031871e-07,2,"[5, 28]","[6250, 45]"
71,69,242,1167,0.0006110447065535048,8.200000000040206e-07,2,"[5, 28]","[6187, 1]"
72,69,242,1167,0.0006123347065535111,1.2900000000063251e-06,1,[5],[6263]
73,69,242,1170,0.0005950035578051755,0.0005950035578051755,1,[31],[6250]
74,69,242,1171,0.0005934518252423331,0.0005934518252423331,2,"[31, 34]","[6194, 115]"
75,69,242,1171,0.0005940818252423362,6.30000000003089e-07,2,"[31, 34]","[6180, 11]"
76,69,242,1172,0.0005922654926271233,0.0005922654926271233,2,"[31, 34]","[4860, 1430]"
77,69,242,1172,0.0005926854926271253,4.2000000000205935e-07,2,"[31, 34]","[4353, 1868]"
78,69,242,1172,0.0005930854926271273,4.000000000019613e-07,2,"[31, 34]","[4400, 1844]"
79,69,242,1172,0.0005937154926271304,6.30000000003089e-07,2,"[31, 34]","[4789, 1475]"
80,69,242,1173,0.0005919300722787396,0.0005919300722787396,2,"[31, 34]","[6236, 73]"
81,69,242,1173,0.0005932200722787459,1.2900000000063251e-06,2,"[31, 34]","[5365, 829]"
82,69,243,1166,0.0006117391843978268,0.0006117391843978268,2,"[5, 28]","[6200, 70]"
83,69,243,1166,0.0006128391843978322,1.1000000000053935e-06,2,"[5, 27]","[6224, 26]"
84,69,243,1166,0.0006135691843978358,7.300000000035793e-07,2,"[5, 27]","[5882, 427]"
85,69,243,1166,0.0006141591843978387,5.900000000028929e-07,2,"[5, 27]","[5207, 1096]"
86,69,243,1166,0.0006146591843978411,5.000000000024516e-07,2,"[5, 27]","[5050, 1095]"
87,69,243,1166,0.0006151991843978438,5.400000000026477e-07,2,"[5, 27]","[5739, 581]"
88,69,243,1166,0.0006157591843978465,5.600000000027458e-07,2,"[5, 27]","[6117, 135]"
89,69,243,1166,0.0006163491843978494,5.900000000028929e-07,2,"[5, 27]","[6210, 5]"
90,69,243,1166,0.0006170091843978526,6.600000000032361e-07,1,[5],[6227]
91,69,243,1166,0.0006177291843978562,7.200000000035303e-07,1,[5],[6245]
92,69,243,1166,0.0006185691843978603,8.400000000041187e-07,1,[5],[6260]
93,69,243,1166,0.0006196291843978655,1.0600000000051974e-06,1,[5],[6239]
94,69,243,1166,0.0006212891843978736,1.6600000000081393e-06,1,[5],[6243]
95,69,243,1167,0.0006106984817457026,0.0006106984817457026,2,"[5, 28]","[6046, 231]"
96,69,243,1167,0.0006119484817457087,1.250000000006129e-06,1,[5],[6265]
97,69,243,1167,0.0006128584817457132,9.100000000044619e-07,2,"[5, 27]","[6190, 27]"
98,69,243,1167,0.000613648481745717,7.900000000038735e-07,2,"[5, 27]","[5874, 464]"
99,69,243,1167,0.0006143184817457203,6.700000000032852e-07,2,"[5, 27]","[4828, 1413]"
100,69,243,1167,0.0006150984817457242,7.800000000038245e-07,2,"[5, 27]","[5022, 1185]"
101,69,243,1167,0.0006163384817457302,1.24000000000608e-06,2,"[5, 27]","[6079, 159]"
102,69,243,1167,0.0006188584817457426,2.520000000012356e-06,1,[5],[6222]
103,69,243,1173,0.0005916015072557563,0.0005916015072557563,2,"[31, 34]","[6248, 3]"
104,69,243,1174,0.0005903919370536082,0.0005903919370536082,1,[31],[6272]
105,69,243,1174,0.000590961937053611,5.700000000027948e-07,1,[31],[6334]
106,69,243,1174,0.0005919019370536156,9.40000000004609e-07,1,[31],[6157]
107,69,243,1175,0.0005897584881130674,0.0005897584881130674,1,[31],[6252]
108,69,243,1175,0.0005905984881130716,8.400000000041187e-07,1,[31],[6251]
109,69,244,1165,0.0006261572669414575,0.0006261572669414575,3,"[5, 26, 27]","[5813, 438, 2]"
110,69,244,1166,0.0006173668753173707,0.0006173668753173707,2,"[5, 27]","[6105, 169]"
111,69,244,1166,0.0006186768753173771,1.3100000000064232e-06,1,[5],[6247]
112,69,244,1166,0.0006195768753173816,9.000000000044129e-07,1,[5],[6258]
113,69,244,1166,0.0006203168753173852,7.400000000036284e-07,1,[5],[6296]
114,69,244,1166,0.0006209668753173884,6.500000000031871e-07,1,[5],[6188]
115,69,244,1166,0.0006215568753173913,5.900000000028929e-07,1,[5],[6330]
116,69,244,1166,0.000622116875317394,5.600000000027458e-07,1,[5],[6166]
117,69,244,1166,0.0006226868753173968,5.700000000027948e-07,1,[5],[6265]
118,69,244,1166,0.0006232568753173996,5.700000000027948e-07,1,[5],[6230]
119,69,244,1166,0.0006238468753174025,5.900000000028929e-07,2,"[5, 26]","[6278, 2]"
120,69,244,1166,0.0006244568753174055,6.10000000002991e-07,2,"[5, 26]","[6241, 53]"
121,69,244,1166,0.0006250468753174084,5.900000000028929e-07,2,"[5, 26]","[5713, 499]"
122,69,244,1166,0.000625586875317411,5.400000000026477e-07,2,"[5, 26]","[4902, 1329]"
123,69,244,1166,0.0006261468753174138,5.600000000027458e-07,2,"[5, 26]","[4688, 1573]"
124,69,244,1166,0.0006269068753174175,7.600000000037264e-07,3,"[5, 25, 26]","[5521, 3, 749]"
125,69,244,1166,0.0006279968753174228,1.0900000000053445e-06,3,"[5, 25, 26]","[5673, 474, 51]"
126,69,244,1166,0.0006295268753174303,1.530000000007502e-06,3,"[5, 25, 26]","[3645, 2621, 1]"
127,69,244,1167,0.000620295173299635,0.000620295173299635,2,"[5, 27]","[6073, 177]"
128,69,244,1175,0.0005898644060124584,0.0005898644060124584,1,[31],[6259]
129,69,244,1176,0.0005884099515558598,0.0005884099515558598,1,[31],[6274]
130,69,244,1176,0.0005889799515558626,5.700000000027948e-07,1,[31],[6263]
131,69,244,1177,0.0005878026990059975,0.0005878026990059975,1,[31],[6348]
132,69,244,1177,0.0005884626990060008,6.600000000032361e-07,1,[31],[6165]
133,69,245,1165,0.0006284746893079936,0.0006284746893079936,3,"[5, 25, 26]","[5241, 772, 266]"
134,69,245,1165,0.0006299146893080006,1.4400000000070606e-06,2,"[5, 25]","[5136, 1114]"
135,69,245,1165,0.0006311946893080069,1.2800000000062761e-06,2,"[5, 25]","[6212, 15]"
136,69,245,1165,0.0006322946893080123,1.1000000000053935e-06,1,[5],[6307]
137,69,245,1165,0.0006334446893080179,1.1500000000056387e-06,1,[5],[6236]
138,69,245,1165,0.0006350146893080256,1.570000000007698e-06,1,[5],[6230]
139,69,245,1166,0.000625556558426917,0.000625556558426917,2,"[5, 26]","[5376, 933]"
140,69,245,1166,0.0006266765584269225,1.1200000000054916e-06,3,"[5, 25, 26]","[5007, 7, 1196]"
141,69,245,1166,0.000627596558426927,9.20000000004511e-07,3,"[5, 25, 26]","[5951, 255, 77]"
142,69,245,1166,0.00062821655842693,6.2000000000304e-07,2,"[5, 25]","[4684, 1618]"
143,69,245,1166,0.0006286965584269324,4.800000000023535e-07,2,"[5, 25]","[3781, 2413]"
144,69,245,1166,0.0006292165584269349,5.200000000025497e-07,2,"[5, 25]","[4075, 2195]"
145,69,245,1166,0.0006299065584269383,6.900000000033832e-07,2,"[5, 25]","[5235, 980]"
146,69,245,1166,0.0006307865584269426,8.800000000043148e-07,2,"[5, 25]","[6157, 76]"
147,69,245,1166,0.0006319065584269481,1.1200000000054916e-06,1,[5],[6247]
148,69,245,1166,0.0006338765584269578,1.9700000000096593e-06,1,[5],[6247]
149,69,245,1177,0.0005882415453582875,0.0005882415453582875,2,"[31, 36]","[6293, 1]"
150,69,245,1178,0.0005877698122549681,0.0005877698122549681,2,"[31, 36]","[6241, 132]"
151,69,245,1178,0.0005882398122549704,4.700000000023045e-07,2,"[31, 36]","[5852, 340]"
152,69,245,1178,0.0005889198122549737,6.800000000033342e-07,2,"[31, 36]","[5557, 655]"
153,69,245,1179,0.0005887444432979636,0.0005887444432979636,2,"[31, 36]","[4009, 2283]"
154,69,246,1164,0.0006405709723845477,0.0006405709723845477,2,"[5, 24]","[5376, 882]"
155,69,246,1165,0.0006333576525448604,0.0006333576525448604,2,"[5, 25]","[6250, 20]"
156,69,246,1165,0.0006344576525448657,1.1000000000053935e-06,1,[5],[6252]
157,69,246,1165,0.0006352776525448698,8.200000000040206e-07,1,[5],[6285]
158,69,246,1165,0.0006359776525448732,7.000000000034323e-07,1,[5],[6217]
159,69,246,1165,0.0006366276525448764,6.500000000031871e-07,1,[5],[6311]
160,69,246,1165,0.0006372476525448794,6.2000000000304e-07,1,[5],[6268]
161,69,246,1165,0.0006378876525448826,6.400000000031381e-07,2,"[5, 24]","[6176, 17]"
162,69,246,1165,0.0006385576525448858,6.700000000032852e-07,2,"[5, 24]","[5984, 264]"
163,69,246,1165,0.000639207652544889,6.500000000031871e-07,2,"[5, 24]","[5030, 1258]"
164,69,246,1165,0.0006399276525448926,7.200000000035303e-07,2,"[5, 24]","[4425, 1797]"
165,69,246,1165,0.0006414376525449,1.5100000000074039e-06,2,"[5, 24]","[5475, 734]"
166,69,246,1166,0.0006342277071880664,0.0006342277071880664,3,"[5, 25, 26]","[6200, 54, 3]"
167,69,246,1178,0.0005889167370273764,0.0005889167370273764,2,"[31, 36]","[4797, 1478]"
168,69,246,1179,0.0005880302246565915,0.0005880302246565915,4,"[31, 36, 229, 230]","[5460, 865, 1, 4]"
169,69,246,1179,0.0005883902246565933,3.6000000000176516e-07,2,"[31, 36]","[5246, 970]"
170,69,246,1179,0.000588740224656595,3.500000000017161e-07,2,"[31, 36]","[5233, 1122]"
171,69,246,1179,0.0005893702246565981,6.30000000003089e-07,2,"[31, 36]","[4820, 1290]"
172,69,247,1164,0.0006416366245159069,0.0006416366245159069,3,"[5, 23, 24]","[5774, 2, 501]"
173,69,247,1164,0.0006428066245159126,1.1700000000057368e-06,2,"[5, 23]","[5778, 477]"
174,69,247,1164,0.0006435666245159163,7.600000000037264e-07,2,"[5, 23]","[4700, 1626]"
175,69,247,1164,0.00064430662451592,7.400000000036284e-07,2,"[5, 23]","[4870, 1283]"
176,69,247,1164,0.0006452066245159244,9.000000000044129e-07,2,"[5, 23]","[6052, 218]"
177,69,247,1164,0.0006461766245159291,9.700000000047561e-07,2,"[5, 23]","[6220, 5]"
178,69,247,1164,0.0006474466245159354,1.270000000006227e-06,1,[5],[6264]
179,69,247,1165,0.0006392114360546105,0.0006392114360546105,2,"[5, 24]","[5382, 924]"
180,69,247,1165,0.0006403214360546159,1.1100000000054426e-06,2,"[5, 24]","[4776, 1450]"
181,69,247,1165,0.0006414514360546215,1.1300000000055406e-06,3,"[5, 23, 24]","[6150, 1, 112]"
182,69,247,1165,0.0006425214360546267,1.0700000000052464e-06,3,"[5, 23, 24]","[6060, 173, 1]"
183,69,247,1165,0.0006434814360546314,9.60000000004707e-07,2,"[5, 23]","[4714, 1568]"
184,69,247,1165,0.000644831436054638,1.3500000000066193e-06,2,"[5, 23]","[4703, 1499]"
185,69,247,1179,0.000588831685641775,0.000588831685641775,3,"[31, 36, 230]","[6246, 8, 1]"
186,69,247,1180,0.0005882564448663811,0.0005882564448663811,3,"[31, 229, 230]","[6179, 6, 123]"
187,69,247,1180,0.0005886864448663833,4.300000000021084e-07,1,[31],[6246]
188,69,247,1180,0.0005892864448663862,6.000000000029419e-07,1,[31],[6249]
189,69,248,1163,0.0006524855934291497,0.0006524855934291497,3,"[5, 22, 23]","[5565, 694, 1]"
190,69,248,1164,0.0006458934761133765,0.0006458934761133765,2,"[5, 23]","[5883, 389]"
191,69,248,1164,0.0006469834761133819,1.0900000000053445e-06,1,[5],[6266]
192,69,248,1164,0.0006477834761133858,8.000000000039226e-07,1,[5],[6293]
193,69,248,1164,0.0006484634761133891,6.800000000033342e-07,2,"[5, 22]","[6195, 1]"
194,69,248,1164,0.0006490734761133921,6.10000000002991e-07,2,"[5, 22]","[6225, 4]"
195,69,248,1164,0.000649663476113395,5.900000000028929e-07,2,"[5, 22]","[6172, 161]"
196,69,248,1164,0.0006501834761133975,5.200000000025497e-07,2,"[5, 22]","[5439, 776]"
197,69,248,1164,0.0006506434761133998,4.600000000022555e-07,2,"[5, 22]","[4651, 1570]"
198,69,248,1164,0.0006511234761134022,4.800000000023535e-07,2,"[5, 22]","[4515, 1801]"
199,69,248,1164,0.000651703476113405,5.800000000028439e-07,2,"[5, 22]","[5140, 1039]"
200,69,248,1164,0.0006524834761134088,7.800000000038245e-07,2,"[5, 22]","[6045, 225]"
201,69,248,1164,0.0006536334761134145,1.1500000000056387e-06,2,"[5, 22]","[6203, 7]"
202,69,248,1165,0.0006494995681825006,0.0006494995681825006,4,"[5, 22, 23, 24]","[5894, 7, 351, 2]"
203,69,248,1180,0.0005886553658731657,0.0005886553658731657,1,[31],[6299]
204,69,248,1181,0.0005884974728706125,0.0005884974728706125,1,[31],[6305]
205,69,248,1181,0.000589007472870615,5.100000000025006e-07,1,[31],[6223]
206,69,249,1163,0.0006547003606579063,0.0006547003606579063,2,"[5, 22]","[6085, 172]"
207,69,249,1163,0.0006564303606579148,1.7300000000084826e-06,1,[5],[6284]
208,69,249,1163,0.0006578303606579217,1.4000000000068645e-06,1,[5],[6220]
209,69,249,1163,0.0006592803606579288,1.4500000000071097e-06,1,[5],[6271]
210,69,249,1163,0.000661360360657939,2.0800000000101987e-06,1,[5],[6220]
211,69,249,1164,0.0006517281906591784,0.0006517281906591784,2,"[5, 22]","[5142, 1143]"
212,69,249,1164,0.0006530281906591848,1.3000000000063742e-06,2,"[5, 22]","[6191, 38]"
213,69,249,1164,0.0006540181906591896,9.900000000048542e-07,1,[5],[6282]
214,69,249,1164,0.0006549481906591942,9.3000000000456e-07,1,[5],[6249]
215,69,249,1164,0.0006558281906591985,8.800000000043148e-07,1,[5],[6252]
216,69,249,1164,0.000656738190659203,9.100000000044619e-07,1,[5],[6241]
217,69,249,1164,0.0006577481906592079,1.0100000000049522e-06,1,[5],[6241]
218,69,249,1164,0.0006590681906592144,1.3200000000064722e-06,1,[5],[6246]
219,69,249,1164,0.0006621781906592296,3.110000000015249e-06,1,[5],[6230]
220,69,249,1181,0.0005886304392072257,0.0005886304392072257,1,[31],[6322]
221,69,249,1181,0.0005892004392072285,5.700000000027948e-07,1,[31],[6244]
222,69,249,1182,0.000588774622368762,0.000588774622368762,1,[31],[6256]
223,69,249,1182,0.0005895646223687659,7.900000000038735e-07,1,[31],[6263]
224,69,250,1163,0.0006599331565069409,0.0006599331565069409,1,[5],[6277]
225,69,250,1163,0.0006612831565069475,1.3500000000066193e-06,1,[5],[6231]
226,69,250,1163,0.0006623431565069527,1.0600000000051974e-06,1,[5],[6249]
227,69,250,1163,0.0006632631565069572,9.20000000004511e-07,1,[5],[6252]
228,69,250,1163,0.0006641231565069614,8.600000000042168e-07,1,[5],[6250]
229,69,250,1163,0.000665043156506966,9.20000000004511e-07,1,[5],[6254]
230,69,250,1163,0.000666073156506971,1.0300000000050503e-06,1,[5],[6239]
231,69,250,1163,0.0006673631565069773,1.2900000000063251e-06,2,"[5, 21]","[6197, 78]"
232,69,250,1163,0.0006686031565069834,1.24000000000608e-06,2,"[5, 21]","[3852, 2407]"
233,69,250,1164,0.0006597875807911617,0.0006597875807911617,2,"[5, 22]","[6252, 1]"
234,69,250,1164,0.0006618175807911716,2.0300000000099535e-06,1,[5],[6255]
235,69,250,1164,0.0006636975807911809,1.880000000009218e-06,1,[5],[6253]
236,69,250,1164,0.0006660975807911926,2.4000000000117677e-06,1,[5],[6249]
237,69,250,1182,0.0005887191363624928,0.0005887191363624928,1,[31],[6250]
238,69,250,1182,0.0005892091363624952,4.900000000024026e-07,1,[31],[6296]
239,69,250,1183,0.0005892369132029266,0.0005892369132029266,2,"[31, 38]","[6255, 52]"
240,69,251,1163,0.0006663584587472052,0.0006663584587472052,1,[5],[6250]
241,69,251,1163,0.0006676184587472114,1.260000000006178e-06,2,"[5, 21]","[5961, 314]"
242,69,251,1163,0.0006683284587472148,7.100000000034813e-07,2,"[5, 21]","[4396, 1911]"
243,69,251,1163,0.0006688684587472175,5.400000000026477e-07,2,"[5, 21]","[3594, 2675]"
244,69,251,1163,0.0006694484587472203,5.800000000028439e-07,2,"[5, 21]","[4067, 2091]"
245,69,251,1163,0.000670198458747224,7.500000000036774e-07,2,"[5, 21]","[5613, 703]"
246,69,251,1163,0.0006709984587472279,8.000000000039226e-07,2,"[5, 21]","[6174, 42]"
247,69,251,1163,0.0006717884587472318,7.900000000038735e-07,1,[5],[6265]
248,69,251,1163,0.0006726184587472359,8.300000000040697e-07,1,[5],[6242]
249,69,251,1163,0.0006735484587472404,9.3000000000456e-07,1,[5],[6220]
250,69,251,1163,0.0006746284587472457,1.0800000000052955e-06,1,[5],[6239]
251,69,251,1163,0.0006762184587472535,1.5900000000077961e-06,2,"[5, 20]","[6267, 2]"
252,69,251,1164,0.0006684505055794299,0.0006684505055794299,2,"[5, 21]","[5483, 767]"
253,69,251,1164,0.0006716205055794454,3.170000000015543e-06,2,"[5, 21]","[4937, 1316]"
254,69,251,1183,0.000589188771468673,0.000589188771468673,2,"[31, 38]","[5190, 1072]"
255,69,251,1183,0.0005896787714686755,4.900000000024026e-07,2,"[31, 38]","[4869, 1441]"
256,69,251,1183,0.0005904787714686794,8.000000000039226e-07,2,"[31, 38]","[4570, 1630]"
257,69,251,1184,0.0005895547937162927,0.0005895547937162927,2,"[31, 38]","[4195, 2097]"
258,69,251,1184,0.0005901047937162954,5.500000000026968e-07,2,"[31, 38]","[4778, 1477]"
259,69,252,1162,0.0006836732320454173,0.0006836732320454173,2,"[5, 20]","[5926, 329]"
260,69,252,1163,0.0006737458747834154,0.0006737458747834154,2,"[5, 21]","[6212, 55]"
261,69,252,1163,0.0006752058747834226,1.4600000000071587e-06,1,[5],[6262]
262,69,252,1163,0.0006762458747834277,1.0400000000050993e-06,2,"[5, 20]","[6206, 20]"
263,69,252,1163,0.0006770858747834318,8.400000000041187e-07,2,"[5, 20]","[5811, 520]"
264,69,252,1163,0.0006777058747834348,6.2000000000304e-07,2,"[5, 20]","[4711, 1551]"
265,69,252,1163,0.0006783058747834378,6.000000000029419e-07,2,"[5, 20]","[4394, 1780]"
266,69,252,1163,0.0006790258747834413,7.200000000035303e-07,2,"[5, 20]","[5427, 838]"
267,69,252,1163,0.0006797958747834451,7.700000000037755e-07,2,"[5, 20]","[6193, 86]"
268,69,252,1163,0.0006805658747834489,7.700000000037755e-07,2,"[5, 20]","[6257, 1]"
269,69,252,1163,0.0006813658747834528,8.000000000039226e-07,1,[5],[6181]
270,69,252,1163,0.0006822958747834573,9.3000000000456e-07,1,[5],[6292]
271,69,252,1163,0.000683455874783463,1.1600000000056877e-06,1,[5],[6237]
272,69,252,1163,0.0006852058747834716,1.7500000000085806e-06,1,[5],[6228]
273,69,252,1164,0.0006827483248704779,0.0006827483248704779,3,"[5, 20, 21]","[5823, 420, 8]"
274,69,252,1184,0.0005901532471808869,0.0005901532471808869,2,"[31, 38]","[6007, 344]"
275,69,252,1184,0.0005906332471808893,4.800000000023535e-07,2,"[31, 38]","[6114, 51]"
276,69,252,1184,0.0005912232471808922,5.900000000028929e-07,2,"[31, 38]","[6303, 13]"
277,69,252,1185,0.0005912667225163273,0.0005912667225163273,1,[31],[6271]
278,69,253,1162,0.0006870947323559959,0.0006870947323559959,3,"[5, 19, 20]","[6245, 2, 18]"
279,69,253,1162,0.0006893047323560067,2.210000000010836e-06,2,"[5, 19]","[4363, 1891]"
280,69,253,1162,0.000692624732356023,3.3200000000162787e-06,2,"[5, 19]","[5589, 642]"
281,69,253,1163,0.0006820055174837522,0.0006820055174837522,2,"[5, 20]","[6056, 216]"
282,69,253,1163,0.0006835355174837597,1.530000000007502e-06,1,[5],[6268]
283,69,253,1163,0.000684625517483765,1.0900000000053445e-06,1,[5],[6223]
284,69,253,1163,0.0006855655174837697,9.40000000004609e-07,1,[5],[6237]
285,69,253,1163,0.0006864155174837738,8.500000000041677e-07,1,[5],[6289]
286,69,253,1163,0.0006872155174837778,8.000000000039226e-07,2,"[5, 19]","[6199, 16]"
287,69,253,1163,0.0006879955174837816,7.800000000038245e-07,2,"[5, 19]","[5944, 341]"
288,69,253,1163,0.0006886355174837847,6.400000000031381e-07,2,"[5, 19]","[4753, 1578]"
289,69,253,1163,0.0006892055174837875,5.700000000027948e-07,2,"[5, 19]","[3925, 2250]"
290,69,253,1163,0.000689925517483791,7.200000000035303e-07,2,"[5, 19]","[4530, 1703]"
291,69,253,1163,0.0006911055174837968,1.1800000000057858e-06,2,"[5, 19]","[5995, 264]"
292,69,253,1163,0.0006937355174838097,2.6300000000128955e-06,1,[5],[6218]
293,69,253,1185,0.0005913470194676827,0.0005913470194676827,1,[31],[6385]
294,69,253,1185,0.0005918070194676849,4.600000000022555e-07,1,[31],[6120]
295,69,253,1185,0.0005922870194676873,4.800000000023535e-07,1,[31],[6265]
296,69,253,1186,0.0005940256403019045,0.0005940256403019045,1,[31],[6250]
297,69,254,1162,0.0006925654998874453,0.0006925654998874453,2,"[5, 19]","[5822, 434]"
298,69,254,1162,0.0006942854998874537,1.7200000000084335e-06,1,[5],[6263]
299,69,254,1162,0.000695775499887461,1.4900000000073058e-06,2,"[5, 18]","[6175, 62]"
300,69,254,1162,0.0006969554998874668,1.1800000000057858e-06,2,"[5, 18]","[4611, 1651]"
301,69,254,1162,0.0006979054998874714,9.500000000046581e-07,2,"[5, 18]","[2849, 3388]"
302,69,254,1162,0.0006998954998874812,1.9900000000097574e-06,2,"[5, 18]","[3285, 2961]"
303,69,254,1163,0.0006905062786975547,0.0006905062786975547,2,"[5, 19]","[5241, 1018]"
304,69,254,1163,0.0006920662786975624,1.560000000007649e-06,2,"[5, 19]","[6290, 7]"
305,69,254,1163,0.0006932262786975681,1.1600000000056877e-06,1,[5],[6204]
306,69,254,1163,0.0006943462786975736,1.1200000000054916e-06,1,[5],[6273]
307,69,254,1163,0.0006955562786975795,1.2100000000059329e-06,2,"[5, 18]","[6237, 24]"
308,69,254,1163,0.000696876278697586,1.3200000000064722e-06,2,"[5, 18]","[5327, 920]"
309,69,254,1163,0.000698306278697593,1.4300000000070116e-06,2,"[5, 18]","[3401, 2824]"
310,69,254,1185,0.0005935353647414367,0.0005935353647414367,1,[31],[6251]
311,69,254,1186,0.0005926829572644893,0.0005926829572644893,1,[31],[6286]
312,69,254,1186,0.0005931929572644918,5.100000000025006e-07,1,[31],[6258]
313,69,254,1186,0.0005937229572644944,5.300000000025987e-07,1,[31],[6231]
314,69,254,1187,0.0005954403778823225,0.0005954403778823225,1,[31],[6253]
315,69,255,1162,0.0006969987644455028,0.0006969987644455028,2,"[5, 18]","[3830, 2427]"
316,69,255,1162,0.0006977387644455064,7.400000000036284e-07,2,"[5, 18]","[2292, 3992]"
317,69,255,1162,0.0006984187644455097,6.800000000033342e-07,2,"[5, 18]","[2701, 3530]"
318,69,255,1162,0.0006992087644455136,7.900000000038735e-07,2,"[5, 18]","[3854, 2436]"
319,69,255,1162,0.0007001287644455181,9.20000000004511e-07,2,"[5, 18]","[5502, 699]"
320,69,255,1162,0.0007010887644455228,9.60000000004707e-07,2,"[5, 18]","[6202, 38]"
321,69,255,1162,0.0007021187644455279,1.0300000000050503e-06,1,[5],[6301]
322,69,255,1162,0.0007035287644455348,1.4100000000069135e-06,1,[5],[6207]
323,69,255,1163,0.0006971491250600785,0.0006971491250600785,2,"[5, 18]","[4330, 1952]"
324,69,255,1163,0.0006981991250600836,1.0500000000051484e-06,2,"[5, 18]","[2852, 3368]"
325,69,255,1163,0.00069948912506009,1.2900000000063251e-06,2,"[5, 18]","[4012, 2279]"
326,69,255,1163,0.0007016691250601007,2.180000000010689e-06,2,"[5, 18]","[6011, 196]"
327,69,255,1186,0.0005952767891331927,0.0005952767891331927,1,[31],[6252]
328,69,255,1187,0.0005942135949028761,0.0005942135949028761,1,[31],[6375]
329,69,255,1187,0.0005947135949028786,5.000000000024516e-07,1,[31],[6165]
330,69,255,1187,0.0005952435949028812,5.300000000025987e-07,1,[31],[6221]
331,69,255,1188,0.0005963929113831731,0.0005963929113831731,1,[31],[6253]
332,69,256,1162,0.0007028177034594048,0.0007028177034594048,2,"[5, 18]","[6183, 112]"
333,69,256,1162,0.0007039577034594104,1.1400000000055897e-06,1,[5],[6254]
334,69,256,1162,0.0007048377034594147,8.800000000043148e-07,1,[5],[6236]
335,69,256,1162,0.0007056277034594185,7.900000000038735e-07,2,"[5, 17]","[6259, 1]"
336,69,256,1162,0.0007064177034594224,7.900000000038735e-07,2,"[5, 17]","[6208, 59]"
337,69,256,1162,0.0007071777034594261,7.600000000037264e-07,2,"[5, 17]","[5490, 766]"
338,69,256,1162,0.0007078877034594296,7.100000000034813e-07,2,"[5, 17]","[4135, 2064]"
339,69,256,1162,0.0007088577034594344,9.700000000047561e-07,2,"[5, 17]","[4084, 2169]"
340,69,256,1163,0.0007072893710371426,0.0007072893710371426,3,"[5, 17, 18]","[6183, 16, 52]"
341,69,256,1188,0.0005955592874425998,0.0005955592874425998,1,[31],[6293]
342,69,256,1188,0.0005960192874426021,4.600000000022555e-07,1,[31],[6234]
343,69,256,1188,0.0005965592874426047,5.400000000026477e-07,1,[31],[6225]
344,69,257,1161,0.0007106995400908378,0.0007106995400908378,2,"[5, 17]","[4332, 1940]"
345,69,257,1161,0.0007131295400908497,2.430000000011915e-06,1,[5],[6248]
346,69,257,1162,0.0007074742169015054,0.0007074742169015054,2,"[5, 17]","[4583, 1684]"
347,69,257,1162,0.0007083042169015094,8.300000000040697e-07,2,"[5, 17]","[3395, 2852]"
348,69,257,1162,0.0007091942169015138,8.900000000043639e-07,2,"[5, 17]","[5054, 1192]"
349,69,257,1162,0.0007100742169015181,8.800000000043148e-07,2,"[5, 17]","[6217, 79]"
350,69,257,1162,0.0007108942169015221,8.200000000040206e-07,1,[5],[6199]
351,69,257,1162,0.0007117742169015264,8.800000000043148e-07,1,[5],[6247]
352,69,257,1162,0.0007128742169015318,1.1000000000053935e-06,1,[5],[6267]
353,69,257,1162,0.0007148042169015413,1.930000000009463e-06,1,[5],[6249]
354,69,257,1188,0.0005967641125269303,0.0005967641125269303,1,[31],[6263]
355,69,257,1189,0.0005966129041686763,0.0005966129041686763,1,[31],[6341]
356,69,257,1189,0.0005972229041686793,6.10000000002991e-07,1,[31],[6159]
357,69,257,1189,0.0005979929041686831,7.700000000037755e-07,1,[31],[6253]
358,69,257,1189,0.0005999829041686928,1.9900000000097574e-06,3,"[31, 73, 74]","[6248, 1, 4]"
359,69,258,1161,0.0007146661882508304,0.0007146661882508304,2,"[5, 17]","[6257, 10]"
360,69,258,1161,0.0007159761882508368,1.3100000000064232e-06,1,[5],[6286]
361,69,258,1161,0.0007170161882508419,1.0400000000050993e-06,1,[5],[6214]
362,69,258,1161,0.0007180961882508472,1.0800000000052955e-06,1,[5],[6276]
363,69,258,1161,0.0007193261882508532,1.230000000006031e-06,1,[5],[6218]
364,69,258,1161,0.0007221561882508671,2.830000000013876e-06,1,[5],[6239]
365,69,258,1162,0.0007137887569382802,0.0007137887569382802,2,"[5, 17]","[6243, 22]"
366,69,258,1162,0.0007154287569382882,1.6400000000080413e-06,1,[5],[6240]
367,69,258,1162,0.0007171087569382965,1.6800000000082374e-06,1,[5],[6270]
368,69,258,1189,0.000598414618824178,0.000598414618824178,1,[31],[6264]
369,69,258,1189,0.0005992846188241823,8.700000000042658e-07,4,"[31, 41, 73, 74]","[6231, 1, 3, 5]"
370,69,258,1189,0.0006000246188241859,7.400000000036284e-07,4,"[31, 41, 73, 74]","[6282, 48, 5, 4]"
371,69,258,1189,0.0006006846188241891,6.600000000032361e-07,2,"[31, 41]","[5566, 683]"
372,69,258,1189,0.0006012146188241917,5.300000000025987e-07,4,"[31, 41, 44, 73]","[4269, 1921, 4, 1]"
373,69,258,1189,0.0006017446188241943,5.300000000025987e-07,4,"[31, 41, 44, 45]","[3813, 2457, 25, 1]"
374,69,258,1189,0.0006024646188241979,7.200000000035303e-07,4,"[31, 41, 44, 45]","[4331, 1675, 199, 1]"
375,69,258,1190,0.0006021123542967381,0.0006021123542967381,4,"[31, 41, 73, 89]","[4980, 973, 1, 325]"
376,69,258,1190,0.0006029223542967421,8.100000000039716e-07,2,"[31, 41]","[6132, 98]"
377,69,258,1190,0.0006034123542967445,4.900000000024026e-07,2,"[31, 41]","[6245, 2]"
378,69,258,1190,0.000603912354296747,5.000000000024516e-07,1,[31],[6259]
379,69,258,1191,0.0006031408025933487,0.0006031408025933487,2,"[31, 89]","[2956, 3306]"
380,69,258,1191,0.0006043908025933548,1.250000000006129e-06,1,[31],[6251]
381,69,259,1161,0.0007192444052874147,0.0007192444052874147,1,[5],[6293]
382,69,259,1161,0.0007203444052874201,1.1000000000053935e-06,1,[5],[6221]
383,69,259,1161,0.0007212144052874244,8.700000000042658e-07,1,[5],[6321]
384,69,259,1161,0.0007220044052874282,7.900000000038735e-07,1,[5],[6237]
385,69,259,1161,0.000722774405287432,7.700000000037755e-07,1,[5],[6245]
386,69,259,1161,0.0007236744052874364,9.000000000044129e-07,1,[5],[6215]
387,69,259,1161,0.0007249244052874425,1.250000000006129e-06,1,[5],[6238]
388,69,259,1162,0.000723380679446093,0.000723380679446093,1,[5],[6255]
389,69,259,1189,0.0006034031037899152,0.0006034031037899152,4,"[31, 41, 44, 45]","[4184, 2007, 62, 1]"
390,69,259,1190,0.0006028078663698859,0.0006028078663698859,3,"[31, 41, 89]","[6035, 285, 2]"
391,69,259,1190,0.0006032978663698883,4.900000000024026e-07,2,"[31, 41]","[6257, 1]"
392,69,259,1190,0.0006037178663698904,4.2000000000205935e-07,1,[31],[6208]
393,69,259,1190,0.0006042878663698932,5.700000000027948e-07,1,[31],[6274]
394,69,259,1191,0.0006031372757873668,0.0006031372757873668,2,"[31, 89]","[6318, 9]"
395,69,259,1191,0.0006042172757873721,1.0800000000052955e-06,1,[31],[6187]
396,69,260,1160,0.0007274773094893617,0.0007274773094893617,1,[5],[6264]
397,69,260,1160,0.0007298173094893732,2.3400000000114735e-06,1,[5],[6240]
398,69,260,1161,0.0007241958369008021,0.0007241958369008021,1,[5],[6263]
399,69,260,1161,0.0007253458369008077,1.1500000000056387e-06,1,[5],[6255]
400,69,260,1161,0.0007263058369008124,9.60000000004707e-07,1,[5],[6277]
401,69,260,1161,0.0007271958369008168,8.900000000043639e-07,1,[5],[6234]
402,69,260,1161,0.0007281858369008217,9.900000000048542e-07,1,[5],[6268]
403,69,260,1161,0.0007295058369008281,1.3200000000064722e-06,1,[5],[6225]
404,69,261,1160,0.0007306509157668534,0.0007306509157668534,1,[5],[6285]
405,69,261,1160,0.00073200091576686,1.3500000000066193e-06,1,[5],[6233]
406,69,261,1160,0.0007330709157668653,1.0700000000052464e-06,1,[5],[6268]
407,69,261,1160,0.0007341109157668704,1.0400000000050993e-06,1,[5],[6249]
408,69,261,1160,0.0007354009157668767,1.2900000000063251e-06,1,[5],[6245]
409,69,261,1161,0.0007298755680050754,0.0007298755680050754,1,[5],[6257]
410,69,261,1161,0.0007314955680050834,1.6200000000079432e-06,1,[5],[6267]
411,69,261,1161,0.000733265568005092,1.7700000000086787e-06,1,[5],[6239]
412,69,262,1160,0.000734875142381343,0.000734875142381343,1,[5],[6266]
413,69,262,1160,0.0007359851423813484,1.1100000000054426e-06,1,[5],[6260]
414,69,262,1160,0.0007368351423813526,8.500000000041677e-07,1,[5],[6243]
415,69,262,1160,0.0007375951423813563,7.600000000037264e-07,1,[5],[6278]
416,69,262,1160,0.0007383251423813599,7.300000000035793e-07,1,[5],[6231]
417,69,262,1160,0.0007391251423813638,8.000000000039226e-07,1,[5],[6287]
418,69,262,1160,0.0007401051423813686,9.800000000048052e-07,1,[5],[6232]
419,69,262,1160,0.0007416551423813762,1.5500000000076e-06,1,[5],[6217]
420,69,262,1161,0.0007375618064621688,0.0007375618064621688,1,[5],[6250]
421,69,263,1159,0.0007433658530356638,0.0007433658530356638,1,[5],[6259]
422,69,263,1159,0.0007455258530356744,2.160000000010591e-06,2,"[5, 16]","[6247, 12]"
423,69,263,1159,0.0007482158530356875,2.6900000000131897e-06,2,"[5, 16]","[4542, 1699]"
424,69,263,1160,0.0007399578386501213,0.0007399578386501213,1,[5],[6268]
425,69,263,1160,0.000741117838650127,1.1600000000056877e-06,1,[5],[6264]
426,69,263,1160,0.0007420278386501315,9.100000000044619e-07,1,[5],[6249]
427,69,263,1160,0.0007428878386501357,8.600000000042168e-07,1,[5],[6235]
428,69,263,1160,0.00074376783865014,8.800000000043148e-07,1,[5],[6302]
429,69,263,1160,0.000744797838650145,1.0300000000050503e-06,1,[5],[6202]
430,69,263,1160,0.0007464478386501531,1.6500000000080903e-06,2,"[5, 16]","[6162, 90]"
431,69,264,1159,0.0007462660839385395,0.0007462660839385395,2,"[5, 16]","[5079, 1224]"
432,69,264,1159,0.0007468960839385426,6.30000000003089e-07,2,"[5, 16]","[2428, 3854]"
433,69,264,1159,0.0007473360839385447,4.400000000021574e-07,2,"[5, 16]","[2135, 4035]"
434,69,264,1159,0.0007478260839385471,4.900000000024026e-07,2,"[5, 16]","[2344, 3915]"
435,69,264,1159,0.0007485260839385506,7.000000000034323e-07,2,"[5, 16]","[3605, 2651]"
436,69,264,1159,0.0007495860839385558,1.0600000000051974e-06,2,"[5, 16]","[5631, 636]"
437,69,264,1159,0.0007508960839385622,1.3100000000064232e-06,2,"[5, 16]","[6233, 6]"
438,69,264,1159,0.0007537260839385761,2.830000000013876e-06,1,[5],[6225]
439,69,264,1160,0.0007457859510515823,0.0007457859510515823,2,"[5, 16]","[6181, 84]"
440,69,264,1160,0.0007469559510515881,1.1700000000057368e-06,2,"[5, 16]","[4439, 1824]"
441,69,264,1160,0.0007477859510515921,8.300000000040697e-07,2,"[5, 16]","[3293, 2986]"
442,69,264,1160,0.0007491359510515988,1.3500000000066193e-06,2,"[5, 16]","[4262, 1931]"
443,69,265,1159,0.0007508844023561183,0.0007508844023561183,2,"[5, 16]","[5056, 1223]"
444,69,265,1159,0.0007521644023561246,1.2800000000062761e-06,1,[5],[6238]
445,69,265,1159,0.0007531244023561293,9.60000000004707e-07,1,[5],[6255]
446,69,265,1159,0.0007539944023561336,8.700000000042658e-07,1,[5],[6280]
447,69,265,1159,0.000754904402356138,9.100000000044619e-07,1,[5],[6214]
448,69,265,1159,0.0007559744023561433,1.0700000000052464e-06,1,[5],[6278]
449,69,265,1159,0.0007580744023561536,2.1000000000102968e-06,1,[5],[6222]
450,69,265,1160,0.000753775953548677,0.000753775953548677,2,"[5, 16]","[5736, 524]"
451,69,266,1158,0.0007599425151414895,0.0007599425151414895,1,[5],[6253]
452,69,266,1158,0.0007639625151415092,4.020000000019711e-06,2,"[5, 15]","[6249, 1]"
453,69,266,1159,0.0007560702475662926,0.0007560702475662926,1,[5],[6271]
454,69,266,1159,0.0007573002475662987,1.230000000006031e-06,1,[5],[6239]
455,69,266,1159,0.0007582602475663034,9.60000000004707e-07,1,[5],[6241]
456,69,266,1159,0.000759200247566308,9.40000000004609e-07,1,[5],[6253]
457,69,266,1159,0.0007602802475663133,1.0800000000052955e-06,1,[5],[6287]
458,69,266,1159,0.0007619002475663212,1.6200000000079432e-06,1,[5],[6216]
459,69,267,1158,0.0007627842361997066,0.0007627842361997066,1,[5],[6262]
460,69,267,1158,0.0007642242361997136,1.4400000000070606e-06,2,"[5, 15]","[6209, 68]"
461,69,267,1158,0.0007652242361997185,1.0000000000049032e-06,2,"[5, 15]","[4779, 1489]"
462,69,267,1158,0.0007658942361997218,6.700000000032852e-07,2,"[5, 15]","[3209, 3022]"
463,69,267,1158,0.0007667342361997259,8.400000000041187e-07,2,"[5, 15]","[3623, 2608]"
464,69,267,1158,0.0007688742361997364,2.140000000010493e-06,2,"[5, 15]","[5810, 435]"
465,69,267,1159,0.0007616768583938136,0.0007616768583938136,1,[5],[6278]
466,69,267,1159,0.0007632368583938212,1.560000000007649e-06,1,[5],[6222]
467,69,267,1159,0.0007647968583938289,1.560000000007649e-06,2,"[5, 15]","[6080, 184]"
468,69,267,1159,0.0007663268583938364,1.530000000007502e-06,2,"[5, 15]","[4162, 2097]"
469,69,268,1158,0.0007661035230528803,0.0007661035230528803,2,"[5, 15]","[3564, 2697]"
470,69,268,1158,0.0007673435230528864,1.24000000000608e-06,2,"[5, 15]","[5212, 1054]"
471,69,268,1158,0.0007683435230528913,1.0000000000049032e-06,2,"[5, 15]","[6204, 24]"
472,69,268,1158,0.0007691935230528954,8.500000000041677e-07,1,[5],[6271]
473,69,268,1158,0.0007699835230528993,7.900000000038735e-07,1,[5],[6256]
474,69,268,1158,0.0007707835230529032,8.000000000039226e-07,1,[5],[6237]
475,69,268,1158,0.000771753523052908,9.700000000047561e-07,1,[5],[6275]
476,69,268,1158,0.0007732835230529155,1.530000000007502e-06,1,[5],[6230]
477,69,268,1159,0.0007676937361474157,0.0007676937361474157,2,"[5, 15]","[4902, 1366]"
478,69,268,1159,0.0007716837361474352,3.990000000019564e-06,2,"[5, 15]","[6232, 1]"
479,69,269,1157,0.0007777073005638293,0.0007777073005638293,2,"[5, 84]","[6241, 11]"
480,69,269,1158,0.0007719672887685324,0.0007719672887685324,3,"[5, 15, 83]","[6246, 12, 3]"
481,69,269,1158,0.0007732372887685387,1.270000000006227e-06,1,[5],[6260]
482,69,269,1158,0.0007741772887685433,9.40000000004609e-07,1,[5],[6263]
483,69,269,1158,0.0007750272887685474,8.500000000041677e-07,1,[5],[6263]
484,69,269,1158,0.0007758672887685516,8.400000000041187e-07,1,[5],[6241]
485,69,269,1158,0.0007768072887685562,9.40000000004609e-07,1,[5],[6215]
486,69,269,1158,0.0007780572887685623,1.250000000006129e-06,1,[5],[6290]
487,69,270,1157,0.0007800340158127388,0.0007800340158127388,4,"[5, 83, 84, 87]","[6136, 5, 123, 2]"
488,69,270,1157,0.0007819740158127483,1.9400000000095122e-06,1,[5],[6264]
489,69,270,1157,0.0007843340158127599,2.3600000000115716e-06,1,[5],[6221]
490,69,270,1158,0.0007775853595624911,0.0007775853595624911,2,"[5, 83]","[6101, 163]"
491,69,270,1158,0.0007789453595624978,1.3600000000066684e-06,1,[5],[6291]
492,69,270,1158,0.0007800253595625031,1.0800000000052955e-06,1,[5],[6219]
493,69,270,1158,0.0007810753595625082,1.0500000000051484e-06,1,[5],[6271]
494,69,270,1158,0.0007822953595625142,1.220000000005982e-06,1,[5],[6248]
495,69,270,1158,0.0007841853595625235,1.890000000009267e-06,1,[5],[6208]
496,69,271,1157,0.0007842245450710712,0.0007842245450710712,2,"[5, 84]","[6237, 16]"
497,69,271,1157,0.0007856245450710781,1.4000000000068645e-06,1,[5],[6282]
498,69,271,1157,0.0007867845450710838,1.1600000000056877e-06,1,[5],[6249]
499,69,271,1157,0.0007879545450710895,1.1700000000057368e-06,1,[5],[6260]
500,69,271,1157,0.0007894045450710966,1.4500000000071097e-06,1,[5],[6223]
501,69,271,1158,0.0007837249102310216,0.0007837249102310216,2,"[5, 83]","[6238, 23]"
502,69,271,1158,0.0007854949102310303,1.7700000000086787e-06,1,[5],[6270]
503,69,271,1158,0.0007873449102310393,1.850000000009071e-06,1,[5],[6219]
504,69,272,1157,0.0007889443738918822,0.0007889443738918822,1,[5],[6252]
505,69,272,1157,0.0007902143738918884,1.270000000006227e-06,1,[5],[6265]
506,69,272,1157,0.0007911843738918931,9.700000000047561e-07,3,"[5, 14, 249]","[6290, 8, 3]"
507,69,272,1157,0.0007920043738918972,8.200000000040206e-07,3,"[5, 14, 249]","[5829, 206, 152]"
508,69,272,1157,0.0007926343738919003,6.30000000003089e-07,3,"[5, 14, 249]","[4377, 1079, 856]"
509,69,272,1157,0.0007931543738919028,5.200000000025497e-07,3,"[5, 14, 249]","[3249, 1736, 1287]"
510,69,272,1157,0.0007937143738919056,5.600000000027458e-07,3,"[5, 14, 249]","[3179, 1642, 1357]"
511,69,272,1157,0.0007946743738919103,9.60000000004707e-07,3,"[5, 14, 249]","[4542, 962, 759]"
512,69,272,1157,0.0007978243738919257,3.150000000015445e-06,3,"[5, 14, 249]","[6148, 49, 29]"
513,69,272,1158,0.0007909403462483173,0.0007909403462483173,1,[5],[6258]
514,69,272,1158,0.0007969203462483466,5.980000000029321e-06,3,"[5, 14, 249]","[4551, 920, 771]"
515,69,273,1156,0.0007997990864302662,0.0007997990864302662,3,"[5, 14, 249]","[6113, 89, 53]"
516,69,273,1157,0.0007937276488491413,0.0007937276488491413,3,"[5, 14, 249]","[4247, 1173, 848]"
517,69,273,1157,0.0007952076488491486,1.4800000000072568e-06,3,"[5, 14, 249]","[5827, 231, 193]"
518,69,273,1157,0.000796307648849154,1.1000000000053935e-06,1,[5],[6290]
519,69,273,1157,0.0007972776488491587,9.700000000047561e-07,1,[5],[6223]
520,69,273,1157,0.0007982376488491635,9.60000000004707e-07,1,[5],[6227]
521,69,273,1157,0.0007993876488491691,1.1500000000056387e-06,1,[5],[6255]
522,69,273,1157,0.0008011576488491778,1.7700000000086787e-06,2,"[5, 13]","[6238, 20]"
523,69,273,1196,0.0007064775210311496,0.0007064775210311496,1,[76],[6337]
524,69,273,1196,0.000706967521031152,4.900000000024026e-07,1,[76],[6167]
525,69,273,1196,0.0007078075210311561,8.400000000041187e-07,1,[76],[6256]
526,69,274,1156,0.0008020912893496021,0.0008020912893496021,2,"[5, 13]","[5739, 546]"
527,69,274,1156,0.0008036112893496096,1.5200000000074529e-06,2,"[5, 13]","[4815, 1404]"
528,69,274,1156,0.000805341289349618,1.7300000000084826e-06,3,"[5, 12, 13]","[5914, 289, 67]"
529,69,274,1156,0.0008070112893496262,1.6700000000081884e-06,3,"[5, 12, 13]","[3985, 2262, 1]"
530,69,274,1157,0.0008002260844221069,0.0008002260844221069,2,"[5, 14]","[6258, 2]"
531,69,274,1157,0.0008016360844221138,1.4100000000069135e-06,2,"[5, 13]","[5829, 454]"
532,69,274,1157,0.0008025560844221183,9.20000000004511e-07,2,"[5, 13]","[4289, 1964]"
533,69,274,1157,0.0008035560844221232,1.0000000000049032e-06,2,"[5, 13]","[4499, 1713]"
534,69,274,1157,0.0008050760844221307,1.5200000000074529e-06,3,"[5, 12, 13]","[5945, 131, 180]"
535,69,274,1157,0.0008070160844221402,1.9400000000095122e-06,4,"[5, 12, 251, 252]","[4143, 2106, 1, 2]"
536,69,275,1156,0.0008061245880639216,0.0008061245880639216,5,"[5, 12, 13, 251, 252]","[4248, 1888, 120, 4, 1]"
537,69,275,1156,0.0008074745880639283,1.3500000000066193e-06,4,"[5, 12, 251, 252]","[4251, 1988, 1, 4]"
538,69,275,1156,0.0008087545880639345,1.2800000000062761e-06,2,"[5, 12]","[6141, 110]"
539,69,275,1156,0.0008099245880639403,1.1700000000057368e-06,1,[5],[6244]
540,69,275,1156,0.0008111345880639462,1.2100000000059329e-06,1,[5],[6301]
541,69,275,1156,0.000812514588063953,1.3800000000067664e-06,1,[5],[6204]
542,69,275,1156,0.0008151045880639657,2.5900000000126993e-06,1,[5],[6248]
543,69,275,1157,0.0008061400435741981,0.0008061400435741981,5,"[5, 12, 13, 251, 252]","[4404, 1645, 215, 2, 1]"
544,69,275,1157,0.0008080600435742075,1.920000000009414e-06,3,"[5, 12, 252]","[4486, 1760, 2]"
545,69,275,1157,0.0008102900435742184,2.230000000010934e-06,2,"[5, 12]","[6245, 8]"
546,69,275,1157,0.00081469004357424,4.400000000021574e-06,1,[5],[6238]
547,69,276,1156,0.0008123730357801768,0.0008123730357801768,3,"[5, 12, 252]","[6239, 43, 1]"
548,69,276,1156,0.0008138230357801839,1.4500000000071097e-06,1,[5],[6228]
549,69,276,1156,0.0008149430357801894,1.1200000000054916e-06,1,[5],[6287]
550,69,276,1156,0.0008159230357801942,9.800000000048052e-07,1,[5],[6259]
551,69,276,1156,0.0008169130357801991,9.900000000048542e-07,1,[5],[6246]
552,69,276,1156,0.0008179630357802042,1.0500000000051484e-06,1,[5],[6240]
553,69,276,1156,0.0008192430357802105,1.2800000000062761e-06,1,[5],[6241]
554,69,276,1156,0.0008215530357802218,2.3100000000113264e-06,1,[5],[6227]
555,69,276,1157,0.0008148197026000768,0.0008148197026000768,2,"[5, 12]","[6211, 44]"
556,69,276,1157,0.0008207097026001057,5.89000000002888e-06,1,[5],[6245]
557,69,277,1155,0.0008291043855428487,0.0008291043855428487,1,[5],[6251]
558,69,277,1156,0.0008187273512016585,0.0008187273512016585,1,[5],[6266]
559,69,277,1156,0.0008201373512016654,1.4100000000069135e-06,1,[5],[6266]
560,69,277,1156,0.0008212273512016707,1.0900000000053445e-06,1,[5],[6223]
561,69,277,1156,0.0008221773512016754,9.500000000046581e-07,1,[5],[6290]
562,69,277,1156,0.0008230873512016798,9.100000000044619e-07,1,[5],[6224]
563,69,277,1156,0.0008240473512016845,9.60000000004707e-07,1,[5],[6268]
564,69,277,1156,0.0008251473512016899,1.1000000000053935e-06,1,[5],[6226]
565,69,277,1156,0.0008266673512016974,1.5200000000074529e-06,1,[5],[6257]
566,69,278,1155,0.0008298045778237552,0.0008298045778237552,1,[5],[6250]
567,69,278,1155,0.0008333045778237723,3.5000000000171613e-06,2,"[5, 11]","[5411, 848]"
568,69,278,1156,0.000825315674285429,0.000825315674285429,1,[5],[6250]
569,69,278,1156,0.0008267956742854363,1.4800000000072568e-06,1,[5],[6294]
570,69,278,1156,0.0008279156742854417,1.1200000000054916e-06,1,[5],[6263]
571,69,278,1156,0.0008289056742854466,9.900000000048542e-07,1,[5],[6223]
572,69,278,1156,0.0008299056742854515,1.0000000000049032e-06,1,[5],[6276]
573,69,278,1156,0.0008310056742854569,1.1000000000053935e-06,2,"[5, 11]","[6235, 7]"
574,69,278,1156,0.0008322256742854629,1.220000000005982e-06,2,"[5, 11]","[5702, 538]"
575,69,278,1156,0.0008335756742854695,1.3500000000066193e-06,2,"[5, 11]","[4155, 2073]"
576,69,279,1155,0.0008338540974263957,0.0008338540974263957,2,"[5, 11]","[4680, 1579]"
577,69,279,1155,0.0008362040974264072,2.3500000000115226e-06,2,"[5, 11]","[6171, 94]"
578,69,279,1155,0.000838004097426416,1.8000000000088258e-06,2,"[5, 10]","[5217, 1051]"
579,69,279,1155,0.0008390940974264214,1.0900000000053445e-06,2,"[5, 10]","[2474, 3734]"
580,69,279,1156,0.0008319893897816684,0.0008319893897816684,2,"[5, 11]","[5771, 494]"
581,69,279,1156,0.0008330593897816737,1.0700000000052464e-06,2,"[5, 11]","[3647, 2655]"
582,69,279,1156,0.0008341093897816788,1.0500000000051484e-06,2,"[5, 11]","[4613, 1591]"
583,69,279,1156,0.0008352993897816846,1.1900000000058348e-06,2,"[5, 11]","[6180, 96]"
584,69,279,1156,0.0008364693897816904,1.1700000000057368e-06,2,"[5, 10]","[6223, 1]"
585,69,279,1156,0.0008376493897816962,1.1800000000057858e-06,2,"[5, 10]","[5827, 436]"
586,69,279,1156,0.0008385493897817006,9.000000000044129e-07,2,"[5, 10]","[3549, 2737]"
587,69,279,1156,0.0008395093897817053,9.60000000004707e-07,2,"[5, 10]","[2747, 3433]"
588,69,280,1155,0.0008395074134818834,0.0008395074134818834,3,"[5, 10, 11]","[4032, 2211, 25]"
589,69,280,1155,0.0008417474134818943,2.240000000010983e-06,2,"[5, 10]","[6000, 264]"
590,69,280,1155,0.0008435474134819032,1.8000000000088258e-06,1,[5],[6236]
591,69,280,1155,0.0008456174134819133,2.0700000000101497e-06,1,[5],[6247]
592,69,280,1156,0.0008387687994352105,0.0008387687994352105,3,"[5, 10, 11]","[4589, 1594, 76]"
593,69,280,1156,0.0008405587994352192,1.7900000000087768e-06,2,"[5, 10]","[5007, 1259]"
594,69,280,1156,0.0008421987994352273,1.6400000000080413e-06,2,"[5, 10]","[6232, 5]"
595,69,280,1156,0.0008438587994352354,1.6600000000081393e-06,1,[5],[6272]
596,69,280,1156,0.0008461087994352464,2.2500000000110322e-06,1,[5],[6225]
597,69,281,1155,0.0008464392141557293,0.0008464392141557293,2,"[5, 10]","[6261, 11]"
598,69,281,1155,0.0008482192141557381,1.7800000000087277e-06,1,[5],[6258]
599,69,281,1155,0.0008497492141557456,1.530000000007502e-06,1,[5],[6262]
600,69,281,1155,0.0008513892141557536,1.6400000000080413e-06,2,"[5, 9]","[6208, 3]"
601,69,281,1155,0.0008535692141557643,2.180000000010689e-06,2,"[5, 9]","[5094, 1168]"
602,69,281,1156,0.0008464591808280026,0.0008464591808280026,2,"[5, 10]","[6260, 5]"
603,69,281,1156,0.0008484991808280126,2.0400000000100026e-06,1,[5],[6269]
604,69,281,1156,0.0008505291808280225,2.0300000000099535e-06,1,[5],[6232]
605,69,281,1156,0.0008535491808280373,3.0200000000148077e-06,2,"[5, 9]","[5321, 914]"
606,69,282,1155,0.0008523162054664922,0.0008523162054664922,2,"[5, 9]","[5944, 349]"
607,69,282,1155,0.0008535762054664984,1.260000000006178e-06,2,"[5, 9]","[4433, 1807]"
608,69,282,1155,0.0008547762054665043,1.2000000000058839e-06,2,"[5, 9]","[5560, 691]"
609,69,282,1155,0.0008560062054665103,1.230000000006031e-06,2,"[5, 9]","[6237, 20]"
610,69,282,1155,0.0008573562054665169,1.3500000000066193e-06,1,[5],[6230]
611,69,282,1155,0.0008594362054665271,2.0800000000101987e-06,1,[5],[6239]
612,69,282,1156,0.0008529239869520298,0.0008529239869520298,2,"[5, 9]","[5348, 918]"
613,69,282,1156,0.0008549039869520395,1.9800000000097084e-06,2,"[5, 9]","[4861, 1392]"
614,69,282,1156,0.0008574139869520518,2.510000000012307e-06,2,"[5, 9]","[6219, 13]"
615,69,283,1155,0.0008581993588672088,0.0008581993588672088,2,"[5, 9]","[6223, 53]"
616,69,283,1155,0.0008597193588672162,1.5200000000074529e-06,1,[5],[6226]
617,69,283,1155,0.0008609293588672221,1.2100000000059329e-06,1,[5],[6261]
618,69,283,1155,0.0008620893588672278,1.1600000000056877e-06,1,[5],[6266]
619,69,283,1155,0.000863339358867234,1.250000000006129e-06,1,[5],[6229]
620,69,283,1155,0.0008651193588672427,1.7800000000087277e-06,1,[5],[6256]
621,69,283,1156,0.0008597967821425675,0.0008597967821425675,2,"[5, 9]","[6207, 55]"
622,69,283,1156,0.0008625667821425811,2.770000000013582e-06,1,[5],[6244]
623,69,284,1155,0.0008640955312769205,0.0008640955312769205,1,[5],[6286]
624,69,284,1155,0.0008655855312769278,1.4900000000073058e-06,1,[5],[6251]
625,69,284,1155,0.0008667455312769335,1.1600000000056877e-06,1,[5],[6243]
626,69,284,1155,0.0008678255312769388,1.0800000000052955e-06,2,"[5, 8]","[6236, 5]"
627,69,284,1155,0.000868895531276944,1.0700000000052464e-06,2,"[5, 8]","[5960, 299]"
628,69,284,1155,0.0008698855312769489,9.900000000048542e-07,3,"[5, 7, 8]","[4680, 33, 1507]"
629,69,284,1155,0.0008710855312769548,1.2000000000058839e-06,3,"[5, 7, 8]","[4382, 638, 1244]"
630,69,284,1156,0.0008664428625738137,0.0008664428625738137,1,[5],[6268]
631,69,284,1156,0.0008698628625738305,3.420000000016769e-06,3,"[5, 7, 8]","[5796, 10, 429]"
632,69,285,1155,0.0008697187192377826,0.0008697187192377826,3,"[5, 7, 8]","[5276, 64, 944]"
633,69,285,1155,0.0008707987192377879,1.0800000000052955e-06,3,"[5, 7, 8]","[4110, 1182, 951]"
634,69,285,1155,0.0008716187192377919,8.200000000040206e-07,3,"[5, 7, 8]","[3927, 2201, 128]"
635,69,285,1155,0.0008725287192377964,9.100000000044619e-07,3,"[5, 7, 8]","[5037, 1224, 7]"
636,69,285,1155,0.0008735087192378012,9.800000000048052e-07,2,"[5, 7]","[6097, 140]"
637,69,285,1155,0.000874478719237806,9.700000000047561e-07,2,"[5, 7]","[6220, 2]"
638,69,285,1155,0.0008755587192378113,1.0800000000052955e-06,1,[5],[6259]
639,69,285,1155,0.0008768587192378176,1.3000000000063742e-06,1,[5],[6242]
640,69,285,1155,0.0008791187192378287,2.2600000000110813e-06,1,[5],[6241]
641,69,285,1156,0.0008722389860762156,0.0008722389860762156,3,"[5, 7, 8]","[4558, 1247, 465]"
642,69,285,1156,0.0008772889860762403,5.050000000024761e-06,2,"[5, 7]","[6139, 93]"
643,69,286,1155,0.0008762464936396973,0.0008762464936396973,3,"[5, 7, 8]","[6103, 166, 6]"
644,69,286,1155,0.0008777464936397046,1.5000000000073548e-06,1,[5],[6261]
645,69,286,1155,0.0008788564936397101,1.1100000000054426e-06,1,[5],[6226]
646,69,286,1155,0.0008798364936397149,9.800000000048052e-07,1,[5],[6265]
647,69,286,1155,0.0008807864936397195,9.500000000046581e-07,1,[5],[6260]
648,69,286,1155,0.0008817764936397244,9.900000000048542e-07,1,[5],[6251]
649,69,286,1155,0.00088292649363973,1.1500000000056387e-06,1,[5],[6214]
650,69,286,1155,0.0008845764936397381,1.6500000000080903e-06,1,[5],[6274]
651,69,286,1156,0.0008814196147829027,0.0008814196147829027,3,"[5, 7, 8]","[6221, 37, 5]"
652,69,287,1154,0.0008892936441378051,0.0008892936441378051,2,"[5, 6]","[5064, 1188]"
653,69,287,1155,0.0008828874997889774,0.0008828874997889774,1,[5],[6257]
654,69,287,1155,0.0008843874997889848,1.5000000000073548e-06,2,"[5, 6]","[6256, 3]"
655,69,287,1155,0.0008854674997889901,1.0800000000052955e-06,2,"[5, 6]","[6104, 166]"
656,69,287,1155,0.000886267499788994,8.000000000039226e-07,2,"[5, 6]","[5035, 1212]"
657,69,287,1155,0.0008868974997889971,6.30000000003089e-07,2,"[5, 6]","[3945, 2286]"
658,69,287,1155,0.0008875774997890004,6.800000000033342e-07,2,"[5, 6]","[4083, 2157]"
659,69,287,1155,0.0008885374997890051,9.60000000004707e-07,2,"[5, 6]","[5477, 787]"
660,69,287,1155,0.0008898574997890116,1.3200000000064722e-06,2,"[5, 6]","[6197, 40]"
661,69,287,1155,0.0008921974997890231,2.3400000000114735e-06,1,[5],[6256]
662,69,288,1154,0.0008946322844973611,0.0008946322844973611,2,"[5, 6]","[6065, 189]"
663,69,288,1155,0.0008892064173179089,0.0008892064173179089,2,"[5, 6]","[5082, 1191]"
664,69,288,1155,0.0008908364173179169,1.6300000000079922e-06,1,[5],[6260]
665,69,288,1155,0.0008920264173179227,1.1900000000058348e-06,1,[5],[6272]
666,69,288,1155,0.0008930764173179279,1.0500000000051484e-06,1,[5],[6206]
667,69,288,1155,0.0008941564173179331,1.0800000000052955e-06,1,[5],[6251]
668,69,288,1155,0.000895346417317939,1.1900000000058348e-06,2,"[1, 5]","[15, 6239]"
669,69,288,1155,0.0008965564173179449,1.2100000000059329e-06,2,"[1, 5]","[1471, 4781]"
670,69,288,1155,0.0008972264173179482,6.700000000032852e-07,2,"[1, 5]","[4754, 1534]"
671,69,288,1155,0.0008977364173179507,5.100000000025006e-07,2,"[1, 5]","[5676, 548]"
672,69,288,1155,0.0008983664173179538,6.30000000003089e-07,2,"[1, 5]","[6039, 197]"
673,69,288,1156,0.000897581038578606,0.000897581038578606,3,"[1, 5, 6]","[3221, 2990, 90]"
674,69,288,1156,0.0008983910385786099,8.100000000039716e-07,2,"[1, 5]","[6237, 16]"
675,69,288,1156,0.0008994410385786151,1.0500000000051484e-06,1,[1],[6204]
676,69,288,1157,0.0008993823054194935,0.0008993823054194935,2,"[1, 5]","[6252, 2]"
677,69,288,1158,0.000900481276978619,0.000900481276978619,1,[1],[6266]
678,69,288,1159,0.0009022335683738234,0.0009022335683738234,1,[1],[6254]
679,69,288,1165,0.0009060171405719208,0.0009060171405719208,1,[1],[6255]
680,69,288,1166,0.0009059338414905567,0.0009059338414905567,1,[1],[6253]
681,69,288,1167,0.0009061745397422284,0.0009061745397422284,1,[1],[6277]
682,69,288,1168,0.0009065952607408182,0.0009065952607408182,1,[1],[6270]
683,69,288,1168,0.0009075052607408227,9.100000000044619e-07,1,[1],[6258]
684,69,288,1169,0.0009071022052291887,0.0009071022052291887,1,[1],[6302]
685,69,288,1169,0.0009078622052291924,7.600000000037264e-07,1,[1],[6224]
686,69,288,1170,0.0009075623652878081,0.0009075623652878081,1,[1],[6323]
687,69,288,1170,0.0009082123652878113,6.500000000031871e-07,1,[1],[6266]
688,69,288,1171,0.0009078761695339515,0.0009078761695339515,1,[1],[6267]
689,69,288,1171,0.0009084561695339543,5.800000000028439e-07,1,[1],[6271]
690,69,288,1171,0.000909396169533959,9.40000000004609e-07,1,[1],[6224]
691,69,288,1172,0.0009080826620269597,0.0009080826620269597,1,[1],[6331]
692,69,288,1172,0.0009085926620269622,5.100000000025006e-07,1,[1],[6172]
693,69,288,1172,0.0009092326620269653,6.400000000031381e-07,1,[1],[6263]
694,69,288,1173,0.000908141422820282,0.000908141422820282,1,[1],[6264]
695,69,288,1173,0.0009086114228202844,4.700000000023045e-07,1,[1],[6354]
696,69,288,1173,0.0009091014228202868,4.900000000024026e-07,1,[1],[6255]
697,69,288,1174,0.0009082409568733125,0.0009082409568733125,1,[1],[6277]
698,69,288,1174,0.0009086909568733147,4.5000000000220645e-07,1,[1],[6320]
699,69,288,1174,0.0009091209568733168,4.300000000021084e-07,1,[1],[6178]
700,69,288,1174,0.000909980956873321,8.600000000042168e-07,1,[1],[6239]
701,69,288,1175,0.0009083410910228371,0.0009083410910228371,1,[1],[6338]
702,69,288,1175,0.0009087610910228391,4.2000000000205935e-07,1,[1],[6277]
703,69,288,1175,0.000909141091022841,3.800000000018632e-07,1,[1],[6251]
704,69,288,1175,0.0009096710910228436,5.300000000025987e-07,1,[1],[6170]
705,69,288,1176,0.0009084468933080299,0.0009084468933080299,1,[1],[6364]
706,69,288,1176,0.0009088568933080319,4.100000000020103e-07,1,[1],[6228]
707,69,288,1176,0.0009092268933080337,3.700000000018142e-07,1,[1],[6233]
708,69,288,1176,0.0009097168933080361,4.900000000024026e-07,1,[1],[6274]
709,69,288,1177,0.0009085350971924156,0.0009085350971924156,2,"[1, 3]","[6261, 34]"
710,69,288,1177,0.0009089450971924176,4.100000000020103e-07,2,"[1, 3]","[6315, 40]"
711,69,288,1177,0.0009092850971924193,3.400000000016671e-07,2,"[1, 3]","[6117, 47]"
712,69,288,1177,0.0009096950971924213,4.100000000020103e-07,2,"[1, 3]","[6266, 37]"
713,69,288,1178,0.0009086063767016552,0.0009086063767016552,2,"[1, 3]","[5815, 453]"
714,69,288,1178,0.0009090063767016571,4.000000000019613e-07,2,"[1, 3]","[5862, 524]"
715,69,288,1178,0.0009093063767016586,3.0000000000147097e-07,3,"[1, 2, 3]","[5583, 1, 547]"
716,69,288,1178,0.0009096363767016602,3.3000000000161806e-07,2,"[1, 3]","[5744, 618]"
717,69,288,1178,0.0009101163767016626,4.800000000023535e-07,2,"[1, 3]","[5556, 609]"
718,69,288,1179,0.0009087438456137277,0.0009087438456137277,3,"[1, 2, 3]","[6128, 105, 132]"
719,69,288,1179,0.0009091238456137296,3.800000000018632e-07,3,"[1, 2, 3]","[6034, 155, 104]"
720,69,288,1179,0.0009094238456137311,3.0000000000147097e-07,3,"[1, 2, 3]","[5876, 162, 113]"
721,69,288,1179,0.0009097438456137326,3.2000000000156903e-07,3,"[1, 2, 3]","[5959, 233, 92]"
722,69,288,1179,0.0009101638456137347,4.2000000000205935e-07,3,"[1, 2, 3]","[5814, 309, 104]"
723,69,288,1180,0.0009088863172365175,0.0009088863172365175,2,"[1, 2]","[5797, 536]"
724,69,288,1180,0.0009092463172365192,3.6000000000176516e-07,2,"[1, 2]","[5654, 666]"
725,69,288,1180,0.0009095263172365206,2.800000000013729e-07,2,"[1, 2]","[5459, 688]"
726,69,288,1180,0.000909806317236522,2.800000000013729e-07,2,"[1, 2]","[5376, 828]"
727,69,288,1180,0.0009101363172365236,3.3000000000161806e-07,2,"[1, 2]","[5395, 854]"
728,69,288,1180,0.0009107863172365268,6.500000000031871e-07,2,"[1, 2]","[5223, 1025]"
729,69,288,1181,0.0009090758753361355,0.0009090758753361355,2,"[1, 2]","[6274, 59]"
730,69,288,1181,0.0009094558753361373,3.800000000018632e-07,2,"[1, 2]","[6207, 51]"
731,69,288,1181,0.0009097658753361388,3.1000000000152e-07,2,"[1, 2]","[6209, 55]"
732,69,288,1181,0.0009100958753361405,3.3000000000161806e-07,2,"[1, 2]","[6246, 45]"
733,69,288,1181,0.0009105658753361428,4.700000000023045e-07,2,"[1, 2]","[6100, 44]"
734,69,288,1182,0.0009092192408243125,0.0009092192408243125,1,[1],[6363]
735,69,288,1182,0.0009095992408243144,3.800000000018632e-07,1,[1],[6239]
736,69,288,1182,0.0009099192408243159,3.2000000000156903e-07,1,[1],[6309]
737,69,288,1182,0.0009102392408243175,3.2000000000156903e-07,1,[1],[6205]
738,69,288,1182,0.0009107292408243199,4.900000000024026e-07,1,[1],[6175]
739,69,288,1183,0.0009093136107671086,0.0009093136107671086,1,[1],[6281]
740,69,288,1183,0.0009096936107671104,3.800000000018632e-07,1,[1],[6394]
741,69,288,1183,0.000910003610767112,3.1000000000152e-07,1,[1],[6228]
742,69,288,1183,0.0009103236107671135,3.2000000000156903e-07,1,[1],[6260]
743,69,288,1183,0.0009107736107671157,4.5000000000220645e-07,1,[1],[6166]
744,69,288,1184,0.0009094267247849697,0.0009094267247849697,1,[1],[6320]
745,69,288,1184,0.0009098067247849716,3.800000000018632e-07,1,[1],[6303]
746,69,288,1184,0.0009101167247849731,3.1000000000152e-07,1,[1],[6216]
747,69,288,1184,0.0009104467247849747,3.3000000000161806e-07,1,[1],[6268]
748,69,288,1184,0.0009109367247849771,4.900000000024026e-07,1,[1],[6217]
749,69,288,1185,0.0009095280760561981,0.0009095280760561981,1,[1],[6258]
750,69,288,1185,0.0009099180760562,3.9000000000191225e-07,1,[1],[6378]
751,69,288,1185,0.0009102380760562015,3.2000000000156903e-07,1,[1],[6216]
752,69,288,1185,0.0009105880760562033,3.500000000017161e-07,1,[1],[6190]
753,69,288,1185,0.0009111980760562063,6.10000000002991e-07,1,[1],[6222]
754,69,288,1186,0.0009095452772860405,0.0009095452772860405,1,[1],[6266]
755,69,288,1186,0.0009099352772860424,3.9000000000191225e-07,1,[1],[6407]
756,69,288,1186,0.0009102452772860439,3.1000000000152e-07,1,[1],[6086]
757,69,288,1186,0.0009106052772860457,3.6000000000176516e-07,1,[1],[6375]
758,69,288,1186,0.0009111852772860485,5.800000000028439e-07,1,[1],[6162]
759,69,288,1187,0.000909588544574282,0.000909588544574282,1,[1],[6339]
760,69,288,1187,0.0009099785445742839,3.9000000000191225e-07,1,[1],[6316]
761,69,288,1187,0.0009102985445742854,3.2000000000156903e-07,1,[1],[6164]
762,69,288,1187,0.0009106685445742873,3.700000000018142e-07,1,[1],[6279]
763,69,288,1187,0.0009113385445742905,6.700000000032852e-07,1,[1],[6171]
764,69,288,1188,0.000909978318378564,0.000909978318378564,1,[1],[6304]
765,69,288,1188,0.0009106383183785673,6.600000000032361e-07,1,[1],[6251]
766,69,289,1154,0.0008980698269166333,0.0008980698269166333,2,"[1, 5]","[3634, 2634]"
767,69,289,1155,0.0008958922589547739,0.0008958922589547739,2,"[1, 5]","[327, 5943]"
768,69,289,1155,0.0008966722589547777,7.800000000038245e-07,2,"[1, 5]","[3893, 2406]"
769,69,289,1155,0.0008970322589547795,3.6000000000176516e-07,2,"[1, 5]","[5360, 952]"
770,69,289,1155,0.0008972922589547807,2.6000000000127484e-07,2,"[1, 5]","[5751, 553]"
771,69,289,1155,0.0008975122589547818,2.200000000010787e-07,2,"[1, 5]","[5769, 356]"
772,69,289,1155,0.0008977322589547829,2.200000000010787e-07,2,"[1, 5]","[6204, 237]"
773,69,289,1155,0.0008979422589547839,2.1000000000102968e-07,2,"[1, 5]","[5913, 146]"
774,69,289,1155,0.0008981822589547851,2.4000000000117677e-07,2,"[1, 5]","[6138, 96]"
775,69,289,1155,0.0008984822589547866,3.0000000000147097e-07,2,"[1, 5]","[6309, 62]"
776,69,289,1155,0.0008989922589547891,5.100000000025006e-07,2,"[1, 5]","[6081, 38]"
777,69,289,1156,0.0008972984014536428,0.0008972984014536428,2,"[1, 5]","[5785, 522]"
778,69,289,1156,0.0008976484014536445,3.500000000017161e-07,2,"[1, 5]","[6310, 25]"
779,69,289,1156,0.0008978784014536457,2.3000000000112774e-07,2,"[1, 5]","[6112, 9]"
780,69,289,1156,0.0008980784014536467,2.0000000000098064e-07,2,"[1, 5]","[6332, 9]"
781,69,289,1156,0.0008982584014536475,1.8000000000088258e-07,2,"[1, 5]","[6293, 2]"
782,69,289,1156,0.0008984284014536484,1.7000000000083355e-07,2,"[1, 5]","[6244, 2]"
783,69,289,1156,0.0008985984014536492,1.7000000000083355e-07,2,"[1, 5]","[6168, 1]"
784,69,289,1156,0.0008987884014536501,1.900000000009316e-07,1,[1],[6335]
785,69,289,1156,0.0008990084014536512,2.200000000010787e-07,2,"[1, 5]","[6289, 1]"
786,69,289,1156,0.0008992884014536526,2.800000000013729e-07,1,[1],[6131]
787,69,289,1156,0.0008998284014536552,5.400000000026477e-07,1,[1],[6182]
788,69,289,1157,0.0008981799690785521,0.0008981799690785521,1,[1],[6388]
789,69,289,1157,0.0008985099690785538,3.3000000000161806e-07,1,[1],[6270]
790,69,289,1157,0.0008987499690785549,2.4000000000117677e-07,1,[1],[6228]
791,69,289,1157,0.000898959969078556,2.1000000000102968e-07,1,[1],[6129]
792,69,289,1157,0.0008991599690785569,2.0000000000098064e-07,1,[1],[6447]
793,69,289,1157,0.0008993599690785579,2.0000000000098064e-07,1,[1],[6277]
794,69,289,1157,0.000899569969078559,2.1000000000102968e-07,1,[1],[6181]
795,69,289,1157,0.0008998199690785602,2.500000000012258e-07,1,[1],[6250]
796,69,289,1157,0.0009001699690785619,3.500000000017161e-07,1,[1],[6094]
797,69,289,1158,0.0008989775883248336,0.0008989775883248336,1,[1],[6377]
798,69,289,1158,0.0008993175883248353,3.400000000016671e-07,1,[1],[6223]
799,69,289,1158,0.0008995675883248365,2.500000000012258e-07,1,[1],[6230]
800,69,289,1158,0.0008997875883248376,2.200000000010787e-07,1,[1],[6365]
801,69,289,1158,0.0008999875883248386,2.0000000000098064e-07,1,[1],[6118]
802,69,289,1158,0.0009001975883248396,2.1000000000102968e-07,1,[1],[6232]
803,69,289,1158,0.0009004375883248408,2.4000000000117677e-07,1,[1],[6370]
804,69,289,1158,0.0009007375883248423,3.0000000000147097e-07,1,[1],[6142]
805,69,289,1158,0.000901287588324845,5.500000000026968e-07,1,[1],[6214]
806,69,289,1159,0.0008997926824581505,0.0008997926824581505,1,[1],[6382]
807,69,289,1159,0.0009001426824581522,3.500000000017161e-07,1,[1],[6180]
808,69,289,1159,0.0009004126824581535,2.7000000000132387e-07,1,[1],[6444]
809,69,289,1159,0.0009006426824581547,2.3000000000112774e-07,1,[1],[6271]
810,69,289,1159,0.0009008626824581557,2.200000000010787e-07,1,[1],[5996]
811,69,289,1159,0.000901112682458157,2.500000000012258e-07,1,[1],[6412]
812,69,289,1159,0.0009014026824581584,2.9000000000142193e-07,1,[1],[6120]
813,69,289,1159,0.0009018726824581607,4.700000000023045e-07,1,[1],[6275]
814,69,289,1160,0.000900590374824954,0.000900590374824954,1,[1],[6348]
815,69,289,1160,0.0009009503748249558,3.6000000000176516e-07,1,[1],[6319]
816,69,289,1160,0.000901210374824957,2.6000000000127484e-07,1,[1],[6120]
817,69,289,1160,0.0009014503748249582,2.4000000000117677e-07,1,[1],[6408]
818,69,289,1160,0.0009016803748249593,2.3000000000112774e-07,1,[1],[6090]
819,69,289,1160,0.0009019403748249606,2.6000000000127484e-07,1,[1],[6252]
820,69,289,1160,0.0009022603748249622,3.2000000000156903e-07,1,[1],[6309]
821,69,289,1160,0.0009028703748249652,6.10000000002991e-07,1,[1],[6175]
822,69,289,1161,0.0009013420120238912,0.0009013420120238912,1,[1],[6326]
823,69,289,1161,0.0009017020120238929,3.6000000000176516e-07,1,[1],[6330]
824,69,289,1161,0.0009019620120238942,2.6000000000127484e-07,1,[1],[6114]
825,69,289,1161,0.0009022020120238954,2.4000000000117677e-07,1,[1],[6289]
826,69,289,1161,0.0009024420120238966,2.4000000000117677e-07,1,[1],[6355]
827,69,289,1161,0.0009027020120238978,2.6000000000127484e-07,1,[1],[6289]
828,69,289,1161,0.0009030320120238995,3.3000000000161806e-07,1,[1],[6101]
829,69,289,1161,0.0009037220120239028,6.900000000033832e-07,1,[1],[6206]
830,69,289,1162,0.0009020704920721614,0.0009020704920721614,1,[1],[6291]
831,69,289,1162,0.0009024304920721631,3.6000000000176516e-07,1,[1],[6342]
832,69,289,1162,0.0009027004920721645,2.7000000000132387e-07,1,[1],[6242]
833,69,289,1162,0.0009029404920721656,2.4000000000117677e-07,1,[1],[6383]
834,69,289,1162,0.0009031704920721668,2.3000000000112774e-07,1,[1],[6041]
835,69,289,1162,0.000903430492072168,2.6000000000127484e-07,1,[1],[6225]
836,69,289,1162,0.0009037704920721697,3.400000000016671e-07,1,[1],[6314]
837,69,289,1162,0.0009045304920721734,7.600000000037264e-07,1,[1],[6170]
838,69,289,1163,0.0009028292402795873,0.0009028292402795873,1,[1],[6376]
839,69,289,1163,0.0009031892402795891,3.6000000000176516e-07,1,[1],[6234]
840,69,289,1163,0.0009034592402795904,2.7000000000132387e-07,1,[1],[6261]
841,69,289,1163,0.0009036992402795916,2.4000000000117677e-07,1,[1],[6151]
842,69,289,1163,0.0009039492402795928,2.500000000012258e-07,1,[1],[6234]
843,69,289,1163,0.0009042492402795943,3.0000000000147097e-07,1,[1],[6263]
844,69,289,1163,0.0009046792402795964,4.300000000021084e-07,1,[1],[6322]
845,69,289,1164,0.0009035175985747301,0.0009035175985747301,1,[1],[6327]
846,69,289,1164,0.0009038875985747319,3.700000000018142e-07,1,[1],[6387]
847,69,289,1164,0.0009041575985747332,2.7000000000132387e-07,1,[1],[6095]
848,69,289,1164,0.0009044075985747345,2.500000000012258e-07,1,[1],[6258]
849,69,289,1164,0.0009046675985747357,2.6000000000127484e-07,1,[1],[6325]
850,69,289,1164,0.0009049675985747372,3.0000000000147097e-07,1,[1],[6173]
851,69,289,1164,0.0009054675985747397,5.000000000024516e-07,1,[1],[6257]
852,69,289,1165,0.0009041680378978727,0.0009041680378978727,1,[1],[6389]
853,69,289,1165,0.0009045280378978744,3.6000000000176516e-07,1,[1],[6114]
854,69,289,1165,0.0009048180378978759,2.9000000000142193e-07,1,[1],[6454]
855,69,289,1165,0.0009050780378978771,2.6000000000127484e-07,1,[1],[6117]
856,69,289,1165,0.0009053680378978786,2.9000000000142193e-07,1,[1],[6370]
857,69,289,1165,0.0009057380378978804,3.700000000018142e-07,1,[1],[6164]
858,69,289,1166,0.0009047289539520744,0.0009047289539520744,1,[1],[6276]
859,69,289,1166,0.0009051089539520762,3.800000000018632e-07,1,[1],[6394]
860,69,289,1166,0.0009053889539520776,2.800000000013729e-07,1,[1],[6258]
861,69,289,1166,0.000905658953952079,2.7000000000132387e-07,1,[1],[6255]
862,69,289,1166,0.0009059489539520804,2.9000000000142193e-07,1,[1],[6169]
863,69,289,1166,0.0009063389539520823,3.9000000000191225e-07,1,[1],[6203]
864,69,289,1167,0.0009053190065397195,0.0009053190065397195,1,[1],[6283]
865,69,289,1167,0.0009056990065397214,3.800000000018632e-07,1,[1],[6237]
866,69,289,1167,0.0009060090065397229,3.1000000000152e-07,1,[1],[6404]
867,69,289,1167,0.0009062990065397243,2.9000000000142193e-07,1,[1],[6228]
868,69,289,1167,0.0009066190065397259,3.2000000000156903e-07,1,[1],[6152]
869,69,289,1167,0.0009071490065397285,5.300000000025987e-07,1,[1],[6220]
870,69,289,1168,0.0009059589150589703,0.0009059589150589703,1,[1],[6333]
871,69,289,1168,0.0009063489150589722,3.9000000000191225e-07,1,[1],[6276]
872,69,289,1168,0.0009066689150589738,3.2000000000156903e-07,1,[1],[6294]
873,69,289,1168,0.0009069789150589753,3.1000000000152e-07,1,[1],[6101]
874,69,289,1168,0.0009073689150589772,3.9000000000191225e-07,1,[1],[6272]
875,69,289,1168,0.0009082989150589818,9.3000000000456e-07,1,[1],[6238]
876,69,289,1169,0.0009066259969110409,0.0009066259969110409,1,[1],[6306]
877,69,289,1169,0.0009070259969110429,4.000000000019613e-07,1,[1],[6233]
878,69,289,1169,0.0009073559969110445,3.3000000000161806e-07,1,[1],[6251]
879,69,289,1169,0.0009077059969110462,3.500000000017161e-07,1,[1],[6301]
880,69,289,1169,0.0009081959969110486,4.900000000024026e-07,1,[1],[6205]
881,69,289,1170,0.0009071967269121511,0.0009071967269121511,1,[1],[6344]
882,69,289,1170,0.0009076067269121531,4.100000000020103e-07,1,[1],[6319]
883,69,289,1170,0.0009079367269121547,3.3000000000161806e-07,1,[1],[6126]
884,69,289,1170,0.0009083167269121566,3.800000000018632e-07,1,[1],[6292]
885,69,289,1170,0.0009089867269121599,6.700000000032852e-07,1,[1],[6212]
886,69,289,1171,0.000907609882237876,0.000907609882237876,1,[1],[6257]
887,69,289,1171,0.0009080398822378782,4.300000000021084e-07,1,[1],[6417]
888,69,289,1171,0.0009083898822378799,3.500000000017161e-07,1,[1],[6159]
889,69,289,1171,0.0009088098822378819,4.2000000000205935e-07,1,[1],[6167]
890,69,289,1172,0.0009079295192169349,0.0009079295192169349,1,[1],[6279]
891,69,289,1172,0.000908369519216937,4.400000000021574e-07,1,[1],[6392]
892,69,289,1172,0.000908759519216939,3.9000000000191225e-07,1,[1],[6094]
893,69,289,1172,0.0009093595192169419,6.000000000029419e-07,1,[1],[6272]
894,69,289,1173,0.0009081443237128021,0.0009081443237128021,1,[1],[6309]
895,69,289,1173,0.0009086143237128044,4.700000000023045e-07,1,[1],[6227]
896,69,289,1173,0.0009091343237128069,5.200000000025497e-07,1,[1],[6298]
897,69,289,1174,0.0009083598968106532,0.0009083598968106532,1,[1],[6339]
898,69,289,1174,0.0009088898968106558,5.300000000025987e-07,1,[1],[6171]
899,69,289,1174,0.0009096198968106593,7.300000000035793e-07,1,[1],[6240]
900,69,289,1175,0.0009085679578748167,0.0009085679578748167,1,[1],[6274]
901,69,289,1175,0.0009091679578748196,6.000000000029419e-07,1,[1],[6266]
902,69,289,1176,0.0009087847729222586,0.0009087847729222586,1,[1],[6305]
903,69,289,1176,0.0009095047729222621,7.200000000035303e-07,1,[1],[6227]
904,69,289,1177,0.0009089705950729186,0.0009089705950729186,2,"[1, 3]","[6293, 22]"
905,69,289,1177,0.0009098205950729228,8.500000000041677e-07,2,"[1, 3]","[6163, 49]"
906,69,289,1178,0.000909135141307133,0.000909135141307133,2,"[1, 3]","[5775, 512]"
907,69,289,1178,0.0009100351413071374,9.000000000044129e-07,2,"[1, 3]","[5608, 612]"
908,69,289,1179,0.0009094415669240942,0.0009094415669240942,3,"[1, 2, 3]","[6025, 109, 152]"
909,69,289,1180,0.0009098037828303829,0.0009098037828303829,2,"[1, 2]","[5613, 641]"
910,69,289,1181,0.0009105558845569603,0.0009105558845569603,2,"[1, 2]","[6198, 53]"
911,69,290,1159,0.0009021698128000043,0.0009021698128000043,1,[1],[6253]
912,69,290,1160,0.0009024022586498943,0.0009024022586498943,1,[1],[6255]
913,69,290,1161,0.0009030465433318953,0.0009030465433318953,1,[1],[6259]
914,69,290,1162,0.0009040064700088755,0.0009040064700088755,1,[1],[6251]
915,69,319,1267,0.0006335394147990352,0.0006335394147990352,1,[214],[6250]
916,69,320,1267,0.0006332267873015226,0.0006332267873015226,1,[214],[6351]
917,69,320,1267,0.0006337367873015251,5.100000000025006e-07,1,[214],[6201]
918,69,320,1267,0.0006345667873015291,8.300000000040697e-07,1,[214],[6221]
919,69,329,1276,0.0006123862050182336,0.0006123862050182336,1,[215],[6259]
