,event,pixel_x,pixel_y,reset_time,TSLR,nMCParticles,MC_TrackIDs,MC_Weights
0,90,288,1153,0.0009032209027393246,0.0009032209027393246,2,"[1, 3]","[5387, 967]"
1,90,288,1153,0.0009038109027393275,5.900000000028929e-07,2,"[1, 3]","[5294, 924]"
2,90,288,1154,0.0009025892055172529,0.0009025892055172529,2,"[1, 3]","[5323, 983]"
3,90,288,1154,0.0009028692055172543,2.800000000013729e-07,2,"[1, 3]","[5168, 1093]"
4,90,288,1154,0.0009030692055172553,2.0000000000098064e-07,2,"[1, 3]","[5385, 1144]"
5,90,288,1154,0.0009032292055172561,1.6000000000078451e-07,2,"[1, 3]","[5072, 1059]"
6,90,288,1154,0.0009033692055172568,1.4000000000068645e-07,2,"[1, 3]","[4951, 1109]"
7,90,288,1154,0.0009035092055172574,1.4000000000068645e-07,2,"[1, 3]","[5194, 1136]"
8,90,288,1154,0.0009036492055172581,1.4000000000068645e-07,2,"[1, 3]","[5199, 1198]"
9,90,288,1154,0.0009037892055172588,1.4000000000068645e-07,2,"[1, 3]","[4978, 1162]"
10,90,288,1154,0.0009039392055172595,1.5000000000073548e-07,2,"[1, 3]","[5007, 1192]"
11,90,288,1154,0.0009041192055172604,1.8000000000088258e-07,2,"[1, 3]","[5096, 1191]"
12,90,288,1154,0.0009043492055172616,2.3000000000112774e-07,2,"[1, 3]","[5074, 1236]"
13,90,288,1154,0.0009047492055172635,4.000000000019613e-07,2,"[1, 3]","[4903, 1180]"
14,90,288,1155,0.0009027536499683429,0.0009027536499683429,2,"[1, 3]","[5046, 1260]"
15,90,288,1155,0.0009030436499683443,2.9000000000142193e-07,2,"[1, 3]","[5089, 1242]"
16,90,288,1155,0.0009032436499683453,2.0000000000098064e-07,2,"[1, 3]","[4875, 1256]"
17,90,288,1155,0.0009034136499683461,1.7000000000083355e-07,2,"[1, 3]","[4977, 1346]"
18,90,288,1155,0.0009035636499683469,1.5000000000073548e-07,2,"[1, 3]","[4968, 1260]"
19,90,288,1155,0.0009037136499683476,1.5000000000073548e-07,2,"[1, 3]","[4951, 1255]"
20,90,288,1155,0.0009038636499683483,1.5000000000073548e-07,2,"[1, 3]","[5027, 1308]"
21,90,288,1155,0.0009040236499683491,1.6000000000078451e-07,2,"[1, 3]","[4914, 1283]"
22,90,288,1155,0.00090420364996835,1.8000000000088258e-07,2,"[1, 3]","[4979, 1277]"
23,90,288,1155,0.0009044336499683511,2.3000000000112774e-07,2,"[1, 3]","[4898, 1321]"
24,90,288,1155,0.0009048036499683529,3.700000000018142e-07,2,"[1, 3]","[5005, 1300]"
25,90,288,1156,0.0009029943562916992,0.0009029943562916992,2,"[1, 3]","[4838, 1437]"
26,90,288,1156,0.0009032943562917007,3.0000000000147097e-07,2,"[1, 3]","[4941, 1349]"
27,90,288,1156,0.0009035143562917018,2.200000000010787e-07,2,"[1, 3]","[4995, 1404]"
28,90,288,1156,0.0009037043562917027,1.900000000009316e-07,2,"[1, 3]","[5017, 1351]"
29,90,288,1156,0.0009038643562917035,1.6000000000078451e-07,2,"[1, 3]","[4751, 1217]"
30,90,288,1156,0.0009040343562917043,1.7000000000083355e-07,2,"[1, 3]","[5025, 1188]"
31,90,288,1156,0.0009042243562917053,1.900000000009316e-07,2,"[1, 3]","[5207, 1255]"
32,90,288,1156,0.0009044343562917063,2.1000000000102968e-07,2,"[1, 3]","[5007, 1206]"
33,90,288,1156,0.0009047143562917077,2.800000000013729e-07,2,"[1, 3]","[4961, 1187]"
34,90,288,1156,0.000905394356291711,6.800000000033342e-07,2,"[1, 3]","[5125, 1051]"
35,90,288,1157,0.0009032536364235787,0.0009032536364235787,2,"[1, 3]","[4702, 1609]"
36,90,288,1157,0.0009035636364235802,3.1000000000152e-07,2,"[1, 3]","[4899, 1482]"
37,90,288,1157,0.0009037936364235813,2.3000000000112774e-07,2,"[1, 3]","[5052, 1285]"
38,90,288,1157,0.0009039836364235823,1.900000000009316e-07,2,"[1, 3]","[4905, 1181]"
39,90,288,1157,0.0009041836364235832,2.0000000000098064e-07,2,"[1, 3]","[5231, 1232]"
40,90,288,1157,0.0009043736364235842,1.900000000009316e-07,2,"[1, 3]","[4980, 1085]"
41,90,288,1157,0.0009045936364235852,2.200000000010787e-07,2,"[1, 3]","[5250, 969]"
42,90,288,1157,0.0009048836364235867,2.9000000000142193e-07,2,"[1, 3]","[5342, 922]"
43,90,288,1157,0.0009055036364235897,6.2000000000304e-07,2,"[1, 3]","[5363, 774]"
44,90,288,1158,0.0009035693783727848,0.0009035693783727848,2,"[1, 3]","[4562, 1852]"
45,90,288,1158,0.0009038893783727864,3.2000000000156903e-07,2,"[1, 3]","[4704, 1387]"
46,90,288,1158,0.0009041393783727876,2.500000000012258e-07,2,"[1, 3]","[5129, 1218]"
47,90,288,1158,0.0009043593783727887,2.200000000010787e-07,2,"[1, 3]","[5329, 1092]"
48,90,288,1158,0.0009045693783727897,2.1000000000102968e-07,2,"[1, 3]","[5137, 877]"
49,90,288,1158,0.0009048093783727909,2.4000000000117677e-07,2,"[1, 3]","[5669, 768]"
50,90,288,1158,0.0009051093783727924,3.0000000000147097e-07,2,"[1, 3]","[5483, 624]"
51,90,288,1158,0.0009057393783727955,6.30000000003089e-07,2,"[1, 3]","[5742, 452]"
52,90,288,1159,0.0009038865718533403,0.0009038865718533403,2,"[1, 3]","[4251, 2006]"
53,90,288,1159,0.0009042565718533421,3.700000000018142e-07,2,"[1, 3]","[4993, 1355]"
54,90,288,1159,0.0009045265718533434,2.7000000000132387e-07,2,"[1, 3]","[5315, 924]"
55,90,288,1159,0.0009047865718533447,2.6000000000127484e-07,2,"[1, 3]","[5603, 777]"
56,90,288,1159,0.000905056571853346,2.7000000000132387e-07,2,"[1, 3]","[5534, 583]"
57,90,288,1159,0.0009054065718533478,3.500000000017161e-07,2,"[1, 3]","[5815, 436]"
58,90,288,1160,0.0009042569962855965,0.0009042569962855965,2,"[1, 3]","[4290, 1989]"
59,90,288,1160,0.0009046569962855985,4.000000000019613e-07,2,"[1, 3]","[5226, 1012]"
60,90,288,1160,0.0009049869962856001,3.3000000000161806e-07,2,"[1, 3]","[5628, 677]"
61,90,288,1160,0.0009053169962856017,3.3000000000161806e-07,2,"[1, 3]","[5908, 427]"
62,90,288,1160,0.0009057269962856037,4.100000000020103e-07,2,"[1, 3]","[5876, 246]"
63,90,288,1161,0.0009046843325767914,0.0009046843325767914,2,"[1, 3]","[4457, 1865]"
64,90,288,1161,0.0009051343325767936,4.5000000000220645e-07,2,"[1, 3]","[5790, 532]"
65,90,288,1161,0.0009054943325767954,3.6000000000176516e-07,2,"[1, 3]","[5994, 286]"
66,90,288,1161,0.0009058743325767972,3.800000000018632e-07,2,"[1, 3]","[6023, 127]"
67,90,288,1161,0.0009065743325768007,7.000000000034323e-07,2,"[1, 3]","[6140, 62]"
68,90,288,1162,0.0009051417357664223,0.0009051417357664223,2,"[1, 3]","[4821, 1440]"
69,90,288,1162,0.0009056217357664247,4.800000000023535e-07,2,"[1, 3]","[6034, 239]"
70,90,288,1162,0.0009060317357664267,4.100000000020103e-07,2,"[1, 3]","[6167, 91]"
71,90,288,1162,0.0009065717357664293,5.400000000026477e-07,2,"[1, 3]","[6258, 30]"
72,90,288,1163,0.0009056139575797821,0.0009056139575797821,2,"[1, 3]","[5298, 982]"
73,90,288,1163,0.0009061039575797845,4.900000000024026e-07,2,"[1, 3]","[6181, 73]"
74,90,288,1163,0.0009065639575797867,4.600000000022555e-07,2,"[1, 3]","[6250, 23]"
75,90,288,1163,0.0009073839575797907,8.200000000040206e-07,2,"[1, 3]","[6208, 6]"
76,90,288,1164,0.0009060731714604255,0.0009060731714604255,2,"[1, 3]","[5667, 608]"
77,90,288,1164,0.0009065731714604279,5.000000000024516e-07,2,"[1, 3]","[6238, 18]"
78,90,288,1164,0.0009071231714604306,5.500000000026968e-07,2,"[1, 3]","[6287, 1]"
79,90,288,1165,0.0009064426079340742,0.0009064426079340742,2,"[1, 3]","[5947, 311]"
80,90,288,1165,0.0009069826079340769,5.400000000026477e-07,2,"[1, 3]","[6291, 6]"
81,90,288,1165,0.0009076126079340799,6.30000000003089e-07,2,"[1, 3]","[6245, 1]"
82,90,288,1166,0.0009067896461138915,0.0009067896461138915,2,"[1, 3]","[6215, 144]"
83,90,288,1166,0.0009073296461138942,5.400000000026477e-07,1,[1],[6221]
84,90,288,1166,0.0009080596461138978,7.300000000035793e-07,2,"[1, 3]","[6195, 1]"
85,90,288,1167,0.0009070674086959131,0.0009070674086959131,2,"[1, 3]","[6261, 66]"
86,90,288,1167,0.0009076474086959159,5.800000000028439e-07,1,[1],[6257]
87,90,288,1167,0.0009086474086959208,1.0000000000049032e-06,1,[1],[6172]
88,90,288,1168,0.0009073221149933641,0.0009073221149933641,2,"[1, 3]","[6279, 36]"
89,90,288,1168,0.000907902114993367,5.800000000028439e-07,1,[1],[6189]
90,90,288,1169,0.0009075560759700857,0.0009075560759700857,2,"[1, 3]","[6302, 12]"
91,90,288,1169,0.0009081160759700884,5.600000000027458e-07,1,[1],[6193]
92,90,288,1169,0.0009091460759700935,1.0300000000050503e-06,1,[1],[6259]
93,90,288,1170,0.0009077294200753126,0.0009077294200753126,2,"[1, 3]","[6248, 4]"
94,90,288,1170,0.0009082694200753152,5.400000000026477e-07,1,[1],[6345]
95,90,288,1170,0.0009089994200753188,7.300000000035793e-07,1,[1],[6169]
96,90,288,1171,0.000907879242216134,0.000907879242216134,2,"[1, 3]","[6314, 3]"
97,90,288,1171,0.0009083692422161364,4.900000000024026e-07,1,[1],[6283]
98,90,288,1171,0.0009088892422161389,5.200000000025497e-07,1,[1],[6241]
99,90,288,1172,0.0009080233541366432,0.0009080233541366432,1,[1],[6340]
100,90,288,1172,0.0009084833541366454,4.600000000022555e-07,1,[1],[6270]
101,90,288,1172,0.0009089433541366477,4.600000000022555e-07,1,[1],[6210]
102,90,288,1173,0.000908163986632163,0.000908163986632163,1,[1],[6282]
103,90,288,1173,0.0009086139866321652,4.5000000000220645e-07,1,[1],[6354]
104,90,288,1173,0.0009090239866321673,4.100000000020103e-07,1,[1],[6179]
105,90,288,1173,0.0009096939866321705,6.700000000032852e-07,1,[1],[6217]
106,90,288,1174,0.0009082990973618976,0.0009082990973618976,1,[1],[6269]
107,90,288,1174,0.0009087290973618997,4.300000000021084e-07,1,[1],[6250]
108,90,288,1174,0.0009091090973619016,3.800000000018632e-07,1,[1],[6270]
109,90,288,1174,0.0009096290973619041,5.200000000025497e-07,1,[1],[6274]
110,90,288,1175,0.0009084493324772371,0.0009084493324772371,1,[1],[6284]
111,90,288,1175,0.0009088693324772392,4.2000000000205935e-07,1,[1],[6382]
112,90,288,1175,0.0009092193324772409,3.500000000017161e-07,1,[1],[6208]
113,90,288,1175,0.000909639332477243,4.2000000000205935e-07,1,[1],[6157]
114,90,288,1176,0.0009086127301885042,0.0009086127301885042,1,[1],[6370]
115,90,288,1176,0.0009090127301885062,4.000000000019613e-07,1,[1],[6274]
116,90,288,1176,0.0009093527301885078,3.400000000016671e-07,1,[1],[6187]
117,90,288,1176,0.0009097427301885098,3.9000000000191225e-07,1,[1],[6233]
118,90,288,1176,0.0009107227301885146,9.800000000048052e-07,1,[1],[6200]
119,90,288,1177,0.0009087221446231273,0.0009087221446231273,1,[1],[6356]
120,90,288,1177,0.0009091021446231292,3.800000000018632e-07,1,[1],[6191]
121,90,288,1177,0.0009094321446231308,3.3000000000161806e-07,1,[1],[6341]
122,90,288,1177,0.0009097821446231325,3.500000000017161e-07,1,[1],[6208]
123,90,288,1177,0.0009103421446231353,5.600000000027458e-07,1,[1],[6188]
124,90,288,1178,0.0009088315486410671,0.0009088315486410671,1,[1],[6296]
125,90,288,1178,0.0009092115486410689,3.800000000018632e-07,1,[1],[6250]
126,90,288,1178,0.0009095315486410705,3.2000000000156903e-07,1,[1],[6325]
127,90,288,1178,0.0009098615486410721,3.3000000000161806e-07,1,[1],[6209]
128,90,288,1178,0.0009103615486410746,5.000000000024516e-07,1,[1],[6199]
129,90,288,1179,0.000908962789438865,0.000908962789438865,1,[1],[6336]
130,90,288,1179,0.0009093427894388669,3.800000000018632e-07,1,[1],[6310]
131,90,288,1179,0.0009096527894388684,3.1000000000152e-07,1,[1],[6199]
132,90,288,1179,0.00090999278943887,3.400000000016671e-07,1,[1],[6177]
133,90,288,1179,0.0009105327894388727,5.400000000026477e-07,1,[1],[6242]
134,90,288,1180,0.0009090355720442747,0.0009090355720442747,1,[1],[6272]
135,90,288,1180,0.0009094255720442766,3.9000000000191225e-07,1,[1],[6239]
136,90,288,1180,0.0009097355720442781,3.1000000000152e-07,1,[1],[6297]
137,90,288,1180,0.0009100755720442798,3.400000000016671e-07,1,[1],[6327]
138,90,288,1180,0.0009105755720442822,5.000000000024516e-07,1,[1],[6153]
139,90,288,1181,0.0009091443654805252,0.0009091443654805252,1,[1],[6336]
140,90,288,1181,0.000909524365480527,3.800000000018632e-07,1,[1],[6257]
141,90,288,1181,0.0009098443654805286,3.2000000000156903e-07,1,[1],[6320]
142,90,288,1181,0.0009101843654805303,3.400000000016671e-07,1,[1],[6134]
143,90,288,1181,0.000910744365480533,5.600000000027458e-07,1,[1],[6255]
144,90,288,1182,0.0009092422538989942,0.0009092422538989942,1,[1],[6373]
145,90,288,1182,0.000909622253898996,3.800000000018632e-07,1,[1],[6189]
146,90,288,1182,0.0009099422538989976,3.2000000000156903e-07,1,[1],[6232]
147,90,288,1182,0.0009103122538989994,3.700000000018142e-07,1,[1],[6344]
148,90,288,1182,0.0009109922538990027,6.800000000033342e-07,1,[1],[6122]
149,90,288,1183,0.0009092866091678102,0.0009092866091678102,1,[1],[6258]
150,90,288,1183,0.0009096766091678121,3.9000000000191225e-07,1,[1],[6349]
151,90,288,1183,0.0009100066091678137,3.3000000000161806e-07,1,[1],[6328]
152,90,288,1183,0.0009103666091678155,3.6000000000176516e-07,1,[1],[6205]
153,90,288,1183,0.0009109966091678186,6.30000000003089e-07,1,[1],[6110]
154,90,288,1184,0.0009093453746744619,0.0009093453746744619,1,[1],[6273]
155,90,288,1184,0.0009097353746744638,3.9000000000191225e-07,1,[1],[6232]
156,90,288,1184,0.0009100653746744654,3.3000000000161806e-07,1,[1],[6279]
157,90,288,1184,0.0009104453746744673,3.800000000018632e-07,1,[1],[6260]
158,90,288,1184,0.0009112253746744711,7.800000000038245e-07,1,[1],[6217]
159,90,288,1185,0.0009094246880056332,0.0009094246880056332,1,[1],[6268]
160,90,288,1185,0.0009098146880056351,3.9000000000191225e-07,1,[1],[6274]
161,90,288,1185,0.0009101546880056368,3.400000000016671e-07,1,[1],[6276]
162,90,288,1185,0.0009105446880056387,3.9000000000191225e-07,1,[1],[6297]
163,90,288,1185,0.0009113846880056428,8.400000000041187e-07,1,[1],[6138]
164,90,288,1186,0.0009094748801183336,0.0009094748801183336,1,[1],[6307]
165,90,288,1186,0.0009098648801183356,3.9000000000191225e-07,1,[1],[6198]
166,90,288,1186,0.0009102148801183373,3.500000000017161e-07,1,[1],[6403]
167,90,288,1186,0.000910574880118339,3.6000000000176516e-07,1,[1],[6096]
168,90,288,1186,0.0009113448801183428,7.700000000037755e-07,1,[1],[6278]
169,90,288,1187,0.0009095596200750301,0.0009095596200750301,1,[1],[6357]
170,90,288,1187,0.000909949620075032,3.9000000000191225e-07,1,[1],[6216]
171,90,288,1187,0.0009102896200750336,3.400000000016671e-07,1,[1],[6316]
172,90,288,1187,0.0009106796200750355,3.9000000000191225e-07,1,[1],[6217]
173,90,288,1187,0.00091158962007504,9.100000000044619e-07,1,[1],[6165]
174,90,288,1188,0.0009099698741042451,0.0009099698741042451,1,[1],[6253]
175,90,288,1188,0.0009106798741042486,7.100000000034813e-07,1,[1],[6319]
176,90,289,1154,0.0009030983005109898,0.0009030983005109898,2,"[1, 3]","[5378, 977]"
177,90,289,1154,0.000903558300510992,4.600000000022555e-07,2,"[1, 3]","[5121, 1068]"
178,90,289,1154,0.0009040083005109942,4.5000000000220645e-07,2,"[1, 3]","[5118, 1093]"
179,90,289,1155,0.0009031531375415479,0.0009031531375415479,2,"[1, 3]","[4863, 1453]"
180,90,289,1155,0.0009035631375415499,4.100000000020103e-07,2,"[1, 3]","[4795, 1461]"
181,90,289,1155,0.0009039331375415517,3.700000000018142e-07,2,"[1, 3]","[4753, 1426]"
182,90,289,1155,0.000904403137541554,4.700000000023045e-07,2,"[1, 3]","[4793, 1501]"
183,90,289,1156,0.0009033283934940483,0.0009033283934940483,2,"[1, 3]","[4326, 2048]"
184,90,289,1156,0.0009037383934940503,4.100000000020103e-07,2,"[1, 3]","[4323, 1988]"
185,90,289,1156,0.0009040883934940521,3.500000000017161e-07,2,"[1, 3]","[4399, 1794]"
186,90,289,1156,0.0009045283934940542,4.400000000021574e-07,2,"[1, 3]","[4361, 1872]"
187,90,289,1157,0.0009034798254503786,0.0009034798254503786,2,"[1, 3]","[3560, 2770]"
188,90,289,1157,0.0009038798254503806,4.000000000019613e-07,2,"[1, 3]","[3951, 2359]"
189,90,289,1157,0.0009042098254503822,3.3000000000161806e-07,2,"[1, 3]","[3977, 2172]"
190,90,289,1157,0.000904579825450384,3.700000000018142e-07,2,"[1, 3]","[4315, 1956]"
191,90,289,1157,0.0009052698254503874,6.900000000033832e-07,2,"[1, 3]","[4478, 1747]"
192,90,289,1158,0.0009036322814555881,0.0009036322814555881,2,"[1, 3]","[3009, 3283]"
193,90,289,1158,0.00090401228145559,3.800000000018632e-07,2,"[1, 3]","[3533, 2747]"
194,90,289,1158,0.0009043122814555915,3.0000000000147097e-07,2,"[1, 3]","[3830, 2410]"
195,90,289,1158,0.0009046122814555929,3.0000000000147097e-07,2,"[1, 3]","[4320, 2002]"
196,90,289,1158,0.0009049722814555947,3.6000000000176516e-07,2,"[1, 3]","[4485, 1645]"
197,90,289,1158,0.000905842281455599,8.700000000042658e-07,2,"[1, 3]","[4969, 1276]"
198,90,289,1159,0.0009037886325274345,0.0009037886325274345,2,"[1, 3]","[2264, 4020]"
199,90,289,1159,0.0009041686325274364,3.800000000018632e-07,2,"[1, 3]","[3144, 3260]"
200,90,289,1159,0.0009044586325274378,2.9000000000142193e-07,2,"[1, 3]","[3629, 2582]"
201,90,289,1159,0.0009047286325274391,2.7000000000132387e-07,2,"[1, 3]","[4129, 2132]"
202,90,289,1159,0.0009050286325274406,3.0000000000147097e-07,2,"[1, 3]","[4425, 1679]"
203,90,289,1159,0.0009054686325274427,4.400000000021574e-07,2,"[1, 3]","[5005, 1311]"
204,90,289,1160,0.0009039701705067884,0.0009039701705067884,2,"[1, 3]","[1512, 4778]"
205,90,289,1160,0.0009043601705067903,3.9000000000191225e-07,2,"[1, 3]","[2529, 3862]"
206,90,289,1160,0.0009046701705067918,3.1000000000152e-07,2,"[1, 3]","[3336, 2866]"
207,90,289,1160,0.0009049601705067933,2.9000000000142193e-07,2,"[1, 3]","[3973, 2258]"
208,90,289,1160,0.0009052701705067948,3.1000000000152e-07,2,"[1, 3]","[4605, 1562]"
209,90,289,1160,0.0009057001705067969,4.300000000021084e-07,2,"[1, 3]","[5198, 1055]"
210,90,289,1161,0.0009041397833402045,0.0009041397833402045,2,"[1, 3]","[898, 5456]"
211,90,289,1161,0.0009045597833402066,4.2000000000205935e-07,2,"[1, 3]","[2142, 4176]"
212,90,289,1161,0.0009048797833402082,3.2000000000156903e-07,2,"[1, 3]","[3020, 3156]"
213,90,289,1161,0.0009051797833402096,3.0000000000147097e-07,2,"[1, 3]","[4091, 2231]"
214,90,289,1161,0.0009054797833402111,3.0000000000147097e-07,2,"[1, 3]","[4748, 1445]"
215,90,289,1161,0.0009058297833402128,3.500000000017161e-07,2,"[1, 3]","[5361, 863]"
216,90,289,1161,0.0009064397833402158,6.10000000002991e-07,2,"[1, 3]","[5842, 378]"
217,90,289,1162,0.0009043116036712494,0.0009043116036712494,2,"[1, 3]","[507, 5793]"
218,90,289,1162,0.0009047816036712517,4.700000000023045e-07,2,"[1, 3]","[1613, 4734]"
219,90,289,1162,0.0009051416036712534,3.6000000000176516e-07,2,"[1, 3]","[2954, 3217]"
220,90,289,1162,0.000905461603671255,3.2000000000156903e-07,2,"[1, 3]","[4234, 1968]"
221,90,289,1162,0.0009057816036712566,3.2000000000156903e-07,2,"[1, 3]","[5117, 1218]"
222,90,289,1162,0.0009061316036712583,3.500000000017161e-07,2,"[1, 3]","[5771, 504]"
223,90,289,1162,0.0009066116036712606,4.800000000023535e-07,2,"[1, 3]","[5945, 180]"
224,90,289,1163,0.000904506318953409,0.000904506318953409,2,"[1, 3]","[249, 6084]"
225,90,289,1163,0.0009050163189534114,5.100000000025006e-07,2,"[1, 3]","[1191, 5041]"
226,90,289,1163,0.0009054363189534135,4.2000000000205935e-07,2,"[1, 3]","[2919, 3387]"
227,90,289,1163,0.0009057963189534153,3.6000000000176516e-07,2,"[1, 3]","[4568, 1565]"
228,90,289,1163,0.0009061263189534169,3.3000000000161806e-07,2,"[1, 3]","[5576, 693]"
229,90,289,1163,0.0009064763189534186,3.500000000017161e-07,2,"[1, 3]","[6050, 244]"
230,90,289,1163,0.0009069363189534209,4.600000000022555e-07,2,"[1, 3]","[6131, 54]"
231,90,289,1164,0.0009046806144355914,0.0009046806144355914,2,"[1, 3]","[141, 6123]"
232,90,289,1164,0.0009052706144355943,5.900000000028929e-07,2,"[1, 3]","[1049, 5204]"
233,90,289,1164,0.0009057806144355968,5.100000000025006e-07,2,"[1, 3]","[3343, 2939]"
234,90,289,1164,0.0009061706144355987,3.9000000000191225e-07,2,"[1, 3]","[5346, 972]"
235,90,289,1164,0.0009065006144356004,3.3000000000161806e-07,2,"[1, 3]","[5882, 308]"
236,90,289,1164,0.000906840614435602,3.400000000016671e-07,2,"[1, 3]","[6198, 88]"
237,90,289,1164,0.0009072906144356042,4.5000000000220645e-07,2,"[1, 3]","[6210, 20]"
238,90,289,1165,0.0009049093938844595,0.0009049093938844595,2,"[1, 3]","[67, 6225]"
239,90,289,1165,0.0009055993938844629,6.900000000033832e-07,2,"[1, 3]","[1055, 5155]"
240,90,289,1165,0.0009061793938844657,5.800000000028439e-07,2,"[1, 3]","[4258, 2026]"
241,90,289,1165,0.0009065693938844677,3.9000000000191225e-07,2,"[1, 3]","[5827, 413]"
242,90,289,1165,0.0009068993938844693,3.3000000000161806e-07,2,"[1, 3]","[6333, 98]"
243,90,289,1165,0.0009072293938844709,3.3000000000161806e-07,2,"[1, 3]","[6063, 34]"
244,90,289,1165,0.0009076993938844732,4.700000000023045e-07,2,"[1, 3]","[6248, 12]"
245,90,289,1166,0.0009051678764430193,0.0009051678764430193,2,"[1, 3]","[55, 6195]"
246,90,289,1166,0.0009060278764430235,8.600000000042168e-07,2,"[1, 3]","[1709, 4591]"
247,90,289,1166,0.0009065878764430263,5.600000000027458e-07,2,"[1, 3]","[5468, 864]"
248,90,289,1166,0.0009069278764430279,3.400000000016671e-07,2,"[1, 3]","[6069, 123]"
249,90,289,1166,0.0009072378764430295,3.1000000000152e-07,2,"[1, 3]","[6251, 26]"
250,90,289,1166,0.0009075678764430311,3.3000000000161806e-07,2,"[1, 3]","[6228, 7]"
251,90,289,1166,0.0009080478764430334,4.800000000023535e-07,2,"[1, 3]","[6165, 4]"
252,90,289,1167,0.0009055450139200725,0.0009055450139200725,2,"[1, 3]","[124, 6153]"
253,90,289,1167,0.0009065050139200772,9.60000000004707e-07,2,"[1, 3]","[3392, 2873]"
254,90,289,1167,0.0009069750139200795,4.700000000023045e-07,2,"[1, 3]","[6127, 216]"
255,90,289,1167,0.0009073050139200811,3.3000000000161806e-07,2,"[1, 3]","[6170, 35]"
256,90,289,1167,0.0009076250139200827,3.2000000000156903e-07,2,"[1, 3]","[6302, 12]"
257,90,289,1167,0.0009079950139200845,3.700000000018142e-07,2,"[1, 3]","[6189, 2]"
258,90,289,1167,0.0009090750139200898,1.0800000000052955e-06,2,"[1, 3]","[6155, 2]"
259,90,289,1168,0.0009061800283403029,0.0009061800283403029,2,"[1, 3]","[603, 5654]"
260,90,289,1168,0.0009070000283403069,8.200000000040206e-07,2,"[1, 3]","[5569, 705]"
261,90,289,1168,0.0009073900283403088,3.9000000000191225e-07,2,"[1, 3]","[6198, 47]"
262,90,289,1168,0.0009077100283403104,3.2000000000156903e-07,2,"[1, 3]","[6241, 13]"
263,90,289,1168,0.0009080600283403121,3.500000000017161e-07,2,"[1, 3]","[6352, 1]"
264,90,289,1168,0.0009086100283403148,5.500000000026968e-07,1,[1],[6141]
265,90,289,1169,0.0009066918684255524,0.0009066918684255524,2,"[1, 3]","[1408, 4879]"
266,90,289,1169,0.0009073618684255557,6.700000000032852e-07,2,"[1, 3]","[6051, 187]"
267,90,289,1169,0.0009077518684255576,3.9000000000191225e-07,2,"[1, 3]","[6395, 13]"
268,90,289,1169,0.0009080818684255593,3.3000000000161806e-07,2,"[1, 3]","[6067, 3]"
269,90,289,1169,0.0009085118684255614,4.300000000021084e-07,2,"[1, 3]","[6258, 1]"
270,90,289,1170,0.0009071397723955288,0.0009071397723955288,2,"[1, 3]","[2450, 3805]"
271,90,289,1170,0.0009077197723955316,5.800000000028439e-07,2,"[1, 3]","[6211, 36]"
272,90,289,1170,0.0009081097723955335,3.9000000000191225e-07,2,"[1, 3]","[6250, 4]"
273,90,289,1170,0.0009085097723955355,4.000000000019613e-07,1,[1],[6274]
274,90,289,1170,0.0009092597723955392,7.500000000036774e-07,1,[1],[6253]
275,90,289,1171,0.0009075558880677997,0.0009075558880677997,2,"[1, 3]","[3751, 2517]"
276,90,289,1171,0.0009080858880678023,5.300000000025987e-07,2,"[1, 3]","[6316, 4]"
277,90,289,1171,0.0009084958880678043,4.100000000020103e-07,1,[1],[6185]
278,90,289,1171,0.000909045888067807,5.500000000026968e-07,1,[1],[6238]
279,90,289,1172,0.0009079304215802382,0.0009079304215802382,2,"[1, 3]","[4660, 1599]"
280,90,289,1172,0.0009084804215802409,5.500000000026968e-07,2,"[1, 3]","[6274, 3]"
281,90,289,1172,0.0009090304215802436,5.500000000026968e-07,1,[1],[6273]
282,90,289,1173,0.0009082953766597556,0.0009082953766597556,2,"[1, 3]","[5348, 985]"
283,90,289,1173,0.0009088853766597585,5.900000000028929e-07,1,[1],[6234]
284,90,289,1173,0.0009099753766597639,1.0900000000053445e-06,1,[1],[6198]
285,90,289,1174,0.0009085905631909199,0.0009085905631909199,3,"[1, 3, 4]","[5727, 555, 2]"
286,90,289,1174,0.0009093205631909235,7.300000000035793e-07,1,[1],[6234]
287,90,289,1175,0.0009088872731208803,0.0009088872731208803,3,"[1, 3, 4]","[5887, 319, 59]"
288,90,289,1175,0.0009098672731208851,9.800000000048052e-07,1,[1],[6238]
289,90,289,1176,0.0009091907068686746,0.0009091907068686746,3,"[1, 3, 4]","[6048, 157, 47]"
290,90,289,1177,0.0009095134728211552,0.0009095134728211552,2,"[1, 3]","[6212, 82]"
291,90,289,1178,0.0009098165426436901,0.0009098165426436901,2,"[1, 3]","[6243, 39]"
292,90,289,1179,0.0009101898499916198,0.0009101898499916198,2,"[1, 3]","[6248, 15]"
293,90,289,1180,0.000910437376804625,0.000910437376804625,2,"[1, 3]","[6261, 2]"
294,90,289,1181,0.0009110637883811722,0.0009110637883811722,2,"[1, 3]","[6259, 1]"
295,90,290,1164,0.0009071909586565765,0.0009071909586565765,2,"[1, 3]","[457, 5793]"
296,90,290,1165,0.0009056005562364446,0.0009056005562364446,2,"[1, 3]","[18, 6273]"
297,90,290,1166,0.0009053369290206119,0.0009053369290206119,2,"[1, 3]","[6, 6275]"
298,90,290,1167,0.0009053056864716627,0.0009053056864716627,2,"[1, 3]","[3, 6330]"
299,90,290,1167,0.0009070856864716715,1.7800000000087277e-06,2,"[1, 3]","[237, 5933]"
300,90,290,1168,0.0009053779688705358,0.0009053779688705358,1,[3],[6288]
301,90,290,1168,0.0009067079688705424,1.3300000000065213e-06,2,"[1, 3]","[69, 6151]"
302,90,290,1169,0.0009053766319330307,0.0009053766319330307,1,[3],[6311]
303,90,290,1169,0.0009061266319330344,7.500000000036774e-07,2,"[1, 3]","[1, 6222]"
304,90,290,1170,0.0009054343557356028,0.0009054343557356028,1,[3],[6265]
305,90,290,1170,0.0009061143557356061,6.800000000033342e-07,2,"[1, 3]","[1, 6262]"
306,90,290,1171,0.0009055182840086825,0.0009055182840086825,2,"[1, 3]","[1, 6265]"
307,90,290,1171,0.0009061682840086857,6.500000000031871e-07,1,[3],[6273]
308,90,290,1172,0.0009056265378184397,0.0009056265378184397,1,[3],[6299]
309,90,290,1172,0.000906286537818443,6.600000000032361e-07,1,[3],[6243]
310,90,290,1173,0.0009057787821763279,0.0009057787821763279,1,[3],[6325]
311,90,290,1173,0.0009064687821763313,6.900000000033832e-07,1,[3],[6187]
312,90,290,1174,0.0009059396165653822,0.0009059396165653822,2,"[3, 4]","[6233, 41]"
313,90,290,1174,0.000906719616565386,7.800000000038245e-07,2,"[3, 4]","[6243, 31]"
314,90,290,1175,0.0009059670130068292,0.0009059670130068292,2,"[3, 4]","[4785, 1519]"
315,90,290,1175,0.0009066070130068323,6.400000000031381e-07,2,"[3, 4]","[4789, 1409]"
316,90,290,1176,0.0009061330109067543,0.0009061330109067543,2,"[3, 4]","[5047, 1204]"
317,90,290,1176,0.0009069430109067583,8.100000000039716e-07,2,"[3, 4]","[5446, 850]"
318,90,290,1177,0.0009065373651978442,0.0009065373651978442,2,"[3, 4]","[6275, 9]"
319,90,290,1178,0.0009069652931282303,0.0009069652931282303,1,[3],[6251]
320,90,291,1175,0.0009064317125487277,0.0009064317125487277,2,"[3, 4]","[4525, 1781]"
321,90,291,1176,0.0009063459225807668,0.0009063459225807668,2,"[3, 4]","[5253, 1013]"
322,90,291,1177,0.0009063633463992727,0.0009063633463992727,2,"[3, 4]","[6249, 4]"
323,90,291,1177,0.0009077833463992797,1.4200000000069626e-06,2,"[3, 4]","[6253, 1]"
324,90,291,1178,0.0009063253951650865,0.0009063253951650865,1,[3],[6288]
325,90,291,1178,0.0009071153951650903,7.900000000038735e-07,1,[3],[6236]
326,90,291,1179,0.0009062472028443305,0.0009062472028443305,2,"[3, 5]","[5540, 777]"
327,90,291,1179,0.0009068672028443336,6.2000000000304e-07,2,"[3, 5]","[5957, 250]"
328,90,291,1180,0.0009057705966050067,0.0009057705966050067,2,"[3, 5]","[1847, 4441]"
329,90,291,1180,0.0009062305966050089,4.600000000022555e-07,2,"[3, 5]","[3179, 3174]"
330,90,291,1180,0.0009066205966050109,3.9000000000191225e-07,2,"[3, 5]","[3796, 2390]"
331,90,291,1180,0.000907060596605013,4.400000000021574e-07,2,"[3, 5]","[4442, 1782]"
332,90,291,1181,0.0009062839239302094,0.0009062839239302094,2,"[3, 5]","[4929, 1415]"
333,90,291,1181,0.000906813923930212,5.300000000025987e-07,2,"[3, 5]","[5580, 626]"
334,90,291,1181,0.0009074539239302151,6.400000000031381e-07,2,"[3, 5]","[5809, 394]"
335,90,291,1182,0.0009065336994333257,0.0009065336994333257,3,"[3, 5, 6]","[6279, 2, 1]"
336,90,291,1182,0.0009071136994333285,5.800000000028439e-07,2,"[3, 5]","[6291, 2]"
337,90,291,1182,0.0009085736994333357,1.4600000000071587e-06,2,"[3, 6]","[6179, 1]"
338,90,291,1183,0.0009066409092333816,0.0009066409092333816,2,"[3, 6]","[5905, 439]"
339,90,291,1183,0.0009072209092333845,5.800000000028439e-07,2,"[3, 6]","[5761, 395]"
340,90,291,1184,0.0009066742716303507,0.0009066742716303507,2,"[3, 6]","[4325, 1952]"
341,90,291,1184,0.0009072342716303534,5.600000000027458e-07,2,"[3, 6]","[4810, 1461]"
342,90,291,1184,0.0009081042716303577,8.700000000042658e-07,2,"[3, 6]","[5084, 1131]"
343,90,291,1185,0.0009071645609728721,0.0009071645609728721,2,"[3, 6]","[6103, 186]"
344,90,291,1185,0.0009083145609728778,1.1500000000056387e-06,2,"[3, 6]","[6143, 83]"
345,90,291,1186,0.0009075739001488813,0.0009075739001488813,1,[3],[6269]
346,90,291,1187,0.0009081447155515459,0.0009081447155515459,1,[3],[6260]
347,90,292,1184,0.0009073396811506458,0.0009073396811506458,2,"[3, 6]","[4976, 1300]"
348,90,292,1185,0.0009074147478652075,0.0009074147478652075,2,"[3, 6]","[6198, 78]"
349,90,292,1186,0.0009074148462213674,0.0009074148462213674,1,[3],[6324]
350,90,292,1186,0.0009089248462213748,1.5100000000074039e-06,1,[3],[6181]
351,90,292,1187,0.0009074476617865362,0.0009074476617865362,1,[3],[6289]
352,90,292,1187,0.0009082576617865402,8.100000000039716e-07,1,[3],[6244]
353,90,292,1188,0.0009075387609945242,0.0009075387609945242,1,[3],[6251]
354,90,292,1188,0.0009082087609945275,6.700000000032852e-07,1,[3],[6307]
355,90,292,1189,0.0009076731408507357,0.0009076731408507357,1,[3],[6348]
356,90,292,1189,0.0009082731408507386,6.000000000029419e-07,1,[3],[6252]
357,90,292,1190,0.0009078034468174732,0.0009078034468174732,1,[3],[6259]
358,90,292,1190,0.0009084034468174761,6.000000000029419e-07,1,[3],[6269]
359,90,292,1190,0.0009101934468174849,1.7900000000087768e-06,1,[3],[6222]
360,90,292,1191,0.0009080054728084602,0.0009080054728084602,1,[3],[6329]
361,90,292,1191,0.0009086154728084632,6.10000000002991e-07,1,[3],[6223]
362,90,292,1192,0.0009082052604920442,0.0009082052604920442,2,"[3, 7]","[6144, 114]"
363,90,292,1192,0.0009088452604920473,6.400000000031381e-07,2,"[3, 7]","[6158, 122]"
364,90,292,1193,0.0009082479346661284,0.0009082479346661284,2,"[3, 7]","[4250, 2006]"
365,90,292,1193,0.000908787934666131,5.400000000026477e-07,2,"[3, 7]","[4473, 1828]"
366,90,292,1193,0.0009094679346661344,6.800000000033342e-07,2,"[3, 7]","[4678, 1528]"
367,90,292,1194,0.0009086327081792542,0.0009086327081792542,2,"[3, 7]","[5451, 809]"
368,90,292,1194,0.000909402708179258,7.700000000037755e-07,2,"[3, 7]","[5766, 478]"
369,90,292,1195,0.0009090546025173803,0.0009090546025173803,2,"[3, 7]","[6287, 1]"
370,90,292,1196,0.0009095003263364881,0.0009095003263364881,1,[3],[6293]
371,90,292,1197,0.0009101323440829723,0.0009101323440829723,1,[3],[6263]
372,90,293,1193,0.0009089258590744812,0.0009089258590744812,2,"[3, 7]","[4448, 1852]"
373,90,293,1194,0.0009090181649527715,0.0009090181649527715,2,"[3, 7]","[5808, 502]"
374,90,293,1195,0.0009090659956212579,0.0009090659956212579,2,"[3, 7]","[6308, 1]"
375,90,293,1196,0.0009091160165727274,0.0009091160165727274,1,[3],[6308]
376,90,293,1196,0.0009099860165727317,8.700000000042658e-07,1,[3],[6229]
377,90,293,1197,0.0009091980533741549,0.0009091980533741549,1,[3],[6251]
378,90,293,1197,0.0009098780533741582,6.800000000033342e-07,1,[3],[6303]
379,90,293,1198,0.000909344432135343,0.000909344432135343,1,[3],[6301]
380,90,293,1198,0.000909964432135346,6.2000000000304e-07,1,[3],[6269]
381,90,293,1199,0.0009094964329695223,0.0009094964329695223,1,[3],[6269]
382,90,293,1199,0.0009100764329695251,5.800000000028439e-07,1,[3],[6333]
383,90,293,1199,0.0009111864329695306,1.1100000000054426e-06,1,[3],[6150]
384,90,293,1200,0.0009096737800500641,0.0009096737800500641,1,[3],[6335]
385,90,293,1200,0.0009102437800500669,5.700000000027948e-07,1,[3],[6209]
386,90,293,1200,0.0009113337800500722,1.0900000000053445e-06,1,[3],[6216]
387,90,293,1201,0.0009098873068393082,0.0009098873068393082,1,[3],[6316]
388,90,293,1201,0.0009104573068393109,5.700000000027948e-07,1,[3],[6250]
389,90,293,1201,0.0009115073068393161,1.0500000000051484e-06,1,[3],[6196]
390,90,293,1202,0.0009101005168917816,0.0009101005168917816,1,[3],[6250]
391,90,293,1202,0.0009107205168917846,6.2000000000304e-07,1,[3],[6334]
392,90,293,1203,0.000910401711699105,0.000910401711699105,1,[3],[6333]
393,90,293,1203,0.0009111517116991086,7.500000000036774e-07,1,[3],[6222]
394,90,293,1204,0.0009107587274494071,0.0009107587274494071,2,"[3, 8]","[6118, 140]"
395,90,293,1204,0.0009120387274494134,1.2800000000062761e-06,2,"[3, 8]","[6095, 155]"
396,90,293,1205,0.0009109980362214226,0.0009109980362214226,2,"[3, 8]","[4714, 1547]"
397,90,293,1206,0.0009120428539050717,0.0009120428539050717,2,"[3, 8]","[5860, 405]"
398,90,294,1203,0.0009114904677560988,0.0009114904677560988,1,[3],[6256]
399,90,294,1204,0.0009110876547604542,0.0009110876547604542,2,"[3, 8]","[5987, 291]"
400,90,294,1205,0.0009107954589826816,0.0009107954589826816,2,"[3, 8]","[4125, 2164]"
401,90,294,1205,0.0009114854589826849,6.900000000033832e-07,2,"[3, 8]","[4529, 1721]"
402,90,294,1206,0.0009111117560423007,0.0009111117560423007,2,"[3, 8]","[5817, 449]"
403,90,294,1206,0.0009118917560423046,7.800000000038245e-07,3,"[3, 8, 9]","[6035, 208, 1]"
404,90,294,1207,0.0009113067783397058,0.0009113067783397058,3,"[3, 8, 9]","[6050, 1, 227]"
405,90,294,1207,0.000911956778339709,6.500000000031871e-07,3,"[3, 8, 9]","[5839, 1, 471]"
406,90,294,1208,0.0009113680804769893,0.0009113680804769893,4,"[3, 9, 10, 11]","[4954, 1135, 199, 53]"
407,90,294,1208,0.0009118280804769916,4.600000000022555e-07,4,"[3, 9, 10, 11]","[4496, 1478, 245, 55]"
408,90,294,1208,0.0009122780804769938,4.5000000000220645e-07,4,"[3, 9, 10, 11]","[4174, 1671, 278, 89]"
409,90,294,1208,0.0009131780804769982,9.000000000044129e-07,4,"[3, 9, 10, 11]","[3729, 2044, 311, 98]"
410,90,294,1209,0.0009114376339162849,0.0009114376339162849,4,"[3, 9, 10, 11]","[3820, 101, 1052, 1372]"
411,90,294,1209,0.0009118376339162868,4.000000000019613e-07,4,"[3, 9, 10, 11]","[3651, 88, 1001, 1488]"
412,90,294,1209,0.0009121976339162886,3.6000000000176516e-07,4,"[3, 9, 10, 11]","[3500, 81, 953, 1667]"
413,90,294,1209,0.0009126276339162907,4.300000000021084e-07,4,"[3, 9, 10, 11]","[3440, 90, 855, 1970]"
414,90,294,1210,0.0009117709824118477,0.0009117709824118477,3,"[3, 10, 11]","[5107, 114, 1043]"
415,90,294,1210,0.0009123109824118504,5.400000000026477e-07,3,"[3, 10, 11]","[5204, 93, 1011]"
416,90,294,1210,0.0009130309824118539,7.200000000035303e-07,3,"[3, 10, 11]","[5027, 68, 1098]"
417,90,294,1211,0.0009120900536903913,0.0009120900536903913,2,"[3, 11]","[6295, 2]"
418,90,294,1211,0.000912850053690395,7.600000000037264e-07,2,"[3, 11]","[6208, 1]"
419,90,294,1212,0.0009123330285466381,0.0009123330285466381,1,[3],[6254]
420,90,294,1212,0.0009134530285466436,1.1200000000054916e-06,1,[3],[6257]
421,90,294,1213,0.0009126676651855202,0.0009126676651855202,2,"[3, 12]","[6271, 1]"
422,90,294,1214,0.0009129977992384642,0.0009129977992384642,2,"[3, 12]","[5830, 469]"
423,90,294,1215,0.000913388594907355,0.000913388594907355,2,"[3, 12]","[5201, 1066]"
424,90,295,1211,0.0009131237281464293,0.0009131237281464293,2,"[3, 11]","[6263, 2]"
425,90,295,1212,0.0009127033035145976,0.0009127033035145976,1,[3],[6292]
426,90,295,1213,0.0009126078221775926,0.0009126078221775926,2,"[3, 12]","[6282, 4]"
427,90,295,1214,0.0009125199315838184,0.0009125199315838184,2,"[3, 12]","[5572, 696]"
428,90,295,1214,0.000913239931583822,7.200000000035303e-07,2,"[3, 12]","[5433, 851]"
429,90,295,1215,0.0009124999014101014,0.0009124999014101014,2,"[3, 12]","[5033, 1286]"
430,90,295,1215,0.0009130599014101041,5.600000000027458e-07,2,"[3, 12]","[5031, 1213]"
431,90,295,1215,0.0009140399014101089,9.800000000048052e-07,2,"[3, 12]","[5064, 1132]"
432,90,295,1216,0.0009126898721419061,0.0009126898721419061,2,"[3, 12]","[6285, 41]"
433,90,295,1216,0.0009133098721419091,6.2000000000304e-07,2,"[3, 12]","[6220, 21]"
434,90,295,1217,0.0009127812668688185,0.0009127812668688185,2,"[3, 13]","[6146, 113]"
435,90,295,1217,0.0009133812668688214,6.000000000029419e-07,2,"[3, 13]","[6212, 111]"
436,90,295,1218,0.0009127558356283555,0.0009127558356283555,2,"[3, 13]","[4836, 1472]"
437,90,295,1218,0.0009132558356283579,5.000000000024516e-07,2,"[3, 13]","[5048, 1227]"
438,90,295,1218,0.0009137758356283605,5.200000000025497e-07,2,"[3, 13]","[5102, 1090]"
439,90,295,1219,0.0009129028360476357,0.0009129028360476357,2,"[3, 13]","[5869, 384]"
440,90,295,1219,0.0009134528360476384,5.500000000026968e-07,2,"[3, 13]","[5970, 283]"
441,90,295,1219,0.0009142228360476422,7.700000000037755e-07,2,"[3, 13]","[6083, 196]"
442,90,295,1220,0.0009130146026293922,0.0009130146026293922,2,"[3, 13]","[6287, 1]"
443,90,295,1220,0.000913584602629395,5.700000000027948e-07,1,[3],[6265]
444,90,295,1220,0.0009148246026294011,1.24000000000608e-06,2,"[3, 13]","[6199, 1]"
445,90,295,1221,0.0009131058733792518,0.0009131058733792518,1,[3],[6317]
446,90,295,1221,0.0009137058733792548,6.000000000029419e-07,1,[3],[6244]
447,90,295,1222,0.0009131902612784125,0.0009131902612784125,1,[3],[6273]
448,90,295,1222,0.0009138302612784156,6.400000000031381e-07,1,[3],[6308]
449,90,295,1223,0.0009133281498838455,0.0009133281498838455,1,[3],[6266]
450,90,295,1223,0.0009140981498838493,7.700000000037755e-07,1,[3],[6236]
451,90,295,1224,0.0009134875051465379,0.0009134875051465379,1,[3],[6331]
452,90,295,1224,0.0009144775051465428,9.900000000048542e-07,1,[3],[6177]
453,90,295,1225,0.000913662251410456,0.000913662251410456,1,[3],[6306]
454,90,295,1226,0.0009139801312369785,0.0009139801312369785,1,[3],[6279]
455,90,295,1227,0.0009142107275918499,0.0009142107275918499,2,"[3, 14]","[6120, 160]"
456,90,295,1228,0.0009144347443501473,0.0009144347443501473,2,"[3, 14]","[4887, 1378]"
457,90,296,1222,0.0009145984050837721,0.0009145984050837721,1,[3],[6251]
458,90,296,1223,0.0009139458335259269,0.0009139458335259269,1,[3],[6275]
459,90,296,1224,0.0009137484278225368,0.0009137484278225368,1,[3],[6280]
460,90,296,1225,0.0009136302759510938,0.0009136302759510938,1,[3],[6289]
461,90,296,1226,0.0009135656426803256,0.0009135656426803256,1,[3],[6292]
462,90,296,1226,0.0009145756426803305,1.0100000000049522e-06,1,[3],[6232]
463,90,296,1227,0.000913392118799639,0.000913392118799639,2,"[3, 14]","[5954, 315]"
464,90,296,1227,0.0009140521187996423,6.600000000032361e-07,2,"[3, 14]","[6006, 243]"
465,90,296,1228,0.0009132084909247119,0.0009132084909247119,2,"[3, 14]","[4528, 1749]"
466,90,296,1228,0.0009136984909247143,4.900000000024026e-07,2,"[3, 14]","[4746, 1578]"
467,90,296,1228,0.0009142384909247169,5.400000000026477e-07,2,"[3, 14]","[4845, 1361]"
468,90,296,1229,0.0009133123277263231,0.0009133123277263231,2,"[3, 14]","[6044, 231]"
469,90,296,1229,0.000913912327726326,6.000000000029419e-07,2,"[3, 14]","[6036, 230]"
470,90,296,1230,0.0009132731037699032,0.0009132731037699032,1,[3],[6318]
471,90,296,1230,0.0009138831037699062,6.10000000002991e-07,1,[3],[6215]
472,90,296,1231,0.0009132255547603183,0.0009132255547603183,1,[3],[6340]
473,90,296,1231,0.0009138255547603213,6.000000000029419e-07,1,[3],[6244]
474,90,296,1232,0.0009131722736419158,0.0009131722736419158,1,[3],[6315]
475,90,296,1232,0.0009137522736419187,5.800000000028439e-07,1,[3],[6206]
476,90,296,1233,0.0009131259071475456,0.0009131259071475456,1,[3],[6289]
477,90,296,1233,0.0009137059071475485,5.800000000028439e-07,1,[3],[6215]
478,90,296,1233,0.0009155659071475576,1.86000000000912e-06,1,[3],[6246]
479,90,296,1234,0.0009130900143247728,0.0009130900143247728,1,[3],[6279]
480,90,296,1234,0.0009136900143247757,6.000000000029419e-07,1,[3],[6226]
481,90,296,1235,0.000913071278600176,0.000913071278600176,1,[3],[6336]
482,90,296,1235,0.000913671278600179,6.000000000029419e-07,1,[3],[6258]
483,90,296,1236,0.0009130912556365086,0.0009130912556365086,1,[3],[6332]
484,90,296,1236,0.0009136512556365113,5.600000000027458e-07,1,[3],[6212]
485,90,296,1236,0.0009147912556365169,1.1400000000055897e-06,1,[3],[6212]
486,90,296,1237,0.000913165026667638,0.000913165026667638,1,[3],[6332]
487,90,296,1237,0.0009137450266676408,5.800000000028439e-07,1,[3],[6187]
488,90,296,1238,0.0009132199758066563,0.0009132199758066563,1,[3],[6321]
489,90,296,1238,0.0009138199758066593,6.000000000029419e-07,1,[3],[6201]
490,90,296,1239,0.000913278059665704,0.000913278059665704,1,[3],[6270]
491,90,296,1239,0.0009138980596657071,6.2000000000304e-07,1,[3],[6241]
492,90,296,1240,0.0009133602658894628,0.0009133602658894628,1,[3],[6291]
493,90,296,1240,0.000914020265889466,6.600000000032361e-07,1,[3],[6263]
494,90,296,1241,0.0009134666786377615,0.0009134666786377615,1,[3],[6267]
495,90,296,1241,0.000914186678637765,7.200000000035303e-07,1,[3],[6264]
496,90,296,1242,0.0009136052171800762,0.0009136052171800762,1,[3],[6311]
497,90,296,1242,0.0009143252171800797,7.200000000035303e-07,1,[3],[6255]
498,90,296,1243,0.0009137933363354909,0.0009137933363354909,1,[3],[6284]
499,90,296,1243,0.0009145633363354947,7.700000000037755e-07,1,[3],[6268]
500,90,296,1244,0.0009139842735025637,0.0009139842735025637,1,[3],[6271]
501,90,296,1244,0.0009149042735025682,9.20000000004511e-07,1,[3],[6255]
502,90,296,1245,0.0009142011494714542,0.0009142011494714542,1,[3],[6323]
503,90,296,1245,0.0009153011494714596,1.1000000000053935e-06,1,[3],[6187]
504,90,296,1246,0.0009144400773530048,0.0009144400773530048,1,[3],[6288]
505,90,296,1247,0.0009146639562808174,0.0009146639562808174,2,"[3, 15]","[6196, 105]"
506,90,296,1248,0.0009142975621344272,0.0009142975621344272,2,"[3, 15]","[3104, 3175]"
507,90,296,1248,0.0009149975621344307,7.000000000034323e-07,2,"[3, 15]","[4167, 2129]"
508,90,296,1249,0.0009142980061446935,0.0009142980061446935,2,"[3, 15]","[2378, 3874]"
509,90,296,1249,0.0009151580061446977,8.600000000042168e-07,2,"[3, 15]","[4466, 1826]"
510,90,296,1250,0.0009152723912670461,0.0009152723912670461,2,"[3, 15]","[6089, 170]"
511,90,296,1251,0.0009157094752445756,0.0009157094752445756,1,[3],[6263]
512,90,296,1252,0.0009167655003254105,0.0009167655003254105,1,[3],[6250]
513,90,296,1300,0.0009228414355234756,0.0009228414355234756,1,[21],[6293]
514,90,296,1300,0.0009238914355234807,1.0500000000051484e-06,1,[21],[6207]
515,90,297,1240,0.0009145663674817277,0.0009145663674817277,1,[3],[6265]
516,90,297,1241,0.0009143131435270675,0.0009143131435270675,1,[3],[6273]
517,90,297,1242,0.0009141600658421727,0.0009141600658421727,1,[3],[6261]
518,90,297,1243,0.0009141685498180569,0.0009141685498180569,1,[3],[6271]
519,90,297,1244,0.0009142372439041696,0.0009142372439041696,1,[3],[6295]
520,90,297,1245,0.0009142850801966305,0.0009142850801966305,1,[3],[6306]
521,90,297,1246,0.0009143879359348932,0.0009143879359348932,1,[3],[6310]
522,90,297,1246,0.0009158779359349005,1.4900000000073058e-06,1,[3],[6190]
523,90,297,1247,0.0009144535642733413,0.0009144535642733413,2,"[3, 15]","[6130, 128]"
524,90,297,1247,0.0009154235642733461,9.700000000047561e-07,2,"[3, 15]","[6146, 121]"
525,90,297,1248,0.000914066315733147,0.000914066315733147,2,"[3, 15]","[2689, 3655]"
526,90,297,1248,0.0009145663157331495,5.000000000024516e-07,2,"[3, 15]","[3704, 2506]"
527,90,297,1248,0.000915086315733152,5.200000000025497e-07,2,"[3, 15]","[4058, 2143]"
528,90,297,1249,0.0009139274267120033,0.0009139274267120033,2,"[3, 15]","[1707, 4547]"
529,90,297,1249,0.0009144474267120059,5.200000000025497e-07,2,"[3, 15]","[3462, 2801]"
530,90,297,1249,0.0009149274267120082,4.800000000023535e-07,2,"[3, 15]","[4484, 1770]"
531,90,297,1249,0.000915687426712012,7.600000000037264e-07,2,"[3, 15]","[5225, 1008]"
532,90,297,1250,0.0009146072229246466,0.0009146072229246466,2,"[3, 15]","[6092, 236]"
533,90,297,1250,0.0009152472229246498,6.400000000031381e-07,2,"[3, 15]","[6162, 37]"
534,90,297,1251,0.0009146943626303059,0.0009146943626303059,1,[3],[6268]
535,90,297,1251,0.0009152943626303088,6.000000000029419e-07,1,[3],[6307]
536,90,297,1252,0.0009147465020173216,0.0009147465020173216,1,[3],[6352]
537,90,297,1252,0.0009153165020173244,5.700000000027948e-07,1,[3],[6238]
538,90,297,1252,0.0009166465020173309,1.3300000000065213e-06,1,[3],[6170]
539,90,297,1253,0.0009146965229807529,0.0009146965229807529,1,[3],[6281]
540,90,297,1253,0.0009152365229807555,5.400000000026477e-07,1,[3],[6234]
541,90,297,1253,0.0009159765229807592,7.400000000036284e-07,1,[3],[6253]
542,90,297,1254,0.0009145444426620808,0.0009145444426620808,1,[3],[6281]
543,90,297,1254,0.0009150444426620833,5.000000000024516e-07,1,[3],[6277]
544,90,297,1254,0.0009156244426620861,5.800000000028439e-07,1,[3],[6215]
545,90,297,1255,0.0009144242056188156,0.0009144242056188156,1,[3],[6309]
546,90,297,1255,0.000914914205618818,4.900000000024026e-07,1,[3],[6237]
547,90,297,1255,0.0009154742056188208,5.600000000027458e-07,1,[3],[6208]
548,90,297,1256,0.0009142820376052638,0.0009142820376052638,1,[3],[6345]
549,90,297,1256,0.0009147820376052663,5.000000000024516e-07,1,[3],[6271]
550,90,297,1256,0.0009153220376052689,5.400000000026477e-07,1,[3],[6142]
551,90,297,1257,0.0009141820311518622,0.0009141820311518622,1,[3],[6339]
552,90,297,1257,0.0009146820311518646,5.000000000024516e-07,1,[3],[6197]
553,90,297,1257,0.0009152820311518676,6.000000000029419e-07,1,[3],[6219]
554,90,297,1258,0.0009140417556511392,0.0009140417556511392,1,[3],[6349]
555,90,297,1258,0.0009145317556511416,4.900000000024026e-07,1,[3],[6216]
556,90,297,1258,0.0009151017556511444,5.700000000027948e-07,1,[3],[6208]
557,90,297,1259,0.0009138941230383097,0.0009138941230383097,1,[3],[6344]
558,90,297,1259,0.0009143841230383121,4.900000000024026e-07,1,[3],[6240]
559,90,297,1259,0.0009149541230383149,5.700000000027948e-07,1,[3],[6225]
560,90,297,1260,0.0009137590636864193,0.0009137590636864193,1,[3],[6294]
561,90,297,1260,0.0009142790636864219,5.200000000025497e-07,1,[3],[6308]
562,90,297,1260,0.0009148790636864248,6.000000000029419e-07,1,[3],[6207]
563,90,297,1261,0.0009135705917436811,0.0009135705917436811,1,[3],[6312]
564,90,297,1261,0.0009140605917436835,4.900000000024026e-07,1,[3],[6199]
565,90,297,1261,0.0009146305917436863,5.700000000027948e-07,1,[3],[6296]
566,90,297,1262,0.0009133535850697077,0.0009133535850697077,1,[3],[6312]
567,90,297,1262,0.0009138535850697102,5.000000000024516e-07,1,[3],[6259]
568,90,297,1262,0.0009143935850697128,5.400000000026477e-07,1,[3],[6220]
569,90,297,1263,0.0009131775472751186,0.0009131775472751186,1,[3],[6272]
570,90,297,1263,0.0009137175472751213,5.400000000026477e-07,1,[3],[6369]
571,90,297,1263,0.0009143575472751244,6.400000000031381e-07,1,[3],[6117]
572,90,297,1264,0.0009130445181990833,0.0009130445181990833,1,[3],[6284]
573,90,297,1264,0.0009136645181990863,6.2000000000304e-07,1,[3],[6326]
574,90,297,1265,0.0009128485824895135,0.0009128485824895135,1,[3],[6313]
575,90,297,1265,0.0009136185824895173,7.700000000037755e-07,1,[3],[6211]
576,90,297,1266,0.000912655258343998,0.000912655258343998,1,[3],[6335]
577,90,297,1266,0.0009138452583440038,1.1900000000058348e-06,1,[3],[6165]
578,90,297,1267,0.0009124036984440891,0.0009124036984440891,2,"[3, 16]","[5867, 435]"
579,90,297,1268,0.0009121023780345846,0.0009121023780345846,2,"[3, 16]","[4738, 1549]"
580,90,297,1269,0.0009131289169341412,0.0009131289169341412,2,"[3, 16]","[6107, 147]"
581,90,297,1291,0.0009095308387892488,0.0009095308387892488,1,[3],[6252]
582,90,297,1297,0.0009205632443121838,0.0009205632443121838,1,[21],[6253]
583,90,297,1298,0.0009213745429014094,0.0009213745429014094,1,[21],[6273]
584,90,297,1299,0.0009213668960515622,0.0009213668960515622,1,[21],[6259]
585,90,297,1299,0.0009220668960515657,7.000000000034323e-07,1,[21],[6262]
586,90,297,1300,0.0009223293542656541,0.0009223293542656541,1,[21],[6293]
587,90,297,1300,0.0009230293542656575,7.000000000034323e-07,1,[21],[6253]
588,90,297,1300,0.0009236193542656604,5.900000000028929e-07,1,[21],[6286]
589,90,297,1300,0.0009242993542656637,6.800000000033342e-07,1,[21],[6188]
590,90,297,1301,0.0009237380248521825,0.0009237380248521825,1,[21],[6252]
591,90,298,1262,0.0009144891805525027,0.0009144891805525027,1,[3],[6250]
592,90,298,1263,0.0009138606767087771,0.0009138606767087771,1,[3],[6256]
593,90,298,1264,0.0009134206316368878,0.0009134206316368878,1,[3],[6309]
594,90,298,1265,0.0009129385679914388,0.0009129385679914388,1,[3],[6266]
595,90,298,1265,0.0009140685679914443,1.1300000000055406e-06,1,[3],[6236]
596,90,298,1266,0.0009124820710009609,0.0009124820710009609,1,[3],[6330]
597,90,298,1266,0.0009132120710009645,7.300000000035793e-07,2,"[3, 16]","[6183, 1]"
598,90,298,1267,0.0009119195746151623,0.0009119195746151623,2,"[3, 16]","[5525, 741]"
599,90,298,1267,0.000912469574615165,5.500000000026968e-07,2,"[3, 16]","[5947, 363]"
600,90,298,1267,0.0009131795746151685,7.100000000034813e-07,2,"[3, 16]","[5946, 231]"
601,90,298,1268,0.0009114491255630998,0.0009114491255630998,2,"[3, 16]","[4558, 1728]"
602,90,298,1268,0.0009118791255631019,4.300000000021084e-07,2,"[3, 16]","[4939, 1379]"
603,90,298,1268,0.0009122591255631038,3.800000000018632e-07,2,"[3, 16]","[5080, 1206]"
604,90,298,1268,0.0009127491255631062,4.900000000024026e-07,2,"[3, 16]","[5138, 999]"
605,90,298,1269,0.0009112478528963577,0.0009112478528963577,2,"[3, 16]","[6259, 71]"
606,90,298,1269,0.00091170785289636,4.600000000022555e-07,2,"[3, 16]","[6142, 84]"
607,90,298,1269,0.0009121578528963622,4.5000000000220645e-07,2,"[3, 16]","[6174, 83]"
608,90,298,1269,0.000913137852896367,9.800000000048052e-07,2,"[3, 16]","[6121, 72]"
609,90,298,1270,0.0009109052099824595,0.0009109052099824595,1,[3],[6304]
610,90,298,1270,0.0009113552099824617,4.5000000000220645e-07,1,[3],[6250]
611,90,298,1270,0.0009117852099824638,4.300000000021084e-07,1,[3],[6204]
612,90,298,1270,0.0009125252099824675,7.400000000036284e-07,1,[3],[6254]
613,90,298,1271,0.0009105260045388711,0.0009105260045388711,1,[3],[6352]
614,90,298,1271,0.0009109560045388732,4.300000000021084e-07,1,[3],[6212]
615,90,298,1271,0.0009113560045388751,4.000000000019613e-07,1,[3],[6199]
616,90,298,1271,0.0009119260045388779,5.700000000027948e-07,1,[3],[6252]
617,90,298,1272,0.0009101728690557653,0.0009101728690557653,1,[3],[6340]
618,90,298,1272,0.0009106128690557674,4.400000000021574e-07,1,[3],[6216]
619,90,298,1272,0.0009110328690557695,4.2000000000205935e-07,1,[3],[6298]
620,90,298,1272,0.0009116428690557725,6.10000000002991e-07,1,[3],[6204]
621,90,298,1273,0.000909937385466707,0.000909937385466707,1,[3],[6285]
622,90,298,1273,0.0009104373854667095,5.000000000024516e-07,1,[3],[6313]
623,90,298,1273,0.0009109873854667122,5.500000000026968e-07,1,[3],[6190]
624,90,298,1274,0.0009096746276073211,0.0009096746276073211,1,[3],[6343]
625,90,298,1274,0.0009102046276073237,5.300000000025987e-07,1,[3],[6177]
626,90,298,1274,0.0009108946276073271,6.900000000033832e-07,1,[3],[6230]
627,90,298,1275,0.000909348462730867,0.000909348462730867,1,[3],[6274]
628,90,298,1275,0.0009098984627308697,5.500000000026968e-07,1,[3],[6287]
629,90,298,1275,0.0009106084627308732,7.100000000034813e-07,1,[3],[6219]
630,90,298,1276,0.0009089603921640398,0.0009089603921640398,1,[3],[6336]
631,90,298,1276,0.0009095003921640425,5.400000000026477e-07,1,[3],[6267]
632,90,298,1276,0.0009101803921640458,6.800000000033342e-07,1,[3],[6205]
633,90,298,1277,0.0009085805836181169,0.0009085805836181169,1,[3],[6330]
634,90,298,1277,0.0009091205836181196,5.400000000026477e-07,1,[3],[6199]
635,90,298,1277,0.0009098605836181232,7.400000000036284e-07,1,[3],[6271]
636,90,298,1278,0.0009082306584158364,0.0009082306584158364,1,[3],[6251]
637,90,298,1278,0.000908770658415839,5.400000000026477e-07,1,[3],[6339]
638,90,298,1278,0.0009094606584158424,6.900000000033832e-07,1,[3],[6160]
639,90,298,1279,0.0009079098764408945,0.0009079098764408945,1,[3],[6355]
640,90,298,1279,0.000908419876440897,5.100000000025006e-07,1,[3],[6179]
641,90,298,1279,0.0009090598764409001,6.400000000031381e-07,1,[3],[6256]
642,90,298,1280,0.0009076474937241933,0.0009076474937241933,1,[3],[6298]
643,90,298,1280,0.0009081574937241958,5.100000000025006e-07,1,[3],[6219]
644,90,298,1280,0.0009087774937241988,6.2000000000304e-07,1,[3],[6301]
645,90,298,1281,0.0009074120264214291,0.0009074120264214291,2,"[3, 17]","[6246, 91]"
646,90,298,1281,0.0009079020264214315,4.900000000024026e-07,2,"[3, 17]","[6096, 75]"
647,90,298,1281,0.0009084720264214343,5.700000000027948e-07,2,"[3, 17]","[6221, 53]"
648,90,298,1282,0.0009070932086375571,0.0009070932086375571,2,"[3, 17]","[4764, 1514]"
649,90,298,1282,0.000907493208637559,4.000000000019613e-07,2,"[3, 17]","[4947, 1358]"
650,90,298,1282,0.0009078332086375607,3.400000000016671e-07,2,"[3, 17]","[4949, 1296]"
651,90,298,1282,0.0009082232086375626,3.9000000000191225e-07,2,"[3, 17]","[4916, 1269]"
652,90,298,1282,0.0009098532086375706,1.6300000000079922e-06,2,"[3, 17]","[5045, 1193]"
653,90,298,1283,0.0009070775494887641,0.0009070775494887641,2,"[3, 17]","[5714, 557]"
654,90,298,1283,0.0009075175494887663,4.400000000021574e-07,2,"[3, 17]","[5750, 542]"
655,90,298,1283,0.0009079175494887682,4.000000000019613e-07,2,"[3, 17]","[5678, 556]"
656,90,298,1283,0.0009085675494887714,6.500000000031871e-07,2,"[3, 17]","[5704, 538]"
657,90,298,1284,0.0009071144579690164,0.0009071144579690164,3,"[3, 17, 18]","[6178, 2, 104]"
658,90,298,1284,0.0009075944579690188,4.800000000023535e-07,2,"[3, 18]","[6219, 118]"
659,90,298,1284,0.0009081044579690213,5.100000000025006e-07,2,"[3, 18]","[6049, 123]"
660,90,298,1285,0.0009069925761216395,0.0009069925761216395,2,"[3, 18]","[5161, 1091]"
661,90,298,1285,0.0009074225761216416,4.300000000021084e-07,2,"[3, 18]","[5182, 1203]"
662,90,298,1285,0.0009077925761216434,3.700000000018142e-07,2,"[3, 18]","[4986, 1145]"
663,90,298,1285,0.0009082725761216457,4.800000000023535e-07,2,"[3, 18]","[5089, 1239]"
664,90,298,1286,0.0009070673829401019,0.0009070673829401019,2,"[3, 18]","[6042, 223]"
665,90,298,1286,0.0009075073829401041,4.400000000021574e-07,2,"[3, 18]","[6069, 238]"
666,90,298,1286,0.0009079173829401061,4.100000000020103e-07,2,"[3, 18]","[5972, 231]"
667,90,298,1286,0.0009086373829401096,7.200000000035303e-07,2,"[3, 18]","[5975, 261]"
668,90,298,1287,0.0009071199282547605,0.0009071199282547605,1,[3],[6379]
669,90,298,1287,0.0009075299282547625,4.100000000020103e-07,1,[3],[6287]
670,90,298,1287,0.0009078899282547642,3.6000000000176516e-07,1,[3],[6100]
671,90,298,1287,0.0009083599282547665,4.700000000023045e-07,1,[3],[6265]
672,90,298,1288,0.0009072468603489311,0.0009072468603489311,1,[3],[6288]
673,90,298,1288,0.000907636860348933,3.9000000000191225e-07,1,[3],[6375]
674,90,298,1288,0.0009079568603489346,3.2000000000156903e-07,1,[3],[6309]
675,90,298,1288,0.0009082868603489362,3.3000000000161806e-07,1,[3],[6136]
676,90,298,1288,0.0009087668603489386,4.800000000023535e-07,1,[3],[6213]
677,90,298,1289,0.0009074745864429911,0.0009074745864429911,1,[3],[6252]
678,90,298,1289,0.0009078445864429929,3.700000000018142e-07,1,[3],[6349]
679,90,298,1289,0.0009081445864429944,3.0000000000147097e-07,1,[3],[6207]
680,90,298,1289,0.0009084445864429958,3.0000000000147097e-07,1,[3],[6302]
681,90,298,1289,0.0009088145864429977,3.700000000018142e-07,1,[3],[6233]
682,90,298,1289,0.0009099245864430031,1.1100000000054426e-06,1,[3],[6163]
683,90,298,1290,0.0009078120442285783,0.0009078120442285783,1,[3],[6337]
684,90,298,1290,0.0009081820442285801,3.700000000018142e-07,1,[3],[6319]
685,90,298,1290,0.0009084820442285816,3.0000000000147097e-07,1,[3],[6306]
686,90,298,1290,0.000908762044228583,2.800000000013729e-07,1,[3],[6191]
687,90,298,1290,0.0009091020442285846,3.400000000016671e-07,1,[3],[6162]
688,90,298,1290,0.0009097320442285877,6.30000000003089e-07,1,[3],[6202]
689,90,298,1291,0.0009081703017476369,0.0009081703017476369,1,[3],[6401]
690,90,298,1291,0.0009085303017476387,3.6000000000176516e-07,1,[3],[6276]
691,90,298,1291,0.00090881030174764,2.800000000013729e-07,1,[3],[6262]
692,90,298,1291,0.0009090703017476413,2.6000000000127484e-07,1,[3],[6165]
693,90,298,1291,0.0009093603017476427,2.9000000000142193e-07,1,[3],[6301]
694,90,298,1291,0.0009097603017476447,4.000000000019613e-07,1,[3],[6182]
695,90,298,1292,0.0009086479813217451,0.0009086479813217451,1,[3],[6278]
696,90,298,1292,0.0009090079813217468,3.6000000000176516e-07,1,[3],[6260]
697,90,298,1292,0.0009092779813217481,2.7000000000132387e-07,2,"[3, 21]","[6335, 2]"
698,90,298,1292,0.0009095179813217493,2.4000000000117677e-07,2,"[3, 21]","[6363, 3]"
699,90,298,1292,0.0009097479813217505,2.3000000000112774e-07,1,[3],[6018]
700,90,298,1292,0.0009100279813217518,2.800000000013729e-07,2,"[3, 21]","[6414, 2]"
701,90,298,1292,0.0009103879813217536,3.6000000000176516e-07,2,"[3, 21]","[6139, 5]"
702,90,298,1293,0.0009091222084308477,0.0009091222084308477,2,"[3, 21]","[6306, 26]"
703,90,298,1293,0.0009094522084308493,3.3000000000161806e-07,2,"[3, 21]","[6287, 79]"
704,90,298,1293,0.0009097022084308506,2.500000000012258e-07,2,"[3, 21]","[6167, 134]"
705,90,298,1293,0.0009099222084308516,2.200000000010787e-07,2,"[3, 21]","[5939, 201]"
706,90,298,1293,0.0009101422084308527,2.200000000010787e-07,2,"[3, 21]","[5900, 296]"
707,90,298,1293,0.000910392208430854,2.500000000012258e-07,2,"[3, 21]","[5718, 447]"
708,90,298,1293,0.0009107322084308556,3.400000000016671e-07,2,"[3, 21]","[5468, 805]"
709,90,298,1293,0.0009114422084308591,7.100000000034813e-07,2,"[3, 21]","[4386, 1892]"
710,90,298,1294,0.0009103315205644425,0.0009103315205644425,2,"[3, 21]","[5252, 1011]"
711,90,298,1294,0.0009113515205644475,1.0200000000050013e-06,2,"[3, 21]","[1865, 4394]"
712,90,298,1294,0.0009122515205644519,9.000000000044129e-07,2,"[3, 21]","[109, 6141]"
713,90,298,1294,0.0009132015205644565,9.500000000046581e-07,2,"[3, 21]","[1, 6285]"
714,90,298,1294,0.000915531520564468,2.3300000000114245e-06,1,[21],[6193]
715,90,298,1295,0.0009138259383044993,0.0009138259383044993,2,"[3, 21]","[16, 6260]"
716,90,298,1295,0.0009148059383045041,9.800000000048052e-07,1,[21],[6235]
717,90,298,1295,0.0009157559383045087,9.500000000046581e-07,1,[21],[6292]
718,90,298,1295,0.0009172759383045162,1.5200000000074529e-06,1,[21],[6200]
719,90,298,1296,0.0009165153787034767,0.0009165153787034767,1,[21],[6291]
720,90,298,1296,0.0009173653787034809,8.500000000041677e-07,1,[21],[6272]
721,90,298,1296,0.0009182253787034851,8.600000000042168e-07,1,[21],[6207]
722,90,298,1297,0.0009186318639242408,0.0009186318639242408,1,[21],[6284]
723,90,298,1297,0.000919501863924245,8.700000000042658e-07,1,[21],[6283]
724,90,298,1297,0.0009206418639242506,1.1400000000055897e-06,1,[21],[6208]
725,90,298,1298,0.0009202445451881857,0.0009202445451881857,1,[21],[6276]
726,90,298,1298,0.0009210445451881896,8.000000000039226e-07,1,[21],[6263]
727,90,298,1299,0.000922242769217759,0.000922242769217759,1,[21],[6267]
728,90,299,1272,0.0009120848586487842,0.0009120848586487842,1,[3],[6255]
729,90,299,1273,0.0009110074229185377,0.0009110074229185377,1,[3],[6256]
730,90,299,1274,0.0009104604608162033,0.0009104604608162033,1,[3],[6286]
731,90,299,1275,0.0009100599902387812,0.0009100599902387812,1,[3],[6275]
732,90,299,1276,0.0009096388859075418,0.0009096388859075418,1,[3],[6256]
733,90,299,1277,0.0009091982466635204,0.0009091982466635204,1,[3],[6314]
734,90,299,1278,0.0009087960918290194,0.0009087960918290194,1,[3],[6270]
735,90,299,1279,0.0009083898682384489,0.0009083898682384489,1,[3],[6275]
736,90,299,1280,0.000908129083326257,0.000908129083326257,1,[3],[6275]
737,90,299,1281,0.0009078702871106859,0.0009078702871106859,2,"[3, 17]","[6189, 96]"
738,90,299,1282,0.0009074436464644796,0.0009074436464644796,2,"[3, 17]","[4938, 1320]"
739,90,299,1282,0.0009081236464644829,6.800000000033342e-07,2,"[3, 17]","[5047, 1252]"
740,90,299,1283,0.0009073814329337015,0.0009073814329337015,2,"[3, 17]","[5904, 425]"
741,90,299,1283,0.0009080714329337049,6.900000000033832e-07,2,"[3, 17]","[5780, 411]"
742,90,299,1284,0.0009074826368322773,0.0009074826368322773,2,"[3, 18]","[6135, 116]"
743,90,299,1284,0.0009085526368322825,1.0700000000052464e-06,3,"[3, 17, 18]","[6161, 2, 103]"
744,90,299,1285,0.0009074268669592999,0.0009074268669592999,2,"[3, 18]","[5222, 1125]"
745,90,299,1285,0.0009082768669593041,8.500000000041677e-07,2,"[3, 18]","[5002, 1175]"
746,90,299,1286,0.0009075676225973339,0.0009075676225973339,2,"[3, 18]","[6113, 216]"
747,90,299,1287,0.0009076840379275052,0.0009076840379275052,1,[3],[6255]
748,90,299,1288,0.000908082530998628,0.000908082530998628,1,[3],[6268]
749,90,299,1289,0.0009088371744263604,0.0009088371744263604,1,[3],[6258]
750,90,299,1292,0.0009101829779235093,0.0009101829779235093,2,"[3, 21]","[6269, 1]"
751,90,299,1293,0.0009099018488362778,0.0009099018488362778,2,"[3, 21]","[6242, 96]"
752,90,299,1293,0.0009111018488362837,1.2000000000058839e-06,2,"[3, 21]","[5554, 632]"
753,90,299,1294,0.0009165877282815186,0.0009165877282815186,2,"[3, 21]","[2041, 4209]"
