,event,pixel_x,pixel_y,reset_time,TSLR,nMCParticles,MC_TrackIDs,MC_Weights
0,65,226,1323,0.0008368843267205136,0.0008368843267205136,1,[848],[6281]
1,65,230,1267,0.0009089384189691206,0.0009089384189691206,3,"[844, 857, 859]","[4310, 1971, 1]"
2,65,230,1267,0.0009099684189691256,1.0300000000050503e-06,2,"[844, 857]","[6167, 66]"
3,65,230,1268,0.0009085222961196936,0.0009085222961196936,2,"[844, 857]","[4890, 1370]"
4,65,231,1266,0.0009100350033246414,0.0009100350033246414,2,"[844, 857]","[6226, 90]"
5,65,231,1266,0.0009108050033246451,7.700000000037755e-07,1,[844],[6234]
6,65,231,1267,0.0009077617933390918,0.0009077617933390918,3,"[844, 857, 859]","[2456, 3834, 8]"
7,65,231,1267,0.0009086817933390963,9.20000000004511e-07,3,"[844, 857, 859]","[3938, 2294, 9]"
8,65,231,1267,0.0009095917933391008,9.100000000044619e-07,3,"[844, 857, 859]","[5889, 356, 2]"
9,65,231,1267,0.0009104017933391047,8.100000000039716e-07,2,"[844, 857]","[6213, 23]"
10,65,231,1268,0.0009073786237174435,0.0009073786237174435,3,"[844, 857, 859]","[4598, 1726, 4]"
11,65,231,1268,0.0009079986237174465,6.2000000000304e-07,3,"[844, 857, 859]","[4471, 1707, 2]"
12,65,231,1268,0.0009088186237174506,8.200000000040206e-07,3,"[844, 857, 859]","[4938, 1327, 4]"
13,65,238,1254,0.0008975317084104147,0.0008975317084104147,1,[711],[6283]
14,65,238,1254,0.0008982517084104182,7.200000000035303e-07,1,[711],[6252]
15,65,238,1255,0.0008976925579067671,0.0008976925579067671,1,[711],[6301]
16,65,238,1255,0.00089828255790677,5.900000000028929e-07,1,[711],[6246]
17,65,238,1255,0.0008989425579067732,6.600000000032361e-07,1,[711],[6219]
18,65,239,1253,0.0008969077386373069,0.0008969077386373069,1,[711],[6312]
19,65,239,1253,0.0008976077386373103,7.000000000034323e-07,1,[711],[6267]
20,65,239,1254,0.0008969653084823435,0.0008969653084823435,1,[711],[6313]
21,65,239,1254,0.0008975353084823463,5.700000000027948e-07,1,[711],[6280]
22,65,239,1254,0.00089829530848235,7.600000000037264e-07,1,[711],[6176]
23,65,240,1252,0.0008971825403656662,0.0008971825403656662,2,"[711, 712]","[6242, 53]"
24,65,240,1252,0.0008979225403656699,7.400000000036284e-07,1,[711],[6282]
25,65,240,1253,0.0008972211727154503,0.0008972211727154503,1,[711],[6269]
26,65,247,1229,0.0009264974918040917,0.0009264974918040917,2,"[842, 862]","[5869, 390]"
27,65,247,1229,0.0009278074918040981,1.3100000000064232e-06,2,"[842, 862]","[5423, 824]"
28,65,247,1230,0.0009277973685892208,0.0009277973685892208,2,"[842, 862]","[4658, 1605]"
29,65,248,1227,0.0009280883760946717,0.0009280883760946717,2,"[817, 842]","[30, 6224]"
30,65,248,1228,0.0009260319538626611,0.0009260319538626611,3,"[817, 818, 842]","[89, 1, 6204]"
31,65,248,1228,0.0009265819538626638,5.500000000026968e-07,2,"[842, 862]","[6291, 2]"
32,65,248,1228,0.0009271719538626667,5.900000000028929e-07,2,"[842, 862]","[6248, 5]"
33,65,248,1229,0.0009260698334502043,0.0009260698334502043,3,"[817, 842, 862]","[5, 6059, 224]"
34,65,248,1229,0.0009266398334502071,5.700000000027948e-07,2,"[842, 862]","[5825, 450]"
35,65,248,1229,0.0009273998334502108,7.600000000037264e-07,2,"[842, 862]","[5478, 728]"
36,65,248,1230,0.0009272953741030127,0.0009272953741030127,2,"[842, 862]","[4682, 1594]"
37,65,249,1226,0.0009255756241379494,0.0009255756241379494,1,[842],[6294]
38,65,249,1227,0.0009260624323256017,0.0009260624323256017,3,"[817, 818, 842]","[113, 1, 6145]"
39,65,249,1227,0.0009267724323256052,7.100000000034813e-07,1,[842],[6294]
40,65,249,1227,0.0009275924323256092,8.200000000040206e-07,1,[842],[6204]
41,65,249,1228,0.0009269812557363747,0.0009269812557363747,3,"[817, 818, 842]","[627, 8, 5620]"
42,65,252,1216,0.0008999241114148983,0.0008999241114148983,1,[541],[6260]
43,65,252,1217,0.0008980344589380815,0.0008980344589380815,2,"[541, 568]","[6092, 190]"
44,65,252,1217,0.000900184458938092,2.150000000010542e-06,1,[541],[6218]
45,65,253,1216,0.0008988407656782747,0.0008988407656782747,1,[541],[6299]
46,65,253,1216,0.0009003607656782822,1.5200000000074529e-06,1,[541],[6204]
47,65,253,1217,0.0008966439801896998,0.0008966439801896998,5,"[541, 568, 579, 580, 583]","[6125, 148, 2, 1, 1]"
48,65,253,1217,0.0008975739801897044,9.3000000000456e-07,2,"[541, 568]","[6316, 2]"
49,65,253,1217,0.0008982039801897075,6.30000000003089e-07,1,[541],[6223]
50,65,253,1217,0.0008990539801897117,8.500000000041677e-07,1,[541],[6224]
51,65,253,1218,0.0008943677347196359,0.0008943677347196359,5,"[541, 568, 579, 580, 583]","[6241, 50, 1, 3, 1]"
52,65,253,1218,0.0008955277347196416,1.1600000000056877e-06,4,"[541, 568, 579, 580]","[6057, 184, 8, 3]"
53,65,253,1218,0.0008964677347196462,9.40000000004609e-07,3,"[541, 568, 579]","[6159, 61, 2]"
54,65,253,1218,0.0008973277347196504,8.600000000042168e-07,2,"[541, 568]","[6249, 6]"
55,65,254,1217,0.0008926423463339647,0.0008926423463339647,3,"[541, 583, 584]","[6209, 44, 1]"
56,65,254,1217,0.0008938423463339706,1.2000000000058839e-06,2,"[541, 583]","[6253, 16]"
57,65,254,1217,0.0009179023463340885,2.406000000011797e-05,8,"[540, 541, 579, 583, 726, 727, 748, 782]","[2344, 3136, 1, 5, 718, 2, 25, 1]"
58,65,254,1218,0.0008928232136593426,0.0008928232136593426,2,"[541, 583]","[6304, 16]"
59,65,254,1218,0.0008937032136593469,8.800000000043148e-07,4,"[541, 579, 583, 584]","[6170, 1, 8, 2]"
60,65,254,1218,0.000895353213659355,1.6500000000080903e-06,5,"[541, 568, 579, 580, 583]","[6254, 2, 6, 2, 3]"
61,65,254,1218,0.0009172832136594625,2.1930000000107528e-05,7,"[540, 541, 580, 726, 747, 748, 749]","[3117, 2953, 2, 169, 1, 27, 2]"
62,65,254,1218,0.0009181932136594669,9.100000000044619e-07,6,"[540, 726, 727, 747, 748, 749]","[5675, 522, 1, 2, 49, 2]"
63,65,254,1219,0.0009170526418367747,0.0009170526418367747,3,"[540, 541, 579]","[5597, 723, 1]"
64,65,254,1219,0.0009177526418367781,7.000000000034323e-07,5,"[540, 726, 747, 748, 749]","[6180, 1, 1, 1, 1]"
65,65,254,1220,0.0009166511898069132,0.0009166511898069132,2,"[540, 641]","[6349, 7]"
66,65,254,1220,0.0009173011898069164,6.500000000031871e-07,1,[540],[6205]
67,65,254,1221,0.0009161973170646422,0.0009161973170646422,5,"[540, 641, 642, 686, 687]","[5432, 852, 24, 5, 2]"
68,65,254,1221,0.0009167473170646449,5.500000000026968e-07,4,"[540, 641, 642, 686]","[5204, 974, 23, 7]"
69,65,254,1221,0.0009175273170646487,7.800000000038245e-07,4,"[540, 641, 642, 686]","[4970, 1237, 23, 1]"
70,65,254,1222,0.0009158295781079327,0.0009158295781079327,4,"[540, 641, 642, 686]","[2522, 1006, 2750, 3]"
71,65,254,1222,0.0009162295781079346,4.000000000019613e-07,5,"[540, 641, 642, 686, 687]","[2833, 1452, 2077, 1, 3]"
72,65,254,1222,0.0009165395781079362,3.1000000000152e-07,5,"[540, 641, 642, 686, 687]","[2641, 1763, 1779, 3, 2]"
73,65,254,1222,0.0009168395781079376,3.0000000000147097e-07,5,"[540, 641, 642, 686, 687]","[2689, 1959, 1627, 6, 1]"
74,65,254,1222,0.0009171795781079393,3.400000000016671e-07,4,"[540, 641, 642, 686]","[2589, 2095, 1464, 2]"
75,65,254,1222,0.0009177795781079422,6.000000000029419e-07,3,"[540, 641, 642]","[2585, 2394, 1306]"
76,65,254,1223,0.0009158890761295236,0.0009158890761295236,3,"[540, 641, 642]","[729, 52, 5519]"
77,65,254,1223,0.0009163390761295258,4.5000000000220645e-07,3,"[540, 641, 642]","[1317, 88, 4803]"
78,65,254,1223,0.0009167090761295276,3.700000000018142e-07,3,"[540, 641, 642]","[1948, 95, 4256]"
79,65,254,1223,0.0009170690761295294,3.6000000000176516e-07,3,"[540, 641, 642]","[2614, 150, 3525]"
80,65,254,1223,0.0009174790761295314,4.100000000020103e-07,3,"[540, 641, 642]","[3361, 135, 2665]"
81,65,254,1223,0.0009181390761295346,6.600000000032361e-07,3,"[540, 641, 642]","[4614, 89, 1582]"
82,65,254,1224,0.0009180063774243872,0.0009180063774243872,2,"[540, 642]","[5463, 793]"
83,65,254,1224,0.0009189563774243918,9.500000000046581e-07,2,"[540, 642]","[6268, 17]"
84,65,254,1225,0.0009188104302205114,0.0009188104302205114,1,[540],[6252]
85,65,254,1225,0.000919950430220517,1.1400000000055897e-06,1,[540],[6249]
86,65,254,1226,0.0009192914672759436,0.0009192914672759436,1,[540],[6294]
87,65,254,1226,0.0009203014672759485,1.0100000000049522e-06,1,[540],[6216]
88,65,254,1227,0.0009203177442832234,0.0009203177442832234,1,[540],[6268]
89,65,254,1227,0.0009244877442832439,4.170000000020446e-06,1,[540],[6232]
90,65,254,1228,0.0009226860283597975,0.0009226860283597975,1,[540],[6253]
91,65,254,1231,0.0009248156992066637,0.0009248156992066637,2,"[666, 670]","[2, 6266]"
92,65,254,1232,0.0009242806976311555,0.0009242806976311555,2,"[666, 670]","[1, 6286]"
93,65,254,1232,0.000925400697631161,1.1200000000054916e-06,1,[670],[6242]
94,65,255,1215,0.0009178448200399164,0.0009178448200399164,4,"[540, 541, 589, 594]","[3193, 3069, 2, 14]"
95,65,255,1215,0.0009189548200399219,1.1100000000054426e-06,3,"[540, 777, 782]","[6227, 1, 2]"
96,65,255,1216,0.0008926553900872277,0.0008926553900872277,2,"[541, 583]","[6264, 2]"
97,65,255,1216,0.0008936053900872324,9.500000000046581e-07,2,"[541, 583]","[6264, 3]"
98,65,255,1216,0.0009178353900873512,2.4230000000118805e-05,7,"[540, 541, 594, 726, 777, 781, 782]","[4095, 2147, 1, 8, 4, 4, 1]"
99,65,255,1216,0.0009185253900873546,6.900000000033832e-07,6,"[540, 726, 777, 778, 781, 782]","[6248, 13, 9, 3, 4, 2]"
100,65,255,1217,0.0008923268965213095,0.0008923268965213095,3,"[541, 583, 584]","[6247, 20, 1]"
101,65,255,1217,0.0008929268965213124,6.000000000029419e-07,3,"[541, 583, 584]","[6285, 16, 2]"
102,65,255,1217,0.0009167768965214294,2.3850000000116942e-05,6,"[540, 541, 583, 584, 726, 748]","[331, 5760, 28, 1, 58, 3]"
103,65,255,1217,0.0009179768965214352,1.2000000000058839e-06,8,"[540, 726, 727, 747, 748, 749, 777, 778]","[5346, 873, 2, 1, 18, 1, 7, 3]"
104,65,255,1217,0.0009187268965214389,7.500000000036774e-07,5,"[540, 726, 748, 777, 782]","[5530, 732, 9, 6, 1]"
105,65,255,1218,0.0009174590230979567,0.0009174590230979567,7,"[540, 541, 583, 584, 726, 747, 748]","[2792, 3112, 21, 2, 285, 2, 36]"
106,65,255,1218,0.0009186590230979626,1.2000000000058839e-06,6,"[540, 726, 727, 747, 748, 749]","[5348, 828, 5, 4, 66, 3]"
107,65,255,1222,0.0009173279251850968,0.0009173279251850968,3,"[540, 641, 642]","[1343, 714, 4209]"
108,65,255,1223,0.0009164207009596738,0.0009164207009596738,3,"[540, 641, 642]","[360, 15, 5943]"
109,65,255,1223,0.000918100700959682,1.6800000000082374e-06,3,"[540, 641, 642]","[3035, 37, 3110]"
110,65,255,1224,0.0009189330067408576,0.0009189330067408576,3,"[540, 642, 730]","[6005, 248, 1]"
111,65,255,1225,0.0009195287778802085,0.0009195287778802085,1,[540],[6253]
112,65,255,1226,0.0009200505551356641,0.0009200505551356641,1,[540],[6260]
113,65,255,1227,0.0009203917320139675,0.0009203917320139675,1,[540],[6273]
114,65,255,1227,0.0009215817320139733,1.1900000000058348e-06,1,[540],[6248]
115,65,255,1227,0.0009234217320139823,1.840000000009022e-06,1,[540],[6231]
116,65,255,1228,0.0009213196885858162,0.0009213196885858162,1,[540],[6291]
117,65,255,1228,0.0009219696885858194,6.500000000031871e-07,1,[540],[6310]
118,65,255,1228,0.0009224096885858215,4.400000000021574e-07,1,[540],[6267]
119,65,255,1228,0.0009227696885858233,3.6000000000176516e-07,1,[540],[6330]
120,65,255,1228,0.0009231096885858249,3.400000000016671e-07,1,[540],[6082]
121,65,255,1228,0.0009235096885858269,4.000000000019613e-07,1,[540],[6302]
122,65,255,1228,0.0009242496885858305,7.400000000036284e-07,1,[540],[6214]
123,65,256,1213,0.0009176333923293792,0.0009176333923293792,6,"[540, 541, 589, 590, 591, 632]","[4322, 585, 4, 72, 2, 1339]"
124,65,256,1213,0.0009182333923293822,6.000000000029419e-07,2,"[540, 632]","[4649, 1536]"
125,65,256,1214,0.0008972003477654932,0.0008972003477654932,4,"[541, 589, 594, 595]","[6200, 22, 49, 1]"
126,65,256,1214,0.0009173303477655919,2.0130000000098702e-05,3,"[540, 541, 632]","[2578, 3639, 61]"
127,65,256,1214,0.0009180103477655952,6.800000000033342e-07,2,"[540, 632]","[6171, 121]"
128,65,256,1214,0.0009186403477655983,6.30000000003089e-07,2,"[540, 632]","[6117, 103]"
129,65,256,1215,0.000893917974347118,0.000893917974347118,4,"[541, 589, 594, 595]","[6228, 3, 39, 1]"
130,65,256,1215,0.000894727974347122,8.100000000039716e-07,3,"[541, 594, 595]","[6178, 81, 4]"
131,65,256,1215,0.0008958479743471275,1.1200000000054916e-06,3,"[541, 594, 595]","[6150, 65, 3]"
132,65,256,1215,0.0009174179743472332,2.1570000000105762e-05,3,"[540, 541, 594]","[1774, 4509, 7]"
133,65,256,1215,0.0009183579743472378,9.40000000004609e-07,1,[540],[6265]
134,65,256,1216,0.000893114267673631,0.000893114267673631,1,[541],[6259]
135,65,256,1216,0.0008943042676736368,1.1900000000058348e-06,2,"[541, 594]","[6253, 4]"
136,65,256,1216,0.0009194442676737601,2.5140000000123267e-05,5,"[540, 541, 594, 777, 781]","[4513, 1720, 2, 3, 2]"
137,65,257,1211,0.000917237860131352,0.000917237860131352,3,"[540, 541, 632]","[6085, 164, 1]"
138,65,257,1211,0.0009185978601313587,1.3600000000066684e-06,2,"[540, 632]","[6252, 2]"
139,65,257,1212,0.0009169292024948979,0.0009169292024948979,3,"[540, 541, 632]","[2851, 3285, 121]"
140,65,257,1212,0.0009176492024949015,7.200000000035303e-07,2,"[540, 632]","[5845, 436]"
141,65,257,1212,0.0009184092024949052,7.600000000037264e-07,2,"[540, 632]","[5555, 675]"
142,65,257,1213,0.0009000577147658807,0.0009000577147658807,1,[541],[6275]
143,65,257,1213,0.0009013277147658869,1.270000000006227e-06,1,[541],[6236]
144,65,257,1213,0.0009173677147659656,1.6040000000078648e-05,3,"[540, 541, 632]","[2192, 2746, 1370]"
145,65,257,1213,0.000918057714765969,6.900000000033832e-07,2,"[540, 632]","[3629, 2587]"
146,65,257,1213,0.000919087714765974,1.0300000000050503e-06,2,"[540, 632]","[3459, 2771]"
147,65,257,1214,0.0008974512619329973,0.0008974512619329973,3,"[541, 589, 594]","[6282, 1, 14]"
148,65,257,1214,0.0008984912619330024,1.0400000000050993e-06,1,[541],[6234]
149,65,257,1214,0.0008993612619330066,8.700000000042658e-07,1,[541],[6235]
150,65,257,1214,0.0009012012619330157,1.840000000009022e-06,1,[541],[6236]
151,65,257,1215,0.0008968601892938613,0.0008968601892938613,3,"[541, 594, 595]","[6213, 46, 1]"
152,65,257,1224,0.0009147058555672882,0.0009147058555672882,1,[730],[6285]
153,65,258,1209,0.0009166380342825453,0.0009166380342825453,7,"[540, 541, 546, 603, 621, 622, 837]","[5264, 20, 183, 527, 1, 1, 292]"
154,65,258,1210,0.0009163221432192662,0.0009163221432192662,5,"[540, 541, 546, 603, 837]","[4162, 951, 1188, 19, 2]"
155,65,258,1210,0.0009170121432192696,6.900000000033832e-07,2,"[540, 837]","[6227, 6]"
156,65,258,1210,0.0009181721432192753,1.1600000000056877e-06,2,"[540, 837]","[6205, 5]"
157,65,258,1211,0.000904121907094565,0.000904121907094565,2,"[541, 546]","[6186, 105]"
158,65,258,1211,0.0009166319070946263,1.251000000006134e-05,3,"[540, 541, 546]","[3186, 3067, 18]"
159,65,258,1211,0.000917591907094631,9.60000000004707e-07,1,[540],[6200]
160,65,258,1212,0.0009020690558547348,0.0009020690558547348,1,[541],[6290]
161,65,258,1212,0.0009027990558547384,7.300000000035793e-07,1,[541],[6230]
162,65,258,1212,0.0009036490558547426,8.500000000041677e-07,1,[541],[6255]
163,65,258,1213,0.0009009095499433495,0.0009009095499433495,1,[541],[6283]
164,65,258,1213,0.0009020895499433553,1.1800000000057858e-06,1,[541],[6224]
165,65,259,1207,0.0009157940726069291,0.0009157940726069291,4,"[540, 541, 599, 603]","[4593, 1702, 4, 1]"
166,65,259,1208,0.0009153818370308614,0.0009153818370308614,7,"[540, 541, 546, 603, 621, 622, 837]","[2060, 3178, 4, 993, 2, 3, 24]"
167,65,259,1208,0.0009161718370308653,7.900000000038735e-07,2,"[540, 837]","[6132, 198]"
168,65,259,1208,0.0009168718370308688,7.000000000034323e-07,2,"[540, 837]","[5967, 256]"
169,65,259,1209,0.0009063140543304504,0.0009063140543304504,3,"[541, 546, 603]","[1467, 4764, 40]"
170,65,259,1209,0.0009082040543304596,1.890000000009267e-06,5,"[541, 546, 603, 621, 622]","[3959, 266, 2004, 8, 5]"
171,65,259,1209,0.0009161440543304986,7.940000000038932e-06,7,"[540, 541, 546, 603, 621, 837, 838]","[4547, 441, 1, 834, 5, 419, 2]"
172,65,259,1209,0.0009169440543305025,8.000000000039226e-07,3,"[540, 837, 838]","[5701, 555, 2]"
173,65,259,1210,0.0009029197828937606,0.0009029197828937606,2,"[541, 546]","[24, 6305]"
174,65,259,1210,0.0009034997828937635,5.800000000028439e-07,2,"[541, 546]","[197, 6063]"
175,65,259,1210,0.0009040997828937664,6.000000000029419e-07,2,"[541, 546]","[793, 5397]"
176,65,259,1210,0.0009047197828937695,6.2000000000304e-07,2,"[541, 546]","[2247, 4018]"
177,65,259,1210,0.0009053497828937726,6.30000000003089e-07,2,"[541, 546]","[3760, 2507]"
178,65,259,1210,0.0009060097828937758,6.600000000032361e-07,2,"[541, 546]","[4556, 1663]"
179,65,259,1210,0.0009076397828937838,1.6300000000079922e-06,3,"[541, 546, 603]","[5016, 1155, 49]"
180,65,259,1211,0.000903732082507193,0.000903732082507193,2,"[541, 546]","[4948, 1373]"
181,65,259,1211,0.0009044120825071963,6.800000000033342e-07,2,"[541, 546]","[5725, 457]"
182,65,259,1211,0.0009051120825071998,7.000000000034323e-07,2,"[541, 546]","[6011, 263]"
183,65,259,1212,0.0009042366355578085,0.0009042366355578085,2,"[541, 546]","[6249, 1]"
184,65,260,1205,0.000911088986222083,0.000911088986222083,3,"[541, 545, 599]","[4915, 1360, 8]"
185,65,260,1205,0.000911908986222087,8.200000000040206e-07,3,"[541, 545, 599]","[4712, 1550, 7]"
186,65,260,1205,0.0009147889862221011,2.8800000000141213e-06,3,"[540, 541, 545]","[2777, 2801, 631]"
187,65,260,1205,0.0009163089862221085,1.5200000000074529e-06,3,"[540, 541, 864]","[6248, 1, 1]"
188,65,260,1206,0.0009100095956589685,0.0009100095956589685,3,"[541, 545, 599]","[6215, 41, 35]"
189,65,260,1206,0.0009107095956589719,7.000000000034323e-07,4,"[541, 545, 599, 600]","[5999, 188, 75, 1]"
190,65,260,1206,0.0009116595956589766,9.500000000046581e-07,4,"[541, 545, 599, 600]","[5442, 666, 99, 4]"
191,65,260,1206,0.000915019595658993,3.360000000016475e-06,4,"[540, 541, 545, 599]","[4513, 1303, 401, 26]"
192,65,260,1206,0.0009156695956589962,6.500000000031871e-07,1,[540],[6283]
193,65,260,1206,0.0009167095956590013,1.0400000000050993e-06,1,[540],[6216]
194,65,260,1207,0.0009088742036835053,0.0009088742036835053,1,[541],[6338]
195,65,260,1207,0.0009095142036835085,6.400000000031381e-07,2,"[541, 599]","[6174, 1]"
196,65,260,1207,0.0009103442036835125,8.300000000040697e-07,2,"[541, 599]","[6266, 5]"
197,65,260,1207,0.0009154242036835375,5.080000000024908e-06,5,"[540, 541, 545, 599, 600]","[3786, 2454, 1, 19, 2]"
198,65,260,1207,0.0009163142036835418,8.900000000043639e-07,1,[540],[6248]
199,65,260,1208,0.0009077718831293272,0.0009077718831293272,3,"[541, 546, 603]","[6258, 15, 41]"
200,65,260,1208,0.0009084118831293303,6.400000000031381e-07,2,"[541, 603]","[6257, 17]"
201,65,260,1208,0.0009092018831293342,7.900000000038735e-07,2,"[541, 603]","[6192, 16]"
202,65,260,1208,0.0009166318831293706,7.430000000036431e-06,4,"[540, 541, 603, 837]","[3259, 2939, 2, 11]"
203,65,260,1209,0.0009061733632123477,0.0009061733632123477,2,"[541, 546]","[2443, 3873]"
204,65,260,1209,0.0009069533632123515,7.800000000038245e-07,3,"[541, 546, 603]","[5520, 680, 21]"
205,65,260,1209,0.0009076033632123547,6.500000000031871e-07,3,"[541, 546, 603]","[6006, 166, 74]"
206,65,260,1209,0.0009091133632123621,1.5100000000074039e-06,3,"[541, 546, 603]","[6066, 31, 122]"
207,65,260,1210,0.0009041246355081237,0.0009041246355081237,2,"[541, 546]","[162, 6129]"
208,65,260,1210,0.0009049646355081279,8.400000000041187e-07,2,"[541, 546]","[1094, 5134]"
209,65,260,1210,0.0009055846355081309,6.2000000000304e-07,2,"[541, 546]","[2426, 3865]"
210,65,260,1210,0.0009061746355081338,5.900000000028929e-07,2,"[541, 546]","[3510, 2702]"
211,65,260,1210,0.0009069246355081375,7.500000000036774e-07,3,"[541, 546, 603]","[4353, 1875, 2]"
212,65,261,1203,0.0009133908650586863,0.0009133908650586863,2,"[540, 541]","[295, 5984]"
213,65,261,1203,0.0009143908650586912,1.0000000000049032e-06,2,"[540, 541]","[2682, 3602]"
214,65,261,1203,0.0009156908650586976,1.3000000000063742e-06,2,"[540, 541]","[5598, 604]"
215,65,261,1204,0.0009121281888997297,0.0009121281888997297,3,"[540, 541, 545]","[1, 6211, 89]"
216,65,261,1204,0.0009128281888997332,7.000000000034323e-07,3,"[540, 541, 545]","[18, 6200, 13]"
217,65,261,1204,0.0009138281888997381,1.0000000000049032e-06,4,"[540, 541, 545, 864]","[1076, 5149, 1, 1]"
218,65,261,1204,0.0009146681888997422,8.400000000041187e-07,2,"[540, 541]","[5600, 685]"
219,65,261,1204,0.0009153081888997453,6.400000000031381e-07,3,"[540, 541, 863]","[6160, 51, 1]"
220,65,261,1205,0.0009113719005585904,0.0009113719005585904,3,"[541, 545, 599]","[4958, 1332, 1]"
221,65,261,1205,0.0009122219005585946,8.500000000041677e-07,3,"[541, 545, 599]","[5356, 878, 1]"
222,65,261,1205,0.0009144419005586054,2.220000000010885e-06,5,"[540, 541, 545, 863, 864]","[2558, 3470, 233, 3, 2]"
223,65,261,1205,0.0009153219005586098,8.800000000043148e-07,4,"[540, 541, 863, 864]","[6230, 4, 4, 5]"
224,65,261,1206,0.0009113399211012506,0.0009113399211012506,4,"[541, 545, 599, 600]","[5767, 468, 23, 1]"
225,65,262,1201,0.0009139349173863203,0.0009139349173863203,2,"[540, 541]","[2342, 3915]"
226,65,262,1201,0.0009147549173863243,8.200000000040206e-07,2,"[540, 541]","[3278, 3019]"
227,65,262,1202,0.0009133622820583426,0.0009133622820583426,2,"[540, 541]","[1092, 5170]"
228,65,262,1202,0.0009137922820583447,4.300000000021084e-07,2,"[540, 541]","[2149, 4166]"
229,65,262,1202,0.0009141522820583465,3.6000000000176516e-07,2,"[540, 541]","[2918, 3301]"
230,65,262,1202,0.0009145322820583484,3.800000000018632e-07,2,"[540, 541]","[3618, 2655]"
231,65,262,1202,0.0009150922820583511,5.600000000027458e-07,2,"[540, 541]","[4519, 1696]"
232,65,262,1203,0.0009134143476517844,0.0009134143476517844,2,"[540, 541]","[584, 5733]"
233,65,262,1203,0.0009140543476517875,6.400000000031381e-07,2,"[540, 541]","[2412, 3853]"
234,65,262,1203,0.0009146443476517904,5.900000000028929e-07,2,"[540, 541]","[4336, 1866]"
235,65,262,1203,0.0009156143476517952,9.700000000047561e-07,2,"[540, 541]","[5671, 556]"
236,65,262,1204,0.0009148525787745703,0.0009148525787745703,3,"[540, 541, 545]","[2629, 3624, 1]"
237,65,263,1201,0.0009139394970601426,0.0009139394970601426,2,"[540, 541]","[2747, 3530]"
238,65,263,1201,0.0009146894970601463,7.500000000036774e-07,2,"[540, 541]","[3285, 2952]"
239,65,263,1202,0.0009143399243226617,0.0009143399243226617,2,"[540, 541]","[2684, 3567]"
240,65,267,1225,0.0008258905351043375,0.0008258905351043375,2,"[918, 919]","[6268, 3]"
241,65,268,1225,0.000824724014882047,0.000824724014882047,2,"[918, 919]","[6332, 1]"
242,65,268,1225,0.00082534401488205,6.2000000000304e-07,2,"[918, 919]","[6254, 2]"
243,65,276,1241,0.0009221173133642028,0.0009221173133642028,8,"[646, 656, 657, 661, 739, 741, 742, 744]","[6247, 3, 2, 4, 3, 5, 1, 1]"
244,65,277,1241,0.0009181729251002271,0.0009181729251002271,1,[646],[6268]
245,65,277,1241,0.0009188829251002306,7.100000000034813e-07,2,"[646, 657]","[6243, 1]"
246,65,277,1241,0.0009198329251002352,9.500000000046581e-07,4,"[646, 656, 657, 661]","[6267, 4, 2, 8]"
247,65,277,1241,0.0009209029251002405,1.0700000000052464e-06,4,"[646, 656, 661, 662]","[6186, 6, 19, 4]"
248,65,277,1241,0.0009218029251002449,9.000000000044129e-07,3,"[646, 661, 662]","[6242, 2, 2]"
249,65,277,1242,0.0009183971130938151,0.0009183971130938151,2,"[646, 656]","[6293, 2]"
250,65,277,1242,0.0009195771130938209,1.1800000000057858e-06,5,"[646, 656, 657, 661, 662]","[6219, 8, 1, 10, 1]"
251,65,277,1242,0.0009211371130938285,1.560000000007649e-06,5,"[646, 656, 657, 661, 662]","[6216, 7, 3, 15, 3]"
252,65,278,1241,0.0009198963017420142,0.0009198963017420142,4,"[646, 656, 657, 661]","[6247, 3, 2, 2]"
253,65,278,1242,0.0009208766227793812,0.0009208766227793812,3,"[646, 656, 661]","[6249, 4, 4]"
254,65,284,1155,0.0010219715031638736,0.0010219715031638736,2,"[7, 395]","[1, 6274]"
255,65,284,1157,0.0009015590943772407,0.0009015590943772407,1,[7],[6315]
256,65,284,1157,0.000902019094377243,4.600000000022555e-07,1,[7],[6243]
257,65,284,1157,0.0009024390943772451,4.2000000000205935e-07,1,[7],[6233]
258,65,284,1157,0.000903039094377248,6.000000000029419e-07,1,[7],[6246]
259,65,284,1157,0.0009098290943772813,6.790000000033293e-06,2,"[7, 881]","[2900, 3324]"
260,65,284,1158,0.0009017382008890583,0.0009017382008890583,1,[7],[6308]
261,65,284,1158,0.0009024682008890619,7.300000000035793e-07,1,[7],[6207]
262,65,284,1158,0.0009091382008890946,6.6700000000327045e-06,2,"[7, 881]","[3584, 2659]"
263,65,285,1156,0.000902905698243748,0.000902905698243748,1,[7],[6323]
264,65,285,1156,0.000903705698243752,8.000000000039226e-07,1,[7],[6220]
265,65,285,1157,0.000901671311177609,0.000901671311177609,1,[7],[6364]
266,65,285,1157,0.0009020313111776108,3.6000000000176516e-07,1,[7],[6246]
267,65,285,1157,0.0009023013111776121,2.7000000000132387e-07,1,[7],[6288]
268,65,285,1157,0.0009025313111776132,2.3000000000112774e-07,1,[7],[6137]
269,65,285,1157,0.0009027613111776144,2.3000000000112774e-07,1,[7],[6221]
270,65,285,1157,0.0009030013111776155,2.4000000000117677e-07,1,[7],[6354]
271,65,285,1157,0.0009032813111776169,2.800000000013729e-07,1,[7],[6207]
272,65,285,1157,0.0009036813111776189,4.000000000019613e-07,2,"[7, 881]","[6284, 1]"
273,65,285,1157,0.0009063213111776318,2.6400000000129445e-06,2,"[7, 881]","[5340, 815]"
274,65,285,1157,0.0009085813111776429,2.2600000000110813e-06,1,[881],[6264]
275,65,285,1158,0.0009023312837034039,0.0009023312837034039,1,[7],[6303]
276,65,285,1158,0.0009065512837034246,4.2200000000206916e-06,2,"[7, 881]","[4341, 1869]"
277,65,285,1158,0.0009080012837034317,1.4500000000071097e-06,1,[881],[6268]
278,65,285,1158,0.0009089712837034365,9.700000000047561e-07,1,[881],[6257]
279,65,285,1158,0.0009106212837034445,1.6500000000080903e-06,1,[881],[6216]
280,65,286,1156,0.0009029595408530062,0.0009029595408530062,1,[7],[6327]
281,65,286,1156,0.0009033495408530081,3.9000000000191225e-07,2,"[7, 881]","[6275, 1]"
282,65,286,1156,0.0009036495408530096,3.0000000000147097e-07,2,"[7, 881]","[6235, 1]"
283,65,286,1156,0.000903929540853011,2.800000000013729e-07,1,[7],[6169]
284,65,286,1156,0.0009042595408530126,3.3000000000161806e-07,2,"[7, 881]","[6375, 3]"
285,65,286,1156,0.0009047395408530149,4.800000000023535e-07,2,"[7, 881]","[6140, 2]"
286,65,286,1157,0.0009029761120429698,0.0009029761120429698,2,"[7, 881]","[6065, 203]"
287,65,286,1157,0.0009035861120429728,6.10000000002991e-07,2,"[7, 881]","[5927, 313]"
288,65,286,1157,0.0009042961120429763,7.100000000034813e-07,2,"[7, 881]","[5415, 839]"
289,65,286,1157,0.0009059161120429843,1.6200000000079432e-06,2,"[7, 881]","[1954, 4307]"
290,65,286,1158,0.0009051240935862765,0.0009051240935862765,2,"[7, 881]","[433, 5827]"
291,65,286,1158,0.0009062740935862822,1.1500000000056387e-06,1,[881],[6282]
292,65,286,1158,0.0009079140935862902,1.6400000000080413e-06,1,[881],[6231]
293,65,287,1155,0.000904076530428451,0.000904076530428451,2,"[1, 7]","[84, 6170]"
294,65,287,1155,0.0009046265304284537,5.500000000026968e-07,2,"[1, 7]","[233, 6125]"
295,65,287,1155,0.000905286530428457,6.600000000032361e-07,2,"[1, 7]","[415, 5770]"
296,65,287,1156,0.0009036089754256902,0.0009036089754256902,3,"[1, 7, 881]","[11, 6294, 30]"
297,65,287,1156,0.0009040189754256922,4.100000000020103e-07,3,"[1, 7, 881]","[47, 6117, 2]"
298,65,287,1156,0.0009043789754256939,3.6000000000176516e-07,3,"[1, 7, 881]","[111, 6274, 5]"
299,65,287,1156,0.0009047689754256959,3.9000000000191225e-07,3,"[1, 7, 881]","[249, 5878, 1]"
300,65,287,1156,0.0009054389754256991,6.700000000032852e-07,3,"[1, 7, 881]","[602, 5632, 5]"
301,65,287,1157,0.0009034596952894924,0.0009034596952894924,3,"[1, 7, 881]","[3, 518, 5733]"
302,65,287,1157,0.0009053296952895016,1.870000000009169e-06,3,"[1, 7, 881]","[473, 1298, 4486]"
303,65,287,1158,0.0009027003425973013,0.0009027003425973013,1,[881],[6303]
304,65,287,1158,0.0009038203425973068,1.1200000000054916e-06,3,"[1, 7, 881]","[1, 1, 6243]"
305,65,287,1158,0.0009053103425973141,1.4900000000073058e-06,2,"[1, 881]","[317, 5910]"
306,65,288,1154,0.0010041837538224976,0.0010041837538224976,4,"[1, 7, 12, 389]","[1714, 1442, 2521, 581]"
307,65,288,1154,0.0010052337538224913,1.0499999999937643e-06,2,"[12, 389]","[6225, 79]"
308,65,288,1154,0.0010060337538224866,7.99999999995249e-07,2,"[12, 389]","[6204, 2]"
309,65,288,1154,0.0010068837538224815,8.49999999994952e-07,1,[12],[6247]
310,65,288,1154,0.0010077337538224765,8.49999999994952e-07,1,[12],[6243]
311,65,288,1154,0.0010088637538224698,1.1299999999932892e-06,1,[12],[6257]
312,65,288,1155,0.0009040492745084077,0.0009040492745084077,2,"[1, 7]","[2503, 3838]"
313,65,288,1155,0.0009043492745084092,3.0000000000147097e-07,2,"[1, 7]","[3074, 3124]"
314,65,288,1155,0.0009045692745084103,2.200000000010787e-07,2,"[1, 7]","[3425, 2906]"
315,65,288,1155,0.0009047592745084112,1.900000000009316e-07,2,"[1, 7]","[3595, 2843]"
316,65,288,1155,0.000904929274508412,1.7000000000083355e-07,2,"[1, 7]","[3626, 2438]"
317,65,288,1155,0.0009050992745084129,1.7000000000083355e-07,2,"[1, 7]","[3943, 2244]"
318,65,288,1155,0.0009052792745084138,1.8000000000088258e-07,2,"[1, 7]","[4078, 2120]"
319,65,288,1155,0.0009054892745084148,2.1000000000102968e-07,2,"[1, 7]","[4341, 2012]"
320,65,288,1155,0.0009057492745084161,2.6000000000127484e-07,2,"[1, 7]","[4476, 1751]"
321,65,288,1155,0.0009062392745084185,4.900000000024026e-07,2,"[1, 7]","[4698, 1484]"
322,65,288,1155,0.0010036792745086022,9.744000000018373e-05,4,"[1, 7, 12, 389]","[1786, 400, 2652, 1412]"
323,65,288,1155,0.0010052892745085926,1.6099999999904385e-06,2,"[12, 389]","[5674, 581]"
324,65,288,1155,0.0010078592745085774,2.5699999999847373e-06,2,"[12, 389]","[6232, 6]"
325,65,288,1156,0.0009042035284175216,0.0009042035284175216,3,"[1, 7, 881]","[3880, 2475, 33]"
326,65,288,1156,0.0009045135284175231,3.1000000000152e-07,2,"[1, 7]","[4672, 1451]"
327,65,288,1156,0.0009047335284175242,2.200000000010787e-07,2,"[1, 7]","[5198, 1076]"
328,65,288,1156,0.0009049235284175251,1.900000000009316e-07,2,"[1, 7]","[5527, 929]"
329,65,288,1156,0.0009050835284175259,1.6000000000078451e-07,2,"[1, 7]","[5350, 696]"
330,65,288,1156,0.0009052535284175267,1.7000000000083355e-07,2,"[1, 7]","[5847, 605]"
331,65,288,1156,0.0009054135284175275,1.6000000000078451e-07,2,"[1, 7]","[5550, 483]"
332,65,288,1156,0.0009055935284175284,1.8000000000088258e-07,2,"[1, 7]","[5863, 451]"
333,65,288,1156,0.0009058135284175295,2.200000000010787e-07,2,"[1, 7]","[6002, 358]"
334,65,288,1156,0.0009061035284175309,2.9000000000142193e-07,2,"[1, 7]","[5855, 258]"
335,65,288,1156,0.0009070635284175356,9.60000000004707e-07,2,"[1, 7]","[6034, 165]"
336,65,288,1157,0.0009012551146286822,0.0009012551146286822,1,[881],[6261]
337,65,288,1157,0.0009042051146286967,2.9500000000144645e-06,3,"[1, 7, 881]","[1954, 25, 4334]"
338,65,288,1157,0.0009047351146286993,5.300000000025987e-07,3,"[1, 7, 881]","[6121, 15, 56]"
339,65,288,1157,0.0009050251146287007,2.9000000000142193e-07,3,"[1, 7, 881]","[6217, 5, 18]"
340,65,288,1157,0.0009052651146287019,2.4000000000117677e-07,3,"[1, 7, 881]","[6491, 2, 7]"
341,65,288,1157,0.0009054751146287029,2.1000000000102968e-07,3,"[1, 7, 881]","[6143, 1, 2]"
342,65,288,1157,0.000905695114628704,2.200000000010787e-07,3,"[1, 7, 881]","[6183, 2, 1]"
343,65,288,1157,0.0009059551146287052,2.6000000000127484e-07,1,[1],[6227]
344,65,288,1157,0.0009063551146287072,4.000000000019613e-07,3,"[1, 7, 881]","[6250, 1, 1]"
345,65,288,1158,0.0009002256634057533,0.0009002256634057533,1,[881],[6254]
346,65,288,1158,0.0009013456634057588,1.1200000000054916e-06,1,[881],[6285]
347,65,288,1158,0.0009028956634057664,1.5500000000076e-06,1,[881],[6221]
348,65,288,1158,0.0009047456634057755,1.850000000009071e-06,2,"[1, 881]","[4937, 1424]"
349,65,288,1158,0.0009051256634057774,3.800000000018632e-07,2,"[1, 881]","[6213, 25]"
350,65,288,1158,0.0009053956634057787,2.7000000000132387e-07,2,"[1, 881]","[6251, 4]"
351,65,288,1158,0.0009056356634057799,2.4000000000117677e-07,2,"[1, 881]","[6233, 3]"
352,65,288,1158,0.000905875663405781,2.4000000000117677e-07,1,[1],[6230]
353,65,288,1158,0.0009061556634057824,2.800000000013729e-07,2,"[1, 881]","[6254, 1]"
354,65,288,1158,0.0009065956634057846,4.400000000021574e-07,2,"[1, 881]","[6195, 2]"
355,65,288,1159,0.0009050581352922073,0.0009050581352922073,2,"[1, 881]","[5891, 416]"
356,65,288,1159,0.000905418135292209,3.6000000000176516e-07,1,[1],[6272]
357,65,288,1159,0.0009056781352922103,2.6000000000127484e-07,1,[1],[6182]
358,65,288,1159,0.0009059281352922115,2.500000000012258e-07,1,[1],[6368]
359,65,288,1159,0.0009061881352922128,2.6000000000127484e-07,1,[1],[6202]
360,65,288,1159,0.0009065181352922144,3.3000000000161806e-07,1,[1],[6255]
361,65,288,1159,0.0009073581352922185,8.400000000041187e-07,1,[1],[6178]
362,65,288,1160,0.000905363923594277,0.000905363923594277,1,[1],[6263]
363,65,288,1160,0.0009057239235942787,3.6000000000176516e-07,1,[1],[6444]
364,65,288,1160,0.0009059939235942801,2.7000000000132387e-07,1,[1],[6063]
365,65,288,1160,0.0009062539235942813,2.6000000000127484e-07,1,[1],[6254]
366,65,288,1160,0.0009065639235942829,3.1000000000152e-07,1,[1],[6417]
367,65,288,1160,0.000906993923594285,4.300000000021084e-07,1,[1],[6132]
368,65,288,1161,0.0009056636063791793,0.0009056636063791793,1,[1],[6364]
369,65,288,1161,0.000906013606379181,3.500000000017161e-07,1,[1],[6234]
370,65,288,1161,0.0009062936063791824,2.800000000013729e-07,1,[1],[6310]
371,65,288,1161,0.0009065636063791837,2.7000000000132387e-07,1,[1],[6193]
372,65,288,1161,0.0009068736063791852,3.1000000000152e-07,1,[1],[6244]
373,65,288,1161,0.0009073636063791876,4.900000000024026e-07,1,[1],[6225]
374,65,288,1162,0.0009058780110395128,0.0009058780110395128,1,[1],[6250]
375,65,288,1162,0.0009062280110395145,3.500000000017161e-07,1,[1],[6320]
376,65,288,1162,0.0009064880110395158,2.6000000000127484e-07,1,[1],[6306]
377,65,288,1162,0.0009067180110395169,2.3000000000112774e-07,1,[1],[6124]
378,65,288,1162,0.0009069780110395182,2.6000000000127484e-07,1,[1],[6369]
379,65,288,1162,0.0009072880110395197,3.1000000000152e-07,1,[1],[6144]
380,65,288,1162,0.000907958011039523,6.700000000032852e-07,1,[1],[6239]
381,65,288,1163,0.0009061241748536769,0.0009061241748536769,1,[1],[6259]
382,65,288,1163,0.0009064741748536786,3.500000000017161e-07,1,[1],[6292]
383,65,288,1163,0.0009067341748536799,2.6000000000127484e-07,1,[1],[6285]
384,65,288,1163,0.0009069841748536811,2.500000000012258e-07,1,[1],[6411]
385,65,288,1163,0.0009072341748536823,2.500000000012258e-07,1,[1],[6073]
386,65,288,1163,0.000907574174853684,3.400000000016671e-07,1,[1],[6314]
387,65,288,1163,0.000908394174853688,8.200000000040206e-07,1,[1],[6136]
388,65,288,1164,0.0009063591857108407,0.0009063591857108407,2,"[1, 1003]","[6301, 1]"
389,65,288,1164,0.0009066991857108424,3.400000000016671e-07,1,[1],[6223]
390,65,288,1164,0.0009069691857108437,2.7000000000132387e-07,1,[1],[6300]
391,65,288,1164,0.0009072091857108449,2.4000000000117677e-07,1,[1],[6361]
392,65,288,1164,0.0009074591857108461,2.500000000012258e-07,1,[1],[6170]
393,65,288,1164,0.0009077691857108476,3.1000000000152e-07,1,[1],[6201]
394,65,288,1164,0.0009083891857108507,6.2000000000304e-07,1,[1],[6194]
395,65,288,1165,0.0009065942612865708,0.0009065942612865708,2,"[1, 1003]","[6267, 29]"
396,65,288,1165,0.0009069342612865724,3.400000000016671e-07,1,[1],[6294]
397,65,288,1165,0.0009071942612865737,2.6000000000127484e-07,1,[1],[6341]
398,65,288,1165,0.0009074242612865748,2.3000000000112774e-07,1,[1],[6117]
399,65,288,1165,0.0009076742612865761,2.500000000012258e-07,1,[1],[6236]
400,65,288,1165,0.0009079842612865776,3.1000000000152e-07,1,[1],[6347]
401,65,288,1165,0.0009085742612865805,5.900000000028929e-07,1,[1],[6134]
402,65,288,1166,0.0009067935124586376,0.0009067935124586376,2,"[1, 1003]","[6290, 5]"
403,65,288,1166,0.0009071335124586393,3.400000000016671e-07,1,[1],[6282]
404,65,288,1166,0.0009073935124586406,2.6000000000127484e-07,1,[1],[6358]
405,65,288,1166,0.0009076335124586417,2.4000000000117677e-07,1,[1],[6132]
406,65,288,1166,0.000907893512458643,2.6000000000127484e-07,1,[1],[6279]
407,65,288,1166,0.0009082135124586446,3.2000000000156903e-07,1,[1],[6222]
408,65,288,1166,0.0009088735124586478,6.600000000032361e-07,1,[1],[6218]
409,65,288,1167,0.0009070029197581953,0.0009070029197581953,2,"[1, 1017]","[6280, 1]"
410,65,288,1167,0.000907342919758197,3.400000000016671e-07,1,[1],[6257]
411,65,288,1167,0.0009076029197581983,2.6000000000127484e-07,1,[1],[6216]
412,65,288,1167,0.0009078529197581995,2.500000000012258e-07,1,[1],[6445]
413,65,288,1167,0.0009081129197582008,2.6000000000127484e-07,1,[1],[6085]
414,65,288,1167,0.0009084629197582025,3.500000000017161e-07,1,[1],[6281]
415,65,288,1168,0.000907235520240107,0.000907235520240107,1,[1],[6324]
416,65,288,1168,0.0009075855202401087,3.500000000017161e-07,1,[1],[6363]
417,65,288,1168,0.0009078655202401101,2.800000000013729e-07,1,[1],[6319]
418,65,288,1168,0.0009081255202401114,2.6000000000127484e-07,1,[1],[6009]
419,65,288,1168,0.0009084255202401128,3.0000000000147097e-07,1,[1],[6371]
420,65,288,1168,0.0009088955202401152,4.700000000023045e-07,1,[1],[6145]
421,65,288,1169,0.0009074697226691069,0.0009074697226691069,1,[1],[6422]
422,65,288,1169,0.0009078197226691086,3.500000000017161e-07,1,[1],[6083]
423,65,288,1169,0.00090810972266911,2.9000000000142193e-07,1,[1],[6418]
424,65,288,1169,0.0009083797226691114,2.7000000000132387e-07,1,[1],[6094]
425,65,288,1169,0.000908709722669113,3.3000000000161806e-07,1,[1],[6368]
426,65,288,1169,0.0009092897226691158,5.800000000028439e-07,1,[1],[6123]
427,65,288,1170,0.0009076499301641004,0.0009076499301641004,1,[1],[6373]
428,65,288,1170,0.0009079999301641021,3.500000000017161e-07,1,[1],[6300]
429,65,288,1170,0.0009082699301641035,2.7000000000132387e-07,1,[1],[6303]
430,65,288,1170,0.0009085199301641047,2.500000000012258e-07,1,[1],[6072]
431,65,288,1170,0.0009088099301641061,2.9000000000142193e-07,1,[1],[6372]
432,65,288,1170,0.000909199930164108,3.9000000000191225e-07,1,[1],[6108]
433,65,288,1171,0.000907865462964126,0.000907865462964126,1,[1],[6321]
434,65,288,1171,0.0009082254629641278,3.6000000000176516e-07,1,[1],[6323]
435,65,288,1171,0.0009085054629641292,2.800000000013729e-07,1,[1],[6107]
436,65,288,1171,0.0009087854629641305,2.800000000013729e-07,1,[1],[6356]
437,65,288,1171,0.000909095462964132,3.1000000000152e-07,1,[1],[6231]
438,65,288,1171,0.0009096254629641346,5.300000000025987e-07,1,[1],[6186]
439,65,288,1172,0.0009081032466094448,0.0009081032466094448,1,[1],[6324]
440,65,288,1172,0.0009084632466094466,3.6000000000176516e-07,1,[1],[6252]
441,65,288,1172,0.000908753246609448,2.9000000000142193e-07,1,[1],[6328]
442,65,288,1172,0.0009090432466094494,2.9000000000142193e-07,1,[1],[6292]
443,65,288,1172,0.0009094032466094512,3.6000000000176516e-07,1,[1],[6106]
444,65,288,1172,0.0009105132466094567,1.1100000000054426e-06,1,[1],[6198]
445,65,288,1173,0.0009082714564295584,0.0009082714564295584,1,[1],[6378]
446,65,288,1173,0.0009086414564295602,3.700000000018142e-07,1,[1],[6244]
447,65,288,1173,0.0009089314564295617,2.9000000000142193e-07,1,[1],[6144]
448,65,288,1173,0.0009092214564295631,2.9000000000142193e-07,1,[1],[6290]
449,65,288,1173,0.0009095814564295648,3.6000000000176516e-07,1,[1],[6276]
450,65,288,1173,0.00091064145642957,1.0600000000051974e-06,1,[1],[6175]
451,65,288,1174,0.0009084861912501104,0.0009084861912501104,1,[1],[6285]
452,65,288,1174,0.0009088461912501121,3.6000000000176516e-07,1,[1],[6328]
453,65,288,1174,0.0009091361912501136,2.9000000000142193e-07,1,[1],[6188]
454,65,288,1174,0.000909426191250115,2.9000000000142193e-07,1,[1],[6230]
455,65,288,1174,0.0009097761912501167,3.500000000017161e-07,1,[1],[6328]
456,65,288,1174,0.000910646191250121,8.700000000042658e-07,1,[1],[6153]
457,65,288,1175,0.0009087251472998804,0.0009087251472998804,1,[1],[6390]
458,65,288,1175,0.0009090951472998822,3.700000000018142e-07,1,[1],[6250]
459,65,288,1175,0.0009093851472998836,2.9000000000142193e-07,1,[1],[6216]
460,65,288,1175,0.0009096951472998851,3.1000000000152e-07,1,[1],[6261]
461,65,288,1175,0.0009100951472998871,4.000000000019613e-07,1,[1],[6191]
462,65,288,1176,0.0009089161984149224,0.0009089161984149224,2,"[1, 6]","[6267, 26]"
463,65,288,1176,0.0009092861984149242,3.700000000018142e-07,2,"[1, 6]","[6168, 47]"
464,65,288,1176,0.0009095961984149257,3.1000000000152e-07,2,"[1, 6]","[6309, 43]"
465,65,288,1176,0.0009099061984149272,3.1000000000152e-07,2,"[1, 6]","[6102, 58]"
466,65,288,1176,0.0009103261984149293,4.2000000000205935e-07,2,"[1, 6]","[6177, 73]"
467,65,288,1177,0.0009090463965864673,0.0009090463965864673,2,"[1, 6]","[5682, 620]"
468,65,288,1177,0.000909406396586469,3.6000000000176516e-07,2,"[1, 6]","[5652, 644]"
469,65,288,1177,0.0009096863965864704,2.800000000013729e-07,2,"[1, 6]","[5488, 673]"
470,65,288,1177,0.0009099663965864718,2.800000000013729e-07,2,"[1, 6]","[5582, 767]"
471,65,288,1177,0.0009102863965864734,3.2000000000156903e-07,2,"[1, 6]","[5427, 731]"
472,65,288,1177,0.0009108663965864762,5.800000000028439e-07,2,"[1, 6]","[5514, 764]"
473,65,288,1178,0.0009091552162468412,0.0009091552162468412,3,"[1, 5, 6]","[6137, 2, 143]"
474,65,288,1178,0.000909525216246843,3.700000000018142e-07,3,"[1, 5, 6]","[6123, 2, 141]"
475,65,288,1178,0.0009098252162468445,3.0000000000147097e-07,3,"[1, 5, 6]","[6112, 1, 164]"
476,65,288,1178,0.000910125216246846,3.0000000000147097e-07,3,"[1, 5, 6]","[6061, 4, 131]"
477,65,288,1178,0.000910545216246848,4.2000000000205935e-07,3,"[1, 5, 6]","[6220, 2, 134]"
478,65,288,1179,0.0009091744072287808,0.0009091744072287808,2,"[1, 5]","[5805, 466]"
479,65,288,1179,0.0009095344072287825,3.6000000000176516e-07,2,"[1, 5]","[5779, 488]"
480,65,288,1179,0.0009098144072287839,2.800000000013729e-07,2,"[1, 5]","[5796, 436]"
481,65,288,1179,0.0009101044072287853,2.9000000000142193e-07,2,"[1, 5]","[5938, 493]"
482,65,288,1179,0.000910444407228787,3.400000000016671e-07,2,"[1, 5]","[5742, 446]"
483,65,288,1179,0.0009112144072287908,7.700000000037755e-07,2,"[1, 5]","[5653, 464]"
484,65,288,1180,0.0009091907869050171,0.0009091907869050171,3,"[1, 5, 1018]","[5520, 738, 1]"
485,65,288,1180,0.0009095607869050189,3.700000000018142e-07,2,"[1, 5]","[5708, 712]"
486,65,288,1180,0.0009098407869050203,2.800000000013729e-07,2,"[1, 5]","[5618, 701]"
487,65,288,1180,0.0009101107869050216,2.7000000000132387e-07,2,"[1, 5]","[5476, 641]"
488,65,288,1180,0.0009104307869050232,3.2000000000156903e-07,2,"[1, 5]","[5608, 661]"
489,65,288,1180,0.000911010786905026,5.800000000028439e-07,2,"[1, 5]","[5510, 649]"
490,65,288,1181,0.0009092987233866329,0.0009092987233866329,2,"[1, 5]","[6349, 14]"
491,65,288,1181,0.0009096587233866347,3.6000000000176516e-07,2,"[1, 5]","[6131, 12]"
492,65,288,1181,0.0009099687233866362,3.1000000000152e-07,2,"[1, 5]","[6411, 12]"
493,65,288,1181,0.0009102787233866377,3.1000000000152e-07,2,"[1, 5]","[6188, 12]"
494,65,288,1181,0.0009106987233866398,4.2000000000205935e-07,2,"[1, 5]","[6166, 12]"
495,65,288,1182,0.0009093693142685923,0.0009093693142685923,1,[1],[6270]
496,65,288,1182,0.0009097493142685942,3.800000000018632e-07,1,[1],[6289]
497,65,288,1182,0.0009100593142685957,3.1000000000152e-07,1,[1],[6259]
498,65,288,1182,0.0009103993142685974,3.400000000016671e-07,1,[1],[6307]
499,65,288,1182,0.0009108893142685998,4.900000000024026e-07,1,[1],[6134]
500,65,288,1183,0.0009094355101908916,0.0009094355101908916,1,[1],[6346]
501,65,288,1183,0.0009098055101908934,3.700000000018142e-07,1,[1],[6333]
502,65,288,1183,0.0009101155101908949,3.1000000000152e-07,1,[1],[6168]
503,65,288,1183,0.0009104655101908966,3.500000000017161e-07,1,[1],[6295]
504,65,288,1183,0.0009109955101908992,5.300000000025987e-07,1,[1],[6161]
505,65,288,1184,0.0009094623423453894,0.0009094623423453894,3,"[1, 3, 4]","[6159, 53, 58]"
506,65,288,1184,0.0009098423423453913,3.800000000018632e-07,3,"[1, 3, 4]","[6250, 44, 51]"
507,65,288,1184,0.0009101523423453928,3.1000000000152e-07,3,"[1, 3, 4]","[6137, 63, 59]"
508,65,288,1184,0.0009104723423453944,3.2000000000156903e-07,3,"[1, 3, 4]","[6036, 63, 51]"
509,65,288,1184,0.0009109423423453967,4.700000000023045e-07,3,"[1, 3, 4]","[6176, 80, 58]"
510,65,288,1185,0.0009094240332420332,0.0009094240332420332,4,"[1, 2, 3, 4]","[4908, 16, 632, 776]"
511,65,288,1185,0.0009097640332420349,3.400000000016671e-07,4,"[1, 2, 3, 4]","[4749, 23, 725, 690]"
512,65,288,1185,0.0009100340332420362,2.7000000000132387e-07,4,"[1, 2, 3, 4]","[4899, 22, 778, 697]"
513,65,288,1185,0.0009102740332420374,2.4000000000117677e-07,4,"[1, 2, 3, 4]","[4716, 21, 790, 591]"
514,65,288,1185,0.0009105440332420387,2.7000000000132387e-07,4,"[1, 2, 3, 4]","[4899, 27, 845, 622]"
515,65,288,1185,0.0009108940332420404,3.500000000017161e-07,4,"[1, 2, 3, 4]","[4758, 20, 889, 518]"
516,65,288,1186,0.0009095125749201381,0.0009095125749201381,4,"[1, 2, 3, 4]","[5243, 685, 237, 192]"
517,65,288,1186,0.0009098725749201399,3.6000000000176516e-07,4,"[1, 2, 3, 4]","[5087, 718, 224, 149]"
518,65,288,1186,0.0009101725749201413,3.0000000000147097e-07,4,"[1, 2, 3, 4]","[5330, 748, 221, 141]"
519,65,288,1186,0.0009104425749201427,2.7000000000132387e-07,4,"[1, 2, 3, 4]","[5094, 725, 238, 127]"
520,65,288,1186,0.0009107625749201442,3.2000000000156903e-07,4,"[1, 2, 3, 4]","[5024, 722, 200, 147]"
521,65,288,1186,0.0009114125749201474,6.500000000031871e-07,4,"[1, 2, 3, 4]","[5156, 793, 205, 106]"
522,65,288,1187,0.0009095913082146532,0.0009095913082146532,3,"[1, 2, 3]","[5995, 316, 2]"
523,65,288,1187,0.000909961308214655,3.700000000018142e-07,3,"[1, 2, 3]","[6012, 299, 1]"
524,65,288,1187,0.0009102713082146565,3.1000000000152e-07,3,"[1, 2, 3]","[5893, 296, 1]"
525,65,288,1187,0.0009105913082146581,3.2000000000156903e-07,2,"[1, 2]","[5888, 325]"
526,65,288,1187,0.0009110613082146604,4.700000000023045e-07,2,"[1, 2]","[5943, 322]"
527,65,288,1188,0.0009099637503734902,0.0009099637503734902,2,"[1, 2]","[6270, 1]"
528,65,288,1188,0.0009106337503734935,6.700000000032852e-07,2,"[1, 2]","[6284, 2]"
529,65,289,1154,0.0010040557496605498,0.0010040557496605498,4,"[1, 7, 12, 389]","[799, 237, 3388, 1863]"
530,65,289,1154,0.0010060957496605377,2.039999999987885e-06,2,"[12, 389]","[5896, 327]"
531,65,289,1155,0.0009047258486008065,0.0009047258486008065,2,"[1, 7]","[5084, 1202]"
532,65,289,1155,0.0009052858486008092,5.600000000027458e-07,2,"[1, 7]","[5487, 827]"
533,65,289,1155,0.0009061658486008135,8.800000000043148e-07,2,"[1, 7]","[5491, 681]"
534,65,289,1155,0.0010023358486010057,9.617000000019214e-05,4,"[1, 7, 12, 389]","[996, 83, 4568, 636]"
535,65,289,1155,0.001002955848601002,6.199999999963179e-07,2,"[12, 389]","[4590, 1706]"
536,65,289,1155,0.0010034258486009992,4.6999999999720876e-07,2,"[12, 389]","[4247, 1905]"
537,65,289,1155,0.0010039358486009962,5.099999999969712e-07,2,"[12, 389]","[4516, 1770]"
538,65,289,1155,0.001004795848600991,8.599999999948926e-07,2,"[12, 389]","[4969, 1281]"
539,65,289,1156,0.0009047080846481425,0.0009047080846481425,3,"[1, 7, 881]","[6032, 188, 37]"
540,65,289,1156,0.0009051480846481447,4.400000000021574e-07,2,"[1, 7]","[6222, 138]"
541,65,289,1156,0.0009055380846481466,3.9000000000191225e-07,2,"[1, 7]","[6177, 69]"
542,65,289,1156,0.0009060780846481492,5.400000000026477e-07,2,"[1, 7]","[6132, 46]"
543,65,289,1156,0.0010013780846483474,9.530000000019818e-05,4,"[1, 7, 12, 389]","[3026, 14, 3190, 3]"
544,65,289,1156,0.0010029080846483383,1.5299999999909136e-06,2,"[12, 389]","[6086, 141]"
545,65,289,1157,0.0008988000480562034,0.0008988000480562034,1,[881],[6270]
546,65,289,1157,0.0009044200480562309,5.620000000027556e-06,2,"[1, 881]","[2011, 4225]"
547,65,289,1157,0.0009050700480562341,6.500000000031871e-07,1,[1],[6385]
548,65,289,1157,0.0009054800480562361,4.100000000020103e-07,1,[1],[6265]
549,65,289,1157,0.0009059200480562383,4.400000000021574e-07,1,[1],[6113]
550,65,289,1157,0.0010015900480564361,9.567000000019782e-05,2,"[1, 12]","[5922, 309]"
551,65,289,1158,0.0008977375804911109,0.0008977375804911109,1,[881],[6287]
552,65,289,1158,0.0008988075804911162,1.0700000000052464e-06,1,[881],[6229]
553,65,289,1158,0.0009003375804911237,1.530000000007502e-06,1,[881],[6235]
554,65,289,1158,0.0009049675804911464,4.630000000022702e-06,2,"[1, 881]","[4568, 1759]"
555,65,289,1158,0.0009054475804911487,4.800000000023535e-07,1,[1],[6190]
556,65,289,1158,0.0009058675804911508,4.2000000000205935e-07,1,[1],[6358]
557,65,289,1158,0.0009064175804911535,5.500000000026968e-07,1,[1],[6125]
558,65,289,1159,0.0009053279930680282,0.0009053279930680282,2,"[1, 881]","[5863, 501]"
559,65,289,1159,0.0009058079930680306,4.800000000023535e-07,1,[1],[6247]
560,65,289,1159,0.0009062779930680329,4.700000000023045e-07,1,[1],[6189]
561,65,289,1160,0.0009056806292898768,0.0009056806292898768,1,[1],[6322]
562,65,289,1160,0.0009062006292898793,5.200000000025497e-07,1,[1],[6236]
563,65,289,1160,0.0009068006292898823,6.000000000029419e-07,1,[1],[6223]
564,65,289,1161,0.0009060380751147125,0.0009060380751147125,1,[1],[6294]
565,65,289,1161,0.0009066180751147153,5.800000000028439e-07,1,[1],[6242]
566,65,289,1161,0.0009080480751147223,1.4300000000070116e-06,1,[1],[6214]
567,65,289,1162,0.0009064105038140576,0.0009064105038140576,1,[1],[6327]
568,65,289,1162,0.0009071205038140611,7.100000000034813e-07,1,[1],[6233]
569,65,289,1163,0.0009068679181718583,0.0009068679181718583,1,[1],[6281]
570,65,289,1164,0.0009073512892218836,0.0009073512892218836,2,"[1, 1003]","[6264, 8]"
571,65,289,1165,0.0009077847790029518,0.0009077847790029518,2,"[1, 1003]","[5964, 288]"
572,65,289,1166,0.0009091784106929353,0.0009091784106929353,2,"[1, 1003]","[6179, 72]"
573,65,289,1176,0.0009104559192642185,0.0009104559192642185,2,"[1, 6]","[6198, 60]"
574,65,289,1177,0.0009101797607737303,0.0009101797607737303,2,"[1, 6]","[5672, 585]"
575,65,289,1178,0.0009102637597554202,0.0009102637597554202,3,"[1, 5, 6]","[6171, 4, 95]"
576,65,289,1179,0.0009101341525344386,0.0009101341525344386,2,"[1, 5]","[5824, 463]"
577,65,289,1180,0.0009101336629353758,0.0009101336629353758,2,"[1, 5]","[5559, 714]"
578,65,289,1181,0.0009103848980435242,0.0009103848980435242,2,"[1, 5]","[6240, 16]"
579,65,289,1182,0.0009106717574087326,0.0009106717574087326,1,[1],[6274]
580,65,289,1183,0.0009111215094455782,0.0009111215094455782,1,[1],[6253]
581,65,289,1185,0.0009113107941180619,0.0009113107941180619,4,"[1, 2, 3, 4]","[4861, 24, 636, 730]"
582,65,290,1155,0.0010030709100461606,0.0010030709100461606,4,"[1, 7, 12, 389]","[52, 4, 6017, 188]"
583,65,290,1156,0.0009998564152603308,0.0009998564152603308,4,"[1, 7, 12, 881]","[86, 1, 6169, 30]"
584,65,290,1156,0.0010007064152603258,8.49999999994952e-07,1,[12],[6229]
585,65,290,1156,0.0010015964152603205,8.899999999947145e-07,1,[12],[6258]
586,65,290,1157,0.000896381523882328,0.000896381523882328,1,[881],[6273]
587,65,290,1157,0.0010001215238825813,0.00010374000000025333,3,"[1, 12, 881]","[116, 2339, 3774]"
588,65,290,1158,0.0008950850923751096,0.0008950850923751096,1,[881],[6256]
589,65,290,1158,0.0008961950923751151,1.1100000000054426e-06,1,[881],[6258]
590,65,290,1158,0.0008974650923751213,1.270000000006227e-06,1,[881],[6256]
591,65,291,1156,0.0009982193510923074,0.0009982193510923074,4,"[12, 13, 390, 881]","[6112, 67, 63, 15]"
592,65,291,1156,0.0009992293510923014,1.0099999999940018e-06,2,"[12, 390]","[6233, 11]"
593,65,291,1156,0.0010012293510922895,1.9999999999881224e-06,2,"[12, 390]","[6249, 1]"
594,65,291,1157,0.000894639776562552,0.000894639776562552,1,[881],[6270]
595,65,291,1157,0.000997239776562831,0.00010260000000027897,5,"[12, 13, 387, 390, 881]","[3926, 326, 20, 22, 1952]"
596,65,291,1157,0.0009990197765628204,1.779999999989429e-06,3,"[12, 390, 391]","[6213, 23, 1]"
597,65,291,1158,0.0008892258241828578,0.0008892258241828578,1,[881],[6278]
598,65,291,1158,0.0008906458241828648,1.4200000000069626e-06,1,[881],[6242]
599,65,291,1158,0.0008917858241828704,1.1400000000055897e-06,1,[881],[6234]
600,65,291,1158,0.0008928258241828755,1.0400000000050993e-06,1,[881],[6259]
601,65,291,1158,0.0008940258241828813,1.2000000000058839e-06,1,[881],[6239]
602,65,291,1158,0.0008963758241828929,2.3500000000115226e-06,1,[881],[6253]
603,65,291,1159,0.0008917842610588311,0.0008917842610588311,1,[881],[6250]
604,65,292,1156,0.0009429384160907148,0.0009429384160907148,3,"[12, 13, 1005]","[3136, 3112, 4]"
605,65,292,1156,0.0009970784160907578,5.414000000004298e-05,5,"[12, 13, 387, 390, 391]","[5772, 298, 112, 83, 1]"
606,65,292,1157,0.0009389175348843892,0.0009389175348843892,3,"[12, 13, 881]","[2464, 2567, 1269]"
607,65,292,1157,0.0009396575348843928,7.400000000036284e-07,2,"[12, 13]","[2945, 3267]"
608,65,292,1157,0.0009403775348843964,7.200000000035303e-07,2,"[12, 13]","[3058, 3272]"
609,65,292,1157,0.0009411575348844002,7.800000000038245e-07,2,"[12, 13]","[3091, 3108]"
610,65,292,1157,0.0009420675348844047,9.100000000044619e-07,2,"[12, 13]","[3078, 3154]"
611,65,292,1157,0.0009433175348844108,1.250000000006129e-06,2,"[12, 13]","[3276, 2987]"
612,65,292,1157,0.0009456275348844221,2.3100000000113264e-06,2,"[12, 13]","[3477, 2742]"
613,65,292,1157,0.0009939775348844703,4.83500000000482e-05,4,"[12, 13, 16, 387]","[4855, 879, 2, 520]"
614,65,292,1157,0.000995057534884464,1.079999999993586e-06,2,"[12, 387]","[5283, 985]"
615,65,292,1157,0.0009959275348844587,8.699999999948332e-07,3,"[12, 387, 390]","[5965, 287, 1]"
616,65,292,1157,0.000996877534884453,9.499999999943581e-07,4,"[12, 387, 390, 391]","[6190, 34, 35, 1]"
617,65,292,1157,0.000999767534884436,2.889999999982837e-06,3,"[12, 390, 391]","[6093, 113, 4]"
618,65,292,1158,0.0008863848395245835,0.0008863848395245835,1,[881],[6263]
619,65,292,1158,0.0008881048395245919,1.7200000000084335e-06,1,[881],[6261]
620,65,292,1158,0.0008897948395246002,1.6900000000082864e-06,1,[881],[6248]
621,65,292,1158,0.0008928448395246151,3.050000000014955e-06,1,[881],[6228]
622,65,292,1158,0.0009478948395248851,5.505000000026992e-05,3,"[12, 13, 881]","[2652, 2931, 671]"
623,65,292,1159,0.0008836268858571819,0.0008836268858571819,2,"[881, 887]","[6244, 22]"
624,65,292,1159,0.000884876885857188,1.250000000006129e-06,1,[881],[6262]
625,65,292,1159,0.0008860268858571936,1.1500000000056387e-06,1,[881],[6239]
626,65,292,1159,0.0008876168858572014,1.5900000000077961e-06,1,[881],[6233]
627,65,293,1156,0.0009433261783568759,0.0009433261783568759,4,"[12, 13, 1005, 1006]","[2687, 2854, 705, 4]"
628,65,293,1157,0.0009397847661049587,0.0009397847661049587,4,"[12, 13, 881, 1005]","[2946, 3282, 14, 18]"
629,65,293,1157,0.0009407447661049634,9.60000000004707e-07,2,"[12, 13]","[2856, 3408]"
630,65,293,1157,0.0009415247661049672,7.800000000038245e-07,2,"[12, 13]","[2903, 3386]"
631,65,293,1157,0.0009421947661049705,6.700000000032852e-07,2,"[12, 13]","[2830, 3368]"
632,65,293,1157,0.0009428147661049736,6.2000000000304e-07,2,"[12, 13]","[2969, 3347]"
633,65,293,1157,0.0009434047661049764,5.900000000028929e-07,2,"[12, 13]","[2898, 3313]"
634,65,293,1157,0.0009439447661049791,5.400000000026477e-07,2,"[12, 13]","[2894, 3329]"
635,65,293,1157,0.0009444847661049817,5.400000000026477e-07,2,"[12, 13]","[2976, 3310]"
636,65,293,1157,0.0009450147661049843,5.300000000025987e-07,2,"[12, 13]","[3020, 3235]"
637,65,293,1157,0.000945554766104987,5.400000000026477e-07,2,"[12, 13]","[2996, 3291]"
638,65,293,1157,0.0009460947661049896,5.400000000026477e-07,2,"[12, 13]","[3100, 3114]"
639,65,293,1157,0.0009466647661049924,5.700000000027948e-07,2,"[12, 13]","[3218, 3010]"
640,65,293,1157,0.0009473047661049956,6.400000000031381e-07,2,"[12, 13]","[3374, 2866]"
641,65,293,1157,0.0009480447661049992,7.400000000036284e-07,2,"[12, 13]","[3527, 2761]"
642,65,293,1157,0.0009489047661050034,8.600000000042168e-07,2,"[12, 13]","[3699, 2492]"
643,65,293,1157,0.0009499047661050083,1.0000000000049032e-06,2,"[12, 13]","[3986, 2297]"
644,65,293,1157,0.0009512047661050147,1.3000000000063742e-06,2,"[12, 13]","[4358, 1897]"
645,65,293,1157,0.0009530347661050237,1.8300000000089729e-06,3,"[12, 13, 16]","[4950, 1219, 53]"
646,65,293,1157,0.0009556047661050363,2.5700000000126013e-06,3,"[12, 13, 16]","[4789, 393, 1068]"
647,65,293,1157,0.0009899747661050594,3.437000000002313e-05,3,"[12, 13, 16]","[6185, 20, 36]"
648,65,293,1157,0.0009918447661050483,1.8699999999888944e-06,1,[12],[6286]
649,65,293,1157,0.0009929447661050418,1.0999999999934673e-06,2,"[12, 387]","[6197, 59]"
650,65,293,1157,0.000993904766105036,9.599999999942987e-07,2,"[12, 387]","[5662, 576]"
651,65,293,1157,0.0009949447661050299,1.0399999999938236e-06,2,"[12, 387]","[4810, 1409]"
652,65,293,1158,0.0009427090421840058,0.0009427090421840058,4,"[12, 13, 881, 887]","[1438, 1912, 2868, 37]"
653,65,293,1158,0.000945409042184019,2.7000000000132387e-06,2,"[12, 13]","[2585, 3678]"
654,65,293,1158,0.0009472290421840279,1.8200000000089239e-06,2,"[12, 13]","[2690, 3554]"
655,65,293,1158,0.0009489590421840364,1.7300000000084826e-06,2,"[12, 13]","[2835, 3417]"
656,65,293,1158,0.0009508090421840455,1.850000000009071e-06,2,"[12, 13]","[2922, 3336]"
657,65,293,1158,0.0009530890421840567,2.2800000000111793e-06,3,"[12, 13, 16]","[3252, 2671, 326]"
658,65,293,1158,0.000954589042184064,1.5000000000073548e-06,3,"[12, 13, 16]","[1841, 846, 3561]"
659,65,293,1158,0.000977549042184166,2.2960000000101953e-05,5,"[12, 13, 16, 19, 444]","[4031, 375, 1823, 1, 1]"
660,65,293,1158,0.0009922890421840784,1.4739999999912462e-05,3,"[12, 387, 419]","[6249, 1, 1]"
661,65,293,1159,0.000880380165479837,0.000880380165479837,4,"[881, 887, 956, 957]","[4366, 1890, 5, 1]"
662,65,293,1159,0.0008815401654798427,1.1600000000056877e-06,2,"[881, 887]","[5847, 420]"
663,65,293,1159,0.0008826301654798481,1.0900000000053445e-06,2,"[881, 887]","[6258, 7]"
664,65,293,1159,0.000884040165479855,1.4100000000069135e-06,1,[881],[6211]
665,65,293,1160,0.0008802330787707257,0.0008802330787707257,3,"[881, 887, 956]","[4972, 1279, 42]"
666,65,293,1160,0.0009871230787711354,0.00010689000000040961,5,"[16, 366, 370, 881, 887]","[1, 44, 21, 5691, 451]"
667,65,294,1157,0.0009471141140511732,0.0009471141140511732,4,"[12, 13, 1005, 1006]","[2391, 3852, 12, 1]"
668,65,294,1157,0.0009490841140511829,1.9700000000096593e-06,2,"[12, 13]","[2724, 3523]"
669,65,294,1157,0.0009505041140511898,1.4200000000069626e-06,2,"[12, 13]","[2938, 3309]"
670,65,294,1157,0.000951764114051196,1.260000000006178e-06,3,"[12, 13, 16]","[3311, 2955, 6]"
671,65,294,1157,0.0009528541140512014,1.0900000000053445e-06,3,"[12, 13, 16]","[3683, 2357, 191]"
672,65,294,1157,0.0009537241140512056,8.700000000042658e-07,3,"[12, 13, 16]","[3608, 1741, 934]"
673,65,294,1157,0.0009545441140512097,8.200000000040206e-07,3,"[12, 13, 16]","[3498, 1311, 1452]"
674,65,294,1157,0.0009555041140512144,9.60000000004707e-07,3,"[12, 13, 16]","[4374, 1079, 759]"
675,65,294,1157,0.0009567041140512202,1.2000000000058839e-06,3,"[12, 13, 16]","[5448, 699, 102]"
676,65,294,1157,0.0009580541140512269,1.3500000000066193e-06,3,"[12, 13, 19]","[6032, 213, 19]"
677,65,294,1157,0.0009595541140512342,1.5000000000073548e-06,3,"[12, 13, 19]","[6171, 28, 43]"
678,65,294,1157,0.000961354114051243,1.8000000000088258e-06,2,"[12, 19]","[6242, 2]"
679,65,294,1157,0.0009640341140512562,2.6800000000131406e-06,2,"[12, 447]","[6238, 6]"
680,65,294,1157,0.000971134114051291,7.100000000034813e-06,4,"[12, 444, 445, 447]","[6211, 15, 3, 23]"
681,65,294,1157,0.0009794741140513002,8.340000000009234e-06,1,[12],[6252]
682,65,294,1157,0.0009834241140512768,3.949999999976542e-06,2,"[12, 419]","[6248, 1]"
683,65,294,1157,0.0009859641140512617,2.5399999999849154e-06,3,"[12, 419, 422]","[6121, 143, 1]"
684,65,294,1157,0.0009874041140512531,1.4399999999914481e-06,2,"[12, 419]","[6235, 11]"
685,65,294,1157,0.000988604114051246,1.1999999999928734e-06,1,[12],[6237]
686,65,294,1157,0.0009898641140512385,1.259999999992517e-06,1,[12],[6249]
687,65,294,1157,0.0009915941140512283,1.7299999999897259e-06,1,[12],[6258]
688,65,294,1158,0.0009494770248154474,0.0009494770248154474,4,"[12, 13, 881, 887]","[1946, 4188, 108, 31]"
689,65,294,1158,0.0009511670248154557,1.6900000000082864e-06,2,"[12, 13]","[1778, 4496]"
690,65,294,1158,0.0009523370248154615,1.1700000000057368e-06,3,"[12, 13, 16]","[1792, 4306, 109]"
691,65,294,1158,0.0009531270248154653,7.900000000038735e-07,3,"[12, 13, 16]","[1609, 3531, 1116]"
692,65,294,1158,0.0009536570248154679,5.300000000025987e-07,3,"[12, 13, 16]","[1282, 2682, 2395]"
693,65,294,1158,0.00095407702481547,4.2000000000205935e-07,3,"[12, 13, 16]","[1126, 2152, 2874]"
694,65,294,1158,0.000954477024815472,4.000000000019613e-07,3,"[12, 13, 16]","[1149, 2190, 2891]"
695,65,294,1158,0.0009549270248154742,4.5000000000220645e-07,3,"[12, 13, 16]","[1340, 2467, 2454]"
696,65,294,1158,0.000955497024815477,5.700000000027948e-07,3,"[12, 13, 16]","[1833, 2867, 1548]"
697,65,294,1158,0.0009562870248154808,7.900000000038735e-07,4,"[12, 13, 16, 19]","[2710, 3129, 445, 3]"
698,65,294,1158,0.0009572370248154855,9.500000000046581e-07,4,"[12, 13, 16, 19]","[3552, 2581, 24, 71]"
699,65,294,1158,0.0009583770248154911,1.1400000000055897e-06,3,"[12, 13, 19]","[4523, 1298, 409]"
700,65,294,1158,0.0009596870248154975,1.3100000000064232e-06,3,"[12, 13, 19]","[5519, 339, 413]"
701,65,294,1158,0.0009611970248155049,1.5100000000074039e-06,4,"[12, 13, 19, 358]","[6135, 60, 29, 1]"
702,65,294,1158,0.000962857024815513,1.6600000000081393e-06,4,"[12, 13, 358, 447]","[6246, 5, 8, 1]"
703,65,294,1158,0.0009650770248155239,2.220000000010885e-06,2,"[12, 447]","[6212, 46]"
704,65,294,1158,0.0009677970248155373,2.7200000000133367e-06,4,"[12, 444, 447, 448]","[6222, 11, 9, 1]"
705,65,294,1158,0.0009704370248155502,2.6400000000129445e-06,2,"[12, 444]","[6193, 49]"
706,65,294,1158,0.0009725970248155608,2.160000000010591e-06,1,[12],[6265]
707,65,294,1158,0.0009744270248155698,1.8300000000089729e-06,1,[12],[6241]
708,65,294,1158,0.0009761270248155781,1.7000000000083355e-06,1,[12],[6243]
709,65,294,1158,0.0009779970248155717,1.8699999999935565e-06,1,[12],[6276]
710,65,294,1158,0.000980137024815559,2.139999999987291e-06,1,[12],[6239]
711,65,294,1158,0.0009834070248155395,3.26999999998058e-06,1,[12],[6238]
712,65,294,1158,0.0009872870248155165,3.8799999999769574e-06,3,"[12, 419, 422]","[6193, 65, 2]"
713,65,294,1158,0.0009896070248155027,2.319999999986222e-06,1,[12],[6238]
714,65,294,1159,0.0008799150765328047,0.0008799150765328047,3,"[881, 887, 956]","[4769, 1479, 36]"
715,65,294,1159,0.0009553150765331744,7.54000000003697e-05,5,"[12, 13, 16, 881, 887]","[53, 967, 998, 3251, 949]"
716,65,294,1160,0.0008769709798785381,0.0008769709798785381,3,"[881, 956, 957]","[6149, 109, 2]"
717,65,294,1160,0.0008779109798785428,9.40000000004609e-07,4,"[881, 887, 956, 957]","[6051, 5, 258, 1]"
718,65,294,1160,0.0008788009798785471,8.900000000043639e-07,4,"[881, 887, 956, 957]","[5928, 146, 135, 3]"
719,65,294,1160,0.0008800509798785532,1.250000000006129e-06,3,"[881, 887, 956]","[5146, 1055, 14]"
720,65,294,1161,0.0008774551734594606,0.0008774551734594606,2,"[881, 956]","[6216, 39]"
721,65,295,1157,0.0009591510249099766,0.0009591510249099766,4,"[12, 13, 16, 19]","[2526, 2658, 240, 832]"
722,65,295,1157,0.0009634910249099979,4.34000000002128e-06,5,"[12, 13, 19, 358, 447]","[6027, 104, 119, 3, 2]"
723,65,295,1157,0.0009673510249100168,3.860000000018926e-06,4,"[12, 444, 445, 447]","[6206, 1, 1, 38]"
724,65,295,1157,0.0009721810249100405,4.8300000000236825e-06,3,"[12, 444, 445]","[6221, 22, 3]"
725,65,295,1157,0.000979441024910045,7.260000000004372e-06,1,[12],[6256]
726,65,295,1157,0.0009825110249100267,3.069999999981768e-06,1,[12],[6244]
727,65,295,1157,0.000984491024910015,1.979999999988241e-06,3,"[12, 419, 422]","[6218, 49, 2]"
728,65,295,1157,0.0009862510249100045,1.7599999999895477e-06,3,"[12, 419, 422]","[6041, 197, 4]"
729,65,295,1158,0.000955691367420685,0.000955691367420685,5,"[12, 13, 16, 19, 887]","[396, 5035, 825, 2, 1]"
730,65,295,1158,0.000956931367420691,1.24000000000608e-06,4,"[12, 13, 16, 19]","[393, 5392, 10, 501]"
731,65,295,1158,0.0009576213674206944,6.900000000033832e-07,3,"[12, 13, 19]","[351, 3716, 2185]"
732,65,295,1158,0.0009581213674206969,5.000000000024516e-07,3,"[12, 13, 19]","[282, 2710, 3244]"
733,65,295,1158,0.0009586013674206992,4.800000000023535e-07,3,"[12, 13, 19]","[333, 2527, 3390]"
734,65,295,1158,0.0009591913674207021,5.900000000028929e-07,3,"[12, 13, 19]","[531, 2741, 2937]"
735,65,295,1158,0.0009602913674207075,1.1000000000053935e-06,4,"[12, 13, 19, 358]","[1365, 3508, 1398, 16]"
736,65,295,1158,0.0009622713674207172,1.9800000000097084e-06,5,"[12, 13, 19, 358, 359]","[3835, 2086, 43, 272, 2]"
737,65,295,1158,0.0009643813674207276,2.1100000000103458e-06,5,"[12, 13, 358, 447, 448]","[5976, 170, 54, 28, 2]"
738,65,295,1158,0.0009662213674207366,1.840000000009022e-06,4,"[12, 13, 447, 448]","[6200, 3, 47, 3]"
739,65,295,1158,0.0009677913674207443,1.570000000007698e-06,4,"[12, 444, 445, 447]","[6229, 21, 1, 1]"
740,65,295,1158,0.000969161367420751,1.3700000000067174e-06,3,"[12, 444, 445]","[6191, 60, 2]"
741,65,295,1158,0.0009704813674207575,1.3200000000064722e-06,2,"[12, 444]","[6222, 14]"
742,65,295,1158,0.0009718713674207643,1.3900000000068155e-06,1,[12],[6255]
743,65,295,1158,0.0009733213674207714,1.4500000000071097e-06,1,[12],[6280]
744,65,295,1158,0.0009748813674207791,1.560000000007649e-06,1,[12],[6236]
745,65,295,1158,0.0009766413674207868,1.7600000000077623e-06,1,[12],[6243]
746,65,295,1158,0.0009785113674207757,1.8699999999888944e-06,1,[12],[6258]
747,65,295,1158,0.000980481367420764,1.9699999999883006e-06,1,[12],[6246]
748,65,295,1158,0.0009827313674207507,2.2499999999866377e-06,1,[12],[6232]
749,65,295,1158,0.0009858213674207323,3.089999999981649e-06,3,"[12, 419, 422]","[6162, 87, 2]"
750,65,295,1159,0.0009584590031981804,0.0009584590031981804,8,"[12, 13, 16, 19, 881, 887, 956, 957]","[16, 3857, 59, 1936, 352, 23, 6, 1]"
751,65,295,1159,0.0009605990031981909,2.140000000010493e-06,4,"[12, 13, 19, 358]","[28, 4792, 1403, 32]"
752,65,295,1159,0.0009765790031982691,1.5980000000078245e-05,8,"[12, 13, 19, 358, 359, 444, 445, 447]","[3478, 2515, 5, 235, 5, 4, 1, 1]"
753,65,295,1160,0.0008768089020329996,0.0008768089020329996,2,"[881, 956]","[6240, 16]"
754,65,295,1161,0.0008747102619692091,0.0008747102619692091,1,[881],[6272]
755,65,295,1161,0.0008753102619692121,6.000000000029419e-07,1,[881],[6328]
756,65,295,1161,0.0008762202619692165,9.100000000044619e-07,2,"[881, 956]","[6177, 2]"
757,65,295,1162,0.0008744818502318643,0.0008744818502318643,1,[881],[6334]
758,65,295,1162,0.0008752618502318681,7.800000000038245e-07,1,[881],[6202]
759,65,296,1158,0.0009592800048275112,0.0009592800048275112,4,"[12, 13, 16, 19]","[3, 2755, 1, 3513]"
760,65,296,1158,0.0009614300048275217,2.150000000010542e-06,5,"[12, 13, 19, 358, 359]","[8, 5823, 295, 112, 2]"
761,65,296,1158,0.0009766100048275957,1.5180000000073997e-05,5,"[12, 13, 358, 359, 444]","[1183, 4905, 140, 1, 9]"
762,65,296,1159,0.0009606995615904337,0.0009606995615904337,4,"[13, 19, 358, 881]","[5367, 870, 24, 1]"
763,65,296,1159,0.00096196956159044,1.270000000006227e-06,2,"[13, 358]","[6158, 97]"
764,65,296,1159,0.0009630895615904455,1.1200000000054916e-06,3,"[13, 358, 359]","[6197, 35, 1]"
765,65,296,1159,0.0009646495615904531,1.560000000007649e-06,3,"[12, 13, 358]","[1, 6272, 2]"
766,65,296,1162,0.0008746421757354913,0.0008746421757354913,1,[881],[6306]
767,65,296,1163,0.0008739135087992764,0.0008739135087992764,1,[881],[6337]
768,65,296,1163,0.0008744835087992792,5.700000000027948e-07,1,[881],[6264]
769,65,296,1163,0.0008760935087992871,1.6100000000078942e-06,1,[881],[6149]
770,65,296,1164,0.0008739562464773674,0.0008739562464773674,3,"[881, 889, 943]","[6265, 1, 2]"
771,65,296,1164,0.0008749062464773721,9.500000000046581e-07,1,[881],[6255]
772,65,297,1159,0.000964034158473927,0.000964034158473927,4,"[13, 19, 339, 358]","[6257, 1, 1, 3]"
773,65,297,1159,0.000965244158473933,1.2100000000059329e-06,1,[13],[6247]
774,65,297,1159,0.0009663441584739383,1.1000000000053935e-06,1,[13],[6241]
775,65,297,1159,0.0009678841584739459,1.540000000007551e-06,2,"[13, 337]","[6240, 34]"
776,65,297,1160,0.0009673346117152215,0.0009673346117152215,2,"[13, 337]","[6259, 11]"
777,65,297,1164,0.0008739803403771953,0.0008739803403771953,3,"[881, 889, 943]","[6152, 20, 81]"
778,65,297,1164,0.000988720340377626,0.00011474000000043076,4,"[365, 881, 889, 894]","[147, 6015, 1, 88]"
779,65,297,1165,0.0008731264741736277,0.0008731264741736277,3,"[881, 889, 943]","[4411, 1520, 371]"
780,65,297,1165,0.0008736464741736302,5.200000000025497e-07,2,"[881, 889]","[4772, 1455]"
781,65,297,1165,0.0008741264741736326,4.800000000023535e-07,2,"[881, 889]","[5144, 1138]"
782,65,297,1165,0.0008751164741736374,9.900000000048542e-07,2,"[881, 889]","[5420, 773]"
783,65,297,1166,0.0008725249754323248,0.0008725249754323248,3,"[881, 889, 943]","[5777, 493, 26]"
784,65,297,1166,0.0008733249754323287,8.000000000039226e-07,3,"[881, 889, 943]","[3878, 2370, 1]"
785,65,297,1166,0.0008742849754323335,9.60000000004707e-07,2,"[881, 889]","[2952, 3256]"
786,65,298,1159,0.0009682370876510191,0.0009682370876510191,4,"[13, 311, 337, 339]","[5827, 1, 344, 96]"
787,65,298,1159,0.0009701770876510286,1.9400000000095122e-06,2,"[13, 337]","[5135, 1098]"
788,65,298,1160,0.0009685870295207181,0.0009685870295207181,2,"[13, 337]","[5624, 627]"
789,65,298,1160,0.0009696870295207235,1.1000000000053935e-06,2,"[13, 337]","[5594, 694]"
790,65,298,1160,0.0009707770295207289,1.0900000000053445e-06,2,"[13, 337]","[6135, 104]"
791,65,298,1160,0.0009723470295207366,1.570000000007698e-06,3,"[13, 22, 337]","[6123, 100, 1]"
792,65,298,1160,0.0009908770295206722,1.85299999999356e-05,4,"[13, 22, 364, 372]","[2332, 517, 3423, 1]"
793,65,298,1165,0.0008744622988681693,0.0008744622988681693,3,"[881, 889, 943]","[4740, 1387, 129]"
794,65,298,1166,0.0008706778138958004,0.0008706778138958004,4,"[881, 915, 941, 943]","[6282, 1, 1, 8]"
795,65,298,1166,0.0008715878138958049,9.100000000044619e-07,3,"[881, 889, 943]","[6286, 6, 4]"
796,65,298,1166,0.0008724678138958092,8.800000000043148e-07,2,"[881, 889]","[6071, 122]"
797,65,298,1166,0.0008742278138958178,1.7600000000086297e-06,2,"[881, 889]","[4564, 1655]"
798,65,298,1167,0.0008703633731203536,0.0008703633731203536,4,"[881, 914, 915, 941]","[5315, 1, 1, 969]"
799,65,298,1167,0.0008711533731203575,7.900000000038735e-07,3,"[881, 914, 941]","[6056, 1, 226]"
800,65,298,1167,0.0008718233731203608,6.700000000032852e-07,3,"[881, 914, 941]","[6170, 1, 25]"
801,65,298,1168,0.0008717053795421163,0.0008717053795421163,2,"[881, 941]","[269, 5981]"
802,65,299,1160,0.0009716325470890565,0.0009716325470890565,3,"[13, 22, 337]","[6054, 113, 90]"
803,65,299,1160,0.0009726125470890613,9.800000000048052e-07,2,"[13, 22]","[5130, 1184]"
804,65,299,1160,0.0009733825470890651,7.700000000037755e-07,2,"[13, 22]","[4265, 1974]"
805,65,299,1160,0.0009744325470890702,1.0500000000051484e-06,2,"[13, 22]","[4850, 1355]"
806,65,299,1160,0.0009900325470890007,1.5599999999930448e-05,5,"[13, 22, 304, 305, 364]","[4417, 104, 6, 1, 1733]"
807,65,299,1160,0.0009910525470889946,1.0199999999939424e-06,2,"[364, 379]","[6235, 4]"
808,65,299,1160,0.00099183254708899,7.799999999953677e-07,2,"[364, 379]","[6284, 6]"
809,65,299,1161,0.0009742462082888355,0.0009742462082888355,3,"[13, 22, 337]","[4818, 1437, 2]"
810,65,299,1161,0.0009915962082887575,1.7349999999922007e-05,5,"[13, 22, 304, 364, 379]","[4655, 60, 21, 1506, 4]"
811,65,299,1166,0.0008694886952456256,0.0008694886952456256,4,"[881, 914, 915, 941]","[6285, 6, 4, 1]"
812,65,299,1166,0.0008702586952456294,7.700000000037755e-07,2,"[881, 915]","[6237, 1]"
813,65,299,1167,0.0008695470299830262,0.0008695470299830262,4,"[881, 914, 915, 941]","[6105, 1, 2, 174]"
814,65,299,1167,0.0008702670299830297,7.200000000035303e-07,2,"[881, 941]","[5979, 245]"
815,65,299,1167,0.0008714470299830355,1.1800000000057858e-06,3,"[881, 914, 941]","[6105, 1, 153]"
816,65,300,1160,0.0009756700823509608,0.0009756700823509608,2,"[13, 22]","[5646, 629]"
817,65,300,1160,0.00097912008235095,3.449999999989269e-06,3,"[13, 304, 305]","[6113, 105, 7]"
818,65,300,1161,0.0009759812978368959,0.0009759812978368959,2,"[13, 22]","[6094, 195]"
819,65,300,1161,0.000977181297836895,1.1999999999991618e-06,2,"[13, 304]","[6183, 36]"
820,65,300,1161,0.0009784312978368876,1.2499999999925765e-06,3,"[13, 304, 305]","[5978, 295, 1]"
821,65,301,1161,0.0009785522950499926,0.0009785522950499926,2,"[13, 304]","[6156, 104]"
822,65,301,1161,0.0009796422950499861,1.0899999999935267e-06,2,"[13, 304]","[6202, 53]"
823,65,301,1161,0.0009807222950499797,1.079999999993586e-06,2,"[13, 304]","[6229, 8]"
824,65,301,1161,0.0009827222950499679,1.9999999999881224e-06,1,[13],[6254]
825,65,301,1162,0.0009819210514303229,0.0009819210514303229,2,"[13, 304]","[6243, 19]"
826,65,302,1161,0.0009821364155540094,0.0009821364155540094,2,"[13, 304]","[6275, 2]"
827,65,302,1161,0.000984566415553995,2.4299999999855687e-06,1,[13],[6230]
828,65,302,1162,0.0009824673432496046,0.0009824673432496046,1,[13],[6264]
829,65,302,1162,0.0009834873432495986,1.0199999999939424e-06,1,[13],[6241]
830,65,302,1162,0.0009845373432495923,1.0499999999937643e-06,1,[13],[6276]
831,65,303,1162,0.0009846837978425144,0.0009846837978425144,1,[13],[6298]
832,65,303,1162,0.0009856737978425085,9.899999999941206e-07,1,[13],[6269]
833,65,303,1162,0.0009866637978425026,9.899999999941206e-07,1,[13],[6229]
834,65,303,1162,0.0009888837978424894,2.219999999986816e-06,2,"[13, 27]","[6187, 20]"
835,65,303,1163,0.0009869386268979215,0.0009869386268979215,2,"[13, 374]","[6256, 1]"
836,65,303,1163,0.0009899586268979036,3.019999999982065e-06,3,"[13, 27, 252]","[5974, 269, 2]"
837,65,304,1162,0.0009883447820505991,0.0009883447820505991,3,"[13, 27, 945]","[6207, 43, 3]"
838,65,304,1162,0.001087034782050013,9.86899999994139e-05,4,"[13, 27, 252, 482]","[3527, 589, 1237, 896]"
839,65,304,1163,0.0009880931520364407,0.0009880931520364407,2,"[13, 27]","[6120, 163]"
840,65,304,1163,0.0009889431520364357,8.49999999994952e-07,3,"[13, 27, 252]","[5205, 1016, 1]"
841,65,304,1163,0.0009896831520364313,7.399999999956053e-07,3,"[13, 27, 252]","[4733, 1522, 8]"
842,65,304,1163,0.0009907031520364252,1.0199999999939424e-06,3,"[13, 27, 252]","[4936, 1046, 285]"
843,65,304,1163,0.0009918531520364184,1.1499999999931704e-06,3,"[13, 27, 252]","[2049, 102, 4132]"
844,65,304,1163,0.0009925231520364144,6.69999999996021e-07,2,"[13, 252]","[272, 5920]"
845,65,304,1163,0.00099325315203641,7.299999999956647e-07,2,"[13, 252]","[83, 6225]"
846,65,304,1164,0.0009917780626323388,0.0009917780626323388,4,"[13, 27, 252, 374]","[2100, 428, 3716, 6]"
847,65,304,1164,0.0009926580626323336,8.799999999947739e-07,2,"[13, 252]","[141, 6111]"
848,65,305,1161,0.0010873572269628888,0.0010873572269628888,3,"[13, 482, 945]","[3, 6203, 53]"
849,65,305,1162,0.001087481693904784,0.001087481693904784,7,"[13, 27, 29, 200, 252, 482, 945]","[1532, 129, 2, 1, 636, 3919, 51]"
850,65,305,1163,0.0009903299273827826,0.0009903299273827826,3,"[13, 27, 252]","[5530, 769, 23]"
851,65,305,1163,0.000991289927382777,9.599999999942987e-07,3,"[13, 27, 252]","[5750, 53, 395]"
852,65,305,1163,0.000992109927382772,8.199999999951302e-07,4,"[13, 27, 29, 252]","[4799, 1, 2, 1491]"
853,65,305,1163,0.0009930599273827664,9.499999999943581e-07,4,"[13, 29, 199, 252]","[3361, 66, 1, 2790]"
854,65,305,1164,0.000992229105516654,0.000992229105516654,4,"[13, 27, 29, 252]","[5396, 93, 19, 763]"
855,65,305,1164,0.0009945391055166404,2.3099999999862814e-06,4,"[13, 29, 199, 252]","[3710, 886, 7, 1626]"
856,65,306,1163,0.0009931885318078895,0.0009931885318078895,6,"[13, 27, 29, 199, 200, 252]","[5633, 2, 619, 6, 1, 28]"
857,65,306,1163,0.0009947385318078803,1.5499999999907949e-06,5,"[13, 29, 199, 200, 252]","[4263, 1889, 66, 2, 3]"
858,65,306,1164,0.0009931244460770192,0.0009931244460770192,4,"[13, 29, 199, 252]","[5038, 1238, 3, 5]"
859,65,306,1164,0.0009938144460770152,6.899999999959022e-07,4,"[13, 29, 199, 200]","[3843, 2373, 10, 1]"
860,65,306,1164,0.000994504446077011,6.899999999959022e-07,5,"[13, 29, 199, 200, 252]","[4083, 2193, 22, 1, 1]"
861,65,306,1164,0.0009957744460770035,1.2699999999924577e-06,4,"[13, 29, 199, 200]","[5186, 1004, 13, 1]"
862,65,307,1164,0.0009950055975411459,0.0009950055975411459,3,"[13, 29, 199]","[5455, 830, 4]"
863,65,307,1164,0.0009959455975411403,9.399999999944175e-07,3,"[13, 29, 199]","[6214, 35, 1]"
864,65,307,1164,0.000996835597541135,8.899999999947145e-07,4,"[13, 29, 31, 227]","[6252, 1, 3, 2]"
865,65,307,1164,0.0009984855975411252,1.649999999990201e-06,3,"[13, 31, 227]","[5882, 154, 178]"
866,65,307,1165,0.00121394428476847,0.00121394428476847,6,"[13, 29, 31, 227, 266, 268]","[4745, 42, 332, 1096, 5, 30]"
867,65,307,1178,0.001270699970459382,0.001270699970459382,3,"[453, 478, 481]","[6237, 16, 1]"
868,65,308,1164,0.000997515217933818,0.000997515217933818,4,"[13, 29, 31, 227]","[6050, 1, 202, 19]"
869,65,308,1164,0.0009984252179338125,9.099999999945957e-07,3,"[13, 31, 227]","[5049, 1144, 45]"
870,65,308,1164,0.0009994452179338065,1.0199999999939424e-06,3,"[13, 31, 227]","[4175, 2040, 38]"
871,65,308,1165,0.000998409213598917,0.000998409213598917,3,"[13, 31, 227]","[5035, 1075, 187]"
872,65,308,1165,0.0009996092135989099,1.1999999999928734e-06,3,"[13, 31, 227]","[4358, 1705, 150]"
873,65,309,1164,0.0009999018681144992,0.0009999018681144992,2,"[13, 31]","[5595, 672]"
874,65,309,1165,0.0009993204399567932,0.0009993204399567932,3,"[13, 31, 228]","[5827, 440, 1]"
875,65,309,1165,0.0010001504399567882,8.299999999950708e-07,2,"[13, 31]","[6148, 99]"
876,65,309,1165,0.0010123404399567158,1.2189999999927606e-05,3,"[13, 31, 308]","[4368, 7, 1865]"
877,65,309,1166,0.0010135518225158342,0.0010135518225158342,3,"[13, 31, 308]","[812, 5, 5456]"
878,65,309,1166,0.0010159018225158203,2.349999999986044e-06,1,[308],[6238]
879,65,309,1174,0.0007482825401743603,0.0007482825401743603,3,"[987, 1024, 1025]","[5707, 166, 455]"
880,65,309,1174,0.0007488825401743632,6.000000000029419e-07,3,"[987, 1024, 1025]","[5013, 428, 823]"
881,65,309,1174,0.0007505125401743712,1.6300000000079922e-06,4,"[987, 988, 1024, 1025]","[4331, 49, 711, 1067]"
882,65,309,1175,0.0007483637956674903,0.0007483637956674903,3,"[987, 1024, 1025]","[6077, 78, 159]"
883,65,309,1175,0.0007492037956674944,8.400000000041187e-07,4,"[987, 988, 1024, 1025]","[5622, 17, 228, 350]"
884,65,310,1165,0.0010000773727036982,0.0010000773727036982,2,"[13, 228]","[6173, 154]"
885,65,310,1165,0.001000777372703694,6.999999999958428e-07,1,[13],[6248]
886,65,310,1165,0.0010114273727036308,1.0649999999936752e-05,2,"[13, 308]","[6066, 113]"
887,65,310,1166,0.0010138500163782973,0.0010138500163782973,3,"[13, 228, 308]","[2466, 19, 3790]"
888,65,310,1166,0.0010149700163782907,1.1199999999933485e-06,1,[308],[6225]
889,65,310,1166,0.0010157900163782858,8.199999999951302e-07,1,[308],[6269]
890,65,310,1166,0.0010167000163782804,9.099999999945957e-07,1,[308],[6245]
891,65,310,1166,0.0010185800163782692,1.879999999988835e-06,1,[308],[6236]
892,65,310,1167,0.0010170834458632337,0.0010170834458632337,2,"[13, 308]","[2, 6277]"
893,65,310,1167,0.0010194234458632198,2.339999999986103e-06,1,[308],[6230]
894,65,310,1174,0.0007484288726503112,0.0007484288726503112,3,"[987, 1024, 1025]","[3813, 638, 1841]"
895,65,310,1174,0.0007489488726503137,5.200000000025497e-07,4,"[987, 988, 1024, 1025]","[3103, 1, 993, 2242]"
896,65,310,1174,0.0007494788726503163,5.300000000025987e-07,4,"[987, 988, 1024, 1025]","[3183, 36, 1086, 1826]"
897,65,310,1174,0.0007506688726503221,1.1900000000058348e-06,4,"[987, 988, 1024, 1025]","[4162, 429, 670, 989]"
898,65,310,1175,0.0007488751377130491,0.0007488751377130491,4,"[987, 988, 1024, 1025]","[4593, 22, 445, 1236]"
899,65,310,1175,0.0007497551377130534,8.800000000043148e-07,4,"[987, 988, 1024, 1025]","[4178, 706, 495, 848]"
900,65,310,1175,0.0007503851377130565,6.30000000003089e-07,4,"[987, 988, 1024, 1025]","[3527, 2582, 77, 162]"
901,65,310,1175,0.0007509651377130593,5.800000000028439e-07,4,"[987, 988, 1024, 1025]","[2669, 3456, 7, 12]"
902,65,311,1165,0.0010008718057869196,0.0010008718057869196,3,"[13, 98, 228]","[6215, 5, 117]"
903,65,311,1165,0.0010016218057869151,7.499999999955459e-07,2,"[13, 98]","[6170, 4]"
904,65,311,1165,0.0012236318057855966,0.00022200999999868153,6,"[13, 42, 98, 107, 308, 451]","[5265, 498, 6, 149, 255, 66]"
905,65,311,1166,0.001015172305540143,0.001015172305540143,6,"[13, 98, 107, 197, 228, 308]","[5677, 6, 15, 1, 16, 540]"
906,65,311,1166,0.0010181523055401254,2.9799999999823024e-06,1,[308],[6262]
907,65,311,1166,0.0012236823055389047,0.0002055299999987794,3,"[42, 308, 451]","[2514, 3397, 325]"
908,65,311,1166,0.0012253723055388947,1.6899999999899634e-06,1,[451],[6279]
909,65,311,1166,0.0012263023055388892,9.299999999944769e-07,1,[451],[6251]
910,65,311,1167,0.0010180034388675714,0.0010180034388675714,2,"[13, 308]","[26, 6240]"
911,65,311,1167,0.0010189534388675657,9.499999999943581e-07,1,[308],[6264]
912,65,311,1167,0.0010198034388675607,8.49999999994952e-07,1,[308],[6252]
913,65,311,1167,0.0010211934388675524,1.389999999991745e-06,1,[308],[6237]
914,65,311,1168,0.0010212894065591575,0.0010212894065591575,1,[308],[6276]
915,65,312,1165,0.0010018956567422058,0.0010018956567422058,3,"[13, 98, 228]","[6256, 2, 2]"
916,65,312,1165,0.0010030056567421992,1.109999999993408e-06,1,[13],[6271]
917,65,312,1165,0.0010089856567421637,5.979999999964486e-06,4,"[13, 107, 108, 197]","[2290, 3921, 9, 46]"
918,65,312,1165,0.0010101556567421567,1.1699999999930516e-06,2,"[107, 197]","[6202, 2]"
919,65,312,1166,0.0010024886598311283,0.0010024886598311283,1,[13],[6290]
920,65,312,1166,0.0010077186598310972,5.22999999996894e-06,4,"[13, 107, 108, 197]","[4715, 357, 346, 802]"
921,65,312,1166,0.0012252486598298053,0.00021752999999870813,6,"[42, 107, 108, 197, 308, 451]","[259, 2015, 113, 383, 491, 3005]"
922,65,312,1166,0.0012272386598297935,1.9899999999881818e-06,1,[451],[6244]
923,65,312,1167,0.001020827754956954,0.001020827754956954,5,"[13, 107, 108, 197, 308]","[127, 236, 315, 559, 5029]"
924,65,312,1167,0.0010260877549569227,5.259999999968762e-06,2,"[308, 322]","[6234, 2]"
925,65,312,1168,0.0010213209821878207,0.0010213209821878207,4,"[107, 108, 197, 308]","[1, 2, 1, 6288]"
926,65,312,1168,0.001022270982187815,9.499999999943581e-07,1,[308],[6220]
927,65,312,1168,0.0010233109821878089,1.0399999999938236e-06,1,[308],[6250]
928,65,312,1168,0.0010252709821877972,1.95999999998836e-06,2,"[308, 322]","[6233, 6]"
929,65,313,1165,0.0010034935814524832,0.0010034935814524832,1,[13],[6258]
930,65,313,1165,0.0010082135814524552,4.719999999971969e-06,4,"[13, 107, 108, 197]","[4388, 1535, 126, 209]"
931,65,313,1165,0.00100910358145245,8.899999999947145e-07,3,"[107, 108, 197]","[6281, 14, 31]"
932,65,313,1165,0.0010096535814524466,5.499999999967337e-07,3,"[107, 108, 197]","[6255, 2, 3]"
933,65,313,1165,0.0010103835814524423,7.299999999956647e-07,1,[107],[6184]
934,65,313,1166,0.0010032053403743742,0.0010032053403743742,1,[13],[6284]
935,65,313,1166,0.0010041353403743686,9.299999999944769e-07,2,"[13, 108]","[6221, 1]"
936,65,313,1166,0.0010064053403743551,2.269999999986519e-06,5,"[13, 34, 107, 108, 197]","[4580, 1, 604, 541, 531]"
937,65,313,1166,0.0010072253403743503,8.199999999951302e-07,5,"[13, 34, 107, 108, 197]","[26, 1, 2313, 1917, 2024]"
938,65,313,1166,0.001007795340374347,5.699999999966149e-07,4,"[13, 107, 108, 197]","[2, 2575, 1848, 1808]"
939,65,313,1166,0.001008455340374343,6.599999999960804e-07,4,"[13, 107, 108, 197]","[2, 3153, 1702, 1381]"
940,65,313,1166,0.0010093353403743377,8.799999999947739e-07,3,"[107, 108, 197]","[4860, 960, 426]"
941,65,313,1166,0.0010110353403743277,1.699999999989904e-06,3,"[107, 108, 197]","[6050, 165, 24]"
942,65,313,1167,0.0010074086990315035,0.0010074086990315035,5,"[13, 34, 107, 108, 197]","[531, 2, 1949, 2285, 1524]"
943,65,313,1167,0.0010083686990314978,9.599999999942987e-07,3,"[107, 108, 197]","[2007, 2986, 1218]"
944,65,313,1167,0.0010251186990313983,1.6749999999900525e-05,5,"[107, 108, 197, 308, 322]","[893, 2037, 244, 3069, 9]"
945,65,313,1167,0.0010272386990313857,2.1199999999874097e-06,2,"[308, 322]","[6251, 11]"
946,65,313,1167,0.0010286186990313775,1.3799999999918044e-06,1,[308],[6234]
947,65,313,1167,0.00102986869903137,1.2499999999925765e-06,1,[308],[6294]
948,65,313,1167,0.0010314286990313608,1.5599999999907355e-06,1,[308],[6217]
949,65,313,1168,0.0010239326151705666,0.0010239326151705666,5,"[107, 108, 197, 308, 322]","[47, 170, 19, 6036, 2]"
950,65,313,1168,0.0010251826151705592,1.2499999999925765e-06,2,"[308, 322]","[6247, 26]"
951,65,313,1168,0.0010262826151705526,1.0999999999934673e-06,2,"[308, 322]","[6191, 35]"
952,65,313,1168,0.0010276826151705443,1.3999999999916857e-06,2,"[308, 322]","[6254, 3]"
953,65,313,1168,0.0010313226151705227,3.6399999999783827e-06,1,[308],[6230]
954,65,314,1165,0.0010077074005050098,0.0010077074005050098,5,"[13, 34, 107, 108, 197]","[5645, 37, 534, 22, 15]"
955,65,314,1165,0.0010103074005049944,2.599999999984559e-06,3,"[107, 108, 197]","[6216, 34, 4]"
956,65,314,1166,0.001004351837620261,0.001004351837620261,2,"[13, 34]","[6268, 16]"
957,65,314,1166,0.0010051018376202566,7.499999999955459e-07,4,"[13, 34, 107, 108]","[6173, 136, 1, 1]"
958,65,314,1166,0.001005881837620252,7.799999999953677e-07,5,"[13, 34, 107, 108, 197]","[5640, 461, 43, 38, 10]"
959,65,314,1166,0.0010071318376202445,1.2499999999925765e-06,5,"[13, 34, 107, 108, 197]","[2963, 677, 1693, 696, 229]"
960,65,314,1166,0.0010078518376202402,7.199999999957241e-07,5,"[13, 34, 107, 108, 197]","[202, 69, 4427, 1331, 240]"
961,65,314,1166,0.0010083618376202372,5.099999999969712e-07,5,"[13, 34, 107, 108, 197]","[23, 3, 4776, 1313, 103]"
962,65,314,1166,0.0010088818376202341,5.199999999969118e-07,5,"[13, 34, 107, 108, 197]","[3, 1, 4907, 1320, 50]"
963,65,314,1166,0.0010096518376202296,7.699999999954271e-07,3,"[107, 108, 197]","[4860, 1355, 9]"
964,65,314,1166,0.001031971837620097,2.2319999999867446e-05,4,"[107, 108, 197, 308]","[2402, 680, 1, 3130]"
965,65,314,1167,0.0010074438042666563,0.0010074438042666563,5,"[13, 34, 107, 108, 197]","[2655, 766, 1277, 1428, 167]"
966,65,314,1167,0.001008333804266651,8.899999999947145e-07,5,"[13, 34, 107, 108, 197]","[72, 13, 2162, 3916, 127]"
967,65,314,1167,0.0010090338042666469,6.999999999958428e-07,4,"[13, 107, 108, 197]","[6, 1180, 4982, 25]"
968,65,314,1167,0.0010099638042666414,9.299999999944769e-07,3,"[107, 108, 197]","[416, 5819, 4]"
969,65,314,1167,0.0010284838042665314,1.8519999999890013e-05,4,"[107, 108, 308, 322]","[48, 2713, 3482, 2]"
970,65,314,1167,0.0010302638042665208,1.779999999989429e-06,1,[308],[6279]
971,65,314,1167,0.0010311538042665155,8.899999999947145e-07,1,[308],[6233]
972,65,314,1167,0.0010318838042665112,7.299999999956647e-07,1,[308],[6306]
973,65,314,1167,0.0010328438042665055,9.599999999942987e-07,1,[308],[6185]
974,65,314,1168,0.0010295094128698467,0.0010295094128698467,7,"[13, 34, 107, 108, 197, 308, 322]","[13, 7, 26, 1831, 3, 4375, 2]"
975,65,315,1166,0.0010054998217710691,0.0010054998217710691,3,"[13, 34, 107]","[5016, 1295, 1]"
976,65,315,1166,0.0010061498217710653,6.499999999961398e-07,4,"[13, 34, 107, 108]","[4387, 1826, 4, 1]"
977,65,315,1166,0.0010069698217710604,8.199999999951302e-07,4,"[13, 34, 107, 108]","[4461, 1717, 55, 6]"
978,65,315,1166,0.0010101098217710418,3.139999999981352e-06,5,"[13, 34, 36, 107, 108]","[3207, 447, 11, 1493, 1074]"
979,65,315,1166,0.001032469821770909,2.235999999986721e-05,6,"[13, 36, 37, 107, 108, 308]","[32, 10, 2, 26, 481, 5757]"
980,65,315,1166,0.0010331098217709052,6.399999999961992e-07,1,[308],[6241]
981,65,315,1166,0.0010340098217708998,8.999999999946551e-07,1,[308],[6222]
982,65,315,1167,0.0010063718442073356,0.0010063718442073356,3,"[13, 34, 107]","[4298, 1994, 1]"
983,65,315,1167,0.0010076818442073278,1.3099999999922202e-06,4,"[13, 34, 107, 108]","[5304, 745, 57, 112]"
984,65,315,1167,0.0010094118442073175,1.7299999999897259e-06,5,"[13, 34, 36, 107, 108]","[2318, 22, 21, 160, 3730]"
985,65,315,1167,0.0010103018442073123,8.899999999947145e-07,4,"[13, 36, 107, 108]","[194, 39, 14, 6018]"
986,65,315,1167,0.001011341844207306,1.0399999999938236e-06,4,"[13, 36, 37, 108]","[82, 18, 1, 6158]"
987,65,315,1167,0.0010320418442071831,2.0699999999877067e-05,5,"[13, 36, 37, 108, 308]","[40, 2, 9, 2461, 3715]"
988,65,315,1167,0.0010331318442071767,1.0899999999935267e-06,1,[308],[6245]
989,65,315,1168,0.0010114520463360918,0.0010114520463360918,4,"[13, 34, 36, 108]","[341, 28, 8, 5884]"
990,65,316,1166,0.0010094232249576406,0.0010094232249576406,5,"[13, 34, 36, 69, 108]","[5648, 365, 232, 1, 10]"
991,65,316,1167,0.0010077281080907528,0.0010077281080907528,5,"[13, 34, 36, 69, 70]","[6041, 204, 4, 4, 1]"
992,65,316,1167,0.0010087981080907464,1.0699999999936455e-06,7,"[13, 34, 36, 37, 69, 70, 108]","[5900, 1, 367, 1, 4, 4, 31]"
993,65,316,1167,0.0010096181080907415,8.199999999951302e-07,5,"[13, 36, 37, 70, 108]","[4269, 1679, 4, 1, 252]"
994,65,316,1167,0.0010103181080907374,6.999999999958428e-07,4,"[13, 36, 37, 108]","[3458, 1937, 50, 857]"
995,65,316,1167,0.0010109981080907333,6.799999999959616e-07,4,"[13, 36, 37, 108]","[2966, 1038, 409, 1868]"
996,65,316,1167,0.0010116481080907295,6.499999999961398e-07,4,"[13, 36, 37, 108]","[2440, 216, 1010, 2550]"
997,65,316,1167,0.001012408108090725,7.599999999954865e-07,4,"[13, 36, 37, 108]","[2000, 22, 1485, 2698]"
998,65,316,1168,0.0010112250277363826,0.0010112250277363826,5,"[13, 34, 36, 37, 108]","[2006, 2, 642, 231, 3370]"
999,65,316,1168,0.0010121150277363773,8.899999999947145e-07,4,"[13, 36, 37, 108]","[376, 14, 525, 5345]"
1000,65,316,1168,0.0010130950277363715,9.7999999999418e-07,4,"[13, 37, 38, 108]","[343, 363, 4, 5557]"
1001,65,317,1166,0.001015562754873813,0.001015562754873813,5,"[13, 36, 37, 38, 108]","[3123, 945, 874, 1290, 20]"
1002,65,317,1167,0.0010098740438546619,0.0010098740438546619,5,"[13, 36, 37, 70, 108]","[3331, 2901, 44, 1, 2]"
1003,65,317,1167,0.0010107740438546565,8.999999999946551e-07,4,"[13, 36, 37, 108]","[3214, 2179, 830, 63]"
1004,65,317,1167,0.0010113940438546529,6.199999999963179e-07,4,"[13, 36, 37, 108]","[2761, 489, 2726, 255]"
1005,65,317,1167,0.0010118540438546501,4.5999999999726815e-07,5,"[13, 36, 37, 38, 108]","[2353, 56, 3348, 1, 557]"
1006,65,317,1167,0.0010122740438546476,4.199999999975057e-07,5,"[13, 36, 37, 38, 108]","[2370, 15, 3047, 9, 810]"
1007,65,317,1167,0.001012724043854645,4.4999999999732754e-07,4,"[13, 37, 38, 108]","[2608, 2289, 67, 1187]"
1008,65,317,1167,0.0010132740438546417,5.499999999967337e-07,4,"[13, 37, 38, 108]","[3341, 1222, 292, 1411]"
1009,65,317,1167,0.001013914043854638,6.399999999961992e-07,4,"[13, 37, 38, 108]","[3821, 315, 1263, 841]"
1010,65,317,1167,0.0010145940438546339,6.799999999959616e-07,4,"[13, 37, 38, 108]","[2844, 40, 3256, 180]"
1011,65,317,1167,0.0010153140438546296,7.199999999957241e-07,3,"[13, 38, 108]","[1285, 4922, 24]"
1012,65,317,1168,0.0010117924344188833,0.0010117924344188833,5,"[13, 36, 37, 38, 108]","[1299, 674, 2267, 1, 2014]"
1013,65,317,1168,0.0010124024344188797,6.099999999963773e-07,4,"[13, 37, 38, 108]","[668, 1550, 14, 4054]"
1014,65,317,1168,0.0010128924344188768,4.8999999999709e-07,4,"[13, 37, 38, 108]","[1094, 753, 54, 4325]"
1015,65,317,1168,0.0010134224344188736,5.299999999968524e-07,4,"[13, 37, 38, 108]","[2002, 272, 206, 3831]"
1016,65,317,1168,0.00101402243441887,5.999999999964367e-07,4,"[13, 37, 38, 108]","[3530, 59, 564, 2034]"
1017,65,317,1168,0.0010147424344188658,7.199999999957241e-07,5,"[13, 37, 38, 64, 108]","[4664, 4, 1132, 3, 494]"
1018,65,317,1168,0.0010165424344188551,1.7999999999893102e-06,4,"[13, 38, 64, 108]","[4584, 1571, 2, 35]"
1019,65,318,1167,0.0010127185726902673,0.0010127185726902673,5,"[13, 36, 37, 38, 108]","[650, 117, 1006, 54, 4473]"
1020,65,318,1167,0.0010138485726902606,1.1299999999932892e-06,5,"[13, 37, 38, 64, 108]","[1845, 105, 1326, 8, 2984]"
1021,65,318,1167,0.0010147285726902554,8.799999999947739e-07,6,"[13, 37, 38, 64, 65, 108]","[1975, 2, 3923, 18, 1, 284]"
1022,65,318,1167,0.0010157785726902491,1.0499999999937643e-06,4,"[13, 38, 64, 108]","[1244, 5009, 10, 12]"
1023,65,318,1168,0.0010124123241267698,0.0010124123241267698,5,"[13, 36, 37, 38, 108]","[121, 8, 359, 10, 5766]"
1024,65,318,1168,0.0010130923241267657,6.799999999959616e-07,5,"[13, 37, 38, 64, 108]","[784, 88, 95, 13, 5269]"
1025,65,318,1168,0.0010137723241267617,6.799999999959616e-07,5,"[13, 37, 38, 64, 108]","[2896, 20, 448, 30, 2854]"
1026,65,318,1168,0.0010143723241267581,5.999999999964367e-07,6,"[13, 37, 38, 64, 65, 108]","[4683, 1, 826, 64, 3, 666]"
1027,65,318,1168,0.0010149323241267548,5.599999999966743e-07,5,"[13, 38, 64, 65, 108]","[5221, 892, 95, 4, 97]"
1028,65,318,1168,0.0010156523241267505,7.199999999957241e-07,4,"[13, 38, 64, 108]","[5333, 856, 45, 9]"
1029,65,319,1167,0.0010122501610005871,0.0010122501610005871,2,"[37, 108]","[2, 6291]"
1030,65,319,1167,0.0010140201610005766,1.7699999999894883e-06,5,"[13, 37, 38, 64, 108]","[27, 1, 30, 9, 6141]"
1031,65,319,1168,0.0010125067267062486,0.0010125067267062486,4,"[13, 49, 64, 108]","[2, 18, 1, 6245]"
1032,65,320,1167,0.001011574231960758,0.001011574231960758,4,"[49, 108, 229, 952]","[1, 6301, 1, 6]"
1033,65,320,1167,0.0010122742319607538,6.999999999958428e-07,1,[108],[6239]
1034,65,321,1167,0.0010111202065968506,0.0010111202065968506,5,"[108, 113, 229, 952, 953]","[5881, 11, 2, 401, 4]"
1035,65,321,1167,0.0010118002065968466,6.799999999959616e-07,2,"[108, 113]","[6276, 3]"
1036,65,322,1166,0.0010107844734730865,0.0010107844734730865,3,"[108, 113, 952]","[5050, 1192, 60]"
1037,65,322,1166,0.0010123444734730772,1.5599999999907355e-06,2,"[108, 113]","[5422, 782]"
1038,65,322,1167,0.0010106657304632082,0.0010106657304632082,4,"[108, 113, 952, 953]","[5155, 645, 481, 5]"
1039,65,322,1167,0.001011545730463203,8.799999999947739e-07,2,"[108, 113]","[5750, 484]"
1040,65,323,1166,0.0010086938495586638,0.0010086938495586638,2,"[108, 113]","[6273, 7]"
1041,65,323,1166,0.0010101238495586553,1.4299999999915075e-06,2,"[108, 113]","[5762, 462]"
1042,65,323,1167,0.0010090133786442186,0.0010090133786442186,3,"[108, 113, 952]","[6279, 13, 7]"
1043,65,323,1167,0.0010101633786442118,1.1499999999931704e-06,2,"[108, 113]","[5874, 338]"
1044,65,324,1153,0.0010262687416181398,0.0010262687416181398,1,[253],[6296]
1045,65,324,1154,0.001027155668716224,0.001027155668716224,1,[253],[6258]
1046,65,324,1165,0.001004820936486126,0.001004820936486126,2,"[108, 950]","[6253, 1]"
1047,65,324,1165,0.0010053709364861228,5.499999999967337e-07,1,[108],[6349]
1048,65,324,1165,0.0010059809364861192,6.099999999963773e-07,1,[108],[6151]
1049,65,324,1166,0.0010055641672794807,0.0010055641672794807,2,"[108, 950]","[6275, 15]"
1050,65,324,1166,0.0010064241672794755,8.599999999948926e-07,1,[108],[6235]
1051,65,324,1166,0.0010073041672794703,8.799999999947739e-07,1,[108],[6257]
1052,65,324,1166,0.0010086141672794625,1.3099999999922202e-06,1,[108],[6236]
1053,65,324,1167,0.001008041427544202,0.001008041427544202,2,"[108, 950]","[6277, 5]"
1054,65,340,1178,0.0007446889018665747,0.0007446889018665747,1,[962],[6327]
1055,65,340,1179,0.0007446143837874308,0.0007446143837874308,1,[962],[6290]
1056,65,354,1156,0.0007292085321169422,0.0007292085321169422,1,[1028],[6260]
1057,65,357,1153,0.0010854561713496689,0.0010854561713496689,3,"[152, 172, 173]","[6295, 12, 2]"
1058,65,357,1153,0.0010865661713496623,1.109999999993408e-06,3,"[152, 172, 173]","[6192, 17, 1]"
1059,65,359,1153,0.0014572264705187505,0.0014572264705187505,2,"[483, 484]","[6187, 64]"
1060,65,359,1153,0.0014582364705187445,1.0099999999940018e-06,1,[483],[6291]
1061,65,359,1153,0.0014599064705187346,1.6699999999900822e-06,1,[483],[6216]
1062,65,359,1154,0.0014562386251742961,0.0014562386251742961,3,"[483, 484, 524]","[5837, 438, 1]"
1063,65,359,1154,0.0014573086251742898,1.0699999999936455e-06,2,"[483, 484]","[6220, 4]"
1064,65,359,1154,0.0014582586251742841,9.499999999943581e-07,1,[483],[6265]
1065,65,360,1153,0.001456602827304103,0.001456602827304103,4,"[483, 484, 524, 525]","[4512, 1731, 10, 1]"
1066,65,360,1154,0.0014536365311462567,0.0014536365311462567,4,"[483, 484, 524, 525]","[3039, 3257, 3, 1]"
1067,65,360,1154,0.0014544765311462517,8.399999999950114e-07,3,"[483, 484, 524]","[3247, 2962, 5]"
1068,65,360,1154,0.0014553965311462462,9.199999999945363e-07,4,"[483, 484, 524, 525]","[4321, 1964, 3, 1]"
1069,65,360,1154,0.0014568665311462375,1.46999999999127e-06,4,"[483, 484, 524, 525]","[5705, 497, 6, 1]"
1070,65,361,1154,0.001454094144446179,0.001454094144446179,4,"[483, 484, 524, 525]","[1836, 4444, 10, 1]"
1071,65,361,1154,0.0014563141444461658,2.219999999986816e-06,4,"[483, 484, 524, 525]","[1879, 4314, 15, 3]"
1072,65,374,1104,0.0012229099054249714,0.0012229099054249714,1,[153],[6252]
1073,65,477,1242,0.0011381009945167692,0.0011381009945167692,3,"[187, 193, 194]","[6272, 18, 3]"
