,event,pixel_x,pixel_y,reset_time,TSLR,nMCParticles,MC_TrackIDs,MC_Weights
0,55,287,1159,0.0009091054302681383,0.0009091054302681383,1,[1],[6252]
1,55,287,1160,0.0009079476705479171,0.0009079476705479171,1,[1],[6254]
2,55,287,1161,0.0009076945017980852,0.0009076945017980852,1,[1],[6303]
3,55,287,1162,0.0009074708534248369,0.0009074708534248369,1,[1],[6298]
4,55,287,1162,0.0009082608534248408,7.900000000038735e-07,1,[1],[6245]
5,55,287,1163,0.0009072179644805452,0.0009072179644805452,1,[1],[6267]
6,55,287,1163,0.0009077979644805481,5.800000000028439e-07,1,[1],[6312]
7,55,287,1163,0.0009090279644805541,1.230000000006031e-06,1,[1],[6178]
8,55,287,1164,0.0009070817220613216,0.0009070817220613216,1,[1],[6339]
9,55,287,1164,0.000907571722061324,4.900000000024026e-07,1,[1],[6272]
10,55,287,1164,0.0009081017220613266,5.300000000025987e-07,1,[1],[6191]
11,55,287,1165,0.0009070551775822875,0.0009070551775822875,1,[1],[6283]
12,55,287,1165,0.0009075251775822898,4.700000000023045e-07,1,[1],[6367]
13,55,287,1165,0.0009079951775822921,4.700000000023045e-07,1,[1],[6166]
14,55,287,1166,0.000907055524619769,0.000907055524619769,1,[1],[6250]
15,55,287,1166,0.0009075155246197713,4.600000000022555e-07,1,[1],[6338]
16,55,287,1166,0.0009079455246197734,4.300000000021084e-07,1,[1],[6190]
17,55,287,1166,0.0009090155246197786,1.0700000000052464e-06,1,[1],[6228]
18,55,287,1167,0.0009072093933134338,0.0009072093933134338,1,[1],[6318]
19,55,287,1167,0.000907669393313436,4.600000000022555e-07,1,[1],[6224]
20,55,287,1167,0.0009081693933134385,5.000000000024516e-07,1,[1],[6246]
21,55,287,1168,0.0009073732946985537,0.0009073732946985537,1,[1],[6291]
22,55,287,1168,0.0009078832946985562,5.100000000025006e-07,1,[1],[6231]
23,55,287,1168,0.0009085032946985592,6.2000000000304e-07,1,[1],[6256]
24,55,287,1169,0.0009075463600778685,0.0009075463600778685,1,[1],[6270]
25,55,287,1169,0.0009080963600778712,5.500000000026968e-07,1,[1],[6249]
26,55,287,1169,0.0009089363600778753,8.400000000041187e-07,1,[1],[6249]
27,55,287,1170,0.0009076884133889561,0.0009076884133889561,1,[1],[6282]
28,55,287,1170,0.000908268413388959,5.800000000028439e-07,1,[1],[6271]
29,55,287,1170,0.0009097184133889661,1.4500000000071097e-06,1,[1],[6201]
30,55,287,1171,0.0009078547393983509,0.0009078547393983509,1,[1],[6312]
31,55,287,1171,0.0009084847393983539,6.30000000003089e-07,1,[1],[6209]
32,55,287,1172,0.0009080757260194945,0.0009080757260194945,1,[1],[6288]
33,55,287,1172,0.0009088857260194984,8.100000000039716e-07,1,[1],[6214]
34,55,287,1173,0.0009082273778313213,0.0009082273778313213,1,[1],[6316]
35,55,287,1173,0.0009091273778313257,9.000000000044129e-07,1,[1],[6212]
36,55,287,1174,0.0009084548505083398,0.0009084548505083398,1,[1],[6301]
37,55,287,1175,0.0009086919687259577,0.0009086919687259577,2,"[1, 6]","[6281, 3]"
38,55,287,1176,0.0009089056105084155,0.0009089056105084155,2,"[1, 6]","[5871, 406]"
39,55,287,1177,0.0009091541531718541,0.0009091541531718541,3,"[1, 5, 6]","[5896, 5, 385]"
40,55,287,1178,0.0009093408034483402,0.0009093408034483402,3,"[1, 5, 6]","[5670, 636, 1]"
41,55,287,1179,0.0009097260588481063,0.0009097260588481063,2,"[1, 5]","[5652, 605]"
42,55,287,1180,0.0009103223796290968,0.0009103223796290968,3,"[1, 4, 5]","[6226, 24, 5]"
43,55,287,1181,0.0009105545863401064,0.0009105545863401064,3,"[1, 3, 4]","[5613, 18, 630]"
44,55,288,1155,0.0009080300998616307,0.0009080300998616307,3,"[1, 8, 9]","[6162, 125, 1]"
45,55,288,1155,0.0009085700998616333,5.400000000026477e-07,2,"[1, 8]","[6147, 161]"
46,55,288,1155,0.0009093400998616371,7.700000000037755e-07,3,"[1, 8, 9]","[5952, 216, 2]"
47,55,288,1156,0.0009074890459736287,0.0009074890459736287,2,"[1, 8]","[6309, 2]"
48,55,288,1156,0.0009078390459736304,3.500000000017161e-07,2,"[1, 8]","[6252, 2]"
49,55,288,1156,0.0009081190459736318,2.800000000013729e-07,2,"[1, 8]","[6362, 1]"
50,55,288,1156,0.0009083790459736331,2.6000000000127484e-07,2,"[1, 8]","[6199, 2]"
51,55,288,1156,0.0009086690459736345,2.9000000000142193e-07,2,"[1, 8]","[6212, 3]"
52,55,288,1156,0.0009090890459736365,4.2000000000205935e-07,2,"[1, 8]","[6217, 1]"
53,55,288,1157,0.0009071482586804688,0.0009071482586804688,1,[1],[6371]
54,55,288,1157,0.0009074682586804704,3.2000000000156903e-07,1,[1],[6379]
55,55,288,1157,0.0009076982586804715,2.3000000000112774e-07,1,[1],[6209]
56,55,288,1157,0.0009079082586804726,2.1000000000102968e-07,1,[1],[6297]
57,55,288,1157,0.0009081182586804736,2.1000000000102968e-07,1,[1],[6213]
58,55,288,1157,0.0009083282586804746,2.1000000000102968e-07,1,[1],[6074]
59,55,288,1157,0.0009085882586804759,2.6000000000127484e-07,1,[1],[6226]
60,55,288,1157,0.000909018258680478,4.300000000021084e-07,1,[1],[6248]
61,55,288,1158,0.0009069559844872073,0.0009069559844872073,1,[1],[6346]
62,55,288,1158,0.0009072659844872089,3.1000000000152e-07,1,[1],[6345]
63,55,288,1158,0.00090749598448721,2.3000000000112774e-07,1,[1],[6242]
64,55,288,1158,0.000907695984487211,2.0000000000098064e-07,1,[1],[6349]
65,55,288,1158,0.0009078859844872119,1.900000000009316e-07,1,[1],[6269]
66,55,288,1158,0.0009080859844872129,2.0000000000098064e-07,1,[1],[6266]
67,55,288,1158,0.000908305984487214,2.200000000010787e-07,1,[1],[5952]
68,55,288,1158,0.0009086359844872156,3.3000000000161806e-07,1,[1],[6295]
69,55,288,1159,0.0009068800065704221,0.0009068800065704221,1,[1],[6384]
70,55,288,1159,0.0009071900065704237,3.1000000000152e-07,1,[1],[6236]
71,55,288,1159,0.0009074200065704248,2.3000000000112774e-07,1,[1],[6208]
72,55,288,1159,0.0009076200065704258,2.0000000000098064e-07,1,[1],[6198]
73,55,288,1159,0.0009078300065704268,2.1000000000102968e-07,1,[1],[6508]
74,55,288,1159,0.0009080400065704278,2.1000000000102968e-07,1,[1],[6231]
75,55,288,1159,0.000908280006570429,2.4000000000117677e-07,1,[1],[6074]
76,55,288,1159,0.0009086600065704309,3.800000000018632e-07,1,[1],[6223]
77,55,288,1160,0.0009068672158815362,0.0009068672158815362,1,[1],[6300]
78,55,288,1160,0.0009071872158815377,3.2000000000156903e-07,1,[1],[6339]
79,55,288,1160,0.0009074272158815389,2.4000000000117677e-07,1,[1],[6284]
80,55,288,1160,0.00090763721588154,2.1000000000102968e-07,1,[1],[6356]
81,55,288,1160,0.0009078372158815409,2.0000000000098064e-07,1,[1],[6041]
82,55,288,1160,0.0009080672158815421,2.3000000000112774e-07,1,[1],[6463]
83,55,288,1160,0.0009083372158815434,2.7000000000132387e-07,1,[1],[6032]
84,55,288,1160,0.0009088872158815461,5.500000000026968e-07,1,[1],[6233]
85,55,288,1161,0.0009069301121938344,0.0009069301121938344,1,[1],[6365]
86,55,288,1161,0.000907260112193836,3.3000000000161806e-07,1,[1],[6295]
87,55,288,1161,0.0009075101121938373,2.500000000012258e-07,1,[1],[6343]
88,55,288,1161,0.0009077301121938384,2.200000000010787e-07,1,[1],[6024]
89,55,288,1161,0.0009079601121938395,2.3000000000112774e-07,1,[1],[6225]
90,55,288,1161,0.0009082401121938409,2.800000000013729e-07,1,[1],[6342]
91,55,288,1161,0.000908680112193843,4.400000000021574e-07,1,[1],[6184]
92,55,288,1162,0.0009069264484544587,0.0009069264484544587,1,[1],[6254]
93,55,288,1162,0.0009072764484544605,3.500000000017161e-07,1,[1],[6316]
94,55,288,1162,0.0009075564484544618,2.800000000013729e-07,1,[1],[6264]
95,55,288,1162,0.0009078164484544631,2.6000000000127484e-07,1,[1],[6201]
96,55,288,1162,0.0009081164484544646,3.0000000000147097e-07,1,[1],[6349]
97,55,288,1162,0.0009085764484544668,4.600000000022555e-07,1,[1],[6200]
98,55,288,1163,0.0009068503961058348,0.0009068503961058348,1,[1],[6255]
99,55,288,1163,0.0009072103961058366,3.6000000000176516e-07,1,[1],[6278]
100,55,288,1163,0.0009075103961058381,3.0000000000147097e-07,1,[1],[6434]
101,55,288,1163,0.0009077903961058394,2.800000000013729e-07,1,[1],[6216]
102,55,288,1163,0.0009081303961058411,3.400000000016671e-07,1,[1],[6190]
103,55,288,1163,0.0009088803961058448,7.500000000036774e-07,1,[1],[6135]
104,55,288,1164,0.0009068504519476563,0.0009068504519476563,1,[1],[6250]
105,55,288,1164,0.0009072204519476581,3.700000000018142e-07,1,[1],[6286]
106,55,288,1164,0.0009075304519476597,3.1000000000152e-07,1,[1],[6367]
107,55,288,1164,0.0009078504519476612,3.2000000000156903e-07,1,[1],[6240]
108,55,288,1164,0.0009082804519476633,4.300000000021084e-07,1,[1],[6204]
109,55,288,1165,0.0009069309686974766,0.0009069309686974766,1,[1],[6317]
110,55,288,1165,0.0009073209686974785,3.9000000000191225e-07,1,[1],[6205]
111,55,288,1165,0.0009076709686974803,3.500000000017161e-07,1,[1],[6363]
112,55,288,1165,0.0009080809686974823,4.100000000020103e-07,1,[1],[6182]
113,55,288,1166,0.0009069790881510697,0.0009069790881510697,1,[1],[6337]
114,55,288,1166,0.0009073890881510717,4.100000000020103e-07,1,[1],[6286]
115,55,288,1166,0.0009077490881510735,3.6000000000176516e-07,1,[1],[6183]
116,55,288,1166,0.0009081890881510756,4.400000000021574e-07,1,[1],[6290]
117,55,288,1167,0.0009070969056664444,0.0009070969056664444,1,[1],[6317]
118,55,288,1167,0.0009075169056664465,4.2000000000205935e-07,1,[1],[6335]
119,55,288,1167,0.0009078869056664483,3.700000000018142e-07,1,[1],[6184]
120,55,288,1167,0.0009083569056664506,4.700000000023045e-07,1,[1],[6250]
121,55,288,1168,0.0009072321217616977,0.0009072321217616977,1,[1],[6370]
122,55,288,1168,0.0009076421217616997,4.100000000020103e-07,1,[1],[6287]
123,55,288,1168,0.0009080221217617016,3.800000000018632e-07,1,[1],[6225]
124,55,288,1168,0.0009084921217617039,4.700000000023045e-07,1,[1],[6134]
125,55,288,1169,0.0009073376303753239,0.0009073376303753239,1,[1],[6272]
126,55,288,1169,0.0009077476303753259,4.100000000020103e-07,1,[1],[6324]
127,55,288,1169,0.0009081076303753277,3.6000000000176516e-07,1,[1],[6227]
128,55,288,1169,0.0009085576303753299,4.5000000000220645e-07,1,[1],[6207]
129,55,288,1170,0.0009074453463340349,0.0009074453463340349,1,[1],[6370]
130,55,288,1170,0.0009078353463340368,3.9000000000191225e-07,1,[1],[6151]
131,55,288,1170,0.0009081953463340386,3.6000000000176516e-07,1,[1],[6367]
132,55,288,1170,0.0009086153463340406,4.2000000000205935e-07,1,[1],[6181]
133,55,288,1171,0.0009075271879953895,0.0009075271879953895,1,[1],[6330]
134,55,288,1171,0.0009079271879953915,4.000000000019613e-07,1,[1],[6299]
135,55,288,1171,0.0009082671879953932,3.400000000016671e-07,1,[1],[6267]
136,55,288,1171,0.000908637187995395,3.700000000018142e-07,1,[1],[6117]
137,55,288,1171,0.0009095971879953997,9.60000000004707e-07,1,[1],[6243]
138,55,288,1172,0.0009076620266966094,0.0009076620266966094,1,[1],[6267]
139,55,288,1172,0.0009080620266966113,4.000000000019613e-07,1,[1],[6358]
140,55,288,1172,0.000908402026696613,3.400000000016671e-07,1,[1],[6177]
141,55,288,1172,0.000908802026696615,4.000000000019613e-07,1,[1],[6279]
142,55,288,1173,0.0009077436372270077,0.0009077436372270077,1,[1],[6251]
143,55,288,1173,0.0009081336372270096,3.9000000000191225e-07,1,[1],[6396]
144,55,288,1173,0.0009084536372270112,3.2000000000156903e-07,1,[1],[6121]
145,55,288,1173,0.0009088036372270129,3.500000000017161e-07,1,[1],[6262]
146,55,288,1173,0.000909423637227016,6.2000000000304e-07,1,[1],[6275]
147,55,288,1174,0.0009078439588870427,0.0009078439588870427,1,[1],[6370]
148,55,288,1174,0.0009082239588870445,3.800000000018632e-07,1,[1],[6183]
149,55,288,1174,0.0009085539588870461,3.3000000000161806e-07,1,[1],[6363]
150,55,288,1174,0.0009089039588870479,3.500000000017161e-07,1,[1],[6228]
151,55,288,1174,0.0009094639588870506,5.600000000027458e-07,1,[1],[6141]
152,55,288,1175,0.0009080087673641488,0.0009080087673641488,2,"[1, 6]","[6354, 3]"
153,55,288,1175,0.0009083887673641506,3.800000000018632e-07,2,"[1, 6]","[6171, 8]"
154,55,288,1175,0.0009086987673641521,3.1000000000152e-07,2,"[1, 6]","[6259, 4]"
155,55,288,1175,0.0009090387673641538,3.400000000016671e-07,2,"[1, 6]","[6192, 14]"
156,55,288,1175,0.0009095587673641564,5.200000000025497e-07,2,"[1, 6]","[6231, 17]"
157,55,288,1176,0.000908158393345978,0.000908158393345978,2,"[1, 6]","[5958, 388]"
158,55,288,1176,0.0009085183933459798,3.6000000000176516e-07,2,"[1, 6]","[5713, 460]"
159,55,288,1176,0.0009088183933459813,3.0000000000147097e-07,2,"[1, 6]","[5888, 472]"
160,55,288,1176,0.0009091083933459827,2.9000000000142193e-07,2,"[1, 6]","[5735, 525]"
161,55,288,1176,0.0009094683933459844,3.6000000000176516e-07,2,"[1, 6]","[5594, 551]"
162,55,288,1176,0.0009105483933459897,1.0800000000052955e-06,2,"[1, 6]","[5636, 582]"
163,55,288,1177,0.000908340758448139,0.000908340758448139,3,"[1, 5, 6]","[5898, 8, 438]"
164,55,288,1177,0.0009087107584481408,3.700000000018142e-07,3,"[1, 5, 6]","[5931, 7, 402]"
165,55,288,1177,0.0009090007584481423,2.9000000000142193e-07,3,"[1, 5, 6]","[5871, 4, 345]"
166,55,288,1177,0.0009092907584481437,2.9000000000142193e-07,3,"[1, 5, 6]","[5888, 6, 321]"
167,55,288,1177,0.0009096507584481455,3.6000000000176516e-07,3,"[1, 5, 6]","[5936, 11, 322]"
168,55,288,1177,0.0009107007584481506,1.0500000000051484e-06,3,"[1, 5, 6]","[5831, 20, 268]"
169,55,288,1178,0.0009085479398239747,0.0009085479398239747,3,"[1, 5, 6]","[5944, 418, 2]"
170,55,288,1178,0.0009089079398239765,3.6000000000176516e-07,3,"[1, 5, 6]","[5783, 526, 1]"
171,55,288,1178,0.0009091879398239779,2.800000000013729e-07,3,"[1, 5, 6]","[5565, 600, 3]"
172,55,288,1178,0.0009094679398239792,2.800000000013729e-07,3,"[1, 5, 6]","[5611, 600, 2]"
173,55,288,1178,0.0009097979398239808,3.3000000000161806e-07,3,"[1, 5, 6]","[5491, 710, 3]"
174,55,288,1178,0.0009104579398239841,6.600000000032361e-07,3,"[1, 5, 6]","[5474, 799, 1]"
175,55,288,1179,0.0009087529759446399,0.0009087529759446399,2,"[1, 5]","[5856, 506]"
176,55,288,1179,0.0009091229759446417,3.700000000018142e-07,2,"[1, 5]","[5898, 450]"
177,55,288,1179,0.0009094129759446431,2.9000000000142193e-07,2,"[1, 5]","[5597, 462]"
178,55,288,1179,0.0009097229759446446,3.1000000000152e-07,2,"[1, 5]","[5848, 455]"
179,55,288,1179,0.0009101229759446466,4.000000000019613e-07,2,"[1, 5]","[5743, 497]"
180,55,288,1180,0.0009089510305775484,0.0009089510305775484,3,"[1, 4, 5]","[6361, 6, 6]"
181,55,288,1180,0.0009093210305775502,3.700000000018142e-07,3,"[1, 4, 5]","[6123, 15, 1]"
182,55,288,1180,0.0009096410305775518,3.2000000000156903e-07,3,"[1, 4, 5]","[6375, 15, 4]"
183,55,288,1180,0.0009099610305775533,3.2000000000156903e-07,3,"[1, 4, 5]","[6069, 24, 2]"
184,55,288,1180,0.0009104410305775557,4.800000000023535e-07,2,"[1, 4]","[6248, 34]"
185,55,288,1181,0.0009090829662443361,0.0009090829662443361,3,"[1, 3, 4]","[5751, 16, 612]"
186,55,288,1181,0.0009094429662443379,3.6000000000176516e-07,3,"[1, 3, 4]","[5678, 18, 567]"
187,55,288,1181,0.0009097329662443393,2.9000000000142193e-07,3,"[1, 3, 4]","[5660, 22, 596]"
188,55,288,1181,0.0009100229662443407,2.9000000000142193e-07,3,"[1, 3, 4]","[5514, 23, 659]"
189,55,288,1181,0.0009103829662443425,3.6000000000176516e-07,3,"[1, 3, 4]","[5502, 21, 636]"
190,55,288,1181,0.000911292966244347,9.100000000044619e-07,3,"[1, 3, 4]","[5480, 41, 721]"
191,55,288,1182,0.0009092369805789646,0.0009092369805789646,3,"[1, 3, 4]","[5397, 620, 297]"
192,55,288,1182,0.0009096069805789664,3.700000000018142e-07,3,"[1, 3, 4]","[5353, 619, 296]"
193,55,288,1182,0.0009098969805789678,2.9000000000142193e-07,3,"[1, 3, 4]","[5373, 656, 244]"
194,55,288,1182,0.0009101869805789693,2.9000000000142193e-07,3,"[1, 3, 4]","[5341, 655, 246]"
195,55,288,1182,0.000910546980578971,3.6000000000176516e-07,3,"[1, 3, 4]","[5228, 733, 228]"
196,55,288,1182,0.0009115969805789762,1.0500000000051484e-06,3,"[1, 3, 4]","[5286, 759, 170]"
197,55,288,1183,0.0009094059135012126,0.0009094059135012126,2,"[1, 3]","[5932, 325]"
198,55,288,1183,0.0009097859135012144,3.800000000018632e-07,2,"[1, 3]","[6023, 331]"
199,55,288,1183,0.000910105913501216,3.2000000000156903e-07,3,"[1, 3, 4]","[6057, 273, 2]"
200,55,288,1183,0.0009104459135012177,3.400000000016671e-07,2,"[1, 3]","[5884, 238]"
201,55,288,1183,0.0009110059135012204,5.600000000027458e-07,3,"[1, 3, 4]","[5986, 263, 1]"
202,55,288,1184,0.0009095294874234318,0.0009095294874234318,2,"[1, 3]","[6342, 1]"
203,55,288,1184,0.0009099194874234337,3.9000000000191225e-07,2,"[1, 3]","[6232, 1]"
204,55,288,1184,0.0009102594874234353,3.400000000016671e-07,1,[1],[6343]
205,55,288,1184,0.0009106394874234372,3.800000000018632e-07,1,[1],[6169]
206,55,288,1184,0.0009115494874234417,9.100000000044619e-07,2,"[1, 3]","[6171, 1]"
207,55,288,1185,0.0009095449958648594,0.0009095449958648594,1,[1],[6257]
208,55,288,1185,0.0009099349958648613,3.9000000000191225e-07,1,[1],[6285]
209,55,288,1185,0.0009102549958648629,3.2000000000156903e-07,1,[1],[6240]
210,55,288,1185,0.0009106049958648646,3.500000000017161e-07,1,[1],[6242]
211,55,288,1185,0.0009112149958648676,6.10000000002991e-07,1,[1],[6266]
212,55,288,1186,0.000909568539108601,0.000909568539108601,2,"[1, 2]","[6295, 11]"
213,55,288,1186,0.0009099585391086029,3.9000000000191225e-07,2,"[1, 2]","[6341, 11]"
214,55,288,1186,0.0009102685391086044,3.1000000000152e-07,2,"[1, 2]","[6097, 6]"
215,55,288,1186,0.0009106185391086061,3.500000000017161e-07,2,"[1, 2]","[6233, 8]"
216,55,288,1186,0.0009112185391086091,6.000000000029419e-07,2,"[1, 2]","[6307, 10]"
217,55,288,1187,0.0009095641180805701,0.0009095641180805701,2,"[1, 2]","[5952, 414]"
218,55,288,1187,0.0009099241180805719,3.6000000000176516e-07,2,"[1, 2]","[5701, 476]"
219,55,288,1187,0.0009102341180805734,3.1000000000152e-07,2,"[1, 2]","[5875, 522]"
220,55,288,1187,0.0009105441180805749,3.1000000000152e-07,2,"[1, 2]","[5687, 516]"
221,55,288,1187,0.0009109441180805769,4.000000000019613e-07,2,"[1, 2]","[5633, 535]"
222,55,288,1188,0.0009098978756735271,0.0009098978756735271,2,"[1, 2]","[5724, 626]"
223,55,288,1188,0.0009104478756735298,5.500000000026968e-07,2,"[1, 2]","[5509, 682]"
224,55,288,1188,0.0009114378756735346,9.900000000048542e-07,2,"[1, 2]","[5499, 725]"
225,55,289,1152,0.0009082450930647776,0.0009082450930647776,2,"[8, 9]","[66, 6218]"
226,55,289,1152,0.000910375093064788,2.130000000010444e-06,2,"[8, 9]","[1432, 4789]"
227,55,289,1153,0.0009082910295378228,0.0009082910295378228,3,"[1, 8, 9]","[2, 891, 5431]"
228,55,289,1153,0.0009089310295378259,6.400000000031381e-07,3,"[1, 8, 9]","[8, 2082, 4182]"
229,55,289,1153,0.0009094910295378287,5.600000000027458e-07,2,"[8, 9]","[2452, 3754]"
230,55,289,1153,0.000911191029537837,1.7000000000083355e-06,2,"[8, 9]","[2365, 3834]"
231,55,289,1154,0.0009082334083925347,0.0009082334083925347,3,"[1, 8, 9]","[2429, 3161, 699]"
232,55,289,1154,0.000908703408392537,4.700000000023045e-07,3,"[1, 8, 9]","[1738, 3483, 1066]"
233,55,289,1154,0.0009091334083925391,4.300000000021084e-07,3,"[1, 8, 9]","[1282, 3549, 1431]"
234,55,289,1154,0.0009097634083925422,6.30000000003089e-07,3,"[1, 8, 9]","[834, 3427, 1964]"
235,55,289,1155,0.0009075639323522628,0.0009075639323522628,3,"[1, 8, 9]","[5921, 335, 2]"
236,55,289,1155,0.0009078639323522643,3.0000000000147097e-07,3,"[1, 8, 9]","[5914, 397, 7]"
237,55,289,1155,0.0009080839323522653,2.200000000010787e-07,3,"[1, 8, 9]","[5768, 442, 14]"
238,55,289,1155,0.0009082739323522663,1.900000000009316e-07,3,"[1, 8, 9]","[5968, 493, 13]"
239,55,289,1155,0.0009084439323522671,1.7000000000083355e-07,3,"[1, 8, 9]","[5563, 524, 15]"
240,55,289,1155,0.000908623932352268,1.8000000000088258e-07,3,"[1, 8, 9]","[5703, 553, 20]"
241,55,289,1155,0.000908823932352269,2.0000000000098064e-07,3,"[1, 8, 9]","[5639, 648, 29]"
242,55,289,1155,0.0009090639323522701,2.4000000000117677e-07,3,"[1, 8, 9]","[5515, 671, 28]"
243,55,289,1155,0.0009094239323522719,3.6000000000176516e-07,3,"[1, 8, 9]","[5402, 722, 34]"
244,55,289,1156,0.0009075039988229773,0.0009075039988229773,2,"[1, 8]","[6275, 3]"
245,55,289,1156,0.0009078439988229789,3.400000000016671e-07,2,"[1, 8]","[6429, 6]"
246,55,289,1156,0.0009080939988229802,2.500000000012258e-07,2,"[1, 8]","[6156, 5]"
247,55,289,1156,0.0009083339988229813,2.4000000000117677e-07,2,"[1, 8]","[6358, 9]"
248,55,289,1156,0.0009085739988229825,2.4000000000117677e-07,2,"[1, 8]","[6061, 11]"
249,55,289,1156,0.000908873998822984,3.0000000000147097e-07,2,"[1, 8]","[6292, 15]"
250,55,289,1156,0.0009094139988229866,5.400000000026477e-07,2,"[1, 8]","[6180, 14]"
251,55,289,1157,0.0009076030727389269,0.0009076030727389269,1,[1],[6323]
252,55,289,1157,0.0009081030727389293,5.000000000024516e-07,1,[1],[6296]
253,55,289,1157,0.000908643072738932,5.400000000026477e-07,1,[1],[6142]
254,55,289,1158,0.0009078210404287765,0.0009078210404287765,1,[1],[6288]
255,55,289,1159,0.000908475061994178,0.000908475061994178,1,[1],[6273]
256,55,290,1151,0.0009102718632075183,0.0009102718632075183,2,"[8, 9]","[6125, 148]"
257,55,290,1152,0.0009082563251428635,0.0009082563251428635,2,"[8, 9]","[409, 5860]"
258,55,290,1152,0.0009090563251428674,8.000000000039226e-07,2,"[8, 9]","[3052, 3237]"
259,55,290,1152,0.0009096263251428702,5.700000000027948e-07,2,"[8, 9]","[5076, 1193]"
260,55,290,1152,0.0009102563251428733,6.30000000003089e-07,2,"[8, 9]","[5762, 419]"
261,55,290,1153,0.0009083000311326957,0.0009083000311326957,2,"[8, 9]","[1317, 4999]"
262,55,290,1153,0.0009088400311326984,5.400000000026477e-07,2,"[8, 9]","[2914, 3338]"
263,55,290,1153,0.0009092500311327004,4.100000000020103e-07,2,"[8, 9]","[3579, 2664]"
264,55,290,1153,0.0009097000311327026,4.5000000000220645e-07,2,"[8, 9]","[3965, 2344]"
265,55,290,1153,0.000910590031132707,8.900000000043639e-07,3,"[1, 8, 9]","[1, 4133, 1996]"
266,55,290,1154,0.0009091034927748863,0.0009091034927748863,3,"[1, 8, 9]","[364, 4157, 1771]"
267,55,291,1149,0.0009110428657464159,0.0009110428657464159,1,[8],[6288]
268,55,291,1150,0.0009103049514170511,0.0009103049514170511,1,[8],[6309]
269,55,291,1150,0.000910914951417054,6.10000000002991e-07,1,[8],[6205]
270,55,291,1151,0.0009100814397227851,0.0009100814397227851,2,"[8, 9]","[6289, 3]"
271,55,291,1151,0.0009109314397227892,8.500000000041677e-07,1,[8],[6252]
272,55,292,1147,0.0009118141794551453,0.0009118141794551453,1,[8],[6282]
273,55,292,1147,0.0009128941794551506,1.0800000000052955e-06,1,[8],[6222]
274,55,292,1148,0.0009112090424800246,0.0009112090424800246,1,[8],[6260]
275,55,292,1148,0.0009118190424800275,6.10000000002991e-07,1,[8],[6302]
276,55,292,1148,0.000913329042480035,1.5100000000074039e-06,1,[8],[6193]
277,55,292,1149,0.0009111040753128072,0.0009111040753128072,1,[8],[6285]
278,55,292,1149,0.0009123640753128134,1.260000000006178e-06,1,[8],[6234]
279,55,293,1145,0.0009126288884795801,0.0009126288884795801,1,[8],[6304]
280,55,293,1145,0.0009134388884795841,8.100000000039716e-07,1,[8],[6230]
281,55,293,1146,0.0009121453128553256,0.0009121453128553256,1,[8],[6327]
282,55,293,1146,0.0009127653128553286,6.2000000000304e-07,1,[8],[6203]
283,55,293,1147,0.0009121853239155462,0.0009121853239155462,1,[8],[6317]
284,55,294,1142,0.0009147218756410487,0.0009147218756410487,1,[8],[6285]
285,55,294,1143,0.0009135019787246811,0.0009135019787246811,1,[8],[6328]
286,55,294,1143,0.0009142119787246846,7.100000000034813e-07,1,[8],[6230]
287,55,294,1144,0.0009131069408420198,0.0009131069408420198,1,[8],[6321]
288,55,294,1144,0.0009137569408420229,6.500000000031871e-07,1,[8],[6240]
289,55,294,1145,0.0009133132602916359,0.0009133132602916359,1,[8],[6285]
290,55,295,1140,0.0009154143082357166,0.0009154143082357166,1,[8],[6255]
291,55,295,1141,0.0009144693240225444,0.0009144693240225444,1,[8],[6284]
292,55,295,1141,0.000915209324022548,7.400000000036284e-07,1,[8],[6270]
293,55,295,1142,0.0009140604943510805,0.0009140604943510805,1,[8],[6267]
294,55,295,1142,0.0009148004943510842,7.400000000036284e-07,1,[8],[6263]
295,55,295,1143,0.000914589003029152,0.000914589003029152,1,[8],[6269]
296,55,296,1138,0.0009164683835380828,0.0009164683835380828,1,[8],[6290]
297,55,296,1139,0.0009154783490740191,0.0009154783490740191,1,[8],[6315]
298,55,296,1139,0.0009160983490740221,6.2000000000304e-07,1,[8],[6192]
299,55,296,1139,0.0009173583490740283,1.260000000006178e-06,1,[8],[6252]
300,55,296,1140,0.0009151171466596326,0.0009151171466596326,1,[8],[6262]
301,55,296,1140,0.0009158771466596363,7.600000000037264e-07,1,[8],[6288]
302,55,297,1136,0.0009174561371878634,0.0009174561371878634,4,"[8, 10, 160, 161]","[5715, 359, 187, 2]"
303,55,297,1136,0.0009189261371878706,1.4700000000072077e-06,4,"[8, 10, 160, 161]","[4950, 918, 359, 14]"
304,55,297,1137,0.0009166179494857376,0.0009166179494857376,3,"[8, 10, 160]","[6265, 1, 2]"
305,55,297,1137,0.0009172379494857407,6.2000000000304e-07,3,"[8, 10, 160]","[6255, 7, 1]"
306,55,297,1137,0.000918327949485746,1.0900000000053445e-06,3,"[8, 10, 160]","[6211, 17, 8]"
307,55,297,1138,0.0009163147303006767,0.0009163147303006767,1,[8],[6275]
308,55,297,1138,0.0009170847303006805,7.700000000037755e-07,1,[8],[6271]
309,55,298,1134,0.00091858731714399,0.00091858731714399,4,"[8, 10, 160, 161]","[5561, 588, 19, 90]"
310,55,298,1135,0.0009173670176629196,0.0009173670176629196,4,"[8, 10, 160, 161]","[2750, 2622, 787, 212]"
311,55,298,1135,0.0009177370176629214,3.700000000018142e-07,4,"[8, 10, 160, 161]","[2658, 2697, 568, 285]"
312,55,298,1135,0.0009180170176629228,2.800000000013729e-07,4,"[8, 10, 160, 161]","[2695, 2614, 486, 415]"
313,55,298,1135,0.0009182870176629241,2.7000000000132387e-07,4,"[8, 10, 160, 161]","[2673, 2689, 391, 486]"
314,55,298,1135,0.0009186070176629257,3.2000000000156903e-07,4,"[8, 10, 160, 161]","[2693, 2761, 338, 570]"
315,55,298,1135,0.000919077017662928,4.700000000023045e-07,4,"[8, 10, 160, 161]","[2587, 2583, 254, 762]"
316,55,298,1136,0.000917252936009429,0.000917252936009429,4,"[8, 10, 160, 161]","[4135, 1323, 804, 40]"
317,55,298,1136,0.0009177129360094312,4.600000000022555e-07,4,"[8, 10, 160, 161]","[3324, 1870, 936, 91]"
318,55,298,1136,0.0009181329360094333,4.2000000000205935e-07,4,"[8, 10, 160, 161]","[2961, 2152, 980, 168]"
319,55,298,1136,0.0009187329360094362,6.000000000029419e-07,4,"[8, 10, 160, 161]","[2414, 2583, 945, 319]"
320,55,299,1132,0.0009197191107558726,0.0009197191107558726,1,[8],[6256]
321,55,299,1133,0.0009189008537806271,0.0009189008537806271,1,[8],[6317]
322,55,299,1133,0.0009195608537806303,6.600000000032361e-07,1,[8],[6221]
323,55,299,1134,0.0009186323322610726,0.0009186323322610726,4,"[8, 10, 160, 161]","[5866, 363, 3, 48]"
324,55,299,1134,0.0009197023322610778,1.0700000000052464e-06,3,"[8, 10, 161]","[6130, 79, 36]"
325,55,299,1135,0.0009181127251566454,0.0009181127251566454,4,"[8, 10, 160, 161]","[1690, 3764, 187, 666]"
326,55,299,1135,0.0009191327251566504,1.0200000000050013e-06,4,"[8, 10, 160, 161]","[2131, 2985, 87, 1004]"
327,55,300,1130,0.0009208111072973696,0.0009208111072973696,1,[8],[6310]
328,55,300,1131,0.0009199753744038162,0.0009199753744038162,1,[8],[6311]
329,55,300,1131,0.0009206253744038194,6.500000000031871e-07,1,[8],[6219]
330,55,300,1132,0.0009197763378988519,0.0009197763378988519,1,[8],[6277]
331,55,300,1132,0.0009211163378988585,1.3400000000065703e-06,1,[8],[6226]
332,55,301,1128,0.000921815180234194,0.000921815180234194,2,"[8, 11]","[6092, 202]"
333,55,301,1129,0.0009210549918008175,0.0009210549918008175,1,[8],[6280]
334,55,301,1129,0.0009217349918008208,6.800000000033342e-07,1,[8],[6318]
335,55,301,1130,0.0009208949988194122,0.0009208949988194122,1,[8],[6315]
336,55,301,1130,0.0009230649988194228,2.17000000001064e-06,1,[8],[6185]
337,55,302,1126,0.0009229709844768701,0.0009229709844768701,2,"[8, 11]","[6217, 52]"
338,55,302,1126,0.0009245209844768777,1.5500000000076e-06,2,"[8, 11]","[6229, 5]"
339,55,302,1127,0.0009219892585867312,0.0009219892585867312,2,"[8, 11]","[4652, 1641]"
340,55,302,1127,0.000922549258586734,5.600000000027458e-07,2,"[8, 11]","[5046, 1215]"
341,55,302,1127,0.0009232092585867372,6.600000000032361e-07,2,"[8, 11]","[5392, 808]"
342,55,302,1128,0.0009218754223821253,0.0009218754223821253,2,"[8, 11]","[5355, 907]"
343,55,302,1128,0.0009227954223821298,9.20000000004511e-07,2,"[8, 11]","[4991, 1271]"
344,55,303,1124,0.0009242311019112134,0.0009242311019112134,1,[8],[6305]
345,55,303,1124,0.0009254911019112196,1.260000000006178e-06,1,[8],[6205]
346,55,303,1125,0.0009234383262932657,0.0009234383262932657,1,[8],[6265]
347,55,303,1125,0.0009240683262932688,6.30000000003089e-07,1,[8],[6241]
348,55,303,1126,0.0009232180766909218,0.0009232180766909218,2,"[8, 11]","[6293, 2]"
349,55,303,1126,0.0009249380766909302,1.7200000000084335e-06,1,[8],[6205]
350,55,304,1122,0.000925502010279803,0.000925502010279803,1,[8],[6322]
351,55,304,1122,0.0009266620102798087,1.1600000000056877e-06,1,[8],[6198]
352,55,304,1123,0.000924717460236128,0.000924717460236128,1,[8],[6289]
353,55,304,1123,0.0009253674602361312,6.500000000031871e-07,1,[8],[6259]
354,55,304,1124,0.000924557188511967,0.000924557188511967,1,[8],[6317]
355,55,305,1120,0.0009267725333268312,0.0009267725333268312,2,"[8, 12]","[6289, 3]"
356,55,305,1120,0.0009278325333268364,1.0600000000051974e-06,2,"[8, 12]","[6198, 11]"
357,55,305,1121,0.0009260202655341593,0.0009260202655341593,1,[8],[6270]
358,55,305,1121,0.0009266602655341624,6.400000000031381e-07,1,[8],[6243]
359,55,305,1122,0.0009258508974089992,0.0009258508974089992,1,[8],[6266]
360,55,306,1118,0.0009280341413992026,0.0009280341413992026,2,"[8, 12]","[5495, 790]"
361,55,306,1118,0.0009288941413992068,8.600000000042168e-07,2,"[8, 12]","[6008, 238]"
362,55,306,1119,0.000927219897384605,0.000927219897384605,2,"[8, 12]","[5173, 1120]"
363,55,306,1119,0.0009277798973846077,5.600000000027458e-07,2,"[8, 12]","[5093, 1161]"
364,55,306,1119,0.0009284898973846112,7.100000000034813e-07,2,"[8, 12]","[5132, 1112]"
365,55,306,1120,0.0009271859618514574,0.0009271859618514574,2,"[8, 12]","[6205, 77]"
366,55,307,1116,0.0009297493369750918,0.0009297493369750918,1,[8],[6331]
367,55,307,1116,0.0009305893369750959,8.400000000041187e-07,1,[8],[6202]
368,55,307,1117,0.0009289089112763388,0.0009289089112763388,1,[8],[6256]
369,55,307,1117,0.000929568911276342,6.600000000032361e-07,1,[8],[6290]
370,55,307,1117,0.0009309689112763489,1.4000000000068645e-06,1,[8],[6208]
371,55,307,1118,0.0009286967409108622,0.0009286967409108622,2,"[8, 12]","[6143, 124]"
372,55,308,1113,0.0009334614775581759,0.0009334614775581759,1,[8],[6255]
373,55,308,1114,0.0009313605684575443,0.0009313605684575443,1,[8],[6266]
374,55,308,1114,0.0009321605684575482,8.000000000039226e-07,1,[8],[6255]
375,55,308,1115,0.0009306034993850541,0.0009306034993850541,1,[8],[6287]
376,55,308,1115,0.0009312734993850574,6.700000000032852e-07,1,[8],[6226]
377,55,308,1116,0.0009304747643099222,0.0009304747643099222,1,[8],[6257]
378,55,309,1111,0.0009344025415212133,0.0009344025415212133,2,"[8, 13]","[5165, 1092]"
379,55,309,1112,0.0009330017446771561,0.0009330017446771561,2,"[8, 13]","[6244, 16]"
380,55,309,1112,0.0009337517446771598,7.500000000036774e-07,2,"[8, 13]","[6208, 57]"
381,55,309,1113,0.000932285522840736,0.000932285522840736,1,[8],[6299]
382,55,309,1113,0.0009329755228407394,6.900000000033832e-07,1,[8],[6263]
383,55,309,1114,0.0009322763399122626,0.0009322763399122626,1,[8],[6286]
384,55,310,1109,0.0009359360950975519,0.0009359360950975519,2,"[8, 13]","[6253, 1]"
385,55,310,1110,0.0009346264859697005,0.0009346264859697005,2,"[8, 13]","[6028, 241]"
386,55,310,1110,0.0009352864859697037,6.600000000032361e-07,2,"[8, 13]","[6220, 56]"
387,55,310,1110,0.0009362464859697084,9.60000000004707e-07,2,"[8, 13]","[6219, 9]"
388,55,310,1111,0.000933871875935856,0.000933871875935856,2,"[8, 13]","[5185, 1114]"
389,55,310,1111,0.000934481875935859,6.10000000002991e-07,2,"[8, 13]","[5129, 1147]"
390,55,310,1111,0.000935281875935863,8.000000000039226e-07,2,"[8, 13]","[5246, 943]"
391,55,310,1112,0.0009340836493413613,0.0009340836493413613,2,"[8, 13]","[6018, 262]"
392,55,311,1107,0.0009375311381699346,0.0009375311381699346,1,[8],[6313]
393,55,311,1107,0.0009387011381699403,1.1700000000057368e-06,1,[8],[6208]
394,55,311,1108,0.0009364622407066973,0.0009364622407066973,1,[8],[6324]
395,55,311,1108,0.0009370722407067003,6.10000000002991e-07,1,[8],[6241]
396,55,311,1108,0.0009379022407067044,8.300000000040697e-07,1,[8],[6213]
397,55,311,1109,0.000935855941450386,0.000935855941450386,1,[8],[6297]
398,55,311,1109,0.00093665594145039,8.000000000039226e-07,1,[8],[6274]
399,55,311,1110,0.0009363777804916087,0.0009363777804916087,2,"[8, 13]","[6248, 8]"
400,55,312,1104,0.0009411924113409646,0.0009411924113409646,1,[8],[6250]
401,55,312,1105,0.000939202999443779,0.000939202999443779,1,[8],[6281]
402,55,312,1105,0.0009399929994437829,7.900000000038735e-07,1,[8],[6223]
403,55,312,1106,0.0009382657957802909,0.0009382657957802909,1,[8],[6323]
404,55,312,1106,0.000938885795780294,6.2000000000304e-07,1,[8],[6236]
405,55,312,1106,0.000939715795780298,8.300000000040697e-07,1,[8],[6214]
406,55,312,1107,0.0009378062662271314,0.0009378062662271314,1,[8],[6301]
407,55,312,1107,0.0009389062662271368,1.1000000000053935e-06,1,[8],[6210]
408,55,313,1102,0.0009423374065094618,0.0009423374065094618,1,[8],[6289]
409,55,313,1103,0.0009409887550243743,0.0009409887550243743,1,[8],[6283]
410,55,313,1103,0.000941748755024378,7.600000000037264e-07,1,[8],[6295]
411,55,313,1104,0.0009401381718510725,0.0009401381718510725,1,[8],[6251]
412,55,313,1104,0.0009407981718510758,6.600000000032361e-07,1,[8],[6328]
413,55,313,1104,0.0009420581718510819,1.260000000006178e-06,1,[8],[6191]
414,55,313,1105,0.0009398988216370053,0.0009398988216370053,1,[8],[6304]
415,55,314,1100,0.0009436199054390004,0.0009436199054390004,1,[8],[6259]
416,55,314,1101,0.0009425579089218782,0.0009425579089218782,1,[8],[6304]
417,55,314,1101,0.0009432079089218814,6.500000000031871e-07,1,[8],[6291]
418,55,314,1101,0.0009442979089218867,1.0900000000053445e-06,1,[8],[6164]
419,55,314,1102,0.0009419866709002125,0.0009419866709002125,1,[8],[6296]
420,55,314,1102,0.0009427666709002163,7.800000000038245e-07,1,[8],[6242]
421,55,314,1103,0.0009423431110588923,0.0009423431110588923,1,[8],[6272]
422,55,315,1097,0.0009475022775335053,0.0009475022775335053,2,"[8, 14]","[6068, 187]"
423,55,315,1098,0.0009451070759065564,0.0009451070759065564,1,[8],[6323]
424,55,315,1098,0.0009459870759065607,8.800000000043148e-07,1,[8],[6226]
425,55,315,1099,0.0009442385993504619,0.0009442385993504619,1,[8],[6337]
426,55,315,1099,0.000944878599350465,6.400000000031381e-07,1,[8],[6212]
427,55,315,1099,0.0009459985993504705,1.1200000000054916e-06,1,[8],[6207]
428,55,315,1100,0.0009437844102994521,0.0009437844102994521,1,[8],[6259]
429,55,315,1100,0.0009448844102994575,1.1000000000053935e-06,1,[8],[6248]
430,55,316,1095,0.0009479564780297622,0.0009479564780297622,2,"[8, 14]","[6055, 201]"
431,55,316,1096,0.0009463913414069161,0.0009463913414069161,2,"[8, 14]","[3972, 2383]"
432,55,316,1096,0.0009469213414069187,5.300000000025987e-07,2,"[8, 14]","[4407, 1865]"
433,55,316,1096,0.0009474913414069215,5.700000000027948e-07,2,"[8, 14]","[4782, 1355]"
434,55,316,1097,0.000945885077776476,0.000945885077776476,2,"[8, 14]","[5858, 399]"
435,55,316,1097,0.0009464950777764789,6.10000000002991e-07,2,"[8, 14]","[5563, 764]"
436,55,316,1097,0.0009472650777764827,7.700000000037755e-07,2,"[8, 14]","[5161, 1024]"
437,55,316,1098,0.0009457155148598273,0.0009457155148598273,2,"[8, 14]","[6267, 1]"
438,55,317,1093,0.0009494224643574069,0.0009494224643574069,1,[8],[6290]
439,55,317,1094,0.0009482712852679961,0.0009482712852679961,1,[8],[6280]
440,55,317,1094,0.0009489012852679992,6.30000000003089e-07,1,[8],[6242]
441,55,317,1094,0.0009498012852680036,9.000000000044129e-07,1,[8],[6255]
442,55,317,1095,0.0009476440890180434,0.0009476440890180434,2,"[8, 14]","[6292, 43]"
443,55,317,1095,0.0009483540890180468,7.100000000034813e-07,2,"[8, 14]","[6204, 5]"
444,55,317,1096,0.0009474943566932835,0.0009474943566932835,2,"[8, 14]","[5040, 1236]"
445,55,318,1091,0.0009509247953543331,0.0009509247953543331,2,"[8, 15]","[6299, 1]"
446,55,318,1091,0.0009518647953543377,9.40000000004609e-07,1,[8],[6227]
447,55,318,1092,0.0009499655818999705,0.0009499655818999705,1,[8],[6280]
448,55,318,1092,0.0009505755818999735,6.10000000002991e-07,1,[8],[6230]
449,55,318,1092,0.0009513955818999775,8.200000000040206e-07,1,[8],[6254]
450,55,318,1093,0.000949472208848586,0.000949472208848586,1,[8],[6306]
451,55,318,1093,0.0009503322088485902,8.600000000042168e-07,1,[8],[6243]
452,55,319,1088,0.0009544335610692022,0.0009544335610692022,3,"[8, 15, 16]","[5819, 65, 379]"
453,55,319,1089,0.0009521857555521535,0.0009521857555521535,3,"[8, 15, 16]","[3619, 2234, 420]"
454,55,319,1089,0.000952695755552156,5.100000000025006e-07,3,"[8, 15, 16]","[3761, 1867, 706]"
455,55,319,1089,0.0009531757555521584,4.800000000023535e-07,3,"[8, 15, 16]","[3962, 1408, 825]"
456,55,319,1089,0.0009540557555521627,8.800000000043148e-07,3,"[8, 15, 16]","[4384, 928, 912]"
457,55,319,1090,0.000951633312905697,0.000951633312905697,3,"[8, 15, 16]","[5472, 786, 15]"
458,55,319,1090,0.0009521433129056995,5.100000000025006e-07,3,"[8, 15, 16]","[4840, 1395, 43]"
459,55,319,1090,0.000952643312905702,5.000000000024516e-07,3,"[8, 15, 16]","[4376, 1845, 85]"
460,55,319,1090,0.0009534433129057059,8.000000000039226e-07,3,"[8, 15, 16]","[3949, 2035, 181]"
461,55,319,1091,0.0009513579953471462,0.0009513579953471462,2,"[8, 15]","[6295, 3]"
462,55,319,1091,0.0009527979953471532,1.4400000000070606e-06,2,"[8, 15]","[6160, 58]"
463,55,320,1086,0.0009556736036608116,0.0009556736036608116,2,"[8, 17]","[5673, 579]"
464,55,320,1087,0.000954298513545431,0.000954298513545431,1,[8],[6296]
465,55,320,1087,0.0009550385135454347,7.400000000036284e-07,2,"[8, 17]","[6253, 2]"
466,55,320,1088,0.0009534930237805601,0.0009534930237805601,3,"[8, 15, 16]","[6081, 24, 222]"
467,55,320,1088,0.0009541930237805636,7.000000000034323e-07,3,"[8, 15, 16]","[6218, 1, 35]"
468,55,320,1088,0.0009558330237805716,1.6400000000080413e-06,2,"[8, 16]","[6158, 13]"
469,55,320,1089,0.000952811501061823,0.000952811501061823,3,"[8, 15, 16]","[3566, 1730, 977]"
470,55,320,1089,0.0009537915010618278,9.800000000048052e-07,3,"[8, 15, 16]","[4582, 732, 954]"
471,55,321,1084,0.0009570116219063584,0.0009570116219063584,2,"[8, 17]","[6251, 15]"
472,55,321,1084,0.0009586316219063663,1.6200000000079432e-06,2,"[8, 17]","[6235, 1]"
473,55,321,1085,0.0009557846253336447,0.0009557846253336447,2,"[8, 17]","[5024, 1325]"
474,55,321,1085,0.0009563346253336474,5.500000000026968e-07,2,"[8, 17]","[5514, 727]"
475,55,321,1085,0.0009569146253336502,5.800000000028439e-07,2,"[8, 17]","[5783, 451]"
476,55,321,1086,0.0009552435387924426,0.0009552435387924426,2,"[8, 17]","[5344, 927]"
477,55,321,1086,0.0009558335387924455,5.900000000028929e-07,2,"[8, 17]","[5027, 1311]"
478,55,321,1086,0.0009564835387924486,6.500000000031871e-07,2,"[8, 17]","[4813, 1337]"
479,55,321,1087,0.0009555006893590832,0.0009555006893590832,2,"[8, 17]","[6246, 41]"
480,55,322,1081,0.0009603060736548743,0.0009603060736548743,2,"[8, 18]","[4808, 1462]"
481,55,322,1082,0.000958500458539203,0.000958500458539203,2,"[8, 18]","[6275, 10]"
482,55,322,1082,0.0009593504585392071,8.500000000041677e-07,2,"[8, 18]","[6156, 59]"
483,55,322,1083,0.0009575607144593275,0.0009575607144593275,1,[8],[6346]
484,55,322,1083,0.0009581107144593302,5.500000000026968e-07,1,[8],[6248]
485,55,322,1083,0.0009587407144593333,6.30000000003089e-07,1,[8],[6190]
486,55,322,1084,0.0009570298294643206,0.0009570298294643206,2,"[8, 17]","[6320, 2]"
487,55,322,1084,0.0009577498294643241,7.200000000035303e-07,1,[8],[6218]
488,55,322,1085,0.0009575792053609016,0.0009575792053609016,2,"[8, 17]","[6111, 153]"
489,55,323,1079,0.000961586547481,0.000961586547481,6,"[8, 18, 19, 20, 156, 157]","[5415, 3, 821, 1, 12, 1]"
490,55,323,1080,0.0009599288624826391,0.0009599288624826391,4,"[8, 18, 19, 157]","[5084, 910, 276, 1]"
491,55,323,1080,0.000960518862482642,5.900000000028929e-07,5,"[8, 18, 19, 156, 157]","[5086, 548, 630, 9, 1]"
492,55,323,1080,0.0009611788624826452,6.600000000032361e-07,5,"[8, 18, 19, 156, 157]","[4923, 333, 934, 14, 4]"
493,55,323,1081,0.0009590634757684593,0.0009590634757684593,3,"[8, 18, 19]","[4866, 1451, 2]"
494,55,323,1081,0.0009595034757684614,4.400000000021574e-07,3,"[8, 18, 19]","[4187, 2078, 5]"
495,55,323,1081,0.0009598634757684632,3.6000000000176516e-07,3,"[8, 18, 19]","[3890, 2291, 6]"
496,55,323,1081,0.0009602634757684651,4.000000000019613e-07,3,"[8, 18, 19]","[3685, 2589, 12]"
497,55,323,1081,0.0009608934757684682,6.30000000003089e-07,3,"[8, 18, 19]","[3483, 2664, 43]"
498,55,323,1082,0.0009588404926524761,0.0009588404926524761,2,"[8, 18]","[6121, 145]"
499,55,323,1082,0.0009597304926524804,8.900000000043639e-07,2,"[8, 18]","[5718, 518]"
500,55,324,1077,0.0009628531871859321,0.0009628531871859321,2,"[8, 20]","[5132, 1146]"
501,55,324,1078,0.0009616327703398279,0.0009616327703398279,2,"[8, 20]","[5755, 551]"
502,55,324,1078,0.0009622127703398307,5.800000000028439e-07,3,"[8, 19, 20]","[5347, 1, 925]"
503,55,324,1078,0.000962872770339834,6.600000000032361e-07,2,"[8, 20]","[5025, 1203]"
504,55,324,1079,0.0009609170277800071,0.0009609170277800071,5,"[8, 18, 19, 20, 156]","[5759, 1, 525, 4, 5]"
505,55,324,1079,0.00096150702778001,5.900000000028929e-07,5,"[8, 19, 20, 156, 157]","[5908, 292, 19, 1, 1]"
506,55,324,1079,0.0009622270277800135,7.200000000035303e-07,4,"[8, 19, 20, 156]","[6067, 153, 43, 1]"
507,55,324,1080,0.0009606240136485752,0.0009606240136485752,4,"[8, 18, 19, 156]","[5154, 165, 979, 13]"
508,55,324,1080,0.0009616940136485804,1.0700000000052464e-06,5,"[8, 18, 19, 156, 157]","[4755, 37, 1389, 13, 2]"
509,55,325,1075,0.0009644521056908977,0.0009644521056908977,2,"[8, 21]","[5080, 1230]"
510,55,325,1075,0.0009660321056909055,1.580000000007747e-06,2,"[8, 21]","[4542, 1648]"
511,55,325,1076,0.0009633312418573728,0.0009633312418573728,3,"[8, 20, 21]","[6340, 4, 2]"
512,55,325,1076,0.0009639512418573758,6.2000000000304e-07,2,"[8, 21]","[6190, 8]"
513,55,325,1076,0.0009647512418573797,8.000000000039226e-07,2,"[8, 21]","[6193, 24]"
514,55,325,1077,0.0009625775743449741,0.0009625775743449741,2,"[8, 20]","[5617, 693]"
515,55,325,1077,0.000963167574344977,5.900000000028929e-07,2,"[8, 20]","[5930, 264]"
516,55,325,1077,0.0009638975743449806,7.300000000035793e-07,2,"[8, 20]","[6165, 120]"
517,55,325,1078,0.0009624074929112737,0.0009624074929112737,2,"[8, 20]","[4833, 1464]"
518,55,326,1073,0.000966067407358296,0.000966067407358296,2,"[8, 21]","[6241, 63]"
519,55,326,1073,0.0009672674073583019,1.2000000000058839e-06,1,[8],[6217]
520,55,326,1074,0.000964567569390491,0.000964567569390491,2,"[8, 21]","[2884, 3374]"
521,55,326,1074,0.0009650875693904935,5.200000000025497e-07,2,"[8, 21]","[4383, 1974]"
522,55,326,1074,0.0009655575693904958,4.700000000023045e-07,2,"[8, 21]","[5043, 1212]"
523,55,326,1074,0.0009661275693904986,5.700000000027948e-07,2,"[8, 21]","[5538, 601]"
524,55,326,1075,0.0009640939352979662,0.0009640939352979662,2,"[8, 21]","[4039, 2287]"
525,55,326,1075,0.0009645539352979685,4.600000000022555e-07,2,"[8, 21]","[3927, 2273]"
526,55,326,1075,0.0009649639352979705,4.100000000020103e-07,2,"[8, 21]","[4033, 2252]"
527,55,326,1075,0.0009654539352979729,4.900000000024026e-07,2,"[8, 21]","[4180, 2063]"
528,55,326,1076,0.0009644484793838198,0.0009644484793838198,2,"[8, 21]","[6180, 76]"
529,55,327,1070,0.0009690940847848897,0.0009690940847848897,1,[8],[6250]
530,55,327,1071,0.000967473722428224,0.000967473722428224,1,[8],[6300]
531,55,327,1071,0.0009681937224282275,7.200000000035303e-07,1,[8],[6282]
532,55,327,1072,0.000966606833978967,0.000966606833978967,1,[8],[6300]
533,55,327,1072,0.0009671768339789698,5.700000000027948e-07,1,[8],[6265]
534,55,327,1072,0.0009677968339789728,6.2000000000304e-07,1,[8],[6234]
535,55,327,1073,0.0009661249797974378,0.0009661249797974378,2,"[8, 21]","[6329, 3]"
536,55,327,1073,0.0009668649797974414,7.400000000036284e-07,1,[8],[6175]
537,55,327,1074,0.0009664411924950587,0.0009664411924950587,2,"[8, 21]","[5780, 481]"
538,55,328,1068,0.000970345585196585,0.000970345585196585,3,"[8, 22, 23]","[5778, 108, 418]"
539,55,328,1068,0.0009716355851965914,1.2900000000063251e-06,3,"[8, 22, 23]","[4962, 372, 863]"
540,55,328,1069,0.0009690892052255045,0.0009690892052255045,1,[8],[6256]
541,55,328,1069,0.0009696792052255074,5.900000000028929e-07,1,[8],[6251]
542,55,328,1069,0.0009703492052255106,6.700000000032852e-07,1,[8],[6255]
543,55,328,1070,0.0009683061155271237,0.0009683061155271237,1,[8],[6335]
544,55,328,1070,0.0009688661155271265,5.600000000027458e-07,1,[8],[6194]
545,55,328,1070,0.0009694661155271294,6.000000000029419e-07,1,[8],[6226]
546,55,328,1071,0.0009680273377931039,0.0009680273377931039,1,[8],[6267]
547,55,328,1071,0.0009697073377931122,1.6800000000082374e-06,1,[8],[6234]
548,55,329,1066,0.0009720805486168864,0.0009720805486168864,3,"[8, 22, 23]","[6097, 35, 135]"
549,55,329,1066,0.0009732205486168919,1.1400000000055897e-06,3,"[8, 22, 23]","[6242, 3, 5]"
550,55,329,1067,0.000970480204939536,0.000970480204939536,3,"[8, 22, 23]","[2854, 775, 2662]"
551,55,329,1067,0.0009709602049395383,4.800000000023535e-07,3,"[8, 22, 23]","[3597, 801, 1876]"
552,55,329,1067,0.0009713702049395403,4.100000000020103e-07,3,"[8, 22, 23]","[4222, 681, 1371]"
553,55,329,1067,0.0009718202049395425,4.5000000000220645e-07,3,"[8, 22, 23]","[4796, 543, 934]"
554,55,329,1067,0.0009726302049395465,8.100000000039716e-07,3,"[8, 22, 23]","[5394, 306, 450]"
555,55,329,1068,0.0009700872740097598,0.0009700872740097598,3,"[8, 22, 23]","[5186, 346, 728]"
556,55,329,1068,0.0009705872740097622,5.000000000024516e-07,3,"[8, 22, 23]","[4660, 636, 1016]"
557,55,329,1068,0.0009710372740097644,4.5000000000220645e-07,3,"[8, 22, 23]","[4267, 822, 1101]"
558,55,329,1068,0.0009716472740097674,6.10000000002991e-07,3,"[8, 22, 23]","[4102, 1045, 1097]"
559,55,329,1069,0.0009701720357261835,0.0009701720357261835,3,"[8, 22, 23]","[6267, 2, 5]"
560,55,330,1064,0.0009738539843429531,0.0009738539843429531,1,[8],[6300]
561,55,330,1064,0.0009746939843429572,8.400000000041187e-07,1,[8],[6253]
562,55,330,1065,0.0009727973155969591,0.0009727973155969591,1,[8],[6264]
563,55,330,1065,0.000973377315596962,5.800000000028439e-07,1,[8],[6251]
564,55,330,1065,0.0009740273155969652,6.500000000031871e-07,1,[8],[6243]
565,55,330,1066,0.0009722379502690313,0.0009722379502690313,3,"[8, 22, 23]","[6280, 3, 10]"
566,55,330,1066,0.000973007950269035,7.700000000037755e-07,1,[8],[6268]
567,55,330,1067,0.0009726161559624977,0.0009726161559624977,3,"[8, 22, 23]","[5593, 320, 351]"
568,55,331,1061,0.0009774128184200739,0.0009774128184200739,1,[8],[6252]
569,55,331,1062,0.0009755777941228206,0.0009755777941228206,1,[8],[6325]
570,55,331,1062,0.0009762977941228241,7.200000000035303e-07,1,[8],[6243]
571,55,331,1063,0.0009746385198616886,0.0009746385198616886,1,[8],[6274]
572,55,331,1063,0.0009752185198616915,5.800000000028439e-07,1,[8],[6237]
573,55,331,1063,0.0009758585198616946,6.400000000031381e-07,1,[8],[6299]
574,55,331,1064,0.0009742693728358036,0.0009742693728358036,1,[8],[6317]
575,55,331,1064,0.0009752193728358083,9.500000000046581e-07,1,[8],[6195]
576,55,332,1059,0.0009792221595033954,0.0009792221595033954,1,[8],[6285]
577,55,332,1060,0.0009775936486733458,0.0009775936486733458,1,[8],[6342]
578,55,332,1060,0.000978223648673342,6.299999999962586e-07,1,[8],[6172]
579,55,332,1060,0.0009789436486733378,7.199999999957241e-07,1,[8],[6277]
580,55,332,1061,0.0009766035945975645,0.0009766035945975645,1,[8],[6273]
581,55,332,1061,0.000977183594597561,5.799999999965555e-07,1,[8],[6228]
582,55,332,1061,0.0009778235945975572,6.399999999961992e-07,1,[8],[6324]
583,55,332,1062,0.0009762427106799861,0.0009762427106799861,1,[8],[6279]
584,55,332,1062,0.00097783271067998,1.5899999999939183e-06,1,[8],[6223]
585,55,333,1057,0.0009813887676021807,0.0009813887676021807,2,"[8, 24]","[6199, 58]"
586,55,333,1057,0.0009825587676021738,1.1699999999930516e-06,2,"[8, 24]","[5872, 375]"
587,55,333,1058,0.0009798817769227743,0.0009798817769227743,1,[8],[6326]
588,55,333,1058,0.0009804817769227708,5.999999999964367e-07,1,[8],[6218]
589,55,333,1058,0.0009810717769227672,5.899999999964961e-07,2,"[8, 24]","[6265, 3]"
590,55,333,1058,0.0009825517769227585,1.4799999999912106e-06,2,"[8, 24]","[6177, 14]"
591,55,333,1059,0.0009789655926065975,0.0009789655926065975,1,[8],[6323]
592,55,333,1059,0.0009795955926065938,6.299999999962586e-07,1,[8],[6263]
593,55,333,1059,0.0009802855926065897,6.899999999959022e-07,1,[8],[6208]
594,55,333,1060,0.000978730155647529,0.000978730155647529,1,[8],[6267]
595,55,334,1054,0.000986055910604094,0.000986055910604094,2,"[8, 25]","[6107, 144]"
596,55,334,1055,0.0009834007103124646,0.0009834007103124646,2,"[8, 24]","[6304, 19]"
597,55,334,1055,0.00098417071031246,7.699999999954271e-07,2,"[8, 24]","[6223, 1]"
598,55,334,1056,0.0009821170938814688,0.0009821170938814688,2,"[8, 24]","[4963, 1291]"
599,55,334,1056,0.0009826170938814658,4.999999999970306e-07,2,"[8, 24]","[5353, 945]"
600,55,334,1056,0.0009830670938814632,4.4999999999732754e-07,2,"[8, 24]","[5614, 626]"
601,55,334,1056,0.00098361709388146,5.499999999967337e-07,2,"[8, 24]","[5881, 402]"
602,55,334,1057,0.0009814329870611758,0.0009814329870611758,2,"[8, 24]","[5925, 394]"
603,55,334,1057,0.0009820229870611723,5.899999999964961e-07,2,"[8, 24]","[5325, 903]"
604,55,334,1057,0.0009826029870611689,5.799999999965555e-07,2,"[8, 24]","[5004, 1278]"
605,55,334,1058,0.0009814198295467903,0.0009814198295467903,2,"[8, 24]","[6257, 6]"
606,55,335,1052,0.000986423308329575,0.000986423308329575,2,"[8, 25]","[6168, 128]"
607,55,335,1052,0.0009875533083295682,1.1299999999932892e-06,2,"[8, 25]","[6203, 7]"
608,55,335,1053,0.0009850479037492319,0.0009850479037492319,2,"[8, 25]","[4828, 1520]"
609,55,335,1053,0.000985527903749229,4.799999999971494e-07,2,"[8, 25]","[4863, 1387]"
610,55,335,1053,0.0009859679037492264,4.399999999973869e-07,2,"[8, 25]","[5101, 1176]"
611,55,335,1053,0.0009865079037492232,5.39999999996793e-07,2,"[8, 25]","[5363, 815]"
612,55,335,1054,0.0009842990600890447,0.0009842990600890447,2,"[8, 25]","[6156, 160]"
613,55,335,1054,0.0009848090600890417,5.099999999969712e-07,2,"[8, 25]","[5934, 383]"
614,55,335,1054,0.0009852390600890392,4.299999999974463e-07,2,"[8, 25]","[5594, 630]"
615,55,335,1054,0.000985779060089036,5.39999999996793e-07,2,"[8, 25]","[5297, 887]"
616,55,335,1055,0.0009837141284182072,0.0009837141284182072,2,"[8, 24]","[6324, 3]"
617,55,335,1055,0.000984424128418203,7.099999999957834e-07,2,"[8, 25]","[6178, 3]"
618,55,335,1055,0.0009863441284181916,1.9199999999885975e-06,2,"[8, 25]","[6219, 23]"
619,55,335,1056,0.0009841115604391777,0.0009841115604391777,2,"[8, 24]","[5923, 348]"
620,55,336,1049,0.0009891302600762656,0.0009891302600762656,2,"[8, 26]","[6173, 87]"
621,55,336,1050,0.0009877587983597104,0.0009877587983597104,2,"[8, 26]","[5369, 904]"
622,55,336,1050,0.0009882687983597074,5.099999999969712e-07,2,"[8, 26]","[5254, 1000]"
623,55,336,1050,0.0009887487983597045,4.799999999971494e-07,2,"[8, 26]","[5336, 947]"
624,55,336,1050,0.0009894487983597004,6.999999999958428e-07,2,"[8, 26]","[5495, 741]"
625,55,336,1051,0.0009869441824294025,0.0009869441824294025,2,"[8, 26]","[6208, 66]"
626,55,336,1051,0.0009874341824293996,4.8999999999709e-07,2,"[8, 26]","[6128, 189]"
627,55,336,1051,0.0009878441824293972,4.099999999975651e-07,2,"[8, 26]","[5886, 370]"
628,55,336,1051,0.0009883141824293944,4.6999999999720876e-07,2,"[8, 26]","[5655, 564]"
629,55,336,1051,0.000989544182429387,1.2299999999926953e-06,2,"[8, 26]","[5233, 952]"
630,55,336,1052,0.0009862986992827253,0.0009862986992827253,2,"[8, 25]","[6242, 38]"
631,55,336,1052,0.0009868786992827218,5.799999999965555e-07,1,[8],[6243]
632,55,336,1052,0.000987508699282718,6.299999999962586e-07,3,"[8, 25, 26]","[6301, 1, 1]"
633,55,336,1053,0.0009858591559346542,0.0009858591559346542,2,"[8, 25]","[5135, 1164]"
634,55,336,1053,0.0009870491559346472,1.1899999999929328e-06,2,"[8, 25]","[5817, 401]"
635,55,337,1046,0.0009930299603739885,0.0009930299603739885,2,"[8, 27]","[5877, 378]"
636,55,337,1047,0.0009907532447689374,0.0009907532447689374,1,[8],[6278]
637,55,337,1047,0.0009914332447689333,6.799999999959616e-07,2,"[8, 27]","[6253, 1]"
638,55,337,1047,0.000992313244768928,8.799999999947739e-07,2,"[8, 27]","[6214, 8]"
639,55,337,1048,0.0009896214139397791,0.0009896214139397791,1,[8],[6326]
640,55,337,1048,0.0009901314139397761,5.099999999969712e-07,1,[8],[6194]
641,55,337,1048,0.0009906114139397733,4.799999999971494e-07,1,[8],[6315]
642,55,337,1048,0.0009912214139397696,6.099999999963773e-07,1,[8],[6212]
643,55,337,1049,0.000988851683983678,0.000988851683983678,2,"[8, 26]","[6311, 25]"
644,55,337,1049,0.0009894216839836747,5.699999999966149e-07,2,"[8, 26]","[6213, 2]"
645,55,337,1049,0.0009899916839836713,5.699999999966149e-07,2,"[8, 26]","[6222, 1]"
646,55,337,1050,0.000988360368550043,0.000988360368550043,2,"[8, 26]","[5528, 737]"
647,55,337,1050,0.0009892403685500379,8.799999999947739e-07,2,"[8, 26]","[5803, 461]"
648,55,338,1044,0.0009947850092262476,0.0009947850092262476,1,[8],[6265]
649,55,338,1044,0.0009960950092262398,1.3099999999922202e-06,1,[8],[6245]
650,55,338,1045,0.0009930324313294184,0.0009930324313294184,2,"[8, 27]","[5697, 601]"
651,55,338,1045,0.0009936224313294149,5.899999999964961e-07,2,"[8, 27]","[6084, 206]"
652,55,338,1045,0.000994122431329412,4.999999999970306e-07,2,"[8, 27]","[6134, 60]"
653,55,338,1045,0.000994782431329408,6.599999999960804e-07,2,"[8, 27]","[6242, 18]"
654,55,338,1046,0.000991806208092259,0.000991806208092259,2,"[8, 27]","[5877, 475]"
655,55,338,1046,0.000992286208092256,4.799999999971494e-07,2,"[8, 27]","[5426, 754]"
656,55,338,1046,0.0009926862080922537,3.999999999976245e-07,2,"[8, 27]","[5423, 963]"
657,55,338,1046,0.0009930762080922514,3.8999999999768387e-07,2,"[8, 27]","[5350, 893]"
658,55,338,1046,0.0009935562080922486,4.799999999971494e-07,2,"[8, 27]","[5233, 860]"
659,55,338,1047,0.0009911128707357922,0.0009911128707357922,2,"[8, 27]","[6280, 11]"
660,55,338,1047,0.0009917528707357884,6.399999999961992e-07,2,"[8, 27]","[6250, 28]"
661,55,338,1047,0.0009924628707357842,7.099999999957834e-07,2,"[8, 27]","[6051, 130]"
662,55,338,1048,0.0009914998377585056,0.0009914998377585056,1,[8],[6251]
663,55,339,1041,0.0009985394255899126,0.0009985394255899126,1,[8],[6261]
664,55,339,1042,0.000996578190536573,0.000996578190536573,1,[8],[6279]
665,55,339,1042,0.0009971581905365695,5.799999999965555e-07,1,[8],[6241]
666,55,339,1042,0.000997768190536566,6.099999999963773e-07,1,[8],[6230]
667,55,339,1043,0.0009954532873300468,0.0009954532873300468,1,[8],[6294]
668,55,339,1043,0.000995913287330044,4.5999999999726815e-07,1,[8],[6349]
669,55,339,1043,0.000996263287330042,3.499999999979214e-07,1,[8],[6126]
670,55,339,1043,0.0009966232873300398,3.5999999999786203e-07,1,[8],[6266]
671,55,339,1043,0.0009970532873300373,4.299999999974463e-07,1,[8],[6258]
672,55,339,1043,0.0009980132873300316,9.599999999942987e-07,1,[8],[6216]
673,55,339,1044,0.000994504654730108,0.000994504654730108,1,[8],[6258]
674,55,339,1044,0.0009950446547301048,5.39999999996793e-07,1,[8],[6260]
675,55,339,1044,0.0009954946547301021,4.4999999999732754e-07,1,[8],[6333]
676,55,339,1044,0.0009959946547300992,4.999999999970306e-07,1,[8],[6169]
677,55,339,1044,0.0009969846547300933,9.899999999941206e-07,1,[8],[6245]
678,55,339,1045,0.0009938438366555434,0.0009938438366555434,2,"[8, 27]","[6149, 147]"
679,55,339,1045,0.0009946738366555384,8.299999999950708e-07,2,"[8, 27]","[6246, 7]"
680,55,340,1040,0.0009975978460156172,0.0009975978460156172,1,[8],[6298]
681,55,340,1040,0.0009980678460156144,4.6999999999720876e-07,1,[8],[6228]
682,55,340,1040,0.0009985378460156116,4.6999999999720876e-07,2,"[8, 30]","[6230, 1]"
683,55,340,1040,0.0009996678460156049,1.1299999999932892e-06,1,[8],[6245]
684,55,340,1041,0.000997114111402638,0.000997114111402638,1,[8],[6306]
685,55,340,1041,0.0009975041114026358,3.8999999999768387e-07,1,[8],[6321]
686,55,340,1041,0.000997814111402634,3.0999999999815897e-07,1,[8],[6244]
687,55,340,1041,0.0009981041114026322,2.8999999999827775e-07,1,[8],[6165]
688,55,340,1041,0.0009984541114026301,3.499999999979214e-07,1,[8],[6293]
689,55,340,1041,0.0009990541114026266,5.999999999964367e-07,1,[8],[6186]
690,55,340,1042,0.0009967884370534758,0.0009967884370534758,1,[8],[6326]
691,55,340,1042,0.000997268437053473,4.799999999971494e-07,1,[8],[6199]
692,55,340,1042,0.0009977284370534703,4.5999999999726815e-07,1,[8],[6342]
693,55,340,1042,0.0009983784370534664,6.499999999961398e-07,1,[8],[6168]
694,55,340,1043,0.0009968171123205336,0.0009968171123205336,1,[8],[6268]
695,55,341,1038,0.0009984526124392121,0.0009984526124392121,2,"[8, 30]","[6264, 1]"
696,55,341,1038,0.000999482612439206,1.029999999993883e-06,2,"[8, 30]","[6232, 8]"
697,55,341,1039,0.0009975051258786,0.0009975051258786,2,"[8, 30]","[6257, 24]"
698,55,341,1039,0.000997845125878598,3.399999999979808e-07,2,"[8, 30]","[6231, 16]"
699,55,341,1039,0.0009981051258785964,2.599999999984559e-07,2,"[8, 30]","[6304, 28]"
700,55,341,1039,0.000998335125878595,2.2999999999863407e-07,2,"[8, 30]","[6181, 24]"
701,55,341,1039,0.0009985651258785937,2.2999999999863407e-07,2,"[8, 30]","[6330, 36]"
702,55,341,1039,0.0009988151258785922,2.499999999985153e-07,2,"[8, 30]","[6087, 49]"
703,55,341,1039,0.0009991551258785902,3.399999999979808e-07,3,"[8, 30, 31]","[6085, 105, 1]"
704,55,341,1039,0.001000025125878585,8.699999999948332e-07,4,"[8, 30, 31, 151]","[5836, 411, 17, 1]"
705,55,341,1040,0.0009974516578853396,0.0009974516578853396,2,"[8, 30]","[6150, 203]"
706,55,341,1040,0.0009978316578853374,3.7999999999774325e-07,2,"[8, 30]","[6189, 70]"
707,55,341,1040,0.0009981316578853356,2.9999999999821836e-07,2,"[8, 30]","[6141, 80]"
708,55,341,1040,0.0009984316578853338,2.9999999999821836e-07,2,"[8, 30]","[6131, 88]"
709,55,341,1040,0.0009988016578853316,3.6999999999780264e-07,3,"[8, 30, 151]","[6132, 98, 1]"
710,55,341,1040,0.0009996116578853268,8.099999999951896e-07,4,"[8, 30, 31, 151]","[5983, 234, 1, 1]"
711,55,341,1041,0.0009981813191467564,0.0009981813191467564,2,"[8, 30]","[6171, 135]"
712,55,342,1038,0.0009984850175372305,0.0009984850175372305,2,"[8, 30]","[6272, 7]"
713,55,342,1038,0.0009994650175372247,9.7999999999418e-07,3,"[8, 30, 31]","[6185, 51, 1]"
714,55,342,1038,0.001002595017537206,3.1299999999814115e-06,3,"[8, 30, 31]","[1488, 3645, 1102]"
715,55,342,1039,0.0009979501032294892,0.0009979501032294892,3,"[8, 30, 151]","[5173, 1146, 2]"
716,55,342,1039,0.0009984301032294864,4.799999999971494e-07,5,"[8, 30, 31, 151, 152]","[5448, 827, 1, 2, 1]"
717,55,342,1039,0.0009988701032294838,4.399999999973869e-07,4,"[8, 30, 151, 152]","[5096, 1099, 2, 1]"
718,55,342,1039,0.0009994301032294805,5.599999999966743e-07,5,"[8, 30, 31, 151, 152]","[4237, 1994, 7, 5, 2]"
719,55,342,1039,0.0010002501032294756,8.199999999951302e-07,5,"[8, 30, 31, 151, 152]","[1817, 4273, 146, 7, 1]"
720,55,342,1039,0.0010010901032294706,8.399999999950114e-07,4,"[8, 30, 31, 151]","[137, 5199, 887, 1]"
721,55,342,1039,0.001001860103229466,7.699999999954271e-07,3,"[8, 30, 31]","[6, 4536, 1757]"
722,55,342,1039,0.0010031001032294587,1.2399999999926359e-06,2,"[30, 31]","[4848, 1348]"
723,55,342,1040,0.0009968116340373849,0.0009968116340373849,3,"[8, 30, 147]","[68, 6204, 2]"
724,55,342,1040,0.0009978216340373789,1.0099999999940018e-06,3,"[8, 30, 151]","[716, 5534, 1]"
725,55,342,1040,0.000998641634037374,8.199999999951302e-07,4,"[8, 30, 151, 152]","[1278, 4995, 4, 1]"
726,55,342,1040,0.0009997516340373674,1.109999999993408e-06,4,"[8, 30, 151, 152]","[808, 5434, 4, 1]"
727,55,342,1041,0.000995227860181086,0.000995227860181086,2,"[30, 147]","[6237, 16]"
728,55,342,1041,0.0009994078601810613,4.179999999975176e-06,2,"[8, 30]","[94, 6155]"
729,55,343,1040,0.0009969915846932385,0.0009969915846932385,2,"[30, 147]","[6251, 2]"
730,55,343,1040,0.0009997415846932222,2.7499999999836683e-06,5,"[8, 30, 31, 151, 152]","[4, 6238, 1, 6, 1]"
731,55,343,1041,0.0009935851852635568,0.0009935851852635568,4,"[30, 34, 147, 148]","[6182, 1, 85, 3]"
732,55,343,1041,0.0009947751852635498,1.1899999999929328e-06,3,"[30, 147, 148]","[6217, 58, 2]"
733,55,343,1041,0.0009965551852635392,1.779999999989429e-06,2,"[30, 147]","[6208, 4]"
734,55,343,1042,0.0009907512176737506,0.0009907512176737506,2,"[30, 34]","[5627, 636]"
735,55,343,1042,0.0009918012176737443,1.0499999999937643e-06,3,"[30, 34, 147]","[6236, 3, 3]"
736,55,343,1042,0.0009928412176737381,1.0399999999938236e-06,3,"[30, 147, 148]","[6282, 12, 2]"
737,55,343,1043,0.0009881699354391058,0.0009881699354391058,2,"[30, 34]","[5516, 754]"
738,55,343,1043,0.000988969935439101,7.99999999995249e-07,2,"[30, 34]","[4237, 2058]"
739,55,343,1043,0.0009897199354390966,7.499999999955459e-07,2,"[30, 34]","[4151, 2045]"
740,55,343,1043,0.0009909299354390895,1.209999999992814e-06,2,"[30, 34]","[5385, 880]"
741,55,343,1044,0.0009858173827735615,0.0009858173827735615,1,[30],[6288]
742,55,343,1044,0.0009869973827735545,1.1799999999929922e-06,2,"[30, 34]","[6234, 2]"
743,55,343,1044,0.0009885173827735455,1.519999999990973e-06,2,"[30, 34]","[5989, 261]"
744,55,343,1045,0.000983349606715001,0.000983349606715001,1,[30],[6267]
745,55,343,1045,0.0009847596067149927,1.4099999999916263e-06,1,[30],[6252]
746,55,343,1046,0.0009809757623654716,0.0009809757623654716,1,[30],[6267]
747,55,343,1046,0.0009828157623654606,1.8399999999890726e-06,1,[30],[6239]
748,55,343,1047,0.0009788002383664981,0.0009788002383664981,2,"[30, 136]","[6266, 2]"
749,55,344,1043,0.0009887618241586254,0.0009887618241586254,2,"[30, 34]","[4586, 1703]"
750,55,344,1043,0.0009905918241586145,1.829999999989132e-06,2,"[30, 34]","[3639, 2572]"
751,55,344,1044,0.000986195628232674,0.000986195628232674,1,[30],[6271]
752,55,344,1044,0.0009883556282326612,2.159999999987172e-06,2,"[30, 34]","[6078, 161]"
753,55,344,1045,0.0009832455250213493,0.0009832455250213493,1,[30],[6264]
754,55,344,1045,0.0009847355250213405,1.4899999999911512e-06,1,[30],[6264]
755,55,344,1046,0.0009803700227555613,0.0009803700227555613,1,[30],[6259]
756,55,344,1046,0.0009816700227555535,1.2999999999922796e-06,1,[30],[6250]
757,55,344,1046,0.000984280022755538,2.6099999999844997e-06,1,[30],[6247]
758,55,344,1047,0.00097736212002833,0.00097736212002833,3,"[30, 135, 136]","[6276, 2, 1]"
759,55,344,1047,0.000978532120028323,1.1699999999930516e-06,1,[30],[6255]
760,55,344,1047,0.000979722120028316,1.1899999999929328e-06,1,[30],[6237]
761,55,344,1048,0.0009737306244168186,0.0009737306244168186,1,[30],[6280]
762,55,344,1048,0.0009748006244168239,1.0700000000052464e-06,2,"[30, 135]","[6250, 1]"
763,55,344,1048,0.0009757506244168285,9.500000000046581e-07,2,"[30, 135]","[6255, 1]"
764,55,344,1048,0.0009769406244168302,1.1900000000017149e-06,3,"[30, 135, 136]","[6245, 2, 6]"
765,55,344,1049,0.0009751241709542299,0.0009751241709542299,1,[30],[6257]
766,55,345,1048,0.000971892428835815,0.000971892428835815,1,[30],[6259]
767,55,345,1048,0.0009735924288358233,1.7000000000083355e-06,1,[30],[6257]
768,55,345,1049,0.000969402748361354,0.000969402748361354,1,[30],[6275]
769,55,345,1049,0.0009705827483613598,1.1800000000057858e-06,1,[30],[6230]
770,55,345,1049,0.0009716927483613652,1.1100000000054426e-06,1,[30],[6291]
771,55,345,1049,0.0009736427483613748,1.9500000000095613e-06,1,[30],[6209]
772,55,346,1049,0.0009666415256092119,0.0009666415256092119,4,"[30, 128, 131, 132]","[6261, 3, 6, 1]"
773,55,346,1049,0.0009677815256092175,1.1400000000055897e-06,2,"[30, 131]","[6280, 1]"
774,55,346,1049,0.0009688615256092228,1.0800000000052955e-06,1,[30],[6210]
775,55,346,1049,0.000970531525609231,1.6700000000081884e-06,1,[30],[6242]
776,55,346,1050,0.0009661262852821849,0.0009661262852821849,4,"[30, 128, 131, 132]","[6214, 20, 28, 4]"
777,55,346,1050,0.0009682262852821952,2.1000000000102968e-06,1,[30],[6248]
778,55,347,1049,0.0009643175912206688,0.0009643175912206688,4,"[30, 128, 131, 132]","[5888, 371, 10, 1]"
779,55,347,1050,0.0009632820895720199,0.0009632820895720199,4,"[30, 128, 131, 140]","[5780, 509, 2, 1]"
780,55,347,1050,0.0009644120895720255,1.1300000000055406e-06,4,"[30, 128, 131, 132]","[5967, 214, 34, 1]"
781,55,347,1050,0.0009661020895720338,1.6900000000082864e-06,4,"[30, 128, 131, 132]","[6186, 13, 52, 2]"
782,55,348,1049,0.0009612411230574379,0.0009612411230574379,2,"[30, 128]","[6265, 2]"
783,55,348,1050,0.0009608986503823894,0.0009608986503823894,3,"[30, 128, 140]","[6288, 1, 3]"
784,55,348,1050,0.0009623686503823966,1.4700000000072077e-06,2,"[30, 128]","[6142, 91]"
785,55,349,1049,0.0009592176836350389,0.0009592176836350389,2,"[30, 102]","[6269, 1]"
786,55,349,1050,0.0009584176247367044,0.0009584176247367044,2,"[30, 102]","[6246, 9]"
787,55,349,1050,0.0009595876247367101,1.1700000000057368e-06,1,[30],[6261]
788,55,350,1049,0.0009576623778059141,0.0009576623778059141,3,"[30, 102, 110]","[6243, 39, 1]"
789,55,350,1050,0.0009562361869767451,0.0009562361869767451,3,"[30, 102, 110]","[6113, 54, 118]"
790,55,350,1050,0.0009572761869767502,1.0400000000050993e-06,2,"[30, 102]","[6176, 57]"
791,55,350,1050,0.0009591961869767596,1.920000000009414e-06,2,"[30, 102]","[6229, 7]"
792,55,351,1050,0.0009541585231116226,0.0009541585231116226,4,"[30, 96, 97, 110]","[4375, 2, 3, 1910]"
793,55,351,1050,0.0009551185231116273,9.60000000004707e-07,3,"[30, 96, 102]","[6277, 4, 2]"
794,55,351,1050,0.0009561885231116325,1.0700000000052464e-06,2,"[30, 102]","[6174, 20]"
795,55,352,1050,0.0009526445810263736,0.0009526445810263736,3,"[30, 42, 110]","[5460, 222, 597]"
796,55,352,1050,0.0009535145810263779,8.700000000042658e-07,3,"[30, 42, 110]","[6231, 19, 1]"
797,55,352,1050,0.0009545945810263832,1.0800000000052955e-06,3,"[30, 42, 97]","[6226, 2, 4]"
798,55,353,1050,0.0009510399419430408,0.0009510399419430408,3,"[30, 42, 110]","[5281, 993, 1]"
799,55,353,1050,0.000951689941943044,6.500000000031871e-07,2,"[30, 42]","[4877, 1418]"
800,55,353,1050,0.0009523899419430474,7.000000000034323e-07,2,"[30, 42]","[5051, 1158]"
801,55,354,1050,0.0009497952364661972,0.0009497952364661972,3,"[30, 42, 43]","[6239, 3, 27]"
802,55,354,1050,0.000950555236466201,7.600000000037264e-07,2,"[30, 42]","[6185, 58]"
803,55,354,1050,0.0009514452364662053,8.900000000043639e-07,2,"[30, 42]","[5878, 386]"
804,55,355,1050,0.0009469679298254003,0.0009469679298254003,2,"[30, 43]","[3794, 2470]"
805,55,355,1050,0.0009479679298254052,1.0000000000049032e-06,2,"[30, 43]","[5428, 843]"
806,55,355,1050,0.0009488779298254097,9.100000000044619e-07,2,"[30, 43]","[6219, 69]"
807,55,355,1050,0.0009497979298254142,9.20000000004511e-07,1,[30],[6181]
808,55,356,1050,0.0009451968351695452,0.0009451968351695452,7,"[30, 43, 84, 85, 88, 92, 93]","[6145, 97, 7, 1, 6, 6, 1]"
809,55,356,1050,0.0009461168351695497,9.20000000004511e-07,2,"[30, 43]","[5357, 908]"
810,55,356,1050,0.0009468368351695533,7.200000000035303e-07,2,"[30, 43]","[4738, 1531]"
811,55,356,1050,0.0009481868351695599,1.3500000000066193e-06,2,"[30, 43]","[4974, 1241]"
812,55,356,1051,0.0009468143014481126,0.0009468143014481126,4,"[30, 43, 88, 92]","[5324, 919, 1, 8]"
813,55,357,1049,0.0009418788454428348,0.0009418788454428348,3,"[30, 84, 92]","[6317, 3, 1]"
814,55,357,1049,0.0009426988454428388,8.200000000040206e-07,5,"[30, 84, 89, 92, 93]","[6170, 14, 1, 2, 1]"
815,55,357,1049,0.0009433688454428421,6.700000000032852e-07,5,"[30, 84, 85, 92, 93]","[6203, 43, 2, 5, 1]"
816,55,357,1049,0.0009440488454428455,6.800000000033342e-07,4,"[30, 84, 85, 88]","[6188, 50, 4, 1]"
817,55,357,1050,0.0009411235650540456,0.0009411235650540456,2,"[30, 92]","[6253, 1]"
818,55,357,1050,0.0009417735650540488,6.500000000031871e-07,2,"[30, 92]","[6307, 5]"
819,55,357,1050,0.0009424035650540519,6.30000000003089e-07,5,"[30, 84, 89, 92, 93]","[6231, 2, 3, 14, 1]"
820,55,357,1050,0.000943043565054055,6.400000000031381e-07,6,"[30, 84, 88, 89, 92, 93]","[6220, 11, 3, 3, 32, 2]"
821,55,357,1050,0.000943653565054058,6.10000000002991e-07,5,"[30, 84, 88, 92, 93]","[6166, 19, 4, 28, 1]"
822,55,357,1050,0.0009443235650540613,6.700000000032852e-07,7,"[30, 84, 85, 88, 89, 92, 93]","[6226, 18, 1, 2, 1, 5, 1]"
823,55,357,1050,0.0009452335650540658,9.100000000044619e-07,6,"[30, 84, 85, 88, 89, 92]","[6198, 11, 1, 1, 1, 3]"
824,55,357,1051,0.0009453227730388744,0.0009453227730388744,6,"[30, 43, 88, 89, 92, 93]","[6228, 3, 2, 2, 17, 3]"
825,55,358,1049,0.0009421230624423578,0.0009421230624423578,2,"[30, 84]","[6248, 3]"
826,55,358,1049,0.0009436730624423654,1.5500000000076e-06,3,"[30, 84, 92]","[6267, 26, 1]"
827,55,358,1050,0.0009415665666317222,0.0009415665666317222,1,[30],[6263]
828,55,358,1050,0.0009436665666317325,2.1000000000102968e-06,3,"[30, 84, 92]","[6227, 6, 9]"
829,55,367,1062,0.00090218900266973,0.00090218900266973,1,[112],[6280]
830,55,368,1062,0.0009024360306075541,0.0009024360306075541,1,[112],[6251]
