,event,pixel_x,pixel_y,reset_time,TSLR,nMCParticles,MC_TrackIDs,MC_Weights
0,15,117,1226,0.0006107819428768797,0.0006107819428768797,1,[172],[6261]
1,15,117,1227,0.0006104716324052134,0.0006104716324052134,1,[172],[6263]
2,15,117,1227,0.0006118516324052202,1.3800000000067664e-06,1,[172],[6247]
3,15,132,1211,0.0006805925197912252,0.0006805925197912252,5,"[169, 189, 192, 196, 197]","[4166, 1942, 14, 173, 5]"
4,15,132,1211,0.0006811025197912277,5.100000000025006e-07,3,"[169, 189, 192]","[4410, 1783, 39]"
5,15,132,1211,0.0006816725197912305,5.700000000027948e-07,3,"[169, 189, 192]","[4951, 1242, 87]"
6,15,132,1212,0.0006820396448408306,0.0006820396448408306,4,"[169, 189, 192, 194]","[5035, 1152, 79, 1]"
7,15,133,1211,0.000682045471331363,0.000682045471331363,4,"[169, 189, 192, 196]","[5423, 823, 15, 14]"
8,15,175,1223,0.0007809006473946603,0.0007809006473946603,2,"[167, 200]","[5772, 513]"
9,15,176,1223,0.0007802491441624931,0.0007802491441624931,2,"[167, 200]","[3746, 2619]"
10,15,176,1223,0.000780629144162495,3.800000000018632e-07,2,"[167, 200]","[4087, 2063]"
11,15,176,1223,0.0007809591441624966,3.3000000000161806e-07,2,"[167, 200]","[4483, 1816]"
12,15,176,1223,0.0007813091441624983,3.500000000017161e-07,2,"[167, 200]","[4844, 1479]"
13,15,176,1223,0.000781859144162501,5.500000000026968e-07,2,"[167, 200]","[5161, 969]"
14,15,176,1224,0.0007811065906031566,0.0007811065906031566,2,"[167, 200]","[5605, 670]"
15,15,177,1223,0.000781244596877432,0.000781244596877432,2,"[167, 200]","[5401, 875]"
16,15,177,1223,0.000782054596877436,8.100000000039716e-07,2,"[167, 200]","[6117, 161]"
17,15,193,1205,0.0005963270128931227,0.0005963270128931227,1,[130],[6255]
18,15,193,1205,0.0005970970128931264,7.700000000037755e-07,1,[130],[6284]
19,15,195,1241,0.0008422481300269918,0.0008422481300269918,6,"[30, 87, 91, 113, 124, 127]","[6215, 2, 1, 16, 15, 1]"
20,15,196,1240,0.0008348477154438968,0.0008348477154438968,4,"[30, 91, 92, 113]","[6246, 2, 1, 8]"
21,15,196,1241,0.0008321885218567325,0.0008321885218567325,4,"[30, 86, 87, 88]","[6280, 12, 49, 1]"
22,15,196,1241,0.0008328285218567356,6.400000000031381e-07,2,"[30, 87]","[6165, 1]"
23,15,196,1241,0.000833508521856739,6.800000000033342e-07,1,[30],[6307]
24,15,196,1241,0.0008342385218567426,7.300000000035793e-07,2,"[30, 113]","[6189, 15]"
25,15,196,1241,0.0008350285218567464,7.900000000038735e-07,3,"[30, 92, 113]","[6162, 3, 130]"
26,15,196,1241,0.0008358585218567505,8.300000000040697e-07,4,"[30, 91, 92, 113]","[5581, 6, 3, 643]"
27,15,196,1241,0.0008367985218567551,9.40000000004609e-07,4,"[30, 91, 92, 113]","[5638, 3, 1, 623]"
28,15,196,1241,0.0008377685218567599,9.700000000047561e-07,2,"[30, 113]","[6163, 90]"
29,15,196,1241,0.0008386485218567642,8.800000000043148e-07,2,"[30, 113]","[6238, 3]"
30,15,196,1241,0.0008395185218567684,8.700000000042658e-07,2,"[30, 124]","[6230, 1]"
31,15,196,1241,0.0008404185218567729,9.000000000044129e-07,3,"[30, 124, 127]","[6251, 22, 1]"
32,15,196,1241,0.0008415185218567783,1.1000000000053935e-06,3,"[30, 124, 127]","[6081, 113, 2]"
33,15,196,1241,0.0008426785218567839,1.1600000000056877e-06,3,"[30, 124, 127]","[6189, 72, 4]"
34,15,196,1241,0.0008437885218567894,1.1100000000054426e-06,2,"[30, 124]","[6236, 3]"
35,15,196,1241,0.000844938521856795,1.1500000000056387e-06,1,[30],[6248]
36,15,196,1241,0.0008461085218568008,1.1700000000057368e-06,1,[30],[6275]
37,15,196,1241,0.0008472585218568064,1.1500000000056387e-06,1,[30],[6229]
38,15,196,1241,0.0008485485218568127,1.2900000000063251e-06,1,[30],[6280]
39,15,196,1241,0.0008502185218568209,1.6700000000081884e-06,2,"[30, 39]","[6194, 43]"
40,15,196,1241,0.0008529885218568345,2.770000000013582e-06,3,"[30, 38, 39]","[4842, 51, 1339]"
41,15,196,1242,0.0008394356866620177,0.0008394356866620177,5,"[30, 86, 87, 88, 113]","[5706, 23, 344, 5, 185]"
42,15,196,1242,0.0008436156866620382,4.1800000000204954e-06,3,"[30, 124, 127]","[6160, 75, 2]"
43,15,196,1242,0.0008479456866620595,4.330000000021231e-06,1,[30],[6259]
44,15,196,1242,0.0008497256866620682,1.7800000000087277e-06,2,"[30, 39]","[6242, 21]"
45,15,196,1242,0.0008508356866620736,1.1100000000054426e-06,2,"[30, 39]","[5398, 831]"
46,15,196,1242,0.0008516456866620776,8.100000000039716e-07,2,"[30, 39]","[4272, 2059]"
47,15,196,1242,0.0008525156866620819,8.700000000042658e-07,3,"[30, 38, 39]","[4527, 82, 1622]"
48,15,196,1242,0.0008533756866620861,8.600000000042168e-07,4,"[30, 38, 39, 163]","[4504, 1449, 248, 2]"
49,15,196,1242,0.0008539456866620889,5.700000000027948e-07,4,"[30, 38, 39, 163]","[3070, 3223, 6, 10]"
50,15,196,1242,0.0008544256866620912,4.800000000023535e-07,4,"[30, 38, 163, 164]","[2510, 3665, 24, 1]"
51,15,196,1242,0.0008550156866620941,5.900000000028929e-07,4,"[30, 38, 163, 164]","[2977, 3255, 67, 2]"
52,15,196,1242,0.0008560656866620993,1.0500000000051484e-06,4,"[30, 38, 163, 164]","[4704, 1390, 117, 1]"
53,15,196,1242,0.0008582056866621098,2.140000000010493e-06,4,"[30, 38, 163, 164]","[6169, 30, 15, 2]"
54,15,196,1243,0.0008553396864857062,0.0008553396864857062,8,"[30, 38, 39, 86, 87, 88, 163, 164]","[4252, 1768, 176, 1, 14, 1, 38, 2]"
55,15,196,1243,0.0008570796864857147,1.7400000000085316e-06,3,"[30, 38, 163]","[6116, 98, 34]"
56,15,196,1243,0.0008583296864857208,1.250000000006129e-06,1,[30],[6288]
57,15,196,1243,0.0008593996864857261,1.0700000000052464e-06,2,"[30, 35]","[6182, 59]"
58,15,196,1243,0.0008603896864857309,9.900000000048542e-07,2,"[30, 35]","[5272, 996]"
59,15,196,1243,0.0008612896864857353,9.000000000044129e-07,2,"[30, 35]","[3789, 2417]"
60,15,196,1243,0.000864069686485749,2.780000000013631e-06,3,"[30, 35, 201]","[4793, 1453, 1]"
61,15,196,1244,0.0008617383394019606,0.0008617383394019606,4,"[30, 35, 38, 47]","[4713, 1488, 1, 49]"
62,15,196,1244,0.0008639083394019712,2.17000000001064e-06,2,"[30, 35]","[6085, 165]"
63,15,197,1241,0.0008360013600505008,0.0008360013600505008,5,"[30, 87, 88, 91, 113]","[5718, 15, 1, 2, 527]"
64,15,197,1241,0.0008395513600505182,3.5500000000174064e-06,5,"[30, 91, 92, 113, 124]","[5953, 1, 1, 285, 1]"
65,15,197,1241,0.0008450813600505453,5.530000000027115e-06,2,"[30, 124]","[6234, 17]"
66,15,197,1241,0.0008484413600505618,3.360000000016475e-06,1,[30],[6256]
67,15,197,1242,0.0008497699521440944,0.0008497699521440944,7,"[30, 39, 86, 87, 88, 113, 124]","[6093, 4, 2, 56, 1, 90, 5]"
68,15,197,1242,0.0008539399521441148,4.170000000020446e-06,4,"[30, 38, 39, 163]","[4574, 889, 807, 1]"
69,15,197,1243,0.0008602610987434442,0.0008602610987434442,7,"[30, 35, 38, 39, 87, 163, 201]","[5529, 345, 340, 28, 3, 4, 6]"
70,15,197,1243,0.0008629010987434571,2.6400000000129445e-06,2,"[30, 35]","[4408, 1852]"
71,15,197,1244,0.000862933859066767,0.000862933859066767,4,"[30, 35, 38, 47]","[5514, 714, 1, 43]"
72,15,197,1244,0.0008641338590667729,1.2000000000058839e-06,2,"[30, 35]","[6254, 1]"
73,15,197,1244,0.0008650538590667774,9.20000000004511e-07,1,[30],[6257]
74,15,197,1244,0.0008661638590667829,1.1100000000054426e-06,1,[30],[6240]
75,15,197,1245,0.0008661169246693908,0.0008661169246693908,3,"[30, 35, 47]","[6227, 1, 49]"
76,15,197,1245,0.000867586924669398,1.4700000000072077e-06,1,[30],[6277]
77,15,198,1245,0.0008675000755000482,0.0008675000755000482,1,[30],[6276]
78,15,198,1245,0.0008685100755000531,1.0100000000049522e-06,1,[30],[6243]
79,15,198,1245,0.0008694700755000578,9.60000000004707e-07,1,[30],[6255]
80,15,198,1245,0.0008711600755000661,1.6900000000082864e-06,1,[30],[6241]
81,15,198,1246,0.0008700798627931767,0.0008700798627931767,1,[30],[6279]
82,15,198,1246,0.0008713998627931832,1.3200000000064722e-06,2,"[30, 32]","[6224, 5]"
83,15,198,1246,0.0008733398627931927,1.9400000000095122e-06,2,"[30, 32]","[5571, 685]"
84,15,199,1246,0.0008716072042705968,0.0008716072042705968,2,"[30, 32]","[6242, 50]"
85,15,199,1246,0.0008725072042706012,9.000000000044129e-07,2,"[30, 32]","[5442, 825]"
86,15,199,1246,0.0008732072042706046,7.000000000034323e-07,2,"[30, 32]","[4440, 1827]"
87,15,199,1246,0.0008740572042706088,8.500000000041677e-07,2,"[30, 32]","[4459, 1758]"
88,15,199,1247,0.0008740663444643639,0.0008740663444643639,2,"[30, 32]","[4765, 1510]"
89,15,199,1247,0.00087531634446437,1.250000000006129e-06,2,"[30, 32]","[6121, 114]"
90,15,199,1247,0.0008764763444643757,1.1600000000056877e-06,1,[30],[6271]
91,15,199,1247,0.0008782963444643846,1.8200000000089239e-06,1,[30],[6219]
92,15,199,1248,0.0008787890930303731,0.0008787890930303731,2,"[30, 32]","[6255, 4]"
93,15,200,1247,0.0008772800482593215,0.0008772800482593215,2,"[30, 32]","[6166, 104]"
94,15,200,1248,0.000878855266434608,0.000878855266434608,1,[30],[6281]
95,15,200,1248,0.0008800952664346141,1.24000000000608e-06,1,[30],[6249]
96,15,200,1248,0.0008812252664346196,1.1300000000055406e-06,1,[30],[6245]
97,15,200,1248,0.0008832052664346293,1.9800000000097084e-06,1,[30],[6239]
98,15,200,1249,0.0008817273928071607,0.0008817273928071607,1,[30],[6291]
99,15,200,1249,0.0008828273928071661,1.1000000000053935e-06,1,[30],[6246]
100,15,200,1249,0.0008837873928071708,9.60000000004707e-07,2,"[4, 30]","[21, 6233]"
101,15,200,1249,0.0008848173928071759,1.0300000000050503e-06,2,"[4, 30]","[684, 5575]"
102,15,200,1249,0.0008858073928071807,9.900000000048542e-07,2,"[4, 30]","[2901, 3320]"
103,15,200,1250,0.0008851832527400793,0.0008851832527400793,2,"[4, 30]","[2759, 3522]"
104,15,200,1250,0.0008859932527400833,8.100000000039716e-07,2,"[4, 30]","[3928, 2291]"
105,15,201,1248,0.0008862719417349849,0.0008862719417349849,2,"[4, 30]","[4672, 1588]"
106,15,201,1248,0.0008870119417349885,7.400000000036284e-07,2,"[4, 30]","[6251, 9]"
107,15,201,1249,0.0008845080865697413,0.0008845080865697413,2,"[4, 30]","[1121, 5188]"
108,15,201,1249,0.0008851180865697443,6.10000000002991e-07,2,"[4, 30]","[4762, 1559]"
109,15,201,1249,0.0008854380865697458,3.2000000000156903e-07,2,"[4, 30]","[5508, 737]"
110,15,201,1249,0.000885678086569747,2.4000000000117677e-07,2,"[4, 30]","[5522, 603]"
111,15,201,1249,0.0008858980865697481,2.200000000010787e-07,2,"[4, 30]","[5953, 520]"
112,15,201,1249,0.0008860980865697491,2.0000000000098064e-07,2,"[4, 30]","[5715, 387]"
113,15,201,1249,0.0008863080865697501,2.1000000000102968e-07,2,"[4, 30]","[5784, 412]"
114,15,201,1249,0.0008865380865697512,2.3000000000112774e-07,2,"[4, 30]","[5885, 396]"
115,15,201,1249,0.0008868180865697526,2.800000000013729e-07,2,"[4, 30]","[5955, 404]"
116,15,201,1249,0.0008872380865697547,4.2000000000205935e-07,2,"[4, 30]","[5780, 368]"
117,15,201,1250,0.000884909970654018,0.000884909970654018,2,"[4, 30]","[4792, 1485]"
118,15,201,1250,0.00088530997065402,4.000000000019613e-07,2,"[4, 30]","[5478, 821]"
119,15,201,1250,0.0008856199706540215,3.1000000000152e-07,2,"[4, 30]","[5435, 802]"
120,15,201,1250,0.000885929970654023,3.1000000000152e-07,2,"[4, 30]","[5340, 1036]"
121,15,201,1250,0.0008862999706540248,3.700000000018142e-07,2,"[4, 30]","[4833, 1359]"
122,15,201,1250,0.0008869099706540278,6.10000000002991e-07,2,"[4, 30]","[3992, 2157]"
123,15,202,1247,0.0008876345964585818,0.0008876345964585818,1,[4],[6300]
124,15,202,1247,0.000888694596458587,1.0600000000051974e-06,1,[4],[6208]
125,15,202,1248,0.0008863606843862197,0.0008863606843862197,2,"[4, 30]","[6366, 2]"
126,15,202,1248,0.0008867306843862215,3.700000000018142e-07,1,[4],[6206]
127,15,202,1248,0.0008870106843862229,2.800000000013729e-07,1,[4],[6319]
128,15,202,1248,0.0008872606843862241,2.500000000012258e-07,1,[4],[6305]
129,15,202,1248,0.0008875106843862253,2.500000000012258e-07,1,[4],[6111]
130,15,202,1248,0.0008878206843862268,3.1000000000152e-07,1,[4],[6360]
131,15,202,1248,0.0008882906843862291,4.700000000023045e-07,1,[4],[6128]
132,15,202,1249,0.0008861853192968956,0.0008861853192968956,2,"[4, 30]","[6290, 35]"
133,15,202,1249,0.0008868053192968987,6.2000000000304e-07,2,"[4, 30]","[6224, 15]"
134,15,202,1249,0.0008876353192969027,8.300000000040697e-07,2,"[4, 30]","[6195, 9]"
135,15,203,1191,0.00045918566518712687,0.00045918566518712687,1,[133],[6272]
136,15,203,1191,0.00046036566518712626,1.179999999999389e-06,1,[133],[6277]
137,15,203,1192,0.0004585711795693257,0.0004585711795693257,1,[133],[6298]
138,15,203,1192,0.00045994117956932497,1.3699999999992906e-06,1,[133],[6218]
139,15,203,1246,0.0008887590694326222,0.0008887590694326222,3,"[4, 26, 27]","[5774, 1, 536]"
140,15,203,1247,0.0008874957514342674,0.0008874957514342674,2,"[4, 27]","[6286, 17]"
141,15,203,1247,0.0008878857514342693,3.9000000000191225e-07,2,"[4, 27]","[6288, 52]"
142,15,203,1247,0.0008881957514342709,3.1000000000152e-07,2,"[4, 27]","[6199, 84]"
143,15,203,1247,0.0008884857514342723,2.9000000000142193e-07,2,"[4, 27]","[6036, 108]"
144,15,203,1247,0.000888835751434274,3.500000000017161e-07,2,"[4, 27]","[6091, 142]"
145,15,203,1247,0.0008894157514342768,5.800000000028439e-07,2,"[4, 27]","[5978, 239]"
146,15,203,1248,0.0008876128226466876,0.0008876128226466876,1,[4],[6267]
147,15,203,1248,0.000888512822646692,9.000000000044129e-07,1,[4],[6278]
148,15,204,1192,0.00045825899299735255,0.00045825899299735255,1,[133],[6318]
149,15,204,1192,0.0004586889929973523,4.2999999999977735e-07,1,[133],[6217]
150,15,204,1192,0.0004591689929973521,4.799999999997515e-07,1,[133],[6264]
151,15,204,1193,0.00045884552082997647,0.00045884552082997647,1,[133],[6274]
152,15,204,1193,0.0004595055208299761,6.599999999996583e-07,1,[133],[6279]
153,15,204,1246,0.0008882653949511784,0.0008882653949511784,3,"[4, 26, 27]","[5756, 64, 537]"
154,15,204,1246,0.0008886353949511802,3.700000000018142e-07,3,"[4, 26, 27]","[5595, 107, 451]"
155,15,204,1246,0.0008889253949511816,2.9000000000142193e-07,3,"[4, 26, 27]","[5683, 113, 444]"
156,15,204,1246,0.0008892453949511832,3.2000000000156903e-07,3,"[4, 26, 27]","[5801, 139, 425]"
157,15,204,1246,0.0008896453949511851,4.000000000019613e-07,3,"[4, 26, 27]","[5694, 176, 353]"
158,15,204,1247,0.0008884097106920886,0.0008884097106920886,2,"[4, 27]","[5704, 568]"
159,15,204,1247,0.0008890597106920918,6.500000000031871e-07,3,"[4, 26, 27]","[5663, 2, 650]"
160,15,205,1192,0.0004590962032921933,0.0004590962032921933,1,[133],[6308]
161,15,205,1193,0.0004589004436371216,0.0004589004436371216,1,[133],[6289]
162,15,205,1193,0.00045955044363712126,6.499999999996634e-07,1,[133],[6262]
163,15,205,1245,0.0008886183574730263,0.0008886183574730263,4,"[4, 25, 26, 27]","[5625, 27, 626, 1]"
164,15,205,1245,0.0008890383574730284,4.2000000000205935e-07,3,"[4, 25, 26]","[5750, 17, 579]"
165,15,205,1245,0.0008894183574730302,3.800000000018632e-07,3,"[4, 25, 26]","[5622, 18, 573]"
166,15,205,1245,0.0008899283574730327,5.100000000025006e-07,3,"[4, 25, 26]","[5618, 21, 580]"
167,15,205,1246,0.0008885967269825159,0.0008885967269825159,3,"[4, 26, 27]","[5495, 832, 21]"
168,15,205,1246,0.000889026726982518,4.300000000021084e-07,3,"[4, 26, 27]","[5359, 824, 21]"
169,15,205,1246,0.00088943672698252,4.100000000020103e-07,3,"[4, 26, 27]","[5368, 909, 11]"
170,15,205,1246,0.0008900867269825232,6.500000000031871e-07,3,"[4, 26, 27]","[5264, 905, 8]"
171,15,206,1244,0.0008889053126725604,0.0008889053126725604,2,"[4, 25]","[5720, 553]"
172,15,206,1244,0.0008895753126725637,6.700000000032852e-07,2,"[4, 25]","[5776, 496]"
173,15,206,1245,0.0008885599588247053,0.0008885599588247053,3,"[4, 25, 26]","[5763, 453, 42]"
174,15,206,1245,0.0008889499588247072,3.9000000000191225e-07,3,"[4, 25, 26]","[5942, 420, 27]"
175,15,206,1245,0.0008892699588247088,3.2000000000156903e-07,3,"[4, 25, 26]","[5775, 417, 38]"
176,15,206,1245,0.0008896199588247105,3.500000000017161e-07,3,"[4, 25, 26]","[5731, 419, 32]"
177,15,206,1245,0.0008902699588247137,6.500000000031871e-07,3,"[4, 25, 26]","[5819, 361, 34]"
178,15,207,1209,0.0007229537993579894,0.0007229537993579894,2,"[95, 96]","[6286, 1]"
179,15,207,1243,0.0008895704116922582,0.0008895704116922582,3,"[4, 24, 25]","[6237, 46, 5]"
180,15,207,1244,0.0008885452201236676,0.0008885452201236676,3,"[4, 24, 25]","[6277, 3, 84]"
181,15,207,1244,0.0008889252201236694,3.800000000018632e-07,3,"[4, 24, 25]","[6055, 1, 89]"
182,15,207,1244,0.0008892652201236711,3.400000000016671e-07,3,"[4, 24, 25]","[6278, 1, 71]"
183,15,207,1244,0.0008896652201236731,4.000000000019613e-07,2,"[4, 25]","[6147, 82]"
184,15,207,1245,0.0008894824921585969,0.0008894824921585969,2,"[4, 25]","[5784, 476]"
185,15,208,1209,0.0007227741604357013,0.0007227741604357013,1,[95],[6287]
186,15,208,1209,0.0007241941604357083,1.4200000000069626e-06,2,"[95, 96]","[6218, 1]"
187,15,208,1210,0.0007242394493627511,0.0007242394493627511,2,"[95, 96]","[6247, 3]"
188,15,208,1243,0.0008883375837120308,0.0008883375837120308,2,"[4, 24]","[5345, 970]"
189,15,208,1243,0.0008887175837120326,3.800000000018632e-07,2,"[4, 24]","[5437, 848]"
190,15,208,1243,0.0008890375837120342,3.2000000000156903e-07,2,"[4, 24]","[5540, 750]"
191,15,208,1243,0.0008893775837120359,3.400000000016671e-07,2,"[4, 24]","[5532, 638]"
192,15,208,1243,0.0008899175837120385,5.400000000026477e-07,2,"[4, 24]","[5695, 536]"
193,15,208,1244,0.0008888785783011984,0.0008888785783011984,3,"[4, 24, 25]","[6138, 143, 1]"
194,15,208,1244,0.0008896385783012022,7.600000000037264e-07,3,"[4, 24, 25]","[6128, 97, 1]"
195,15,209,1242,0.0008883007051376438,0.0008883007051376438,2,"[4, 24]","[6114, 197]"
196,15,209,1242,0.000888750705137646,4.5000000000220645e-07,2,"[4, 24]","[6183, 179]"
197,15,209,1242,0.000889170705137648,4.2000000000205935e-07,2,"[4, 24]","[5946, 199]"
198,15,209,1242,0.0008900307051376522,8.600000000042168e-07,2,"[4, 24]","[5969, 214]"
199,15,209,1243,0.0008883845090525612,0.0008883845090525612,2,"[4, 24]","[5229, 1036]"
200,15,209,1243,0.0008888345090525634,4.5000000000220645e-07,2,"[4, 24]","[5450, 881]"
201,15,209,1243,0.0008892645090525655,4.300000000021084e-07,2,"[4, 24]","[5307, 862]"
202,15,209,1243,0.00089018450905257,9.20000000004511e-07,2,"[4, 24]","[5441, 801]"
203,15,210,1198,0.0007244409572373266,0.0007244409572373266,1,[100],[6262]
204,15,210,1241,0.0008884297634525809,0.0008884297634525809,1,[4],[6260]
205,15,210,1241,0.0008890297634525839,6.000000000029419e-07,1,[4],[6261]
206,15,210,1242,0.0008883409235474167,0.0008883409235474167,1,[4],[6272]
207,15,210,1242,0.0008888509235474192,5.100000000025006e-07,2,"[4, 24]","[6282, 2]"
208,15,210,1242,0.0008894909235474223,6.400000000031381e-07,2,"[4, 24]","[6200, 1]"
209,15,211,1240,0.0008883953115669369,0.0008883953115669369,1,[4],[6299]
210,15,211,1240,0.00088902531156694,6.30000000003089e-07,1,[4],[6286]
211,15,211,1241,0.0008882439846005929,0.0008882439846005929,1,[4],[6256]
212,15,211,1241,0.0008887039846005952,4.600000000022555e-07,1,[4],[6259]
213,15,211,1241,0.0008891839846005975,4.800000000023535e-07,1,[4],[6279]
214,15,212,1239,0.0008884640764988285,0.0008884640764988285,1,[4],[6262]
215,15,212,1239,0.0008895240764988337,1.0600000000051974e-06,1,[4],[6248]
216,15,212,1240,0.000888133099207532,0.000888133099207532,1,[4],[6314]
217,15,212,1240,0.0008885930992075342,4.600000000022555e-07,1,[4],[6311]
218,15,212,1240,0.0008890330992075364,4.400000000021574e-07,1,[4],[6186]
219,15,212,1240,0.0008903330992075428,1.3000000000063742e-06,1,[4],[6190]
220,15,213,1238,0.0008885456123972105,0.0008885456123972105,1,[4],[6308]
221,15,213,1239,0.0008879730761928315,0.0008879730761928315,1,[4],[6302]
222,15,213,1239,0.0008884230761928337,4.5000000000220645e-07,1,[4],[6260]
223,15,213,1239,0.0008888830761928359,4.600000000022555e-07,1,[4],[6228]
224,15,214,1237,0.000888496968448837,0.000888496968448837,1,[4],[6263]
225,15,214,1238,0.0008877331357145299,0.0008877331357145299,1,[4],[6322]
226,15,214,1238,0.0008881931357145322,4.600000000022555e-07,1,[4],[6318]
227,15,214,1238,0.0008886631357145345,4.700000000023045e-07,1,[4],[6191]
228,15,214,1239,0.0008890001162058281,0.0008890001162058281,1,[4],[6255]
229,15,215,1236,0.0008881445952476743,0.0008881445952476743,1,[4],[6291]
230,15,215,1237,0.0008874756556927053,0.0008874756556927053,1,[4],[6302]
231,15,215,1237,0.0008879156556927075,4.400000000021574e-07,1,[4],[6245]
232,15,215,1237,0.0008883456556927096,4.300000000021084e-07,1,[4],[6242]
233,15,215,1237,0.0008891456556927135,8.000000000039226e-07,1,[4],[6220]
234,15,215,1238,0.0008883922594627882,0.0008883922594627882,1,[4],[6264]
235,15,216,1235,0.0008878570405571405,0.0008878570405571405,1,[4],[6280]
236,15,216,1236,0.0008873090721330521,0.0008873090721330521,1,[4],[6274]
237,15,216,1236,0.0008877490721330543,4.400000000021574e-07,1,[4],[6280]
238,15,216,1236,0.0008881790721330564,4.300000000021084e-07,1,[4],[6230]
239,15,216,1236,0.0008889490721330601,7.700000000037755e-07,1,[4],[6222]
240,15,216,1237,0.0008882433963474085,0.0008882433963474085,1,[4],[6284]
241,15,217,1234,0.0008877614154223131,0.0008877614154223131,1,[4],[6291]
242,15,217,1234,0.0008888814154223186,1.1200000000054916e-06,1,[4],[6215]
243,15,217,1235,0.0008873201868281841,0.0008873201868281841,1,[4],[6314]
244,15,217,1235,0.0008877501868281863,4.300000000021084e-07,1,[4],[6213]
245,15,217,1235,0.0008881701868281883,4.2000000000205935e-07,1,[4],[6319]
246,15,217,1235,0.0008888901868281918,7.200000000035303e-07,1,[4],[6158]
247,15,217,1236,0.0008884468297195825,0.0008884468297195825,1,[4],[6255]
248,15,218,1233,0.00088777756209509,0.00088777756209509,2,"[4, 23]","[6308, 1]"
249,15,218,1233,0.0008886475620950942,8.700000000042658e-07,2,"[4, 23]","[6217, 3]"
250,15,218,1234,0.00088742722035753,0.00088742722035753,1,[4],[6313]
251,15,218,1234,0.0008878972203575323,4.700000000023045e-07,1,[4],[6303]
252,15,218,1234,0.0008883872203575347,4.900000000024026e-07,1,[4],[6219]
253,15,219,1232,0.0008876678232594372,0.0008876678232594372,2,"[4, 23]","[5325, 956]"
254,15,219,1232,0.00088823782325944,5.700000000027948e-07,2,"[4, 23]","[5213, 1014]"
255,15,219,1232,0.000889467823259446,1.230000000006031e-06,2,"[4, 23]","[5058, 1189]"
256,15,219,1233,0.0008875214942915351,0.0008875214942915351,2,"[4, 23]","[6247, 89]"
257,15,219,1233,0.0008880014942915374,4.800000000023535e-07,2,"[4, 23]","[6119, 133]"
258,15,219,1233,0.0008885514942915401,5.500000000026968e-07,2,"[4, 23]","[6069, 147]"
259,15,220,1231,0.0008877293360757915,0.0008877293360757915,2,"[4, 23]","[6256, 90]"
260,15,220,1231,0.0008883193360757944,5.900000000028929e-07,2,"[4, 23]","[6089, 123]"
261,15,220,1232,0.0008875711068982463,0.0008875711068982463,2,"[4, 23]","[5431, 887]"
262,15,220,1232,0.0008880411068982486,4.700000000023045e-07,2,"[4, 23]","[5279, 944]"
263,15,220,1232,0.0008885511068982511,5.100000000025006e-07,2,"[4, 23]","[5270, 1006]"
264,15,221,1230,0.0008877371385305078,0.0008877371385305078,1,[4],[6316]
265,15,221,1230,0.0008882671385305104,5.300000000025987e-07,1,[4],[6199]
266,15,221,1230,0.0008890671385305143,8.000000000039226e-07,1,[4],[6254]
267,15,221,1231,0.0008877880072545591,0.0008877880072545591,2,"[4, 23]","[6320, 3]"
268,15,221,1231,0.0008884080072545621,6.2000000000304e-07,2,"[4, 23]","[6250, 3]"
269,15,222,1229,0.0008878966586763764,0.0008878966586763764,1,[4],[6344]
270,15,222,1229,0.0008884166586763789,5.200000000025497e-07,1,[4],[6216]
271,15,222,1229,0.0008890866586763822,6.700000000032852e-07,1,[4],[6231]
272,15,222,1230,0.0008880354334291594,0.0008880354334291594,1,[4],[6311]
273,15,222,1230,0.0008888754334291636,8.400000000041187e-07,1,[4],[6220]
274,15,223,1228,0.000888109567807807,0.000888109567807807,1,[4],[6320]
275,15,223,1228,0.0008886095678078094,5.000000000024516e-07,1,[4],[6255]
276,15,223,1228,0.0008892195678078124,6.10000000002991e-07,1,[4],[6226]
277,15,223,1229,0.0008883195930525189,0.0008883195930525189,1,[4],[6253]
278,15,223,1229,0.0008895195930525248,1.2000000000058839e-06,1,[4],[6257]
279,15,224,1226,0.000890260619415856,0.000890260619415856,1,[4],[6251]
280,15,224,1227,0.0008883218341530717,0.0008883218341530717,1,[4],[6278]
281,15,224,1227,0.0008888318341530742,5.100000000025006e-07,1,[4],[6272]
282,15,224,1227,0.0008894618341530773,6.30000000003089e-07,1,[4],[6236]
283,15,224,1228,0.0008887043184755393,0.0008887043184755393,1,[4],[6307]
284,15,225,1225,0.0008894709783575715,0.0008894709783575715,1,[4],[6275]
285,15,225,1226,0.0008884706148261821,0.0008884706148261821,1,[4],[6291]
286,15,225,1226,0.0008889606148261845,4.900000000024026e-07,1,[4],[6274]
287,15,225,1226,0.0008895406148261873,5.800000000028439e-07,1,[4],[6222]
288,15,225,1227,0.000889073574616596,0.000889073574616596,1,[4],[6286]
289,15,226,1224,0.0008892575204126176,0.0008892575204126176,3,"[4, 77, 78]","[6103, 178, 1]"
290,15,226,1225,0.0008886174316564902,0.0008886174316564902,2,"[4, 77]","[6288, 27]"
291,15,226,1225,0.0008891274316564927,5.100000000025006e-07,1,[4],[6206]
292,15,226,1225,0.0008897274316564957,6.000000000029419e-07,1,[4],[6285]
293,15,226,1226,0.0008896371653071823,0.0008896371653071823,1,[4],[6260]
294,15,227,1223,0.0008891399663369397,0.0008891399663369397,2,"[4, 77]","[6248, 48]"
295,15,227,1224,0.0008886938379989814,0.0008886938379989814,3,"[4, 77, 78]","[5822, 504, 10]"
296,15,227,1224,0.0008891938379989838,5.000000000024516e-07,1,[4],[6201]
297,15,227,1224,0.0008897838379989867,5.900000000028929e-07,1,[4],[6214]
298,15,228,1222,0.0008890671198561571,0.0008890671198561571,1,[4],[6305]
299,15,228,1222,0.000889867119856161,8.000000000039226e-07,1,[4],[6223]
300,15,228,1223,0.0008888302266314067,0.0008888302266314067,2,"[4, 77]","[6272, 1]"
301,15,228,1223,0.0008893602266314093,5.300000000025987e-07,1,[4],[6315]
302,15,228,1223,0.000890110226631413,7.500000000036774e-07,1,[4],[6177]
303,15,229,1221,0.0008890664967638134,0.0008890664967638134,1,[4],[6304]
304,15,229,1221,0.0008897264967638167,6.600000000032361e-07,1,[4],[6201]
305,15,229,1222,0.0008889684985927,0.0008889684985927,1,[4],[6315]
306,15,229,1222,0.0008895684985927029,6.000000000029419e-07,1,[4],[6242]
307,15,230,1220,0.0008891301135530064,0.0008891301135530064,1,[4],[6343]
308,15,230,1220,0.0008897101135530093,5.800000000028439e-07,1,[4],[6246]
309,15,230,1221,0.000889124376082264,0.000889124376082264,1,[4],[6346]
310,15,230,1221,0.0008897743760822672,6.500000000031871e-07,1,[4],[6193]
311,15,231,1219,0.0008892355194374883,0.0008892355194374883,2,"[4, 22]","[6245, 49]"
312,15,231,1219,0.0008897655194374909,5.300000000025987e-07,2,"[4, 22]","[6232, 60]"
313,15,231,1219,0.0008905355194374947,7.700000000037755e-07,2,"[4, 22]","[6134, 47]"
314,15,231,1220,0.0008893149155690152,0.0008893149155690152,1,[4],[6295]
315,15,231,1220,0.000890084915569019,7.700000000037755e-07,1,[4],[6210]
316,15,232,1218,0.0008891704319602411,0.0008891704319602411,2,"[4, 22]","[4020, 2248]"
317,15,232,1218,0.0008896004319602432,4.300000000021084e-07,2,"[4, 22]","[4404, 1884]"
318,15,232,1218,0.0008900104319602452,4.100000000020103e-07,2,"[4, 22]","[4620, 1690]"
319,15,232,1218,0.0008906404319602483,6.30000000003089e-07,2,"[4, 22]","[4759, 1412]"
320,15,232,1219,0.0008894638629079128,0.0008894638629079128,2,"[4, 22]","[5335, 963]"
321,15,232,1219,0.0008902038629079165,7.400000000036284e-07,2,"[4, 22]","[5415, 861]"
322,15,233,1217,0.0008896983438118061,0.0008896983438118061,2,"[4, 22]","[6272, 29]"
323,15,233,1217,0.0008902383438118088,5.400000000026477e-07,2,"[4, 22]","[6213, 18]"
324,15,233,1217,0.0008910783438118129,8.400000000041187e-07,2,"[4, 22]","[6232, 5]"
325,15,233,1218,0.0008898934144684352,0.0008898934144684352,2,"[4, 22]","[5443, 825]"
326,15,234,1215,0.0008914905500810659,0.0008914905500810659,1,[4],[6263]
327,15,234,1216,0.0008899954990158689,0.0008899954990158689,1,[4],[6292]
328,15,234,1216,0.0008905254990158715,5.300000000025987e-07,1,[4],[6309]
329,15,234,1216,0.0008912654990158751,7.400000000036284e-07,1,[4],[6170]
330,15,234,1217,0.0008905750357832463,0.0008905750357832463,1,[4],[6255]
331,15,235,1214,0.0008912797164650987,0.0008912797164650987,1,[4],[6284]
332,15,235,1215,0.0008903342341780353,0.0008903342341780353,1,[4],[6343]
333,15,235,1215,0.000890884234178038,5.500000000026968e-07,1,[4],[6205]
334,15,235,1215,0.0008917642341780423,8.800000000043148e-07,1,[4],[6221]
335,15,235,1216,0.0008912929711417904,0.0008912929711417904,1,[4],[6250]
336,15,236,1213,0.0008914545146806724,0.0008914545146806724,1,[4],[6273]
337,15,236,1214,0.0008906977762594496,0.0008906977762594496,1,[4],[6293]
338,15,236,1214,0.0008912477762594523,5.500000000026968e-07,1,[4],[6299]
339,15,236,1214,0.000891997776259456,7.500000000036774e-07,1,[4],[6199]
340,15,237,1212,0.000891710135272397,0.000891710135272397,2,"[4, 21]","[6261, 8]"
341,15,237,1213,0.0008911107072273553,0.0008911107072273553,1,[4],[6317]
342,15,237,1213,0.000891650707227358,5.400000000026477e-07,1,[4],[6202]
343,15,237,1213,0.000892480707227362,8.300000000040697e-07,1,[4],[6250]
344,15,238,1211,0.0008916173988070265,0.0008916173988070265,3,"[4, 20, 21]","[3800, 96, 2373]"
345,15,238,1211,0.0008921773988070292,5.600000000027458e-07,3,"[4, 20, 21]","[4302, 128, 1920]"
346,15,238,1211,0.0008930373988070335,8.600000000042168e-07,3,"[4, 20, 21]","[4605, 103, 1446]"
347,15,238,1212,0.0008914950617834544,0.0008914950617834544,2,"[4, 21]","[5939, 347]"
348,15,238,1212,0.0008920450617834571,5.500000000026968e-07,3,"[4, 20, 21]","[5986, 3, 328]"
349,15,238,1212,0.0008928850617834612,8.400000000041187e-07,3,"[4, 20, 21]","[5835, 2, 320]"
350,15,239,1210,0.0008919595495894647,0.0008919595495894647,3,"[4, 20, 21]","[4420, 1625, 244]"
351,15,239,1210,0.0008925095495894673,5.500000000026968e-07,3,"[4, 20, 21]","[5111, 1016, 101]"
352,15,239,1210,0.0008934095495894718,9.000000000044129e-07,3,"[4, 20, 21]","[5487, 688, 62]"
353,15,239,1211,0.0008915312873211788,0.0008915312873211788,3,"[4, 20, 21]","[3363, 1007, 1946]"
354,15,239,1211,0.0008919512873211808,4.2000000000205935e-07,3,"[4, 20, 21]","[4023, 931, 1378]"
355,15,239,1211,0.0008923112873211826,3.6000000000176516e-07,3,"[4, 20, 21]","[4257, 854, 1017]"
356,15,239,1211,0.0008927612873211848,4.5000000000220645e-07,3,"[4, 20, 21]","[4669, 830, 750]"
357,15,240,1209,0.0008924230593264367,0.0008924230593264367,3,"[4, 19, 20]","[6196, 86, 6]"
358,15,240,1209,0.0008930130593264396,5.900000000028929e-07,2,"[4, 19]","[6134, 102]"
359,15,240,1210,0.0008922157568013119,0.0008922157568013119,3,"[4, 20, 21]","[5930, 393, 2]"
360,15,240,1210,0.0008928057568013147,5.900000000028929e-07,4,"[4, 19, 20, 21]","[6148, 1, 136, 1]"
361,15,241,1208,0.0008922490222786483,0.0008922490222786483,4,"[4, 19, 208, 209]","[2424, 3839, 1, 3]"
362,15,241,1208,0.0008926190222786502,3.700000000018142e-07,3,"[4, 19, 209]","[2814, 3419, 1]"
363,15,241,1208,0.0008929290222786517,3.1000000000152e-07,4,"[4, 19, 208, 209]","[3240, 3219, 2, 1]"
364,15,241,1208,0.0008932290222786531,3.0000000000147097e-07,4,"[4, 19, 208, 209]","[3261, 2922, 4, 1]"
365,15,241,1208,0.0008936290222786551,4.000000000019613e-07,3,"[4, 19, 209]","[3487, 2686, 1]"
366,15,241,1209,0.0008925584853635307,0.0008925584853635307,2,"[4, 19]","[5315, 977]"
367,15,241,1209,0.0008931584853635337,6.000000000029419e-07,2,"[4, 19]","[5344, 921]"
368,15,242,1207,0.0008930713164425447,0.0008930713164425447,2,"[4, 19]","[6161, 162]"
369,15,242,1207,0.0008936113164425474,5.400000000026477e-07,2,"[4, 19]","[6219, 52]"
370,15,242,1207,0.0008943713164425511,7.600000000037264e-07,2,"[4, 19]","[6168, 25]"
371,15,242,1208,0.0008929763625357065,0.0008929763625357065,4,"[4, 19, 208, 209]","[4852, 1490, 2, 1]"
372,15,242,1208,0.0008937563625357103,7.800000000038245e-07,3,"[4, 19, 209]","[5402, 784, 1]"
373,15,243,1206,0.000893482810732242,0.000893482810732242,1,[4],[6276]
374,15,243,1206,0.0008940228107322446,5.400000000026477e-07,1,[4],[6328]
375,15,243,1206,0.0008946928107322479,6.700000000032852e-07,1,[4],[6176]
376,15,243,1207,0.0008937066013871249,0.0008937066013871249,1,[4],[6303]
377,15,244,1204,0.0008952633005337272,0.0008952633005337272,2,"[4, 18]","[5801, 473]"
378,15,244,1205,0.000893910401494875,0.000893910401494875,2,"[4, 18]","[6248, 5]"
379,15,244,1205,0.0008944404014948776,5.300000000025987e-07,2,"[4, 18]","[6264, 13]"
380,15,244,1205,0.0008950904014948808,6.500000000031871e-07,2,"[4, 18]","[6245, 34]"
381,15,244,1206,0.000894302196583164,0.000894302196583164,1,[4],[6255]
382,15,245,1203,0.0008952556119353588,0.0008952556119353588,4,"[4, 18, 213, 214]","[4777, 1501, 2, 1]"
383,15,245,1204,0.000894188262037936,0.000894188262037936,3,"[4, 18, 213]","[4598, 1719, 4]"
384,15,245,1204,0.0008945682620379379,3.800000000018632e-07,4,"[4, 18, 213, 214]","[4078, 2166, 3, 1]"
385,15,245,1204,0.0008948882620379395,3.2000000000156903e-07,4,"[4, 18, 213, 214]","[3852, 2501, 2, 2]"
386,15,245,1204,0.000895198262037941,3.1000000000152e-07,4,"[4, 18, 213, 214]","[3431, 2705, 2, 2]"
387,15,245,1204,0.000895618262037943,4.2000000000205935e-07,4,"[4, 18, 213, 214]","[3173, 3098, 5, 1]"
388,15,245,1205,0.0008947590936847665,0.0008947590936847665,2,"[4, 18]","[5539, 761]"
389,15,246,1202,0.0008959381940601339,0.0008959381940601339,2,"[4, 17]","[5609, 657]"
390,15,246,1203,0.0008948785466388171,0.0008948785466388171,4,"[4, 17, 18, 214]","[5912, 14, 329, 1]"
391,15,246,1203,0.0008954085466388197,5.300000000025987e-07,3,"[4, 17, 18]","[6073, 21, 208]"
392,15,246,1203,0.0008961185466388232,7.100000000034813e-07,4,"[4, 17, 18, 213]","[6033, 37, 146, 1]"
393,15,246,1204,0.0008950928269602524,0.0008950928269602524,4,"[4, 18, 213, 214]","[4009, 2243, 3, 1]"
394,15,247,1201,0.000896410794642522,0.000896410794642522,3,"[4, 16, 17]","[5474, 34, 760]"
395,15,247,1202,0.0008953334610572162,0.0008953334610572162,2,"[4, 17]","[4850, 1409]"
396,15,247,1202,0.0008958134610572185,4.800000000023535e-07,2,"[4, 17]","[4913, 1427]"
397,15,247,1202,0.0008962934610572209,4.800000000023535e-07,2,"[4, 17]","[4936, 1332]"
398,15,247,1203,0.0008965552889794225,0.0008965552889794225,2,"[4, 17]","[5869, 391]"
399,15,248,1200,0.0008966555929683338,0.0008966555929683338,2,"[4, 16]","[4964, 1298]"
400,15,248,1201,0.0008959271692002173,0.0008959271692002173,3,"[4, 16, 17]","[5721, 505, 42]"
401,15,248,1201,0.0008964371692002198,5.100000000025006e-07,3,"[4, 16, 17]","[5434, 849, 8]"
402,15,248,1201,0.0008970171692002227,5.800000000028439e-07,3,"[4, 16, 17]","[5053, 1179, 10]"
403,15,249,1199,0.0008971004166818417,0.0008971004166818417,2,"[4, 16]","[6293, 3]"
404,15,249,1200,0.0008963108905153794,0.0008963108905153794,2,"[4, 16]","[5961, 325]"
405,15,249,1200,0.0008968208905153819,5.100000000025006e-07,2,"[4, 16]","[6000, 278]"
406,15,249,1200,0.0008974108905153848,5.900000000028929e-07,2,"[4, 16]","[5964, 274]"
407,15,249,1201,0.0008973435262074412,0.0008973435262074412,2,"[4, 16]","[5019, 1242]"
408,15,250,1198,0.0008972591564275668,0.0008972591564275668,2,"[4, 15]","[5331, 986]"
409,15,250,1198,0.0008981891564275714,9.3000000000456e-07,2,"[4, 15]","[4805, 1390]"
410,15,250,1199,0.0008967434939594253,0.0008967434939594253,2,"[4, 15]","[6220, 75]"
411,15,250,1199,0.0008972634939594279,5.200000000025497e-07,2,"[4, 15]","[6121, 144]"
412,15,250,1199,0.000897903493959431,6.400000000031381e-07,2,"[4, 15]","[5987, 225]"
413,15,251,1197,0.0008976284531352832,0.0008976284531352832,2,"[4, 15]","[6097, 182]"
414,15,251,1197,0.0008987684531352888,1.1400000000055897e-06,2,"[4, 15]","[6081, 146]"
415,15,251,1198,0.0008970312009934843,0.0008970312009934843,2,"[4, 15]","[4975, 1291]"
416,15,251,1198,0.0008974912009934865,4.600000000022555e-07,2,"[4, 15]","[5050, 1298]"
417,15,251,1198,0.0008979512009934888,4.600000000022555e-07,2,"[4, 15]","[4916, 1305]"
418,15,251,1198,0.0008991612009934947,1.2100000000059329e-06,2,"[4, 15]","[4808, 1365]"
419,15,252,1196,0.0008979264799192636,0.0008979264799192636,2,"[4, 14]","[6276, 1]"
420,15,252,1196,0.0008988764799192682,9.500000000046581e-07,2,"[4, 14]","[6231, 1]"
421,15,252,1197,0.0008975048235564818,0.0008975048235564818,2,"[4, 15]","[6348, 4]"
422,15,252,1197,0.0008980548235564845,5.500000000026968e-07,2,"[4, 15]","[6215, 2]"
423,15,252,1197,0.0008988648235564885,8.100000000039716e-07,1,[4],[6183]
424,15,253,1195,0.0008981631481264731,0.0008981631481264731,3,"[4, 14, 218]","[5382, 927, 17]"
425,15,253,1195,0.0008987931481264762,6.30000000003089e-07,3,"[4, 14, 218]","[5101, 1112, 15]"
426,15,253,1196,0.0008978982651502298,0.0008978982651502298,3,"[4, 14, 218]","[6230, 74, 3]"
427,15,253,1196,0.0008984682651502326,5.700000000027948e-07,3,"[4, 14, 218]","[6160, 113, 3]"
428,15,253,1196,0.0008994682651502375,1.0000000000049032e-06,3,"[4, 14, 218]","[6037, 154, 3]"
429,15,254,1194,0.0008985765306791974,0.0008985765306791974,3,"[4, 14, 218]","[6062, 215, 6]"
430,15,254,1194,0.0008994965306792019,9.20000000004511e-07,3,"[4, 14, 218]","[6098, 140, 1]"
431,15,254,1195,0.0008982543367022709,0.0008982543367022709,3,"[4, 14, 218]","[5222, 1024, 26]"
432,15,254,1195,0.0008988543367022738,6.000000000029419e-07,3,"[4, 14, 218]","[5202, 1008, 23]"
433,15,255,1193,0.0008986411515043424,0.0008986411515043424,1,[4],[6310]
434,15,255,1193,0.0008993311515043458,6.900000000033832e-07,1,[4],[6209]
435,15,255,1194,0.0008986203585899038,0.0008986203585899038,2,"[4, 14]","[6325, 3]"
436,15,255,1194,0.0008994103585899077,7.900000000038735e-07,2,"[4, 14]","[6191, 1]"
437,15,256,1192,0.0008987803461074922,0.0008987803461074922,1,[4],[6296]
438,15,256,1192,0.0008993903461074952,6.10000000002991e-07,1,[4],[6212]
439,15,256,1193,0.0008989033876773506,0.0008989033876773506,1,[4],[6332]
440,15,256,1193,0.000900023387677356,1.1200000000054916e-06,1,[4],[6168]
441,15,257,1191,0.0008989140098415511,0.0008989140098415511,1,[4],[6287]
442,15,257,1191,0.0008994840098415539,5.700000000027948e-07,1,[4],[6232]
443,15,257,1191,0.0009010040098415613,1.5200000000074529e-06,1,[4],[6235]
444,15,257,1192,0.0008992133343289011,0.0008992133343289011,1,[4],[6294]
445,15,258,1190,0.000899096584698995,0.000899096584698995,1,[4],[6329]
446,15,258,1190,0.0008996565846989977,5.600000000027458e-07,1,[4],[6212]
447,15,258,1190,0.0009006265846990025,9.700000000047561e-07,1,[4],[6225]
448,15,258,1191,0.0008995906842692163,0.0008995906842692163,1,[4],[6275]
449,15,259,1188,0.0009002533691011929,0.0009002533691011929,2,"[4, 13]","[6190, 61]"
450,15,259,1189,0.0008992674062273715,0.0008992674062273715,2,"[4, 13]","[6350, 1]"
451,15,259,1189,0.0008998074062273742,5.400000000026477e-07,1,[4],[6184]
452,15,259,1189,0.0009006974062273786,8.900000000043639e-07,1,[4],[6245]
453,15,259,1190,0.0009000601731841772,0.0009000601731841772,1,[4],[6255]
454,15,260,1187,0.0008998154474503786,0.0008998154474503786,2,"[4, 13]","[4403, 1848]"
455,15,260,1187,0.0009008554474503837,1.0400000000050993e-06,2,"[4, 13]","[4393, 1868]"
456,15,260,1188,0.0008993804108645562,0.0008993804108645562,2,"[4, 13]","[5607, 706]"
457,15,260,1188,0.0008998804108645587,5.000000000024516e-07,2,"[4, 13]","[5532, 687]"
458,15,260,1188,0.0009004704108645616,5.900000000028929e-07,2,"[4, 13]","[5387, 851]"
459,15,261,1186,0.0009001646251756878,0.0009001646251756878,2,"[4, 13]","[6260, 16]"
460,15,261,1186,0.0009014646251756941,1.3000000000063742e-06,2,"[4, 13]","[6234, 4]"
461,15,261,1187,0.0008996472286147632,0.0008996472286147632,2,"[4, 13]","[5706, 623]"
462,15,261,1187,0.0009001572286147657,5.100000000025006e-07,2,"[4, 13]","[5729, 463]"
463,15,261,1187,0.0009007672286147687,6.10000000002991e-07,2,"[4, 13]","[5853, 383]"
464,15,262,1185,0.0009002501274807938,0.0009002501274807938,3,"[4, 11, 12]","[5168, 27, 1102]"
465,15,262,1185,0.0009008201274807966,5.700000000027948e-07,3,"[4, 11, 12]","[4936, 52, 1262]"
466,15,262,1185,0.0009020801274808028,1.260000000006178e-06,3,"[4, 11, 12]","[4693, 102, 1411]"
467,15,262,1186,0.0009000661760607556,0.0009000661760607556,2,"[4, 12]","[6283, 3]"
468,15,262,1186,0.0009006661760607586,6.000000000029419e-07,3,"[4, 11, 12]","[6237, 1, 13]"
469,15,263,1184,0.0009002987068141591,0.0009002987068141591,4,"[4, 10, 11, 12]","[3255, 7, 1044, 2069]"
470,15,263,1184,0.0009007187068141611,4.2000000000205935e-07,4,"[4, 10, 11, 12]","[3382, 10, 1089, 1754]"
471,15,263,1184,0.000901108706814163,3.9000000000191225e-07,4,"[4, 10, 11, 12]","[3496, 39, 1123, 1524]"
472,15,263,1184,0.0009016387068141656,5.300000000025987e-07,4,"[4, 10, 11, 12]","[3701, 76, 1117, 1327]"
473,15,263,1185,0.0009002158324118356,0.0009002158324118356,3,"[4, 11, 12]","[3812, 531, 1936]"
474,15,263,1185,0.0009006758324118379,4.600000000022555e-07,3,"[4, 11, 12]","[3830, 664, 1822]"
475,15,263,1185,0.0009011258324118401,4.5000000000220645e-07,3,"[4, 11, 12]","[3829, 747, 1715]"
476,15,263,1185,0.0009020958324118449,9.700000000047561e-07,4,"[4, 10, 11, 12]","[3557, 1, 911, 1645]"
477,15,264,1183,0.0009007435043149117,0.0009007435043149117,3,"[4, 10, 11]","[5053, 1202, 11]"
478,15,264,1183,0.0009011735043149138,4.300000000021084e-07,4,"[4, 9, 10, 11]","[4617, 1, 1655, 8]"
479,15,264,1183,0.0009015735043149158,4.000000000019613e-07,4,"[4, 9, 10, 11]","[4198, 2, 2055, 4]"
480,15,264,1183,0.0009020735043149183,5.000000000024516e-07,3,"[4, 9, 10]","[3526, 1, 2748]"
481,15,264,1183,0.000903033504314923,9.60000000004707e-07,3,"[4, 10, 11]","[1681, 4502, 1]"
482,15,264,1184,0.000900823397744216,0.000900823397744216,4,"[4, 10, 11, 12]","[5023, 557, 552, 133]"
483,15,264,1184,0.000901453397744219,6.30000000003089e-07,4,"[4, 10, 11, 12]","[4371, 1497, 343, 57]"
484,15,264,1184,0.0009022133977442228,7.600000000037264e-07,4,"[4, 10, 11, 12]","[2745, 3289, 155, 30]"
485,15,264,1184,0.0009031233977442272,9.100000000044619e-07,4,"[4, 10, 11, 12]","[477, 5764, 14, 5]"
486,15,264,1184,0.000904103397744232,9.800000000048052e-07,2,"[4, 10]","[9, 6253]"
487,15,265,1181,0.0009020925111044612,0.0009020925111044612,2,"[4, 9]","[4914, 1357]"
488,15,265,1182,0.0009009945125974847,0.0009009945125974847,3,"[4, 9, 10]","[5181, 1110, 60]"
489,15,265,1182,0.0009014445125974869,4.5000000000220645e-07,3,"[4, 9, 10]","[5024, 1190, 53]"
490,15,265,1182,0.0009019045125974891,4.600000000022555e-07,3,"[4, 9, 10]","[4905, 1284, 43]"
491,15,265,1183,0.0009013019876568093,0.0009013019876568093,3,"[4, 9, 10]","[5047, 74, 1153]"
492,15,265,1183,0.0009023919876568146,1.0900000000053445e-06,3,"[4, 9, 10]","[4413, 89, 1724]"
493,15,266,1180,0.0009022605244701782,0.0009022605244701782,1,[4],[6291]
494,15,266,1181,0.0009013439898582084,0.0009013439898582084,2,"[4, 9]","[6055, 223]"
495,15,266,1181,0.0009019139898582112,5.700000000027948e-07,2,"[4, 9]","[6159, 158]"
496,15,266,1181,0.0009027839898582155,8.700000000042658e-07,2,"[4, 9]","[6077, 110]"
497,15,266,1182,0.0009019438115270319,0.0009019438115270319,2,"[4, 9]","[5248, 1024]"
498,15,267,1179,0.0009022717298219207,0.0009022717298219207,2,"[4, 8]","[6286, 7]"
499,15,267,1180,0.0009016669973127111,0.0009016669973127111,1,[4],[6275]
500,15,267,1180,0.000902256997312714,5.900000000028929e-07,1,[4],[6229]
501,15,268,1178,0.0009020980187405857,0.0009020980187405857,2,"[4, 8]","[4307, 2035]"
502,15,268,1178,0.0009027780187405891,6.800000000033342e-07,2,"[4, 8]","[4360, 1837]"
503,15,268,1179,0.0009019420756428825,0.0009019420756428825,2,"[4, 8]","[6101, 238]"
504,15,268,1179,0.0009025520756428854,6.10000000002991e-07,2,"[4, 8]","[5977, 237]"
505,15,269,1177,0.0009024174647131438,0.0009024174647131438,2,"[4, 8]","[6088, 213]"
506,15,269,1177,0.0009031574647131474,7.400000000036284e-07,2,"[4, 8]","[6149, 104]"
507,15,269,1178,0.0009021556796973608,0.0009021556796973608,2,"[4, 8]","[4733, 1600]"
508,15,269,1178,0.0009027656796973637,6.10000000002991e-07,2,"[4, 8]","[5022, 1171]"
509,15,270,1176,0.0009025812997413667,0.0009025812997413667,1,[4],[6285]
510,15,270,1176,0.0009032012997413697,6.2000000000304e-07,1,[4],[6226]
511,15,270,1177,0.0009026958464902654,0.0009026958464902654,2,"[4, 8]","[6262, 1]"
512,15,270,1177,0.0009044858464902742,1.7900000000087768e-06,2,"[4, 8]","[6236, 2]"
513,15,271,1174,0.0009040473244463105,0.0009040473244463105,1,[4],[6268]
514,15,271,1175,0.0009027682979519766,0.0009027682979519766,1,[4],[6279]
515,15,271,1175,0.0009033482979519795,5.800000000028439e-07,1,[4],[6279]
516,15,271,1175,0.0009046982979519861,1.3500000000066193e-06,1,[4],[6196]
517,15,271,1176,0.0009032399016055973,0.0009032399016055973,1,[4],[6263]
518,15,272,1173,0.0009036500864343243,0.0009036500864343243,1,[4],[6298]
519,15,272,1174,0.0009030072326480476,0.0009030072326480476,1,[4],[6351]
520,15,272,1174,0.0009035872326480504,5.800000000028439e-07,1,[4],[6175]
521,15,272,1175,0.0009046683853881584,0.0009046683853881584,1,[4],[6252]
522,15,273,1172,0.0009036217995173606,0.0009036217995173606,1,[4],[6294]
523,15,273,1172,0.0009047617995173662,1.1400000000055897e-06,1,[4],[6214]
524,15,273,1173,0.0009033263143330805,0.0009033263143330805,1,[4],[6334]
525,15,273,1173,0.0009039763143330837,6.500000000031871e-07,1,[4],[6203]
526,15,274,1171,0.0009037156007424981,0.0009037156007424981,1,[4],[6254]
527,15,274,1171,0.0009044256007425016,7.100000000034813e-07,1,[4],[6266]
528,15,274,1172,0.0009036615522609325,0.0009036615522609325,1,[4],[6284]
529,15,274,1172,0.0009044915522609365,8.300000000040697e-07,1,[4],[6227]
530,15,275,1170,0.0009038827861056974,0.0009038827861056974,1,[4],[6316]
531,15,275,1170,0.0009044927861057004,6.10000000002991e-07,1,[4],[6239]
532,15,275,1171,0.0009041131792522901,0.0009041131792522901,1,[4],[6303]
533,15,276,1168,0.0009053704489648005,0.0009053704489648005,1,[4],[6255]
534,15,276,1169,0.0009041519515011065,0.0009041519515011065,1,[4],[6304]
535,15,276,1169,0.0009048019515011097,6.500000000031871e-07,1,[4],[6244]
536,15,276,1170,0.0009047519099328026,0.0009047519099328026,1,[4],[6281]
537,15,277,1167,0.0009050556812888174,0.0009050556812888174,1,[4],[6312]
538,15,277,1168,0.0009044806667327574,0.0009044806667327574,1,[4],[6338]
539,15,277,1168,0.0009051406667327606,6.600000000032361e-07,1,[4],[6233]
540,15,278,1166,0.0009051380137581106,0.0009051380137581106,1,[4],[6289]
541,15,278,1166,0.0009060780137581152,9.40000000004609e-07,1,[4],[6216]
542,15,278,1167,0.0009049115637079524,0.0009049115637079524,1,[4],[6300]
543,15,278,1167,0.0009057015637079563,7.900000000038735e-07,1,[4],[6229]
544,15,279,1165,0.0009053999814743522,0.0009053999814743522,1,[4],[6330]
545,15,279,1165,0.0009060899814743556,6.900000000033832e-07,1,[4],[6178]
546,15,279,1166,0.0009054324462153128,0.0009054324462153128,1,[4],[6277]
547,15,280,1163,0.0009069871305165566,0.0009069871305165566,1,[4],[6267]
548,15,280,1164,0.0009056791603804122,0.0009056791603804122,1,[4],[6321]
549,15,280,1164,0.0009063191603804154,6.400000000031381e-07,1,[4],[6282]
550,15,280,1165,0.0009061172765037382,0.0009061172765037382,1,[4],[6275]
551,15,281,1162,0.0009066565654156104,0.0009066565654156104,1,[4],[6261]
552,15,281,1163,0.0009060149860812157,0.0009060149860812157,1,[4],[6295]
553,15,281,1163,0.0009066649860812189,6.500000000031871e-07,1,[4],[6294]
554,15,282,1161,0.000906742921640342,0.000906742921640342,1,[4],[6298]
555,15,282,1161,0.0009077729216403471,1.0300000000050503e-06,1,[4],[6226]
556,15,282,1162,0.0009064427083168114,0.0009064427083168114,1,[4],[6256]
557,15,282,1162,0.0009071927083168151,7.500000000036774e-07,1,[4],[6258]
558,15,283,1160,0.0009069593318071764,0.0009069593318071764,1,[4],[6264]
559,15,283,1160,0.0009076693318071799,7.100000000034813e-07,1,[4],[6268]
560,15,283,1161,0.0009069546132265031,0.0009069546132265031,1,[4],[6256]
561,15,283,1161,0.0009083346132265098,1.3800000000067664e-06,1,[4],[6248]
562,15,284,1158,0.0009076401123936306,0.0009076401123936306,2,"[4, 7]","[3088, 3192]"
563,15,284,1158,0.0009084401123936345,8.000000000039226e-07,2,"[4, 7]","[2547, 3684]"
564,15,284,1159,0.0009072486699069371,0.0009072486699069371,2,"[4, 7]","[6259, 49]"
565,15,284,1159,0.0009078586699069401,6.10000000002991e-07,2,"[4, 7]","[6125, 110]"
566,15,284,1160,0.0009075995507349404,0.0009075995507349404,1,[4],[6278]
567,15,285,1157,0.0009078501143511344,0.0009078501143511344,3,"[4, 6, 7]","[4244, 1, 2062]"
568,15,285,1157,0.0009086501143511384,8.000000000039226e-07,4,"[4, 5, 6, 7]","[4715, 1, 9, 1524]"
569,15,285,1158,0.0009072935812160052,0.0009072935812160052,2,"[4, 7]","[3836, 2466]"
570,15,285,1158,0.0009077035812160072,4.100000000020103e-07,2,"[4, 7]","[3726, 2488]"
571,15,285,1158,0.0009080835812160091,3.800000000018632e-07,2,"[4, 7]","[3922, 2443]"
572,15,285,1158,0.0009085535812160114,4.700000000023045e-07,2,"[4, 7]","[3806, 2354]"
573,15,285,1159,0.0009085743476656026,0.0009085743476656026,2,"[4, 7]","[5670, 594]"
574,15,286,1156,0.0009081120141519616,0.0009081120141519616,4,"[1, 4, 5, 6]","[1, 4652, 443, 1215]"
575,15,286,1156,0.0009086220141519641,5.100000000025006e-07,4,"[1, 4, 5, 6]","[1, 4264, 592, 1443]"
576,15,286,1156,0.0009091620141519667,5.400000000026477e-07,4,"[1, 4, 5, 6]","[2, 4083, 610, 1464]"
577,15,286,1157,0.0009080130957642659,0.0009080130957642659,5,"[1, 4, 5, 6, 7]","[1, 6038, 13, 245, 36]"
578,15,286,1157,0.0009086530957642691,6.400000000031381e-07,5,"[1, 4, 5, 6, 7]","[4, 5818, 15, 369, 20]"
579,15,287,1154,0.0009093574466974869,0.0009093574466974869,3,"[1, 4, 5]","[2172, 4141, 1]"
580,15,287,1155,0.000908511526002514,0.000908511526002514,4,"[1, 4, 5, 6]","[834, 4897, 455, 116]"
581,15,287,1155,0.0009089615260025162,4.5000000000220645e-07,4,"[1, 4, 5, 6]","[1366, 4591, 279, 65]"
582,15,287,1155,0.0009093715260025182,4.100000000020103e-07,4,"[1, 4, 5, 6]","[1764, 4215, 201, 40]"
583,15,287,1155,0.0009099115260025208,5.400000000026477e-07,4,"[1, 4, 5, 6]","[2432, 3610, 119, 16]"
584,15,287,1156,0.000908316065643592,0.000908316065643592,4,"[1, 4, 5, 6]","[1062, 3317, 750, 1154]"
585,15,287,1156,0.0009087660656435942,4.5000000000220645e-07,4,"[1, 4, 5, 6]","[1970, 2780, 616, 931]"
586,15,287,1156,0.0009091760656435962,4.100000000020103e-07,4,"[1, 4, 5, 6]","[2635, 2353, 531, 678]"
587,15,287,1156,0.0009096960656435987,5.200000000025497e-07,4,"[1, 4, 5, 6]","[3602, 1811, 388, 491]"
588,15,287,1157,0.0009087837737292432,0.0009087837737292432,4,"[1, 4, 5, 6]","[4799, 1008, 35, 506]"
589,15,287,1157,0.0009093937737292462,6.10000000002991e-07,4,"[1, 4, 5, 6]","[5671, 306, 18, 209]"
590,15,287,1157,0.0009107937737292531,1.4000000000068645e-06,4,"[1, 4, 5, 6]","[5988, 111, 6, 95]"
591,15,287,1158,0.0009088501369597341,0.0009088501369597341,3,"[1, 4, 6]","[6280, 27, 3]"
592,15,287,1158,0.0009094501369597371,6.000000000029419e-07,2,"[1, 4]","[6269, 2]"
593,15,287,1159,0.0009087804774666704,0.0009087804774666704,1,[1],[6255]
594,15,287,1159,0.0009094004774666734,6.2000000000304e-07,1,[1],[6336]
595,15,287,1160,0.0009087751592475406,0.0009087751592475406,1,[1],[6270]
596,15,287,1160,0.0009094251592475438,6.500000000031871e-07,1,[1],[6273]
597,15,287,1161,0.0009087112045301925,0.0009087112045301925,1,[1],[6281]
598,15,287,1161,0.0009093712045301957,6.600000000032361e-07,1,[1],[6270]
599,15,287,1162,0.0009087427644290956,0.0009087427644290956,1,[1],[6293]
600,15,287,1162,0.0009095927644290997,8.500000000041677e-07,1,[1],[6227]
601,15,287,1163,0.0009087705739509698,0.0009087705739509698,1,[1],[6314]
602,15,287,1163,0.0009097805739509748,1.0100000000049522e-06,1,[1],[6196]
603,15,287,1164,0.0009088238248065567,0.0009088238248065567,1,[1],[6250]
604,15,287,1165,0.0009090712044454753,0.0009090712044454753,1,[1],[6253]
605,15,287,1166,0.0009094717948995276,0.0009094717948995276,1,[1],[6262]
606,15,287,1167,0.0009101971450465312,0.0009101971450465312,1,[1],[6252]
607,15,288,1153,0.0009093932773998878,0.0009093932773998878,2,"[1, 4]","[4998, 1298]"
608,15,288,1153,0.0009101832773998916,7.900000000038735e-07,2,"[1, 4]","[5002, 1209]"
609,15,288,1154,0.0009084958245622289,0.0009084958245622289,2,"[1, 4]","[4657, 1610]"
610,15,288,1154,0.0009087758245622302,2.800000000013729e-07,2,"[1, 4]","[4934, 1481]"
611,15,288,1154,0.0009089658245622312,1.900000000009316e-07,2,"[1, 4]","[4864, 1322]"
612,15,288,1154,0.000909125824562232,1.6000000000078451e-07,2,"[1, 4]","[4947, 1279]"
613,15,288,1154,0.0009092658245622327,1.4000000000068645e-07,2,"[1, 4]","[4951, 1283]"
614,15,288,1154,0.0009094058245622333,1.4000000000068645e-07,2,"[1, 4]","[5317, 1328]"
615,15,288,1154,0.000909535824562234,1.3000000000063742e-07,2,"[1, 4]","[5070, 1174]"
616,15,288,1154,0.0009096658245622346,1.3000000000063742e-07,2,"[1, 4]","[4939, 1153]"
617,15,288,1154,0.0009098058245622353,1.4000000000068645e-07,2,"[1, 4]","[5033, 1063]"
618,15,288,1154,0.0009099658245622361,1.6000000000078451e-07,2,"[1, 4]","[5270, 1141]"
619,15,288,1154,0.000910155824562237,1.900000000009316e-07,2,"[1, 4]","[5186, 1048]"
620,15,288,1154,0.0009104058245622382,2.500000000012258e-07,2,"[1, 4]","[4998, 960]"
621,15,288,1154,0.0009110358245622413,6.30000000003089e-07,2,"[1, 4]","[5378, 895]"
622,15,288,1155,0.0009084223206357397,0.0009084223206357397,4,"[1, 4, 5, 6]","[5262, 983, 3, 2]"
623,15,288,1155,0.0009087123206357412,2.9000000000142193e-07,4,"[1, 4, 5, 6]","[5577, 810, 3, 1]"
624,15,288,1155,0.0009089123206357421,2.0000000000098064e-07,2,"[1, 4]","[5532, 703]"
625,15,288,1155,0.000909082320635743,1.7000000000083355e-07,2,"[1, 4]","[5689, 681]"
626,15,288,1155,0.0009092323206357437,1.5000000000073548e-07,3,"[1, 4, 5]","[5526, 596, 2]"
627,15,288,1155,0.0009093823206357444,1.5000000000073548e-07,3,"[1, 4, 5]","[5846, 578, 2]"
628,15,288,1155,0.0009095223206357451,1.4000000000068645e-07,2,"[1, 4]","[5528, 469]"
629,15,288,1155,0.0009096723206357459,1.5000000000073548e-07,2,"[1, 4]","[5722, 485]"
630,15,288,1155,0.0009098423206357467,1.7000000000083355e-07,3,"[1, 4, 5]","[5836, 483, 1]"
631,15,288,1155,0.0009100523206357477,2.1000000000102968e-07,2,"[1, 4]","[5959, 422]"
632,15,288,1155,0.0009103423206357491,2.9000000000142193e-07,2,"[1, 4]","[5795, 358]"
633,15,288,1156,0.0009084079525074203,0.0009084079525074203,4,"[1, 4, 5, 6]","[6178, 123, 5, 7]"
634,15,288,1156,0.0009087179525074219,3.1000000000152e-07,4,"[1, 4, 5, 6]","[6279, 91, 5, 1]"
635,15,288,1156,0.0009089379525074229,2.200000000010787e-07,4,"[1, 4, 5, 6]","[6196, 59, 8, 6]"
636,15,288,1156,0.0009091279525074239,1.900000000009316e-07,4,"[1, 4, 5, 6]","[6163, 62, 4, 2]"
637,15,288,1156,0.0009093079525074248,1.8000000000088258e-07,4,"[1, 4, 5, 6]","[6309, 53, 5, 3]"
638,15,288,1156,0.0009094879525074256,1.8000000000088258e-07,4,"[1, 4, 5, 6]","[6082, 34, 3, 1]"
639,15,288,1156,0.0009096879525074266,2.0000000000098064e-07,3,"[1, 4, 5]","[6111, 29, 1]"
640,15,288,1156,0.0009099479525074279,2.6000000000127484e-07,4,"[1, 4, 5, 6]","[6345, 31, 1, 1]"
641,15,288,1156,0.0009103579525074299,4.100000000020103e-07,2,"[1, 4]","[6095, 26]"
642,15,288,1157,0.0009083936312492124,0.0009083936312492124,3,"[1, 4, 6]","[6338, 1, 3]"
643,15,288,1157,0.0009087136312492139,3.2000000000156903e-07,2,"[1, 6]","[6328, 2]"
644,15,288,1157,0.0009089536312492151,2.4000000000117677e-07,2,"[1, 6]","[6307, 1]"
645,15,288,1157,0.0009091536312492161,2.0000000000098064e-07,3,"[1, 4, 5]","[6055, 2, 1]"
646,15,288,1157,0.0009093736312492172,2.200000000010787e-07,1,[1],[6537]
647,15,288,1157,0.0009096036312492183,2.3000000000112774e-07,2,"[1, 4]","[6030, 1]"
648,15,288,1157,0.0009099136312492198,3.1000000000152e-07,1,[1],[6316]
649,15,288,1157,0.0009106636312492235,7.500000000036774e-07,1,[1],[6089]
650,15,288,1158,0.0009083779333319041,0.0009083779333319041,1,[1],[6292]
651,15,288,1158,0.0009087079333319057,3.3000000000161806e-07,1,[1],[6304]
652,15,288,1158,0.0009089579333319069,2.500000000012258e-07,1,[1],[6304]
653,15,288,1158,0.000909177933331908,2.200000000010787e-07,1,[1],[6101]
654,15,288,1158,0.0009094179333319092,2.4000000000117677e-07,1,[1],[6492]
655,15,288,1158,0.0009096879333319105,2.7000000000132387e-07,1,[1],[6134]
656,15,288,1158,0.0009101179333319126,4.300000000021084e-07,1,[1],[6174]
657,15,288,1159,0.0009083449529989883,0.0009083449529989883,1,[1],[6260]
658,15,288,1159,0.0009086849529989899,3.400000000016671e-07,1,[1],[6405]
659,15,288,1159,0.0009089449529989912,2.6000000000127484e-07,1,[1],[6302]
660,15,288,1159,0.0009091849529989924,2.4000000000117677e-07,1,[1],[6236]
661,15,288,1159,0.0009094349529989936,2.500000000012258e-07,1,[1],[6122]
662,15,288,1159,0.0009097549529989952,3.2000000000156903e-07,1,[1],[6292]
663,15,288,1159,0.0009104949529989988,7.400000000036284e-07,1,[1],[6170]
664,15,288,1160,0.0009083243585979112,0.0009083243585979112,1,[1],[6304]
665,15,288,1160,0.000908684358597913,3.6000000000176516e-07,1,[1],[6402]
666,15,288,1160,0.0009089543585979143,2.7000000000132387e-07,1,[1],[6191]
667,15,288,1160,0.0009092143585979156,2.6000000000127484e-07,1,[1],[6141]
668,15,288,1160,0.0009095243585979171,3.1000000000152e-07,1,[1],[6339]
669,15,288,1160,0.0009100043585979194,4.800000000023535e-07,1,[1],[6193]
670,15,288,1161,0.0009082496795235455,0.0009082496795235455,1,[1],[6338]
671,15,288,1161,0.0009085996795235472,3.500000000017161e-07,1,[1],[6216]
672,15,288,1161,0.0009088696795235485,2.7000000000132387e-07,1,[1],[6218]
673,15,288,1161,0.0009091296795235498,2.6000000000127484e-07,1,[1],[6250]
674,15,288,1161,0.0009094296795235513,3.0000000000147097e-07,1,[1],[6375]
675,15,288,1161,0.0009098596795235534,4.300000000021084e-07,1,[1],[6126]
676,15,288,1162,0.0009082040559961652,0.0009082040559961652,1,[1],[6336]
677,15,288,1162,0.000908564055996167,3.6000000000176516e-07,1,[1],[6315]
678,15,288,1162,0.0009088540559961684,2.9000000000142193e-07,1,[1],[6327]
679,15,288,1162,0.0009091240559961697,2.7000000000132387e-07,1,[1],[6170]
680,15,288,1162,0.0009094540559961713,3.3000000000161806e-07,1,[1],[6211]
681,15,288,1162,0.0009100540559961743,6.000000000029419e-07,1,[1],[6178]
682,15,288,1163,0.0009081539251932254,0.0009081539251932254,1,[1],[6409]
683,15,288,1163,0.0009085039251932271,3.500000000017161e-07,1,[1],[6280]
684,15,288,1163,0.0009087739251932284,2.7000000000132387e-07,1,[1],[6095]
685,15,288,1163,0.0009090439251932298,2.7000000000132387e-07,1,[1],[6249]
686,15,288,1163,0.0009093539251932313,3.1000000000152e-07,1,[1],[6257]
687,15,288,1163,0.0009098639251932338,5.100000000025006e-07,1,[1],[6259]
688,15,288,1164,0.0009080910181987267,0.0009080910181987267,1,[1],[6272]
689,15,288,1164,0.0009084410181987284,3.500000000017161e-07,1,[1],[6317]
690,15,288,1164,0.0009087110181987297,2.7000000000132387e-07,1,[1],[6355]
691,15,288,1164,0.000908961018198731,2.500000000012258e-07,1,[1],[6067]
692,15,288,1164,0.0009092510181987324,2.9000000000142193e-07,1,[1],[6363]
693,15,288,1164,0.0009096610181987344,4.100000000020103e-07,1,[1],[6219]
694,15,288,1165,0.0009081091203809211,0.0009081091203809211,1,[1],[6388]
695,15,288,1165,0.0009084591203809228,3.500000000017161e-07,1,[1],[6212]
696,15,288,1165,0.0009087391203809242,2.800000000013729e-07,1,[1],[6307]
697,15,288,1165,0.0009089991203809255,2.6000000000127484e-07,1,[1],[6134]
698,15,288,1165,0.000909309120380927,3.1000000000152e-07,1,[1],[6293]
699,15,288,1165,0.0009098291203809295,5.200000000025497e-07,1,[1],[6169]
700,15,288,1166,0.0009081313415075694,0.0009081313415075694,1,[1],[6370]
701,15,288,1166,0.0009084813415075711,3.500000000017161e-07,1,[1],[6296]
702,15,288,1166,0.0009087613415075724,2.800000000013729e-07,1,[1],[6290]
703,15,288,1166,0.0009090213415075737,2.6000000000127484e-07,1,[1],[6141]
704,15,288,1166,0.0009093313415075752,3.1000000000152e-07,1,[1],[6269]
705,15,288,1166,0.0009098113415075776,4.800000000023535e-07,1,[1],[6142]
706,15,288,1167,0.0009081832241602176,0.0009081832241602176,1,[1],[6276]
707,15,288,1167,0.0009085232241602193,3.400000000016671e-07,1,[1],[6247]
708,15,288,1167,0.0009088032241602207,2.800000000013729e-07,1,[1],[6384]
709,15,288,1167,0.000909063224160222,2.6000000000127484e-07,1,[1],[6250]
710,15,288,1167,0.0009093532241602234,2.9000000000142193e-07,1,[1],[6200]
711,15,288,1167,0.0009097932241602255,4.400000000021574e-07,1,[1],[6201]
712,15,288,1168,0.0009082901819595916,0.0009082901819595916,1,[1],[6294]
713,15,288,1168,0.0009086501819595933,3.6000000000176516e-07,1,[1],[6376]
714,15,288,1168,0.0009089301819595947,2.800000000013729e-07,1,[1],[6288]
715,15,288,1168,0.000909190181959596,2.6000000000127484e-07,1,[1],[6120]
716,15,288,1168,0.0009095001819595975,3.1000000000152e-07,1,[1],[6266]
717,15,288,1168,0.0009099901819595999,4.900000000024026e-07,1,[1],[6171]
718,15,288,1169,0.0009084279232465769,0.0009084279232465769,1,[1],[6268]
719,15,288,1169,0.0009087979232465787,3.700000000018142e-07,1,[1],[6363]
720,15,288,1169,0.0009090879232465801,2.9000000000142193e-07,1,[1],[6275]
721,15,288,1169,0.0009093579232465815,2.7000000000132387e-07,1,[1],[6217]
722,15,288,1169,0.0009096879232465831,3.3000000000161806e-07,1,[1],[6176]
723,15,288,1169,0.0009103679232465864,6.800000000033342e-07,1,[1],[6223]
724,15,288,1170,0.0009085252926530229,0.0009085252926530229,1,[1],[6297]
725,15,288,1170,0.0009088852926530247,3.6000000000176516e-07,1,[1],[6261]
726,15,288,1170,0.0009091752926530261,2.9000000000142193e-07,1,[1],[6337]
727,15,288,1170,0.0009094652926530275,2.9000000000142193e-07,1,[1],[6191]
728,15,288,1170,0.0009098152926530292,3.500000000017161e-07,1,[1],[6255]
729,15,288,1170,0.0009107352926530337,9.20000000004511e-07,1,[1],[6167]
730,15,288,1171,0.0009085674567429934,0.0009085674567429934,1,[1],[6400]
731,15,288,1171,0.0009089174567429951,3.500000000017161e-07,1,[1],[6118]
732,15,288,1171,0.0009092074567429965,2.9000000000142193e-07,1,[1],[6299]
733,15,288,1171,0.0009094974567429979,2.9000000000142193e-07,1,[1],[6388]
734,15,288,1171,0.0009098274567429995,3.3000000000161806e-07,1,[1],[6114]
735,15,288,1171,0.0009105074567430029,6.800000000033342e-07,1,[1],[6225]
736,15,288,1172,0.0009085887018996143,0.0009085887018996143,1,[1],[6301]
737,15,288,1172,0.000908948701899616,3.6000000000176516e-07,1,[1],[6348]
738,15,288,1172,0.0009092287018996174,2.800000000013729e-07,1,[1],[6202]
739,15,288,1172,0.0009095087018996188,2.800000000013729e-07,1,[1],[6266]
740,15,288,1172,0.0009098487018996205,3.400000000016671e-07,1,[1],[6150]
741,15,288,1172,0.0009105587018996239,7.100000000034813e-07,1,[1],[6249]
742,15,288,1173,0.0009086423344194482,0.0009086423344194482,1,[1],[6302]
743,15,288,1173,0.0009090023344194499,3.6000000000176516e-07,1,[1],[6355]
744,15,288,1173,0.0009092923344194514,2.9000000000142193e-07,1,[1],[6179]
745,15,288,1173,0.0009095923344194528,3.0000000000147097e-07,1,[1],[6311]
746,15,288,1173,0.0009099623344194546,3.700000000018142e-07,1,[1],[6163]
747,15,288,1174,0.000908703058239044,0.000908703058239044,1,[1],[6354]
748,15,288,1174,0.0009090630582390457,3.6000000000176516e-07,1,[1],[6233]
749,15,288,1174,0.0009093630582390472,3.0000000000147097e-07,1,[1],[6301]
750,15,288,1174,0.0009096630582390487,3.0000000000147097e-07,1,[1],[6268]
751,15,288,1174,0.0009100530582390506,3.9000000000191225e-07,1,[1],[6174]
752,15,288,1175,0.0009088009750777191,0.0009088009750777191,2,"[1, 2]","[6330, 1]"
753,15,288,1175,0.0009091709750777209,3.700000000018142e-07,1,[1],[6251]
754,15,288,1175,0.0009094809750777224,3.1000000000152e-07,1,[1],[6250]
755,15,288,1175,0.000909800975077724,3.2000000000156903e-07,2,"[1, 2]","[6241, 2]"
756,15,288,1175,0.0009102509750777262,4.5000000000220645e-07,1,[1],[6205]
757,15,288,1176,0.0009088947235503302,0.0009088947235503302,2,"[1, 2]","[6166, 188]"
758,15,288,1176,0.0009092547235503319,3.6000000000176516e-07,2,"[1, 2]","[5975, 181]"
759,15,288,1176,0.0009095647235503334,3.1000000000152e-07,2,"[1, 2]","[6128, 213]"
760,15,288,1176,0.000909874723550335,3.1000000000152e-07,2,"[1, 2]","[6014, 199]"
761,15,288,1176,0.000910284723550337,4.100000000020103e-07,2,"[1, 2]","[5969, 230]"
762,15,288,1177,0.0009089499040863967,0.0009089499040863967,2,"[1, 2]","[5407, 890]"
763,15,288,1177,0.0009093199040863985,3.700000000018142e-07,2,"[1, 2]","[5527, 763]"
764,15,288,1177,0.0009095999040863999,2.800000000013729e-07,2,"[1, 2]","[5508, 725]"
765,15,288,1177,0.0009098899040864013,2.9000000000142193e-07,2,"[1, 2]","[5594, 707]"
766,15,288,1177,0.000910229904086403,3.400000000016671e-07,2,"[1, 2]","[5571, 676]"
767,15,288,1177,0.0009109599040864066,7.300000000035793e-07,2,"[1, 2]","[5545, 606]"
768,15,288,1178,0.0009091372971220752,0.0009091372971220752,2,"[1, 2]","[6296, 55]"
769,15,288,1178,0.000909517297122077,3.800000000018632e-07,2,"[1, 2]","[6193, 50]"
770,15,288,1178,0.0009098372971220786,3.2000000000156903e-07,2,"[1, 2]","[6193, 42]"
771,15,288,1178,0.0009101772971220803,3.400000000016671e-07,2,"[1, 2]","[6164, 31]"
772,15,288,1178,0.000910737297122083,5.600000000027458e-07,2,"[1, 2]","[6259, 37]"
773,15,288,1179,0.0009092492284846467,0.0009092492284846467,1,[1],[6342]
774,15,288,1179,0.0009096292284846485,3.800000000018632e-07,1,[1],[6158]
775,15,288,1179,0.0009099592284846502,3.3000000000161806e-07,1,[1],[6357]
776,15,288,1179,0.0009103192284846519,3.6000000000176516e-07,1,[1],[6195]
777,15,288,1179,0.000910939228484655,6.2000000000304e-07,1,[1],[6248]
778,15,288,1180,0.0009093237530376127,0.0009093237530376127,1,[1],[6304]
779,15,288,1180,0.0009097137530376146,3.9000000000191225e-07,1,[1],[6232]
780,15,288,1180,0.0009100437530376162,3.3000000000161806e-07,1,[1],[6341]
781,15,288,1180,0.000910393753037618,3.500000000017161e-07,1,[1],[6178]
782,15,288,1180,0.0009109837530376208,5.900000000028929e-07,1,[1],[6211]
783,15,288,1181,0.0009093924215338276,0.0009093924215338276,1,[1],[6387]
784,15,288,1181,0.0009097824215338295,3.9000000000191225e-07,1,[1],[6230]
785,15,288,1181,0.000910102421533831,3.2000000000156903e-07,1,[1],[6154]
786,15,288,1181,0.0009104524215338328,3.500000000017161e-07,1,[1],[6265]
787,15,288,1181,0.0009110524215338357,6.000000000029419e-07,1,[1],[6254]
788,15,288,1182,0.0009094508077280083,0.0009094508077280083,1,[1],[6299]
789,15,288,1182,0.0009098308077280102,3.800000000018632e-07,1,[1],[6366]
790,15,288,1182,0.0009101408077280117,3.1000000000152e-07,1,[1],[6200]
791,15,288,1182,0.0009104708077280133,3.3000000000161806e-07,1,[1],[6291]
792,15,288,1182,0.0009109708077280158,5.000000000024516e-07,1,[1],[6170]
793,15,288,1183,0.0009094933556537088,0.0009094933556537088,1,[1],[6285]
794,15,288,1183,0.0009098633556537106,3.700000000018142e-07,1,[1],[6285]
795,15,288,1183,0.0009101733556537121,3.1000000000152e-07,1,[1],[6315]
796,15,288,1183,0.0009104933556537137,3.2000000000156903e-07,1,[1],[6229]
797,15,288,1183,0.0009109333556537158,4.400000000021574e-07,1,[1],[6184]
798,15,288,1184,0.0009095612230151289,0.0009095612230151289,1,[1],[6384]
799,15,288,1184,0.0009099312230151307,3.700000000018142e-07,1,[1],[6232]
800,15,288,1184,0.0009102512230151322,3.2000000000156903e-07,1,[1],[6248]
801,15,288,1184,0.0009105712230151338,3.2000000000156903e-07,1,[1],[6284]
802,15,288,1184,0.0009110312230151361,4.600000000022555e-07,1,[1],[6117]
803,15,288,1185,0.000909567904554331,0.000909567904554331,1,[1],[6280]
804,15,288,1185,0.0009099479045543328,3.800000000018632e-07,1,[1],[6334]
805,15,288,1185,0.0009102479045543343,3.0000000000147097e-07,1,[1],[6150]
806,15,288,1185,0.0009105779045543359,3.3000000000161806e-07,1,[1],[6338]
807,15,288,1185,0.0009110279045543381,4.5000000000220645e-07,1,[1],[6223]
808,15,288,1186,0.0009095555005197161,0.0009095555005197161,1,[1],[6276]
809,15,288,1186,0.0009099255005197179,3.700000000018142e-07,1,[1],[6299]
810,15,288,1186,0.0009102255005197194,3.0000000000147097e-07,1,[1],[6208]
811,15,288,1186,0.0009105355005197209,3.1000000000152e-07,1,[1],[6320]
812,15,288,1186,0.0009109455005197229,4.100000000020103e-07,1,[1],[6175]
813,15,288,1187,0.000909579145169509,0.000909579145169509,1,[1],[6378]
814,15,288,1187,0.0009099491451695108,3.700000000018142e-07,1,[1],[6237]
815,15,288,1187,0.0009102591451695123,3.1000000000152e-07,1,[1],[6289]
816,15,288,1187,0.0009105691451695138,3.1000000000152e-07,1,[1],[6119]
817,15,288,1187,0.000911009145169516,4.400000000021574e-07,1,[1],[6310]
818,15,288,1188,0.0009099507477865397,0.0009099507477865397,1,[1],[6288]
819,15,288,1188,0.0009105607477865427,6.10000000002991e-07,1,[1],[6277]
820,15,289,1154,0.0009094038882398892,0.0009094038882398892,2,"[1, 4]","[5706, 633]"
821,15,289,1154,0.0009102838882398935,8.800000000043148e-07,2,"[1, 4]","[5615, 579]"
822,15,289,1155,0.0009097756149860982,0.0009097756149860982,2,"[1, 4]","[6204, 98]"
823,15,289,1171,0.000910195868657496,0.000910195868657496,1,[1],[6263]
824,15,289,1172,0.0009099359324801822,0.0009099359324801822,1,[1],[6251]
825,15,289,1173,0.000909885948416241,0.000909885948416241,1,[1],[6260]
826,15,289,1174,0.0009099212043249578,0.0009099212043249578,1,[1],[6274]
827,15,289,1175,0.0009100239477420984,0.0009100239477420984,1,[1],[6261]
828,15,289,1176,0.0009101204968356509,0.0009101204968356509,2,"[1, 2]","[6103, 180]"
829,15,289,1177,0.0009101106291571588,0.0009101106291571588,2,"[1, 2]","[5550, 712]"
830,15,289,1178,0.0009107764905639619,0.0009107764905639619,2,"[1, 2]","[6207, 45]"
