,event,pixel_x,pixel_y,reset_time,TSLR,nMCParticles,MC_TrackIDs,MC_Weights
0,57,259,1272,0.0007828515419143069,0.0007828515419143069,1,[31],[6268]
1,57,259,1272,0.000783281541914309,4.300000000021084e-07,1,[31],[6326]
2,57,259,1272,0.000783671541914311,3.9000000000191225e-07,1,[31],[6232]
3,57,259,1272,0.0007842215419143136,5.500000000026968e-07,1,[31],[6249]
4,57,259,1273,0.0007827645998648839,0.0007827645998648839,1,[31],[6295]
5,57,259,1273,0.000783394599864887,6.30000000003089e-07,1,[31],[6229]
6,57,260,1272,0.0007845652050558956,0.0007845652050558956,1,[31],[6253]
7,57,260,1273,0.0007822142888338659,0.0007822142888338659,1,[31],[6280]
8,57,260,1273,0.0007827342888338685,5.200000000025497e-07,1,[31],[6288]
9,57,260,1273,0.0007833742888338716,6.400000000031381e-07,1,[31],[6207]
10,57,261,1273,0.0007816456376917637,0.0007816456376917637,1,[31],[6260]
11,57,261,1273,0.0007825956376917684,9.500000000046581e-07,1,[31],[6262]
12,57,261,1274,0.0007816213130370119,0.0007816213130370119,1,[31],[6272]
13,57,262,1274,0.0007802133491032861,0.0007802133491032861,1,[31],[6275]
14,57,262,1274,0.0007807633491032888,5.500000000026968e-07,1,[31],[6225]
15,57,262,1274,0.0007816033491032929,8.400000000041187e-07,1,[31],[6250]
16,57,263,1274,0.0007801656911407884,0.0007801656911407884,1,[31],[6283]
17,57,263,1274,0.0007808856911407919,7.200000000035303e-07,1,[31],[6272]
18,57,263,1275,0.0007802267920091707,0.0007802267920091707,1,[31],[6275]
19,57,263,1275,0.0007812567920091757,1.0300000000050503e-06,1,[31],[6250]
20,57,264,1274,0.0007800512904803584,0.0007800512904803584,1,[31],[6292]
21,57,264,1274,0.0007806012904803611,5.500000000026968e-07,1,[31],[6306]
22,57,264,1275,0.0007816167297324711,0.0007816167297324711,1,[31],[6251]
23,57,265,1273,0.0007795556824020059,0.0007795556824020059,1,[31],[6280]
24,57,265,1273,0.0007803056824020096,7.500000000036774e-07,1,[31],[6270]
25,57,265,1274,0.0007800942213442089,0.0007800942213442089,1,[31],[6290]
26,57,265,1274,0.0007813642213442151,1.270000000006227e-06,1,[31],[6220]
27,57,266,1272,0.0007776774599960618,0.0007776774599960618,2,"[4, 31]","[5752, 510]"
28,57,266,1272,0.0007790074599960683,1.3300000000065213e-06,2,"[4, 31]","[68, 6205]"
29,57,266,1273,0.0007789680323433093,0.0007789680323433093,2,"[4, 31]","[237, 6028]"
30,57,266,1273,0.0007796980323433129,7.300000000035793e-07,1,[31],[6243]
31,57,267,1269,0.0007788228799698783,0.0007788228799698783,2,"[4, 28]","[6230, 60]"
32,57,267,1270,0.0007770172127902203,0.0007770172127902203,1,[4],[6345]
33,57,267,1270,0.0007774872127902226,4.700000000023045e-07,1,[4],[6297]
34,57,267,1270,0.0007778872127902246,4.000000000019613e-07,1,[4],[6147]
35,57,267,1270,0.000778387212790227,5.000000000024516e-07,1,[4],[6259]
36,57,267,1271,0.0007758899510996401,0.0007758899510996401,1,[4],[6262]
37,57,267,1271,0.0007762099510996417,3.2000000000156903e-07,1,[4],[6273]
38,57,267,1271,0.0007764499510996429,2.4000000000117677e-07,1,[4],[6250]
39,57,267,1271,0.0007766699510996439,2.200000000010787e-07,1,[4],[6460]
40,57,267,1271,0.0007768699510996449,2.0000000000098064e-07,1,[4],[6165]
41,57,267,1271,0.0007770799510996459,2.1000000000102968e-07,2,"[4, 31]","[6213, 2]"
42,57,267,1271,0.0007773399510996472,2.6000000000127484e-07,2,"[4, 31]","[6280, 8]"
43,57,267,1271,0.0007776799510996489,3.400000000016671e-07,2,"[4, 31]","[6080, 23]"
44,57,267,1272,0.0007756921490734361,0.0007756921490734361,1,[4],[6286]
45,57,267,1272,0.0007760321490734378,3.400000000016671e-07,1,[4],[6247]
46,57,267,1272,0.0007763021490734391,2.7000000000132387e-07,1,[4],[6339]
47,57,267,1272,0.0007765721490734404,2.7000000000132387e-07,2,"[4, 31]","[6347, 1]"
48,57,267,1272,0.0007769021490734421,3.3000000000161806e-07,2,"[4, 31]","[6137, 30]"
49,57,267,1272,0.0007775221490734451,6.2000000000304e-07,2,"[4, 31]","[5825, 332]"
50,57,267,1272,0.0007791521490734531,1.6300000000079922e-06,2,"[4, 31]","[1223, 4989]"
51,57,268,1264,0.0007842470399976284,0.0007842470399976284,3,"[4, 26, 27]","[6288, 4, 4]"
52,57,268,1265,0.0007824891598956491,0.0007824891598956491,2,"[4, 27]","[5341, 995]"
53,57,268,1265,0.000783099159895652,6.10000000002991e-07,2,"[4, 27]","[5683, 569]"
54,57,268,1265,0.0007838091598956555,7.100000000034813e-07,2,"[4, 27]","[5927, 263]"
55,57,268,1266,0.0007813421258292552,0.0007813421258292552,2,"[4, 27]","[6200, 126]"
56,57,268,1266,0.0007818221258292575,4.800000000023535e-07,2,"[4, 27]","[5875, 341]"
57,57,268,1266,0.0007822421258292596,4.2000000000205935e-07,2,"[4, 27]","[5686, 528]"
58,57,268,1266,0.0007827721258292622,5.300000000025987e-07,2,"[4, 27]","[5426, 884]"
59,57,268,1267,0.0007802366927546107,0.0007802366927546107,2,"[4, 28]","[6317, 32]"
60,57,268,1267,0.0007806466927546128,4.100000000020103e-07,2,"[4, 28]","[6153, 3]"
61,57,268,1267,0.0007809866927546144,3.400000000016671e-07,2,"[4, 27]","[6252, 1]"
62,57,268,1267,0.0007813466927546162,3.6000000000176516e-07,1,[4],[6268]
63,57,268,1267,0.0007818366927546186,4.900000000024026e-07,2,"[4, 27]","[6271, 3]"
64,57,268,1268,0.0007791149167381223,0.0007791149167381223,2,"[4, 28]","[5445, 895]"
65,57,268,1268,0.0007795049167381242,3.9000000000191225e-07,2,"[4, 28]","[5457, 782]"
66,57,268,1268,0.0007798149167381257,3.1000000000152e-07,2,"[4, 28]","[5795, 587]"
67,57,268,1268,0.0007801049167381271,2.9000000000142193e-07,2,"[4, 28]","[5708, 480]"
68,57,268,1268,0.0007804249167381287,3.2000000000156903e-07,2,"[4, 28]","[5828, 303]"
69,57,268,1268,0.0007808749167381309,4.5000000000220645e-07,2,"[4, 28]","[6160, 167]"
70,57,268,1269,0.000778090967677904,0.000778090967677904,2,"[4, 28]","[6259, 40]"
71,57,268,1269,0.0007784809676779059,3.9000000000191225e-07,2,"[4, 28]","[6222, 113]"
72,57,268,1269,0.0007787809676779074,3.0000000000147097e-07,2,"[4, 28]","[6019, 221]"
73,57,268,1269,0.0007790509676779087,2.7000000000132387e-07,2,"[4, 28]","[5946, 296]"
74,57,268,1269,0.00077932096767791,2.7000000000132387e-07,2,"[4, 28]","[5798, 393]"
75,57,268,1269,0.0007796409676779116,3.2000000000156903e-07,2,"[4, 28]","[5777, 469]"
76,57,268,1269,0.0007801409676779141,5.000000000024516e-07,2,"[4, 28]","[5629, 639]"
77,57,268,1270,0.0007773044647680624,0.0007773044647680624,1,[4],[6331]
78,57,268,1270,0.0007777644647680647,4.600000000022555e-07,1,[4],[6299]
79,57,268,1270,0.0007781544647680666,3.9000000000191225e-07,1,[4],[6131]
80,57,268,1270,0.0007786144647680688,4.600000000022555e-07,1,[4],[6288]
81,57,268,1270,0.0007797144647680742,1.1000000000053935e-06,2,"[4, 28]","[6197, 5]"
82,57,268,1271,0.0007768484475582382,0.0007768484475582382,1,[4],[6300]
83,57,268,1271,0.0007777384475582426,8.900000000043639e-07,1,[4],[6203]
84,57,269,1260,0.0007883789426349631,0.0007883789426349631,1,[4],[6304]
85,57,269,1260,0.0007901489426349718,1.7700000000086787e-06,1,[4],[6199]
86,57,269,1261,0.0007869215480587143,0.0007869215480587143,1,[4],[6277]
87,57,269,1261,0.0007875115480587172,5.900000000028929e-07,1,[4],[6259]
88,57,269,1261,0.0007882215480587207,7.100000000034813e-07,1,[4],[6214]
89,57,269,1262,0.00078575222800544,0.00078575222800544,2,"[4, 26]","[6049, 267]"
90,57,269,1262,0.0007862222280054423,4.700000000023045e-07,2,"[4, 26]","[6172, 36]"
91,57,269,1262,0.0007866622280054444,4.400000000021574e-07,2,"[4, 26]","[6223, 13]"
92,57,269,1262,0.0007872222280054472,5.600000000027458e-07,2,"[4, 26]","[6275, 4]"
93,57,269,1263,0.0007845923294246182,0.0007845923294246182,2,"[4, 26]","[5424, 881]"
94,57,269,1263,0.0007849823294246201,3.9000000000191225e-07,2,"[4, 26]","[5129, 1079]"
95,57,269,1263,0.0007853023294246217,3.2000000000156903e-07,2,"[4, 26]","[5192, 1116]"
96,57,269,1263,0.0007856223294246232,3.2000000000156903e-07,2,"[4, 26]","[5292, 988]"
97,57,269,1263,0.0007859923294246251,3.700000000018142e-07,2,"[4, 26]","[5336, 844]"
98,57,269,1263,0.0007867123294246286,7.200000000035303e-07,2,"[4, 26]","[5713, 520]"
99,57,269,1264,0.0007836562047563793,0.0007836562047563793,3,"[4, 26, 27]","[6288, 6, 7]"
100,57,269,1264,0.0007841262047563816,4.700000000023045e-07,2,"[4, 26]","[6258, 27]"
101,57,269,1264,0.0007845362047563836,4.100000000020103e-07,2,"[4, 26]","[6139, 121]"
102,57,269,1264,0.0007849662047563857,4.300000000021084e-07,2,"[4, 26]","[6020, 184]"
103,57,269,1264,0.0007857262047563894,7.600000000037264e-07,2,"[4, 26]","[5794, 421]"
104,57,269,1265,0.0007825361178537643,0.0007825361178537643,2,"[4, 27]","[5444, 866]"
105,57,269,1265,0.0007830661178537669,5.300000000025987e-07,2,"[4, 27]","[5846, 450]"
106,57,269,1265,0.0007835561178537693,4.900000000024026e-07,2,"[4, 27]","[6022, 218]"
107,57,269,1265,0.0007842761178537728,7.200000000035303e-07,2,"[4, 27]","[6098, 57]"
108,57,269,1266,0.0007817581202939334,0.0007817581202939334,2,"[4, 27]","[5932, 322]"
109,57,269,1266,0.0007824081202939365,6.500000000031871e-07,2,"[4, 27]","[5453, 807]"
110,57,269,1266,0.0007835081202939419,1.1000000000053935e-06,2,"[4, 27]","[5225, 1026]"
111,57,269,1267,0.0007811019170791514,0.0007811019170791514,2,"[4, 28]","[6258, 3]"
112,57,269,1268,0.0007814370994267049,0.0007814370994267049,2,"[4, 28]","[5952, 309]"
113,57,270,1255,0.000793873547285186,0.000793873547285186,2,"[4, 25]","[6226, 73]"
114,57,270,1256,0.0007924536328134731,0.0007924536328134731,1,[4],[6299]
115,57,270,1256,0.000793253632813477,8.000000000039226e-07,1,[4],[6204]
116,57,270,1257,0.000791241108487934,0.000791241108487934,1,[4],[6266]
117,57,270,1257,0.0007917911084879366,5.500000000026968e-07,1,[4],[6298]
118,57,270,1257,0.0007924011084879396,6.10000000002991e-07,1,[4],[6221]
119,57,270,1258,0.000790112248813219,0.000790112248813219,1,[4],[6351]
120,57,270,1258,0.0007905922488132213,4.800000000023535e-07,1,[4],[6230]
121,57,270,1258,0.0007910222488132234,4.300000000021084e-07,1,[4],[6192]
122,57,270,1258,0.0007915722488132261,5.500000000026968e-07,1,[4],[6281]
123,57,270,1259,0.0007890350328311561,0.0007890350328311561,1,[4],[6319]
124,57,270,1259,0.0007895050328311584,4.700000000023045e-07,1,[4],[6254]
125,57,270,1259,0.0007899250328311604,4.2000000000205935e-07,1,[4],[6293]
126,57,270,1259,0.0007904150328311629,4.900000000024026e-07,1,[4],[6158]
127,57,270,1260,0.000788032161341302,0.000788032161341302,1,[4],[6309]
128,57,270,1260,0.0007885321613413045,5.000000000024516e-07,1,[4],[6193]
129,57,270,1260,0.0007890021613413068,4.700000000023045e-07,1,[4],[6289]
130,57,270,1260,0.00078965216134131,6.500000000031871e-07,1,[4],[6248]
131,57,270,1261,0.0007873453509068086,0.0007873453509068086,1,[4],[6320]
132,57,270,1261,0.0007881153509068123,7.700000000037755e-07,1,[4],[6243]
133,57,270,1262,0.0007872234556156306,0.0007872234556156306,2,"[4, 26]","[6248, 18]"
134,57,271,1250,0.0007989175029297701,0.0007989175029297701,1,[4],[6287]
135,57,271,1251,0.0007971365054593824,0.0007971365054593824,3,"[4, 23, 24]","[5685, 462, 137]"
136,57,271,1251,0.000798076505459387,9.40000000004609e-07,3,"[4, 23, 24]","[6149, 56, 16]"
137,57,271,1252,0.0007958533630952713,0.0007958533630952713,3,"[4, 23, 24]","[4775, 693, 809]"
138,57,271,1252,0.0007963033630952735,4.5000000000220645e-07,3,"[4, 23, 24]","[4515, 878, 922]"
139,57,271,1252,0.0007967033630952755,4.000000000019613e-07,3,"[4, 23, 24]","[4463, 869, 878]"
140,57,271,1252,0.0007972433630952781,5.400000000026477e-07,3,"[4, 23, 24]","[4617, 845, 789]"
141,57,271,1253,0.0007950772447164988,0.0007950772447164988,4,"[4, 23, 24, 25]","[6188, 5, 19, 45]"
142,57,271,1253,0.0007955572447165012,4.800000000023535e-07,4,"[4, 23, 24, 25]","[6266, 25, 76, 8]"
143,57,271,1253,0.0007960072447165034,4.5000000000220645e-07,4,"[4, 23, 24, 25]","[6058, 33, 165, 1]"
144,57,271,1253,0.0007966872447165067,6.800000000033342e-07,4,"[4, 23, 24, 25]","[5647, 117, 349, 1]"
145,57,271,1254,0.0007941352121543106,0.0007941352121543106,2,"[4, 25]","[5197, 1181]"
146,57,271,1254,0.0007945852121543128,4.5000000000220645e-07,2,"[4, 25]","[5181, 956]"
147,57,271,1254,0.0007950052121543148,4.2000000000205935e-07,2,"[4, 25]","[5570, 776]"
148,57,271,1254,0.0007955152121543173,5.100000000025006e-07,2,"[4, 25]","[5747, 479]"
149,57,271,1255,0.0007933650250653817,0.0007933650250653817,2,"[4, 25]","[6224, 94]"
150,57,271,1255,0.0007939150250653844,5.500000000026968e-07,2,"[4, 25]","[5907, 291]"
151,57,271,1255,0.0007944850250653872,5.700000000027948e-07,2,"[4, 25]","[5641, 608]"
152,57,271,1256,0.0007926058926006834,0.0007926058926006834,1,[4],[6327]
153,57,271,1256,0.0007934058926006873,8.000000000039226e-07,2,"[4, 25]","[6230, 1]"
154,57,271,1257,0.0007921543963859414,0.0007921543963859414,1,[4],[6279]
155,57,272,1246,0.0008027962869245537,0.0008027962869245537,1,[4],[6318]
156,57,272,1247,0.0008013207745304794,0.0008013207745304794,1,[4],[6317]
157,57,272,1247,0.0008020107745304827,6.900000000033832e-07,1,[4],[6255]
158,57,272,1247,0.0008035707745304904,1.560000000007649e-06,1,[4],[6183]
159,57,272,1248,0.0008000246063569388,0.0008000246063569388,1,[4],[6314]
160,57,272,1248,0.0008005446063569414,5.200000000025497e-07,1,[4],[6276]
161,57,272,1248,0.0008010346063569438,4.900000000024026e-07,1,[4],[6173]
162,57,272,1248,0.0008018846063569479,8.500000000041677e-07,1,[4],[6258]
163,57,272,1249,0.0007989142949465438,0.0007989142949465438,1,[4],[6305]
164,57,272,1249,0.0007994042949465462,4.900000000024026e-07,1,[4],[6292]
165,57,272,1249,0.0007998342949465483,4.300000000021084e-07,1,[4],[6254]
166,57,272,1249,0.0008003542949465509,5.200000000025497e-07,1,[4],[6211]
167,57,272,1250,0.0007980056786053902,0.0007980056786053902,1,[4],[6268]
168,57,272,1250,0.0007985456786053928,5.400000000026477e-07,1,[4],[6336]
169,57,272,1250,0.0007990656786053954,5.200000000025497e-07,1,[4],[6251]
170,57,272,1250,0.000800215678605401,1.1500000000056387e-06,1,[4],[6151]
171,57,272,1251,0.0007972490763032002,0.0007972490763032002,3,"[4, 23, 24]","[5934, 301, 47]"
172,57,272,1251,0.0007979890763032038,7.400000000036284e-07,3,"[4, 23, 24]","[6239, 26, 2]"
173,57,272,1252,0.0007965274558747343,0.0007965274558747343,3,"[4, 23, 24]","[4350, 1282, 637]"
174,57,272,1252,0.0007979374558747413,1.4100000000069135e-06,3,"[4, 23, 24]","[4904, 944, 389]"
175,57,273,1241,0.0008090769865580407,0.0008090769865580407,1,[4],[6263]
176,57,273,1242,0.0008068715329590081,0.0008068715329590081,1,[4],[6258]
177,57,273,1242,0.0008079615329590135,1.0900000000053445e-06,1,[4],[6245]
178,57,273,1243,0.000805527625696867,0.000805527625696867,1,[4],[6274]
179,57,273,1243,0.0008061076256968699,5.800000000028439e-07,1,[4],[6283]
180,57,273,1243,0.0008067576256968731,6.500000000031871e-07,1,[4],[6227]
181,57,273,1244,0.0008043927416548808,0.0008043927416548808,1,[4],[6326]
182,57,273,1244,0.0008049027416548833,5.100000000025006e-07,1,[4],[6187]
183,57,273,1244,0.0008053727416548856,4.700000000023045e-07,1,[4],[6300]
184,57,273,1244,0.0008060527416548889,6.800000000033342e-07,1,[4],[6234]
185,57,273,1245,0.000803399624694311,0.000803399624694311,1,[4],[6287]
186,57,273,1245,0.0008039396246943137,5.400000000026477e-07,1,[4],[6256]
187,57,273,1245,0.0008044496246943162,5.100000000025006e-07,1,[4],[6230]
188,57,273,1245,0.0008053896246943208,9.40000000004609e-07,1,[4],[6231]
189,57,273,1246,0.0008024987543772532,0.0008024987543772532,1,[4],[6307]
190,57,273,1246,0.0008031287543772563,6.30000000003089e-07,1,[4],[6217]
191,57,273,1246,0.0008039787543772604,8.500000000041677e-07,1,[4],[6243]
192,57,273,1247,0.0008018381600132635,0.0008018381600132635,1,[4],[6300]
193,57,273,1247,0.0008031481600132699,1.3100000000064232e-06,1,[4],[6203]
194,57,273,1248,0.000801727957288775,0.000801727957288775,1,[4],[6250]
195,57,274,1236,0.0008146126675482885,0.0008146126675482885,1,[4],[6260]
196,57,274,1237,0.0008124594847579437,0.0008124594847579437,1,[4],[6299]
197,57,274,1238,0.0008111028376016706,0.0008111028376016706,1,[4],[6286]
198,57,274,1238,0.0008118528376016743,7.500000000036774e-07,1,[4],[6276]
199,57,274,1239,0.0008098801765979922,0.0008098801765979922,1,[4],[6305]
200,57,274,1239,0.0008104701765979951,5.900000000028929e-07,1,[4],[6252]
201,57,274,1239,0.0008111101765979982,6.400000000031381e-07,1,[4],[6230]
202,57,274,1240,0.0008087970729636711,0.0008087970729636711,1,[4],[6334]
203,57,274,1240,0.0008093470729636738,5.500000000026968e-07,1,[4],[6203]
204,57,274,1240,0.0008099170729636766,5.700000000027948e-07,1,[4],[6217]
205,57,274,1241,0.0008078077556902578,0.0008078077556902578,1,[4],[6281]
206,57,274,1241,0.0008084077556902607,6.000000000029419e-07,1,[4],[6320]
207,57,274,1241,0.0008090877556902641,6.800000000033342e-07,1,[4],[6184]
208,57,274,1242,0.0008069130197460117,0.0008069130197460117,1,[4],[6317]
209,57,274,1242,0.0008076230197460152,7.100000000034813e-07,1,[4],[6226]
210,57,274,1243,0.0008063324298202493,0.0008063324298202493,1,[4],[6266]
211,57,275,1230,0.000820197366581257,0.000820197366581257,2,"[4, 22]","[4976, 1279]"
212,57,275,1231,0.0008182328496928956,0.0008182328496928956,2,"[4, 22]","[4507, 1779]"
213,57,275,1231,0.0008190428496928996,8.100000000039716e-07,2,"[4, 22]","[4069, 2181]"
214,57,275,1232,0.0008172438083082489,0.0008172438083082489,2,"[4, 22]","[6261, 18]"
215,57,275,1232,0.0008180338083082528,7.900000000038735e-07,2,"[4, 22]","[6170, 61]"
216,57,275,1233,0.0008161173576403465,0.0008161173576403465,1,[4],[6300]
217,57,275,1233,0.0008167173576403494,6.000000000029419e-07,1,[4],[6272]
218,57,275,1233,0.0008174973576403532,7.800000000038245e-07,1,[4],[6199]
219,57,275,1234,0.0008151168379663761,0.0008151168379663761,1,[4],[6354]
220,57,275,1234,0.0008156568379663788,5.400000000026477e-07,1,[4],[6265]
221,57,275,1234,0.0008162268379663816,5.700000000027948e-07,1,[4],[6137]
222,57,275,1235,0.0008140939663812888,0.0008140939663812888,1,[4],[6276]
223,57,275,1235,0.0008146639663812916,5.700000000027948e-07,1,[4],[6313]
224,57,275,1235,0.0008152439663812944,5.800000000028439e-07,1,[4],[6189]
225,57,275,1236,0.0008131573116232758,0.0008131573116232758,1,[4],[6315]
226,57,275,1236,0.0008137573116232787,6.000000000029419e-07,1,[4],[6241]
227,57,275,1236,0.0008144673116232822,7.100000000034813e-07,1,[4],[6234]
228,57,275,1237,0.0008122988259139611,0.0008122988259139611,1,[4],[6305]
229,57,275,1237,0.0008130588259139648,7.600000000037264e-07,1,[4],[6234]
230,57,275,1238,0.0008117000511327372,0.0008117000511327372,1,[4],[6306]
231,57,276,1224,0.0008264075724665823,0.0008264075724665823,1,[4],[6263]
232,57,276,1225,0.0008245890636384404,0.0008245890636384404,1,[4],[6250]
233,57,276,1226,0.0008231978433836958,0.0008231978433836958,1,[4],[6314]
234,57,276,1226,0.0008241178433837003,9.20000000004511e-07,1,[4],[6218]
235,57,276,1227,0.0008220017572865183,0.0008220017572865183,1,[4],[6326]
236,57,276,1227,0.0008227217572865218,7.200000000035303e-07,1,[4],[6223]
237,57,276,1228,0.0008209140984737028,0.0008209140984737028,1,[4],[6257]
238,57,276,1228,0.0008215040984737057,5.900000000028929e-07,1,[4],[6282]
239,57,276,1228,0.0008221940984737091,6.900000000033832e-07,1,[4],[6233]
240,57,276,1229,0.0008199453634877869,0.0008199453634877869,2,"[4, 22]","[6272, 8]"
241,57,276,1229,0.0008205053634877897,5.600000000027458e-07,1,[4],[6295]
242,57,276,1229,0.0008211253634877927,6.2000000000304e-07,1,[4],[6251]
243,57,276,1230,0.0008187772532749643,0.0008187772532749643,2,"[4, 22]","[3946, 2370]"
244,57,276,1230,0.000819337253274967,5.600000000027458e-07,2,"[4, 22]","[5062, 1132]"
245,57,276,1230,0.0008198672532749696,5.300000000025987e-07,2,"[4, 22]","[5712, 543]"
246,57,276,1230,0.0008209372532749749,1.0700000000052464e-06,2,"[4, 22]","[6087, 149]"
247,57,276,1231,0.0008179041748105992,0.0008179041748105992,2,"[4, 22]","[3961, 2346]"
248,57,276,1231,0.0008183141748106012,4.100000000020103e-07,2,"[4, 22]","[3394, 2838]"
249,57,276,1231,0.0008186541748106029,3.400000000016671e-07,2,"[4, 22]","[3315, 2910]"
250,57,276,1231,0.0008190341748106047,3.800000000018632e-07,2,"[4, 22]","[3407, 2946]"
251,57,276,1231,0.0008196341748106077,6.000000000029419e-07,2,"[4, 22]","[3499, 2644]"
252,57,276,1232,0.0008174738350889408,0.0008174738350889408,2,"[4, 22]","[6208, 42]"
253,57,276,1232,0.0008183638350889452,8.900000000043639e-07,2,"[4, 22]","[5969, 289]"
254,57,276,1233,0.0008169963475853201,0.0008169963475853201,1,[4],[6282]
255,57,277,1217,0.0008343736675929445,0.0008343736675929445,2,"[4, 17]","[6048, 208]"
256,57,277,1218,0.0008323912927046564,0.0008323912927046564,3,"[4, 18, 19]","[5914, 375, 4]"
257,57,277,1219,0.0008307527176600975,0.0008307527176600975,4,"[4, 18, 19, 20]","[4970, 485, 808, 28]"
258,57,277,1219,0.0008313727176601005,6.2000000000304e-07,4,"[4, 18, 19, 20]","[4878, 993, 376, 1]"
259,57,277,1219,0.0008321427176601043,7.700000000037755e-07,3,"[4, 18, 19]","[4889, 1201, 121]"
260,57,277,1220,0.0008295008391629939,0.0008295008391629939,3,"[4, 19, 20]","[4526, 181, 1571]"
261,57,277,1220,0.0008300408391629966,5.400000000026477e-07,4,"[4, 18, 19, 20]","[4560, 5, 622, 1066]"
262,57,277,1220,0.0008305508391629991,5.100000000025006e-07,4,"[4, 18, 19, 20]","[4590, 19, 1080, 605]"
263,57,277,1220,0.0008312808391630026,7.300000000035793e-07,4,"[4, 18, 19, 20]","[4495, 83, 1402, 220]"
264,57,277,1221,0.0008283724386953724,0.0008283724386953724,3,"[4, 20, 21]","[5612, 103, 559]"
265,57,277,1221,0.0008289124386953751,5.400000000026477e-07,3,"[4, 20, 21]","[5817, 319, 133]"
266,57,277,1221,0.0008294224386953776,5.100000000025006e-07,4,"[4, 19, 20, 21]","[5589, 4, 605, 37]"
267,57,277,1221,0.0008301524386953811,7.300000000035793e-07,4,"[4, 19, 20, 21]","[5188, 35, 1005, 5]"
268,57,277,1222,0.0008271782311567952,0.0008271782311567952,3,"[4, 20, 21]","[4751, 1, 1567]"
269,57,277,1222,0.0008275882311567972,4.100000000020103e-07,2,"[4, 21]","[4045, 2241]"
270,57,277,1222,0.0008279182311567989,3.3000000000161806e-07,2,"[4, 21]","[3677, 2519]"
271,57,277,1222,0.0008282582311568005,3.400000000016671e-07,2,"[4, 21]","[3840, 2554]"
272,57,277,1222,0.0008286782311568026,4.2000000000205935e-07,2,"[4, 21]","[3692, 2382]"
273,57,277,1223,0.000826271929890335,0.000826271929890335,2,"[4, 21]","[6307, 13]"
274,57,277,1223,0.0008268619298903379,5.900000000028929e-07,2,"[4, 21]","[6137, 147]"
275,57,277,1223,0.0008274419298903408,5.800000000028439e-07,2,"[4, 21]","[5651, 525]"
276,57,277,1223,0.0008284819298903459,1.0400000000050993e-06,2,"[4, 21]","[4437, 1790]"
277,57,277,1224,0.0008252844397539064,0.0008252844397539064,1,[4],[6338]
278,57,277,1224,0.0008259344397539096,6.500000000031871e-07,1,[4],[6200]
279,57,277,1224,0.000826834439753914,9.000000000044129e-07,1,[4],[6226]
280,57,277,1225,0.0008243272663018487,0.0008243272663018487,1,[4],[6308]
281,57,277,1225,0.0008251172663018525,7.900000000038735e-07,1,[4],[6208]
282,57,277,1226,0.0008234997000816081,0.0008234997000816081,1,[4],[6310]
283,57,277,1226,0.0008249897000816154,1.4900000000073058e-06,1,[4],[6203]
284,57,277,1227,0.0008229764672884732,0.0008229764672884732,1,[4],[6262]
285,57,278,1212,0.0008403435585601325,0.0008403435585601325,2,"[4, 16]","[6229, 45]"
286,57,278,1213,0.0008383528801164442,0.0008383528801164442,2,"[4, 16]","[5362, 899]"
287,57,278,1213,0.0008392528801164487,9.000000000044129e-07,2,"[4, 16]","[5267, 985]"
288,57,278,1214,0.0008369592638955368,0.0008369592638955368,2,"[4, 16]","[6237, 15]"
289,57,278,1214,0.0008376792638955403,7.200000000035303e-07,2,"[4, 16]","[6201, 88]"
290,57,278,1214,0.0008386992638955453,1.0200000000050013e-06,2,"[4, 16]","[5820, 402]"
291,57,278,1215,0.0008355958577027561,0.0008355958577027561,2,"[4, 17]","[6195, 102]"
292,57,278,1215,0.0008362258577027592,6.30000000003089e-07,2,"[4, 17]","[6284, 2]"
293,57,278,1215,0.0008368958577027625,6.700000000032852e-07,1,[4],[6169]
294,57,278,1216,0.0008341358133309361,0.0008341358133309361,2,"[4, 17]","[4670, 1660]"
295,57,278,1216,0.0008346758133309387,5.400000000026477e-07,2,"[4, 17]","[4882, 1401]"
296,57,278,1216,0.0008351658133309411,4.900000000024026e-07,2,"[4, 17]","[5265, 924]"
297,57,278,1216,0.0008358558133309445,6.900000000033832e-07,2,"[4, 17]","[5802, 428]"
298,57,278,1217,0.0008331839065614569,0.0008331839065614569,2,"[4, 17]","[6230, 59]"
299,57,278,1217,0.0008337939065614599,6.10000000002991e-07,2,"[4, 17]","[6039, 262]"
300,57,278,1217,0.0008344139065614629,6.2000000000304e-07,2,"[4, 17]","[5637, 553]"
301,57,278,1218,0.0008321394733590658,0.0008321394733590658,3,"[4, 18, 19]","[6041, 247, 1]"
302,57,278,1218,0.0008328894733590695,7.500000000036774e-07,2,"[4, 18]","[6251, 36]"
303,57,278,1219,0.0008311033514714701,0.0008311033514714701,4,"[4, 18, 19, 20]","[5121, 686, 449, 9]"
304,57,278,1219,0.0008319333514714742,8.300000000040697e-07,3,"[4, 18, 19]","[5052, 1133, 97]"
305,57,278,1220,0.0008304400809696207,0.0008304400809696207,4,"[4, 18, 19, 20]","[4726, 18, 709, 812]"
306,57,279,1207,0.0008471771245441901,0.0008471771245441901,1,[4],[6251]
307,57,279,1208,0.0008449890157705815,0.0008449890157705815,2,"[4, 15]","[5386, 878]"
308,57,279,1208,0.0008460790157705869,1.0900000000053445e-06,2,"[4, 15]","[6152, 95]"
309,57,279,1209,0.0008433428049713745,0.0008433428049713745,2,"[4, 15]","[4845, 1487]"
310,57,279,1209,0.0008438128049713768,4.700000000023045e-07,2,"[4, 15]","[3800, 2422]"
311,57,279,1209,0.0008442028049713787,3.9000000000191225e-07,2,"[4, 15]","[3503, 2725]"
312,57,279,1209,0.0008446528049713809,4.5000000000220645e-07,2,"[4, 15]","[3558, 2721]"
313,57,279,1209,0.0008456428049713857,9.900000000048542e-07,2,"[4, 15]","[3987, 2204]"
314,57,279,1210,0.0008421424908803324,0.0008421424908803324,3,"[4, 15, 65]","[6177, 5, 71]"
315,57,279,1210,0.0008427724908803355,6.30000000003089e-07,3,"[4, 15, 65]","[6164, 79, 13]"
316,57,279,1210,0.0008433824908803385,6.10000000002991e-07,3,"[4, 15, 65]","[5927, 375, 4]"
317,57,279,1210,0.000844302490880343,9.20000000004511e-07,3,"[4, 15, 66]","[4648, 1567, 1]"
318,57,279,1211,0.0008408623792982785,0.0008408623792982785,2,"[4, 65]","[6325, 22]"
319,57,279,1211,0.0008414823792982815,6.2000000000304e-07,3,"[4, 65, 66]","[6120, 70, 1]"
320,57,279,1211,0.0008421423792982848,6.600000000032361e-07,3,"[4, 65, 66]","[6123, 100, 4]"
321,57,279,1212,0.0008396954046248517,0.0008396954046248517,2,"[4, 16]","[6205, 53]"
322,57,279,1212,0.0008404154046248553,7.200000000035303e-07,1,[4],[6244]
323,57,279,1212,0.0008414854046248605,1.0700000000052464e-06,2,"[4, 65]","[6259, 4]"
324,57,279,1213,0.0008385630694730248,0.0008385630694730248,2,"[4, 16]","[5347, 951]"
325,57,279,1213,0.0008394730694730293,9.100000000044619e-07,2,"[4, 16]","[5615, 634]"
326,57,279,1214,0.0008379711146212568,0.0008379711146212568,2,"[4, 16]","[6143, 146]"
327,57,280,1202,0.0008538365134913049,0.0008538365134913049,1,[4],[6260]
328,57,280,1203,0.0008516113437304819,0.0008516113437304819,1,[4],[6253]
329,57,280,1203,0.000853671343730492,2.0600000000101006e-06,1,[4],[6248]
330,57,280,1204,0.0008500694253062265,0.0008500694253062265,1,[4],[6259]
331,57,280,1204,0.0008508794253062305,8.100000000039716e-07,1,[4],[6275]
332,57,280,1205,0.0008487050066206246,0.0008487050066206246,1,[4],[6314]
333,57,280,1205,0.0008493650066206278,6.600000000032361e-07,1,[4],[6261]
334,57,280,1205,0.0008501750066206318,8.100000000039716e-07,1,[4],[6181]
335,57,280,1206,0.0008475029930892964,0.0008475029930892964,1,[4],[6311]
336,57,280,1206,0.0008481729930892997,6.700000000032852e-07,1,[4],[6239]
337,57,280,1206,0.0008490029930893038,8.300000000040697e-07,1,[4],[6239]
338,57,280,1207,0.0008463822407853203,0.0008463822407853203,1,[4],[6276]
339,57,280,1207,0.0008472122407853244,8.300000000040697e-07,1,[4],[6312]
340,57,280,1208,0.0008453791687376672,0.0008453791687376672,2,"[4, 15]","[5788, 472]"
341,57,280,1208,0.0008467391687376739,1.3600000000066684e-06,2,"[4, 15]","[6236, 15]"
342,57,280,1209,0.0008440069579133046,0.0008440069579133046,2,"[4, 15]","[3196, 3133]"
343,57,280,1209,0.0008449569579133092,9.500000000046581e-07,2,"[4, 15]","[3073, 3099]"
344,57,281,1197,0.0008603922007994934,0.0008603922007994934,2,"[4, 14]","[6253, 1]"
345,57,281,1198,0.000858018579864775,0.000858018579864775,2,"[4, 14]","[5589, 694]"
346,57,281,1199,0.0008563043431945601,0.0008563043431945601,2,"[4, 14]","[5076, 1192]"
347,57,281,1199,0.0008569243431945632,6.2000000000304e-07,2,"[4, 14]","[4221, 2039]"
348,57,281,1199,0.0008576243431945666,7.000000000034323e-07,2,"[4, 14]","[4028, 2195]"
349,57,281,1200,0.0008550693546046011,0.0008550693546046011,2,"[4, 14]","[6298, 1]"
350,57,281,1200,0.0008557393546046044,6.700000000032852e-07,2,"[4, 14]","[6178, 27]"
351,57,281,1200,0.0008565993546046086,8.600000000042168e-07,2,"[4, 14]","[6038, 231]"
352,57,281,1201,0.0008538066594794764,0.0008538066594794764,1,[4],[6332]
353,57,281,1201,0.0008544566594794796,6.500000000031871e-07,1,[4],[6209]
354,57,281,1201,0.0008552166594794833,7.600000000037264e-07,1,[4],[6241]
355,57,281,1202,0.0008526629006337612,0.0008526629006337612,1,[4],[6311]
356,57,281,1202,0.0008533929006337647,7.300000000035793e-07,1,[4],[6248]
357,57,281,1202,0.0008546129006337707,1.220000000005982e-06,1,[4],[6194]
358,57,281,1203,0.0008517212213267241,0.0008517212213267241,1,[4],[6311]
359,57,281,1203,0.0008528212213267295,1.1000000000053935e-06,1,[4],[6206]
360,57,281,1204,0.0008510992273602014,0.0008510992273602014,1,[4],[6250]
361,57,282,1191,0.0008681445237303598,0.0008681445237303598,2,"[4, 12]","[6218, 36]"
362,57,282,1192,0.0008654777435960779,0.0008654777435960779,2,"[4, 12]","[3137, 3188]"
363,57,282,1192,0.0008661577435960812,6.800000000033342e-07,2,"[4, 12]","[3123, 3133]"
364,57,282,1192,0.0008672677435960866,1.1100000000054426e-06,2,"[4, 12]","[4099, 2088]"
365,57,282,1193,0.0008643580307372318,0.0008643580307372318,2,"[4, 12]","[5897, 356]"
366,57,282,1193,0.0008650180307372351,6.600000000032361e-07,2,"[4, 12]","[4515, 1814]"
367,57,282,1193,0.0008655280307372376,5.100000000025006e-07,2,"[4, 12]","[2977, 3254]"
368,57,282,1193,0.0008661180307372405,5.900000000028929e-07,2,"[4, 12]","[1927, 4329]"
369,57,282,1194,0.0008627913498506849,0.0008627913498506849,2,"[4, 13]","[5336, 983]"
370,57,282,1194,0.0008635213498506885,7.300000000035793e-07,2,"[4, 13]","[5918, 291]"
371,57,282,1194,0.0008644113498506928,8.900000000043639e-07,3,"[4, 12, 13]","[6190, 6, 43]"
372,57,282,1195,0.0008615224937356009,0.0008615224937356009,2,"[4, 13]","[5634, 690]"
373,57,282,1195,0.0008620824937356036,5.600000000027458e-07,2,"[4, 13]","[4789, 1510]"
374,57,282,1195,0.0008625824937356061,5.000000000024516e-07,2,"[4, 13]","[4207, 1956]"
375,57,282,1195,0.00086337249373561,7.900000000038735e-07,2,"[4, 13]","[4242, 2019]"
376,57,282,1196,0.0008603286210892218,0.0008603286210892218,2,"[4, 13]","[6317, 1]"
377,57,282,1196,0.0008610586210892253,7.300000000035793e-07,2,"[4, 13]","[6257, 8]"
378,57,282,1196,0.0008620686210892303,1.0100000000049522e-06,2,"[4, 13]","[6037, 131]"
379,57,282,1197,0.0008591485412840924,0.0008591485412840924,1,[4],[6291]
380,57,282,1197,0.0008599785412840965,8.300000000040697e-07,1,[4],[6268]
381,57,282,1198,0.0008580948664244428,0.0008580948664244428,2,"[4, 14]","[6038, 254]"
382,57,282,1198,0.0008593348664244489,1.24000000000608e-06,2,"[4, 14]","[6193, 16]"
383,57,282,1199,0.0008570210095292068,0.0008570210095292068,2,"[4, 14]","[4835, 1450]"
384,57,283,1184,0.0008777999129852649,0.0008777999129852649,3,"[4, 10, 11]","[4974, 1182, 104]"
385,57,283,1185,0.0008758007852069952,0.0008758007852069952,3,"[4, 10, 11]","[5063, 47, 1156]"
386,57,283,1186,0.0008742482515870237,0.0008742482515870237,2,"[4, 11]","[6253, 12]"
387,57,283,1186,0.0008754082515870294,1.1600000000056877e-06,2,"[4, 11]","[6086, 173]"
388,57,283,1187,0.0008726820435238383,0.0008726820435238383,1,[4],[6306]
389,57,283,1187,0.0008735320435238425,8.500000000041677e-07,1,[4],[6249]
390,57,283,1188,0.0008712148200246542,0.0008712148200246542,1,[4],[6272]
391,57,283,1188,0.0008719548200246579,7.400000000036284e-07,1,[4],[6289]
392,57,283,1188,0.000873004820024663,1.0500000000051484e-06,1,[4],[6204]
393,57,283,1189,0.0008698224890870782,0.0008698224890870782,1,[4],[6300]
394,57,283,1189,0.0008705324890870816,7.100000000034813e-07,1,[4],[6219]
395,57,283,1189,0.000871412489087086,8.800000000043148e-07,1,[4],[6257]
396,57,283,1190,0.0008684738196672065,0.0008684738196672065,1,[4],[6268]
397,57,283,1190,0.0008692238196672102,7.500000000036774e-07,1,[4],[6282]
398,57,283,1190,0.0008702138196672151,9.900000000048542e-07,1,[4],[6233]
399,57,283,1191,0.0008672315723933936,0.0008672315723933936,2,"[4, 12]","[6246, 14]"
400,57,283,1191,0.0008680815723933978,8.500000000041677e-07,1,[4],[6299]
401,57,283,1192,0.0008658541349790802,0.0008658541349790802,2,"[4, 12]","[4736, 1577]"
402,57,283,1192,0.0008667641349790847,9.100000000044619e-07,2,"[4, 12]","[5327, 872]"
403,57,283,1193,0.0008649333852295615,0.0008649333852295615,2,"[4, 12]","[5810, 500]"
404,57,283,1193,0.000866063385229567,1.1300000000055406e-06,2,"[4, 12]","[4057, 2139]"
405,57,283,1194,0.0008644797608562306,0.0008644797608562306,3,"[4, 12, 13]","[5969, 3, 279]"
406,57,284,1179,0.0008842531164765631,0.0008842531164765631,2,"[4, 7]","[6169, 102]"
407,57,284,1180,0.0008823151425844665,0.0008823151425844665,2,"[4, 8]","[5952, 358]"
408,57,284,1180,0.0008835551425844726,1.24000000000608e-06,2,"[4, 8]","[6169, 28]"
409,57,284,1181,0.0008805811328033384,0.0008805811328033384,3,"[4, 8, 9]","[5056, 1050, 201]"
410,57,284,1181,0.0008811011328033409,5.200000000025497e-07,3,"[4, 8, 9]","[4001, 2193, 23]"
411,57,284,1181,0.0008815511328033431,4.5000000000220645e-07,3,"[4, 8, 9]","[3582, 2694, 4]"
412,57,284,1181,0.0008820711328033457,5.200000000025497e-07,3,"[4, 8, 9]","[3310, 2926, 1]"
413,57,284,1182,0.0008791121542585903,0.0008791121542585903,3,"[4, 8, 9]","[4681, 3, 1635]"
414,57,284,1182,0.0008795721542585926,4.600000000022555e-07,3,"[4, 8, 9]","[3955, 9, 2355]"
415,57,284,1182,0.0008799421542585944,3.700000000018142e-07,3,"[4, 8, 9]","[3712, 41, 2364]"
416,57,284,1182,0.0008803321542585963,3.9000000000191225e-07,3,"[4, 8, 9]","[3966, 147, 2220]"
417,57,284,1182,0.0008808521542585988,5.200000000025497e-07,3,"[4, 8, 9]","[4024, 520, 1653]"
418,57,284,1182,0.0008818121542586036,9.60000000004707e-07,3,"[4, 8, 9]","[3196, 2442, 585]"
419,57,284,1183,0.0008779867955196303,0.0008779867955196303,3,"[4, 9, 10]","[6209, 35, 63]"
420,57,284,1183,0.0008785767955196332,5.900000000028929e-07,3,"[4, 9, 10]","[5943, 252, 2]"
421,57,284,1183,0.0008791067955196358,5.300000000025987e-07,2,"[4, 9]","[5367, 946]"
422,57,284,1183,0.0008796567955196385,5.500000000026968e-07,2,"[4, 9]","[4102, 2094]"
423,57,284,1183,0.0008805167955196427,8.600000000042168e-07,2,"[4, 9]","[2652, 3593]"
424,57,284,1184,0.0008766215592176372,0.0008766215592176372,3,"[4, 10, 11]","[4594, 1537, 184]"
425,57,284,1184,0.0008772215592176402,6.000000000029419e-07,3,"[4, 10, 11]","[4854, 1331, 10]"
426,57,284,1184,0.0008778415592176432,6.2000000000304e-07,3,"[4, 10, 11]","[5554, 779, 3]"
427,57,284,1184,0.0008793515592176506,1.5100000000074039e-06,3,"[4, 9, 10]","[5923, 23, 208]"
428,57,284,1185,0.000875486042480672,0.000875486042480672,3,"[4, 10, 11]","[4637, 62, 1559]"
429,57,284,1185,0.0008761960424806754,7.100000000034813e-07,3,"[4, 10, 11]","[4537, 356, 1349]"
430,57,284,1185,0.0008771760424806802,9.800000000048052e-07,3,"[4, 10, 11]","[4504, 1192, 597]"
431,57,284,1186,0.0008746286441250792,0.0008746286441250792,2,"[4, 11]","[6197, 65]"
432,57,284,1186,0.0008765486441250887,1.920000000009414e-06,3,"[4, 10, 11]","[5578, 1, 659]"
433,57,284,1187,0.0008739708939617429,0.0008739708939617429,1,[4],[6270]
434,57,285,1172,0.0008931113413725263,0.0008931113413725263,1,[4],[6257]
435,57,285,1173,0.000891202362140101,0.000891202362140101,1,[4],[6271]
436,57,285,1174,0.0008897393370571648,0.0008897393370571648,1,[4],[6253]
437,57,285,1174,0.0008908393370571702,1.1000000000053935e-06,1,[4],[6259]
438,57,285,1175,0.0008884198506619804,0.0008884198506619804,1,[4],[6329]
439,57,285,1175,0.0008892198506619843,8.000000000039226e-07,1,[4],[6232]
440,57,285,1176,0.0008871545914179348,0.0008871545914179348,1,[4],[6290]
441,57,285,1176,0.0008878645914179383,7.100000000034813e-07,1,[4],[6241]
442,57,285,1176,0.0008889545914179437,1.0900000000053445e-06,1,[4],[6240]
443,57,285,1177,0.0008860054666820421,0.0008860054666820421,2,"[4, 7]","[6266, 55]"
444,57,285,1177,0.0008867054666820455,7.000000000034323e-07,2,"[4, 7]","[6225, 2]"
445,57,285,1177,0.0008877454666820506,1.0400000000050993e-06,1,[4],[6224]
446,57,285,1178,0.0008847523895208567,0.0008847523895208567,2,"[4, 7]","[4930, 1330]"
447,57,285,1178,0.00088543238952086,6.800000000033342e-07,2,"[4, 7]","[5051, 1224]"
448,57,285,1178,0.0008863723895208646,9.40000000004609e-07,2,"[4, 7]","[5521, 694]"
449,57,285,1179,0.0008837451108537424,0.0008837451108537424,2,"[4, 7]","[6226, 76]"
450,57,285,1179,0.0008846251108537467,8.800000000043148e-07,2,"[4, 7]","[5673, 592]"
451,57,285,1180,0.000882847347254757,0.000882847347254757,2,"[4, 8]","[6181, 99]"
452,57,285,1181,0.0008815453183982469,0.0008815453183982469,3,"[4, 8, 9]","[4260, 1953, 44]"
453,57,285,1182,0.0008809283731378407,0.0008809283731378407,3,"[4, 8, 9]","[3626, 300, 2340]"
454,57,286,1166,0.0008993058903889587,0.0008993058903889587,2,"[4, 6]","[4828, 1429]"
455,57,286,1167,0.0008980672464248017,0.0008980672464248017,2,"[4, 6]","[6263, 38]"
456,57,286,1167,0.0008991672464248071,1.1000000000053935e-06,2,"[4, 6]","[5555, 652]"
457,57,286,1168,0.0008967207152624189,0.0008967207152624189,1,[4],[6292]
458,57,286,1168,0.0008975807152624231,8.600000000042168e-07,1,[4],[6222]
459,57,286,1169,0.0008954395545616159,0.0008954395545616159,1,[4],[6281]
460,57,286,1169,0.0008961695545616194,7.300000000035793e-07,1,[4],[6274]
461,57,286,1169,0.0008974895545616259,1.3200000000064722e-06,1,[4],[6195]
462,57,286,1170,0.0008942389855683214,0.0008942389855683214,1,[4],[6277]
463,57,286,1170,0.0008949289855683248,6.900000000033832e-07,1,[4],[6237]
464,57,286,1170,0.0008959389855683297,1.0100000000049522e-06,1,[4],[6272]
465,57,286,1171,0.0008931153168240163,0.0008931153168240163,1,[4],[6300]
466,57,286,1171,0.0008938353168240199,7.200000000035303e-07,1,[4],[6232]
467,57,286,1171,0.0008950253168240257,1.1900000000058348e-06,1,[4],[6220]
468,57,286,1172,0.000892050860014843,0.000892050860014843,1,[4],[6306]
469,57,286,1172,0.0008928808600148471,8.300000000040697e-07,1,[4],[6221]
470,57,286,1173,0.0008911046306382164,0.0008911046306382164,1,[4],[6302]
471,57,286,1173,0.000892234630638222,1.1300000000055406e-06,1,[4],[6215]
472,57,286,1174,0.0008902911028540201,0.0008902911028540201,1,[4],[6284]
473,57,286,1175,0.0008899281903947025,0.0008899281903947025,1,[4],[6267]
474,57,287,1159,0.0009096106667367544,0.0009096106667367544,2,"[1, 4]","[250, 6002]"
475,57,287,1160,0.0009057661700597026,0.0009057661700597026,1,[4],[6271]
476,57,287,1160,0.0009108261700597274,5.06000000002481e-06,2,"[1, 4]","[2827, 3414]"
477,57,287,1161,0.0009043941462319382,0.0009043941462319382,2,"[4, 5]","[6060, 247]"
478,57,287,1161,0.000905564146231944,1.1700000000057368e-06,2,"[4, 5]","[6192, 6]"
479,57,287,1162,0.0009028765103624605,0.0009028765103624605,2,"[4, 5]","[3383, 2906]"
480,57,287,1162,0.0009034765103624634,6.000000000029419e-07,2,"[4, 5]","[3944, 2342]"
481,57,287,1162,0.0009041665103624668,6.900000000033832e-07,2,"[4, 5]","[4797, 1425]"
482,57,287,1162,0.0009101065103624959,5.940000000029125e-06,3,"[1, 4, 5]","[2328, 3565, 324]"
483,57,287,1163,0.0009021285426720309,0.0009021285426720309,2,"[4, 5]","[6014, 242]"
484,57,287,1163,0.0009027885426720341,6.600000000032361e-07,2,"[4, 5]","[5595, 709]"
485,57,287,1163,0.0009036585426720384,8.700000000042658e-07,2,"[4, 5]","[5075, 1119]"
486,57,287,1163,0.0009105585426720722,6.900000000033832e-06,3,"[1, 4, 5]","[4262, 1518, 478]"
487,57,287,1164,0.0009011181696569793,0.0009011181696569793,1,[4],[6303]
488,57,287,1164,0.0009018381696569829,7.200000000035303e-07,1,[4],[6251]
489,57,287,1164,0.0009033181696569901,1.4800000000072568e-06,2,"[4, 5]","[6206, 1]"
490,57,287,1165,0.0009001536757741194,0.0009001536757741194,2,"[4, 6]","[6181, 98]"
491,57,287,1165,0.0009009236757741232,7.700000000037755e-07,2,"[4, 6]","[6258, 12]"
492,57,287,1165,0.0009091236757741634,8.200000000040206e-06,2,"[1, 4]","[1270, 4955]"
493,57,287,1166,0.0008989993900055112,0.0008989993900055112,2,"[4, 6]","[4524, 1774]"
494,57,287,1166,0.0008996493900055144,6.500000000031871e-07,2,"[4, 6]","[4309, 1935]"
495,57,287,1166,0.0009007293900055197,1.0800000000052955e-06,2,"[4, 6]","[4729, 1498]"
496,57,287,1166,0.0009099293900055648,9.20000000004511e-06,3,"[1, 4, 6]","[5321, 804, 107]"
497,57,287,1167,0.0008983596690536386,0.0008983596690536386,2,"[4, 6]","[6048, 238]"
498,57,287,1167,0.0008995496690536444,1.1900000000058348e-06,2,"[4, 6]","[4471, 1767]"
499,57,287,1167,0.0009095496690536935,1.0000000000049032e-05,3,"[1, 4, 6]","[4259, 780, 1224]"
500,57,287,1168,0.0008978195758289529,0.0008978195758289529,1,[4],[6268]
501,57,287,1168,0.0009095095758290102,1.1690000000057319e-05,3,"[1, 4, 6]","[4504, 1720, 17]"
502,57,287,1169,0.0009087853160620993,0.0009087853160620993,2,"[1, 4]","[1332, 4920]"
503,57,287,1169,0.0009099853160621052,1.2000000000058839e-06,1,[1],[6268]
504,57,287,1170,0.0009093465824726312,0.0009093465824726312,2,"[1, 4]","[3758, 2548]"
505,57,287,1170,0.0009107765824726382,1.4300000000070116e-06,1,[1],[6194]
506,57,287,1171,0.0009096325307378241,0.0009096325307378241,2,"[1, 4]","[4925, 1329]"
507,57,287,1172,0.0009098639353474863,0.0009098639353474863,2,"[1, 4]","[5671, 610]"
508,57,287,1173,0.0009100262070692683,0.0009100262070692683,2,"[1, 4]","[6089, 174]"
509,57,287,1174,0.0009101211272510132,0.0009101211272510132,2,"[1, 4]","[6205, 64]"
510,57,287,1175,0.0009102120903975845,0.0009102120903975845,2,"[1, 4]","[6225, 26]"
511,57,287,1176,0.0009103143122569565,0.0009103143122569565,3,"[1, 2, 4]","[6086, 201, 2]"
512,57,287,1177,0.000910310183792632,0.000910310183792632,2,"[1, 2]","[5599, 682]"
513,57,287,1178,0.0009105937928358432,0.0009105937928358432,2,"[1, 2]","[6220, 44]"
514,57,287,1179,0.0009107639787218761,0.0009107639787218761,1,[1],[6268]
515,57,287,1180,0.0009108584910602909,0.0009108584910602909,1,[1],[6264]
516,57,287,1181,0.0009111409220107387,0.0009111409220107387,1,[1],[6265]
517,57,288,1154,0.0009108225823913888,0.0009108225823913888,2,"[1, 4]","[4278, 2102]"
518,57,288,1154,0.0009112225823913908,4.000000000019613e-07,2,"[1, 4]","[4926, 1255]"
519,57,288,1154,0.0009115625823913925,3.400000000016671e-07,2,"[1, 4]","[5211, 1015]"
520,57,288,1154,0.0009119525823913944,3.9000000000191225e-07,2,"[1, 4]","[5382, 889]"
521,57,288,1154,0.0009127725823913984,8.200000000040206e-07,2,"[1, 4]","[5531, 664]"
522,57,288,1155,0.0009101437577009076,0.0009101437577009076,2,"[1, 4]","[1403, 4952]"
523,57,288,1155,0.0009105637577009097,4.2000000000205935e-07,2,"[1, 4]","[3518, 2677]"
524,57,288,1155,0.0009108537577009111,2.9000000000142193e-07,2,"[1, 4]","[4524, 1681]"
525,57,288,1155,0.0009110937577009123,2.4000000000117677e-07,2,"[1, 4]","[5114, 1218]"
526,57,288,1155,0.0009113037577009133,2.1000000000102968e-07,2,"[1, 4]","[5365, 901]"
527,57,288,1155,0.0009115137577009144,2.1000000000102968e-07,2,"[1, 4]","[5522, 667]"
528,57,288,1155,0.0009117537577009155,2.4000000000117677e-07,2,"[1, 4]","[5890, 526]"
529,57,288,1155,0.000912043757700917,2.9000000000142193e-07,2,"[1, 4]","[5763, 365]"
530,57,288,1155,0.0009126137577009197,5.700000000027948e-07,2,"[1, 4]","[5918, 288]"
531,57,288,1156,0.000909183935833456,0.000909183935833456,2,"[1, 4]","[91, 6207]"
532,57,288,1156,0.0009098339358334592,6.500000000031871e-07,2,"[1, 4]","[1021, 5241]"
533,57,288,1156,0.0009102939358334615,4.600000000022555e-07,2,"[1, 4]","[3395, 2917]"
534,57,288,1156,0.0009106239358334631,3.3000000000161806e-07,2,"[1, 4]","[5033, 1284]"
535,57,288,1156,0.0009108739358334643,2.500000000012258e-07,2,"[1, 4]","[5516, 634]"
536,57,288,1156,0.0009111139358334655,2.4000000000117677e-07,2,"[1, 4]","[6070, 370]"
537,57,288,1156,0.0009113339358334666,2.200000000010787e-07,2,"[1, 4]","[5818, 192]"
538,57,288,1156,0.0009115839358334678,2.500000000012258e-07,2,"[1, 4]","[6138, 96]"
539,57,288,1156,0.0009119139358334694,3.3000000000161806e-07,2,"[1, 4]","[6272, 46]"
540,57,288,1156,0.0009127439358334735,8.300000000040697e-07,2,"[1, 4]","[6154, 15]"
541,57,288,1157,0.0009081492461612536,0.0009081492461612536,2,"[1, 4]","[1, 6308]"
542,57,288,1157,0.0009088592461612571,7.100000000034813e-07,2,"[1, 4]","[42, 6198]"
543,57,288,1157,0.0009096892461612612,8.300000000040697e-07,2,"[1, 4]","[1426, 4853]"
544,57,288,1157,0.0009102292461612638,5.400000000026477e-07,2,"[1, 4]","[5116, 1100]"
545,57,288,1157,0.0009105492461612654,3.2000000000156903e-07,2,"[1, 4]","[6018, 221]"
546,57,288,1157,0.0009107992461612666,2.500000000012258e-07,2,"[1, 4]","[6148, 78]"
547,57,288,1157,0.0009110392461612678,2.4000000000117677e-07,2,"[1, 4]","[6407, 39]"
548,57,288,1157,0.000911279246161269,2.4000000000117677e-07,2,"[1, 4]","[6108, 12]"
549,57,288,1157,0.0009115692461612704,2.9000000000142193e-07,2,"[1, 4]","[6232, 9]"
550,57,288,1157,0.0009120892461612729,5.200000000025497e-07,2,"[1, 4]","[6216, 3]"
551,57,288,1158,0.0009071778493120647,0.0009071778493120647,1,[4],[6276]
552,57,288,1158,0.0009078678493120681,6.900000000033832e-07,1,[4],[6276]
553,57,288,1158,0.0009090378493120738,1.1700000000057368e-06,2,"[1, 4]","[330, 5894]"
554,57,288,1158,0.0009099578493120783,9.20000000004511e-07,2,"[1, 4]","[5657, 624]"
555,57,288,1158,0.00091029784931208,3.400000000016671e-07,2,"[1, 4]","[6310, 23]"
556,57,288,1158,0.0009105478493120812,2.500000000012258e-07,2,"[1, 4]","[6270, 4]"
557,57,288,1158,0.0009107678493120823,2.200000000010787e-07,2,"[1, 4]","[6084, 2]"
558,57,288,1158,0.0009110078493120835,2.4000000000117677e-07,1,[1],[6445]
559,57,288,1158,0.0009112778493120848,2.7000000000132387e-07,1,[1],[6230]
560,57,288,1158,0.0009116778493120868,4.000000000019613e-07,1,[1],[6097]
561,57,288,1159,0.0009062817322690611,0.0009062817322690611,1,[4],[6326]
562,57,288,1159,0.0009070517322690649,7.700000000037755e-07,1,[4],[6225]
563,57,288,1159,0.0009092417322690756,2.190000000010738e-06,2,"[1, 4]","[1417, 4782]"
564,57,288,1159,0.0009098517322690786,6.10000000002991e-07,2,"[1, 4]","[6333, 7]"
565,57,288,1159,0.0009101417322690801,2.9000000000142193e-07,1,[1],[6188]
566,57,288,1159,0.0009103817322690812,2.4000000000117677e-07,1,[1],[6332]
567,57,288,1159,0.0009106017322690823,2.200000000010787e-07,1,[1],[6381]
568,57,288,1159,0.0009108217322690834,2.200000000010787e-07,1,[1],[6192]
569,57,288,1159,0.0009110817322690847,2.6000000000127484e-07,1,[1],[6070]
570,57,288,1159,0.0009114817322690866,4.000000000019613e-07,1,[1],[6337]
571,57,288,1160,0.0009054788558185149,0.0009054788558185149,1,[4],[6264]
572,57,288,1160,0.0009065488558185202,1.0700000000052464e-06,1,[4],[6253]
573,57,288,1160,0.0009094188558185343,2.8700000000140722e-06,2,"[1, 4]","[4476, 1759]"
574,57,288,1160,0.0009098088558185362,3.9000000000191225e-07,1,[1],[6350]
575,57,288,1160,0.0009100688558185374,2.6000000000127484e-07,1,[1],[6354]
576,57,288,1160,0.0009102888558185385,2.200000000010787e-07,1,[1],[6093]
577,57,288,1160,0.0009105088558185396,2.200000000010787e-07,1,[1],[6280]
578,57,288,1160,0.0009107588558185408,2.500000000012258e-07,1,[1],[6376]
579,57,288,1160,0.0009110688558185423,3.1000000000152e-07,1,[1],[6155]
580,57,288,1160,0.0009117988558185459,7.300000000035793e-07,1,[1],[6160]
581,57,288,1161,0.0009048386762469044,0.0009048386762469044,2,"[4, 5]","[6139, 125]"
582,57,288,1161,0.0009089386762469245,4.100000000020103e-06,3,"[1, 4, 5]","[2006, 4248, 2]"
583,57,288,1161,0.0009094786762469272,5.400000000026477e-07,1,[1],[6308]
584,57,288,1161,0.0009097786762469287,3.0000000000147097e-07,1,[1],[6256]
585,57,288,1161,0.0009100186762469298,2.4000000000117677e-07,1,[1],[6210]
586,57,288,1161,0.000910248676246931,2.3000000000112774e-07,1,[1],[6308]
587,57,288,1161,0.0009104886762469321,2.4000000000117677e-07,1,[1],[6224]
588,57,288,1161,0.0009107886762469336,3.0000000000147097e-07,1,[1],[6178]
589,57,288,1161,0.0009113586762469364,5.700000000027948e-07,1,[1],[6266]
590,57,288,1162,0.0009037290252011381,0.0009037290252011381,2,"[4, 5]","[3232, 3047]"
591,57,288,1162,0.0009088790252011633,5.1500000000252516e-06,3,"[1, 4, 5]","[2524, 3181, 537]"
592,57,288,1162,0.0009093790252011658,5.000000000024516e-07,1,[1],[6391]
593,57,288,1162,0.0009096690252011672,2.9000000000142193e-07,1,[1],[6233]
594,57,288,1162,0.0009099090252011684,2.4000000000117677e-07,1,[1],[6196]
595,57,288,1162,0.0009101490252011696,2.4000000000117677e-07,1,[1],[6314]
596,57,288,1162,0.0009104090252011708,2.6000000000127484e-07,1,[1],[6279]
597,57,288,1162,0.0009107390252011725,3.3000000000161806e-07,1,[1],[6067]
598,57,288,1163,0.0009085656831391367,0.0009085656831391367,3,"[1, 4, 5]","[1254, 3723, 1311]"
599,57,288,1163,0.0009091956831391398,6.30000000003089e-07,1,[1],[6326]
600,57,288,1163,0.0009094956831391412,3.0000000000147097e-07,1,[1],[6235]
601,57,288,1163,0.0009097456831391425,2.500000000012258e-07,1,[1],[6315]
602,57,288,1163,0.0009099656831391436,2.200000000010787e-07,1,[1],[6112]
603,57,288,1163,0.0009102156831391448,2.500000000012258e-07,1,[1],[6378]
604,57,288,1163,0.0009105056831391462,2.9000000000142193e-07,1,[1],[6186]
605,57,288,1163,0.0009110556831391489,5.500000000026968e-07,1,[1],[6170]
606,57,288,1164,0.000908901957637349,0.000908901957637349,3,"[1, 4, 5]","[4464, 1857, 1]"
607,57,288,1164,0.000909301957637351,4.000000000019613e-07,1,[1],[6273]
608,57,288,1164,0.0009095719576373523,2.7000000000132387e-07,1,[1],[6172]
609,57,288,1164,0.0009098219576373535,2.500000000012258e-07,1,[1],[6384]
610,57,288,1164,0.0009100719576373548,2.500000000012258e-07,1,[1],[6203]
611,57,288,1164,0.0009103619576373562,2.9000000000142193e-07,1,[1],[6221]
612,57,288,1164,0.0009108519576373586,4.900000000024026e-07,1,[1],[6179]
613,57,288,1165,0.0009089665523372217,0.0009089665523372217,3,"[1, 4, 6]","[5531, 774, 2]"
614,57,288,1165,0.0009093365523372235,3.700000000018142e-07,1,[1],[6363]
615,57,288,1165,0.0009096065523372249,2.7000000000132387e-07,1,[1],[6135]
616,57,288,1165,0.0009098665523372261,2.6000000000127484e-07,1,[1],[6411]
617,57,288,1165,0.0009101465523372275,2.800000000013729e-07,1,[1],[6215]
618,57,288,1165,0.0009105265523372294,3.800000000018632e-07,1,[1],[6133]
619,57,288,1166,0.0009089432927015392,0.0009089432927015392,3,"[1, 4, 6]","[5822, 275, 160]"
620,57,288,1166,0.000909313292701541,3.700000000018142e-07,1,[1],[6385]
621,57,288,1166,0.0009095832927015423,2.7000000000132387e-07,1,[1],[6136]
622,57,288,1166,0.0009098532927015436,2.7000000000132387e-07,1,[1],[6431]
623,57,288,1166,0.000910133292701545,2.800000000013729e-07,1,[1],[6069]
624,57,288,1166,0.0009105532927015471,4.2000000000205935e-07,1,[1],[6279]
625,57,288,1167,0.0009089273077015084,0.0009089273077015084,3,"[1, 4, 6]","[6089, 91, 95]"
626,57,288,1167,0.0009092773077015101,3.500000000017161e-07,1,[1],[6315]
627,57,288,1167,0.0009095573077015115,2.800000000013729e-07,1,[1],[6310]
628,57,288,1167,0.0009098173077015128,2.6000000000127484e-07,1,[1],[6235]
629,57,288,1167,0.0009101073077015142,2.9000000000142193e-07,1,[1],[6164]
630,57,288,1167,0.0009105373077015163,4.300000000021084e-07,1,[1],[6219]
631,57,288,1168,0.0009089500056321087,0.0009089500056321087,2,"[1, 4]","[6345, 23]"
632,57,288,1168,0.0009093000056321104,3.500000000017161e-07,1,[1],[6180]
633,57,288,1168,0.0009095900056321118,2.9000000000142193e-07,1,[1],[6218]
634,57,288,1168,0.0009098900056321133,3.0000000000147097e-07,1,[1],[6416]
635,57,288,1168,0.000910240005632115,3.500000000017161e-07,1,[1],[6199]
636,57,288,1168,0.0009111900056321196,9.500000000046581e-07,1,[1],[6122]
637,57,288,1169,0.0009089482325504647,0.0009089482325504647,2,"[1, 4]","[6331, 7]"
638,57,288,1169,0.0009093082325504665,3.6000000000176516e-07,1,[1],[6263]
639,57,288,1169,0.0009096082325504679,3.0000000000147097e-07,1,[1],[6358]
640,57,288,1169,0.0009098982325504694,2.9000000000142193e-07,1,[1],[6131]
641,57,288,1169,0.0009102782325504712,3.800000000018632e-07,1,[1],[6259]
642,57,288,1170,0.0009089423446164283,0.0009089423446164283,2,"[1, 4]","[6305, 3]"
643,57,288,1170,0.0009093023446164301,3.6000000000176516e-07,1,[1],[6265]
644,57,288,1170,0.0009095923446164315,2.9000000000142193e-07,1,[1],[6287]
645,57,288,1170,0.0009098823446164329,2.9000000000142193e-07,1,[1],[6351]
646,57,288,1170,0.0009102323446164346,3.500000000017161e-07,1,[1],[6104]
647,57,288,1170,0.0009112323446164395,1.0000000000049032e-06,1,[1],[6194]
648,57,288,1171,0.000908974963880267,0.000908974963880267,1,[1],[6321]
649,57,288,1171,0.0009093349638802688,3.6000000000176516e-07,1,[1],[6214]
650,57,288,1171,0.0009096349638802703,3.0000000000147097e-07,1,[1],[6414]
651,57,288,1171,0.0009099249638802717,2.9000000000142193e-07,1,[1],[6124]
652,57,288,1171,0.0009103049638802736,3.800000000018632e-07,1,[1],[6243]
653,57,288,1172,0.0009090122232746099,0.0009090122232746099,1,[1],[6296]
654,57,288,1172,0.0009093822232746117,3.700000000018142e-07,1,[1],[6285]
655,57,288,1172,0.0009096822232746132,3.0000000000147097e-07,1,[1],[6294]
656,57,288,1172,0.0009099822232746147,3.0000000000147097e-07,1,[1],[6239]
657,57,288,1172,0.0009103822232746166,4.000000000019613e-07,1,[1],[6261]
658,57,288,1173,0.0009090665131373055,0.0009090665131373055,1,[1],[6364]
659,57,288,1173,0.0009094265131373072,3.6000000000176516e-07,1,[1],[6221]
660,57,288,1173,0.0009097165131373087,2.9000000000142193e-07,1,[1],[6170]
661,57,288,1173,0.0009100165131373101,3.0000000000147097e-07,1,[1],[6272]
662,57,288,1173,0.000910406513137312,3.9000000000191225e-07,1,[1],[6271]
663,57,288,1174,0.0009091298123695715,0.0009091298123695715,1,[1],[6361]
664,57,288,1174,0.0009094898123695733,3.6000000000176516e-07,1,[1],[6169]
665,57,288,1174,0.0009097898123695748,3.0000000000147097e-07,1,[1],[6236]
666,57,288,1174,0.0009100998123695763,3.1000000000152e-07,1,[1],[6327]
667,57,288,1174,0.0009104998123695782,4.000000000019613e-07,1,[1],[6237]
668,57,288,1175,0.0009092193527893848,0.0009092193527893848,1,[1],[6355]
669,57,288,1175,0.0009095993527893867,3.800000000018632e-07,1,[1],[6274]
670,57,288,1175,0.0009098993527893881,3.0000000000147097e-07,1,[1],[6311]
671,57,288,1175,0.0009102193527893897,3.2000000000156903e-07,1,[1],[6141]
672,57,288,1175,0.0009106593527893919,4.400000000021574e-07,2,"[1, 2]","[6206, 2]"
673,57,288,1176,0.0009092613375813738,0.0009092613375813738,2,"[1, 2]","[6088, 215]"
674,57,288,1176,0.0009096413375813757,3.800000000018632e-07,2,"[1, 2]","[6164, 228]"
675,57,288,1176,0.0009099313375813771,2.9000000000142193e-07,2,"[1, 2]","[5986, 206]"
676,57,288,1176,0.0009102213375813786,2.9000000000142193e-07,2,"[1, 2]","[5909, 212]"
677,57,288,1176,0.0009106013375813804,3.800000000018632e-07,2,"[1, 2]","[6080, 216]"
678,57,288,1177,0.0009092898969101175,0.0009092898969101175,2,"[1, 2]","[5551, 749]"
679,57,288,1177,0.0009096398969101193,3.500000000017161e-07,2,"[1, 2]","[5600, 719]"
680,57,288,1177,0.0009099198969101206,2.800000000013729e-07,2,"[1, 2]","[5651, 694]"
681,57,288,1177,0.0009101798969101219,2.6000000000127484e-07,2,"[1, 2]","[5544, 665]"
682,57,288,1177,0.0009104898969101234,3.1000000000152e-07,2,"[1, 2]","[5558, 651]"
683,57,288,1177,0.0009109798969101258,4.900000000024026e-07,2,"[1, 2]","[5508, 613]"
684,57,288,1178,0.0009093933976948197,0.0009093933976948197,2,"[1, 2]","[6272, 40]"
685,57,288,1178,0.0009097633976948215,3.700000000018142e-07,2,"[1, 2]","[6197, 42]"
686,57,288,1178,0.000910063397694823,3.0000000000147097e-07,2,"[1, 2]","[6332, 38]"
687,57,288,1178,0.0009103633976948244,3.0000000000147097e-07,2,"[1, 2]","[6113, 39]"
688,57,288,1178,0.0009107533976948263,3.9000000000191225e-07,2,"[1, 2]","[6188, 32]"
689,57,288,1179,0.0009094612920489433,0.0009094612920489433,1,[1],[6358]
690,57,288,1179,0.0009098312920489451,3.700000000018142e-07,1,[1],[6194]
691,57,288,1179,0.0009101312920489466,3.0000000000147097e-07,1,[1],[6224]
692,57,288,1179,0.0009104512920489481,3.2000000000156903e-07,1,[1],[6253]
693,57,288,1179,0.0009108912920489503,4.400000000021574e-07,1,[1],[6235]
694,57,288,1180,0.0009094630424493929,0.0009094630424493929,1,[1],[6315]
695,57,288,1180,0.0009098430424493947,3.800000000018632e-07,1,[1],[6349]
696,57,288,1180,0.0009101330424493961,2.9000000000142193e-07,1,[1],[6097]
697,57,288,1180,0.0009104530424493977,3.2000000000156903e-07,1,[1],[6365]
698,57,288,1180,0.0009108630424493997,4.100000000020103e-07,1,[1],[6139]
699,57,288,1181,0.0009095029308134925,0.0009095029308134925,1,[1],[6405]
700,57,288,1181,0.0009098629308134943,3.6000000000176516e-07,1,[1],[6238]
701,57,288,1181,0.0009101629308134958,3.0000000000147097e-07,1,[1],[6120]
702,57,288,1181,0.0009104829308134974,3.2000000000156903e-07,1,[1],[6279]
703,57,288,1181,0.0009109429308134996,4.600000000022555e-07,1,[1],[6231]
704,57,288,1182,0.000909551393798925,0.000909551393798925,1,[1],[6371]
705,57,288,1182,0.0009099213937989268,3.700000000018142e-07,1,[1],[6224]
706,57,288,1182,0.0009102413937989284,3.2000000000156903e-07,1,[1],[6232]
707,57,288,1182,0.0009105913937989301,3.500000000017161e-07,1,[1],[6311]
708,57,288,1182,0.0009111613937989329,5.700000000027948e-07,1,[1],[6127]
709,57,288,1183,0.0009095758453202252,0.0009095758453202252,1,[1],[6303]
710,57,288,1183,0.0009099558453202271,3.800000000018632e-07,1,[1],[6307]
711,57,288,1183,0.0009102658453202286,3.1000000000152e-07,1,[1],[6150]
712,57,288,1183,0.0009106058453202302,3.400000000016671e-07,1,[1],[6371]
713,57,288,1183,0.0009111258453202328,5.200000000025497e-07,1,[1],[6120]
714,57,288,1184,0.0009096179027029279,0.0009096179027029279,1,[1],[6253]
715,57,288,1184,0.0009100079027029298,3.9000000000191225e-07,1,[1],[6400]
716,57,288,1184,0.0009103179027029313,3.1000000000152e-07,1,[1],[6189]
717,57,288,1184,0.000910667902702933,3.500000000017161e-07,1,[1],[6321]
718,57,288,1184,0.0009112379027029358,5.700000000027948e-07,1,[1],[6140]
719,57,288,1185,0.0009096383794129658,0.0009096383794129658,1,[1],[6348]
720,57,288,1185,0.0009100183794129677,3.800000000018632e-07,1,[1],[6347]
721,57,288,1185,0.0009103383794129693,3.2000000000156903e-07,1,[1],[6233]
722,57,288,1185,0.0009106683794129709,3.3000000000161806e-07,1,[1],[6171]
723,57,288,1185,0.0009112183794129736,5.500000000026968e-07,1,[1],[6203]
724,57,288,1186,0.000909601698229507,0.000909601698229507,1,[1],[6368]
725,57,288,1186,0.0009099816982295089,3.800000000018632e-07,1,[1],[6287]
726,57,288,1186,0.0009102916982295104,3.1000000000152e-07,1,[1],[6134]
727,57,288,1186,0.000910621698229512,3.3000000000161806e-07,1,[1],[6247]
728,57,288,1186,0.0009111116982295144,4.900000000024026e-07,1,[1],[6296]
729,57,288,1187,0.0009096048060293485,0.0009096048060293485,1,[1],[6311]
730,57,288,1187,0.0009099948060293504,3.9000000000191225e-07,1,[1],[6357]
731,57,288,1187,0.0009103048060293519,3.1000000000152e-07,1,[1],[6117]
732,57,288,1187,0.0009106448060293536,3.400000000016671e-07,1,[1],[6216]
733,57,288,1187,0.0009112048060293563,5.600000000027458e-07,1,[1],[6304]
734,57,288,1188,0.0009099610021600021,0.0009099610021600021,1,[1],[6292]
735,57,288,1188,0.0009106110021600053,6.500000000031871e-07,1,[1],[6243]
736,57,289,1154,0.0009107110534464218,0.0009107110534464218,2,"[1, 4]","[4365, 1929]"
737,57,289,1154,0.0009110710534464236,3.6000000000176516e-07,2,"[1, 4]","[4941, 1301]"
738,57,289,1154,0.0009113510534464249,2.800000000013729e-07,2,"[1, 4]","[5194, 1091]"
739,57,289,1154,0.0009116210534464263,2.7000000000132387e-07,2,"[1, 4]","[5501, 891]"
740,57,289,1154,0.0009119210534464277,3.0000000000147097e-07,2,"[1, 4]","[5334, 799]"
741,57,289,1154,0.0009123610534464299,4.400000000021574e-07,2,"[1, 4]","[5498, 747]"
742,57,289,1155,0.0009103093266204855,0.0009103093266204855,2,"[1, 4]","[2281, 4002]"
743,57,289,1155,0.0009107093266204875,4.000000000019613e-07,2,"[1, 4]","[4265, 2020]"
744,57,289,1155,0.0009109893266204889,2.800000000013729e-07,2,"[1, 4]","[5072, 1270]"
745,57,289,1155,0.00091122932662049,2.4000000000117677e-07,2,"[1, 4]","[5398, 917]"
746,57,289,1155,0.0009114493266204911,2.200000000010787e-07,2,"[1, 4]","[5511, 726]"
747,57,289,1155,0.0009116693266204922,2.200000000010787e-07,2,"[1, 4]","[5633, 540]"
748,57,289,1155,0.0009119293266204935,2.6000000000127484e-07,2,"[1, 4]","[5697, 426]"
749,57,289,1155,0.0009123393266204955,4.100000000020103e-07,2,"[1, 4]","[6027, 316]"
750,57,289,1156,0.0009100736413135101,0.0009100736413135101,2,"[1, 4]","[1582, 4692]"
751,57,289,1156,0.0009106536413135129,5.800000000028439e-07,2,"[1, 4]","[5172, 1172]"
752,57,289,1156,0.0009110236413135147,3.700000000018142e-07,2,"[1, 4]","[5814, 385]"
753,57,289,1156,0.0009113636413135164,3.400000000016671e-07,2,"[1, 4]","[6153, 166]"
754,57,289,1156,0.0009117536413135183,3.9000000000191225e-07,2,"[1, 4]","[6057, 93]"
755,57,289,1156,0.0009127636413135233,1.0100000000049522e-06,2,"[1, 4]","[6200, 31]"
756,57,289,1157,0.0009101410204825745,0.0009101410204825745,2,"[1, 4]","[2682, 3614]"
757,57,289,1157,0.0009107510204825774,6.10000000002991e-07,2,"[1, 4]","[6208, 105]"
758,57,289,1157,0.0009112010204825797,4.5000000000220645e-07,2,"[1, 4]","[6144, 15]"
759,57,289,1157,0.0009118410204825828,6.400000000031381e-07,2,"[1, 4]","[6243, 5]"
760,57,289,1158,0.0009103504597221321,0.0009103504597221321,2,"[1, 4]","[4370, 1889]"
761,57,289,1158,0.0009110604597221356,7.100000000034813e-07,1,[1],[6306]
762,57,289,1159,0.0009104873279115865,0.0009104873279115865,2,"[1, 4]","[5502, 769]"
763,57,289,1159,0.0009123073279115955,1.8200000000089239e-06,1,[1],[6229]
764,57,289,1160,0.0009105351724973984,0.0009105351724973984,2,"[1, 4]","[5988, 271]"
765,57,289,1161,0.0009105039092965197,0.0009105039092965197,3,"[1, 4, 5]","[6215, 77, 1]"
766,57,289,1162,0.0009105385651964333,0.0009105385651964333,3,"[1, 4, 5]","[6246, 16, 12]"
767,57,289,1163,0.0009111628709112369,0.0009111628709112369,3,"[1, 4, 5]","[6253, 2, 4]"
