,event,pixel_x,pixel_y,reset_time,TSLR,nMCParticles,MC_TrackIDs,MC_Weights
0,86,275,1206,0.0009236920689805056,0.0009236920689805056,4,"[644, 646, 670, 671]","[6071, 6, 172, 4]"
1,86,283,1184,0.0009289890256741503,0.0009289890256741503,3,"[640, 675, 676]","[6250, 10, 1]"
2,86,283,1185,0.0009247711701830004,0.0009247711701830004,1,[640],[6270]
3,86,283,1185,0.000925701170183005,9.3000000000456e-07,1,[640],[6267]
4,86,283,1185,0.0009264911701830088,7.900000000038735e-07,1,[640],[6240]
5,86,283,1185,0.0009272411701830125,7.500000000036774e-07,3,"[640, 675, 676]","[6250, 2, 1]"
6,86,283,1185,0.000927961170183016,7.200000000035303e-07,3,"[640, 675, 676]","[6254, 8, 2]"
7,86,283,1185,0.0009289311701830208,9.700000000047561e-07,3,"[640, 675, 676]","[6192, 13, 3]"
8,86,284,1185,0.0009243633098542468,0.0009243633098542468,1,[640],[6291]
9,86,284,1185,0.0009258833098542543,1.5200000000074529e-06,1,[640],[6239]
10,86,287,883,0.0010045127496944137,0.0010045127496944137,1,[1100],[6283]
11,86,288,1181,0.0009139347393709411,0.0009139347393709411,5,"[1, 4, 7, 211, 212]","[14, 41, 10, 6003, 194]"
12,86,288,1182,0.0009096713262700532,0.0009096713262700532,6,"[1, 4, 7, 11, 211, 212]","[1268, 3675, 412, 8, 816, 132]"
13,86,288,1182,0.000910241326270056,5.700000000027948e-07,6,"[1, 4, 7, 11, 211, 212]","[1221, 2430, 387, 9, 1652, 541]"
14,86,288,1182,0.0009107913262700587,5.500000000026968e-07,6,"[1, 4, 7, 11, 211, 212]","[804, 1292, 217, 12, 2583, 1361]"
15,86,288,1182,0.0009113713262700615,5.800000000028439e-07,5,"[1, 4, 7, 211, 212]","[283, 400, 86, 3467, 1966]"
16,86,288,1182,0.0009121613262700654,7.900000000038735e-07,6,"[1, 4, 7, 11, 211, 212]","[54, 60, 16, 1, 4501, 1617]"
17,86,288,1183,0.0009091887321421923,0.0009091887321421923,6,"[1, 4, 7, 11, 211, 212]","[3643, 2241, 246, 6, 207, 6]"
18,86,288,1183,0.000909538732142194,3.500000000017161e-07,6,"[1, 4, 7, 11, 211, 212]","[3946, 1789, 268, 4, 286, 31]"
19,86,288,1183,0.0009098087321421953,2.7000000000132387e-07,6,"[1, 4, 7, 11, 211, 212]","[3976, 1575, 262, 3, 370, 43]"
20,86,288,1183,0.0009100587321421965,2.500000000012258e-07,6,"[1, 4, 7, 11, 211, 212]","[3911, 1436, 244, 6, 491, 89]"
21,86,288,1183,0.0009103187321421978,2.6000000000127484e-07,6,"[1, 4, 7, 11, 211, 212]","[3910, 1321, 241, 7, 590, 144]"
22,86,288,1183,0.0009106487321421994,3.3000000000161806e-07,6,"[1, 4, 7, 11, 211, 212]","[3877, 1103, 212, 5, 707, 328]"
23,86,288,1183,0.0009112487321422024,6.000000000029419e-07,6,"[1, 4, 7, 11, 211, 212]","[3317, 782, 173, 8, 1132, 837]"
24,86,288,1184,0.000909398813187911,0.000909398813187911,5,"[1, 4, 7, 11, 211]","[6239, 48, 8, 1, 2]"
25,86,288,1184,0.0009097888131879129,3.9000000000191225e-07,4,"[1, 4, 7, 211]","[6298, 35, 5, 8]"
26,86,288,1184,0.0009101088131879144,3.2000000000156903e-07,4,"[1, 4, 7, 211]","[6235, 27, 2, 1]"
27,86,288,1184,0.000910438813187916,3.3000000000161806e-07,4,"[1, 4, 7, 211]","[6066, 16, 6, 5]"
28,86,288,1184,0.0009109888131879187,5.500000000026968e-07,5,"[1, 4, 7, 211, 212]","[6256, 19, 9, 9, 3]"
29,86,288,1185,0.0009094685729842274,0.0009094685729842274,2,"[1, 2]","[6338, 1]"
30,86,288,1185,0.0009098485729842293,3.800000000018632e-07,2,"[1, 2]","[6171, 2]"
31,86,288,1185,0.0009101685729842309,3.2000000000156903e-07,1,[1],[6272]
32,86,288,1185,0.0009105185729842326,3.500000000017161e-07,1,[1],[6231]
33,86,288,1185,0.0009110885729842354,5.700000000027948e-07,1,[1],[6255]
34,86,288,1186,0.0009095066258904695,0.0009095066258904695,2,"[1, 2]","[6167, 187]"
35,86,288,1186,0.0009098866258904713,3.800000000018632e-07,2,"[1, 2]","[6156, 190]"
36,86,288,1186,0.0009101966258904729,3.1000000000152e-07,2,"[1, 2]","[5910, 209]"
37,86,288,1186,0.0009105266258904745,3.3000000000161806e-07,2,"[1, 2]","[5985, 199]"
38,86,288,1186,0.0009109966258904768,4.700000000023045e-07,2,"[1, 2]","[6025, 231]"
39,86,288,1187,0.0009095379403535436,0.0009095379403535436,2,"[1, 2]","[5328, 941]"
40,86,288,1187,0.0009099079403535454,3.700000000018142e-07,2,"[1, 2]","[5380, 934]"
41,86,288,1187,0.0009102079403535469,3.0000000000147097e-07,2,"[1, 2]","[5416, 914]"
42,86,288,1187,0.0009104979403535483,2.9000000000142193e-07,2,"[1, 2]","[5183, 951]"
43,86,288,1187,0.0009108879403535502,3.9000000000191225e-07,2,"[1, 2]","[5237, 967]"
44,86,288,1188,0.0009100115398753193,0.0009100115398753193,2,"[1, 2]","[6062, 189]"
45,86,288,1188,0.0009107315398753229,7.200000000035303e-07,2,"[1, 2]","[6107, 163]"
46,86,289,1179,0.0009193407475541578,0.0009193407475541578,1,[211],[6250]
47,86,289,1180,0.0009158719253793974,0.0009158719253793974,1,[211],[6261]
48,86,289,1180,0.0009168819253794024,1.0100000000049522e-06,1,[211],[6250]
49,86,289,1180,0.0009180519253794081,1.1700000000057368e-06,1,[211],[6271]
50,86,289,1181,0.0009135757862886505,0.0009135757862886505,4,"[1, 4, 211, 212]","[1, 4, 6191, 60]"
51,86,289,1181,0.0009145657862886554,9.900000000048542e-07,1,[211],[6255]
52,86,289,1181,0.0009156057862886605,1.0400000000050993e-06,1,[211],[6281]
53,86,289,1182,0.0009116729676588722,0.0009116729676588722,6,"[1, 4, 7, 11, 211, 212]","[463, 817, 148, 2, 3254, 1601]"
54,86,289,1182,0.0009136929676588821,2.0200000000099045e-06,4,"[1, 4, 211, 212]","[3, 1, 5835, 394]"
55,86,289,1183,0.0009117620411993907,0.0009117620411993907,6,"[1, 4, 7, 11, 211, 212]","[3288, 1133, 202, 6, 960, 661]"
56,86,290,1177,0.0009246931904031002,0.0009246931904031002,1,[211],[6257]
57,86,290,1178,0.0009213457037255366,0.0009213457037255366,1,[211],[6250]
58,86,290,1178,0.0009223457037255415,1.0000000000049032e-06,1,[211],[6250]
59,86,290,1178,0.000923475703725547,1.1300000000055406e-06,1,[211],[6279]
60,86,290,1179,0.0009191092474644136,0.0009191092474644136,1,[211],[6262]
61,86,290,1179,0.0009200992474644185,9.900000000048542e-07,1,[211],[6255]
62,86,290,1179,0.0009211992474644239,1.1000000000053935e-06,1,[211],[6255]
63,86,290,1180,0.0009180931639459532,0.0009180931639459532,1,[211],[6282]
64,86,291,1175,0.0009301088909787362,0.0009301088909787362,1,[211],[6250]
65,86,291,1176,0.0009268237872028871,0.0009268237872028871,1,[211],[6266]
66,86,291,1176,0.000927823787202892,1.0000000000049032e-06,1,[211],[6264]
67,86,291,1176,0.0009288937872028972,1.0700000000052464e-06,1,[211],[6226]
68,86,291,1177,0.0009246167794669988,0.0009246167794669988,1,[211],[6273]
69,86,291,1177,0.0009256467794670039,1.0300000000050503e-06,1,[211],[6282]
70,86,291,1177,0.0009267767794670094,1.1300000000055406e-06,1,[211],[6241]
71,86,291,1178,0.0009236835223806437,0.0009236835223806437,1,[211],[6255]
72,86,292,1173,0.0009355462543993642,0.0009355462543993642,1,[211],[6257]
73,86,292,1174,0.0009322963836184523,0.0009322963836184523,1,[211],[6306]
74,86,292,1174,0.0009332763836184571,9.800000000048052e-07,1,[211],[6262]
75,86,292,1174,0.0009343163836184622,1.0400000000050993e-06,1,[211],[6230]
76,86,292,1175,0.0009301377024043497,0.0009301377024043497,1,[211],[6285]
77,86,292,1175,0.0009311877024043548,1.0500000000051484e-06,1,[211],[6237]
78,86,292,1175,0.0009323977024043608,1.2100000000059329e-06,1,[211],[6262]
79,86,292,1176,0.0009293153452491873,0.0009293153452491873,1,[211],[6268]
80,86,293,1171,0.0009408560266852995,0.0009408560266852995,1,[211],[6262]
81,86,293,1172,0.0009377387099135956,0.0009377387099135956,1,[211],[6252]
82,86,293,1172,0.0009386687099136002,9.3000000000456e-07,1,[211],[6301]
83,86,293,1172,0.0009396287099136049,9.60000000004707e-07,1,[211],[6257]
84,86,293,1173,0.0009357570697878993,0.0009357570697878993,1,[211],[6253]
85,86,293,1173,0.000936917069787905,1.1600000000056877e-06,1,[211],[6290]
86,86,293,1173,0.0009383870697879122,1.4700000000072077e-06,1,[211],[6228]
87,86,293,1174,0.0009350701213845591,0.0009350701213845591,1,[211],[6254]
88,86,294,1169,0.0009457108489835049,0.0009457108489835049,3,"[211, 213, 214]","[4004, 1064, 1183]"
89,86,294,1169,0.0009466608489835096,9.500000000046581e-07,3,"[211, 213, 214]","[3364, 64, 2885]"
90,86,294,1169,0.0009489208489835207,2.2600000000110813e-06,2,"[211, 214]","[4491, 1696]"
91,86,294,1170,0.0009431892337371725,0.0009431892337371725,2,"[211, 213]","[6197, 56]"
92,86,294,1170,0.0009440692337371768,8.800000000043148e-07,3,"[211, 213, 214]","[5688, 615, 3]"
93,86,294,1170,0.0009447892337371804,7.200000000035303e-07,3,"[211, 213, 214]","[4703, 1460, 56]"
94,86,294,1170,0.0009456392337371845,8.500000000041677e-07,3,"[211, 213, 214]","[4219, 1328, 747]"
95,86,294,1170,0.0009469992337371912,1.3600000000066684e-06,3,"[211, 213, 214]","[2885, 333, 2977]"
96,86,294,1171,0.0009410491517866192,0.0009410491517866192,1,[211],[6267]
97,86,294,1171,0.0009420691517866242,1.0200000000050013e-06,1,[211],[6248]
98,86,294,1171,0.0009431691517866296,1.1000000000053935e-06,2,"[211, 213]","[6257, 1]"
99,86,294,1172,0.0009404530570531125,0.0009404530570531125,1,[211],[6269]
100,86,295,1167,0.0009512715105838795,0.0009512715105838795,2,"[211, 215]","[6272, 6]"
101,86,295,1167,0.0009529415105838877,1.6700000000081884e-06,2,"[211, 215]","[5693, 549]"
102,86,295,1168,0.0009484637859676618,0.0009484637859676618,3,"[211, 213, 214]","[6216, 1, 53]"
103,86,295,1168,0.0009493737859676663,9.100000000044619e-07,1,[211],[6238]
104,86,295,1168,0.0009502837859676707,9.100000000044619e-07,1,[211],[6275]
105,86,295,1169,0.0009461977593036636,0.0009461977593036636,3,"[211, 213, 214]","[4519, 411, 1329]"
106,86,295,1169,0.000947077759303668,8.800000000043148e-07,3,"[211, 213, 214]","[5084, 3, 1168]"
107,86,295,1169,0.0009480277593036726,9.500000000046581e-07,2,"[211, 214]","[5953, 313]"
108,86,295,1170,0.0009454284388095552,0.0009454284388095552,3,"[211, 213, 214]","[4810, 1195, 270]"
109,86,296,1165,0.0009563770425032568,0.0009563770425032568,3,"[211, 215, 216]","[6235, 11, 4]"
110,86,296,1165,0.0009577370425032635,1.3600000000066684e-06,2,"[211, 216]","[5967, 321]"
111,86,296,1166,0.0009534027001796627,0.0009534027001796627,2,"[211, 215]","[4873, 1423]"
112,86,296,1166,0.0009543327001796673,9.3000000000456e-07,2,"[211, 215]","[5733, 523]"
113,86,296,1166,0.0009552327001796717,9.000000000044129e-07,2,"[211, 215]","[6187, 57]"
114,86,296,1166,0.0009566327001796786,1.4000000000068645e-06,2,"[211, 215]","[6223, 3]"
115,86,296,1167,0.000951725070752948,0.000951725070752948,2,"[211, 215]","[6160, 100]"
116,86,296,1167,0.0009526650707529527,9.40000000004609e-07,2,"[211, 215]","[5270, 985]"
117,86,296,1167,0.0009535850707529572,9.20000000004511e-07,2,"[211, 215]","[4508, 1761]"
118,86,296,1168,0.0009515760692517792,0.0009515760692517792,3,"[211, 214, 215]","[6256, 1, 2]"
119,86,297,1162,0.0009657215395881337,0.0009657215395881337,1,[211],[6253]
120,86,297,1163,0.0009615544026339202,0.0009615544026339202,2,"[211, 216]","[6276, 14]"
121,86,297,1163,0.000962724402633926,1.1700000000057368e-06,1,[211],[6220]
122,86,297,1163,0.0009648544026339364,2.130000000010444e-06,1,[211],[6246]
123,86,297,1164,0.0009586930315582618,0.0009586930315582618,2,"[211, 216]","[4691, 1572]"
124,86,297,1164,0.0009596230315582664,9.3000000000456e-07,2,"[211, 216]","[5691, 582]"
125,86,297,1164,0.0009604930315582706,8.700000000042658e-07,2,"[211, 216]","[6197, 59]"
126,86,297,1164,0.0009617230315582767,1.230000000006031e-06,2,"[211, 216]","[6216, 1]"
127,86,297,1165,0.0009571627611101179,0.0009571627611101179,3,"[211, 215, 216]","[6136, 1, 171]"
128,86,297,1165,0.0009581927611101229,1.0300000000050503e-06,2,"[211, 216]","[5164, 1089]"
129,86,297,1165,0.0009595127611101294,1.3200000000064722e-06,2,"[211, 216]","[4678, 1521]"
130,86,297,1166,0.0009589888336484605,0.0009589888336484605,3,"[211, 215, 216]","[6116, 87, 47]"
131,86,298,1160,0.0009703149990847229,0.0009703149990847229,1,[211],[6265]
132,86,298,1161,0.0009668875612539153,0.0009668875612539153,1,[211],[6262]
133,86,298,1161,0.0009679475612539205,1.0600000000051974e-06,1,[211],[6278]
134,86,298,1161,0.0009691375612539264,1.1900000000058348e-06,1,[211],[6220]
135,86,298,1162,0.0009644530447300571,0.0009644530447300571,1,[211],[6309]
136,86,298,1162,0.0009654230447300619,9.700000000047561e-07,1,[211],[6237]
137,86,298,1162,0.0009663730447300665,9.500000000046581e-07,1,[211],[6218]
138,86,298,1162,0.0009694430447300816,3.070000000015053e-06,1,[211],[6236]
139,86,298,1163,0.0009628969800173673,0.0009628969800173673,1,[211],[6286]
140,86,298,1163,0.0009645469800173753,1.6500000000080903e-06,1,[211],[6228]
141,86,299,1158,0.0009753096947796807,0.0009753096947796807,2,"[211, 217]","[6037, 233]"
142,86,299,1158,0.0009767996947796854,1.4900000000047037e-06,2,"[211, 217]","[4605, 1637]"
143,86,299,1159,0.0009722769179006037,0.0009722769179006037,1,[211],[6279]
144,86,299,1159,0.0009732669179006086,9.900000000048542e-07,1,[211],[6267]
145,86,299,1159,0.0009742769179006135,1.0100000000049522e-06,2,"[211, 217]","[6238, 1]"
146,86,299,1160,0.0009700417718250266,0.0009700417718250266,1,[211],[6279]
147,86,299,1160,0.0009710817718250317,1.0400000000050993e-06,1,[211],[6282]
148,86,299,1160,0.000972161771825037,1.0800000000052955e-06,1,[211],[6198]
149,86,299,1161,0.0009688268319219412,0.0009688268319219412,1,[211],[6261]
150,86,300,1156,0.000980863368725501,0.000980863368725501,3,"[23, 211, 217]","[77, 6201, 1]"
151,86,300,1156,0.0009825133687254913,1.649999999990201e-06,1,[211],[6233]
152,86,300,1157,0.000977655581580121,0.000977655581580121,3,"[23, 211, 217]","[7, 5632, 613]"
153,86,300,1157,0.0009786255815801153,9.699999999942394e-07,2,"[211, 217]","[6270, 14]"
154,86,300,1157,0.0009794955815801102,8.699999999948332e-07,1,[211],[6291]
155,86,300,1157,0.0009806655815801032,1.1699999999930516e-06,1,[211],[6182]
156,86,300,1158,0.0009755828964658749,0.0009755828964658749,2,"[211, 217]","[5494, 769]"
157,86,300,1158,0.0009764528964658791,8.700000000042658e-07,2,"[211, 217]","[4401, 1911]"
158,86,300,1158,0.000977352896465875,8.999999999958477e-07,2,"[211, 217]","[4786, 1421]"
159,86,300,1158,0.0009795128964658621,2.159999999987172e-06,2,"[211, 217]","[5945, 274]"
160,86,300,1159,0.0009749989895281758,0.0009749989895281758,2,"[211, 217]","[6238, 29]"
161,86,301,1154,0.0009867072506379816,0.0009867072506379816,1,[211],[6277]
162,86,301,1154,0.000988167250637973,1.4599999999913293e-06,1,[211],[6255]
163,86,301,1155,0.0009836354451442607,0.0009836354451442607,2,"[23, 211]","[2, 6278]"
164,86,301,1155,0.0009845754451442551,9.399999999944175e-07,1,[211],[6257]
165,86,301,1155,0.00098544544514425,8.699999999948332e-07,1,[211],[6238]
166,86,301,1155,0.0009866654451442427,1.2199999999927547e-06,1,[211],[6249]
167,86,301,1156,0.000981486354347439,0.000981486354347439,2,"[23, 211]","[8, 6284]"
168,86,301,1156,0.0009825763543474325,1.0899999999935267e-06,1,[211],[6218]
169,86,301,1156,0.0009838063543474251,1.2299999999926953e-06,1,[211],[6250]
170,86,301,1157,0.0009810824589209972,0.0009810824589209972,2,"[211, 217]","[6240, 18]"
171,86,302,1152,0.0009925378675472503,0.0009925378675472503,1,[211],[6276]
172,86,302,1152,0.0009939978675472417,1.4599999999913293e-06,1,[211],[6244]
173,86,302,1153,0.0009895244420484429,0.0009895244420484429,1,[211],[6261]
174,86,302,1153,0.0009904644420484373,9.399999999944175e-07,1,[211],[6256]
175,86,302,1153,0.0009913244420484322,8.599999999948926e-07,1,[211],[6238]
176,86,302,1153,0.000992544442048425,1.2199999999927547e-06,1,[211],[6271]
177,86,302,1154,0.0009874570597681906,0.0009874570597681906,1,[211],[6302]
178,86,302,1154,0.0009885970597681838,1.1399999999932298e-06,1,[211],[6255]
179,86,302,1154,0.0009899470597681758,1.3499999999919826e-06,1,[211],[6201]
180,86,302,1155,0.0009872363107257657,0.0009872363107257657,1,[211],[6263]
181,86,303,1150,0.000998404825969802,0.000998404825969802,1,[211],[6301]
182,86,303,1150,0.0009998248259697935,1.419999999991567e-06,1,[211],[6213]
183,86,303,1151,0.0009955290176934131,0.0009955290176934131,1,[211],[6267]
184,86,303,1151,0.0009964590176934076,9.299999999944769e-07,1,[211],[6295]
185,86,303,1151,0.0009973090176934026,8.49999999994952e-07,1,[211],[6209]
186,86,303,1151,0.0009985590176933951,1.2499999999925765e-06,1,[211],[6248]
187,86,303,1152,0.0009933730818744754,0.0009933730818744754,2,"[24, 211]","[1, 6288]"
188,86,303,1152,0.0009945630818744683,1.1899999999929328e-06,1,[211],[6226]
189,86,303,1152,0.0009963330818744578,1.7699999999894883e-06,1,[211],[6255]
190,86,303,1153,0.0009933104799830247,0.0009933104799830247,2,"[24, 211]","[22, 6234]"
191,86,304,1148,0.0010043688027771033,0.0010043688027771033,1,[211],[6252]
192,86,304,1148,0.0010058588027770945,1.4899999999911512e-06,1,[211],[6268]
193,86,304,1149,0.001001285806655248,0.001001285806655248,1,[211],[6299]
194,86,304,1149,0.0010022458066552423,9.599999999942987e-07,1,[211],[6233]
195,86,304,1149,0.0010031158066552371,8.699999999948332e-07,1,[211],[6277]
196,86,304,1149,0.0010042658066552303,1.1499999999931704e-06,1,[211],[6209]
197,86,304,1150,0.0009992809338836544,0.0009992809338836544,1,[211],[6257]
198,86,304,1150,0.0010004109338836477,1.1299999999932892e-06,1,[211],[6282]
199,86,304,1150,0.0010017809338836395,1.3699999999918638e-06,1,[211],[6212]
200,86,304,1151,0.0009994179667694504,0.0009994179667694504,1,[211],[6254]
201,86,305,1146,0.00101024043434443,0.00101024043434443,2,"[211, 218]","[5277, 973]"
202,86,305,1146,0.0010121404343444186,1.8999999999887163e-06,2,"[211, 218]","[6258, 4]"
203,86,305,1147,0.001007163634647771,0.001007163634647771,2,"[211, 218]","[5785, 474]"
204,86,305,1147,0.0010079136346477665,7.499999999955459e-07,2,"[211, 218]","[4272, 2015]"
205,86,305,1147,0.001008483634647763,5.699999999966149e-07,2,"[211, 218]","[3683, 2629]"
206,86,305,1147,0.0010090836346477595,5.999999999964367e-07,2,"[211, 218]","[3921, 2235]"
207,86,305,1147,0.0010100536346477537,9.699999999942394e-07,2,"[211, 218]","[5042, 1195]"
208,86,305,1148,0.0010051259686978474,0.0010051259686978474,1,[211],[6293]
209,86,305,1148,0.0010062559686978406,1.1299999999932892e-06,2,"[211, 218]","[6245, 4]"
210,86,305,1148,0.0010074959686978333,1.2399999999926359e-06,2,"[211, 218]","[6041, 178]"
211,86,305,1149,0.0010050581107481494,0.0010050581107481494,1,[211],[6258]
212,86,306,1144,0.0010174486650190197,0.0010174486650190197,2,"[211, 219]","[6250, 1]"
213,86,306,1145,0.0010133623203236765,0.0010133623203236765,1,[211],[6251]
214,86,306,1145,0.0010144223203236702,1.0599999999937049e-06,1,[211],[6282]
215,86,306,1145,0.001015482320323664,1.0599999999937049e-06,1,[211],[6276]
216,86,306,1145,0.0010182023203236478,2.7199999999838465e-06,1,[211],[6195]
217,86,306,1146,0.0010110031157911162,0.0010110031157911162,2,"[211, 218]","[6096, 181]"
218,86,306,1146,0.0010120631157911099,1.0599999999937049e-06,1,[211],[6263]
219,86,306,1146,0.0010130931157911038,1.029999999993883e-06,1,[211],[6241]
220,86,306,1146,0.0010173031157910788,4.209999999974998e-06,1,[211],[6220]
221,86,306,1147,0.0010098555098198812,0.0010098555098198812,2,"[211, 218]","[4749, 1508]"
222,86,307,1143,0.001019471463907951,0.001019471463907951,2,"[211, 219]","[4848, 1417]"
223,86,307,1143,0.001020631463907944,1.159999999993111e-06,2,"[211, 219]","[5216, 1024]"
224,86,307,1143,0.0010222214639079347,1.5899999999905573e-06,2,"[211, 219]","[6154, 100]"
225,86,307,1144,0.0010169714145216125,0.0010169714145216125,2,"[211, 219]","[6249, 3]"
226,86,307,1144,0.0010179414145216068,9.699999999942394e-07,2,"[211, 219]","[6206, 49]"
227,86,307,1144,0.0010188014145216017,8.599999999948926e-07,2,"[211, 219]","[5771, 511]"
228,86,307,1144,0.0010197914145215958,9.899999999941206e-07,2,"[211, 219]","[4953, 1275]"
229,86,307,1145,0.0010156086717624995,0.0010156086717624995,1,[211],[6266]
230,86,307,1145,0.001017708671762487,2.0999999999875285e-06,2,"[211, 219]","[6236, 1]"
231,86,308,1141,0.001026770261870384,0.001026770261870384,2,"[211, 220]","[6001, 274]"
232,86,308,1142,0.001023114858896093,0.001023114858896093,3,"[211, 219, 220]","[5974, 11, 309]"
233,86,308,1142,0.001023954858896088,8.399999999950114e-07,2,"[211, 220]","[4855, 1431]"
234,86,308,1142,0.0010246148588960841,6.599999999960804e-07,2,"[211, 220]","[4420, 1775]"
235,86,308,1142,0.0010254248588960793,8.099999999951896e-07,2,"[211, 220]","[4948, 1317]"
236,86,308,1142,0.0010280848588960635,2.6599999999842028e-06,2,"[211, 220]","[5947, 265]"
237,86,308,1143,0.0010210678706410316,0.0010210678706410316,2,"[211, 219]","[5640, 646]"
238,86,308,1143,0.0010223178706410241,1.2499999999925765e-06,3,"[211, 219, 220]","[6210, 8, 4]"
239,86,308,1143,0.0010237678706410155,1.4499999999913887e-06,2,"[211, 220]","[5794, 475]"
240,86,309,1140,0.0010294260814817681,0.0010294260814817681,1,[211],[6283]
241,86,309,1140,0.0010306760814817607,1.2499999999925765e-06,1,[211],[6221]
242,86,309,1140,0.0010329160814817474,2.239999999986697e-06,1,[211],[6246]
243,86,309,1141,0.0010267524329870413,0.0010267524329870413,2,"[211, 220]","[6210, 63]"
244,86,309,1141,0.0010277024329870357,9.499999999943581e-07,1,[211],[6272]
245,86,309,1141,0.0010285524329870306,8.49999999994952e-07,1,[211],[6207]
246,86,309,1141,0.0010297324329870236,1.1799999999929922e-06,1,[211],[6272]
247,86,309,1142,0.0010254880711113076,0.0010254880711113076,2,"[211, 220]","[5361, 914]"
248,86,309,1142,0.001027758071111294,2.269999999986519e-06,2,"[211, 220]","[6192, 37]"
249,86,310,1138,0.0010365980338993162,0.0010365980338993162,1,[211],[6251]
250,86,310,1139,0.0010326842764931594,0.0010326842764931594,1,[211],[6296]
251,86,310,1139,0.0010336542764931536,9.699999999942394e-07,1,[211],[6218]
252,86,310,1139,0.001034594276493148,9.399999999944175e-07,1,[211],[6249]
253,86,310,1139,0.0010361642764931387,1.569999999990676e-06,1,[211],[6237]
254,86,310,1140,0.0010307041520260418,0.0010307041520260418,1,[211],[6257]
255,86,310,1140,0.0010318241520260352,1.1199999999933485e-06,1,[211],[6263]
256,86,310,1140,0.0010330841520260277,1.259999999992517e-06,1,[211],[6245]
257,86,311,1136,0.0010445677515660038,0.0010445677515660038,1,[211],[6250]
258,86,311,1137,0.0010387330585773843,0.0010387330585773843,1,[211],[6266]
259,86,311,1137,0.001039773058577378,1.0399999999938236e-06,1,[211],[6291]
260,86,311,1137,0.0010410830585773703,1.3099999999922202e-06,1,[211],[6209]
261,86,311,1138,0.0010362089737680847,0.0010362089737680847,1,[211],[6285]
262,86,311,1138,0.001037168973768079,9.599999999942987e-07,1,[211],[6225]
263,86,311,1138,0.0010380589737680737,8.899999999947145e-07,1,[211],[6240]
264,86,311,1138,0.0010392589737680666,1.1999999999928734e-06,1,[211],[6275]
265,86,311,1139,0.0010350817459994937,0.0010350817459994937,1,[211],[6259]
266,86,311,1139,0.0010373717459994801,2.2899999999864e-06,1,[211],[6241]
267,86,312,1135,0.0010439838249664975,0.0010439838249664975,1,[211],[6276]
268,86,312,1135,0.0010451338249664907,1.1499999999931704e-06,1,[211],[6237]
269,86,312,1135,0.001047603824966476,2.469999999985331e-06,1,[211],[6237]
270,86,312,1136,0.0010414239913406676,0.0010414239913406676,1,[211],[6256]
271,86,312,1136,0.0010422639913406626,8.399999999950114e-07,1,[211],[6311]
272,86,312,1136,0.0010429839913406584,7.199999999957241e-07,1,[211],[6194]
273,86,312,1136,0.001043903991340653,9.199999999945363e-07,1,[211],[6265]
274,86,312,1137,0.0010398531601805133,0.0010398531601805133,1,[211],[6250]
275,86,312,1137,0.0010409331601805068,1.079999999993586e-06,1,[211],[6270]
276,86,312,1137,0.0010424731601804977,1.5399999999908542e-06,1,[211],[6251]
277,86,313,1133,0.0010494834226351243,0.0010494834226351243,1,[211],[6271]
278,86,313,1133,0.0010514134226351128,1.929999999988538e-06,1,[211],[6260]
279,86,313,1134,0.001046598020423224,0.001046598020423224,1,[211],[6276]
280,86,313,1134,0.001047438020423219,8.399999999950114e-07,1,[211],[6248]
281,86,313,1134,0.0010481980204232145,7.599999999954865e-07,1,[211],[6247]
282,86,313,1134,0.0010491980204232086,9.999999999940612e-07,1,[211],[6254]
283,86,313,1135,0.0010448258946295437,0.0010448258946295437,1,[211],[6272]
284,86,313,1135,0.0010458358946295377,1.0099999999940018e-06,1,[211],[6264]
285,86,313,1135,0.0010469358946295312,1.0999999999934673e-06,1,[211],[6256]
286,86,313,1136,0.0010450933273472916,0.0010450933273472916,1,[211],[6254]
287,86,314,1131,0.0010549772567588365,0.0010549772567588365,2,"[211, 221]","[5109, 1175]"
288,86,314,1131,0.0010567772567588259,1.7999999999893102e-06,2,"[211, 221]","[4810, 1422]"
289,86,314,1132,0.0010520544099221789,0.0010520544099221789,1,[211],[6250]
290,86,314,1132,0.001053034409922173,9.7999999999418e-07,2,"[211, 221]","[6251, 2]"
291,86,314,1132,0.0010540044099221673,9.699999999942394e-07,2,"[211, 221]","[6170, 130]"
292,86,314,1132,0.0010556544099221575,1.649999999990201e-06,2,"[211, 221]","[4986, 1221]"
293,86,314,1133,0.0010500469519013529,0.0010500469519013529,1,[211],[6310]
294,86,314,1133,0.0010510969519013467,1.0499999999937643e-06,1,[211],[6202]
295,86,314,1133,0.0010523569519013392,1.259999999992517e-06,1,[211],[6264]
296,86,314,1134,0.0010495136152805025,0.0010495136152805025,1,[211],[6253]
297,86,315,1129,0.0010612525080961458,0.0010612525080961458,1,[211],[6278]
298,86,315,1130,0.0010575082612605453,0.0010575082612605453,2,"[211, 221]","[6191, 107]"
299,86,315,1130,0.0010585182612605393,1.0099999999940018e-06,1,[211],[6229]
300,86,315,1130,0.0010595482612605332,1.029999999993883e-06,1,[211],[6228]
301,86,315,1131,0.0010549698326414955,0.0010549698326414955,2,"[211, 221]","[4576, 1709]"
302,86,315,1131,0.0010557898326414906,8.199999999951302e-07,2,"[211, 221]","[4652, 1594]"
303,86,315,1131,0.0010566298326414856,8.399999999950114e-07,2,"[211, 221]","[5725, 565]"
304,86,315,1131,0.0010576898326414793,1.0599999999937049e-06,2,"[211, 221]","[6156, 72]"
305,86,315,1132,0.0010543258484618158,0.0010543258484618158,2,"[211, 221]","[5926, 360]"
306,86,315,1132,0.0010562058484618047,1.879999999988835e-06,2,"[211, 221]","[4173, 2050]"
307,86,316,1127,0.001066451675435982,0.001066451675435982,3,"[211, 222, 223]","[4561, 931, 762]"
308,86,316,1128,0.0010631847518830415,0.0010631847518830415,3,"[211, 222, 223]","[5845, 329, 86]"
309,86,316,1128,0.0010639747518830368,7.899999999953083e-07,3,"[211, 222, 223]","[4185, 1395, 694]"
310,86,316,1128,0.0010645547518830334,5.799999999965555e-07,3,"[211, 222, 223]","[3190, 1745, 1306]"
311,86,316,1128,0.0010651947518830296,6.399999999961992e-07,3,"[211, 222, 223]","[3278, 1457, 1558]"
312,86,316,1128,0.0010666147518830211,1.419999999991567e-06,3,"[211, 222, 223]","[4277, 720, 1199]"
313,86,316,1129,0.0010607785713484664,0.0010607785713484664,1,[211],[6295]
314,86,316,1129,0.0010617385713484607,9.599999999942987e-07,1,[211],[6255]
315,86,316,1129,0.0010626085713484556,8.699999999948332e-07,3,"[211, 222, 223]","[6245, 1, 1]"
316,86,316,1129,0.0010638085713484484,1.1999999999928734e-06,3,"[211, 222, 223]","[5949, 176, 80]"
317,86,316,1130,0.0010594582445203257,0.0010594582445203257,2,"[211, 221]","[6274, 1]"
318,86,316,1130,0.0010613182445203147,1.8599999999889538e-06,1,[211],[6225]
319,86,317,1125,0.001072746050466416,0.001072746050466416,1,[211],[6255]
320,86,317,1126,0.0010686528112691476,0.0010686528112691476,1,[211],[6268]
321,86,317,1126,0.0010697128112691413,1.0599999999937049e-06,1,[211],[6251]
322,86,317,1126,0.001070922811269134,1.209999999992814e-06,1,[211],[6273]
323,86,317,1127,0.001066072476000806,0.001066072476000806,3,"[211, 222, 223]","[5417, 397, 441]"
324,86,317,1127,0.0010670024760008005,9.299999999944769e-07,3,"[211, 222, 223]","[6234, 4, 12]"
325,86,317,1127,0.0010678124760007957,8.099999999951896e-07,1,[211],[6307]
326,86,317,1127,0.0010687924760007898,9.7999999999418e-07,1,[211],[6212]
327,86,317,1128,0.0010643188961538793,0.0010643188961538793,3,"[211, 222, 223]","[4222, 1137, 907]"
328,86,317,1128,0.0010652388961538738,9.199999999945363e-07,3,"[211, 222, 223]","[4008, 973, 1305]"
329,86,317,1128,0.0010664288961538667,1.1899999999929328e-06,3,"[211, 222, 223]","[5236, 299, 663]"
330,86,318,1123,0.001077241659301943,0.001077241659301943,2,"[211, 224]","[5009, 1244]"
331,86,318,1124,0.0010740670973861546,0.0010740670973861546,2,"[211, 224]","[6258, 2]"
332,86,318,1124,0.0010751070973861485,1.0399999999938236e-06,2,"[211, 224]","[6211, 81]"
333,86,318,1124,0.0010761170973861425,1.0099999999940018e-06,2,"[211, 224]","[5628, 574]"
334,86,318,1124,0.0010796970973861212,3.579999999978739e-06,2,"[211, 224]","[5027, 1219]"
335,86,318,1125,0.0010715831922461032,0.0010715831922461032,1,[211],[6299]
336,86,318,1125,0.001072473192246098,8.899999999947145e-07,1,[211],[6227]
337,86,318,1125,0.001073313192246093,8.399999999950114e-07,1,[211],[6240]
338,86,318,1125,0.001074473192246086,1.159999999993111e-06,1,[211],[6237]
339,86,318,1126,0.0010700171297265255,0.0010700171297265255,1,[211],[6270]
340,86,318,1126,0.0010713271297265177,1.3099999999922202e-06,1,[211],[6258]
341,86,319,1120,0.0010867781501882837,0.0010867781501882837,3,"[211, 225, 286]","[6224, 23, 5]"
342,86,319,1121,0.001082309389388554,0.001082309389388554,2,"[211, 286]","[6222, 71]"
343,86,319,1121,0.0010836193893885462,1.3099999999922202e-06,1,[211],[6208]
344,86,319,1122,0.0010793798822537745,0.0010793798822537745,3,"[211, 224, 286]","[6261, 19, 19]"
345,86,319,1122,0.001080289882253769,9.099999999945957e-07,1,[211],[6248]
346,86,319,1122,0.001081129882253764,8.399999999950114e-07,1,[211],[6260]
347,86,319,1122,0.001082169882253758,1.0399999999938236e-06,1,[211],[6210]
348,86,319,1123,0.001076799864489685,0.001076799864489685,2,"[211, 224]","[5077, 1201]"
349,86,319,1123,0.0010776898644896797,8.899999999947145e-07,2,"[211, 224]","[5754, 484]"
350,86,319,1123,0.001078469864489675,7.799999999953677e-07,2,"[211, 224]","[6160, 74]"
351,86,319,1123,0.0010793998644896695,9.299999999944769e-07,2,"[211, 224]","[6255, 1]"
352,86,319,1123,0.001082519864489651,3.119999999981471e-06,1,[211],[6244]
353,86,319,1124,0.0010754060222116855,0.0010754060222116855,2,"[211, 224]","[6066, 196]"
354,86,319,1124,0.0010765360222116788,1.1299999999932892e-06,2,"[211, 224]","[5247, 1045]"
355,86,319,1124,0.0010784260222116676,1.8899999999887757e-06,2,"[211, 224]","[5202, 1001]"
356,86,320,1116,0.0011005373843582414,0.0011005373843582414,4,"[211, 227, 228, 288]","[4960, 915, 163, 212]"
357,86,320,1117,0.0010946279272265715,0.0010946279272265715,4,"[211, 226, 285, 288]","[6095, 3, 1, 179]"
358,86,320,1118,0.0010904326031246324,0.0010904326031246324,5,"[211, 225, 226, 285, 288]","[4608, 307, 1360, 1, 1]"
359,86,320,1118,0.0010917726031246244,1.339999999992042e-06,2,"[211, 226]","[6166, 111]"
360,86,320,1118,0.0010932126031246159,1.4399999999914481e-06,1,[211],[6197]
361,86,320,1119,0.0010873857652596542,0.0010873857652596542,3,"[211, 225, 226]","[5069, 1204, 17]"
362,86,320,1119,0.0010880557652596502,6.69999999996021e-07,3,"[211, 225, 226]","[3682, 2346, 270]"
363,86,320,1119,0.0010885757652596471,5.199999999969118e-07,3,"[211, 225, 226]","[3340, 2211, 722]"
364,86,320,1119,0.0010890657652596442,4.8999999999709e-07,3,"[211, 225, 226]","[3422, 1549, 1296]"
365,86,320,1119,0.0010895857652596411,5.199999999969118e-07,3,"[211, 225, 226]","[3462, 822, 1861]"
366,86,320,1119,0.001090285765259637,6.999999999958428e-07,3,"[211, 225, 226]","[4103, 269, 1908]"
367,86,320,1119,0.001092455765259624,2.169999999987113e-06,3,"[211, 225, 226]","[5391, 34, 773]"
368,86,320,1120,0.0010849942508872237,0.0010849942508872237,2,"[211, 286]","[6250, 40]"
369,86,320,1120,0.0010859042508872183,9.099999999945957e-07,2,"[211, 225]","[6217, 10]"
370,86,320,1120,0.0010866742508872137,7.699999999954271e-07,2,"[211, 225]","[6176, 100]"
371,86,320,1120,0.001087464250887209,7.899999999953083e-07,3,"[211, 225, 226]","[5466, 765, 5]"
372,86,320,1120,0.0010883542508872037,8.899999999947145e-07,3,"[211, 225, 226]","[4025, 2162, 60]"
373,86,320,1121,0.001082745156297566,0.001082745156297566,2,"[211, 286]","[5640, 621]"
374,86,320,1121,0.0010838651562975594,1.1199999999933485e-06,1,[211],[6283]
375,86,320,1121,0.0010849951562975526,1.1299999999932892e-06,1,[211],[6223]
376,86,320,1122,0.0010816008667508866,0.0010816008667508866,2,"[211, 286]","[6069, 182]"
377,86,321,1114,0.0011037705131685066,0.0011037705131685066,3,"[211, 227, 228]","[6211, 3, 64]"
378,86,321,1114,0.001105720513168495,1.9499999999884193e-06,1,[211],[6224]
379,86,321,1115,0.0010995006685094134,0.0010995006685094134,4,"[211, 227, 228, 288]","[4953, 700, 646, 2]"
380,86,321,1115,0.0011004306685094079,9.299999999944769e-07,3,"[211, 227, 228]","[4806, 18, 1418]"
381,86,321,1115,0.001101260668509403,8.299999999950708e-07,3,"[211, 227, 228]","[5403, 2, 818]"
382,86,321,1115,0.0011022206685093973,9.599999999942987e-07,2,"[211, 228]","[6078, 192]"
383,86,321,1115,0.001103610668509389,1.389999999991745e-06,2,"[211, 228]","[6217, 14]"
384,86,321,1116,0.0010965942573239957,0.0010965942573239957,3,"[211, 227, 288]","[6123, 85, 61]"
385,86,321,1116,0.0010974742573239904,8.799999999947739e-07,2,"[211, 227]","[5531, 750]"
386,86,321,1116,0.0010981242573239866,6.499999999961398e-07,3,"[211, 227, 228]","[4785, 1401, 15]"
387,86,321,1116,0.0010987542573239828,6.299999999962586e-07,3,"[211, 227, 228]","[4852, 1387, 79]"
388,86,321,1116,0.0010994942573239784,7.399999999956053e-07,3,"[211, 227, 228]","[4956, 774, 480]"
389,86,321,1116,0.0011004442573239728,9.499999999943581e-07,3,"[211, 227, 228]","[4554, 158, 1516]"
390,86,321,1117,0.0010938511423620382,0.0010938511423620382,4,"[211, 226, 285, 288]","[6186, 3, 31, 54]"
391,86,321,1117,0.0010948611423620322,1.0099999999940018e-06,1,[211],[6254]
392,86,321,1117,0.0010957811423620268,9.199999999945363e-07,1,[211],[6278]
393,86,321,1117,0.0010968911423620202,1.109999999993408e-06,2,"[211, 227]","[6192, 25]"
394,86,321,1118,0.001091106181480077,0.001091106181480077,5,"[211, 225, 226, 285, 288]","[4851, 97, 1269, 53, 2]"
395,86,321,1118,0.0010924161814800692,1.3099999999922202e-06,2,"[211, 226]","[6235, 13]"
396,86,321,1118,0.0010936561814800618,1.2399999999926359e-06,1,[211],[6243]
397,86,321,1119,0.0010886248516679276,0.0010886248516679276,4,"[211, 225, 226, 285]","[2967, 2309, 1016, 1]"
398,86,321,1119,0.001089564851667922,9.399999999944175e-07,3,"[211, 225, 226]","[2633, 911, 2713]"
399,86,321,1119,0.001090924851667914,1.3599999999919232e-06,3,"[211, 225, 226]","[3855, 125, 2240]"
400,86,321,1120,0.001089205289544135,0.001089205289544135,4,"[211, 225, 226, 286]","[4095, 1859, 284, 13]"
401,86,321,1282,0.0007255992738323383,0.0007255992738323383,1,[436],[6296]
402,86,321,1282,0.0007265492738323429,9.500000000046581e-07,1,[436],[6206]
403,86,322,1112,0.0011109555756816537,0.0011109555756816537,2,"[211, 284]","[6246, 39]"
404,86,322,1112,0.0011125155756816444,1.5599999999907355e-06,1,[211],[6233]
405,86,322,1112,0.0011144955756816326,1.979999999988241e-06,1,[211],[6236]
406,86,322,1113,0.0011068812294435044,0.0011068812294435044,2,"[211, 284]","[6287, 2]"
407,86,322,1113,0.0011078812294434985,9.999999999940612e-07,1,[211],[6275]
408,86,322,1113,0.0011086712294434938,7.899999999953083e-07,1,[211],[6255]
409,86,322,1113,0.0011094212294434894,7.499999999955459e-07,1,[211],[6181]
410,86,322,1113,0.0011102812294434842,8.599999999948926e-07,1,[211],[6277]
411,86,322,1113,0.0011116112294434764,1.3299999999921014e-06,1,[211],[6235]
412,86,322,1114,0.0011038062460311387,0.0011038062460311387,2,"[211, 228]","[6254, 9]"
413,86,322,1114,0.0011048662460311325,1.0599999999937049e-06,1,[211],[6270]
414,86,322,1114,0.0011057362460311273,8.699999999948332e-07,1,[211],[6297]
415,86,322,1114,0.0011065762460311223,8.399999999950114e-07,1,[211],[6192]
416,86,322,1114,0.001107626246031116,1.0499999999937643e-06,1,[211],[6239]
417,86,322,1114,0.0011105762460310985,2.9499999999824805e-06,1,[211],[6239]
418,86,322,1115,0.0011012056764567316,0.0011012056764567316,3,"[211, 227, 228]","[5345, 99, 809]"
419,86,322,1115,0.0011027356764567225,1.5299999999909136e-06,2,"[211, 228]","[6215, 71]"
420,86,322,1115,0.001104525676456712,1.7899999999893695e-06,1,[211],[6222]
421,86,322,1116,0.0011001489086260021,0.0011001489086260021,3,"[211, 227, 228]","[5227, 593, 437]"
422,86,323,1110,0.0011190356986320936,0.0011190356986320936,2,"[211, 284]","[6274, 2]"
423,86,323,1110,0.0011207256986320835,1.6899999999899634e-06,1,[211],[6237]
424,86,323,1111,0.0011148562432023413,0.0011148562432023413,2,"[211, 284]","[6231, 51]"
425,86,323,1111,0.001115916243202335,1.0599999999937049e-06,1,[211],[6243]
426,86,323,1111,0.0011166862432023304,7.699999999954271e-07,1,[211],[6285]
427,86,323,1111,0.001117426243202326,7.399999999956053e-07,1,[211],[6264]
428,86,323,1111,0.0011182162432023213,7.899999999953083e-07,1,[211],[6194]
429,86,323,1111,0.0011193062432023149,1.0899999999935267e-06,1,[211],[6253]
430,86,323,1112,0.0011115885416185481,0.0011115885416185481,2,"[211, 284]","[6212, 56]"
431,86,323,1112,0.0011126685416185417,1.079999999993586e-06,1,[211],[6270]
432,86,323,1112,0.0011135085416185367,8.399999999950114e-07,1,[211],[6267]
433,86,323,1112,0.0011143385416185318,8.299999999950708e-07,1,[211],[6221]
434,86,323,1112,0.0011152685416185263,9.299999999944769e-07,1,[211],[6261]
435,86,323,1112,0.0011166985416185178,1.4299999999915075e-06,1,[211],[6226]
436,86,323,1113,0.0011096049703349655,0.0011096049703349655,2,"[211, 284]","[6266, 2]"
437,86,323,1113,0.0011114549703349545,1.8499999999890132e-06,1,[211],[6240]
438,86,324,1108,0.0011284303994007522,0.0011284303994007522,1,[211],[6254]
439,86,324,1109,0.0011225437216187764,0.0011225437216187764,1,[211],[6289]
440,86,324,1109,0.00112363372161877,1.0899999999935267e-06,1,[211],[6224]
441,86,324,1109,0.001124633721618764,9.999999999940612e-07,1,[211],[6260]
442,86,324,1109,0.0011260337216187557,1.3999999999916857e-06,1,[211],[6252]
443,86,324,1110,0.0011194912620661331,0.0011194912620661331,1,[211],[6306]
444,86,324,1110,0.0011204712620661273,9.7999999999418e-07,1,[211],[6199]
445,86,324,1110,0.0011212712620661226,7.99999999995249e-07,1,[211],[6248]
446,86,324,1110,0.0011220012620661182,7.299999999956647e-07,1,[211],[6328]
447,86,324,1110,0.001122891262066113,8.899999999947145e-07,1,[211],[6177]
448,86,324,1110,0.0011248312620661014,1.9399999999884787e-06,1,[211],[6244]
449,86,324,1111,0.001117582398975083,0.001117582398975083,2,"[211, 284]","[6260, 4]"
450,86,324,1111,0.0011190623989750742,1.4799999999912106e-06,1,[211],[6278]
451,86,324,1111,0.0011212523989750612,2.189999999986994e-06,1,[211],[6217]
452,86,325,1107,0.0011304324072026106,0.0011304324072026106,2,"[211, 229]","[6272, 1]"
453,86,325,1107,0.0011319124072026018,1.4799999999912106e-06,2,"[211, 229]","[6016, 212]"
454,86,325,1107,0.0011331524072025945,1.2399999999926359e-06,2,"[211, 229]","[5049, 1255]"
455,86,325,1107,0.00113559240720258,2.4399999999855093e-06,2,"[211, 229]","[5299, 903]"
456,86,325,1108,0.0011264146033976355,0.0011264146033976355,1,[211],[6261]
457,86,325,1108,0.0011273646033976299,9.499999999943581e-07,1,[211],[6321]
458,86,325,1108,0.0011281246033976254,7.599999999954865e-07,1,[211],[6224]
459,86,325,1108,0.001128864603397621,7.399999999956053e-07,1,[211],[6250]
460,86,325,1108,0.0011296746033976162,8.099999999951896e-07,1,[211],[6258]
461,86,325,1108,0.00113072460339761,1.0499999999937643e-06,2,"[211, 229]","[6186, 1]"
462,86,325,1108,0.0011333846033975941,2.6599999999842028e-06,2,"[211, 229]","[5835, 417]"
463,86,325,1109,0.0011242417235696961,0.0011242417235696961,1,[211],[6255]
464,86,325,1109,0.0011253617235696895,1.1199999999933485e-06,1,[211],[6281]
465,86,325,1109,0.0011263617235696835,9.999999999940612e-07,1,[211],[6221]
466,86,325,1109,0.0011277317235696754,1.3699999999918638e-06,1,[211],[6245]
467,86,325,1110,0.001125791781167838,0.001125791781167838,1,[211],[6253]
468,86,326,1104,0.0011439746476637912,0.0011439746476637912,1,[211],[6251]
469,86,326,1104,0.0011480646476637669,4.08999999997571e-06,1,[211],[6250]
470,86,326,1105,0.001139106658201641,0.001139106658201641,2,"[211, 229]","[6275, 1]"
471,86,326,1105,0.0011403066582016338,1.1999999999928734e-06,1,[211],[6245]
472,86,326,1105,0.001141276658201628,9.699999999942394e-07,1,[211],[6233]
473,86,326,1105,0.0011423366582016218,1.0599999999937049e-06,1,[211],[6289]
474,86,326,1105,0.0011444066582016095,2.0699999999877067e-06,1,[211],[6207]
475,86,326,1106,0.0011344484574474264,0.0011344484574474264,2,"[211, 229]","[5859, 439]"
476,86,326,1106,0.0011354984574474202,1.0499999999937643e-06,2,"[211, 229]","[6211, 9]"
477,86,326,1106,0.0011363084574474154,8.099999999951896e-07,1,[211],[6284]
478,86,326,1106,0.001137038457447411,7.299999999956647e-07,1,[211],[6231]
479,86,326,1106,0.0011377584574474068,7.199999999957241e-07,1,[211],[6245]
480,86,326,1106,0.001138558457447402,7.99999999995249e-07,1,[211],[6223]
481,86,326,1106,0.0011395484574473961,9.899999999941206e-07,1,[211],[6274]
482,86,326,1106,0.0011413884574473852,1.8399999999890726e-06,1,[211],[6225]
483,86,326,1107,0.0011312014968913467,0.0011312014968913467,2,"[211, 229]","[6195, 63]"
484,86,326,1107,0.0011321914968913408,9.899999999941206e-07,2,"[211, 229]","[5656, 653]"
485,86,326,1107,0.0011328614968913369,6.69999999996021e-07,2,"[211, 229]","[4941, 1277]"
486,86,326,1107,0.0011334914968913331,6.299999999962586e-07,2,"[211, 229]","[5102, 1196]"
487,86,326,1107,0.0011341614968913291,6.69999999996021e-07,2,"[211, 229]","[5535, 674]"
488,86,326,1107,0.0011349914968913242,8.299999999950708e-07,2,"[211, 229]","[6086, 178]"
489,86,326,1107,0.0011361614968913173,1.1699999999930516e-06,2,"[211, 229]","[6196, 7]"
490,86,326,1108,0.001129402648564776,0.001129402648564776,1,[211],[6275]
491,86,326,1108,0.0011311026485647658,1.699999999989904e-06,2,"[211, 229]","[6243, 9]"
492,86,326,1108,0.001133602648564751,2.499999999985153e-06,2,"[211, 229]","[5511, 713]"
493,86,327,1102,0.0011555986880426754,0.0011555986880426754,1,[211],[6260]
494,86,327,1103,0.0011470668336001756,0.0011470668336001756,1,[211],[6286]
495,86,327,1103,0.0011482468336001686,1.1799999999929922e-06,1,[211],[6269]
496,86,327,1103,0.0011491468336001633,8.999999999946551e-07,1,[211],[6203]
497,86,327,1103,0.001150036833600158,8.899999999947145e-07,1,[211],[6294]
498,86,327,1103,0.0011509668336001525,9.299999999944769e-07,1,[211],[6252]
499,86,327,1103,0.001152046833600146,1.079999999993586e-06,1,[211],[6211]
500,86,327,1103,0.0011534568336001377,1.4099999999916263e-06,1,[211],[6243]
501,86,327,1103,0.0011561368336001218,2.679999999984084e-06,1,[211],[6246]
502,86,327,1104,0.001142824817616015,0.001142824817616015,1,[211],[6302]
503,86,327,1104,0.0011438048176160092,9.7999999999418e-07,1,[211],[6238]
504,86,327,1104,0.0011445548176160047,7.499999999955459e-07,1,[211],[6255]
505,86,327,1104,0.001145184817616001,6.299999999962586e-07,1,[211],[6305]
506,86,327,1104,0.0011457848176159974,5.999999999964367e-07,1,[211],[6167]
507,86,327,1104,0.0011463848176159939,5.999999999964367e-07,1,[211],[6327]
508,86,327,1104,0.0011469948176159902,6.099999999963773e-07,1,[211],[6217]
509,86,327,1104,0.0011476448176159864,6.499999999961398e-07,1,[211],[6288]
510,86,327,1104,0.0011484048176159819,7.599999999954865e-07,1,[211],[6151]
511,86,327,1104,0.0011494448176159757,1.0399999999938236e-06,1,[211],[6253]
512,86,327,1104,0.0011520148176159604,2.5699999999847373e-06,1,[211],[6252]
513,86,327,1105,0.0011397969746836916,0.0011397969746836916,1,[211],[6279]
514,86,327,1105,0.0011407669746836858,9.699999999942394e-07,1,[211],[6243]
515,86,327,1105,0.0011414869746836816,7.199999999957241e-07,1,[211],[6258]
516,86,327,1105,0.0011421369746836777,6.499999999961398e-07,1,[211],[6275]
517,86,327,1105,0.0011428269746836736,6.899999999959022e-07,1,[211],[6222]
518,86,327,1105,0.0011437269746836683,8.999999999946551e-07,1,[211],[6238]
519,86,327,1105,0.001145296974683659,1.569999999990676e-06,1,[211],[6245]
520,86,327,1106,0.0011374943541765515,0.0011374943541765515,2,"[211, 229]","[6250, 24]"
521,86,327,1106,0.0011390643541765422,1.569999999990676e-06,1,[211],[6235]
522,86,327,1106,0.0011407443541765322,1.6799999999900228e-06,1,[211],[6264]
523,86,328,1102,0.0011533115785622094,0.0011533115785622094,1,[211],[6260]
524,86,328,1102,0.0011544815785622024,1.1699999999930516e-06,1,[211],[6244]
525,86,328,1102,0.0011552615785621978,7.799999999953677e-07,1,[211],[6266]
526,86,328,1102,0.0011558715785621942,6.099999999963773e-07,1,[211],[6304]
527,86,328,1102,0.0011563815785621912,5.099999999969712e-07,2,"[211, 232]","[6231, 2]"
528,86,328,1102,0.0011568515785621884,4.6999999999720876e-07,2,"[211, 232]","[6217, 5]"
529,86,328,1102,0.0011573215785621856,4.6999999999720876e-07,2,"[211, 232]","[6300, 12]"
530,86,328,1102,0.0011578615785621824,5.39999999996793e-07,2,"[211, 232]","[6203, 51]"
531,86,328,1102,0.0011588415785621765,9.7999999999418e-07,2,"[211, 232]","[5806, 393]"
532,86,328,1102,0.0011627315785621534,3.889999999976898e-06,2,"[211, 232]","[990, 5216]"
533,86,328,1103,0.001148716879287003,0.001148716879287003,1,[211],[6256]
534,86,328,1103,0.0011497668792869967,1.0499999999937643e-06,1,[211],[6258]
535,86,328,1103,0.0011505368792869921,7.699999999954271e-07,1,[211],[6281]
536,86,328,1103,0.0011512068792869882,6.69999999996021e-07,1,[211],[6218]
537,86,328,1103,0.0011518268792869845,6.199999999963179e-07,1,[211],[6318]
538,86,328,1103,0.0011523768792869812,5.499999999967337e-07,1,[211],[6195]
539,86,328,1103,0.001152906879286978,5.299999999968524e-07,1,[211],[6297]
540,86,328,1103,0.001153426879286975,5.199999999969118e-07,1,[211],[6183]
541,86,328,1103,0.0011539768792869717,5.499999999967337e-07,1,[211],[6321]
542,86,328,1103,0.0011545068792869686,5.299999999968524e-07,1,[211],[6194]
543,86,328,1103,0.0011550868792869651,5.799999999965555e-07,1,[211],[6278]
544,86,328,1103,0.0011557068792869614,6.199999999963179e-07,1,[211],[6260]
545,86,328,1103,0.0011563868792869574,6.799999999959616e-07,2,"[211, 232]","[6243, 1]"
546,86,328,1103,0.001157126879286953,7.399999999956053e-07,2,"[211, 232]","[6235, 7]"
547,86,328,1103,0.0011582468792869464,1.1199999999933485e-06,2,"[211, 232]","[6158, 49]"
548,86,328,1104,0.0011470183811402468,0.0011470183811402468,1,[211],[6268]
549,86,328,1104,0.001148838381140236,1.8199999999891914e-06,1,[211],[6244]
550,86,328,1104,0.0011506483811402253,1.8099999999892508e-06,1,[211],[6269]
551,86,328,1104,0.0011539883811402054,3.3399999999801644e-06,1,[211],[6227]
552,86,328,1294,0.0005623095004001207,0.0005623095004001207,1,[418],[6258]
553,86,328,1294,0.0005627995004001231,4.900000000024026e-07,1,[418],[6290]
554,86,328,1294,0.0005638395004001282,1.0400000000050993e-06,1,[418],[6208]
555,86,329,1102,0.0011564557977762177,0.0011564557977762177,2,"[211, 232]","[5521, 781]"
556,86,329,1102,0.0011573957977762121,9.399999999944175e-07,2,"[211, 232]","[4538, 1737]"
557,86,329,1102,0.0011581557977762076,7.599999999954865e-07,2,"[211, 232]","[3482, 2705]"
558,86,329,1102,0.0011590357977762024,8.799999999947739e-07,2,"[211, 232]","[1902, 4404]"
559,86,329,1102,0.0011600357977761965,9.999999999940612e-07,2,"[211, 232]","[330, 5854]"
560,86,329,1103,0.0011560067689269876,0.0011560067689269876,2,"[211, 232]","[6203, 48]"
561,86,329,1103,0.0011581767689269747,2.169999999987113e-06,2,"[211, 232]","[5255, 997]"
562,86,329,1103,0.0011615867689269545,3.4099999999797487e-06,2,"[211, 232]","[1107, 5147]"
563,86,330,1102,0.0011557667649957912,0.0011557667649957912,3,"[211, 232, 262]","[12, 6244, 1]"
564,86,330,1102,0.0011568867649957846,1.1199999999933485e-06,2,"[211, 232]","[24, 6247]"
565,86,330,1102,0.0011580967649957774,1.209999999992814e-06,2,"[211, 232]","[63, 6175]"
566,86,330,1106,0.0011250268187484491,0.0011250268187484491,3,"[232, 245, 261]","[6197, 6, 48]"
567,86,330,1107,0.0011211007127327685,0.0011211007127327685,3,"[232, 261, 300]","[5895, 342, 25]"
568,86,330,1107,0.0011221207127327625,1.0199999999939424e-06,1,[232],[6293]
569,86,330,1107,0.0011234107127327548,1.289999999992339e-06,1,[232],[6207]
570,86,330,1108,0.0011219623623831014,0.0011219623623831014,4,"[232, 261, 300, 301]","[5476, 51, 726, 5]"
571,86,331,1101,0.0011541015824536704,0.0011541015824536704,3,"[232, 242, 262]","[6095, 47, 118]"
572,86,331,1102,0.001153427658622729,0.001153427658622729,4,"[232, 242, 262, 296]","[6197, 14, 78, 1]"
573,86,331,1102,0.0011544876586227226,1.0599999999937049e-06,1,[232],[6241]
574,86,331,1102,0.0011557976586227148,1.3099999999922202e-06,1,[232],[6244]
575,86,331,1104,0.0011236234167469113,0.0011236234167469113,3,"[232, 245, 308]","[4825, 1436, 1]"
576,86,331,1105,0.001123562124616053,0.001123562124616053,3,"[232, 245, 308]","[4710, 1555, 11]"
577,86,331,1105,0.0011242721246160488,7.099999999957834e-07,2,"[232, 245]","[5224, 1058]"
578,86,331,1106,0.0011232942410486278,0.0011232942410486278,3,"[232, 245, 308]","[6239, 18, 5]"
579,86,331,1106,0.0011240342410486234,7.399999999956053e-07,2,"[232, 245]","[6274, 35]"
580,86,331,1106,0.0011250642410486173,1.029999999993883e-06,2,"[232, 245]","[6177, 20]"
581,86,331,1107,0.0011216364845221434,0.0011216364845221434,2,"[232, 300]","[6276, 2]"
582,86,331,1107,0.0011230764845221348,1.4399999999914481e-06,1,[232],[6235]
583,86,332,1100,0.0011422071990819934,0.0011422071990819934,6,"[232, 242, 262, 305, 318, 319]","[6024, 216, 1, 2, 6, 2]"
584,86,332,1101,0.0011311107312010499,0.0011311107312010499,3,"[232, 242, 262]","[5834, 398, 38]"
585,86,332,1101,0.0011327907312010399,1.6799999999900228e-06,3,"[232, 242, 305]","[4164, 2070, 1]"
586,86,332,1101,0.0011352707312010251,2.4799999999852718e-06,4,"[232, 242, 304, 305]","[5872, 377, 2, 2]"
587,86,332,1101,0.0011387707312010044,3.499999999979214e-06,2,"[232, 305]","[6253, 1]"
588,86,332,1101,0.0011434207312009767,4.6499999999723846e-06,2,"[232, 318]","[6234, 11]"
589,86,332,1101,0.0011483307312009476,4.9099999999708405e-06,3,"[232, 323, 324]","[6244, 2, 1]"
590,86,332,1101,0.0011511007312009311,2.7699999999835495e-06,1,[232],[6272]
591,86,332,1101,0.0011526707312009218,1.569999999990676e-06,1,[232],[6224]
592,86,332,1102,0.0011263520143767463,0.0011263520143767463,4,"[232, 262, 295, 296]","[6238, 24, 7, 2]"
593,86,332,1102,0.0011282720143767349,1.9199999999885975e-06,1,[232],[6243]
594,86,332,1102,0.0011310020143767187,2.729999999983787e-06,2,"[232, 242]","[6156, 109]"
595,86,332,1102,0.0011477220143766194,1.6719999999900703e-05,2,"[232, 242]","[5376, 849]"
596,86,332,1102,0.0011516920143765958,3.969999999976423e-06,1,[232],[6287]
597,86,332,1102,0.0011532020143765868,1.5099999999910324e-06,1,[232],[6253]
598,86,332,1103,0.0011239965040671512,0.0011239965040671512,5,"[232, 245, 262, 295, 296]","[6295, 12, 1, 5, 1]"
599,86,332,1103,0.0011249365040671457,9.399999999944175e-07,3,"[232, 245, 295]","[6186, 7, 11]"
600,86,332,1103,0.0011274565040671307,2.519999999985034e-06,4,"[232, 245, 295, 296]","[6221, 2, 5, 4]"
601,86,332,1104,0.0011232766467827093,0.0011232766467827093,3,"[232, 245, 308]","[5782, 421, 111]"
602,86,332,1104,0.0011240766467827045,7.99999999995249e-07,3,"[232, 245, 295]","[5738, 483, 1]"
603,86,332,1105,0.0011236728788050646,0.0011236728788050646,4,"[232, 245, 308, 309]","[3523, 791, 1984, 1]"
604,86,333,1100,0.0011387437398652125,0.0011387437398652125,4,"[232, 242, 304, 305]","[6004, 245, 2, 1]"
605,86,333,1100,0.0011420637398651928,3.319999999980283e-06,3,"[232, 318, 319]","[6232, 22, 4]"
606,86,333,1100,0.0011470137398651634,4.949999999970603e-06,4,"[232, 318, 319, 324]","[6236, 2, 2, 1]"
607,86,333,1101,0.0011303429485564444,0.0011303429485564444,2,"[232, 242]","[6229, 58]"
608,86,333,1101,0.0011317329485564362,1.389999999991745e-06,2,"[232, 242]","[4884, 1338]"
609,86,333,1101,0.0011328229485564297,1.0899999999935267e-06,2,"[232, 242]","[4502, 1775]"
610,86,333,1101,0.0011341429485564219,1.3199999999921608e-06,3,"[232, 242, 305]","[5810, 407, 1]"
611,86,333,1101,0.0011357129485564125,1.569999999990676e-06,4,"[232, 242, 304, 305]","[6253, 8, 2, 3]"
612,86,333,1101,0.0011374529485564022,1.7399999999896665e-06,1,[232],[6247]
613,86,333,1101,0.0011392529485563915,1.7999999999893102e-06,2,"[232, 318]","[6240, 1]"
614,86,333,1101,0.0011411629485563802,1.909999999988657e-06,2,"[232, 318]","[6253, 20]"
615,86,333,1101,0.0011428429485563702,1.6799999999900228e-06,3,"[232, 318, 319]","[6238, 11, 1]"
616,86,333,1101,0.001144232948556362,1.389999999991745e-06,3,"[232, 323, 324]","[6219, 3, 1]"
617,86,333,1101,0.001145412948556355,1.1799999999929922e-06,3,"[232, 323, 324]","[6291, 5, 4]"
618,86,333,1101,0.0011465029485563485,1.0899999999935267e-06,2,"[232, 324]","[6195, 3]"
619,86,333,1101,0.0011476529485563416,1.1499999999931704e-06,1,[232],[6277]
620,86,333,1101,0.0011488929485563343,1.2399999999926359e-06,1,[232],[6248]
621,86,333,1101,0.0011506629485563238,1.7699999999894883e-06,1,[232],[6225]
622,86,333,1102,0.0011270816230468219,0.0011270816230468219,1,[232],[6285]
623,86,333,1102,0.0011287016230468122,1.6199999999903791e-06,1,[232],[6223]
624,86,333,1102,0.001130441623046802,1.7399999999896665e-06,2,"[232, 242]","[6228, 31]"
625,86,333,1102,0.0011327516230467882,2.3099999999862814e-06,2,"[232, 242]","[5097, 1145]"
626,86,333,1102,0.0011462916230467078,1.3539999999919589e-05,5,"[232, 242, 304, 318, 319]","[6053, 193, 2, 1, 1]"
627,86,333,1102,0.0011499016230466863,3.609999999978561e-06,1,[232],[6243]
628,86,333,1103,0.0011268325147854436,0.0011268325147854436,4,"[232, 295, 296, 308]","[6242, 10, 2, 1]"
629,86,334,1101,0.0011495966448857467,0.0011495966448857467,3,"[232, 242, 339]","[6132, 118, 1]"
630,86,340,1098,0.0011304891146681248,0.0011304891146681248,3,"[363, 368, 405]","[11, 6234, 7]"
631,86,340,1099,0.0011290802491117293,0.0011290802491117293,4,"[363, 368, 388, 405]","[2, 6255, 1, 1]"
632,86,340,1099,0.0011305602491117205,1.4799999999912106e-06,1,[368],[6289]
633,86,341,1098,0.0011237330122972492,0.0011237330122972492,6,"[363, 364, 368, 388, 389, 405]","[947, 2, 5070, 174, 23, 39]"
634,86,341,1098,0.001124943012297242,1.209999999992814e-06,6,"[363, 368, 388, 389, 405, 406]","[1, 6123, 47, 2, 125, 5]"
635,86,341,1098,0.0011261630122972347,1.2199999999927547e-06,4,"[368, 388, 405, 406]","[6177, 2, 30, 2]"
636,86,341,1098,0.0011277230122972255,1.5599999999907355e-06,2,"[368, 405]","[6236, 1]"
637,86,341,1099,0.0011250490624856817,0.0011250490624856817,6,"[363, 364, 368, 388, 389, 405]","[208, 1, 5298, 567, 182, 14]"
638,86,341,1099,0.0011269890624856702,1.9399999999884787e-06,3,"[368, 388, 405]","[6251, 6, 6]"
639,86,341,1099,0.00112871906248566,1.7299999999897259e-06,1,[368],[6236]
640,86,342,1098,0.0011227069744160164,0.0011227069744160164,6,"[363, 364, 368, 388, 389, 405]","[1714, 6, 2826, 1523, 227, 1]"
641,86,342,1098,0.0011234869744160118,7.799999999953677e-07,5,"[363, 368, 388, 389, 405]","[5, 4176, 1889, 175, 14]"
642,86,342,1098,0.0011245769744160053,1.0899999999935267e-06,4,"[368, 388, 389, 405]","[4591, 1494, 74, 46]"
643,86,342,1099,0.00112220926060813,0.00112220926060813,5,"[363, 364, 368, 388, 389]","[387, 1, 3415, 1500, 1054]"
644,86,342,1099,0.0011226792606081272,4.6999999999720876e-07,4,"[363, 368, 388, 389]","[12, 3285, 1833, 1037]"
645,86,342,1099,0.0011230992606081247,4.199999999975057e-07,5,"[363, 368, 388, 389, 405]","[3, 3212, 2122, 1006, 2]"
646,86,342,1099,0.0011235792606081219,4.799999999971494e-07,4,"[368, 388, 389, 405]","[3206, 2194, 834, 1]"
647,86,342,1099,0.001124739260608115,1.159999999993111e-06,4,"[368, 388, 389, 405]","[3404, 2193, 544, 6]"
648,86,343,1099,0.0011218820781092544,0.0011218820781092544,4,"[363, 368, 388, 389]","[13, 5681, 299, 327]"
649,86,343,1099,0.00112261207810925,7.299999999956647e-07,4,"[363, 368, 388, 389]","[2, 4375, 1054, 766]"
650,86,343,1099,0.0011234120781092453,7.99999999995249e-07,3,"[368, 388, 389]","[3447, 1908, 918]"
651,86,343,1100,0.0011200537635109253,0.0011200537635109253,3,"[368, 391, 393]","[6154, 97, 1]"
652,86,343,1100,0.0011212237635109183,1.1699999999930516e-06,2,"[368, 389]","[6277, 8]"
653,86,343,1100,0.0011224137635109112,1.1899999999929328e-06,3,"[368, 388, 389]","[5991, 54, 185]"
654,86,344,1100,0.0011177127331768743,0.0011177127331768743,3,"[350, 368, 391]","[1, 6195, 107]"
655,86,344,1100,0.0011183727331768704,6.599999999960804e-07,3,"[368, 391, 393]","[6047, 153, 1]"
656,86,344,1100,0.001119102733176866,7.299999999956647e-07,3,"[368, 391, 393]","[6104, 132, 10]"
657,86,344,1100,0.00112013273317686,1.029999999993883e-06,3,"[368, 391, 393]","[6228, 56, 8]"
658,86,344,1100,0.0011216227331768511,1.4899999999911512e-06,3,"[368, 391, 393]","[6206, 6, 5]"
659,86,344,1101,0.0011186044913557482,0.0011186044913557482,3,"[368, 391, 393]","[5928, 341, 9]"
660,86,344,1101,0.0011219644913557283,3.3599999999800456e-06,3,"[368, 391, 393]","[6011, 146, 65]"
661,86,345,1100,0.0011174512103703776,0.0011174512103703776,3,"[350, 368, 391]","[49, 6280, 3]"
662,86,345,1100,0.0011180212103703742,5.699999999966149e-07,3,"[350, 368, 391]","[1, 6237, 13]"
663,86,345,1100,0.0011186612103703704,6.399999999961992e-07,3,"[350, 368, 391]","[1, 6155, 19]"
664,86,345,1101,0.0011186588143959366,0.0011186588143959366,3,"[368, 391, 393]","[6196, 61, 1]"
