,event,pixel_x,pixel_y,reset_time,TSLR,nMCParticles,MC_TrackIDs,MC_Weights
0,26,288,1164,0.0009108636723900483,0.0009108636723900483,1,[1],[6262]
1,26,288,1165,0.0009104816127208789,0.0009104816127208789,1,[1],[6275]
2,26,288,1166,0.0009101868033494273,0.0009101868033494273,1,[1],[6273]
3,26,288,1167,0.0009101018275442246,0.0009101018275442246,1,[1],[6292]
4,26,288,1168,0.0009101463513331515,0.0009101463513331515,1,[1],[6264]
5,26,288,1169,0.0009101415353616079,0.0009101415353616079,1,[1],[6261]
6,26,288,1170,0.0009102259691228151,0.0009102259691228151,1,[1],[6275]
7,26,288,1171,0.0009102185006730285,0.0009102185006730285,1,[1],[6264]
8,26,288,1172,0.000910255271972654,0.000910255271972654,1,[1],[6292]
9,26,288,1173,0.0009101578478207994,0.0009101578478207994,1,[1],[6269]
10,26,288,1174,0.000909954605079396,0.000909954605079396,1,[1],[6281]
11,26,288,1175,0.0009098849662879305,0.0009098849662879305,1,[1],[6280]
12,26,288,1175,0.0009115749662879388,1.6900000000082864e-06,1,[1],[6221]
13,26,288,1176,0.0009097547210536541,0.0009097547210536541,1,[1],[6253]
14,26,288,1176,0.0009106047210536583,8.500000000041677e-07,1,[1],[6277]
15,26,288,1177,0.0009096685342917597,0.0009096685342917597,1,[1],[6259]
16,26,288,1177,0.000910338534291763,6.700000000032852e-07,1,[1],[6317]
17,26,288,1178,0.0009096017580538344,0.0009096017580538344,1,[1],[6324]
18,26,288,1178,0.000910131758053837,5.300000000025987e-07,1,[1],[6183]
19,26,288,1178,0.0009110317580538415,9.000000000044129e-07,1,[1],[6271]
20,26,288,1179,0.000909531842505257,0.000909531842505257,1,[1],[6324]
21,26,288,1179,0.0009100018425052593,4.700000000023045e-07,1,[1],[6222]
22,26,288,1179,0.0009105018425052617,5.000000000024516e-07,1,[1],[6220]
23,26,288,1180,0.0009095149770214978,0.0009095149770214978,1,[1],[6343]
24,26,288,1180,0.0009099449770214999,4.300000000021084e-07,1,[1],[6163]
25,26,288,1180,0.000910364977021502,4.2000000000205935e-07,1,[1],[6351]
26,26,288,1180,0.0009110149770215052,6.500000000031871e-07,1,[1],[6171]
27,26,288,1181,0.000909496659074164,0.000909496659074164,1,[1],[6258]
28,26,288,1181,0.000909906659074166,4.100000000020103e-07,1,[1],[6262]
29,26,288,1181,0.0009102766590741679,3.700000000018142e-07,1,[1],[6328]
30,26,288,1181,0.0009107366590741701,4.600000000022555e-07,1,[1],[6179]
31,26,288,1182,0.0009095084743154615,0.0009095084743154615,4,"[1, 3, 239, 240]","[6325, 14, 8, 1]"
32,26,288,1182,0.0009098984743154634,3.9000000000191225e-07,3,"[1, 3, 239]","[6131, 20, 1]"
33,26,288,1182,0.0009102384743154651,3.400000000016671e-07,2,"[1, 3]","[6292, 19]"
34,26,288,1182,0.0009106384743154671,4.000000000019613e-07,2,"[1, 3]","[6278, 17]"
35,26,288,1182,0.0009116984743154723,1.0600000000051974e-06,2,"[1, 3]","[6133, 20]"
36,26,288,1183,0.0009094817939225464,0.0009094817939225464,5,"[1, 3, 237, 239, 240]","[5541, 634, 1, 142, 2]"
37,26,288,1183,0.0009098617939225482,3.800000000018632e-07,4,"[1, 3, 239, 240]","[5649, 623, 22, 1]"
38,26,288,1183,0.0009101717939225498,3.1000000000152e-07,3,"[1, 3, 239]","[5734, 571, 10]"
39,26,288,1183,0.0009104817939225513,3.1000000000152e-07,4,"[1, 3, 237, 239]","[5633, 571, 2, 3]"
40,26,288,1183,0.0009109117939225534,4.300000000021084e-07,2,"[1, 3]","[5647, 565]"
41,26,288,1184,0.0009095400372722623,0.0009095400372722623,3,"[1, 3, 239]","[5976, 292, 41]"
42,26,288,1184,0.0009099200372722642,3.800000000018632e-07,3,"[1, 3, 239]","[6005, 286, 3]"
43,26,288,1184,0.0009102300372722657,3.1000000000152e-07,3,"[1, 3, 239]","[5967, 258, 3]"
44,26,288,1184,0.0009105700372722674,3.400000000016671e-07,3,"[1, 3, 239]","[6016, 247, 1]"
45,26,288,1184,0.0009110700372722698,5.000000000024516e-07,2,"[1, 3]","[5948, 234]"
46,26,288,1185,0.0009095606113825431,0.0009095606113825431,1,[1],[6260]
47,26,288,1185,0.0009099306113825449,3.700000000018142e-07,2,"[1, 2]","[6293, 2]"
48,26,288,1185,0.0009102406113825465,3.1000000000152e-07,2,"[1, 2]","[6249, 4]"
49,26,288,1185,0.0009105706113825481,3.3000000000161806e-07,2,"[1, 3]","[6216, 2]"
50,26,288,1185,0.0009110506113825504,4.800000000023535e-07,2,"[1, 3]","[6248, 3]"
51,26,288,1186,0.0009095572267874527,0.0009095572267874527,2,"[1, 2]","[5990, 262]"
52,26,288,1186,0.0009099272267874545,3.700000000018142e-07,2,"[1, 2]","[6065, 268]"
53,26,288,1186,0.000910227226787456,3.0000000000147097e-07,2,"[1, 2]","[5927, 266]"
54,26,288,1186,0.0009105472267874576,3.2000000000156903e-07,2,"[1, 2]","[6099, 279]"
55,26,288,1186,0.0009109572267874596,4.100000000020103e-07,2,"[1, 2]","[5912, 244]"
56,26,288,1187,0.0009095436151522129,0.0009095436151522129,2,"[1, 2]","[5524, 743]"
57,26,288,1187,0.0009099036151522146,3.6000000000176516e-07,2,"[1, 2]","[5582, 738]"
58,26,288,1187,0.0009101936151522161,2.9000000000142193e-07,2,"[1, 2]","[5534, 746]"
59,26,288,1187,0.0009104836151522175,2.9000000000142193e-07,2,"[1, 2]","[5533, 743]"
60,26,288,1187,0.0009108436151522192,3.6000000000176516e-07,2,"[1, 2]","[5452, 693]"
61,26,288,1187,0.0009121736151522258,1.3300000000065213e-06,2,"[1, 2]","[5506, 709]"
62,26,288,1188,0.0009099769424654971,0.0009099769424654971,2,"[1, 2]","[6232, 58]"
63,26,288,1188,0.0009106269424655003,6.500000000031871e-07,2,"[1, 2]","[6176, 46]"
64,26,289,1154,0.0009099279240311002,0.0009099279240311002,2,"[1, 5]","[5668, 727]"
65,26,289,1154,0.0009102479240311017,3.2000000000156903e-07,2,"[1, 5]","[5443, 737]"
66,26,289,1154,0.000910497924031103,2.500000000012258e-07,2,"[1, 5]","[5631, 741]"
67,26,289,1154,0.0009107279240311041,2.3000000000112774e-07,2,"[1, 5]","[5520, 729]"
68,26,289,1154,0.0009109579240311052,2.3000000000112774e-07,2,"[1, 5]","[5388, 782]"
69,26,289,1154,0.0009112379240311066,2.800000000013729e-07,2,"[1, 5]","[5484, 775]"
70,26,289,1154,0.0009116879240311088,4.5000000000220645e-07,2,"[1, 5]","[5441, 770]"
71,26,289,1155,0.0009097095746419477,0.0009097095746419477,2,"[1, 5]","[6224, 154]"
72,26,289,1155,0.0009099995746419491,2.9000000000142193e-07,2,"[1, 5]","[6097, 161]"
73,26,289,1155,0.0009101995746419501,2.0000000000098064e-07,2,"[1, 5]","[6039, 175]"
74,26,289,1155,0.000910379574641951,1.8000000000088258e-07,2,"[1, 5]","[6334, 192]"
75,26,289,1155,0.0009105295746419517,1.5000000000073548e-07,2,"[1, 5]","[5713, 172]"
76,26,289,1155,0.0009106895746419525,1.6000000000078451e-07,2,"[1, 5]","[6345, 238]"
77,26,289,1155,0.0009108395746419533,1.5000000000073548e-07,2,"[1, 5]","[5819, 207]"
78,26,289,1155,0.0009110095746419541,1.7000000000083355e-07,2,"[1, 5]","[5936, 218]"
79,26,289,1155,0.0009112195746419551,2.1000000000102968e-07,2,"[1, 5]","[6041, 273]"
80,26,289,1155,0.0009114995746419565,2.800000000013729e-07,2,"[1, 5]","[6007, 209]"
81,26,289,1155,0.0009125395746419616,1.0400000000050993e-06,2,"[1, 5]","[5962, 237]"
82,26,289,1156,0.000909629114920043,0.000909629114920043,2,"[1, 5]","[6323, 3]"
83,26,289,1156,0.0009099391149200445,3.1000000000152e-07,1,[1],[6283]
84,26,289,1156,0.0009101691149200457,2.3000000000112774e-07,2,"[1, 5]","[6439, 3]"
85,26,289,1156,0.0009103591149200466,1.900000000009316e-07,2,"[1, 5]","[6015, 2]"
86,26,289,1156,0.0009105491149200475,1.900000000009316e-07,2,"[1, 5]","[6249, 2]"
87,26,289,1156,0.0009107491149200485,2.0000000000098064e-07,2,"[1, 5]","[6214, 2]"
88,26,289,1156,0.0009109791149200496,2.3000000000112774e-07,2,"[1, 5]","[6246, 2]"
89,26,289,1156,0.0009112991149200512,3.2000000000156903e-07,2,"[1, 5]","[6322, 1]"
90,26,289,1157,0.0009095373458452849,0.0009095373458452849,1,[1],[6359]
91,26,289,1157,0.0009098473458452864,3.1000000000152e-07,1,[1],[6181]
92,26,289,1157,0.0009100873458452876,2.4000000000117677e-07,1,[1],[6313]
93,26,289,1157,0.0009102973458452886,2.1000000000102968e-07,1,[1],[6249]
94,26,289,1157,0.0009105073458452897,2.1000000000102968e-07,1,[1],[6408]
95,26,289,1157,0.0009107273458452907,2.200000000010787e-07,1,[1],[6248]
96,26,289,1157,0.000910997345845292,2.7000000000132387e-07,1,[1],[6186]
97,26,289,1157,0.0009114573458452943,4.600000000022555e-07,1,[1],[6102]
98,26,289,1158,0.000909441937880387,0.000909441937880387,1,[1],[6409]
99,26,289,1158,0.0009097519378803886,3.1000000000152e-07,1,[1],[6097]
100,26,289,1158,0.0009100019378803898,2.500000000012258e-07,1,[1],[6524]
101,26,289,1158,0.0009102119378803908,2.1000000000102968e-07,1,[1],[6092]
102,26,289,1158,0.0009104219378803919,2.1000000000102968e-07,1,[1],[6381]
103,26,289,1158,0.000910651937880393,2.3000000000112774e-07,1,[1],[6106]
104,26,289,1158,0.0009109519378803945,3.0000000000147097e-07,1,[1],[6282]
105,26,289,1158,0.0009115419378803973,5.900000000028929e-07,1,[1],[6134]
106,26,289,1159,0.000909397607841406,0.000909397607841406,1,[1],[6259]
107,26,289,1159,0.0009097276078414076,3.3000000000161806e-07,1,[1],[6429]
108,26,289,1159,0.0009099676078414087,2.4000000000117677e-07,1,[1],[6186]
109,26,289,1159,0.0009101876078414098,2.200000000010787e-07,1,[1],[6343]
110,26,289,1159,0.0009104076078414109,2.200000000010787e-07,1,[1],[6162]
111,26,289,1159,0.0009106676078414122,2.6000000000127484e-07,1,[1],[6268]
112,26,289,1159,0.0009110176078414139,3.500000000017161e-07,1,[1],[6131]
113,26,289,1160,0.000909322075385259,0.000909322075385259,1,[1],[6301]
114,26,289,1160,0.0009096520753852606,3.3000000000161806e-07,1,[1],[6341]
115,26,289,1160,0.0009099020753852618,2.500000000012258e-07,1,[1],[6366]
116,26,289,1160,0.0009101220753852629,2.200000000010787e-07,1,[1],[6232]
117,26,289,1160,0.000910352075385264,2.3000000000112774e-07,1,[1],[6207]
118,26,289,1160,0.0009106120753852653,2.6000000000127484e-07,1,[1],[6200]
119,26,289,1160,0.0009109920753852672,3.800000000018632e-07,1,[1],[6106]
120,26,289,1161,0.0009092316009078433,0.0009092316009078433,1,[1],[6401]
121,26,289,1161,0.0009095516009078448,3.2000000000156903e-07,1,[1],[6120]
122,26,289,1161,0.0009098016009078461,2.500000000012258e-07,1,[1],[6254]
123,26,289,1161,0.0009100316009078472,2.3000000000112774e-07,1,[1],[6400]
124,26,289,1161,0.0009102516009078483,2.200000000010787e-07,1,[1],[6132]
125,26,289,1161,0.0009105116009078495,2.6000000000127484e-07,1,[1],[6197]
126,26,289,1161,0.0009109116009078515,4.000000000019613e-07,1,[1],[6340]
127,26,289,1162,0.00090916164023059,0.00090916164023059,1,[1],[6303]
128,26,289,1162,0.0009094916402305916,3.3000000000161806e-07,1,[1],[6328]
129,26,289,1162,0.0009097416402305929,2.500000000012258e-07,1,[1],[6282]
130,26,289,1162,0.000909961640230594,2.200000000010787e-07,1,[1],[6281]
131,26,289,1162,0.0009101916402305951,2.3000000000112774e-07,1,[1],[6228]
132,26,289,1162,0.0009104516402305963,2.6000000000127484e-07,1,[1],[6168]
133,26,289,1162,0.0009108516402305983,4.000000000019613e-07,1,[1],[6186]
134,26,289,1163,0.0009091158845789012,0.0009091158845789012,1,[1],[6325]
135,26,289,1163,0.0009094458845789028,3.3000000000161806e-07,1,[1],[6261]
136,26,289,1163,0.0009097058845789041,2.6000000000127484e-07,1,[1],[6389]
137,26,289,1163,0.0009099258845789051,2.200000000010787e-07,1,[1],[6050]
138,26,289,1163,0.0009101758845789064,2.500000000012258e-07,1,[1],[6430]
139,26,289,1163,0.0009104558845789077,2.800000000013729e-07,1,[1],[6055]
140,26,289,1163,0.0009109658845789102,5.100000000025006e-07,1,[1],[6262]
141,26,289,1164,0.000909084585300666,0.000909084585300666,1,[1],[6286]
142,26,289,1164,0.0009094245853006677,3.400000000016671e-07,1,[1],[6383]
143,26,289,1164,0.0009096745853006689,2.500000000012258e-07,1,[1],[6151]
144,26,289,1164,0.00090990458530067,2.3000000000112774e-07,1,[1],[6191]
145,26,289,1164,0.0009101545853006713,2.500000000012258e-07,1,[1],[6243]
146,26,289,1164,0.0009104645853006728,3.1000000000152e-07,1,[1],[6357]
147,26,289,1164,0.0009110345853006756,5.700000000027948e-07,1,[1],[6139]
148,26,289,1165,0.0009090704207899702,0.0009090704207899702,1,[1],[6251]
149,26,289,1165,0.0009094104207899719,3.400000000016671e-07,1,[1],[6411]
150,26,289,1165,0.0009096704207899732,2.6000000000127484e-07,1,[1],[6130]
151,26,289,1165,0.0009099204207899744,2.500000000012258e-07,1,[1],[6442]
152,26,289,1165,0.0009101804207899757,2.6000000000127484e-07,1,[1],[6195]
153,26,289,1165,0.0009105104207899773,3.3000000000161806e-07,1,[1],[6077]
154,26,289,1165,0.0009118404207899838,1.3300000000065213e-06,1,[1],[6244]
155,26,289,1166,0.0009090750227183437,0.0009090750227183437,1,[1],[6290]
156,26,289,1166,0.0009094150227183453,3.400000000016671e-07,1,[1],[6259]
157,26,289,1166,0.0009096850227183467,2.7000000000132387e-07,1,[1],[6342]
158,26,289,1166,0.0009099350227183479,2.500000000012258e-07,1,[1],[6234]
159,26,289,1166,0.0009102050227183492,2.7000000000132387e-07,1,[1],[6196]
160,26,289,1166,0.000910575022718351,3.700000000018142e-07,1,[1],[6268]
161,26,289,1167,0.0009090778552373366,0.0009090778552373366,1,[1],[6262]
162,26,289,1167,0.0009094278552373383,3.500000000017161e-07,1,[1],[6355]
163,26,289,1167,0.0009096978552373396,2.7000000000132387e-07,1,[1],[6233]
164,26,289,1167,0.0009099678552373409,2.7000000000132387e-07,1,[1],[6327]
165,26,289,1167,0.0009102578552373424,2.9000000000142193e-07,1,[1],[6225]
166,26,289,1167,0.0009106878552373445,4.300000000021084e-07,1,[1],[6173]
167,26,289,1168,0.0009090769952454982,0.0009090769952454982,1,[1],[6378]
168,26,289,1168,0.0009094169952454999,3.400000000016671e-07,1,[1],[6158]
169,26,289,1168,0.0009096969952455012,2.800000000013729e-07,1,[1],[6226]
170,26,289,1168,0.0009099669952455026,2.7000000000132387e-07,1,[1],[6389]
171,26,289,1168,0.000910266995245504,3.0000000000147097e-07,1,[1],[6110]
172,26,289,1168,0.0009107769952455065,5.100000000025006e-07,1,[1],[6259]
173,26,289,1169,0.0009090644456745406,0.0009090644456745406,1,[1],[6385]
174,26,289,1169,0.0009094144456745423,3.500000000017161e-07,1,[1],[6327]
175,26,289,1169,0.0009096944456745437,2.800000000013729e-07,1,[1],[6242]
176,26,289,1169,0.0009099544456745449,2.6000000000127484e-07,1,[1],[6081]
177,26,289,1169,0.0009102744456745465,3.2000000000156903e-07,1,[1],[6247]
178,26,289,1169,0.0009108644456745494,5.900000000028929e-07,1,[1],[6252]
179,26,289,1170,0.0009090757077559468,0.0009090757077559468,1,[1],[6304]
180,26,289,1170,0.0009094357077559486,3.6000000000176516e-07,1,[1],[6247]
181,26,289,1170,0.00090972570775595,2.9000000000142193e-07,1,[1],[6357]
182,26,289,1170,0.0009099957077559513,2.7000000000132387e-07,1,[1],[6102]
183,26,289,1170,0.000910345707755953,3.500000000017161e-07,1,[1],[6393]
184,26,289,1170,0.0009110857077559567,7.400000000036284e-07,1,[1],[6122]
185,26,289,1171,0.000909125435953622,0.000909125435953622,1,[1],[6250]
186,26,289,1171,0.0009094954359536239,3.700000000018142e-07,1,[1],[6427]
187,26,289,1171,0.0009097854359536253,2.9000000000142193e-07,1,[1],[6111]
188,26,289,1171,0.0009100754359536267,2.9000000000142193e-07,1,[1],[6220]
189,26,289,1171,0.0009104454359536285,3.700000000018142e-07,1,[1],[6283]
190,26,289,1172,0.000909196132574116,0.000909196132574116,1,[1],[6271]
191,26,289,1172,0.0009095661325741178,3.700000000018142e-07,1,[1],[6287]
192,26,289,1172,0.0009098761325741193,3.1000000000152e-07,1,[1],[6213]
193,26,289,1172,0.0009101961325741209,3.2000000000156903e-07,1,[1],[6260]
194,26,289,1172,0.0009106461325741231,4.5000000000220645e-07,1,[1],[6304]
195,26,289,1173,0.0009092339818735193,0.0009092339818735193,1,[1],[6347]
196,26,289,1173,0.0009096139818735212,3.800000000018632e-07,1,[1],[6331]
197,26,289,1173,0.0009099239818735227,3.1000000000152e-07,1,[1],[6133]
198,26,289,1173,0.0009102439818735243,3.2000000000156903e-07,1,[1],[6217]
199,26,289,1173,0.0009107239818735266,4.800000000023535e-07,1,[1],[6267]
200,26,289,1174,0.0009092498653920538,0.0009092498653920538,1,[1],[6333]
201,26,289,1174,0.0009096398653920557,3.9000000000191225e-07,1,[1],[6326]
202,26,289,1174,0.0009099498653920572,3.1000000000152e-07,1,[1],[6167]
203,26,289,1174,0.0009102698653920588,3.2000000000156903e-07,1,[1],[6177]
204,26,289,1174,0.0009107598653920612,4.900000000024026e-07,1,[1],[6310]
205,26,289,1175,0.0009092908827030982,0.0009092908827030982,1,[1],[6357]
206,26,289,1175,0.0009096808827031001,3.9000000000191225e-07,1,[1],[6288]
207,26,289,1175,0.0009100108827031017,3.3000000000161806e-07,1,[1],[6205]
208,26,289,1175,0.0009103708827031035,3.6000000000176516e-07,1,[1],[6157]
209,26,289,1175,0.0009110408827031068,6.700000000032852e-07,1,[1],[6276]
210,26,289,1176,0.0009093460742471668,0.0009093460742471668,1,[1],[6346]
211,26,289,1176,0.0009097460742471688,4.000000000019613e-07,1,[1],[6232]
212,26,289,1176,0.0009101060742471705,3.6000000000176516e-07,1,[1],[6263]
213,26,289,1176,0.0009105460742471727,4.400000000021574e-07,1,[1],[6172]
214,26,289,1177,0.0009093801265051361,0.0009093801265051361,1,[1],[6258]
215,26,289,1177,0.0009098101265051382,4.300000000021084e-07,1,[1],[6319]
216,26,289,1177,0.0009102101265051402,4.000000000019613e-07,1,[1],[6269]
217,26,289,1177,0.000910780126505143,5.700000000027948e-07,1,[1],[6184]
218,26,289,1178,0.000909481779814512,0.000909481779814512,1,[1],[6352]
219,26,289,1178,0.0009099517798145143,4.700000000023045e-07,1,[1],[6164]
220,26,289,1178,0.0009104517798145167,5.000000000024516e-07,1,[1],[6299]
221,26,289,1179,0.0009096097032242371,0.0009096097032242371,1,[1],[6267]
222,26,289,1179,0.0009101697032242399,5.600000000027458e-07,1,[1],[6323]
223,26,289,1179,0.0009109597032242437,7.900000000038735e-07,1,[1],[6170]
224,26,289,1180,0.0009098055074719869,0.0009098055074719869,1,[1],[6297]
225,26,289,1180,0.0009105155074719904,7.100000000034813e-07,1,[1],[6242]
226,26,289,1181,0.0009100150586310156,0.0009100150586310156,1,[1],[6287]
227,26,289,1181,0.0009114050586310225,1.3900000000068155e-06,1,[1],[6218]
228,26,289,1182,0.0009102381124856338,0.0009102381124856338,3,"[1, 3, 239]","[6245, 14, 4]"
229,26,289,1183,0.0009104095092812367,0.0009104095092812367,5,"[1, 3, 237, 239, 240]","[5687, 513, 3, 82, 4]"
230,26,289,1184,0.000910838448660779,0.000910838448660779,5,"[1, 3, 237, 239, 240]","[5904, 314, 1, 30, 3]"
231,26,290,1154,0.0009103116625007515,0.0009103116625007515,2,"[1, 5]","[3332, 2993]"
232,26,290,1154,0.0009108416625007541,5.300000000025987e-07,2,"[1, 5]","[3305, 2939]"
233,26,290,1154,0.0009115116625007574,6.700000000032852e-07,2,"[1, 5]","[3242, 2982]"
234,26,290,1155,0.000910029809674093,0.000910029809674093,2,"[1, 5]","[4061, 2281]"
235,26,290,1155,0.0009104098096740949,3.800000000018632e-07,2,"[1, 5]","[3818, 2420]"
236,26,290,1155,0.0009107298096740964,3.2000000000156903e-07,2,"[1, 5]","[3765, 2408]"
237,26,290,1155,0.0009110798096740981,3.500000000017161e-07,2,"[1, 5]","[3699, 2567]"
238,26,290,1155,0.0009116898096741011,6.10000000002991e-07,2,"[1, 5]","[3571, 2700]"
239,26,290,1156,0.0009101040307078053,0.0009101040307078053,2,"[1, 5]","[6088, 184]"
240,26,290,1156,0.0009106340307078079,5.300000000025987e-07,2,"[1, 5]","[5987, 265]"
241,26,290,1156,0.0009113640307078115,7.300000000035793e-07,2,"[1, 5]","[5911, 342]"
242,26,290,1157,0.0009101189749239582,0.0009101189749239582,1,[1],[6305]
243,26,290,1157,0.0009107689749239614,6.500000000031871e-07,1,[1],[6266]
244,26,290,1158,0.0009101335405670765,0.0009101335405670765,1,[1],[6264]
245,26,290,1158,0.000911043540567081,9.100000000044619e-07,1,[1],[6270]
246,26,290,1159,0.000910149854424668,0.000910149854424668,1,[1],[6285]
247,26,290,1159,0.0009117298544246758,1.580000000007747e-06,1,[1],[6220]
248,26,290,1160,0.0009102321487516146,0.0009102321487516146,1,[1],[6258]
249,26,290,1161,0.0009103843926444698,0.0009103843926444698,1,[1],[6252]
250,26,290,1162,0.0009106073923138072,0.0009106073923138072,1,[1],[6255]
251,26,291,1155,0.0009104439904806819,0.0009104439904806819,2,"[1, 5]","[18, 6234]"
252,26,291,1155,0.0009111939904806856,7.500000000036774e-07,2,"[1, 5]","[16, 6263]"
253,26,291,1156,0.0009110737456444037,0.0009110737456444037,2,"[1, 5]","[24, 6231]"
254,26,292,1156,0.0009103223426444731,0.0009103223426444731,2,"[5, 6]","[6193, 98]"
255,26,292,1156,0.0009109523426444762,6.30000000003089e-07,2,"[5, 6]","[6193, 103]"
256,26,293,1156,0.0009106637466669571,0.0009106637466669571,2,"[5, 6]","[5338, 943]"
257,26,293,1157,0.0009101644653266936,0.0009101644653266936,2,"[5, 6]","[5320, 976]"
258,26,293,1157,0.0009107044653266963,5.400000000026477e-07,2,"[5, 6]","[5190, 1118]"
259,26,293,1157,0.0009114344653266998,7.300000000035793e-07,2,"[5, 6]","[4953, 1219]"
260,26,294,1157,0.000910232269017266,0.000910232269017266,2,"[5, 6]","[6171, 89]"
261,26,294,1157,0.0009108822690172692,6.500000000031871e-07,2,"[5, 6]","[6170, 122]"
262,26,294,1158,0.000910435820276165,0.000910435820276165,2,"[5, 6]","[6301, 4]"
263,26,294,1158,0.0009119358202761724,1.5000000000073548e-06,2,"[5, 6]","[6199, 4]"
264,26,295,1158,0.0009100604325101857,0.0009100604325101857,1,[5],[6310]
265,26,295,1158,0.0009105904325101883,5.300000000025987e-07,1,[5],[6235]
266,26,295,1158,0.0009112804325101917,6.900000000033832e-07,1,[5],[6210]
267,26,295,1159,0.0009114085604660872,0.0009114085604660872,1,[5],[6258]
268,26,296,1158,0.000910775215406884,0.000910775215406884,1,[5],[6286]
269,26,296,1159,0.0009100244410368802,0.0009100244410368802,1,[5],[6308]
270,26,296,1159,0.000910584441036883,5.600000000027458e-07,2,"[5, 7]","[6257, 1]"
271,26,296,1159,0.0009115044410368875,9.20000000004511e-07,1,[5],[6215]
272,26,297,1159,0.0009101706419085396,0.0009101706419085396,2,"[5, 7]","[6117, 225]"
273,26,297,1159,0.0009109606419085435,7.900000000038735e-07,2,"[5, 7]","[6036, 165]"
274,26,297,1160,0.0009100721821502205,0.0009100721821502205,2,"[5, 7]","[5254, 1044]"
275,26,297,1160,0.0009107521821502239,6.800000000033342e-07,2,"[5, 7]","[5349, 899]"
276,26,298,1160,0.000909860264570861,0.000909860264570861,2,"[5, 7]","[5158, 1154]"
277,26,298,1160,0.0009103802645708635,5.200000000025497e-07,2,"[5, 7]","[5192, 1022]"
278,26,298,1160,0.000911090264570867,7.100000000034813e-07,2,"[5, 7]","[5251, 1012]"
279,26,298,1161,0.0009107985102495342,0.0009107985102495342,2,"[5, 7]","[6072, 183]"
280,26,299,1160,0.0009113963780595032,0.0009113963780595032,2,"[5, 7]","[6209, 50]"
281,26,299,1161,0.000909783642202889,0.000909783642202889,2,"[5, 7]","[6255, 2]"
282,26,299,1161,0.000910393642202892,6.10000000002991e-07,2,"[5, 7]","[6309, 1]"
283,26,300,1161,0.0009099819995433347,0.0009099819995433347,1,[5],[6265]
284,26,300,1162,0.0009097963885674644,0.0009097963885674644,1,[5],[6297]
285,26,300,1162,0.0009107263885674689,9.3000000000456e-07,1,[5],[6207]
286,26,301,1162,0.0009095706461780962,0.0009095706461780962,1,[5],[6310]
287,26,301,1162,0.0009102206461780994,6.500000000031871e-07,1,[5],[6259]
288,26,301,1163,0.0009101753506966148,0.0009101753506966148,3,"[5, 229, 231]","[6184, 88, 17]"
289,26,302,1163,0.0009093442232169135,0.0009093442232169135,3,"[5, 229, 231]","[6268, 6, 58]"
290,26,302,1163,0.0009099342232169164,5.900000000028929e-07,1,[5],[6243]
291,26,303,1163,0.0009096141065922268,0.0009096141065922268,2,"[5, 231]","[6263, 4]"
292,26,303,1164,0.0009093212384278128,0.0009093212384278128,3,"[5, 231, 232]","[6227, 35, 1]"
293,26,303,1164,0.0009101512384278169,8.300000000040697e-07,1,[5],[6278]
294,26,304,1164,0.0009091304328055253,0.0009091304328055253,1,[5],[6286]
295,26,304,1164,0.0009098004328055286,6.700000000032852e-07,1,[5],[6243]
296,26,304,1165,0.0009096512875388657,0.0009096512875388657,1,[5],[6257]
297,26,305,1165,0.0009088929709450863,0.0009088929709450863,1,[5],[6287]
298,26,305,1165,0.0009094829709450892,5.900000000028929e-07,1,[5],[6284]
299,26,306,1165,0.0009092754356088488,0.0009092754356088488,1,[5],[6285]
300,26,306,1166,0.0009088429189141979,0.0009088429189141979,1,[5],[6263]
301,26,306,1166,0.0009095929189142015,7.500000000036774e-07,1,[5],[6289]
302,26,307,1166,0.0009087338823961735,0.0009087338823961735,1,[5],[6318]
303,26,307,1166,0.0009094638823961771,7.300000000035793e-07,1,[5],[6198]
304,26,307,1167,0.0009090636862704529,0.0009090636862704529,1,[5],[6285]
305,26,308,1167,0.0009084752568578622,0.0009084752568578622,1,[5],[6290]
306,26,308,1167,0.0009090952568578652,6.2000000000304e-07,1,[5],[6279]
307,26,309,1167,0.0009090686123601092,0.0009090686123601092,1,[5],[6260]
308,26,309,1168,0.0009083579732353309,0.0009083579732353309,1,[5],[6316]
309,26,309,1168,0.0009090679732353344,7.100000000034813e-07,1,[5],[6191]
310,26,310,1168,0.0009082830663315341,0.0009082830663315341,1,[5],[6323]
311,26,310,1168,0.0009091130663315382,8.300000000040697e-07,1,[5],[6187]
312,26,310,1169,0.000908385908384306,0.000908385908384306,1,[5],[6280]
313,26,311,1169,0.0009079007238256903,0.0009079007238256903,2,"[5, 8]","[6149, 110]"
314,26,311,1169,0.0009085007238256932,6.000000000029419e-07,2,"[5, 8]","[6243, 50]"
315,26,311,1169,0.0009098207238256997,1.3200000000064722e-06,2,"[5, 8]","[6163, 38]"
316,26,311,1170,0.0009086504045315732,0.0009086504045315732,2,"[5, 8]","[5345, 930]"
317,26,312,1169,0.0009084079009448479,0.0009084079009448479,3,"[5, 8, 9]","[4627, 1632, 1]"
318,26,312,1170,0.0009073554390814869,0.0009073554390814869,3,"[5, 8, 9]","[3209, 2997, 61]"
319,26,312,1170,0.000907795439081489,4.400000000021574e-07,3,"[5, 8, 9]","[3749, 2514, 57]"
320,26,312,1170,0.0009081754390814909,3.800000000018632e-07,4,"[5, 8, 9, 224]","[4040, 2127, 77, 1]"
321,26,312,1170,0.0009086754390814933,5.000000000024516e-07,3,"[5, 8, 9]","[4300, 1803, 88]"
322,26,313,1170,0.0009077169290794908,0.0009077169290794908,3,"[5, 8, 9]","[4855, 741, 740]"
323,26,313,1170,0.0009084269290794943,7.100000000034813e-07,4,"[5, 8, 9, 223]","[4780, 566, 843, 12]"
324,26,313,1171,0.0009075419224067878,0.0009075419224067878,3,"[5, 8, 9]","[5535, 56, 756]"
325,26,313,1171,0.0009081119224067906,5.700000000027948e-07,5,"[5, 8, 9, 223, 224]","[5177, 45, 934, 17, 1]"
326,26,313,1171,0.0009092019224067959,1.0900000000053445e-06,5,"[5, 8, 9, 223, 224]","[5033, 33, 1119, 46, 2]"
327,26,314,1171,0.0009074933184184641,0.0009074933184184641,2,"[5, 9]","[6257, 62]"
328,26,314,1171,0.0009081633184184674,6.700000000032852e-07,3,"[5, 9, 223]","[6126, 96, 1]"
329,26,314,1172,0.0009076247155961884,0.0009076247155961884,1,[5],[6260]
330,26,314,1172,0.0009095247155961977,1.9000000000093161e-06,2,"[5, 9]","[6238, 2]"
331,26,315,1172,0.0009072123262570822,0.0009072123262570822,1,[5],[6275]
332,26,315,1172,0.000907782326257085,5.700000000027948e-07,1,[5],[6256]
333,26,315,1172,0.0009090623262570913,1.2800000000062761e-06,1,[5],[6223]
334,26,315,1173,0.0009078443145549001,0.0009078443145549001,1,[5],[6267]
335,26,316,1173,0.0009069798536042616,0.0009069798536042616,2,"[5, 10]","[6258, 18]"
336,26,316,1173,0.0009075398536042644,5.600000000027458e-07,2,"[5, 10]","[6301, 14]"
337,26,316,1173,0.0009083898536042685,8.500000000041677e-07,2,"[5, 10]","[6181, 6]"
338,26,317,1173,0.0009073660412453424,0.0009073660412453424,2,"[5, 10]","[5561, 717]"
339,26,317,1174,0.000906706635991752,0.000906706635991752,2,"[5, 10]","[4496, 1820]"
340,26,317,1174,0.0009072166359917545,5.100000000025006e-07,2,"[5, 10]","[4822, 1433]"
341,26,317,1174,0.0009078466359917575,6.30000000003089e-07,2,"[5, 10]","[5165, 1029]"
342,26,318,1174,0.0009069227062936757,0.0009069227062936757,2,"[5, 10]","[5491, 788]"
343,26,318,1174,0.0009078527062936802,9.3000000000456e-07,2,"[5, 10]","[5596, 627]"
344,26,318,1175,0.0009068462806981832,0.0009068462806981832,2,"[5, 10]","[6262, 52]"
345,26,318,1175,0.0009077362806981876,8.900000000043639e-07,2,"[5, 10]","[6155, 43]"
346,26,319,1175,0.0009067114030316981,0.0009067114030316981,1,[5],[6286]
347,26,319,1175,0.0009074914030317019,7.800000000038245e-07,2,"[5, 10]","[6249, 1]"
348,26,319,1176,0.0009069047441568354,0.0009069047441568354,1,[5],[6294]
349,26,320,1176,0.0009064381074301213,0.0009064381074301213,1,[5],[6258]
350,26,320,1176,0.0009070781074301244,6.400000000031381e-07,1,[5],[6313]
351,26,320,1177,0.0009073117729104076,0.0009073117729104076,1,[5],[6273]
352,26,321,1177,0.0009062614537453667,0.0009062614537453667,1,[5],[6301]
353,26,321,1177,0.0009068614537453696,6.000000000029419e-07,1,[5],[6208]
354,26,322,1177,0.0009069053111839663,0.0009069053111839663,1,[5],[6259]
355,26,322,1178,0.0009061285745696966,0.0009061285745696966,2,"[5, 11]","[6272, 18]"
356,26,322,1178,0.0009067685745696997,6.400000000031381e-07,2,"[5, 11]","[6203, 25]"
357,26,323,1178,0.0009062197146345999,0.0009062197146345999,3,"[5, 11, 12]","[5531, 698, 39]"
358,26,323,1178,0.0009072397146346049,1.0200000000050013e-06,3,"[5, 11, 12]","[5296, 889, 61]"
359,26,323,1179,0.0009057743171706924,0.0009057743171706924,3,"[5, 11, 12]","[3918, 2085, 331]"
360,26,323,1179,0.0009061843171706944,4.100000000020103e-07,3,"[5, 11, 12]","[3334, 2471, 371]"
361,26,323,1179,0.0009065543171706962,3.700000000018142e-07,3,"[5, 11, 12]","[3109, 2841, 410]"
362,26,323,1179,0.0009069943171706984,4.400000000021574e-07,3,"[5, 11, 12]","[2592, 3137, 518]"
363,26,324,1179,0.0009056831792193331,0.0009056831792193331,3,"[5, 11, 12]","[3992, 851, 1415]"
364,26,324,1179,0.0009060631792193349,3.800000000018632e-07,3,"[5, 11, 12]","[3275, 1039, 1958]"
365,26,324,1179,0.0009063631792193364,3.0000000000147097e-07,3,"[5, 11, 12]","[2749, 1156, 2500]"
366,26,324,1179,0.0009066331792193377,2.7000000000132387e-07,3,"[5, 11, 12]","[2217, 1151, 2788]"
367,26,324,1179,0.0009069331792193392,3.0000000000147097e-07,3,"[5, 11, 12]","[1773, 1126, 3357]"
368,26,324,1179,0.0009073131792193411,3.800000000018632e-07,3,"[5, 11, 12]","[1331, 1069, 3793]"
369,26,324,1179,0.0009088231792193485,1.5100000000074039e-06,3,"[5, 11, 12]","[691, 862, 4657]"
370,26,324,1180,0.0009059205973264372,0.0009059205973264372,3,"[5, 11, 12]","[5238, 394, 697]"
371,26,324,1180,0.00090650059732644,5.800000000028439e-07,3,"[5, 11, 12]","[4462, 583, 1204]"
372,26,324,1180,0.0009073705973264443,8.700000000042658e-07,3,"[5, 11, 12]","[3401, 814, 1968]"
373,26,325,1179,0.0009072374982788311,0.0009072374982788311,3,"[5, 11, 12]","[2526, 24, 3703]"
374,26,325,1180,0.0009058022649805717,0.0009058022649805717,3,"[5, 11, 12]","[6188, 3, 62]"
375,26,325,1180,0.0009064122649805747,6.10000000002991e-07,3,"[5, 11, 12]","[6205, 2, 136]"
376,26,325,1180,0.0009076422649805807,1.230000000006031e-06,3,"[5, 11, 12]","[5563, 7, 587]"
377,26,325,1181,0.0009061563465098607,0.0009061563465098607,1,[5],[6265]
378,26,326,1181,0.0009057147385587335,0.0009057147385587335,1,[5],[6292]
379,26,326,1181,0.0009062847385587363,5.700000000027948e-07,1,[5],[6260]
380,26,326,1181,0.0009073147385587414,1.0300000000050503e-06,1,[5],[6203]
381,26,326,1182,0.0009063333366643247,0.0009063333366643247,1,[5],[6254]
382,26,327,1182,0.0009056396338871996,0.0009056396338871996,1,[5],[6269]
383,26,327,1182,0.0009061996338872024,5.600000000027458e-07,1,[5],[6285]
384,26,327,1182,0.0009070796338872067,8.800000000043148e-07,1,[5],[6221]
385,26,327,1183,0.0009066642170979719,0.0009066642170979719,1,[5],[6276]
386,26,328,1182,0.0009068168753040127,0.0009068168753040127,1,[5],[6254]
387,26,328,1183,0.0009055846968988253,0.0009055846968988253,1,[5],[6264]
388,26,328,1183,0.0009061246968988279,5.400000000026477e-07,1,[5],[6254]
389,26,328,1183,0.0009069346968988319,8.100000000039716e-07,1,[5],[6254]
390,26,329,1183,0.0009062544442063988,0.0009062544442063988,1,[5],[6250]
391,26,329,1184,0.0009055437454187612,0.0009055437454187612,1,[5],[6286]
392,26,329,1184,0.000906113745418764,5.700000000027948e-07,1,[5],[6303]
393,26,329,1184,0.0009070937454187688,9.800000000048052e-07,1,[5],[6188]
394,26,330,1184,0.0009059575273937097,0.0009059575273937097,1,[5],[6305]
395,26,330,1185,0.0009055183136506206,0.0009055183136506206,1,[5],[6339]
396,26,330,1185,0.0009061083136506235,5.900000000028929e-07,1,[5],[6170]
397,26,331,1185,0.0009057671548111969,0.0009057671548111969,1,[5],[6318]
398,26,331,1186,0.0009055528624765237,0.0009055528624765237,1,[5],[6321]
399,26,331,1186,0.0009062528624765271,7.000000000034323e-07,1,[5],[6228]
400,26,332,1186,0.0009056168862117615,0.0009056168862117615,1,[5],[6295]
401,26,332,1186,0.0009063968862117653,7.800000000038245e-07,1,[5],[6210]
402,26,332,1187,0.0009056164967543806,0.0009056164967543806,1,[5],[6288]
403,26,332,1187,0.000906316496754384,7.000000000034323e-07,1,[5],[6260]
404,26,333,1187,0.0009056085412001276,0.0009056085412001276,1,[5],[6264]
405,26,333,1187,0.0009062885412001309,6.800000000033342e-07,1,[5],[6258]
406,26,333,1188,0.0009057329961195623,0.0009057329961195623,1,[5],[6259]
407,26,333,1188,0.0009065929961195665,8.600000000042168e-07,1,[5],[6247]
408,26,334,1188,0.0009056062960161634,0.0009056062960161634,2,"[5, 13]","[6234, 94]"
409,26,334,1188,0.0009062062960161663,6.000000000029419e-07,2,"[5, 13]","[6106, 108]"
410,26,334,1189,0.0009057867206082953,0.0009057867206082953,2,"[5, 13]","[5277, 1016]"
411,26,334,1189,0.0009066067206082993,8.200000000040206e-07,2,"[5, 13]","[5108, 1145]"
412,26,335,1189,0.0009055981352322504,0.0009055981352322504,2,"[5, 13]","[5128, 1140]"
413,26,335,1189,0.0009060981352322528,5.000000000024516e-07,2,"[5, 13]","[5088, 1183]"
414,26,335,1189,0.0009067581352322561,6.600000000032361e-07,2,"[5, 13]","[5126, 1106]"
415,26,335,1190,0.0009061280878279751,0.0009061280878279751,2,"[5, 13]","[5974, 301]"
416,26,336,1190,0.0009057913675305829,0.0009057913675305829,2,"[5, 13]","[6353, 5]"
417,26,336,1190,0.0009063913675305858,6.000000000029419e-07,2,"[5, 13]","[6196, 3]"
418,26,336,1191,0.0009064691236951,0.0009064691236951,1,[5],[6262]
419,26,337,1191,0.0009058750095504806,0.0009058750095504806,1,[5],[6326]
420,26,337,1191,0.0009064550095504835,5.800000000028439e-07,1,[5],[6180]
421,26,337,1192,0.0009068378022465268,0.0009068378022465268,1,[5],[6262]
422,26,338,1192,0.0009059761956667341,0.0009059761956667341,1,[5],[6327]
423,26,338,1192,0.0009065561956667369,5.800000000028439e-07,1,[5],[6228]
424,26,338,1192,0.0009081461956667447,1.5900000000077961e-06,1,[5],[6196]
425,26,339,1192,0.0009069984960120689,0.0009069984960120689,1,[5],[6257]
426,26,339,1193,0.0009060823126963312,0.0009060823126963312,1,[5],[6322]
427,26,339,1193,0.0009066723126963341,5.900000000028929e-07,1,[5],[6195]
428,26,340,1193,0.0009068604110774878,0.0009068604110774878,1,[5],[6272]
429,26,340,1194,0.0009062013193769817,0.0009062013193769817,1,[5],[6277]
430,26,340,1194,0.0009068213193769847,6.2000000000304e-07,1,[5],[6255]
431,26,341,1194,0.0009068179870939072,0.0009068179870939072,1,[5],[6295]
432,26,341,1195,0.0009063277842308522,0.0009063277842308522,1,[5],[6308]
433,26,341,1195,0.0009069177842308551,5.900000000028929e-07,1,[5],[6247]
434,26,342,1195,0.0009067595812925505,0.0009067595812925505,1,[5],[6264]
435,26,342,1196,0.0009064728068072334,0.0009064728068072334,1,[5],[6267]
436,26,342,1196,0.0009070528068072362,5.800000000028439e-07,1,[5],[6322]
437,26,342,1196,0.0009091428068072465,2.0900000000102477e-06,1,[5],[6161]
438,26,343,1196,0.0009068862946662663,0.0009068862946662663,1,[5],[6277]
439,26,343,1197,0.0009066337357794187,0.0009066337357794187,1,[5],[6342]
440,26,343,1197,0.0009072337357794217,6.000000000029419e-07,1,[5],[6198]
441,26,344,1197,0.0009069906623824298,0.0009069906623824298,1,[5],[6277]
442,26,344,1198,0.0009067919970118152,0.0009067919970118152,1,[5],[6275]
443,26,344,1198,0.0009074019970118182,6.10000000002991e-07,1,[5],[6268]
444,26,345,1198,0.0009071226366578516,0.0009071226366578516,1,[5],[6252]
445,26,345,1198,0.0009083826366578577,1.260000000006178e-06,1,[5],[6252]
446,26,345,1199,0.0009069566760327388,0.0009069566760327388,1,[5],[6305]
447,26,345,1199,0.0009075966760327419,6.400000000031381e-07,1,[5],[6222]
448,26,346,1199,0.0009072596911413159,0.0009072596911413159,1,[5],[6294]
449,26,346,1199,0.0009083896911413215,1.1300000000055406e-06,1,[5],[6220]
450,26,346,1200,0.0009071919353310221,0.0009071919353310221,1,[5],[6298]
451,26,346,1200,0.0009078919353310255,7.000000000034323e-07,1,[5],[6211]
452,26,347,1200,0.0009074862507106397,0.0009074862507106397,1,[5],[6328]
453,26,347,1200,0.0009085262507106448,1.0400000000050993e-06,1,[5],[6176]
454,26,347,1201,0.0009074430332489933,0.0009074430332489933,1,[5],[6326]
455,26,347,1201,0.0009081130332489965,6.700000000032852e-07,1,[5],[6258]
456,26,348,1201,0.000907750521239414,0.000907750521239414,1,[5],[6306]
457,26,348,1201,0.0009088005212394191,1.0500000000051484e-06,1,[5],[6200]
458,26,348,1202,0.0009077041938254621,0.0009077041938254621,1,[5],[6257]
459,26,348,1202,0.0009083641938254654,6.600000000032361e-07,1,[5],[6336]
460,26,349,1202,0.000908013078625898,0.000908013078625898,1,[5],[6267]
461,26,349,1202,0.0009091230786259035,1.1100000000054426e-06,1,[5],[6236]
462,26,349,1203,0.0009079635053668586,0.0009079635053668586,1,[5],[6266]
463,26,349,1203,0.0009086235053668619,6.600000000032361e-07,1,[5],[6294]
464,26,350,1203,0.0009082811495545782,0.0009082811495545782,1,[5],[6255]
465,26,350,1203,0.0009093611495545835,1.0800000000052955e-06,1,[5],[6250]
466,26,350,1204,0.0009082434107814674,0.0009082434107814674,1,[5],[6289]
467,26,350,1204,0.0009089134107814707,6.700000000032852e-07,1,[5],[6238]
468,26,351,1204,0.00090855751475145,0.00090855751475145,1,[5],[6268]
469,26,351,1204,0.0009096675147514554,1.1100000000054426e-06,1,[5],[6242]
470,26,351,1205,0.0009084500838652249,0.0009084500838652249,1,[5],[6289]
471,26,351,1205,0.0009090500838652278,6.000000000029419e-07,1,[5],[6216]
472,26,352,1205,0.0009086781586751955,0.0009086781586751955,2,"[5, 14]","[6314, 1]"
473,26,352,1205,0.0009094781586751994,8.000000000039226e-07,2,"[5, 14]","[6200, 3]"
474,26,352,1206,0.000908616267303777,0.000908616267303777,2,"[5, 14]","[6185, 121]"
475,26,352,1206,0.0009091762673037797,5.600000000027458e-07,2,"[5, 14]","[6092, 138]"
476,26,352,1206,0.0009102862673037852,1.1100000000054426e-06,2,"[5, 14]","[6037, 181]"
477,26,353,1206,0.000908803331162271,0.000908803331162271,2,"[5, 14]","[5457, 861]"
478,26,353,1206,0.0009094533311622742,6.500000000031871e-07,2,"[5, 14]","[5256, 941]"
479,26,353,1207,0.0009088696612512792,0.0009088696612512792,2,"[5, 14]","[5536, 770]"
480,26,353,1207,0.000909439661251282,5.700000000027948e-07,2,"[5, 14]","[5578, 696]"
481,26,353,1207,0.0009105196612512873,1.0800000000052955e-06,2,"[5, 14]","[5574, 600]"
482,26,354,1207,0.000909220716174633,0.000909220716174633,2,"[5, 14]","[6197, 86]"
483,26,354,1207,0.0009100707161746372,8.500000000041677e-07,2,"[5, 14]","[6188, 57]"
484,26,354,1208,0.0009092894622531023,0.0009092894622531023,1,[5],[6272]
485,26,354,1208,0.0009099794622531057,6.900000000033832e-07,2,"[5, 15]","[6228, 4]"
486,26,355,1208,0.0009095741152255633,0.0009095741152255633,4,"[5, 15, 16, 17]","[6075, 126, 77, 26]"
487,26,355,1208,0.0009103641152255671,7.900000000038735e-07,4,"[5, 15, 16, 17]","[5792, 219, 187, 38]"
488,26,355,1209,0.0009093664741313566,0.0009093664741313566,4,"[5, 15, 16, 17]","[3712, 1483, 616, 469]"
489,26,355,1209,0.0009097764741313586,4.100000000020103e-07,4,"[5, 15, 16, 17]","[3483, 1459, 724, 605]"
490,26,355,1209,0.0009101164741313602,3.400000000016671e-07,4,"[5, 15, 16, 17]","[3131, 1513, 862, 724]"
491,26,355,1209,0.0009105064741313622,3.9000000000191225e-07,4,"[5, 15, 16, 17]","[2820, 1654, 988, 872]"
492,26,355,1209,0.0009111964741313655,6.900000000033832e-07,4,"[5, 15, 16, 17]","[2393, 1728, 1032, 1006]"
493,26,355,1210,0.000910192994893865,0.000910192994893865,4,"[5, 15, 16, 17]","[1229, 2468, 379, 2201]"
494,26,356,1209,0.0009091892917105348,0.0009091892917105348,4,"[5, 15, 16, 17]","[1487, 3259, 861, 734]"
495,26,356,1209,0.0009095492917105365,3.6000000000176516e-07,4,"[5, 15, 16, 17]","[1892, 2190, 1195, 1070]"
496,26,356,1209,0.0009098092917105378,2.6000000000127484e-07,4,"[5, 15, 16, 17]","[1807, 1799, 1258, 1200]"
497,26,356,1209,0.000910049291710539,2.4000000000117677e-07,4,"[5, 15, 16, 17]","[1900, 1801, 1359, 1375]"
498,26,356,1209,0.0009102692917105401,2.200000000010787e-07,4,"[5, 15, 16, 17]","[1802, 1514, 1344, 1419]"
499,26,356,1209,0.0009105192917105413,2.500000000012258e-07,4,"[5, 15, 16, 17]","[1881, 1526, 1448, 1525]"
500,26,356,1209,0.0009108292917105428,3.1000000000152e-07,4,"[5, 15, 16, 17]","[1784, 1419, 1339, 1625]"
501,26,356,1209,0.0009115392917105463,7.100000000034813e-07,4,"[5, 15, 16, 17]","[1747, 1383, 1384, 1698]"
502,26,356,1210,0.0009092559278404795,0.0009092559278404795,4,"[5, 15, 16, 17]","[1222, 3595, 159, 1353]"
503,26,356,1210,0.0009096359278404813,3.800000000018632e-07,4,"[5, 15, 16, 17]","[1771, 2267, 197, 2115]"
504,26,356,1210,0.0009099059278404826,2.7000000000132387e-07,4,"[5, 15, 16, 17]","[1949, 1571, 240, 2384]"
505,26,356,1210,0.0009101559278404839,2.500000000012258e-07,4,"[5, 15, 16, 17]","[2193, 1309, 236, 2631]"
506,26,356,1210,0.000910385927840485,2.3000000000112774e-07,4,"[5, 15, 16, 17]","[2228, 1086, 217, 2544]"
507,26,356,1210,0.0009106459278404863,2.6000000000127484e-07,4,"[5, 15, 16, 17]","[2349, 965, 236, 2834]"
508,26,356,1210,0.0009109859278404879,3.400000000016671e-07,4,"[5, 15, 16, 17]","[2347, 769, 216, 2813]"
509,26,356,1210,0.0009121459278404936,1.1600000000056877e-06,4,"[5, 15, 16, 17]","[2467, 661, 176, 2902]"
510,26,357,1210,0.000910134773346176,0.000910134773346176,4,"[5, 15, 16, 17]","[5162, 571, 20, 522]"
511,26,357,1210,0.0009107747733461791,6.400000000031381e-07,5,"[5, 15, 16, 17, 18]","[5722, 126, 18, 438, 1]"
512,26,357,1211,0.0009104448798405524,0.0009104448798405524,4,"[5, 15, 17, 18]","[6174, 7, 49, 58]"
513,26,357,1211,0.0009111448798405558,7.000000000034323e-07,3,"[5, 17, 18]","[6115, 14, 101]"
514,26,358,1211,0.0009105581825755045,0.0009105581825755045,2,"[5, 18]","[5630, 659]"
515,26,358,1211,0.0009111281825755073,5.700000000027948e-07,2,"[5, 18]","[5350, 884]"
516,26,358,1211,0.0009120681825755119,9.40000000004609e-07,2,"[5, 18]","[4993, 1235]"
517,26,358,1212,0.0009106749620794608,0.0009106749620794608,2,"[5, 18]","[4928, 1383]"
518,26,358,1212,0.0009111849620794633,5.100000000025006e-07,2,"[5, 18]","[4737, 1474]"
519,26,358,1212,0.0009118349620794665,6.500000000031871e-07,2,"[5, 18]","[4663, 1623]"
520,26,359,1212,0.0009108319728858752,0.0009108319728858752,2,"[5, 18]","[5995, 271]"
521,26,359,1212,0.0009114119728858781,5.800000000028439e-07,2,"[5, 18]","[6016, 227]"
522,26,359,1212,0.0009125019728858834,1.0900000000053445e-06,2,"[5, 18]","[6036, 210]"
523,26,359,1213,0.0009110567883098898,0.0009110567883098898,2,"[5, 18]","[6307, 10]"
524,26,359,1213,0.0009117267883098931,6.700000000032852e-07,2,"[5, 18]","[6198, 7]"
525,26,360,1213,0.0009110971517219492,0.0009110971517219492,1,[5],[6250]
526,26,360,1213,0.0009116971517219521,6.000000000029419e-07,1,[5],[6250]
527,26,360,1213,0.0009132071517219595,1.5100000000074039e-06,1,[5],[6251]
528,26,360,1214,0.0009113412177970258,0.0009113412177970258,1,[5],[6346]
529,26,360,1214,0.0009120112177970291,6.700000000032852e-07,1,[5],[6179]
530,26,361,1214,0.0009113689968316753,0.0009113689968316753,1,[5],[6269]
531,26,361,1214,0.0009119489968316782,5.800000000028439e-07,1,[5],[6236]
532,26,361,1214,0.0009138589968316875,1.910000000009365e-06,1,[5],[6246]
533,26,361,1215,0.0009115989014650467,0.0009115989014650467,2,"[5, 19]","[6290, 1]"
534,26,361,1215,0.0009123289014650503,7.300000000035793e-07,2,"[5, 19]","[6267, 1]"
535,26,362,1215,0.0009115246603651273,0.0009115246603651273,2,"[5, 19]","[6223, 80]"
536,26,362,1215,0.00091207466036513,5.500000000026968e-07,2,"[5, 19]","[6113, 92]"
537,26,362,1215,0.0009129046603651341,8.300000000040697e-07,2,"[5, 19]","[6133, 123]"
538,26,362,1216,0.0009116955347835023,0.0009116955347835023,2,"[5, 19]","[5660, 599]"
539,26,362,1216,0.0009123555347835056,6.600000000032361e-07,2,"[5, 19]","[5633, 663]"
540,26,363,1216,0.0009115536062508937,0.0009115536062508937,2,"[5, 19]","[5666, 616]"
541,26,363,1216,0.0009120536062508962,5.000000000024516e-07,2,"[5, 19]","[5624, 675]"
542,26,363,1216,0.000912633606250899,5.800000000028439e-07,2,"[5, 19]","[5557, 676]"
543,26,363,1217,0.0009118025742991183,0.0009118025742991183,3,"[5, 19, 20]","[6182, 69, 2]"
544,26,363,1217,0.0009126025742991222,8.000000000039226e-07,2,"[5, 19]","[6203, 86]"
545,26,364,1217,0.0009116062478616937,0.0009116062478616937,3,"[5, 19, 20]","[6286, 2, 40]"
546,26,364,1217,0.0009121462478616963,5.400000000026477e-07,3,"[5, 19, 20]","[6209, 3, 59]"
547,26,364,1217,0.0009129362478617002,7.900000000038735e-07,3,"[5, 19, 20]","[6106, 2, 46]"
548,26,364,1218,0.0009117342503756292,0.0009117342503756292,2,"[5, 20]","[5747, 579]"
549,26,364,1218,0.0009124342503756326,7.000000000034323e-07,2,"[5, 20]","[5603, 597]"
550,26,365,1218,0.0009114488843355818,0.0009114488843355818,2,"[5, 20]","[5546, 724]"
551,26,365,1218,0.0009119588843355843,5.100000000025006e-07,2,"[5, 20]","[5413, 933]"
552,26,365,1218,0.0009124888843355869,5.300000000025987e-07,2,"[5, 20]","[5165, 1044]"
553,26,365,1219,0.0009116191120292136,0.0009116191120292136,2,"[5, 20]","[6131, 144]"
554,26,365,1219,0.000912509112029218,8.900000000043639e-07,2,"[5, 20]","[6021, 211]"
555,26,366,1219,0.0009111862345556591,0.0009111862345556591,2,"[5, 20]","[6317, 1]"
556,26,366,1219,0.0009117162345556617,5.300000000025987e-07,2,"[5, 20]","[6299, 2]"
557,26,366,1219,0.0009123762345556649,6.600000000032361e-07,2,"[5, 20]","[6165, 2]"
558,26,366,1220,0.0009114237271925064,0.0009114237271925064,1,[5],[6310]
559,26,367,1220,0.0009108462077471461,0.0009108462077471461,1,[5],[6322]
560,26,367,1220,0.0009113662077471486,5.200000000025497e-07,1,[5],[6253]
561,26,367,1220,0.0009120062077471518,6.400000000031381e-07,1,[5],[6226]
562,26,367,1221,0.0009112987267008763,0.0009112987267008763,2,"[5, 21]","[6282, 20]"
563,26,368,1221,0.0009105645963073567,0.0009105645963073567,2,"[5, 21]","[5608, 691]"
564,26,368,1221,0.0009110245963073589,4.600000000022555e-07,2,"[5, 21]","[5609, 709]"
565,26,368,1221,0.0009114845963073612,4.600000000022555e-07,2,"[5, 21]","[5510, 722]"
566,26,368,1222,0.0009109597181340622,0.0009109597181340622,2,"[5, 21]","[4793, 1488]"
567,26,368,1222,0.0009123197181340689,1.3600000000066684e-06,2,"[5, 21]","[4397, 1829]"
568,26,369,1221,0.0009113388442809911,0.0009113388442809911,2,"[5, 21]","[4566, 1714]"
569,26,369,1222,0.0009105027249165252,0.0009105027249165252,2,"[5, 21]","[5635, 631]"
570,26,369,1222,0.0009109527249165274,4.5000000000220645e-07,2,"[5, 21]","[5530, 733]"
571,26,369,1222,0.0009113927249165296,4.400000000021574e-07,2,"[5, 21]","[5513, 770]"
572,26,369,1222,0.0009122527249165338,8.600000000042168e-07,2,"[5, 21]","[5304, 887]"
573,26,369,1223,0.0009112736618768663,0.0009112736618768663,3,"[5, 21, 22]","[6243, 20, 2]"
574,26,370,1222,0.000911931658636267,0.000911931658636267,3,"[5, 21, 22]","[6221, 33, 2]"
575,26,370,1223,0.0009108137811617822,0.0009108137811617822,2,"[5, 22]","[6256, 3]"
576,26,370,1223,0.0009113437811617848,5.300000000025987e-07,2,"[5, 22]","[6367, 8]"
577,26,370,1223,0.0009118737811617874,5.300000000025987e-07,2,"[5, 22]","[6203, 9]"
578,26,370,1223,0.0009130937811617934,1.220000000005982e-06,2,"[5, 22]","[6171, 2]"
579,26,370,1224,0.0009119489869292403,0.0009119489869292403,2,"[5, 22]","[6303, 2]"
580,26,370,1224,0.0009127489869292442,8.000000000039226e-07,1,[5],[6238]
581,26,370,1224,0.0009142189869292514,1.4700000000072077e-06,1,[5],[6216]
582,26,371,1224,0.0009125778402145062,0.0009125778402145062,1,[5],[6262]
583,26,371,1224,0.00091334784021451,7.700000000037755e-07,1,[5],[6241]
584,26,371,1224,0.000914377840214515,1.0300000000050503e-06,1,[5],[6277]
585,26,371,1225,0.0009135939893156237,0.0009135939893156237,1,[5],[6304]
586,26,371,1225,0.0009142139893156267,6.2000000000304e-07,2,"[5, 23]","[6226, 1]"
587,26,371,1225,0.0009147939893156295,5.800000000028439e-07,3,"[5, 23, 24]","[6224, 9, 4]"
588,26,371,1225,0.0009155639893156333,7.700000000037755e-07,3,"[5, 23, 24]","[6137, 87, 45]"
589,26,371,1226,0.0009154273069996175,0.0009154273069996175,3,"[5, 23, 24]","[5505, 514, 247]"
590,26,371,1226,0.0009161873069996212,7.600000000037264e-07,4,"[5, 23, 24, 25]","[4349, 1136, 748, 5]"
591,26,371,1226,0.0009172873069996266,1.1000000000053935e-06,5,"[5, 23, 24, 25, 211]","[3886, 1196, 1095, 94, 1]"
592,26,372,1225,0.0009157035173255651,0.0009157035173255651,3,"[5, 23, 24]","[5991, 188, 100]"
593,26,372,1226,0.0009155927290191722,0.0009155927290191722,4,"[5, 23, 24, 25]","[4685, 1040, 574, 2]"
594,26,372,1226,0.0009161327290191748,5.400000000026477e-07,4,"[5, 23, 24, 25]","[4095, 1289, 876, 26]"
595,26,372,1226,0.0009166027290191771,4.700000000023045e-07,5,"[5, 23, 24, 25, 211]","[4162, 1030, 927, 113, 1]"
596,26,372,1226,0.0009171427290191798,5.400000000026477e-07,5,"[5, 23, 24, 25, 211]","[4434, 689, 688, 434, 1]"
597,26,372,1226,0.0009179727290191839,8.300000000040697e-07,6,"[5, 23, 24, 25, 211, 212]","[4321, 286, 311, 1291, 3, 1]"
598,26,372,1227,0.0009168998172327407,0.0009168998172327407,5,"[5, 23, 24, 25, 211]","[4409, 421, 406, 1071, 4]"
599,26,372,1227,0.0009174098172327432,5.100000000025006e-07,6,"[5, 23, 24, 25, 211, 212]","[4123, 49, 50, 2037, 10, 1]"
600,26,372,1227,0.0009177998172327451,3.9000000000191225e-07,6,"[5, 23, 24, 25, 211, 212]","[3973, 12, 13, 2291, 8, 1]"
601,26,372,1227,0.000918179817232747,3.800000000018632e-07,5,"[5, 23, 24, 25, 211]","[4093, 2, 5, 2153, 11]"
602,26,372,1227,0.0009186298172327492,4.5000000000220645e-07,4,"[5, 25, 211, 212]","[4351, 1831, 8, 2]"
603,26,372,1227,0.0009197598172327547,1.1300000000055406e-06,3,"[5, 25, 211]","[4986, 1176, 5]"
604,26,372,1228,0.0009188463286131964,0.0009188463286131964,4,"[5, 25, 211, 212]","[5660, 602, 1, 1]"
605,26,372,1228,0.0009200263286132022,1.1800000000057858e-06,2,"[5, 25]","[6200, 47]"
606,26,373,1227,0.0009185859244922642,0.0009185859244922642,6,"[5, 23, 24, 25, 211, 212]","[4915, 9, 9, 1318, 3, 1]"
607,26,373,1228,0.0009190863081275217,0.0009190863081275217,3,"[5, 25, 211]","[6219, 90, 1]"
608,26,373,1228,0.000919756308127525,6.700000000032852e-07,2,"[5, 25]","[6259, 2]"
609,26,373,1228,0.0009204263081275283,6.700000000032852e-07,1,[5],[6181]
610,26,373,1229,0.0009200628301092133,0.0009200628301092133,1,[5],[6310]
611,26,373,1229,0.0009205728301092158,5.100000000025006e-07,2,"[5, 26]","[6194, 1]"
612,26,373,1229,0.000921022830109218,4.5000000000220645e-07,2,"[5, 26]","[6296, 19]"
613,26,373,1229,0.0009215128301092204,4.900000000024026e-07,2,"[5, 26]","[6129, 53]"
614,26,373,1229,0.0009229028301092272,1.3900000000068155e-06,2,"[5, 26]","[5964, 289]"
615,26,373,1230,0.0009214729806219719,0.0009214729806219719,2,"[5, 26]","[5854, 453]"
616,26,373,1230,0.0009222229806219755,7.500000000036774e-07,2,"[5, 26]","[5176, 1035]"
617,26,374,1229,0.0009214772353178204,0.0009214772353178204,2,"[5, 26]","[6076, 206]"
618,26,374,1230,0.0009215032880891471,0.0009215032880891471,2,"[5, 26]","[5085, 1268]"
619,26,374,1230,0.0009219532880891493,4.5000000000220645e-07,2,"[5, 26]","[4590, 1601]"
620,26,374,1230,0.0009223332880891512,3.800000000018632e-07,2,"[5, 26]","[4687, 1641]"
621,26,374,1230,0.0009227432880891532,4.100000000020103e-07,2,"[5, 26]","[4766, 1472]"
622,26,374,1230,0.0009233432880891561,6.000000000029419e-07,2,"[5, 26]","[5049, 1124]"
623,26,374,1231,0.0009225445514806825,0.0009225445514806825,2,"[5, 26]","[5812, 495]"
624,26,374,1231,0.000923064551480685,5.200000000025497e-07,2,"[5, 26]","[6106, 152]"
625,26,374,1231,0.0009235245514806873,4.600000000022555e-07,2,"[5, 26]","[6271, 43]"
626,26,374,1231,0.0009240445514806898,5.200000000025497e-07,2,"[5, 26]","[6175, 12]"
627,26,374,1232,0.000924276196972664,0.000924276196972664,2,"[5, 26]","[6296, 1]"
628,26,374,1232,0.0009261361969726731,1.86000000000912e-06,1,[5],[6207]
629,26,375,1231,0.0009239882729990467,0.0009239882729990467,2,"[5, 26]","[6233, 35]"
630,26,375,1232,0.0009242289204523985,0.0009242289204523985,1,[5],[6319]
631,26,375,1232,0.0009248089204524013,5.800000000028439e-07,1,[5],[6274]
632,26,375,1232,0.0009253689204524041,5.600000000027458e-07,1,[5],[6193]
633,26,375,1232,0.0009264389204524093,1.0700000000052464e-06,1,[5],[6229]
634,26,375,1233,0.0009252039781642147,0.0009252039781642147,2,"[5, 27]","[6306, 5]"
635,26,375,1233,0.0009257639781642174,5.600000000027458e-07,2,"[5, 27]","[6174, 21]"
636,26,375,1233,0.0009263139781642201,5.500000000026968e-07,2,"[5, 27]","[6268, 53]"
637,26,375,1233,0.000927323978164225,1.0100000000049522e-06,2,"[5, 27]","[5985, 206]"
638,26,375,1234,0.0009266972585400305,0.0009266972585400305,3,"[5, 27, 28]","[5559, 713, 1]"
639,26,375,1234,0.0009279672585400367,1.270000000006227e-06,3,"[5, 27, 28]","[5358, 820, 66]"
640,26,376,1233,0.00092621979724132,0.00092621979724132,2,"[5, 27]","[6082, 180]"
641,26,376,1233,0.0009275297972413264,1.3100000000064232e-06,3,"[5, 27, 28]","[5707, 545, 1]"
642,26,376,1234,0.0009263764982378716,0.0009263764982378716,3,"[5, 27, 28]","[5283, 963, 16]"
643,26,376,1234,0.0009268264982378738,4.5000000000220645e-07,3,"[5, 27, 28]","[5302, 861, 87]"
644,26,376,1234,0.0009272064982378756,3.800000000018632e-07,3,"[5, 27, 28]","[5538, 687, 146]"
645,26,376,1234,0.0009275964982378775,3.9000000000191225e-07,3,"[5, 27, 28]","[5352, 531, 252]"
646,26,376,1234,0.0009281964982378805,6.000000000029419e-07,3,"[5, 27, 28]","[5467, 274, 499]"
647,26,376,1235,0.0009271792013187327,0.0009271792013187327,4,"[5, 27, 28, 29]","[5446, 165, 699, 1]"
648,26,376,1235,0.000927639201318735,4.600000000022555e-07,5,"[5, 27, 28, 29, 30]","[5369, 34, 889, 10, 1]"
649,26,376,1235,0.0009280192013187368,3.800000000018632e-07,5,"[5, 27, 28, 29, 30]","[5236, 12, 947, 16, 5]"
650,26,376,1235,0.0009284392013187389,4.2000000000205935e-07,5,"[5, 27, 28, 29, 30]","[5309, 10, 863, 65, 9]"
651,26,376,1235,0.0009290992013187421,6.600000000032361e-07,4,"[5, 28, 29, 30]","[5347, 664, 177, 21]"
652,26,376,1236,0.0009284196493840935,0.0009284196493840935,4,"[5, 28, 29, 30]","[5346, 165, 629, 200]"
653,26,376,1236,0.0009290796493840967,6.600000000032361e-07,4,"[5, 28, 29, 30]","[4805, 30, 899, 503]"
654,26,376,1236,0.0009302996493841027,1.220000000005982e-06,4,"[5, 28, 29, 30]","[4341, 11, 987, 835]"
655,26,377,1235,0.000928297959848148,0.000928297959848148,5,"[5, 27, 28, 29, 30]","[5548, 7, 627, 106, 25]"
656,26,377,1236,0.0009283263513949874,0.0009283263513949874,4,"[5, 28, 29, 30]","[5056, 14, 726, 563]"
657,26,377,1236,0.0009287463513949894,4.2000000000205935e-07,4,"[5, 28, 29, 30]","[4588, 3, 760, 864]"
658,26,377,1236,0.0009290963513949911,3.500000000017161e-07,4,"[5, 28, 29, 30]","[4564, 2, 734, 1025]"
659,26,377,1236,0.0009294463513949929,3.500000000017161e-07,4,"[5, 28, 29, 30]","[4370, 1, 663, 1108]"
660,26,377,1236,0.0009299763513949955,5.300000000025987e-07,3,"[5, 29, 30]","[4447, 560, 1210]"
661,26,377,1237,0.0009289481861127468,0.0009289481861127468,3,"[5, 29, 30]","[5602, 171, 498]"
662,26,377,1237,0.0009293781861127489,4.300000000021084e-07,3,"[5, 29, 30]","[5831, 57, 356]"
663,26,377,1237,0.0009297581861127508,3.800000000018632e-07,3,"[5, 29, 30]","[5984, 43, 267]"
664,26,377,1237,0.0009301581861127528,4.000000000019613e-07,3,"[5, 29, 30]","[6079, 28, 176]"
665,26,377,1237,0.000930828186112756,6.700000000032852e-07,3,"[5, 29, 30]","[6057, 6, 98]"
666,26,377,1238,0.00092997442827163,0.00092997442827163,3,"[5, 29, 30]","[6331, 1, 2]"
667,26,377,1238,0.0009306144282716332,6.400000000031381e-07,1,[5],[6217]
668,26,377,1238,0.0009314544282716373,8.400000000041187e-07,1,[5],[6234]
669,26,378,1237,0.000930734331806416,0.000930734331806416,3,"[5, 29, 30]","[6183, 6, 77]"
670,26,378,1238,0.0009303014860356339,0.0009303014860356339,1,[5],[6314]
671,26,378,1238,0.0009308614860356366,5.600000000027458e-07,1,[5],[6258]
672,26,378,1238,0.0009313714860356391,5.100000000025006e-07,1,[5],[6242]
673,26,378,1238,0.0009320314860356423,6.600000000032361e-07,1,[5],[6216]
674,26,378,1239,0.0009311856291534453,0.0009311856291534453,1,[5],[6337]
675,26,378,1239,0.0009316956291534478,5.100000000025006e-07,1,[5],[6292]
676,26,378,1239,0.0009321156291534499,4.2000000000205935e-07,1,[5],[6240]
677,26,378,1239,0.000932555629153452,4.400000000021574e-07,1,[5],[6217]
678,26,378,1239,0.0009331756291534551,6.2000000000304e-07,1,[5],[6202]
679,26,378,1240,0.0009329704454736052,0.0009329704454736052,1,[5],[6292]
680,26,378,1240,0.0009343304454736119,1.3600000000066684e-06,1,[5],[6209]
681,26,379,1239,0.0009324121904808534,0.0009324121904808534,1,[5],[6324]
682,26,379,1239,0.0009332921904808577,8.800000000043148e-07,1,[5],[6224]
683,26,379,1240,0.0009327294451002622,0.0009327294451002622,1,[5],[6284]
684,26,379,1240,0.0009331794451002644,4.5000000000220645e-07,1,[5],[6259]
685,26,379,1240,0.0009335394451002662,3.6000000000176516e-07,1,[5],[6263]
686,26,379,1240,0.0009338794451002678,3.400000000016671e-07,1,[5],[6209]
687,26,379,1240,0.0009342694451002697,3.9000000000191225e-07,1,[5],[6303]
688,26,379,1240,0.0009348794451002727,6.10000000002991e-07,1,[5],[6204]
689,26,379,1241,0.0009338023406617424,0.0009338023406617424,1,[5],[6302]
690,26,379,1241,0.0009342823406617447,4.800000000023535e-07,1,[5],[6205]
691,26,379,1241,0.0009346723406617466,3.9000000000191225e-07,1,[5],[6394]
692,26,379,1241,0.0009350623406617486,3.9000000000191225e-07,1,[5],[6256]
693,26,379,1241,0.0009355323406617509,4.700000000023045e-07,1,[5],[6176]
694,26,379,1241,0.0009366123406617562,1.0800000000052955e-06,1,[5],[6176]
695,26,379,1242,0.0009355558540258918,0.0009355558540258918,1,[5],[6287]
696,26,379,1242,0.0009365558540258967,1.0000000000049032e-06,1,[5],[6244]
697,26,380,1241,0.0009346094130897782,0.0009346094130897782,1,[5],[6296]
698,26,380,1241,0.0009352394130897813,6.30000000003089e-07,1,[5],[6210]
699,26,380,1241,0.0009358994130897845,6.600000000032361e-07,1,[5],[6268]
700,26,380,1242,0.0009352862389050467,0.0009352862389050467,1,[5],[6286]
701,26,380,1242,0.0009357362389050489,4.5000000000220645e-07,1,[5],[6245]
702,26,380,1242,0.0009360662389050505,3.3000000000161806e-07,1,[5],[6227]
703,26,380,1242,0.000936366238905052,3.0000000000147097e-07,1,[5],[6316]
704,26,380,1242,0.0009366562389050534,2.9000000000142193e-07,1,[5],[6370]
705,26,380,1242,0.0009369562389050549,3.0000000000147097e-07,1,[5],[6077]
706,26,380,1242,0.0009373062389050566,3.500000000017161e-07,1,[5],[6336]
707,26,380,1242,0.0009377262389050587,4.2000000000205935e-07,1,[5],[6172]
708,26,380,1242,0.0009384462389050622,7.200000000035303e-07,1,[5],[6251]
709,26,380,1243,0.0009367497434267318,0.0009367497434267318,1,[5],[6346]
710,26,380,1243,0.0009374397434267352,6.900000000033832e-07,1,[5],[6216]
711,26,380,1243,0.0009381197434267385,6.800000000033342e-07,1,[5],[6215]
712,26,380,1243,0.0009448097434267713,6.6900000000328025e-06,2,"[5, 33]","[6041, 183]"
713,26,381,1229,0.0009868118004259649,0.0009868118004259649,2,"[33, 206]","[6142, 148]"
714,26,381,1229,0.0009878818004259585,1.0699999999936455e-06,1,[33],[6230]
715,26,381,1230,0.0009871082581445437,0.0009871082581445437,2,"[33, 50]","[6312, 6]"
716,26,381,1240,0.0009534787212835099,0.0009534787212835099,3,"[5, 33, 34]","[9, 6246, 10]"
717,26,381,1241,0.0009483123768772626,0.0009483123768772626,3,"[5, 33, 34]","[527, 3736, 1994]"
718,26,381,1241,0.0009497823768772698,1.4700000000072077e-06,2,"[33, 34]","[5784, 494]"
719,26,381,1241,0.0009515223768772783,1.7400000000085316e-06,2,"[33, 34]","[6222, 2]"
720,26,381,1242,0.0009372156578591343,0.0009372156578591343,1,[5],[6265]
721,26,381,1242,0.0009378856578591376,6.700000000032852e-07,1,[5],[6245]
722,26,381,1242,0.0009385156578591407,6.30000000003089e-07,1,[5],[6267]
723,26,381,1242,0.0009445256578591701,6.010000000029468e-06,2,"[5, 33]","[5576, 652]"
724,26,381,1242,0.000946125657859178,1.6000000000078451e-06,2,"[33, 34]","[6230, 68]"
725,26,381,1242,0.0009469956578591822,8.700000000042658e-07,2,"[33, 34]","[5547, 693]"
726,26,381,1242,0.0009477156578591858,7.200000000035303e-07,2,"[33, 34]","[4304, 1904]"
727,26,381,1242,0.0009486256578591902,9.100000000044619e-07,2,"[33, 34]","[4036, 2240]"
728,26,381,1243,0.0009374441007635834,0.0009374441007635834,1,[5],[6300]
729,26,381,1243,0.0009379341007635858,4.900000000024026e-07,1,[5],[6334]
730,26,381,1243,0.0009383241007635877,3.9000000000191225e-07,1,[5],[6255]
731,26,381,1243,0.0009387541007635898,4.300000000021084e-07,1,[5],[6172]
732,26,381,1243,0.0009397541007635947,1.0000000000049032e-06,1,[5],[6200]
733,26,381,1243,0.0009459541007636251,6.2000000000304e-06,2,"[5, 33]","[507, 5753]"
734,26,382,1229,0.000986251190528291,0.000986251190528291,3,"[33, 206, 207]","[5864, 402, 5]"
735,26,382,1229,0.0009869711905282866,7.199999999957241e-07,1,[33],[6313]
736,26,382,1230,0.0009851329336646728,0.0009851329336646728,2,"[33, 206]","[6280, 2]"
737,26,382,1230,0.0009863329336646657,1.1999999999928734e-06,1,[33],[6294]
738,26,382,1230,0.00098727293366466,9.399999999944175e-07,1,[33],[6192]
739,26,382,1231,0.0009846968670810586,0.0009846968670810586,1,[33],[6253]
740,26,382,1235,0.0009701397537888949,0.0009701397537888949,2,"[33, 172]","[6260, 1]"
741,26,382,1236,0.0009652710710226355,0.0009652710710226355,3,"[33, 172, 173]","[6254, 3, 1]"
742,26,382,1236,0.0009667610710226429,1.4900000000073058e-06,2,"[33, 172]","[6260, 17]"
743,26,382,1236,0.0009696910710226572,2.9300000000143664e-06,3,"[33, 172, 173]","[6212, 3, 2]"
744,26,382,1237,0.0009618682721920375,0.0009618682721920375,2,"[33, 201]","[6258, 2]"
745,26,382,1237,0.000963188272192044,1.3200000000064722e-06,1,[33],[6268]
746,26,382,1237,0.000964608272192051,1.4200000000069626e-06,2,"[33, 172]","[6222, 1]"
747,26,382,1238,0.0009584858877468717,0.0009584858877468717,3,"[33, 201, 202]","[6258, 2, 3]"
748,26,382,1238,0.0009597358877468778,1.250000000006129e-06,3,"[33, 201, 202]","[6240, 18, 4]"
749,26,382,1238,0.000960995887746884,1.260000000006178e-06,2,"[33, 201]","[6260, 1]"
750,26,382,1239,0.0009551711169865124,0.0009551711169865124,1,[33],[6293]
751,26,382,1239,0.0009562411169865176,1.0700000000052464e-06,1,[33],[6264]
752,26,382,1239,0.0009572611169865226,1.0200000000050013e-06,1,[33],[6251]
753,26,382,1239,0.0009588411169865304,1.580000000007747e-06,3,"[33, 201, 202]","[6213, 2, 1]"
754,26,382,1240,0.000952312716770503,0.000952312716770503,2,"[33, 34]","[6263, 2]"
755,26,382,1240,0.0009534127167705083,1.1000000000053935e-06,1,[33],[6301]
756,26,382,1240,0.0009545127167705137,1.1000000000053935e-06,1,[33],[6237]
757,26,382,1240,0.0009569227167705256,2.4100000000118168e-06,1,[33],[6198]
758,26,382,1241,0.0009497333977010045,0.0009497333977010045,3,"[5, 33, 34]","[3, 5412, 858]"
759,26,382,1241,0.0009513233977010123,1.5900000000077961e-06,2,"[33, 34]","[6233, 1]"
760,26,382,1242,0.0009476832709184549,0.0009476832709184549,3,"[5, 33, 34]","[920, 4443, 887]"
761,26,383,1229,0.000987146478587977,0.000987146478587977,2,"[33, 206]","[6242, 22]"
762,26,383,1230,0.000984274533134814,0.000984274533134814,1,[33],[6277]
763,26,383,1230,0.0009853845331348073,1.109999999993408e-06,1,[33],[6247]
764,26,383,1230,0.0009863545331348015,9.699999999942394e-07,1,[33],[6260]
765,26,383,1231,0.000982286497890323,0.000982286497890323,1,[33],[6260]
766,26,383,1231,0.0009830264978903185,7.399999999956053e-07,1,[33],[6286]
767,26,383,1231,0.0009843364978903107,1.3099999999922202e-06,1,[33],[6210]
768,26,383,1232,0.0009819476571761383,0.0009819476571761383,1,[33],[6276]
769,26,383,1232,0.0009826076571761344,6.599999999960804e-07,1,[33],[6259]
770,26,383,1234,0.0009726379773472596,0.0009726379773472596,3,"[33, 137, 138]","[6176, 84, 2]"
771,26,383,1235,0.0009689338693048111,0.0009689338693048111,2,"[33, 172]","[6282, 2]"
772,26,383,1235,0.0009700938693048168,1.1600000000056877e-06,1,[33],[6231]
773,26,383,1235,0.000971143869304822,1.0500000000051484e-06,2,"[33, 137]","[6265, 4]"
774,26,383,1235,0.0009728738693048305,1.7300000000084826e-06,3,"[33, 137, 138]","[6132, 89, 2]"
775,26,383,1236,0.0009658622349075621,0.0009658622349075621,3,"[33, 172, 173]","[6248, 11, 1]"
776,26,383,1236,0.0009676222349075707,1.7600000000086297e-06,3,"[33, 172, 173]","[6219, 20, 2]"
777,26,383,1236,0.0009702922349075838,2.6700000000130916e-06,1,[33],[6254]
778,26,383,1237,0.0009624178828668706,0.0009624178828668706,2,"[33, 201]","[6280, 2]"
779,26,383,1237,0.000964147882866879,1.7300000000084826e-06,1,[33],[6234]
780,26,383,1238,0.0009599167676555074,0.0009599167676555074,3,"[33, 201, 202]","[6267, 9, 2]"
781,26,383,1238,0.0009621667676555184,2.2500000000110322e-06,1,[33],[6229]
782,26,384,1232,0.0009814374820256485,0.0009814374820256485,2,"[33, 44]","[6043, 215]"
783,26,384,1232,0.0009824974820256422,1.0599999999937049e-06,2,"[33, 44]","[6252, 5]"
784,26,384,1233,0.0009779225778179148,0.0009779225778179148,2,"[33, 44]","[6258, 5]"
785,26,384,1233,0.000979752577817904,1.829999999989132e-06,2,"[33, 44]","[5873, 377]"
786,26,384,1233,0.0009807125778178982,9.599999999942987e-07,2,"[33, 44]","[5610, 644]"
787,26,384,1233,0.0009815325778178934,8.199999999951302e-07,2,"[33, 44]","[6017, 234]"
788,26,384,1234,0.0009731204784403421,0.0009731204784403421,3,"[33, 137, 138]","[6174, 95, 5]"
789,26,384,1234,0.0009743004784403479,1.1800000000057858e-06,2,"[33, 137]","[6263, 8]"
790,26,384,1234,0.0009753604784403531,1.0600000000051974e-06,1,[33],[6236]
791,26,384,1234,0.0009765104784403587,1.1500000000056387e-06,1,[33],[6249]
792,26,384,1234,0.000978410478440348,1.8999999999892584e-06,2,"[33, 44]","[6239, 2]"
793,26,384,1235,0.0009729775108589146,0.0009729775108589146,3,"[33, 137, 138]","[6166, 83, 1]"
794,26,385,1233,0.0009787502409849102,0.0009787502409849102,2,"[33, 44]","[6197, 97]"
795,26,385,1233,0.0009797602409849042,1.0099999999940018e-06,2,"[33, 44]","[5372, 859]"
796,26,385,1233,0.0009805902409848993,8.299999999950708e-07,2,"[33, 44]","[4932, 1319]"
797,26,385,1234,0.0009778050989144747,0.0009778050989144747,1,[33],[6263]
798,26,393,1163,0.001188743759126238,0.001188743759126238,3,"[176, 195, 198]","[5454, 799, 2]"
799,26,393,1163,0.0011893437591262344,5.999999999964367e-07,3,"[176, 195, 197]","[4746, 1541, 2]"
800,26,393,1163,0.0011899437591262308,5.999999999964367e-07,4,"[176, 195, 197, 198]","[4058, 2159, 4, 3]"
801,26,393,1164,0.0011890008358838022,0.0011890008358838022,5,"[176, 177, 195, 197, 198]","[4371, 4, 1901, 1, 1]"
802,26,393,1164,0.0011897508358837978,7.499999999955459e-07,4,"[176, 177, 195, 197]","[2824, 1, 3442, 2]"
803,26,393,1164,0.0011912908358837886,1.5399999999908542e-06,3,"[176, 195, 198]","[1639, 4569, 1]"
804,26,401,1217,0.0010838883396574524,0.0010838883396574524,3,"[113, 122, 123]","[6211, 43, 1]"
805,26,449,1177,0.001191272667831656,0.001191272667831656,2,"[150, 151]","[44, 6219]"
806,26,449,1177,0.0011921526678316508,8.799999999947739e-07,1,[151],[6245]
807,26,449,1178,0.0011909504703774276,0.0011909504703774276,2,"[150, 151]","[4739, 1522]"
808,26,449,1179,0.0011892406201749824,0.0011892406201749824,1,[150],[6288]
809,26,449,1179,0.0011900406201749776,7.99999999995249e-07,2,"[150, 151]","[6277, 1]"
810,26,450,1177,0.0011913954212943037,0.0011913954212943037,2,"[150, 151]","[24, 6262]"
811,26,450,1177,0.0011923154212942983,9.199999999945363e-07,1,[151],[6234]
812,26,450,1178,0.0011909904474498036,0.0011909904474498036,2,"[150, 151]","[3580, 2697]"
813,26,450,1178,0.0011919004474497982,9.099999999945957e-07,2,"[150, 151]","[177, 6056]"
814,26,450,1179,0.0011894751878384702,0.0011894751878384702,1,[150],[6304]
815,26,450,1179,0.0011902951878384653,8.199999999951302e-07,2,"[150, 151]","[6240, 30]"
816,26,462,1185,0.001286337833016554,0.001286337833016554,3,"[152, 153, 155]","[6252, 7, 1]"
