,event,pixel_x,pixel_y,reset_time,TSLR,nMCParticles,MC_TrackIDs,MC_Weights
0,44,152,1344,0.000398164152316673,0.000398164152316673,1,[120],[6315]
1,44,152,1344,0.0003987341523166727,5.699999999997049e-07,1,[120],[6254]
2,44,152,1344,0.0003993341523166724,5.999999999996893e-07,1,[120],[6209]
3,44,152,1345,0.00039922017527636497,0.00039922017527636497,1,[120],[6375]
4,44,152,1345,0.0003995501752763648,3.2999999999982913e-07,1,[120],[6209]
5,44,152,1345,0.00039987017527636464,3.199999999998343e-07,1,[120],[6312]
6,44,152,1345,0.00040060017527636426,7.29999999999622e-07,1,[120],[6113]
7,44,152,1346,0.0003996375034783266,0.0003996375034783266,1,[120],[6287]
8,44,152,1346,0.00039998750347832644,3.4999999999981877e-07,1,[120],[6425]
9,44,152,1346,0.0004003175034783263,3.2999999999982913e-07,1,[120],[6039]
10,44,153,1343,0.0003969058592714906,0.0003969058592714906,1,[120],[6267]
11,44,153,1343,0.00039844585927148983,1.5399999999992026e-06,1,[120],[6233]
12,44,153,1344,0.0003974275270409451,0.0003974275270409451,1,[120],[6311]
13,44,153,1344,0.0003986075270409445,1.179999999999389e-06,1,[120],[6198]
14,44,154,1343,0.000396227086864416,0.000396227086864416,1,[120],[6286]
15,44,154,1343,0.00039659708686441583,3.699999999998084e-07,1,[120],[6328]
16,44,154,1343,0.00039712708686441556,5.299999999997256e-07,1,[120],[6196]
17,44,155,1342,0.0003970789329811718,0.0003970789329811718,1,[120],[6295]
18,44,155,1342,0.00039758893298117153,5.099999999997359e-07,1,[120],[6330]
19,44,155,1342,0.0003980789329811713,4.899999999997463e-07,1,[120],[6157]
20,44,155,1342,0.00039885893298117087,7.799999999995961e-07,1,[120],[6243]
21,44,155,1343,0.0003977889793950985,0.0003977889793950985,1,[120],[6260]
22,44,156,1337,0.0004067532059552774,0.0004067532059552774,1,[119],[6305]
23,44,156,1337,0.0004071232059552772,3.699999999998084e-07,1,[119],[6240]
24,44,156,1337,0.00040759320595527696,4.6999999999975664e-07,1,[119],[6292]
25,44,156,1338,0.0004072965838119079,0.0004072965838119079,1,[119],[6287]
26,44,156,1338,0.0004080665838119075,7.699999999996013e-07,1,[119],[6250]
27,44,156,1341,0.00039901051690208227,0.00039901051690208227,2,"[120, 123]","[6327, 37]"
28,44,156,1341,0.00039941051690208206,3.999999999997929e-07,2,"[120, 123]","[5902, 286]"
29,44,156,1341,0.0003997705169020819,3.599999999998136e-07,2,"[120, 123]","[5543, 710]"
30,44,156,1341,0.00040024051690208163,4.6999999999975664e-07,3,"[120, 122, 123]","[5002, 6, 1223]"
31,44,156,1342,0.0003988653460101808,0.0003988653460101808,1,[120],[6294]
32,44,157,1338,0.0004069997001794488,0.0004069997001794488,2,"[119, 120]","[6244, 11]"
33,44,157,1338,0.0004073597001794486,3.599999999998136e-07,1,[119],[6297]
34,44,157,1338,0.0004076897001794484,3.2999999999982913e-07,1,[119],[6267]
35,44,157,1338,0.0004082597001794481,5.699999999997049e-07,1,[119],[6217]
36,44,157,1339,0.0004065047334004993,0.0004065047334004993,3,"[119, 120, 122]","[3073, 3146, 39]"
37,44,157,1339,0.0004075447334004988,1.0399999999994615e-06,1,[119],[6257]
38,44,157,1340,0.0004002514224246514,0.0004002514224246514,3,"[120, 122, 123]","[5137, 887, 369]"
39,44,157,1340,0.00040058142242465125,3.2999999999982913e-07,3,"[120, 122, 123]","[4674, 1508, 119]"
40,44,157,1340,0.0004008614224246511,2.79999999999855e-07,3,"[120, 122, 123]","[4185, 1996, 23]"
41,44,157,1340,0.00040113142242465097,2.699999999998602e-07,3,"[120, 122, 123]","[3527, 2619, 12]"
42,44,157,1340,0.0004014614224246508,3.2999999999982913e-07,3,"[120, 122, 123]","[2780, 3574, 3]"
43,44,157,1340,0.00040196142242465054,4.999999999997411e-07,3,"[120, 122, 123]","[1752, 4377, 2]"
44,44,157,1341,0.0004003931123722802,0.0004003931123722802,3,"[120, 122, 123]","[4878, 268, 1135]"
45,44,158,1338,0.0004036300631524905,0.0004036300631524905,2,"[119, 120]","[518, 5750]"
46,44,158,1338,0.00040561006315248946,1.9799999999989748e-06,2,"[119, 120]","[5613, 631]"
47,44,158,1339,0.0004016755457649714,0.0004016755457649714,2,"[120, 122]","[6323, 1]"
48,44,158,1339,0.0004021055457649712,4.2999999999977735e-07,1,[120],[6306]
49,44,158,1339,0.00040253554576497096,4.2999999999977735e-07,1,[120],[6134]
50,44,158,1339,0.0004037955457649703,1.2599999999993476e-06,2,"[119, 120]","[643, 5598]"
51,44,158,1339,0.00040490554576496973,1.1099999999994252e-06,2,"[119, 120]","[6183, 63]"
52,44,158,1339,0.0004055855457649694,6.799999999996479e-07,1,[119],[6269]
53,44,158,1339,0.00040619554576496906,6.099999999996841e-07,1,[119],[6309]
54,44,158,1340,0.00040180610655024985,0.00040180610655024985,2,"[120, 122]","[6107, 151]"
55,44,159,1337,0.0004042937857274532,0.0004042937857274532,2,"[119, 120]","[3007, 3263]"
56,44,159,1338,0.00040316254042801016,0.00040316254042801016,2,"[119, 120]","[292, 6025]"
57,44,159,1338,0.00040354254042800997,3.7999999999980324e-07,2,"[119, 120]","[1644, 4615]"
58,44,159,1338,0.00040380254042800983,2.5999999999986537e-07,2,"[119, 120]","[2899, 3479]"
59,44,159,1338,0.0004040225404280097,2.1999999999988609e-07,2,"[119, 120]","[3565, 2636]"
60,44,159,1338,0.0004042425404280096,2.1999999999988609e-07,2,"[119, 120]","[4167, 2141]"
61,44,159,1338,0.00040451254042800946,2.699999999998602e-07,2,"[119, 120]","[4502, 1692]"
62,44,159,1338,0.00040513254042800914,6.19999999999679e-07,2,"[119, 120]","[4696, 1406]"
63,44,159,1339,0.00040430156189782507,0.00040430156189782507,2,"[119, 120]","[2189, 4076]"
64,44,239,1233,0.0005992859908936079,0.0005992859908936079,2,"[73, 86]","[9, 6302]"
65,44,239,1233,0.00059971599089361,4.300000000021084e-07,1,[86],[6304]
66,44,239,1233,0.0006001459908936121,4.300000000021084e-07,1,[86],[6143]
67,44,239,1233,0.0006013659908936181,1.220000000005982e-06,1,[86],[6247]
68,44,239,1234,0.0005998053446121969,0.0005998053446121969,3,"[29, 73, 86]","[2, 1, 6296]"
69,44,240,1233,0.0005994730394923544,0.0005994730394923544,3,"[29, 73, 86]","[198, 279, 5883]"
70,44,240,1233,0.0006000230394923571,5.500000000026968e-07,1,[86],[6212]
71,44,240,1234,0.0006001295123104532,0.0006001295123104532,3,"[29, 73, 86]","[2674, 23, 3559]"
72,44,240,1235,0.0005985715739965265,0.0005985715739965265,1,[29],[6280]
73,44,241,1233,0.0005961636699686329,0.0005961636699686329,2,"[29, 73]","[6286, 29]"
74,44,241,1233,0.0005969836699686369,8.200000000040206e-07,2,"[29, 73]","[6215, 1]"
75,44,241,1234,0.0005958397969730213,0.0005958397969730213,2,"[29, 73]","[6295, 1]"
76,44,241,1234,0.0005962797969730235,4.400000000021574e-07,1,[29],[6220]
77,44,241,1234,0.0005967597969730259,4.800000000023535e-07,1,[29],[6287]
78,44,241,1234,0.0005978397969730312,1.0800000000052955e-06,1,[29],[6206]
79,44,241,1235,0.0005970779325357593,0.0005970779325357593,1,[29],[6259]
80,44,241,1235,0.0005977779325357628,7.000000000034323e-07,1,[29],[6316]
81,44,241,1235,0.0005983879325357658,6.10000000002991e-07,1,[29],[6263]
82,44,242,1233,0.0005967628664335995,0.0005967628664335995,1,[29],[6260]
83,44,242,1233,0.0005973728664336025,6.10000000002991e-07,1,[29],[6250]
84,44,242,1233,0.0005980128664336056,6.400000000031381e-07,1,[29],[6253]
85,44,243,1232,0.0005980437414325325,0.0005980437414325325,1,[29],[6258]
86,44,243,1232,0.0005985937414325352,5.500000000026968e-07,1,[29],[6283]
87,44,243,1233,0.0005983593733826623,0.0005983593733826623,1,[29],[6258]
88,44,244,1232,0.0005982697400037812,0.0005982697400037812,1,[29],[6268]
89,44,244,1232,0.0005987597400037837,4.900000000024026e-07,1,[29],[6331]
90,44,245,1231,0.0005983883411186739,0.0005983883411186739,1,[29],[6268]
91,44,245,1231,0.0005988683411186763,4.800000000023535e-07,1,[29],[6249]
92,44,245,1231,0.0005999983411186818,1.1300000000055406e-06,1,[29],[6241]
93,44,246,1230,0.0005990141339248513,0.0005990141339248513,1,[29],[6331]
94,44,246,1230,0.000599784133924855,7.700000000037755e-07,1,[29],[6170]
95,44,246,1231,0.0005988554285691357,0.0005988554285691357,1,[29],[6336]
96,44,246,1231,0.0005997454285691401,8.900000000043639e-07,1,[29],[6172]
97,44,247,1230,0.0005991294815505525,0.0005991294815505525,1,[29],[6304]
98,44,247,1230,0.0005996194815505549,4.900000000024026e-07,1,[29],[6215]
99,44,248,1229,0.0005997918394222637,0.0005997918394222637,1,[29],[6300]
100,44,248,1229,0.0006003418394222664,5.500000000026968e-07,1,[29],[6231]
101,44,249,1228,0.0006017079502546302,0.0006017079502546302,1,[29],[6254]
102,44,249,1229,0.0006002893910837525,0.0006002893910837525,1,[29],[6282]
103,44,249,1229,0.0006008593910837553,5.700000000027948e-07,1,[29],[6247]
104,44,250,1228,0.0006009719943733478,0.0006009719943733478,3,"[29, 104, 105]","[6328, 5, 2]"
105,44,250,1228,0.0006015219943733505,5.500000000026968e-07,3,"[29, 104, 105]","[6272, 1, 2]"
106,44,250,1228,0.0006024719943733552,9.500000000046581e-07,3,"[29, 104, 105]","[6156, 6, 3]"
107,44,251,1227,0.0006031058207972503,0.0006031058207972503,1,[29],[6254]
108,44,251,1228,0.0006018655752845469,0.0006018655752845469,3,"[29, 104, 105]","[6270, 2, 2]"
109,44,251,1228,0.00060249557528455,6.30000000003089e-07,1,[29],[6261]
110,44,251,1228,0.0006032955752845539,8.000000000039226e-07,1,[29],[6260]
111,44,252,1226,0.0006057944739667073,0.0006057944739667073,1,[29],[6324]
112,44,252,1227,0.0006036974193910496,0.0006036974193910496,1,[29],[6283]
113,44,252,1227,0.0006043374193910527,6.400000000031381e-07,1,[29],[6249]
114,44,252,1227,0.0006049674193910558,6.30000000003089e-07,1,[29],[6268]
115,44,252,1227,0.0006062674193910622,1.3000000000063742e-06,2,"[29, 187]","[6131, 84]"
116,44,252,1228,0.0006078384208243239,0.0006078384208243239,2,"[29, 187]","[4550, 1711]"
117,44,253,1225,0.0006077364127976575,0.0006077364127976575,1,[29],[6284]
118,44,253,1225,0.0006085064127976613,7.700000000037755e-07,1,[29],[6240]
119,44,253,1225,0.0006097264127976672,1.220000000005982e-06,2,"[29, 189]","[6239, 1]"
120,44,253,1226,0.0006062507900249073,0.0006062507900249073,1,[29],[6281]
121,44,253,1226,0.0006069707900249108,7.200000000035303e-07,1,[29],[6247]
122,44,253,1226,0.0006078607900249152,8.900000000043639e-07,1,[29],[6234]
123,44,254,1223,0.0006129981861799293,0.0006129981861799293,3,"[29, 37, 181]","[5651, 605, 7]"
124,44,254,1224,0.0006098629147573717,0.0006098629147573717,4,"[29, 37, 181, 184]","[5386, 831, 55, 1]"
125,44,254,1224,0.0006103429147573741,4.800000000023535e-07,2,"[29, 37]","[4299, 2003]"
126,44,254,1224,0.0006107229147573759,3.800000000018632e-07,2,"[29, 37]","[3684, 2507]"
127,44,254,1224,0.0006111229147573779,4.000000000019613e-07,2,"[29, 37]","[3706, 2647]"
128,44,254,1224,0.0006117229147573808,6.000000000029419e-07,2,"[29, 37]","[4157, 2030]"
129,44,254,1225,0.0006090496817976964,0.0006090496817976964,2,"[29, 37]","[6253, 1]"
130,44,254,1225,0.0006101796817977019,1.1300000000055406e-06,2,"[29, 37]","[6120, 154]"
131,44,255,1222,0.0006139595420677169,0.0006139595420677169,1,[29],[6293]
132,44,255,1223,0.0006122897605658507,0.0006122897605658507,3,"[29, 37, 181]","[5925, 256, 141]"
133,44,255,1223,0.0006128997605658537,6.10000000002991e-07,1,[29],[6265]
134,44,255,1223,0.0006136097605658571,7.100000000034813e-07,1,[29],[6228]
135,44,255,1224,0.0006108505484585655,0.0006108505484585655,4,"[29, 37, 181, 184]","[1286, 3205, 1773, 7]"
136,44,255,1224,0.0006127605484585748,1.910000000009365e-06,2,"[29, 37]","[4458, 1774]"
137,44,256,1221,0.0006153977305898045,0.0006153977305898045,1,[29],[6319]
138,44,256,1221,0.0006163277305898091,9.3000000000456e-07,2,"[29, 198]","[6174, 30]"
139,44,256,1222,0.0006141873340402061,0.0006141873340402061,1,[29],[6304]
140,44,256,1222,0.0006148373340402093,6.500000000031871e-07,1,[29],[6249]
141,44,256,1222,0.0006159273340402146,1.0900000000053445e-06,1,[29],[6218]
142,44,257,1220,0.0006169453354593204,0.0006169453354593204,4,"[29, 33, 34, 198]","[5918, 30, 241, 84]"
143,44,257,1220,0.0006175253354593233,5.800000000028439e-07,4,"[29, 33, 34, 198]","[5230, 178, 723, 119]"
144,44,257,1220,0.0006181553354593263,6.30000000003089e-07,4,"[29, 33, 34, 198]","[4642, 519, 1011, 70]"
145,44,257,1221,0.0006161384473398689,0.0006161384473398689,3,"[29, 34, 198]","[6279, 4, 38]"
146,44,257,1221,0.000616968447339873,8.300000000040697e-07,3,"[29, 34, 198]","[5875, 13, 320]"
147,44,258,1218,0.0006208812352284073,0.0006208812352284073,3,"[29, 32, 33]","[5577, 670, 4]"
148,44,258,1219,0.000618288258007466,0.000618288258007466,4,"[29, 32, 33, 34]","[3164, 243, 2860, 45]"
149,44,258,1219,0.0006187682580074684,4.800000000023535e-07,4,"[29, 32, 33, 34]","[4124, 844, 1240, 11]"
150,44,258,1219,0.0006191682580074703,4.000000000019613e-07,4,"[29, 32, 33, 34]","[4615, 1241, 509, 1]"
151,44,258,1219,0.0006195782580074723,4.100000000020103e-07,4,"[29, 32, 33, 34]","[4723, 1378, 135, 1]"
152,44,258,1219,0.0006202582580074757,6.800000000033342e-07,3,"[29, 32, 33]","[5047, 1073, 28]"
153,44,258,1220,0.0006178543792963323,0.0006178543792963323,5,"[29, 32, 33, 34, 198]","[3832, 1, 1871, 616, 1]"
154,44,258,1220,0.0006184343792963352,5.800000000028439e-07,4,"[29, 32, 33, 34]","[3251, 14, 2584, 337]"
155,44,259,1217,0.0006215842011370277,0.0006215842011370277,1,[29],[6283]
156,44,259,1217,0.000623474201137037,1.890000000009267e-06,1,[29],[6220]
157,44,259,1218,0.0006201959394536614,0.0006201959394536614,2,"[29, 32]","[6193, 152]"
158,44,259,1218,0.0006206959394536638,5.000000000024516e-07,2,"[29, 32]","[6172, 1]"
159,44,259,1218,0.0006212159394536664,5.200000000025497e-07,2,"[29, 32]","[6311, 1]"
160,44,259,1219,0.0006201176592907389,0.0006201176592907389,3,"[29, 32, 33]","[5156, 1043, 76]"
161,44,260,1216,0.0006228076777350378,0.0006228076777350378,1,[29],[6284]
162,44,260,1216,0.0006234576777350409,6.500000000031871e-07,2,"[5, 29]","[5, 6288]"
163,44,260,1217,0.0006218659969045171,0.0006218659969045171,1,[29],[6300]
164,44,260,1217,0.00062244599690452,5.800000000028439e-07,1,[29],[6274]
165,44,260,1217,0.0006232159969045238,7.700000000037755e-07,1,[29],[6213]
166,44,261,1214,0.0006252652778525145,0.0006252652778525145,2,"[5, 29]","[6082, 176]"
167,44,261,1215,0.0006234928412261453,0.0006234928412261453,2,"[5, 29]","[5311, 1002]"
168,44,261,1215,0.0006238128412261469,3.2000000000156903e-07,2,"[5, 29]","[5147, 1100]"
169,44,261,1215,0.000624052841226148,2.4000000000117677e-07,2,"[5, 29]","[5091, 1236]"
170,44,261,1215,0.0006242728412261491,2.200000000010787e-07,2,"[5, 29]","[5053, 1371]"
171,44,261,1215,0.0006244828412261501,2.1000000000102968e-07,2,"[5, 29]","[4790, 1407]"
172,44,261,1215,0.0006246928412261512,2.1000000000102968e-07,2,"[5, 29]","[4670, 1368]"
173,44,261,1215,0.0006249428412261524,2.500000000012258e-07,2,"[5, 29]","[4912, 1380]"
174,44,261,1215,0.0006252528412261539,3.1000000000152e-07,2,"[5, 29]","[4966, 1253]"
175,44,261,1215,0.0006257628412261564,5.100000000025006e-07,2,"[5, 29]","[5421, 799]"
176,44,261,1216,0.0006237492230619048,0.0006237492230619048,2,"[5, 29]","[439, 5815]"
177,44,261,1216,0.0006251592230619117,1.4100000000069135e-06,2,"[5, 29]","[893, 5365]"
178,44,262,1213,0.0006294682702074179,0.0006294682702074179,1,[5],[6252]
179,44,262,1214,0.0006255621375843237,0.0006255621375843237,2,"[5, 29]","[6300, 23]"
180,44,262,1214,0.0006261321375843265,5.700000000027948e-07,2,"[5, 29]","[6272, 1]"
181,44,262,1214,0.0006265421375843285,4.100000000020103e-07,1,[5],[6286]
182,44,262,1214,0.0006268721375843301,3.3000000000161806e-07,1,[5],[6134]
183,44,262,1214,0.0006271821375843316,3.1000000000152e-07,1,[5],[6345]
184,44,262,1214,0.000627472137584333,2.9000000000142193e-07,1,[5],[6307]
185,44,262,1214,0.0006277721375843345,3.0000000000147097e-07,1,[5],[6235]
186,44,262,1214,0.0006281021375843361,3.3000000000161806e-07,1,[5],[6180]
187,44,262,1214,0.0006285221375843382,4.2000000000205935e-07,1,[5],[6269]
188,44,262,1214,0.0006292421375843417,7.200000000035303e-07,1,[5],[6155]
189,44,262,1215,0.0006244402057413602,0.0006244402057413602,2,"[5, 29]","[6049, 206]"
190,44,262,1215,0.000625010205741363,5.700000000027948e-07,2,"[5, 29]","[6143, 203]"
191,44,262,1215,0.0006254502057413652,4.400000000021574e-07,2,"[5, 29]","[6119, 73]"
192,44,262,1215,0.0006258702057413672,4.2000000000205935e-07,2,"[5, 29]","[6199, 39]"
193,44,262,1215,0.0006263202057413695,4.5000000000220645e-07,2,"[5, 29]","[6219, 10]"
194,44,262,1215,0.0006269402057413725,6.2000000000304e-07,1,[5],[6284]
195,44,263,1212,0.0006315920129910201,0.0006315920129910201,4,"[5, 26, 210, 211]","[5560, 655, 94, 2]"
196,44,263,1212,0.0006324720129910244,8.800000000043148e-07,2,"[5, 26]","[5727, 516]"
197,44,263,1212,0.00063361201299103,1.1400000000055897e-06,2,"[5, 26]","[6164, 58]"
198,44,263,1213,0.0006290129298399045,0.0006290129298399045,3,"[5, 210, 211]","[6119, 151, 3]"
199,44,263,1213,0.000629532929839907,5.200000000025497e-07,3,"[5, 26, 210]","[6250, 1, 21]"
200,44,263,1213,0.0006299029298399088,3.700000000018142e-07,3,"[5, 26, 210]","[6255, 8, 5]"
201,44,263,1213,0.0006302229298399104,3.2000000000156903e-07,3,"[5, 26, 210]","[6182, 22, 2]"
202,44,263,1213,0.000630542929839912,3.2000000000156903e-07,2,"[5, 26]","[6293, 76]"
203,44,263,1213,0.0006308529298399135,3.1000000000152e-07,2,"[5, 26]","[6009, 210]"
204,44,263,1213,0.0006312029298399152,3.500000000017161e-07,2,"[5, 26]","[5870, 432]"
205,44,263,1213,0.0006316029298399172,4.000000000019613e-07,2,"[5, 26]","[5446, 758]"
206,44,263,1213,0.0006321929298399201,5.900000000028929e-07,2,"[5, 26]","[5284, 887]"
207,44,263,1214,0.0006278184618162209,0.0006278184618162209,1,[5],[6270]
208,44,263,1214,0.0006284984618162243,6.800000000033342e-07,1,[5],[6256]
209,44,263,1214,0.0006291084618162273,6.10000000002991e-07,2,"[5, 210]","[6308, 1]"
210,44,263,1214,0.0006299284618162313,8.200000000040206e-07,1,[5],[6184]
211,44,264,1210,0.0006396432903316701,0.0006396432903316701,2,"[5, 25]","[5683, 573]"
212,44,264,1211,0.0006347520660992431,0.0006347520660992431,2,"[5, 25]","[6254, 4]"
213,44,264,1211,0.0006353620660992461,6.10000000002991e-07,2,"[5, 25]","[6175, 156]"
214,44,264,1211,0.0006358020660992482,4.400000000021574e-07,2,"[5, 25]","[5680, 561]"
215,44,264,1211,0.0006361920660992501,3.9000000000191225e-07,2,"[5, 25]","[5157, 1141]"
216,44,264,1211,0.0006365820660992521,3.9000000000191225e-07,2,"[5, 25]","[4737, 1474]"
217,44,264,1211,0.0006370320660992543,4.5000000000220645e-07,2,"[5, 25]","[4738, 1518]"
218,44,264,1211,0.0006378320660992582,8.000000000039226e-07,2,"[5, 25]","[5211, 951]"
219,44,264,1212,0.0006323297980980841,0.0006323297980980841,4,"[5, 26, 210, 211]","[5751, 440, 127, 3]"
220,44,264,1212,0.0006329697980980872,6.400000000031381e-07,2,"[5, 26]","[6161, 35]"
221,44,264,1212,0.0006334497980980896,4.800000000023535e-07,2,"[5, 26]","[6268, 2]"
222,44,264,1212,0.0006338797980980917,4.300000000021084e-07,1,[5],[6220]
223,44,264,1212,0.0006343197980980938,4.400000000021574e-07,1,[5],[6316]
224,44,264,1212,0.0006348097980980963,4.900000000024026e-07,2,"[5, 25]","[6194, 1]"
225,44,264,1212,0.0006355397980980998,7.300000000035793e-07,2,"[5, 25]","[6278, 11]"
226,44,264,1213,0.0006317540265530012,0.0006317540265530012,4,"[5, 26, 210, 211]","[5352, 672, 224, 3]"
227,44,264,1213,0.0006336940265530107,1.9400000000095122e-06,2,"[5, 26]","[5913, 349]"
228,44,265,1209,0.0006422277921930752,0.0006422277921930752,1,[5],[6250]
229,44,265,1209,0.000644227792193085,2.0000000000098064e-06,1,[5],[6259]
230,44,265,1210,0.0006379711359376968,0.0006379711359376968,2,"[5, 25]","[5849, 429]"
231,44,265,1210,0.0006386411359377001,6.700000000032852e-07,2,"[5, 25]","[6226, 3]"
232,44,265,1210,0.0006391511359377026,5.100000000025006e-07,1,[5],[6261]
233,44,265,1210,0.0006396111359377049,4.600000000022555e-07,1,[5],[6306]
234,44,265,1210,0.000640051135937707,4.400000000021574e-07,1,[5],[6211]
235,44,265,1210,0.0006405211359377093,4.700000000023045e-07,1,[5],[6223]
236,44,265,1210,0.0006410411359377119,5.200000000025497e-07,1,[5],[6272]
237,44,265,1210,0.0006417111359377152,6.700000000032852e-07,1,[5],[6242]
238,44,265,1210,0.0006429711359377214,1.260000000006178e-06,1,[5],[6249]
239,44,265,1211,0.000636134154614327,0.000636134154614327,2,"[5, 25]","[5213, 1109]"
240,44,265,1211,0.0006367341546143299,6.000000000029419e-07,2,"[5, 25]","[4521, 1702]"
241,44,265,1211,0.0006373041546143327,5.700000000027948e-07,2,"[5, 25]","[5204, 1099]"
242,44,265,1211,0.0006379541546143359,6.500000000031871e-07,2,"[5, 25]","[5880, 321]"
243,44,265,1211,0.0006388641546143404,9.100000000044619e-07,2,"[5, 25]","[6192, 15]"
244,44,266,1208,0.0006468452934454834,0.0006468452934454834,3,"[5, 23, 24]","[6199, 6, 92]"
245,44,266,1208,0.0006477752934454879,9.3000000000456e-07,3,"[5, 23, 24]","[4973, 225, 1008]"
246,44,266,1208,0.0006485452934454917,7.700000000037755e-07,3,"[5, 23, 24]","[4075, 1105, 1114]"
247,44,266,1208,0.0006496852934454973,1.1400000000055897e-06,3,"[5, 23, 24]","[4869, 1103, 248]"
248,44,266,1209,0.0006426179989046414,0.0006426179989046414,1,[5],[6284]
249,44,266,1209,0.0006433779989046451,7.600000000037264e-07,1,[5],[6226]
250,44,266,1209,0.000643967998904648,5.900000000028929e-07,1,[5],[6279]
251,44,266,1209,0.0006444679989046504,5.000000000024516e-07,1,[5],[6256]
252,44,266,1209,0.0006449479989046528,4.800000000023535e-07,1,[5],[6268]
253,44,266,1209,0.000645407998904655,4.600000000022555e-07,1,[5],[6281]
254,44,266,1209,0.0006458979989046574,4.900000000024026e-07,1,[5],[6237]
255,44,266,1209,0.00064642799890466,5.300000000025987e-07,2,"[5, 24]","[6288, 3]"
256,44,266,1209,0.0006470779989046632,6.500000000031871e-07,3,"[5, 23, 24]","[6102, 7, 109]"
257,44,266,1209,0.0006479379989046674,8.600000000042168e-07,3,"[5, 23, 24]","[5246, 203, 759]"
258,44,266,1210,0.0006412158130442653,0.0006412158130442653,2,"[5, 25]","[6278, 1]"
259,44,266,1210,0.0006424258130442712,1.2100000000059329e-06,1,[5],[6249]
260,44,266,1210,0.0006438758130442783,1.4500000000071097e-06,1,[5],[6245]
261,44,267,1207,0.0006524676480103065,0.0006524676480103065,3,"[5, 23, 24]","[6234, 9, 12]"
262,44,267,1207,0.0006535676480103119,1.1000000000053935e-06,1,[5],[6283]
263,44,267,1207,0.0006544876480103165,9.20000000004511e-07,1,[5],[6244]
264,44,267,1207,0.000655407648010321,9.20000000004511e-07,1,[5],[6238]
265,44,267,1207,0.0006565776480103267,1.1700000000057368e-06,1,[5],[6250]
266,44,267,1207,0.0006602176480103445,3.6400000000178477e-06,1,[5],[6232]
267,44,267,1208,0.0006479850622015153,0.0006479850622015153,3,"[5, 23, 24]","[4531, 421, 1298]"
268,44,267,1208,0.0006487950622015193,8.100000000039716e-07,3,"[5, 23, 24]","[4340, 1108, 858]"
269,44,267,1208,0.0006495250622015229,7.300000000035793e-07,3,"[5, 23, 24]","[5578, 573, 115]"
270,44,267,1208,0.0006501850622015261,6.600000000032361e-07,3,"[5, 23, 24]","[6192, 70, 4]"
271,44,267,1208,0.0006507950622015291,6.10000000002991e-07,1,[5],[6250]
272,44,267,1208,0.0006514050622015321,6.10000000002991e-07,1,[5],[6186]
273,44,267,1208,0.0006520850622015354,6.800000000033342e-07,1,[5],[6253]
274,44,267,1208,0.0006528650622015393,7.800000000038245e-07,1,[5],[6294]
275,44,267,1208,0.0006540650622015451,1.2000000000058839e-06,1,[5],[6190]
276,44,267,1209,0.0006475202449136682,0.0006475202449136682,3,"[5, 23, 24]","[5838, 46, 396]"
277,44,267,1209,0.0006494802449136778,1.9600000000096103e-06,3,"[5, 23, 24]","[4342, 846, 1040]"
278,44,268,1205,0.0006656183340292333,0.0006656183340292333,1,[5],[6255]
279,44,268,1205,0.0006681683340292458,2.550000000012503e-06,2,"[5, 22]","[6258, 5]"
280,44,268,1206,0.0006587443857490609,0.0006587443857490609,1,[5],[6284]
281,44,268,1206,0.0006598443857490663,1.1000000000053935e-06,1,[5],[6217]
282,44,268,1206,0.0006606443857490702,8.000000000039226e-07,1,[5],[6263]
283,44,268,1206,0.0006613643857490737,7.200000000035303e-07,1,[5],[6262]
284,44,268,1206,0.0006620743857490772,7.100000000034813e-07,1,[5],[6256]
285,44,268,1206,0.000662834385749081,7.600000000037264e-07,1,[5],[6296]
286,44,268,1206,0.0006637643857490855,9.3000000000456e-07,1,[5],[6197]
287,44,268,1206,0.0006652543857490928,1.4900000000073058e-06,1,[5],[6242]
288,44,268,1207,0.0006549418098426359,0.0006549418098426359,1,[5],[6262]
289,44,268,1207,0.0006560518098426413,1.1100000000054426e-06,1,[5],[6248]
290,44,268,1207,0.0006569018098426455,8.500000000041677e-07,1,[5],[6281]
291,44,268,1207,0.0006576718098426493,7.700000000037755e-07,1,[5],[6217]
292,44,268,1207,0.0006584618098426532,7.900000000038735e-07,1,[5],[6276]
293,44,268,1207,0.0006593918098426577,9.3000000000456e-07,1,[5],[6236]
294,44,268,1207,0.000660871809842665,1.4800000000072568e-06,1,[5],[6248]
295,44,269,1203,0.0006788292054706241,0.0006788292054706241,1,[5],[6260]
296,44,269,1203,0.0006809692054706346,2.140000000010493e-06,2,"[5, 21]","[5655, 620]"
297,44,269,1203,0.0006838992054706489,2.9300000000143664e-06,2,"[5, 21]","[5551, 670]"
298,44,269,1204,0.0006707072961199448,0.0006707072961199448,2,"[5, 22]","[5051, 1201]"
299,44,269,1204,0.0006720272961199513,1.3200000000064722e-06,2,"[5, 22]","[6255, 47]"
300,44,269,1204,0.0006729372961199558,9.100000000044619e-07,1,[5],[6202]
301,44,269,1204,0.0006737472961199598,8.100000000039716e-07,1,[5],[6270]
302,44,269,1204,0.0006745372961199636,7.900000000038735e-07,1,[5],[6299]
303,44,269,1204,0.0006753572961199676,8.200000000040206e-07,1,[5],[6233]
304,44,269,1204,0.0006762672961199721,9.100000000044619e-07,1,[5],[6205]
305,44,269,1204,0.0006774372961199778,1.1700000000057368e-06,1,[5],[6282]
306,44,269,1204,0.0006796872961199889,2.2500000000110322e-06,2,"[5, 21]","[6204, 7]"
307,44,269,1205,0.0006654259570750902,0.0006654259570750902,1,[5],[6278]
308,44,269,1205,0.0006665059570750955,1.0800000000052955e-06,1,[5],[6285]
309,44,269,1205,0.0006673059570750994,8.000000000039226e-07,2,"[5, 22]","[6238, 1]"
310,44,269,1205,0.0006679759570751027,6.700000000032852e-07,2,"[5, 22]","[6213, 18]"
311,44,269,1205,0.0006685759570751056,6.000000000029419e-07,2,"[5, 22]","[6035, 258]"
312,44,269,1205,0.000669065957075108,4.900000000024026e-07,2,"[5, 22]","[5078, 1097]"
313,44,269,1205,0.0006695059570751102,4.400000000021574e-07,2,"[5, 22]","[4382, 1985]"
314,44,269,1205,0.0006699159570751122,4.100000000020103e-07,2,"[5, 22]","[3920, 2278]"
315,44,269,1205,0.0006703859570751145,4.700000000023045e-07,2,"[5, 22]","[4441, 1793]"
316,44,269,1205,0.0006710359570751177,6.500000000031871e-07,2,"[5, 22]","[5486, 753]"
317,44,269,1205,0.0006718859570751218,8.500000000041677e-07,2,"[5, 22]","[6209, 65]"
318,44,269,1205,0.0006731159570751279,1.230000000006031e-06,1,[5],[6195]
319,44,269,1206,0.0006625674869355075,0.0006625674869355075,1,[5],[6281]
320,44,269,1206,0.0006639774869355144,1.4100000000069135e-06,1,[5],[6248]
321,44,269,1206,0.0006652874869355209,1.3100000000064232e-06,1,[5],[6250]
322,44,269,1206,0.0006670274869355294,1.7400000000085316e-06,1,[5],[6241]
323,44,270,1200,0.0006954651495596877,0.0006954651495596877,1,[5],[6269]
324,44,270,1200,0.0006981351495597008,2.6700000000130916e-06,1,[5],[6235]
325,44,270,1201,0.0006893978481131095,0.0006893978481131095,1,[5],[6258]
326,44,270,1201,0.0006906378481131156,1.24000000000608e-06,1,[5],[6287]
327,44,270,1201,0.0006916478481131205,1.0100000000049522e-06,1,[5],[6262]
328,44,270,1201,0.0006926778481131256,1.0300000000050503e-06,1,[5],[6215]
329,44,270,1201,0.0006939178481131316,1.24000000000608e-06,1,[5],[6235]
330,44,270,1202,0.0006837785883709704,0.0006837785883709704,2,"[5, 21]","[6112, 180]"
331,44,270,1202,0.0006849285883709761,1.1500000000056387e-06,1,[5],[6256]
332,44,270,1202,0.0006857785883709803,8.500000000041677e-07,1,[5],[6264]
333,44,270,1202,0.0006865285883709839,7.500000000036774e-07,1,[5],[6248]
334,44,270,1202,0.0006872485883709875,7.200000000035303e-07,1,[5],[6212]
335,44,270,1202,0.0006880185883709912,7.700000000037755e-07,1,[5],[6293]
336,44,270,1202,0.0006888985883709956,8.800000000043148e-07,1,[5],[6192]
337,44,270,1202,0.0006902485883710022,1.3500000000066193e-06,1,[5],[6268]
338,44,270,1203,0.0006788033758550057,0.0006788033758550057,2,"[5, 21]","[6256, 1]"
339,44,270,1203,0.0006799433758550113,1.1400000000055897e-06,2,"[5, 21]","[6077, 187]"
340,44,270,1203,0.0006806733758550149,7.300000000035793e-07,2,"[5, 21]","[5025, 1285]"
341,44,270,1203,0.0006811933758550174,5.200000000025497e-07,2,"[5, 21]","[4394, 1800]"
342,44,270,1203,0.0006817033758550199,5.100000000025006e-07,2,"[5, 21]","[4913, 1404]"
343,44,270,1203,0.0006822433758550226,5.400000000026477e-07,2,"[5, 21]","[5661, 536]"
344,44,270,1203,0.0006828333758550255,5.900000000028929e-07,2,"[5, 21]","[6207, 84]"
345,44,270,1203,0.0006834833758550287,6.500000000031871e-07,2,"[5, 21]","[6245, 1]"
346,44,270,1203,0.0006843233758550328,8.400000000041187e-07,1,[5],[6230]
347,44,270,1203,0.0006858433758550402,1.5200000000074529e-06,1,[5],[6200]
348,44,270,1204,0.0006746993980399536,0.0006746993980399536,2,"[5, 22]","[6228, 33]"
349,44,270,1204,0.0006764593980399622,1.7600000000086297e-06,1,[5],[6275]
350,44,270,1204,0.0006779393980399695,1.4800000000072568e-06,1,[5],[6221]
351,44,270,1204,0.0006797893980399786,1.850000000009071e-06,2,"[5, 21]","[6249, 16]"
352,44,271,1196,0.0007171388241413711,0.0007171388241413711,2,"[5, 17]","[4144, 2107]"
353,44,271,1197,0.0007092353584385417,0.0007092353584385417,2,"[5, 18]","[4704, 1564]"
354,44,271,1197,0.000711755358438554,2.520000000012356e-06,2,"[5, 17]","[6127, 132]"
355,44,271,1197,0.0007132153584385612,1.4600000000071587e-06,2,"[5, 17]","[2089, 4162]"
356,44,271,1198,0.0007039694269851898,0.0007039694269851898,3,"[5, 19, 20]","[5922, 294, 51]"
357,44,271,1198,0.0007051694269851956,1.2000000000058839e-06,2,"[5, 18]","[6154, 117]"
358,44,271,1198,0.0007059394269851994,7.700000000037755e-07,2,"[5, 18]","[4609, 1660]"
359,44,271,1198,0.0007064294269852018,4.900000000024026e-07,2,"[5, 18]","[2873, 3341]"
360,44,271,1198,0.000706869426985204,4.400000000021574e-07,2,"[5, 18]","[2211, 4072]"
361,44,271,1198,0.0007074294269852067,5.600000000027458e-07,2,"[5, 18]","[2557, 3648]"
362,44,271,1198,0.0007092194269852155,1.7900000000087768e-06,2,"[5, 18]","[4905, 1336]"
363,44,271,1199,0.0006991372338049519,0.0006991372338049519,3,"[5, 19, 20]","[5957, 1, 341]"
364,44,271,1199,0.0006998972338049556,7.600000000037264e-07,3,"[5, 19, 20]","[4391, 52, 1821]"
365,44,271,1199,0.0007004172338049582,5.200000000025497e-07,3,"[5, 19, 20]","[4177, 321, 1797]"
366,44,271,1199,0.0007008872338049605,4.700000000023045e-07,3,"[5, 19, 20]","[4205, 1007, 999]"
367,44,271,1199,0.0007013372338049627,4.5000000000220645e-07,3,"[5, 19, 20]","[4370, 1527, 343]"
368,44,271,1199,0.0007018172338049651,4.800000000023535e-07,3,"[5, 19, 20]","[4678, 1473, 77]"
369,44,271,1199,0.0007023972338049679,5.800000000028439e-07,3,"[5, 19, 20]","[5435, 783, 6]"
370,44,271,1199,0.0007031272338049715,7.300000000035793e-07,2,"[5, 19]","[6121, 155]"
371,44,271,1199,0.0007041172338049763,9.900000000048542e-07,2,"[5, 19]","[6248, 9]"
372,44,271,1199,0.0007068372338049897,2.7200000000133367e-06,2,"[5, 18]","[5579, 635]"
373,44,271,1200,0.0006948157213773989,0.0006948157213773989,1,[5],[6270]
374,44,271,1200,0.0006958257213774038,1.0100000000049522e-06,1,[5],[6276]
375,44,271,1200,0.0006966057213774077,7.800000000038245e-07,1,[5],[6249]
376,44,271,1200,0.0006973157213774111,7.100000000034813e-07,1,[5],[6285]
377,44,271,1200,0.0006980057213774145,6.900000000033832e-07,2,"[5, 20]","[6238, 1]"
378,44,271,1200,0.0006987557213774182,7.500000000036774e-07,2,"[5, 20]","[6153, 36]"
379,44,271,1200,0.0006996057213774224,8.500000000041677e-07,2,"[5, 20]","[5686, 588]"
380,44,271,1200,0.0007006057213774273,1.0000000000049032e-06,3,"[5, 19, 20]","[4631, 87, 1533]"
381,44,271,1201,0.0006912722289687573,0.0006912722289687573,1,[5],[6286]
382,44,271,1201,0.0006926922289687643,1.4200000000069626e-06,1,[5],[6246]
383,44,271,1201,0.00069387222896877,1.1800000000057858e-06,1,[5],[6237]
384,44,271,1201,0.0006953922289687775,1.5200000000074529e-06,1,[5],[6246]
385,44,271,1202,0.0006890108067835906,0.0006890108067835906,2,"[5, 21]","[6250, 4]"
386,44,272,1194,0.0007236527616322952,0.0007236527616322952,1,[5],[6252]
387,44,272,1195,0.0007176653145800723,0.0007176653145800723,2,"[5, 17]","[6254, 7]"
388,44,272,1195,0.0007188753145800782,1.2100000000059329e-06,1,[5],[6295]
389,44,272,1195,0.0007199453145800835,1.0700000000052464e-06,1,[5],[6195]
390,44,272,1195,0.0007211953145800896,1.250000000006129e-06,1,[5],[6256]
391,44,272,1196,0.0007128496407066572,0.0007128496407066572,2,"[5, 17]","[4802, 1506]"
392,44,272,1196,0.0007136496407066611,8.000000000039226e-07,2,"[5, 17]","[4282, 1931]"
393,44,272,1196,0.0007144196407066649,7.700000000037755e-07,2,"[5, 17]","[5745, 579]"
394,44,272,1196,0.0007151096407066683,6.900000000033832e-07,2,"[5, 17]","[6173, 61]"
395,44,272,1196,0.0007157596407066715,6.500000000031871e-07,2,"[5, 17]","[6171, 1]"
396,44,272,1196,0.000716479640706675,7.200000000035303e-07,1,[5],[6327]
397,44,272,1196,0.0007174196407066796,9.40000000004609e-07,1,[5],[6196]
398,44,272,1196,0.0007197196407066909,2.3000000000112774e-06,1,[5],[6233]
399,44,272,1197,0.0007086640049465471,0.0007086640049465471,2,"[5, 18]","[4669, 1601]"
400,44,272,1197,0.000709874004946553,1.2100000000059329e-06,2,"[5, 18]","[6232, 1]"
401,44,272,1197,0.0007107840049465575,9.100000000044619e-07,1,[5],[6304]
402,44,272,1197,0.0007115940049465615,8.100000000039716e-07,2,"[5, 17]","[6142, 91]"
403,44,272,1197,0.000712324004946565,7.300000000035793e-07,2,"[5, 17]","[5199, 1059]"
404,44,272,1197,0.0007128940049465678,5.700000000027948e-07,2,"[5, 17]","[3615, 2616]"
405,44,272,1197,0.0007134640049465706,5.700000000027948e-07,2,"[5, 17]","[2929, 3314]"
406,44,272,1197,0.0007147140049465768,1.250000000006129e-06,2,"[5, 17]","[4170, 2074]"
407,44,272,1198,0.0007053815726016399,0.0007053815726016399,4,"[5, 18, 19, 20]","[6069, 185, 35, 4]"
408,44,272,1198,0.0007061915726016438,8.100000000039716e-07,2,"[5, 18]","[3885, 2408]"
409,44,272,1198,0.0007066815726016462,4.900000000024026e-07,2,"[5, 18]","[2522, 3695]"
410,44,272,1198,0.0007071615726016486,4.800000000023535e-07,2,"[5, 18]","[2518, 3738]"
411,44,272,1198,0.0007078815726016521,7.200000000035303e-07,2,"[5, 18]","[3604, 2603]"
412,44,272,1198,0.0007094515726016598,1.570000000007698e-06,2,"[5, 18]","[5919, 332]"
413,44,272,1199,0.0007030620832234813,0.0007030620832234813,3,"[5, 19, 20]","[5182, 554, 519]"
414,44,272,1199,0.0007083720832235074,5.310000000026036e-06,3,"[5, 18, 19]","[5449, 795, 1]"
415,44,273,1192,0.0007323106511348809,0.0007323106511348809,1,[5],[6253]
416,44,273,1192,0.0007342006511348902,1.890000000009267e-06,1,[5],[6254]
417,44,273,1192,0.0007373906511349059,3.1900000000156413e-06,1,[5],[6249]
418,44,273,1193,0.0007268661041655994,0.0007268661041655994,1,[5],[6270]
419,44,273,1193,0.0007279861041656049,1.1200000000054916e-06,1,[5],[6290]
420,44,273,1193,0.0007289061041656094,9.20000000004511e-07,1,[5],[6206]
421,44,273,1193,0.0007298061041656138,9.000000000044129e-07,1,[5],[6310]
422,44,273,1193,0.0007308061041656187,1.0000000000049032e-06,1,[5],[6181]
423,44,273,1193,0.0007323361041656262,1.530000000007502e-06,1,[5],[6262]
424,44,273,1194,0.0007228006457795994,0.0007228006457795994,1,[5],[6290]
425,44,273,1194,0.0007238406457796045,1.0400000000050993e-06,1,[5],[6256]
426,44,273,1194,0.0007246906457796087,8.500000000041677e-07,1,[5],[6249]
427,44,273,1194,0.0007255106457796127,8.200000000040206e-07,1,[5],[6225]
428,44,273,1194,0.0007264406457796172,9.3000000000456e-07,1,[5],[6232]
429,44,273,1194,0.0007278806457796243,1.4400000000070606e-06,1,[5],[6276]
430,44,273,1195,0.0007198043609042659,0.0007198043609042659,1,[5],[6272]
431,44,273,1195,0.0007212943609042732,1.4900000000073058e-06,1,[5],[6257]
432,44,273,1195,0.0007230143609042816,1.7200000000084335e-06,1,[5],[6221]
433,44,274,1190,0.0007430906335188338,0.0007430906335188338,1,[5],[6263]
434,44,274,1190,0.000744760633518842,1.6700000000081884e-06,1,[5],[6261]
435,44,274,1190,0.0007464206335188501,1.6600000000081393e-06,1,[5],[6230]
436,44,274,1190,0.0007501306335188683,3.710000000018191e-06,1,[5],[6247]
437,44,274,1191,0.0007373114194368413,0.0007373114194368413,1,[5],[6250]
438,44,274,1191,0.0007384414194368469,1.1300000000055406e-06,1,[5],[6315]
439,44,274,1191,0.0007393114194368511,8.700000000042658e-07,1,[5],[6239]
440,44,274,1191,0.000740101419436855,7.900000000038735e-07,1,[5],[6282]
441,44,274,1191,0.0007409014194368589,8.000000000039226e-07,1,[5],[6240]
442,44,274,1191,0.0007418414194368635,9.40000000004609e-07,1,[5],[6233]
443,44,274,1191,0.0007432614194368705,1.4200000000069626e-06,1,[5],[6206]
444,44,274,1192,0.0007328320734554756,0.0007328320734554756,1,[5],[6284]
445,44,274,1192,0.0007340220734554815,1.1900000000058348e-06,1,[5],[6272]
446,44,274,1192,0.000734942073455486,9.20000000004511e-07,1,[5],[6244]
447,44,274,1192,0.0007358020734554902,8.600000000042168e-07,1,[5],[6262]
448,44,274,1192,0.0007367220734554947,9.20000000004511e-07,1,[5],[6244]
449,44,274,1192,0.0007378720734555003,1.1500000000056387e-06,1,[5],[6215]
450,44,274,1192,0.0007411820734555166,3.3100000000162296e-06,1,[5],[6229]
451,44,274,1193,0.0007301466860535154,0.0007301466860535154,1,[5],[6265]
452,44,274,1193,0.0007322066860535255,2.0600000000101006e-06,1,[5],[6241]
453,44,275,1187,0.000762684827338415,0.000762684827338415,1,[5],[6251]
454,44,275,1188,0.0007548732212284409,0.0007548732212284409,1,[5],[6263]
455,44,275,1188,0.0007564232212284485,1.5500000000076e-06,1,[5],[6250]
456,44,275,1188,0.0007579132212284558,1.4900000000073058e-06,1,[5],[6244]
457,44,275,1188,0.0007596732212284645,1.7600000000086297e-06,1,[5],[6244]
458,44,275,1189,0.0007489588826744439,0.0007489588826744439,1,[5],[6279]
459,44,275,1189,0.00075018888267445,1.230000000006031e-06,1,[5],[6239]
460,44,275,1189,0.0007511188826744545,9.3000000000456e-07,1,[5],[6290]
461,44,275,1189,0.0007519788826744587,8.600000000042168e-07,1,[5],[6247]
462,44,275,1189,0.0007528088826744628,8.300000000040697e-07,1,[5],[6199]
463,44,275,1189,0.0007537588826744675,9.500000000046581e-07,1,[5],[6282]
464,44,275,1189,0.0007549288826744732,1.1700000000057368e-06,1,[5],[6214]
465,44,275,1189,0.0007585288826744909,3.6000000000176516e-06,1,[5],[6250]
466,44,275,1190,0.0007444170494918551,0.0007444170494918551,1,[5],[6253]
467,44,275,1190,0.0007457970494918619,1.3800000000067664e-06,1,[5],[6280]
468,44,275,1190,0.0007468970494918673,1.1000000000053935e-06,1,[5],[6232]
469,44,275,1190,0.0007479770494918726,1.0800000000052955e-06,1,[5],[6286]
470,44,275,1190,0.0007492270494918787,1.250000000006129e-06,1,[5],[6241]
471,44,275,1190,0.0007515070494918899,2.2800000000111793e-06,1,[5],[6219]
472,44,275,1191,0.0007422083181748742,0.0007422083181748742,1,[5],[6265]
473,44,276,1184,0.0007784632643734656,0.0007784632643734656,3,"[5, 15, 16]","[6095, 26, 139]"
474,44,276,1185,0.0007712853483194294,0.0007712853483194294,2,"[5, 16]","[6248, 18]"
475,44,276,1185,0.0007726153483194359,1.3300000000065213e-06,2,"[5, 16]","[4943, 1329]"
476,44,276,1185,0.0007734953483194403,8.800000000043148e-07,2,"[5, 16]","[3417, 2857]"
477,44,276,1185,0.0007749653483194475,1.4700000000072077e-06,2,"[5, 16]","[4599, 1611]"
478,44,276,1186,0.0007656911065990413,0.0007656911065990413,1,[5],[6274]
479,44,276,1186,0.0007669211065990473,1.230000000006031e-06,1,[5],[6269]
480,44,276,1186,0.0007678811065990521,9.60000000004707e-07,1,[5],[6209]
481,44,276,1186,0.0007688311065990567,9.500000000046581e-07,1,[5],[6300]
482,44,276,1186,0.0007698811065990619,1.0500000000051484e-06,1,[5],[6238]
483,44,276,1186,0.0007714211065990694,1.540000000007551e-06,2,"[5, 16]","[6218, 11]"
484,44,276,1187,0.0007608761566748885,0.0007608761566748885,1,[5],[6274]
485,44,276,1187,0.0007620861566748944,1.2100000000059329e-06,1,[5],[6269]
486,44,276,1187,0.000763016156674899,9.3000000000456e-07,1,[5],[6239]
487,44,276,1187,0.0007638861566749033,8.700000000042658e-07,1,[5],[6279]
488,44,276,1187,0.0007648161566749078,9.3000000000456e-07,1,[5],[6201]
489,44,276,1187,0.0007660061566749137,1.1900000000058348e-06,1,[5],[6242]
490,44,276,1188,0.0007568474032689562,0.0007568474032689562,1,[5],[6272]
491,44,276,1188,0.0007584074032689638,1.560000000007649e-06,1,[5],[6249]
492,44,276,1188,0.0007597474032689704,1.3400000000065703e-06,1,[5],[6241]
493,44,276,1188,0.0007614574032689788,1.7100000000083845e-06,1,[5],[6243]
494,44,276,1189,0.0007552166109161992,0.0007552166109161992,1,[5],[6257]
495,44,277,1181,0.0007901423879309312,0.0007901423879309312,2,"[5, 14]","[6196, 57]"
496,44,277,1182,0.0007846517363587188,0.0007846517363587188,2,"[5, 15]","[6281, 3]"
497,44,277,1182,0.0007860117363587255,1.3600000000066684e-06,1,[5],[6216]
498,44,277,1182,0.0007874317363587325,1.4200000000069626e-06,1,[5],[6250]
499,44,277,1183,0.0007799047720162834,0.0007799047720162834,2,"[5, 15]","[5019, 1252]"
500,44,277,1183,0.0007810247720162889,1.1200000000054916e-06,2,"[5, 15]","[5825, 426]"
501,44,277,1183,0.0007819047720162932,8.800000000043148e-07,2,"[5, 15]","[6229, 11]"
502,44,277,1183,0.0007827847720162975,8.800000000043148e-07,1,[5],[6276]
503,44,277,1183,0.0007838447720163027,1.0600000000051974e-06,1,[5],[6246]
504,44,277,1183,0.000786144772016314,2.3000000000112774e-06,1,[5],[6224]
505,44,277,1184,0.0007760061338548709,0.0007760061338548709,2,"[5, 16]","[6106, 169]"
506,44,277,1184,0.0007771061338548762,1.1000000000053935e-06,1,[5],[6294]
507,44,277,1184,0.0007779561338548804,8.500000000041677e-07,2,"[5, 15]","[6188, 29]"
508,44,277,1184,0.0007787261338548842,7.700000000037755e-07,2,"[5, 15]","[5825, 409]"
509,44,277,1184,0.0007794761338548879,7.500000000036774e-07,2,"[5, 15]","[4850, 1443]"
510,44,277,1184,0.0007803761338548923,9.000000000044129e-07,2,"[5, 15]","[4540, 1653]"
511,44,277,1185,0.0007721213078058886,0.0007721213078058886,2,"[5, 16]","[5571, 685]"
512,44,277,1185,0.0007729313078058926,8.100000000039716e-07,2,"[5, 16]","[3141, 3184]"
513,44,277,1185,0.0007735513078058956,6.2000000000304e-07,2,"[5, 16]","[2936, 3259]"
514,44,277,1185,0.0007743813078058997,8.300000000040697e-07,2,"[5, 16]","[4411, 1849]"
515,44,277,1185,0.0007755613078059055,1.1800000000057858e-06,2,"[5, 16]","[6039, 189]"
516,44,277,1185,0.000778121307805918,2.5600000000125522e-06,2,"[5, 15]","[6235, 2]"
517,44,277,1186,0.0007695692674132166,0.0007695692674132166,1,[5],[6267]
518,44,277,1186,0.0007724792674132308,2.9100000000142684e-06,2,"[5, 16]","[5541, 708]"
519,44,278,1177,0.0008105401761273151,0.0008105401761273151,3,"[5, 11, 12]","[6130, 2, 120]"
520,44,278,1178,0.0008028865670181504,0.0008028865670181504,3,"[5, 12, 13]","[5505, 4, 755]"
521,44,278,1178,0.0008045365670181585,1.6500000000080903e-06,2,"[5, 12]","[5042, 1205]"
522,44,278,1178,0.0008061865670181665,1.6500000000080903e-06,2,"[5, 12]","[4472, 1776]"
523,44,278,1179,0.0007976668085245306,0.0007976668085245306,2,"[5, 14]","[6252, 4]"
524,44,278,1179,0.000798966808524537,1.3000000000063742e-06,2,"[5, 13]","[6223, 21]"
525,44,278,1179,0.000799996808524542,1.0300000000050503e-06,2,"[5, 13]","[5708, 598]"
526,44,278,1179,0.0008008468085245462,8.500000000041677e-07,2,"[5, 13]","[4483, 1720]"
527,44,278,1179,0.0008020568085245521,1.2100000000059329e-06,2,"[5, 13]","[5047, 1215]"
528,44,278,1180,0.0007919549251612849,0.0007919549251612849,2,"[5, 14]","[2725, 3536]"
529,44,278,1180,0.0007933449251612917,1.3900000000068155e-06,2,"[5, 14]","[5604, 652]"
530,44,278,1180,0.0007943649251612967,1.0200000000050013e-06,2,"[5, 14]","[6250, 4]"
531,44,278,1180,0.000795244925161301,8.800000000043148e-07,1,[5],[6246]
532,44,278,1180,0.0007961049251613053,8.600000000042168e-07,1,[5],[6233]
533,44,278,1180,0.0007971449251613104,1.0400000000050993e-06,1,[5],[6258]
534,44,278,1180,0.000798914925161319,1.7700000000086787e-06,2,"[5, 13]","[6254, 1]"
535,44,278,1181,0.0007890021554146302,0.0007890021554146302,2,"[5, 14]","[6250, 4]"
536,44,278,1181,0.0007900421554146353,1.0400000000050993e-06,2,"[5, 14]","[5949, 308]"
537,44,278,1181,0.0007907021554146385,6.600000000032361e-07,2,"[5, 14]","[4489, 1800]"
538,44,278,1181,0.0007911721554146408,4.700000000023045e-07,2,"[5, 14]","[3311, 2936]"
539,44,278,1181,0.000791622155414643,4.5000000000220645e-07,2,"[5, 14]","[2988, 3329]"
540,44,278,1181,0.0007921721554146457,5.500000000026968e-07,2,"[5, 14]","[3370, 2818]"
541,44,278,1181,0.0007932021554146508,1.0300000000050503e-06,2,"[5, 14]","[5214, 1021]"
542,44,278,1182,0.000785711573766823,0.000785711573766823,1,[5],[6264]
543,44,278,1182,0.0007870815737668298,1.3700000000067174e-06,1,[5],[6247]
544,44,278,1182,0.0007884415737668364,1.3600000000066684e-06,1,[5],[6249]
545,44,278,1182,0.0007931615737668596,4.720000000023143e-06,2,"[5, 14]","[5945, 296]"
546,44,278,1183,0.0007835860686792893,0.0007835860686792893,2,"[5, 15]","[6116, 151]"
547,44,279,1173,0.0008290297316966679,0.0008290297316966679,1,[5],[6252]
548,44,279,1174,0.0008225104433966006,0.0008225104433966006,2,"[5, 10]","[5758, 503]"
549,44,279,1174,0.000824220443396609,1.7100000000083845e-06,1,[5],[6246]
550,44,279,1174,0.0008260004433966177,1.7800000000087277e-06,1,[5],[6258]
551,44,279,1175,0.0008173575882095606,0.0008173575882095606,2,"[5, 11]","[6230, 21]"
552,44,279,1175,0.0008186175882095668,1.260000000006178e-06,2,"[5, 10]","[6281, 27]"
553,44,279,1175,0.0008195875882095715,9.700000000047561e-07,2,"[5, 10]","[5536, 713]"
554,44,279,1175,0.0008204275882095756,8.400000000041187e-07,2,"[5, 10]","[4416, 1829]"
555,44,279,1175,0.0008214975882095809,1.0700000000052464e-06,2,"[5, 10]","[5082, 1161]"
556,44,279,1175,0.0008240275882095933,2.530000000012405e-06,2,"[5, 10]","[6144, 64]"
557,44,279,1176,0.0008120368727518876,0.0008120368727518876,2,"[5, 11]","[5006, 1279]"
558,44,279,1176,0.0008130568727518926,1.0200000000050013e-06,2,"[5, 11]","[4525, 1712]"
559,44,279,1176,0.0008140368727518974,9.800000000048052e-07,2,"[5, 11]","[5992, 271]"
560,44,279,1176,0.0008149368727519018,9.000000000044129e-07,2,"[5, 11]","[6274, 7]"
561,44,279,1176,0.0008158268727519062,8.900000000043639e-07,1,[5],[6210]
562,44,279,1176,0.0008169068727519115,1.0800000000052955e-06,1,[5],[6224]
563,44,279,1176,0.0008187668727519206,1.86000000000912e-06,2,"[5, 10]","[6253, 4]"
564,44,279,1177,0.0008074342119510174,0.0008074342119510174,3,"[5, 12, 13]","[6025, 230, 1]"
565,44,279,1177,0.0008086142119510232,1.1800000000057858e-06,1,[5],[6275]
566,44,279,1177,0.0008094942119510275,8.800000000043148e-07,1,[5],[6224]
567,44,279,1177,0.0008103342119510316,8.400000000041187e-07,2,"[5, 11]","[6280, 5]"
568,44,279,1177,0.0008111542119510356,8.200000000040206e-07,2,"[5, 11]","[6064, 168]"
569,44,279,1177,0.0008119642119510396,8.100000000039716e-07,2,"[5, 11]","[5131, 1145]"
570,44,279,1177,0.0008129142119510443,9.500000000046581e-07,2,"[5, 11]","[4450, 1794]"
571,44,279,1178,0.00080282833887794,0.00080282833887794,3,"[5, 12, 13]","[5336, 10, 921]"
572,44,279,1178,0.0008039983388779458,1.1700000000057368e-06,2,"[5, 12]","[5364, 885]"
573,44,279,1178,0.0008046983388779492,7.000000000034323e-07,2,"[5, 12]","[3950, 2338]"
574,44,279,1178,0.0008053683388779525,6.700000000032852e-07,2,"[5, 12]","[4008, 2190]"
575,44,279,1178,0.0008062483388779568,8.800000000043148e-07,2,"[5, 12]","[5418, 864]"
576,44,279,1178,0.0008073683388779623,1.1200000000054916e-06,2,"[5, 12]","[6205, 43]"
577,44,279,1178,0.0008094283388779724,2.0600000000101006e-06,1,[5],[6226]
578,44,279,1179,0.0007995880270600112,0.0007995880270600112,3,"[5, 13, 14]","[6013, 242, 1]"
579,44,279,1179,0.0008007380270600168,1.1500000000056387e-06,2,"[5, 13]","[4029, 2277]"
580,44,279,1179,0.000801988027060023,1.250000000006129e-06,2,"[5, 13]","[4570, 1629]"
581,44,279,1179,0.0008043680270600346,2.3800000000116697e-06,3,"[5, 12, 13]","[5647, 545, 53]"
582,44,279,1180,0.000797765301285349,0.000797765301285349,2,"[5, 14]","[5840, 412]"
583,44,280,1170,0.0008430040067824234,0.0008430040067824234,2,"[5, 9]","[6258, 15]"
584,44,280,1170,0.0008454240067824353,2.4200000000118658e-06,1,[5],[6234]
585,44,280,1171,0.0008367317527173897,0.0008367317527173897,2,"[5, 9]","[4867, 1437]"
586,44,280,1171,0.0008378917527173954,1.1600000000056877e-06,2,"[5, 9]","[4271, 1927]"
587,44,280,1171,0.0008391017527174013,1.2100000000059329e-06,2,"[5, 9]","[6069, 228]"
588,44,280,1171,0.0008403417527174074,1.24000000000608e-06,1,[5],[6206]
589,44,280,1171,0.0008420517527174158,1.7100000000083845e-06,1,[5],[6248]
590,44,280,1172,0.000832099031598531,0.000832099031598531,1,[5],[6291]
591,44,280,1172,0.0008332590315985367,1.1600000000056877e-06,1,[5],[6256]
592,44,280,1172,0.0008341990315985413,9.40000000004609e-07,1,[5],[6238]
593,44,280,1172,0.0008350490315985454,8.500000000041677e-07,2,"[5, 9]","[6257, 11]"
594,44,280,1172,0.0008358990315985496,8.500000000041677e-07,2,"[5, 9]","[5913, 330]"
595,44,280,1172,0.0008366890315985535,7.900000000038735e-07,2,"[5, 9]","[4443, 1809]"
596,44,280,1172,0.0008375990315985579,9.100000000044619e-07,2,"[5, 9]","[3497, 2747]"
597,44,280,1173,0.0008274242744562396,0.0008274242744562396,1,[5],[6257]
598,44,280,1173,0.0008286342744562456,1.2100000000059329e-06,1,[5],[6246]
599,44,280,1173,0.0008295842744562502,9.500000000046581e-07,1,[5],[6301]
600,44,280,1173,0.0008304842744562546,9.000000000044129e-07,1,[5],[6236]
601,44,280,1173,0.0008314842744562595,1.0000000000049032e-06,1,[5],[6217]
602,44,280,1173,0.0008328342744562662,1.3500000000066193e-06,1,[5],[6264]
603,44,280,1174,0.0008231337520472279,0.0008231337520472279,2,"[5, 10]","[5993, 280]"
604,44,280,1174,0.0008245637520472349,1.4300000000070116e-06,1,[5],[6263]
605,44,280,1174,0.0008257637520472408,1.2000000000058839e-06,1,[5],[6248]
606,44,280,1174,0.0008270837520472472,1.3200000000064722e-06,1,[5],[6217]
607,44,280,1174,0.000830093752047262,3.0100000000147587e-06,1,[5],[6249]
608,44,280,1175,0.0008194080531639408,0.0008194080531639408,3,"[5, 10, 11]","[5992, 272, 2]"
609,44,280,1175,0.0008210680531639489,1.6600000000081393e-06,2,"[5, 10]","[4515, 1743]"
610,44,280,1175,0.0008238080531639624,2.740000000013435e-06,2,"[5, 10]","[6086, 144]"
611,44,280,1176,0.0008168271373702913,0.0008168271373702913,2,"[5, 11]","[5828, 429]"
612,44,281,1166,0.0008631779864476891,0.0008631779864476891,1,[5],[6253]
613,44,281,1167,0.0008568018514865049,0.0008568018514865049,1,[5],[6251]
614,44,281,1167,0.000858441851486513,1.6400000000080413e-06,1,[5],[6253]
615,44,281,1167,0.0008606718514865239,2.230000000010934e-06,1,[5],[6251]
616,44,281,1168,0.0008520263503635663,0.0008520263503635663,1,[5],[6260]
617,44,281,1168,0.000853196350363572,1.1700000000057368e-06,1,[5],[6262]
618,44,281,1168,0.0008541863503635769,9.900000000048542e-07,1,[5],[6230]
619,44,281,1168,0.0008552763503635822,1.0900000000053445e-06,1,[5],[6272]
620,44,281,1168,0.0008569663503635905,1.6900000000082864e-06,1,[5],[6226]
621,44,281,1169,0.0008473269785769793,0.0008473269785769793,1,[5],[6287]
622,44,281,1169,0.0008485669785769854,1.24000000000608e-06,1,[5],[6222]
623,44,281,1169,0.0008495969785769905,1.0300000000050503e-06,1,[5],[6253]
624,44,281,1169,0.0008506969785769959,1.1000000000053935e-06,1,[5],[6279]
625,44,281,1169,0.0008518969785770018,1.2000000000058839e-06,1,[5],[6231]
626,44,281,1169,0.0008552669785770183,3.370000000016524e-06,1,[5],[6228]
627,44,281,1170,0.0008430883970634527,0.0008430883970634527,2,"[5, 9]","[6268, 2]"
628,44,281,1170,0.0008444583970634594,1.3700000000067174e-06,1,[5],[6266]
629,44,281,1170,0.0008456283970634652,1.1700000000057368e-06,1,[5],[6254]
630,44,281,1170,0.0008469283970634716,1.3000000000063742e-06,1,[5],[6248]
631,44,281,1170,0.0008492283970634828,2.3000000000112774e-06,1,[5],[6213]
632,44,281,1171,0.0008395358550001792,0.0008395358550001792,2,"[5, 9]","[5704, 568]"
633,44,281,1171,0.0008416458550001896,2.1100000000103458e-06,1,[5],[6241]
634,44,281,1172,0.0008376362343942319,0.0008376362343942319,2,"[5, 9]","[5512, 742]"
635,44,282,1163,0.0008751537511998293,0.0008751537511998293,1,[5],[6265]
636,44,282,1163,0.0008779337511998429,2.780000000013631e-06,2,"[5, 8]","[5537, 699]"
637,44,282,1164,0.0008697719594947834,0.0008697719594947834,1,[5],[6258]
638,44,282,1164,0.0008711519594947902,1.3800000000067664e-06,1,[5],[6270]
639,44,282,1164,0.0008724619594947966,1.3100000000064232e-06,1,[5],[6243]
640,44,282,1164,0.0008745619594948069,2.1000000000102968e-06,1,[5],[6247]
641,44,282,1165,0.0008651626596986086,0.0008651626596986086,1,[5],[6252]
642,44,282,1165,0.0008663026596986142,1.1400000000055897e-06,1,[5],[6301]
643,44,282,1165,0.0008672226596986187,9.20000000004511e-07,1,[5],[6226]
644,44,282,1165,0.0008681426596986232,9.20000000004511e-07,1,[5],[6259]
645,44,282,1165,0.0008692426596986286,1.1000000000053935e-06,1,[5],[6223]
646,44,282,1165,0.0008718926596986416,2.6500000000129935e-06,1,[5],[6246]
647,44,282,1166,0.0008609994434656792,0.0008609994434656792,1,[5],[6276]
648,44,282,1166,0.0008621494434656848,1.1500000000056387e-06,1,[5],[6283]
649,44,282,1166,0.0008630594434656893,9.100000000044619e-07,1,[5],[6219]
650,44,282,1166,0.0008639194434656935,8.600000000042168e-07,1,[5],[6230]
651,44,282,1166,0.0008649494434656986,1.0300000000050503e-06,1,[5],[6268]
652,44,282,1166,0.000866869443465708,1.920000000009414e-06,1,[5],[6233]
653,44,282,1167,0.000857392826251817,0.000857392826251817,1,[5],[6262]
654,44,282,1167,0.0008587028262518234,1.3100000000064232e-06,1,[5],[6243]
655,44,282,1167,0.000859842826251829,1.1400000000055897e-06,1,[5],[6275]
656,44,282,1167,0.000861282826251836,1.4400000000070606e-06,1,[5],[6225]
657,44,282,1168,0.0008545285122152518,0.0008545285122152518,1,[5],[6282]
658,44,282,1168,0.000856808512215263,2.2800000000111793e-06,1,[5],[6219]
659,44,283,1160,0.0008873322122182409,0.0008873322122182409,2,"[5, 7]","[5765, 523]"
660,44,283,1160,0.0008904222122182561,3.090000000015151e-06,2,"[5, 7]","[3867, 2346]"
661,44,283,1161,0.0008825115040165363,0.0008825115040165363,2,"[5, 8]","[6270, 12]"
662,44,283,1161,0.0008838915040165431,1.3800000000067664e-06,1,[5],[6256]
663,44,283,1161,0.0008854215040165506,1.530000000007502e-06,1,[5],[6233]
664,44,283,1162,0.000878117993103645,0.000878117993103645,2,"[5, 8]","[4630, 1641]"
665,44,283,1162,0.0008792679931036506,1.1500000000056387e-06,2,"[5, 8]","[5520, 732]"
666,44,283,1162,0.0008802179931036553,9.500000000046581e-07,2,"[5, 8]","[6215, 37]"
667,44,283,1162,0.0008812079931036601,9.900000000048542e-07,2,"[5, 8]","[6234, 2]"
668,44,283,1162,0.0008825679931036668,1.3600000000066684e-06,1,[5],[6274]
669,44,283,1163,0.0008745120361625926,0.0008745120361625926,1,[5],[6279]
670,44,283,1163,0.0008756720361625983,1.1600000000056877e-06,2,"[5, 8]","[6247, 7]"
671,44,283,1163,0.0008766220361626029,9.500000000046581e-07,2,"[5, 8]","[5989, 238]"
672,44,283,1163,0.0008773820361626067,7.600000000037264e-07,2,"[5, 8]","[4797, 1495]"
673,44,283,1163,0.00087805203616261,6.700000000032852e-07,2,"[5, 8]","[3549, 2699]"
674,44,283,1163,0.000879082036162615,1.0300000000050503e-06,2,"[5, 8]","[3830, 2373]"
675,44,283,1164,0.0008711313164623968,0.0008711313164623968,1,[5],[6263]
676,44,283,1164,0.0008726513164624042,1.5200000000074529e-06,1,[5],[6270]
677,44,283,1164,0.0008743013164624123,1.6500000000080903e-06,1,[5],[6243]
678,44,283,1165,0.0008689738084423712,0.0008689738084423712,1,[5],[6264]
679,44,284,1158,0.0008940805957442944,0.0008940805957442944,2,"[5, 6]","[6060, 214]"
680,44,284,1158,0.0008954105957443009,1.3300000000065213e-06,2,"[5, 6]","[4544, 1694]"
681,44,284,1159,0.0008898515160181895,0.0008898515160181895,2,"[5, 7]","[5594, 660]"
682,44,284,1159,0.000890961516018195,1.1100000000054426e-06,2,"[5, 7]","[6275, 1]"
683,44,284,1159,0.0008919015160181996,9.40000000004609e-07,1,[5],[6237]
684,44,284,1159,0.0008929415160182047,1.0400000000050993e-06,1,[5],[6243]
685,44,284,1159,0.0008947615160182136,1.8200000000089239e-06,2,"[5, 6]","[6006, 251]"
686,44,284,1160,0.0008866600208433153,0.0008866600208433153,2,"[5, 7]","[6061, 237]"
687,44,284,1160,0.0008875000208433194,8.400000000041187e-07,2,"[5, 7]","[4373, 1889]"
688,44,284,1160,0.0008880900208433223,5.900000000028929e-07,2,"[5, 7]","[3593, 2680]"
689,44,284,1160,0.0008887100208433254,6.2000000000304e-07,2,"[5, 7]","[3952, 2253]"
690,44,284,1160,0.0008896000208433297,8.900000000043639e-07,2,"[5, 7]","[5288, 925]"
691,44,284,1160,0.000891500020843339,1.9000000000093161e-06,2,"[5, 7]","[6191, 66]"
692,44,284,1161,0.0008840536931963205,0.0008840536931963205,1,[5],[6255]
693,44,284,1161,0.0008857136931963287,1.6600000000081393e-06,1,[5],[6250]
694,44,284,1161,0.0008882536931963411,2.540000000012454e-06,2,"[5, 7]","[5256, 996]"
695,44,284,1162,0.0008838425770688422,0.0008838425770688422,2,"[5, 8]","[6036, 219]"
696,44,285,1156,0.0009021311317902584,0.0009021311317902584,1,[5],[6290]
697,44,285,1156,0.0009042611317902689,2.130000000010444e-06,1,[5],[6213]
698,44,285,1157,0.00089792654108748,0.00089792654108748,2,"[5, 6]","[6180, 118]"
699,44,285,1157,0.0008990765410874856,1.1500000000056387e-06,1,[5],[6229]
700,44,285,1157,0.0009001465410874909,1.0700000000052464e-06,1,[5],[6250]
701,44,285,1157,0.0009015565410874978,1.4100000000069135e-06,1,[5],[6241]
702,44,285,1158,0.0008946688149987739,0.0008946688149987739,2,"[5, 6]","[5482, 783]"
703,44,285,1158,0.0008957988149987795,1.1300000000055406e-06,2,"[5, 6]","[4807, 1438]"
704,44,285,1158,0.0008969988149987853,1.2000000000058839e-06,2,"[5, 6]","[5999, 279]"
705,44,285,1158,0.0008988788149987946,1.880000000009218e-06,2,"[5, 6]","[6214, 4]"
706,44,285,1159,0.0008930889228879503,0.0008930889228879503,3,"[5, 6, 7]","[6252, 1, 15]"
707,44,285,1159,0.0009081889228880243,1.5100000000074039e-05,3,"[1, 5, 6]","[699, 4905, 631]"
708,44,286,1154,0.0009088445453648557,0.0009088445453648557,2,"[1, 5]","[4153, 2106]"
709,44,286,1155,0.000905763247344663,0.000905763247344663,2,"[1, 5]","[1, 6262]"
710,44,286,1155,0.0009068832473446684,1.1200000000054916e-06,2,"[1, 5]","[282, 6004]"
711,44,286,1155,0.0009075332473446716,6.500000000031871e-07,2,"[1, 5]","[2418, 3885]"
712,44,286,1155,0.0009078932473446734,3.6000000000176516e-07,2,"[1, 5]","[4323, 2011]"
713,44,286,1155,0.0009081432473446746,2.500000000012258e-07,2,"[1, 5]","[4981, 1242]"
714,44,286,1155,0.0009083632473446757,2.200000000010787e-07,2,"[1, 5]","[5382, 956]"
715,44,286,1155,0.0009085632473446767,2.0000000000098064e-07,2,"[1, 5]","[5521, 723]"
716,44,286,1155,0.0009087632473446777,2.0000000000098064e-07,2,"[1, 5]","[5617, 589]"
717,44,286,1155,0.0009089732473446787,2.1000000000102968e-07,2,"[1, 5]","[5584, 499]"
718,44,286,1155,0.00090923324734468,2.6000000000127484e-07,2,"[1, 5]","[5866, 397]"
719,44,286,1155,0.000909643247344682,4.100000000020103e-07,2,"[1, 5]","[5975, 320]"
720,44,286,1156,0.000902846613938177,0.000902846613938177,1,[5],[6272]
721,44,286,1156,0.0009041266139381833,1.2800000000062761e-06,1,[5],[6231]
722,44,286,1156,0.0009054266139381896,1.3000000000063742e-06,2,"[1, 5]","[1, 6277]"
723,44,286,1156,0.0009071866139381983,1.7600000000086297e-06,2,"[1, 5]","[1851, 4398]"
724,44,286,1156,0.0009077066139382008,5.200000000025497e-07,2,"[1, 5]","[5882, 498]"
725,44,286,1156,0.0009079866139382022,2.800000000013729e-07,2,"[1, 5]","[5985, 180]"
726,44,286,1156,0.0009082166139382033,2.3000000000112774e-07,2,"[1, 5]","[6310, 92]"
727,44,286,1156,0.0009084166139382043,2.0000000000098064e-07,2,"[1, 5]","[6217, 65]"
728,44,286,1156,0.0009086166139382053,2.0000000000098064e-07,2,"[1, 5]","[6125, 38]"
729,44,286,1156,0.0009088266139382063,2.1000000000102968e-07,2,"[1, 5]","[6065, 36]"
730,44,286,1156,0.0009091066139382077,2.800000000013729e-07,2,"[1, 5]","[6294, 27]"
731,44,286,1156,0.00090958661393821,4.800000000023535e-07,2,"[1, 5]","[6179, 16]"
732,44,286,1157,0.0009019860404247438,0.0009019860404247438,2,"[5, 6]","[6262, 1]"
733,44,286,1157,0.0009072960404247698,5.310000000026036e-06,2,"[1, 5]","[3934, 2390]"
734,44,286,1157,0.0009076860404247717,3.9000000000191225e-07,1,[1],[6286]
735,44,286,1157,0.000907946040424773,2.6000000000127484e-07,1,[1],[6343]
736,44,286,1157,0.000908156040424774,2.1000000000102968e-07,1,[1],[6116]
737,44,286,1157,0.000908366040424775,2.1000000000102968e-07,1,[1],[6425]
738,44,286,1157,0.0009085760404247761,2.1000000000102968e-07,1,[1],[6230]
739,44,286,1157,0.0009088260404247773,2.500000000012258e-07,2,"[1, 5]","[6237, 1]"
740,44,286,1157,0.0009091860404247791,3.6000000000176516e-07,1,[1],[6027]
741,44,286,1158,0.0009073586663993254,0.0009073586663993254,3,"[1, 5, 6]","[5116, 1176, 25]"
742,44,286,1158,0.0009077086663993271,3.500000000017161e-07,1,[1],[6255]
743,44,286,1158,0.0009079586663993283,2.500000000012258e-07,1,[1],[6365]
744,44,286,1158,0.0009081686663993294,2.1000000000102968e-07,1,[1],[6109]
745,44,286,1158,0.0009083886663993305,2.200000000010787e-07,1,[1],[6280]
746,44,286,1158,0.0009086286663993316,2.4000000000117677e-07,1,[1],[6289]
747,44,286,1158,0.0009089286663993331,3.0000000000147097e-07,1,[1],[6223]
748,44,286,1158,0.0009096186663993365,6.900000000033832e-07,1,[1],[6191]
749,44,286,1159,0.0009075026039734525,0.0009075026039734525,3,"[1, 5, 6]","[6219, 53, 2]"
750,44,286,1159,0.0009078426039734542,3.400000000016671e-07,1,[1],[6400]
751,44,286,1159,0.0009080826039734554,2.4000000000117677e-07,1,[1],[6091]
752,44,286,1159,0.0009083126039734565,2.3000000000112774e-07,1,[1],[6259]
753,44,286,1159,0.0009085526039734577,2.4000000000117677e-07,1,[1],[6365]
754,44,286,1159,0.0009088326039734591,2.800000000013729e-07,1,[1],[6172]
755,44,286,1159,0.0009093026039734614,4.700000000023045e-07,1,[1],[6229]
756,44,286,1160,0.0009076075667446526,0.0009076075667446526,2,"[1, 5]","[6257, 5]"
757,44,286,1160,0.0009079475667446542,3.400000000016671e-07,1,[1],[6261]
758,44,286,1160,0.0009082175667446556,2.7000000000132387e-07,1,[1],[6439]
759,44,286,1160,0.0009084575667446567,2.4000000000117677e-07,1,[1],[6090]
760,44,286,1160,0.000908717566744658,2.6000000000127484e-07,1,[1],[6363]
761,44,286,1160,0.0009090475667446596,3.3000000000161806e-07,1,[1],[6231]
762,44,286,1160,0.0009099975667446643,9.500000000046581e-07,1,[1],[6107]
763,44,286,1161,0.0009077197918706099,0.0009077197918706099,1,[1],[6312]
764,44,286,1161,0.0009080597918706115,3.400000000016671e-07,1,[1],[6235]
765,44,286,1161,0.0009083297918706128,2.7000000000132387e-07,1,[1],[6326]
766,44,286,1161,0.0009085797918706141,2.500000000012258e-07,1,[1],[6263]
767,44,286,1161,0.0009088597918706154,2.800000000013729e-07,1,[1],[6287]
768,44,286,1161,0.0009092297918706173,3.700000000018142e-07,1,[1],[6158]
769,44,286,1162,0.0009078459815527811,0.0009078459815527811,1,[1],[6280]
770,44,286,1162,0.0009082059815527829,3.6000000000176516e-07,1,[1],[6302]
771,44,286,1162,0.0009084759815527842,2.7000000000132387e-07,1,[1],[6178]
772,44,286,1162,0.0009087459815527855,2.7000000000132387e-07,1,[1],[6419]
773,44,286,1162,0.000909045981552787,3.0000000000147097e-07,1,[1],[6083]
774,44,286,1162,0.0009095459815527895,5.000000000024516e-07,1,[1],[6274]
775,44,286,1163,0.0009080004921875951,0.0009080004921875951,1,[1],[6288]
776,44,286,1163,0.0009083604921875969,3.6000000000176516e-07,1,[1],[6393]
777,44,286,1163,0.0009086304921875982,2.7000000000132387e-07,1,[1],[6116]
778,44,286,1163,0.0009089004921875995,2.7000000000132387e-07,1,[1],[6357]
779,44,286,1163,0.000909210492187601,3.1000000000152e-07,1,[1],[6202]
780,44,286,1163,0.0009097104921876035,5.000000000024516e-07,1,[1],[6205]
781,44,286,1164,0.0009082400711070155,0.0009082400711070155,2,"[1, 215]","[6387, 1]"
782,44,286,1164,0.0009086000711070173,3.6000000000176516e-07,1,[1],[6128]
783,44,286,1164,0.0009089000711070187,3.0000000000147097e-07,1,[1],[6374]
784,44,286,1164,0.0009091900711070202,2.9000000000142193e-07,1,[1],[6133]
785,44,286,1164,0.0009095500711070219,3.6000000000176516e-07,1,[1],[6331]
786,44,286,1164,0.0009104100711070261,8.600000000042168e-07,1,[1],[6151]
787,44,286,1165,0.0009084323229361684,0.0009084323229361684,2,"[1, 215]","[6259, 1]"
788,44,286,1165,0.0009087923229361702,3.6000000000176516e-07,1,[1],[6290]
789,44,286,1165,0.0009090823229361716,2.9000000000142193e-07,1,[1],[6400]
790,44,286,1165,0.000909362322936173,2.800000000013729e-07,1,[1],[6237]
791,44,286,1165,0.0009096823229361745,3.2000000000156903e-07,1,[1],[6083]
792,44,286,1165,0.0009102723229361774,5.900000000028929e-07,1,[1],[6239]
793,44,286,1166,0.0009086084691801068,0.0009086084691801068,1,[1],[6364]
794,44,286,1166,0.0009089684691801085,3.6000000000176516e-07,1,[1],[6345]
795,44,286,1166,0.0009092484691801099,2.800000000013729e-07,1,[1],[6154]
796,44,286,1166,0.0009095284691801113,2.800000000013729e-07,1,[1],[6298]
797,44,286,1166,0.0009098484691801128,3.2000000000156903e-07,1,[1],[6190]
798,44,286,1166,0.0009104084691801156,5.600000000027458e-07,1,[1],[6150]
799,44,286,1167,0.0009087797024347218,0.0009087797024347218,1,[1],[6259]
800,44,286,1167,0.0009091497024347236,3.700000000018142e-07,1,[1],[6247]
801,44,286,1167,0.0009094497024347251,3.0000000000147097e-07,1,[1],[6439]
802,44,286,1167,0.0009097497024347265,3.0000000000147097e-07,1,[1],[6131]
803,44,286,1167,0.0009101497024347285,4.000000000019613e-07,1,[1],[6265]
804,44,286,1168,0.0009089319085116224,0.0009089319085116224,1,[1],[6329]
805,44,286,1168,0.0009093219085116243,3.9000000000191225e-07,1,[1],[6285]
806,44,286,1168,0.0009096419085116258,3.2000000000156903e-07,1,[1],[6252]
807,44,286,1168,0.0009099919085116276,3.500000000017161e-07,1,[1],[6245]
808,44,286,1168,0.0009105719085116304,5.800000000028439e-07,1,[1],[6158]
809,44,286,1169,0.0009090702244807438,0.0009090702244807438,1,[1],[6316]
810,44,286,1169,0.0009094902244807458,4.2000000000205935e-07,1,[1],[6206]
811,44,286,1169,0.0009098702244807477,3.800000000018632e-07,1,[1],[6373]
812,44,286,1169,0.00091035022448075,4.800000000023535e-07,1,[1],[6139]
813,44,286,1170,0.0009092746116162737,0.0009092746116162737,1,[1],[6329]
814,44,286,1170,0.0009097646116162762,4.900000000024026e-07,1,[1],[6240]
815,44,286,1170,0.0009103146116162788,5.500000000026968e-07,1,[1],[6256]
816,44,286,1171,0.0009095354388414084,0.0009095354388414084,1,[1],[6354]
817,44,286,1171,0.0009101854388414115,6.500000000031871e-07,1,[1],[6187]
818,44,286,1172,0.0009098422402067769,0.0009098422402067769,1,[1],[6317]
819,44,286,1173,0.0009104246310934124,0.0009104246310934124,1,[1],[6276]
820,44,287,1155,0.0009078639795575944,0.0009078639795575944,2,"[1, 5]","[3642, 2609]"
821,44,287,1155,0.0009083239795575967,4.600000000022555e-07,2,"[1, 5]","[5562, 706]"
822,44,287,1155,0.0009086939795575985,3.700000000018142e-07,2,"[1, 5]","[5904, 437]"
823,44,287,1155,0.0009090939795576004,4.000000000019613e-07,2,"[1, 5]","[5906, 335]"
824,44,287,1155,0.0009099039795576044,8.100000000039716e-07,2,"[1, 5]","[5910, 256]"
825,44,287,1156,0.000907800595966262,0.000907800595966262,2,"[1, 5]","[5281, 1077]"
826,44,287,1156,0.0009082305959662641,4.300000000021084e-07,2,"[1, 5]","[6166, 58]"
827,44,287,1156,0.0009085905959662658,3.6000000000176516e-07,2,"[1, 5]","[6242, 23]"
828,44,287,1156,0.0009090105959662679,4.2000000000205935e-07,2,"[1, 5]","[6190, 21]"
829,44,287,1157,0.0009079011129912884,0.0009079011129912884,2,"[1, 5]","[6247, 65]"
830,44,287,1157,0.0009084011129912909,5.000000000024516e-07,1,[1],[6298]
831,44,287,1157,0.0009090111129912939,6.10000000002991e-07,1,[1],[6192]
832,44,287,1158,0.0009079056592417716,0.0009079056592417716,1,[1],[6312]
833,44,287,1158,0.0009084756592417744,5.700000000027948e-07,1,[1],[6224]
834,44,287,1158,0.0009095956592417799,1.1200000000054916e-06,1,[1],[6227]
835,44,287,1159,0.0009079481625114882,0.0009079481625114882,1,[1],[6329]
836,44,287,1159,0.000908508162511491,5.600000000027458e-07,1,[1],[6254]
837,44,287,1159,0.0009093881625114953,8.800000000043148e-07,1,[1],[6174]
838,44,287,1160,0.0009080116693031831,0.0009080116693031831,1,[1],[6289]
839,44,287,1160,0.0009085816693031859,5.700000000027948e-07,1,[1],[6282]
840,44,287,1160,0.0009095416693031906,9.60000000004707e-07,1,[1],[6203]
841,44,287,1161,0.0009081240780176436,0.0009081240780176436,1,[1],[6353]
842,44,287,1161,0.0009086840780176464,5.600000000027458e-07,1,[1],[6229]
843,44,287,1161,0.0009096440780176511,9.60000000004707e-07,1,[1],[6177]
844,44,287,1162,0.0009082616147864949,0.0009082616147864949,1,[1],[6250]
845,44,287,1162,0.000908891614786498,6.30000000003089e-07,1,[1],[6268]
846,44,287,1163,0.0009084576138203804,0.0009084576138203804,1,[1],[6335]
847,44,287,1163,0.0009091076138203836,6.500000000031871e-07,1,[1],[6249]
848,44,287,1164,0.0009086869332600547,0.0009086869332600547,1,[1],[6333]
849,44,287,1164,0.0009093569332600579,6.700000000032852e-07,1,[1],[6184]
850,44,287,1165,0.0009089079754196796,0.0009089079754196796,1,[1],[6294]
851,44,287,1165,0.0009095679754196829,6.600000000032361e-07,1,[1],[6271]
852,44,287,1166,0.0009090954857194099,0.0009090954857194099,1,[1],[6312]
853,44,287,1166,0.0009097754857194132,6.800000000033342e-07,1,[1],[6200]
854,44,287,1167,0.0009092436061951648,0.0009092436061951648,1,[1],[6337]
855,44,287,1167,0.000909893606195168,6.500000000031871e-07,1,[1],[6197]
856,44,287,1168,0.0009092388080360831,0.0009092388080360831,1,[1],[6293]
857,44,287,1168,0.0009098188080360859,5.800000000028439e-07,1,[1],[6243]
858,44,287,1168,0.0009111188080360923,1.3000000000063742e-06,1,[1],[6215]
859,44,287,1169,0.0009092186592825969,0.0009092186592825969,1,[1],[6309]
860,44,287,1169,0.0009097086592825993,4.900000000024026e-07,1,[1],[6287]
861,44,287,1169,0.000910268659282602,5.600000000027458e-07,1,[1],[6183]
862,44,287,1170,0.0009092093283638571,0.0009092093283638571,1,[1],[6331]
863,44,287,1170,0.0009096493283638592,4.400000000021574e-07,1,[1],[6247]
864,44,287,1170,0.0009100793283638613,4.300000000021084e-07,1,[1],[6275]
865,44,287,1170,0.0009108693283638652,7.900000000038735e-07,1,[1],[6176]
866,44,287,1171,0.0009091826692108135,0.0009091826692108135,1,[1],[6326]
867,44,287,1171,0.0009095726692108154,3.9000000000191225e-07,1,[1],[6207]
868,44,287,1171,0.0009099226692108172,3.500000000017161e-07,1,[1],[6316]
869,44,287,1171,0.0009103126692108191,3.9000000000191225e-07,1,[1],[6164]
870,44,287,1171,0.0009115826692108253,1.270000000006227e-06,1,[1],[6237]
871,44,287,1172,0.0009091725851563585,0.0009091725851563585,1,[1],[6364]
872,44,287,1172,0.0009095325851563602,3.6000000000176516e-07,1,[1],[6193]
873,44,287,1172,0.0009098225851563616,2.9000000000142193e-07,1,[1],[6196]
874,44,287,1172,0.0009101225851563631,3.0000000000147097e-07,1,[1],[6415]
875,44,287,1172,0.0009104825851563649,3.6000000000176516e-07,1,[1],[6130]
876,44,287,1173,0.0009092165610960399,0.0009092165610960399,1,[1],[6329]
877,44,287,1173,0.0009095665610960416,3.500000000017161e-07,1,[1],[6254]
878,44,287,1173,0.000909846561096043,2.800000000013729e-07,1,[1],[6232]
879,44,287,1173,0.0009101265610960443,2.800000000013729e-07,1,[1],[6352]
880,44,287,1173,0.0009104465610960459,3.2000000000156903e-07,1,[1],[6186]
881,44,287,1173,0.0009110265610960487,5.800000000028439e-07,1,[1],[6150]
882,44,287,1174,0.0009092471194075878,0.0009092471194075878,1,[1],[6304]
883,44,287,1174,0.0009095971194075896,3.500000000017161e-07,1,[1],[6355]
884,44,287,1174,0.0009098671194075909,2.7000000000132387e-07,1,[1],[6178]
885,44,287,1174,0.0009101271194075922,2.6000000000127484e-07,1,[1],[6251]
886,44,287,1174,0.0009104371194075937,3.1000000000152e-07,1,[1],[6287]
887,44,287,1174,0.000910917119407596,4.800000000023535e-07,1,[1],[6156]
888,44,287,1175,0.0009093384661815116,0.0009093384661815116,1,[1],[6365]
889,44,287,1175,0.0009097084661815134,3.700000000018142e-07,1,[1],[6323]
890,44,287,1175,0.0009099884661815148,2.800000000013729e-07,1,[1],[6157]
891,44,287,1175,0.0009102884661815162,3.0000000000147097e-07,1,[1],[6328]
892,44,287,1175,0.0009106384661815179,3.500000000017161e-07,1,[1],[6164]
893,44,287,1175,0.0009117084661815232,1.0700000000052464e-06,1,[1],[6164]
894,44,287,1176,0.0009094751126011904,0.0009094751126011904,1,[1],[6370]
895,44,287,1176,0.0009098551126011923,3.800000000018632e-07,2,"[1, 3]","[6224, 4]"
896,44,287,1176,0.0009101751126011938,3.2000000000156903e-07,2,"[1, 3]","[6171, 1]"
897,44,287,1176,0.0009105351126011956,3.6000000000176516e-07,2,"[1, 3]","[6292, 2]"
898,44,287,1176,0.0009111951126011988,6.600000000032361e-07,2,"[1, 3]","[6190, 2]"
899,44,287,1177,0.0009095352822720527,0.0009095352822720527,2,"[1, 3]","[5885, 453]"
900,44,287,1177,0.0009099352822720546,4.000000000019613e-07,2,"[1, 3]","[5841, 463]"
901,44,287,1177,0.0009102652822720563,3.3000000000161806e-07,2,"[1, 3]","[5861, 392]"
902,44,287,1177,0.0009106352822720581,3.700000000018142e-07,2,"[1, 3]","[5739, 395]"
903,44,287,1177,0.000911445282272062,8.100000000039716e-07,2,"[1, 3]","[5888, 357]"
904,44,287,1178,0.0009096073509943868,0.0009096073509943868,2,"[1, 3]","[5585, 747]"
905,44,287,1178,0.0009100273509943888,4.2000000000205935e-07,2,"[1, 3]","[5630, 672]"
906,44,287,1178,0.0009103873509943906,3.6000000000176516e-07,2,"[1, 3]","[5531, 590]"
907,44,287,1178,0.0009108573509943929,4.700000000023045e-07,2,"[1, 3]","[5685, 582]"
908,44,287,1179,0.0009097611058584277,0.0009097611058584277,2,"[1, 3]","[6242, 13]"
909,44,287,1179,0.0009102611058584302,5.000000000024516e-07,2,"[1, 3]","[6330, 13]"
910,44,287,1179,0.0009108111058584329,5.500000000026968e-07,2,"[1, 3]","[6214, 7]"
911,44,287,1180,0.0009098697011371482,0.0009098697011371482,1,[1],[6282]
912,44,287,1180,0.000910439701137151,5.700000000027948e-07,1,[1],[6312]
913,44,287,1180,0.0009115097011371563,1.0700000000052464e-06,1,[1],[6163]
914,44,287,1181,0.0009100243361839937,0.0009100243361839937,2,"[1, 2]","[6320, 15]"
915,44,287,1181,0.0009107543361839973,7.300000000035793e-07,2,"[1, 2]","[6192, 21]"
916,44,287,1182,0.0009101424253146536,0.0009101424253146536,3,"[1, 2, 221]","[5649, 617, 6]"
917,44,287,1182,0.0009111724253146586,1.0300000000050503e-06,4,"[1, 2, 221, 222]","[5690, 535, 5, 2]"
918,44,287,1183,0.0009104331931314362,0.0009104331931314362,3,"[1, 2, 221]","[5967, 300, 1]"
919,44,287,1184,0.0009109690613911347,0.0009109690613911347,1,[1],[6261]
920,44,288,1175,0.0009109484811995473,0.0009109484811995473,1,[1],[6257]
921,44,288,1176,0.00091036776254417,0.00091036776254417,2,"[1, 3]","[6284, 6]"
922,44,288,1177,0.0009100450857058494,0.0009100450857058494,2,"[1, 3]","[5714, 575]"
923,44,288,1177,0.0009110850857058545,1.0400000000050993e-06,2,"[1, 3]","[5746, 475]"
924,44,288,1178,0.0009099018347878702,0.0009099018347878702,2,"[1, 3]","[5659, 604]"
925,44,288,1178,0.0009105218347878732,6.2000000000304e-07,2,"[1, 3]","[5729, 526]"
926,44,288,1179,0.0009098305030435681,0.0009098305030435681,2,"[1, 3]","[6285, 12]"
927,44,288,1179,0.0009103805030435708,5.500000000026968e-07,2,"[1, 3]","[6330, 9]"
928,44,288,1179,0.0009111605030435746,7.800000000038245e-07,2,"[1, 3]","[6121, 10]"
929,44,288,1180,0.0009097194926000336,0.0009097194926000336,1,[1],[6312]
930,44,288,1180,0.0009101894926000359,4.700000000023045e-07,1,[1],[6208]
931,44,288,1180,0.0009106594926000382,4.700000000023045e-07,1,[1],[6250]
932,44,288,1181,0.0009096686558774137,0.0009096686558774137,2,"[1, 2]","[6255, 31]"
933,44,288,1181,0.0009100886558774157,4.2000000000205935e-07,2,"[1, 2]","[6283, 30]"
934,44,288,1181,0.0009104586558774175,3.700000000018142e-07,3,"[1, 2, 221]","[6148, 25, 1]"
935,44,288,1181,0.0009109786558774201,5.200000000025497e-07,2,"[1, 2]","[6281, 30]"
936,44,288,1182,0.0009096007315679731,0.0009096007315679731,3,"[1, 2, 221]","[5597, 685, 6]"
937,44,288,1182,0.0009099807315679749,3.800000000018632e-07,3,"[1, 2, 221]","[5591, 662, 2]"
938,44,288,1182,0.0009102907315679765,3.1000000000152e-07,4,"[1, 2, 221, 222]","[5621, 679, 9, 2]"
939,44,288,1182,0.0009106407315679782,3.500000000017161e-07,4,"[1, 2, 221, 222]","[5685, 617, 1, 1]"
940,44,288,1182,0.0009111507315679807,5.100000000025006e-07,3,"[1, 2, 221]","[5583, 563, 8]"
941,44,288,1183,0.0009096264074165706,0.0009096264074165706,3,"[1, 2, 221]","[5993, 279, 4]"
942,44,288,1183,0.0009100064074165725,3.800000000018632e-07,3,"[1, 2, 222]","[6079, 247, 1]"
943,44,288,1183,0.000910316407416574,3.1000000000152e-07,4,"[1, 2, 221, 222]","[5930, 224, 3, 1]"
944,44,288,1183,0.0009106664074165757,3.500000000017161e-07,3,"[1, 2, 222]","[6151, 225, 1]"
945,44,288,1183,0.0009112064074165784,5.400000000026477e-07,3,"[1, 2, 221]","[5904, 235, 1]"
946,44,288,1184,0.0009096247343800851,0.0009096247343800851,1,[1],[6286]
947,44,288,1184,0.000910004734380087,3.800000000018632e-07,1,[1],[6282]
948,44,288,1184,0.0009103247343800885,3.2000000000156903e-07,2,"[1, 2]","[6348, 1]"
949,44,288,1184,0.0009106647343800902,3.400000000016671e-07,2,"[1, 2]","[6181, 3]"
950,44,288,1184,0.0009112147343800929,5.500000000026968e-07,1,[1],[6187]
951,44,288,1185,0.0009096329027139053,0.0009096329027139053,1,[1],[6322]
952,44,288,1185,0.0009100329027139073,4.000000000019613e-07,1,[1],[6339]
953,44,288,1185,0.0009103629027139089,3.3000000000161806e-07,1,[1],[6276]
954,44,288,1185,0.0009107229027139107,3.6000000000176516e-07,1,[1],[6093]
955,44,288,1185,0.000911412902713914,6.900000000033832e-07,1,[1],[6220]
956,44,288,1186,0.0009096337396490206,0.0009096337396490206,1,[1],[6362]
957,44,288,1186,0.0009100037396490224,3.700000000018142e-07,1,[1],[6201]
958,44,288,1186,0.000910333739649024,3.3000000000161806e-07,1,[1],[6329]
959,44,288,1186,0.0009106837396490258,3.500000000017161e-07,1,[1],[6202]
960,44,288,1186,0.0009113037396490288,6.2000000000304e-07,1,[1],[6184]
961,44,288,1187,0.00090962758345539,0.00090962758345539,1,[1],[6280]
962,44,288,1187,0.000910027583455392,4.000000000019613e-07,1,[1],[6362]
963,44,288,1187,0.0009103475834553935,3.2000000000156903e-07,1,[1],[6125]
964,44,288,1187,0.0009107175834553953,3.700000000018142e-07,1,[1],[6305]
965,44,288,1187,0.000911467583455399,7.500000000036774e-07,1,[1],[6179]
966,44,288,1188,0.0009099981441440026,0.0009099981441440026,1,[1],[6335]
967,44,288,1188,0.0009106781441440059,6.800000000033342e-07,1,[1],[6183]
