,event,pixel_x,pixel_y,reset_time,TSLR,nMCParticles,MC_TrackIDs,MC_Weights
0,19,286,1154,0.0009138191845193714,0.0009138191845193714,2,"[1, 7]","[4627, 1678]"
1,19,286,1154,0.0009145291845193749,7.100000000034813e-07,2,"[1, 7]","[5373, 868]"
2,19,286,1155,0.0009132736950367553,0.0009132736950367553,2,"[1, 7]","[6159, 188]"
3,19,286,1155,0.0009136436950367571,3.700000000018142e-07,2,"[1, 7]","[6036, 131]"
4,19,286,1155,0.0009139636950367587,3.2000000000156903e-07,2,"[1, 7]","[6292, 118]"
5,19,286,1155,0.0009142736950367602,3.1000000000152e-07,2,"[1, 7]","[6002, 122]"
6,19,286,1155,0.0009146936950367623,4.2000000000205935e-07,2,"[1, 7]","[6115, 128]"
7,19,286,1156,0.0009128717951670384,0.0009128717951670384,1,[1],[6342]
8,19,286,1156,0.0009132717951670404,4.000000000019613e-07,1,[1],[6205]
9,19,286,1156,0.0009136217951670421,3.500000000017161e-07,1,[1],[6238]
10,19,286,1156,0.000914011795167044,3.9000000000191225e-07,1,[1],[6310]
11,19,286,1156,0.0009147117951670475,7.000000000034323e-07,2,"[1, 7]","[6196, 1]"
12,19,286,1157,0.0009123704093147334,0.0009123704093147334,1,[1],[6336]
13,19,286,1157,0.0009127804093147354,4.100000000020103e-07,1,[1],[6286]
14,19,286,1157,0.000913110409314737,3.3000000000161806e-07,1,[1],[6129]
15,19,286,1157,0.0009134904093147389,3.800000000018632e-07,1,[1],[6377]
16,19,286,1157,0.0009141004093147419,6.10000000002991e-07,1,[1],[6159]
17,19,286,1158,0.0009119019335446635,0.0009119019335446635,1,[1],[6380]
18,19,286,1158,0.0009123119335446655,4.100000000020103e-07,1,[1],[6274]
19,19,286,1158,0.0009126519335446671,3.400000000016671e-07,1,[1],[6251]
20,19,286,1158,0.0009130119335446689,3.6000000000176516e-07,1,[1],[6096]
21,19,286,1158,0.0009136319335446719,6.2000000000304e-07,1,[1],[6292]
22,19,286,1159,0.0009114622277625161,0.0009114622277625161,1,[1],[6299]
23,19,286,1159,0.000911852227762518,3.9000000000191225e-07,1,[1],[6213]
24,19,286,1159,0.0009122022277625198,3.500000000017161e-07,1,[1],[6401]
25,19,286,1159,0.0009125722277625216,3.700000000018142e-07,1,[1],[6238]
26,19,286,1159,0.0009131922277625246,6.2000000000304e-07,1,[1],[6114]
27,19,286,1160,0.0009110989083231034,0.0009110989083231034,1,[1],[6360]
28,19,286,1160,0.0009114989083231054,4.000000000019613e-07,1,[1],[6207]
29,19,286,1160,0.0009118489083231071,3.500000000017161e-07,1,[1],[6292]
30,19,286,1160,0.0009122589083231091,4.100000000020103e-07,1,[1],[6272]
31,19,286,1160,0.000913248908323114,9.900000000048542e-07,1,[1],[6129]
32,19,286,1161,0.0009108139906688293,0.0009108139906688293,1,[1],[6328]
33,19,286,1161,0.0009112539906688315,4.400000000021574e-07,1,[1],[6288]
34,19,286,1161,0.0009116339906688333,3.800000000018632e-07,1,[1],[6150]
35,19,286,1161,0.000912183990668836,5.500000000026968e-07,1,[1],[6239]
36,19,286,1162,0.000910596417977543,0.000910596417977543,1,[1],[6267]
37,19,286,1162,0.0009110664179775454,4.700000000023045e-07,1,[1],[6379]
38,19,286,1162,0.0009115264179775476,4.600000000022555e-07,1,[1],[6221]
39,19,286,1162,0.0009127664179775537,1.24000000000608e-06,1,[1],[6136]
40,19,286,1163,0.0009104843493859547,0.0009104843493859547,1,[1],[6261]
41,19,286,1163,0.0009109843493859571,5.000000000024516e-07,1,[1],[6285]
42,19,286,1163,0.0009115943493859601,6.10000000002991e-07,1,[1],[6262]
43,19,286,1164,0.0009105602670772278,0.0009105602670772278,1,[1],[6265]
44,19,286,1164,0.000911210267077231,6.500000000031871e-07,1,[1],[6264]
45,19,286,1165,0.0009107584900644959,0.0009107584900644959,1,[1],[6320]
46,19,286,1165,0.0009120484900645023,1.2900000000063251e-06,1,[1],[6180]
47,19,286,1166,0.0009110595976901922,0.0009110595976901922,1,[1],[6283]
48,19,287,1154,0.0009121866508055013,0.0009121866508055013,2,"[1, 7]","[61, 6195]"
49,19,287,1154,0.0009129666508055052,7.800000000038245e-07,2,"[1, 7]","[945, 5401]"
50,19,287,1154,0.0009134666508055076,5.000000000024516e-07,2,"[1, 7]","[2641, 3615]"
51,19,287,1154,0.0009138466508055095,3.800000000018632e-07,2,"[1, 7]","[3782, 2419]"
52,19,287,1154,0.0009142266508055113,3.800000000018632e-07,2,"[1, 7]","[4488, 1834]"
53,19,287,1154,0.0009147166508055137,4.900000000024026e-07,2,"[1, 7]","[4840, 1340]"
54,19,287,1155,0.000912993190778039,0.000912993190778039,2,"[1, 7]","[5154, 1189]"
55,19,287,1155,0.0009133331907780406,3.400000000016671e-07,2,"[1, 7]","[5877, 464]"
56,19,287,1155,0.0009135731907780418,2.4000000000117677e-07,2,"[1, 7]","[5991, 317]"
57,19,287,1155,0.0009137731907780428,2.0000000000098064e-07,2,"[1, 7]","[5831, 261]"
58,19,287,1155,0.0009139731907780438,2.0000000000098064e-07,2,"[1, 7]","[6167, 271]"
59,19,287,1155,0.0009141731907780447,2.0000000000098064e-07,2,"[1, 7]","[5969, 220]"
60,19,287,1155,0.0009143931907780458,2.200000000010787e-07,2,"[1, 7]","[5888, 216]"
61,19,287,1155,0.0009147031907780473,3.1000000000152e-07,2,"[1, 7]","[6106, 204]"
62,19,287,1155,0.0009153531907780505,6.500000000031871e-07,2,"[1, 7]","[5940, 210]"
63,19,287,1156,0.0009126968939369477,0.0009126968939369477,1,[1],[6288]
64,19,287,1156,0.0009130468939369495,3.500000000017161e-07,1,[1],[6238]
65,19,287,1156,0.0009133168939369508,2.7000000000132387e-07,1,[1],[6455]
66,19,287,1156,0.0009135468939369519,2.3000000000112774e-07,1,[1],[6119]
67,19,287,1156,0.0009137868939369531,2.4000000000117677e-07,1,[1],[6228]
68,19,287,1156,0.0009140668939369545,2.800000000013729e-07,2,"[1, 7]","[6256, 2]"
69,19,287,1156,0.0009144868939369565,4.2000000000205935e-07,2,"[1, 7]","[6170, 1]"
70,19,287,1157,0.000912280266525042,0.000912280266525042,1,[1],[6260]
71,19,287,1157,0.0009126602665250438,3.800000000018632e-07,1,[1],[6319]
72,19,287,1157,0.0009129502665250452,2.9000000000142193e-07,1,[1],[6172]
73,19,287,1157,0.0009132302665250466,2.800000000013729e-07,1,[1],[6293]
74,19,287,1157,0.0009135502665250482,3.2000000000156903e-07,1,[1],[6239]
75,19,287,1157,0.0009140402665250506,4.900000000024026e-07,1,[1],[6297]
76,19,287,1158,0.0009118730479601101,0.0009118730479601101,1,[1],[6318]
77,19,287,1158,0.000912263047960112,3.9000000000191225e-07,1,[1],[6244]
78,19,287,1158,0.0009125830479601135,3.2000000000156903e-07,1,[1],[6301]
79,19,287,1158,0.0009129030479601151,3.2000000000156903e-07,1,[1],[6255]
80,19,287,1158,0.0009133430479601173,4.400000000021574e-07,1,[1],[6239]
81,19,287,1159,0.0009114941408647008,0.0009114941408647008,1,[1],[6304]
82,19,287,1159,0.0009119041408647028,4.100000000020103e-07,1,[1],[6221]
83,19,287,1159,0.0009122641408647045,3.6000000000176516e-07,1,[1],[6275]
84,19,287,1159,0.0009126841408647066,4.2000000000205935e-07,1,[1],[6310]
85,19,287,1159,0.000913984140864713,1.3000000000063742e-06,1,[1],[6142]
86,19,287,1160,0.0009110948149262531,0.0009110948149262531,1,[1],[6344]
87,19,287,1160,0.0009115048149262551,4.100000000020103e-07,1,[1],[6184]
88,19,287,1160,0.0009118748149262569,3.700000000018142e-07,1,[1],[6241]
89,19,287,1160,0.0009123148149262591,4.400000000021574e-07,1,[1],[6321]
90,19,287,1161,0.0009107312591887385,0.0009107312591887385,1,[1],[6371]
91,19,287,1161,0.0009111312591887405,4.000000000019613e-07,1,[1],[6163]
92,19,287,1161,0.0009114712591887422,3.400000000016671e-07,1,[1],[6265]
93,19,287,1161,0.000911851259188744,3.800000000018632e-07,1,[1],[6226]
94,19,287,1161,0.0009126212591887478,7.700000000037755e-07,1,[1],[6234]
95,19,287,1162,0.000910426608218656,0.000910426608218656,1,[1],[6273]
96,19,287,1162,0.0009108166082186579,3.9000000000191225e-07,1,[1],[6269]
97,19,287,1162,0.0009111466082186595,3.3000000000161806e-07,1,[1],[6340]
98,19,287,1162,0.0009114866082186612,3.400000000016671e-07,1,[1],[6170]
99,19,287,1162,0.0009120166082186638,5.300000000025987e-07,1,[1],[6205]
100,19,287,1163,0.0009102261427958569,0.0009102261427958569,1,[1],[6318]
101,19,287,1163,0.0009105961427958587,3.700000000018142e-07,1,[1],[6186]
102,19,287,1163,0.0009109061427958603,3.1000000000152e-07,1,[1],[6381]
103,19,287,1163,0.0009112161427958618,3.1000000000152e-07,1,[1],[6215]
104,19,287,1163,0.0009116161427958638,4.000000000019613e-07,1,[1],[6174]
105,19,287,1164,0.0009101431442096786,0.0009101431442096786,1,[1],[6391]
106,19,287,1164,0.0009105031442096803,3.6000000000176516e-07,1,[1],[6163]
107,19,287,1164,0.0009108031442096818,3.0000000000147097e-07,1,[1],[6285]
108,19,287,1164,0.0009110931442096832,2.9000000000142193e-07,1,[1],[6166]
109,19,287,1164,0.0009114731442096851,3.800000000018632e-07,1,[1],[6347]
110,19,287,1165,0.0009100993934449821,0.0009100993934449821,1,[1],[6307]
111,19,287,1165,0.0009104493934449839,3.500000000017161e-07,1,[1],[6259]
112,19,287,1165,0.0009107293934449852,2.800000000013729e-07,1,[1],[6207]
113,19,287,1165,0.0009110093934449866,2.800000000013729e-07,1,[1],[6407]
114,19,287,1165,0.0009113293934449882,3.2000000000156903e-07,1,[1],[6118]
115,19,287,1165,0.0009119193934449911,5.900000000028929e-07,1,[1],[6225]
116,19,287,1166,0.0009100451609756038,0.0009100451609756038,1,[1],[6280]
117,19,287,1166,0.0009104051609756055,3.6000000000176516e-07,1,[1],[6278]
118,19,287,1166,0.0009106751609756069,2.7000000000132387e-07,1,[1],[6203]
119,19,287,1166,0.0009109451609756082,2.7000000000132387e-07,1,[1],[6411]
120,19,287,1166,0.0009112451609756097,3.0000000000147097e-07,1,[1],[6186]
121,19,287,1166,0.0009117051609756119,4.600000000022555e-07,1,[1],[6198]
122,19,287,1167,0.0009099982174569835,0.0009099982174569835,1,[1],[6315]
123,19,287,1167,0.0009103482174569852,3.500000000017161e-07,1,[1],[6286]
124,19,287,1167,0.0009106182174569865,2.7000000000132387e-07,1,[1],[6216]
125,19,287,1167,0.0009108782174569878,2.6000000000127484e-07,1,[1],[6256]
126,19,287,1167,0.0009111582174569892,2.800000000013729e-07,1,[1],[6285]
127,19,287,1167,0.0009115682174569912,4.100000000020103e-07,1,[1],[6217]
128,19,287,1168,0.0009099592009168065,0.0009099592009168065,1,[1],[6304]
129,19,287,1168,0.0009103092009168082,3.500000000017161e-07,1,[1],[6396]
130,19,287,1168,0.0009105792009168096,2.7000000000132387e-07,1,[1],[6195]
131,19,287,1168,0.0009108392009168108,2.6000000000127484e-07,1,[1],[6298]
132,19,287,1168,0.0009111292009168123,2.9000000000142193e-07,1,[1],[6112]
133,19,287,1168,0.0009115692009168144,4.400000000021574e-07,1,[1],[6244]
134,19,287,1169,0.0009099383077226599,0.0009099383077226599,1,[1],[6381]
135,19,287,1169,0.0009102883077226616,3.500000000017161e-07,1,[1],[6222]
136,19,287,1169,0.0009105583077226629,2.7000000000132387e-07,1,[1],[6189]
137,19,287,1169,0.0009108383077226643,2.800000000013729e-07,1,[1],[6457]
138,19,287,1169,0.0009111483077226658,3.1000000000152e-07,1,[1],[6031]
139,19,287,1169,0.0009116983077226685,5.500000000026968e-07,1,[1],[6280]
140,19,287,1170,0.0009098745235263598,0.0009098745235263598,2,"[1, 5]","[6251, 101]"
141,19,287,1170,0.0009102245235263615,3.500000000017161e-07,2,"[1, 5]","[6238, 112]"
142,19,287,1170,0.0009104945235263629,2.7000000000132387e-07,2,"[1, 5]","[6054, 88]"
143,19,287,1170,0.0009107645235263642,2.7000000000132387e-07,2,"[1, 5]","[6266, 103]"
144,19,287,1170,0.0009110645235263657,3.0000000000147097e-07,2,"[1, 5]","[6085, 96]"
145,19,287,1170,0.0009115245235263679,4.600000000022555e-07,2,"[1, 5]","[6028, 92]"
146,19,287,1171,0.0009098473168961756,0.0009098473168961756,2,"[1, 5]","[5610, 643]"
147,19,287,1171,0.0009102073168961774,3.6000000000176516e-07,2,"[1, 5]","[5669, 642]"
148,19,287,1171,0.0009104973168961788,2.9000000000142193e-07,2,"[1, 5]","[5780, 648]"
149,19,287,1171,0.0009107673168961801,2.7000000000132387e-07,2,"[1, 5]","[5573, 620]"
150,19,287,1171,0.0009110873168961817,3.2000000000156903e-07,2,"[1, 5]","[5611, 588]"
151,19,287,1171,0.0009116673168961845,5.800000000028439e-07,2,"[1, 5]","[5553, 611]"
152,19,287,1172,0.0009099237503234151,0.0009099237503234151,2,"[1, 5]","[6234, 68]"
153,19,287,1172,0.0009103337503234172,4.100000000020103e-07,2,"[1, 5]","[6232, 73]"
154,19,287,1172,0.0009106937503234189,3.6000000000176516e-07,2,"[1, 5]","[6245, 63]"
155,19,287,1172,0.0009111337503234211,4.400000000021574e-07,2,"[1, 5]","[6010, 81]"
156,19,287,1173,0.0009099160970571636,0.0009099160970571636,1,[1],[6375]
157,19,287,1173,0.0009103560970571658,4.400000000021574e-07,1,[1],[6140]
158,19,287,1173,0.0009107860970571679,4.300000000021084e-07,1,[1],[6343]
159,19,287,1173,0.0009115060970571714,7.200000000035303e-07,1,[1],[6144]
160,19,287,1174,0.0009099365475101645,0.0009099365475101645,1,[1],[6256]
161,19,287,1174,0.0009104365475101669,5.000000000024516e-07,1,[1],[6342]
162,19,287,1174,0.0009109765475101696,5.400000000026477e-07,1,[1],[6167]
163,19,287,1175,0.0009100219851999689,0.0009100219851999689,1,[1],[6259]
164,19,287,1175,0.0009106119851999718,5.900000000028929e-07,1,[1],[6315]
165,19,287,1176,0.0009101097229302563,0.0009101097229302563,1,[1],[6251]
166,19,287,1176,0.00091085972293026,7.500000000036774e-07,1,[1],[6308]
167,19,287,1177,0.000910241820888909,0.000910241820888909,1,[1],[6321]
168,19,287,1177,0.0009113618208889145,1.1200000000054916e-06,1,[1],[6183]
169,19,287,1178,0.0009103891494916435,0.0009103891494916435,1,[1],[6263]
170,19,287,1179,0.0009106157819833758,0.0009106157819833758,1,[1],[6251]
171,19,287,1180,0.0009107802014293539,0.0009107802014293539,2,"[1, 4]","[6268, 2]"
172,19,287,1181,0.0009108772494029664,0.0009108772494029664,3,"[1, 3, 4]","[5658, 166, 439]"
173,19,287,1182,0.0009109446533611049,0.0009109446533611049,4,"[1, 2, 3, 4]","[4939, 1, 685, 636]"
174,19,288,1153,0.0009098623875089653,0.0009098623875089653,3,"[7, 8, 9]","[6077, 148, 26]"
175,19,288,1153,0.0009117123875089744,1.850000000009071e-06,1,[7],[6256]
176,19,288,1154,0.0009103324565235945,0.0009103324565235945,3,"[7, 8, 9]","[6240, 8, 2]"
177,19,288,1154,0.0009113724565235996,1.0400000000050993e-06,1,[7],[6305]
178,19,288,1154,0.0009128024565236066,1.4300000000070116e-06,2,"[1, 7]","[15, 6204]"
179,19,288,1168,0.0009121987918230399,0.0009121987918230399,1,[1],[6251]
180,19,288,1169,0.0009109652282481305,0.0009109652282481305,1,[1],[6264]
181,19,288,1170,0.0009105177453092242,0.0009105177453092242,2,"[1, 5]","[6165, 125]"
182,19,288,1170,0.0009116677453092298,1.1500000000056387e-06,2,"[1, 5]","[6107, 117]"
183,19,288,1171,0.0009102990021009616,0.0009102990021009616,2,"[1, 5]","[5789, 543]"
184,19,288,1171,0.0009109490021009648,6.500000000031871e-07,2,"[1, 5]","[5692, 549]"
185,19,288,1172,0.0009101930059200971,0.0009101930059200971,2,"[1, 5]","[6298, 41]"
186,19,288,1172,0.0009107730059200999,5.800000000028439e-07,2,"[1, 5]","[6139, 40]"
187,19,288,1173,0.0009100283652460212,0.0009100283652460212,1,[1],[6287]
188,19,288,1173,0.0009105483652460237,5.200000000025497e-07,1,[1],[6306]
189,19,288,1173,0.0009111983652460269,6.500000000031871e-07,1,[1],[6192]
190,19,288,1174,0.0009099300064611101,0.0009099300064611101,1,[1],[6347]
191,19,288,1174,0.0009104200064611125,4.900000000024026e-07,1,[1],[6274]
192,19,288,1174,0.0009109500064611151,5.300000000025987e-07,1,[1],[6166]
193,19,288,1175,0.0009098574521084203,0.0009098574521084203,1,[1],[6263]
194,19,288,1175,0.0009103174521084225,4.600000000022555e-07,1,[1],[6267]
195,19,288,1175,0.0009107974521084249,4.800000000023535e-07,1,[1],[6308]
196,19,288,1176,0.0009097950144980363,0.0009097950144980363,1,[1],[6265]
197,19,288,1176,0.0009102350144980384,4.400000000021574e-07,1,[1],[6269]
198,19,288,1176,0.0009106550144980405,4.2000000000205935e-07,1,[1],[6279]
199,19,288,1176,0.0009113250144980438,6.700000000032852e-07,1,[1],[6201]
200,19,288,1177,0.0009097353061648223,0.0009097353061648223,1,[1],[6260]
201,19,288,1177,0.0009101453061648243,4.100000000020103e-07,1,[1],[6281]
202,19,288,1177,0.0009105053061648261,3.6000000000176516e-07,1,[1],[6281]
203,19,288,1177,0.0009109553061648283,4.5000000000220645e-07,1,[1],[6194]
204,19,288,1178,0.000909692007703222,0.000909692007703222,1,[1],[6363]
205,19,288,1178,0.0009100820077032239,3.9000000000191225e-07,1,[1],[6302]
206,19,288,1178,0.0009104120077032255,3.3000000000161806e-07,1,[1],[6096]
207,19,288,1178,0.0009107920077032274,3.800000000018632e-07,1,[1],[6260]
208,19,288,1178,0.0009117220077032319,9.3000000000456e-07,1,[1],[6239]
209,19,288,1179,0.0009096506593426557,0.0009096506593426557,1,[1],[6354]
210,19,288,1179,0.0009100306593426576,3.800000000018632e-07,1,[1],[6164]
211,19,288,1179,0.0009103506593426591,3.2000000000156903e-07,1,[1],[6235]
212,19,288,1179,0.0009107106593426609,3.6000000000176516e-07,1,[1],[6333]
213,19,288,1179,0.0009112706593426636,5.600000000027458e-07,1,[1],[6190]
214,19,288,1180,0.0009096271719153081,0.0009096271719153081,2,"[1, 4]","[6310, 5]"
215,19,288,1180,0.00091000717191531,3.800000000018632e-07,2,"[1, 4]","[6352, 1]"
216,19,288,1180,0.0009103171719153115,3.1000000000152e-07,3,"[1, 3, 4]","[6259, 1, 1]"
217,19,288,1180,0.0009106471719153131,3.3000000000161806e-07,2,"[1, 4]","[6222, 1]"
218,19,288,1180,0.0009111271719153155,4.800000000023535e-07,2,"[1, 4]","[6176, 1]"
219,19,288,1181,0.0009095766224988675,0.0009095766224988675,3,"[1, 3, 4]","[5645, 212, 420]"
220,19,288,1181,0.0009099366224988693,3.6000000000176516e-07,3,"[1, 3, 4]","[5789, 206, 408]"
221,19,288,1181,0.0009102066224988706,2.7000000000132387e-07,3,"[1, 3, 4]","[5492, 186, 419]"
222,19,288,1181,0.000910496622498872,2.9000000000142193e-07,3,"[1, 3, 4]","[5784, 197, 399]"
223,19,288,1181,0.0009108266224988736,3.3000000000161806e-07,3,"[1, 3, 4]","[5474, 186, 434]"
224,19,288,1181,0.0009114966224988769,6.700000000032852e-07,3,"[1, 3, 4]","[5652, 187, 431]"
225,19,288,1182,0.0009095105539664523,0.0009095105539664523,4,"[1, 2, 3, 4]","[4934, 1, 840, 508]"
226,19,288,1182,0.0009098605539664541,3.500000000017161e-07,3,"[1, 3, 4]","[5058, 779, 549]"
227,19,288,1182,0.0009101205539664553,2.6000000000127484e-07,4,"[1, 2, 3, 4]","[4984, 1, 728, 528]"
228,19,288,1182,0.0009103605539664565,2.4000000000117677e-07,3,"[1, 3, 4]","[4894, 712, 530]"
229,19,288,1182,0.0009106305539664578,2.7000000000132387e-07,4,"[1, 2, 3, 4]","[5031, 2, 718, 567]"
230,19,288,1182,0.0009109805539664595,3.500000000017161e-07,4,"[1, 2, 3, 4]","[5012, 1, 664, 497]"
231,19,288,1183,0.000909579154866966,0.000909579154866966,4,"[1, 2, 3, 4]","[6013, 236, 43, 13]"
232,19,288,1183,0.0009099391548669678,3.6000000000176516e-07,4,"[1, 2, 3, 4]","[5963, 269, 49, 6]"
233,19,288,1183,0.0009102191548669692,2.800000000013729e-07,4,"[1, 2, 3, 4]","[5878, 246, 50, 12]"
234,19,288,1183,0.0009104991548669705,2.800000000013729e-07,4,"[1, 2, 3, 4]","[6032, 258, 55, 11]"
235,19,288,1183,0.0009108391548669722,3.400000000016671e-07,4,"[1, 2, 3, 4]","[5947, 233, 45, 11]"
236,19,288,1183,0.0009115491548669757,7.100000000034813e-07,4,"[1, 2, 3, 4]","[5889, 210, 42, 11]"
237,19,288,1184,0.000909570938260577,0.000909570938260577,2,"[1, 2]","[5624, 737]"
238,19,288,1184,0.0009099309382605788,3.6000000000176516e-07,2,"[1, 2]","[5544, 678]"
239,19,288,1184,0.0009102209382605802,2.9000000000142193e-07,2,"[1, 2]","[5563, 710]"
240,19,288,1184,0.0009105109382605817,2.9000000000142193e-07,2,"[1, 2]","[5564, 706]"
241,19,288,1184,0.0009108609382605834,3.500000000017161e-07,2,"[1, 2]","[5583, 645]"
242,19,288,1184,0.0009117409382605877,8.800000000043148e-07,2,"[1, 2]","[5552, 604]"
243,19,288,1185,0.0009096407120987176,0.0009096407120987176,2,"[1, 2]","[6290, 24]"
244,19,288,1185,0.0009100307120987195,3.9000000000191225e-07,2,"[1, 2]","[6243, 35]"
245,19,288,1185,0.0009103707120987212,3.400000000016671e-07,2,"[1, 2]","[6272, 32]"
246,19,288,1185,0.000910740712098723,3.700000000018142e-07,2,"[1, 2]","[6111, 29]"
247,19,288,1185,0.0009115707120987271,8.300000000040697e-07,2,"[1, 2]","[6196, 28]"
248,19,288,1186,0.0009096555656356171,0.0009096555656356171,1,[1],[6360]
249,19,288,1186,0.0009100655656356191,4.100000000020103e-07,1,[1],[6292]
250,19,288,1186,0.0009104155656356208,3.500000000017161e-07,1,[1],[6149]
251,19,288,1186,0.000910845565635623,4.300000000021084e-07,1,[1],[6231]
252,19,288,1187,0.0009096609140181191,0.0009096609140181191,1,[1],[6320]
253,19,288,1187,0.000910060914018121,4.000000000019613e-07,1,[1],[6203]
254,19,288,1187,0.0009104309140181228,3.700000000018142e-07,1,[1],[6376]
255,19,288,1187,0.000910870914018125,4.400000000021574e-07,1,[1],[6119]
256,19,288,1188,0.0009100431503276849,0.0009100431503276849,1,[1],[6294]
257,19,288,1188,0.0009108131503276887,7.700000000037755e-07,1,[1],[6261]
258,19,289,1153,0.0009066809300827626,0.0009066809300827626,3,"[7, 8, 9]","[4382, 986, 937]"
259,19,289,1153,0.0009072809300827656,6.000000000029419e-07,3,"[7, 8, 9]","[3724, 1598, 888]"
260,19,289,1153,0.0009078609300827684,5.800000000028439e-07,3,"[7, 8, 9]","[4372, 1402, 562]"
261,19,289,1153,0.0009085609300827719,7.000000000034323e-07,3,"[7, 8, 9]","[5237, 748, 196]"
262,19,289,1153,0.0009097809300827778,1.220000000005982e-06,3,"[7, 8, 9]","[6096, 124, 16]"
263,19,289,1154,0.0009096966267624073,0.0009096966267624073,3,"[7, 8, 9]","[5635, 377, 240]"
264,19,290,1152,0.0009049738998670767,0.0009049738998670767,2,"[7, 9]","[6265, 2]"
265,19,290,1152,0.0009073338998670883,2.3600000000115716e-06,3,"[7, 8, 9]","[5618, 210, 411]"
266,19,290,1153,0.0009052303532026191,0.0009052303532026191,3,"[7, 8, 9]","[6288, 4, 23]"
267,19,290,1153,0.0009061403532026236,9.100000000044619e-07,3,"[7, 8, 9]","[5700, 99, 406]"
268,19,290,1153,0.0009068903532026272,7.500000000036774e-07,3,"[7, 8, 9]","[4666, 479, 1096]"
269,19,290,1153,0.0009079403532026324,1.0500000000051484e-06,3,"[7, 8, 9]","[3789, 1077, 1407]"
270,19,291,1152,0.0009021116216924881,0.0009021116216924881,1,[7],[6276]
271,19,291,1152,0.0009029716216924923,8.600000000042168e-07,1,[7],[6226]
272,19,291,1152,0.0009038916216924968,9.20000000004511e-07,1,[7],[6252]
273,19,291,1153,0.0009049327689639482,0.0009049327689639482,1,[7],[6252]
274,19,292,1151,0.0008999547256518484,0.0008999547256518484,1,[7],[6254]
275,19,292,1152,0.0009002366558219721,0.0009002366558219721,1,[7],[6256]
276,19,292,1152,0.0009012466558219771,1.0100000000049522e-06,1,[7],[6294]
277,19,292,1152,0.0009024966558219832,1.250000000006129e-06,1,[7],[6209]
278,19,293,1151,0.0008970929343371172,0.0008970929343371172,1,[7],[6258]
279,19,293,1151,0.0008979829343371215,8.900000000043639e-07,1,[7],[6293]
280,19,293,1151,0.000898892934337126,9.100000000044619e-07,1,[7],[6200]
281,19,293,1152,0.0009000005930878578,0.0009000005930878578,1,[7],[6258]
282,19,294,1150,0.0008949825456384513,0.0008949825456384513,1,[7],[6280]
283,19,294,1151,0.0008952556778929207,0.0008952556778929207,1,[7],[6317]
284,19,294,1151,0.0008962556778929256,1.0000000000049032e-06,1,[7],[6205]
285,19,294,1151,0.0008975156778929318,1.260000000006178e-06,1,[7],[6228]
286,19,295,1150,0.0008921352907300445,0.0008921352907300445,1,[7],[6294]
287,19,295,1150,0.0008930252907300488,8.900000000043639e-07,1,[7],[6230]
288,19,295,1150,0.0008939152907300532,8.900000000043639e-07,1,[7],[6240]
289,19,295,1151,0.0008949450570818836,0.0008949450570818836,1,[7],[6250]
290,19,296,1149,0.0008899689915397512,0.0008899689915397512,1,[7],[6262]
291,19,296,1150,0.0008902544251562901,0.0008902544251562901,1,[7],[6295]
292,19,296,1150,0.000891244425156295,9.900000000048542e-07,1,[7],[6230]
293,19,296,1150,0.0008925044251563011,1.260000000006178e-06,1,[7],[6241]
294,19,297,1149,0.0008870988220396804,0.0008870988220396804,2,"[7, 10]","[6144, 106]"
295,19,297,1149,0.0008879888220396847,8.900000000043639e-07,2,"[7, 10]","[6263, 2]"
296,19,297,1149,0.0008888988220396892,9.100000000044619e-07,1,[7],[6246]
297,19,297,1150,0.0008899864121178161,0.0008899864121178161,2,"[7, 10]","[6257, 5]"
298,19,298,1148,0.000885008318259063,0.000885008318259063,2,"[7, 10]","[5654, 609]"
299,19,298,1148,0.0008872283182590739,2.220000000010885e-06,2,"[7, 10]","[4999, 1247]"
300,19,298,1149,0.0008851681617637393,0.0008851681617637393,2,"[7, 10]","[5003, 1288]"
301,19,298,1149,0.0008860581617637437,8.900000000043639e-07,2,"[7, 10]","[4936, 1308]"
302,19,298,1149,0.0008871581617637491,1.1000000000053935e-06,2,"[7, 10]","[5899, 334]"
303,19,299,1148,0.0008823253746393363,0.0008823253746393363,1,[7],[6268]
304,19,299,1148,0.0008831853746393405,8.600000000042168e-07,1,[7],[6246]
305,19,299,1148,0.000884115374639345,9.3000000000456e-07,2,"[7, 10]","[6225, 23]"
306,19,299,1149,0.0008850522063765103,0.0008850522063765103,2,"[7, 10]","[5891, 360]"
307,19,300,1147,0.0008803318791832415,0.0008803318791832415,1,[7],[6274]
308,19,300,1148,0.0008805571898285839,0.0008805571898285839,1,[7],[6292]
309,19,300,1148,0.0008815471898285887,9.900000000048542e-07,1,[7],[6252]
310,19,300,1148,0.0008829271898285955,1.3800000000067664e-06,1,[7],[6214]
311,19,301,1147,0.0008775759173517447,0.0008775759173517447,2,"[7, 11]","[6203, 87]"
312,19,301,1147,0.000878455917351749,8.800000000043148e-07,1,[7],[6215]
313,19,301,1147,0.0008793959173517536,9.40000000004609e-07,1,[7],[6276]
314,19,301,1148,0.0008804070767628086,0.0008804070767628086,2,"[7, 11]","[6251, 1]"
315,19,302,1146,0.0008751635021841639,0.0008751635021841639,2,"[7, 11]","[4392, 1892]"
316,19,302,1146,0.0008764835021841704,1.3200000000064722e-06,2,"[7, 11]","[4472, 1751]"
317,19,302,1147,0.0008752922891434201,0.0008752922891434201,2,"[7, 11]","[3658, 2609]"
318,19,302,1147,0.0008761322891434242,8.400000000041187e-07,2,"[7, 11]","[4568, 1666]"
319,19,302,1147,0.0008770322891434286,9.000000000044129e-07,2,"[7, 11]","[5906, 385]"
320,19,302,1147,0.0008791122891434388,2.0800000000101987e-06,2,"[7, 11]","[6194, 18]"
321,19,303,1146,0.0008728177682433099,0.0008728177682433099,1,[7],[6298]
322,19,303,1146,0.0008736677682433141,8.500000000041677e-07,2,"[7, 11]","[6273, 27]"
323,19,303,1146,0.000874467768243318,8.000000000039226e-07,2,"[7, 11]","[5823, 367]"
324,19,303,1146,0.0008756677682433239,1.2000000000058839e-06,2,"[7, 11]","[4671, 1547]"
325,19,303,1147,0.0008748640032204389,0.0008748640032204389,2,"[7, 11]","[5340, 944]"
326,19,304,1145,0.0008711988363822202,0.0008711988363822202,2,"[7, 12]","[6232, 50]"
327,19,304,1146,0.0008708842498461286,0.0008708842498461286,2,"[7, 12]","[6300, 10]"
328,19,304,1146,0.0008717542498461329,8.700000000042658e-07,1,[7],[6192]
329,19,304,1146,0.0008726942498461375,9.40000000004609e-07,1,[7],[6261]
330,19,305,1145,0.0008680401712816258,0.0008680401712816258,2,"[7, 12]","[5334, 919]"
331,19,305,1145,0.0008688401712816297,8.000000000039226e-07,2,"[7, 12]","[5115, 1152]"
332,19,305,1145,0.000869730171281634,8.900000000043639e-07,2,"[7, 12]","[5773, 478]"
333,19,305,1146,0.0008697291244140255,0.0008697291244140255,2,"[7, 12]","[5537, 722]"
334,19,306,1145,0.0008659527853559467,0.0008659527853559467,1,[7],[6276]
335,19,306,1145,0.0008668327853559511,8.800000000043148e-07,2,"[7, 12]","[6278, 19]"
336,19,306,1145,0.0008676927853559553,8.600000000042168e-07,2,"[7, 12]","[5975, 229]"
337,19,306,1145,0.000869262785355963,1.570000000007698e-06,2,"[7, 12]","[5239, 989]"
338,19,307,1144,0.0008634008843564023,0.0008634008843564023,2,"[7, 13]","[6144, 107]"
339,19,307,1144,0.0008646408843564084,1.24000000000608e-06,1,[7],[6287]
340,19,307,1145,0.0008643956081467929,0.0008643956081467929,2,"[7, 13]","[6287, 2]"
341,19,307,1145,0.0008658156081467999,1.4200000000069626e-06,1,[7],[6237]
342,19,308,1144,0.0008605587069818111,0.0008605587069818111,2,"[7, 13]","[4043, 2228]"
343,19,308,1144,0.0008611387069818139,5.800000000028439e-07,2,"[7, 13]","[3266, 2979]"
344,19,308,1144,0.0008616787069818166,5.400000000026477e-07,2,"[7, 13]","[3709, 2567]"
345,19,308,1144,0.0008623287069818198,6.500000000031871e-07,2,"[7, 13]","[4877, 1368]"
346,19,308,1144,0.0008634987069818255,1.1700000000057368e-06,2,"[7, 13]","[5960, 283]"
347,19,309,1143,0.0008592579258506055,0.0008592579258506055,2,"[7, 13]","[6272, 8]"
348,19,309,1143,0.0008620279258506191,2.770000000013582e-06,2,"[7, 13]","[3747, 2475]"
349,19,309,1144,0.0008589179541177621,0.0008589179541177621,2,"[7, 13]","[6254, 12]"
350,19,309,1144,0.0008598479541177666,9.3000000000456e-07,2,"[7, 13]","[5756, 496]"
351,19,309,1144,0.00086053795411777,6.900000000033832e-07,2,"[7, 13]","[3936, 2411]"
352,19,309,1144,0.0008610879541177727,5.500000000026968e-07,2,"[7, 13]","[2253, 3917]"
353,19,309,1144,0.0008617479541177759,6.600000000032361e-07,2,"[7, 13]","[1666, 4587]"
354,19,310,1143,0.0008561007124426933,0.0008561007124426933,1,[7],[6307]
355,19,310,1143,0.0008571407124426984,1.0400000000050993e-06,1,[7],[6206]
356,19,310,1143,0.0008588107124427066,1.6700000000081884e-06,1,[7],[6250]
357,19,310,1144,0.0008576630019171126,0.0008576630019171126,1,[7],[6274]
358,19,311,1143,0.0008536594698731868,0.0008536594698731868,1,[7],[6304]
359,19,311,1143,0.0008545294698731911,8.700000000042658e-07,1,[7],[6203]
360,19,311,1143,0.0008554394698731955,9.100000000044619e-07,1,[7],[6296]
361,19,312,1142,0.0008517699112936674,0.0008517699112936674,2,"[7, 14]","[6197, 60]"
362,19,312,1143,0.0008517163799439067,0.0008517163799439067,2,"[7, 14]","[6263, 17]"
363,19,312,1143,0.0008527563799439118,1.0400000000050993e-06,1,[7],[6224]
364,19,312,1143,0.0008543363799439196,1.580000000007747e-06,1,[7],[6256]
365,19,313,1142,0.0008485322357300207,0.0008485322357300207,2,"[7, 14]","[5220, 1042]"
366,19,313,1142,0.0008493722357300248,8.400000000041187e-07,2,"[7, 14]","[4810, 1462]"
367,19,313,1142,0.0008503522357300296,9.800000000048052e-07,2,"[7, 14]","[5678, 563]"
368,19,313,1143,0.0008502474173731414,0.0008502474173731414,2,"[7, 14]","[5231, 1046]"
369,19,314,1142,0.0008463125633275993,0.0008463125633275993,3,"[7, 15, 16]","[6011, 292, 2]"
370,19,314,1142,0.0008471325633276033,8.200000000040206e-07,3,"[7, 14, 15]","[6211, 15, 2]"
371,19,314,1142,0.000847872563327607,7.400000000036284e-07,2,"[7, 14]","[6121, 117]"
372,19,314,1142,0.0008488625633276118,9.900000000048542e-07,2,"[7, 14]","[5496, 767]"
373,19,315,1141,0.0008439337485556766,0.0008439337485556766,3,"[7, 15, 16]","[5022, 198, 1045]"
374,19,315,1141,0.0008450737485556822,1.1400000000055897e-06,3,"[7, 15, 16]","[4725, 1195, 335]"
375,19,315,1142,0.0008442634342381352,0.0008442634342381352,3,"[7, 15, 16]","[4731, 584, 937]"
376,19,315,1142,0.0008451334342381395,8.700000000042658e-07,3,"[7, 15, 16]","[4784, 1382, 128]"
377,19,315,1142,0.0008461334342381444,1.0000000000049032e-06,3,"[7, 15, 16]","[5460, 779, 10]"
378,19,316,1141,0.0008414352329548611,0.0008414352329548611,2,"[7, 16]","[6290, 2]"
379,19,316,1141,0.0008422752329548652,8.400000000041187e-07,2,"[7, 16]","[6169, 63]"
380,19,316,1141,0.000843055232954869,7.800000000038245e-07,3,"[7, 15, 16]","[5826, 1, 465]"
381,19,316,1141,0.0008441652329548745,1.1100000000054426e-06,3,"[7, 15, 16]","[4927, 44, 1222]"
382,19,316,1142,0.0008435496408625276,0.0008435496408625276,3,"[7, 15, 16]","[5535, 11, 724]"
383,19,317,1140,0.0008409110310132135,0.0008409110310132135,1,[7],[6251]
384,19,317,1141,0.0008392965301962559,0.0008392965301962559,1,[7],[6274]
385,19,317,1141,0.0008401365301962601,8.400000000041187e-07,1,[7],[6267]
386,19,317,1141,0.0008409665301962641,8.300000000040697e-07,1,[7],[6274]
387,19,317,1141,0.0008425865301962721,1.6200000000079432e-06,2,"[7, 16]","[6190, 3]"
388,19,318,1140,0.0008368831492810832,0.0008368831492810832,1,[7],[6304]
389,19,318,1140,0.0008379931492810887,1.1100000000054426e-06,1,[7],[6202]
390,19,318,1141,0.0008377526163669422,0.0008377526163669422,1,[7],[6287]
391,19,318,1141,0.0008390326163669484,1.2800000000062761e-06,1,[7],[6223]
392,19,319,1140,0.0008343884425857678,0.0008343884425857678,1,[7],[6310]
393,19,319,1140,0.0008351784425857716,7.900000000038735e-07,1,[7],[6195]
394,19,319,1140,0.0008359384425857754,7.600000000037264e-07,1,[7],[6263]
395,19,319,1140,0.0008372184425857816,1.2800000000062761e-06,1,[7],[6233]
396,19,320,1139,0.0008327137270985886,0.0008327137270985886,2,"[7, 17]","[6154, 104]"
397,19,320,1140,0.0008324014065353702,0.0008324014065353702,2,"[7, 17]","[6260, 35]"
398,19,320,1140,0.0008333014065353746,9.000000000044129e-07,1,[7],[6260]
399,19,320,1140,0.0008342414065353793,9.40000000004609e-07,1,[7],[6226]
400,19,321,1139,0.000829528599365259,0.000829528599365259,2,"[7, 17]","[5234, 1025]"
401,19,321,1139,0.0008302685993652626,7.400000000036284e-07,2,"[7, 17]","[4487, 1797]"
402,19,321,1139,0.0008310785993652666,8.100000000039716e-07,2,"[7, 17]","[5141, 1128]"
403,19,321,1139,0.0008332585993652773,2.180000000010689e-06,2,"[7, 17]","[5998, 194]"
404,19,321,1140,0.0008309127084014923,0.0008309127084014923,2,"[7, 17]","[5137, 1123]"
405,19,321,1140,0.0008332827084015039,2.3700000000116206e-06,2,"[7, 17]","[6157, 88]"
406,19,322,1139,0.0008274298092650951,0.0008274298092650951,1,[7],[6307]
407,19,322,1139,0.0008281998092650989,7.700000000037755e-07,2,"[7, 17]","[6196, 4]"
408,19,322,1139,0.0008289398092651025,7.400000000036284e-07,2,"[7, 17]","[6257, 65]"
409,19,322,1139,0.0008299098092651073,9.700000000047561e-07,2,"[7, 17]","[5505, 698]"
410,19,322,1159,0.0007237802824373188,0.0007237802824373188,2,"[133, 161]","[6292, 1]"
411,19,323,1138,0.0008256191162508817,0.0008256191162508817,1,[7],[6282]
412,19,323,1139,0.0008256415897731312,0.0008256415897731312,1,[7],[6281]
413,19,323,1139,0.0008265815897731358,9.40000000004609e-07,1,[7],[6223]
414,19,323,1139,0.0008277615897731416,1.1800000000057858e-06,1,[7],[6268]
415,19,323,1159,0.0007213449145238383,0.0007213449145238383,3,"[133, 161, 162]","[6309, 2, 2]"
416,19,323,1159,0.0007218749145238409,5.300000000025987e-07,3,"[133, 161, 162]","[6187, 8, 2]"
417,19,323,1159,0.0007224249145238436,5.500000000026968e-07,3,"[133, 161, 162]","[6254, 2, 3]"
418,19,323,1159,0.000723114914523847,6.900000000033832e-07,3,"[133, 161, 162]","[6259, 4, 1]"
419,19,323,1159,0.0007238949145238508,7.800000000038245e-07,2,"[133, 161]","[6221, 1]"
420,19,324,1138,0.0008228697920914566,0.0008228697920914566,1,[7],[6267]
421,19,324,1138,0.0008237397920914609,8.700000000042658e-07,1,[7],[6274]
422,19,324,1138,0.0008246797920914655,9.40000000004609e-07,1,[7],[6240]
423,19,324,1139,0.0008246365378269197,0.0008246365378269197,1,[7],[6280]
424,19,324,1158,0.0007221081836115804,0.0007221081836115804,1,[133],[6287]
425,19,324,1158,0.0007227281836115835,6.2000000000304e-07,1,[133],[6235]
426,19,324,1158,0.0007235981836115877,8.700000000042658e-07,2,"[133, 165]","[6262, 3]"
427,19,324,1159,0.0007214369011540156,0.0007214369011540156,1,[133],[6269]
428,19,324,1159,0.0007222169011540194,7.800000000038245e-07,2,"[133, 161]","[6288, 1]"
429,19,325,1138,0.0008207049470287265,0.0008207049470287265,1,[7],[6315]
430,19,325,1138,0.0008214749470287303,7.700000000037755e-07,1,[7],[6253]
431,19,325,1138,0.0008222149470287339,7.400000000036284e-07,1,[7],[6208]
432,19,325,1138,0.0008233349470287394,1.1200000000054916e-06,1,[7],[6226]
433,19,325,1157,0.0007240696439209738,0.0007240696439209738,3,"[133, 165, 166]","[6183, 81, 3]"
434,19,325,1158,0.0007231249754963836,0.0007231249754963836,2,"[133, 165]","[6252, 6]"
435,19,325,1158,0.0007240549754963881,9.3000000000456e-07,3,"[133, 165, 166]","[6186, 83, 1]"
436,19,326,1137,0.0008187570056232553,0.0008187570056232553,1,[7],[6276]
437,19,326,1137,0.0008204870056232637,1.7300000000084826e-06,1,[7],[6231]
438,19,326,1138,0.000818967179351468,0.000818967179351468,1,[7],[6260]
439,19,326,1138,0.0008199471793514728,9.800000000048052e-07,1,[7],[6298]
440,19,326,1138,0.0008213271793514796,1.3800000000067664e-06,1,[7],[6194]
441,19,326,1157,0.0007250274186646368,0.0007250274186646368,3,"[133, 165, 166]","[6232, 41, 1]"
442,19,326,1157,0.0007257574186646403,7.300000000035793e-07,2,"[133, 165]","[6269, 1]"
443,19,326,1157,0.0007265374186646442,7.800000000038245e-07,2,"[133, 165]","[6241, 1]"
444,19,327,1137,0.0008161930586264253,0.0008161930586264253,1,[7],[6314]
445,19,327,1137,0.0008170330586264294,8.400000000041187e-07,1,[7],[6262]
446,19,327,1137,0.0008179230586264338,8.900000000043639e-07,1,[7],[6204]
447,19,327,1138,0.0008180719218157247,0.0008180719218157247,1,[7],[6250]
448,19,327,1155,0.0007276335460112764,0.0007276335460112764,1,[133],[6259]
449,19,327,1156,0.0007266244666352792,0.0007266244666352792,1,[133],[6360]
450,19,327,1156,0.0007271444666352817,5.200000000025497e-07,1,[133],[6209]
451,19,327,1156,0.0007279644666352857,8.200000000040206e-07,1,[133],[6182]
452,19,327,1157,0.0007268657785260736,0.0007268657785260736,1,[133],[6265]
453,19,328,1137,0.0008139923440807433,0.0008139923440807433,1,[7],[6274]
454,19,328,1137,0.0008148023440807473,8.100000000039716e-07,1,[7],[6260]
455,19,328,1137,0.0008156323440807514,8.300000000040697e-07,1,[7],[6272]
456,19,328,1154,0.0007258914027187193,0.0007258914027187193,1,[133],[6284]
457,19,328,1154,0.0007265514027187225,6.600000000032361e-07,1,[133],[6260]
458,19,328,1155,0.0007264149061358088,0.0007264149061358088,1,[133],[6250]
459,19,328,1155,0.0007269949061358117,5.800000000028439e-07,1,[133],[6334]
460,19,328,1155,0.0007281849061358175,1.1900000000058348e-06,1,[133],[6179]
461,19,329,1136,0.0008118415296898527,0.0008118415296898527,1,[7],[6259]
462,19,329,1136,0.0008132615296898597,1.4200000000069626e-06,1,[7],[6248]
463,19,329,1137,0.0008123022915703487,0.0008123022915703487,1,[7],[6270]
464,19,329,1137,0.0008133722915703539,1.0700000000052464e-06,1,[7],[6257]
465,19,329,1153,0.0007248159184026927,0.0007248159184026927,2,"[132, 133]","[27, 6269]"
466,19,329,1153,0.0007255359184026963,7.200000000035303e-07,1,[133],[6273]
467,19,329,1154,0.0007255849473821997,0.0007255849473821997,1,[133],[6279]
468,19,329,1154,0.0007274449473822089,1.86000000000912e-06,1,[133],[6221]
469,19,330,1136,0.0008092769938605317,0.0008092769938605317,1,[7],[6284]
470,19,330,1136,0.0008100969938605357,8.200000000040206e-07,1,[7],[6293]
471,19,330,1136,0.0008109269938605398,8.300000000040697e-07,1,[7],[6208]
472,19,330,1137,0.0008120039155779669,0.0008120039155779669,1,[7],[6262]
473,19,330,1151,0.0007242192468903099,0.0007242192468903099,2,"[132, 133]","[6102, 177]"
474,19,330,1152,0.0007232612652963166,0.0007232612652963166,2,"[132, 133]","[4257, 2102]"
475,19,330,1152,0.0007236212652963184,3.6000000000176516e-07,2,"[132, 133]","[4438, 1826]"
476,19,330,1152,0.0007239112652963198,2.9000000000142193e-07,2,"[132, 133]","[4539, 1741]"
477,19,330,1152,0.0007242112652963213,3.0000000000147097e-07,2,"[132, 133]","[4461, 1798]"
478,19,330,1152,0.0007246312652963233,4.2000000000205935e-07,2,"[132, 133]","[4360, 1730]"
479,19,330,1153,0.0007240628057854143,0.0007240628057854143,2,"[132, 133]","[313, 6006]"
480,19,330,1153,0.0007247428057854177,6.800000000033342e-07,2,"[132, 133]","[136, 6045]"
481,19,331,1135,0.0008094428628933215,0.0008094428628933215,1,[7],[6251]
482,19,331,1136,0.0008071620534849464,0.0008071620534849464,1,[7],[6251]
483,19,331,1136,0.0008079720534849504,8.100000000039716e-07,1,[7],[6300]
484,19,331,1136,0.0008087720534849543,8.000000000039226e-07,1,[7],[6249]
485,19,331,1136,0.0008104620534849626,1.6900000000082864e-06,1,[7],[6204]
486,19,331,1151,0.0007241222474804127,0.0007241222474804127,2,"[132, 133]","[4270, 2000]"
487,19,331,1152,0.0007228751070324415,0.0007228751070324415,2,"[132, 133]","[2719, 3659]"
488,19,331,1152,0.0007232551070324434,3.800000000018632e-07,2,"[132, 133]","[2908, 3270]"
489,19,331,1152,0.0007235651070324449,3.1000000000152e-07,2,"[132, 133]","[3104, 3097]"
490,19,331,1152,0.0007239051070324465,3.400000000016671e-07,2,"[132, 133]","[3645, 2717]"
491,19,331,1152,0.0007243051070324485,4.000000000019613e-07,2,"[132, 133]","[4097, 2087]"
492,19,332,1135,0.0008048963040137106,0.0008048963040137106,1,[7],[6285]
493,19,332,1135,0.0008060663040137164,1.1700000000057368e-06,1,[7],[6223]
494,19,332,1136,0.0008056349859033168,0.0008056349859033168,1,[7],[6250]
495,19,332,1136,0.000806894985903323,1.260000000006178e-06,1,[7],[6281]
496,19,333,1135,0.0008025115521687587,0.0008025115521687587,1,[7],[6294]
497,19,333,1135,0.0008033215521687627,8.100000000039716e-07,1,[7],[6236]
498,19,333,1135,0.0008041315521687667,8.100000000039716e-07,1,[7],[6263]
499,19,334,1134,0.000800996418319397,0.000800996418319397,1,[7],[6267]
500,19,334,1135,0.000800538590361281,0.000800538590361281,1,[7],[6309]
501,19,334,1135,0.0008013985903612852,8.600000000042168e-07,1,[7],[6246]
502,19,334,1135,0.00080237859036129,9.800000000048052e-07,1,[7],[6197]
503,19,335,1134,0.0007979127339152803,0.0007979127339152803,1,[7],[6307]
504,19,335,1134,0.0007988027339152847,8.900000000043639e-07,1,[7],[6209]
505,19,335,1134,0.0007999327339152902,1.1300000000055406e-06,1,[7],[6274]
506,19,335,1135,0.0007995263332985615,0.0007995263332985615,1,[7],[6271]
507,19,336,1134,0.0007957713845261076,0.0007957713845261076,3,"[7, 18, 19]","[6279, 17, 4]"
508,19,336,1134,0.0007965513845261114,7.800000000038245e-07,1,[7],[6209]
509,19,336,1134,0.0007973313845261152,7.800000000038245e-07,1,[7],[6304]
510,19,336,1134,0.0007989913845261234,1.6600000000081393e-06,1,[7],[6188]
511,19,337,1133,0.000792625976084778,0.000792625976084778,3,"[7, 18, 19]","[2478, 1297, 2502]"
512,19,337,1133,0.0007933959760847818,7.700000000037755e-07,3,"[7, 18, 19]","[3236, 1724, 1319]"
513,19,337,1133,0.0007943759760847866,9.800000000048052e-07,3,"[7, 18, 19]","[5159, 722, 319]"
514,19,337,1134,0.0007934793893864035,0.0007934793893864035,3,"[7, 18, 19]","[2562, 1934, 1759]"
515,19,337,1134,0.0007946893893864094,1.2100000000059329e-06,3,"[7, 18, 19]","[5797, 376, 75]"
516,19,337,1134,0.0007961093893864164,1.4200000000069626e-06,2,"[7, 18]","[6265, 4]"
517,19,338,1133,0.0007910431741394624,0.0007910431741394624,3,"[7, 18, 19]","[6162, 7, 119]"
518,19,338,1133,0.0007916531741394653,6.10000000002991e-07,3,"[7, 18, 19]","[5532, 83, 700]"
519,19,338,1133,0.0007920931741394675,4.400000000021574e-07,3,"[7, 18, 19]","[4585, 291, 1323]"
520,19,338,1133,0.0007924931741394695,4.000000000019613e-07,3,"[7, 18, 19]","[3949, 607, 1666]"
521,19,338,1133,0.0007929431741394717,4.5000000000220645e-07,3,"[7, 18, 19]","[3627, 897, 1737]"
522,19,338,1133,0.0007937231741394755,7.800000000038245e-07,3,"[7, 18, 19]","[3552, 1236, 1430]"
523,19,338,1134,0.0007927724872283889,0.0007927724872283889,3,"[7, 18, 19]","[2959, 876, 2441]"
524,19,339,1132,0.0007893499312946043,0.0007893499312946043,1,[7],[6288]
525,19,339,1132,0.0007914499312946146,2.1000000000102968e-06,1,[7],[6213]
526,19,339,1133,0.0007893660340913397,0.0007893660340913397,1,[7],[6291]
527,19,339,1133,0.0007901160340913434,7.500000000036774e-07,1,[7],[6247]
528,19,339,1133,0.0007908460340913469,7.300000000035793e-07,2,"[7, 19]","[6253, 2]"
529,19,339,1133,0.0007923960340913545,1.5500000000076e-06,3,"[7, 18, 19]","[6160, 4, 48]"
530,19,340,1132,0.0007867439011452243,0.0007867439011452243,1,[7],[6321]
531,19,340,1132,0.0007874539011452278,7.100000000034813e-07,1,[7],[6200]
532,19,340,1132,0.0007881339011452311,6.800000000033342e-07,1,[7],[6264]
533,19,340,1132,0.0007891939011452363,1.0600000000051974e-06,1,[7],[6217]
534,19,340,1133,0.0007884403795155953,0.0007884403795155953,1,[7],[6268]
535,19,341,1131,0.000786116144374521,0.000786116144374521,1,[7],[6259]
536,19,341,1132,0.0007847991213569956,0.0007847991213569956,1,[7],[6251]
537,19,341,1132,0.000785499121356999,7.000000000034323e-07,1,[7],[6331]
538,19,341,1132,0.000786099121357002,6.000000000029419e-07,1,[7],[6211]
539,19,341,1132,0.0007868491213570057,7.500000000036774e-07,1,[7],[6217]
540,19,342,1131,0.0007825736477515116,0.0007825736477515116,1,[7],[6311]
541,19,342,1131,0.0007834636477515159,8.900000000043639e-07,1,[7],[6239]
542,19,342,1131,0.0007846636477515218,1.2000000000058839e-06,1,[7],[6210]
543,19,342,1132,0.0007834969554682395,0.0007834969554682395,1,[7],[6309]
544,19,342,1132,0.0007845269554682446,1.0300000000050503e-06,1,[7],[6215]
545,19,343,1131,0.0007802941036209689,0.0007802941036209689,2,"[7, 20]","[5896, 366]"
546,19,343,1131,0.0007809641036209721,6.700000000032852e-07,2,"[7, 20]","[6244, 11]"
547,19,343,1131,0.000781544103620975,5.800000000028439e-07,2,"[7, 20]","[6337, 1]"
548,19,343,1131,0.0007821941036209782,6.500000000031871e-07,1,[7],[6247]
549,19,343,1131,0.0007837641036209859,1.570000000007698e-06,1,[7],[6148]
550,19,344,1130,0.0007784031444324052,0.0007784031444324052,2,"[7, 20]","[5041, 1234]"
551,19,344,1130,0.000779183144432409,7.800000000038245e-07,2,"[7, 20]","[3516, 2741]"
552,19,344,1130,0.000781013144432418,1.8300000000089729e-06,2,"[7, 20]","[4325, 1897]"
553,19,344,1131,0.0007784628886654505,0.0007784628886654505,2,"[7, 20]","[4582, 1688]"
554,19,344,1131,0.0007790328886654533,5.700000000027948e-07,2,"[7, 20]","[3872, 2432]"
555,19,344,1131,0.0007795528886654559,5.200000000025497e-07,2,"[7, 20]","[4283, 1992]"
556,19,344,1131,0.0007802028886654591,6.500000000031871e-07,2,"[7, 20]","[5191, 1010]"
557,19,345,1130,0.0007760451364003441,0.0007760451364003441,2,"[7, 21]","[6051, 222]"
558,19,345,1130,0.0007768151364003479,7.700000000037755e-07,1,[7],[6280]
559,19,345,1130,0.0007775751364003516,7.600000000037264e-07,2,"[7, 20]","[6229, 23]"
560,19,345,1130,0.0007789951364003586,1.4200000000069626e-06,2,"[7, 20]","[5660, 546]"
561,19,345,1131,0.000778016849838189,0.000778016849838189,3,"[7, 20, 21]","[6176, 96, 3]"
562,19,346,1129,0.0007746252763582747,0.0007746252763582747,3,"[7, 21, 22]","[4299, 1770, 196]"
563,19,346,1130,0.00077377678922999,0.00077377678922999,3,"[7, 21, 22]","[3866, 2306, 85]"
564,19,346,1130,0.0007743267892299927,5.500000000026968e-07,3,"[7, 21, 22]","[3651, 2592, 2]"
565,19,346,1130,0.0007748367892299952,5.100000000025006e-07,2,"[7, 21]","[4357, 1970]"
566,19,346,1130,0.000775416789229998,5.800000000028439e-07,2,"[7, 21]","[5344, 864]"
567,19,346,1130,0.0007763067892300024,8.900000000043639e-07,2,"[7, 21]","[6062, 161]"
568,19,347,1129,0.0007717092575006794,0.0007717092575006794,2,"[7, 22]","[5575, 703]"
569,19,347,1129,0.0007722792575006822,5.700000000027948e-07,2,"[7, 22]","[3998, 2270]"
570,19,347,1129,0.0007727192575006843,4.400000000021574e-07,3,"[7, 21, 22]","[3256, 13, 3022]"
571,19,347,1129,0.0007732092575006868,4.900000000024026e-07,3,"[7, 21, 22]","[3024, 30, 3209]"
572,19,347,1129,0.0007742092575006917,1.0000000000049032e-06,3,"[7, 21, 22]","[3582, 328, 2240]"
573,19,347,1130,0.0007725341428199391,0.0007725341428199391,3,"[7, 21, 22]","[4423, 7, 1854]"
574,19,347,1130,0.000773324142819943,7.900000000038735e-07,3,"[7, 21, 22]","[4036, 217, 2001]"
575,19,347,1130,0.0007743041428199478,9.800000000048052e-07,3,"[7, 21, 22]","[4312, 1219, 687]"
576,19,348,1129,0.0007697306944007004,0.0007697306944007004,2,"[7, 23]","[6236, 14]"
577,19,348,1129,0.0007704106944007037,6.800000000033342e-07,1,[7],[6304]
578,19,348,1129,0.0007710106944007067,6.000000000029419e-07,2,"[7, 22]","[6257, 19]"
579,19,348,1129,0.00077169069440071,6.800000000033342e-07,2,"[7, 22]","[5865, 321]"
580,19,348,1129,0.0007726006944007145,9.100000000044619e-07,2,"[7, 22]","[3878, 2405]"
581,19,348,1130,0.0007740930033474174,0.0007740930033474174,4,"[7, 21, 22, 117]","[3869, 1, 2375, 5]"
582,19,349,1128,0.0007673813002165525,0.0007673813002165525,3,"[7, 23, 24]","[4563, 1704, 11]"
583,19,349,1128,0.0007682213002165566,8.400000000041187e-07,2,"[7, 23]","[5071, 1200]"
584,19,349,1128,0.0007693813002165623,1.1600000000056877e-06,2,"[7, 23]","[6012, 209]"
585,19,349,1129,0.000768134903222908,0.000768134903222908,2,"[7, 23]","[4856, 1435]"
586,19,349,1129,0.0007690149032229123,8.800000000043148e-07,2,"[7, 23]","[6047, 162]"
587,19,349,1129,0.0007701349032229178,1.1200000000054916e-06,2,"[7, 23]","[6275, 7]"
588,19,350,1128,0.0007650957228405565,0.0007650957228405565,2,"[7, 24]","[4785, 1520]"
589,19,350,1128,0.0007657757228405599,6.800000000033342e-07,3,"[7, 23, 24]","[4996, 18, 1267]"
590,19,350,1128,0.0007663657228405628,5.900000000028929e-07,3,"[7, 23, 24]","[5607, 211, 447]"
591,19,350,1128,0.0007669657228405657,6.000000000029419e-07,3,"[7, 23, 24]","[5313, 787, 71]"
592,19,350,1128,0.0007677257228405694,7.600000000037264e-07,3,"[7, 23, 24]","[4654, 1598, 6]"
593,19,350,1129,0.0007685094851955175,0.0007685094851955175,3,"[7, 23, 24]","[4428, 1661, 163]"
594,19,351,1127,0.0007626442863484699,0.0007626442863484699,1,[7],[6258]
595,19,351,1127,0.000763684286348475,1.0400000000050993e-06,2,"[7, 24]","[6262, 5]"
596,19,351,1127,0.0007652842863484829,1.6000000000078451e-06,2,"[7, 24]","[5818, 415]"
597,19,351,1128,0.0007635924826009945,0.0007635924826009945,2,"[7, 24]","[6222, 29]"
598,19,351,1128,0.0007644724826009989,8.800000000043148e-07,2,"[7, 24]","[5728, 532]"
599,19,351,1128,0.0007652524826010027,7.800000000038245e-07,2,"[7, 24]","[4689, 1602]"
600,19,352,1127,0.0007600018013446475,0.0007600018013446475,1,[7],[6268]
601,19,352,1127,0.0007607618013446512,7.600000000037264e-07,1,[7],[6274]
602,19,352,1127,0.0007614018013446544,6.400000000031381e-07,1,[7],[6221]
603,19,352,1127,0.000762141801344658,7.400000000036284e-07,1,[7],[6239]
604,19,352,1127,0.0007638018013446661,1.6600000000081393e-06,1,[7],[6255]
605,19,353,1126,0.0007572075199101622,0.0007572075199101622,1,[7],[6255]
606,19,353,1126,0.0007582575199101674,1.0500000000051484e-06,1,[7],[6250]
607,19,353,1126,0.000759607519910174,1.3500000000066193e-06,1,[7],[6253]
608,19,353,1127,0.0007583532260109692,0.0007583532260109692,1,[7],[6284]
609,19,353,1127,0.0007593832260109742,1.0300000000050503e-06,1,[7],[6223]
610,19,353,1127,0.0007609332260109818,1.5500000000076e-06,1,[7],[6248]
611,19,354,1126,0.0007543452363227848,0.0007543452363227848,1,[7],[6252]
612,19,354,1126,0.0007551352363227887,7.900000000038735e-07,1,[7],[6252]
613,19,354,1126,0.000755805236322792,6.700000000032852e-07,1,[7],[6319]
614,19,354,1126,0.0007565352363227956,7.300000000035793e-07,1,[7],[6234]
615,19,354,1126,0.0007578352363228019,1.3000000000063742e-06,1,[7],[6195]
616,19,355,1125,0.0007514456312686185,0.0007514456312686185,1,[7],[6276]
617,19,355,1125,0.0007525956312686242,1.1500000000056387e-06,1,[7],[6264]
618,19,355,1125,0.0007545056312686335,1.910000000009365e-06,1,[7],[6215]
619,19,355,1126,0.0007523803565063406,0.0007523803565063406,1,[7],[6292]
620,19,355,1126,0.0007533603565063454,9.800000000048052e-07,1,[7],[6234]
621,19,355,1126,0.0007544703565063508,1.1100000000054426e-06,1,[7],[6230]
622,19,356,1125,0.0007484954279645071,0.0007484954279645071,1,[7],[6266]
623,19,356,1125,0.0007492454279645108,7.500000000036774e-07,1,[7],[6274]
624,19,356,1125,0.0007498854279645139,6.400000000031381e-07,1,[7],[6279]
625,19,356,1125,0.0007505754279645173,6.900000000033832e-07,1,[7],[6231]
626,19,356,1125,0.0007516754279645227,1.1000000000053935e-06,1,[7],[6214]
627,19,357,1124,0.0007455936966451479,0.0007455936966451479,1,[7],[6258]
628,19,357,1124,0.0007466036966451529,1.0100000000049522e-06,1,[7],[6277]
629,19,357,1124,0.0007478736966451591,1.270000000006227e-06,1,[7],[6215]
630,19,357,1125,0.0007466662743502881,0.0007466662743502881,1,[7],[6286]
631,19,357,1125,0.0007475962743502927,9.3000000000456e-07,1,[7],[6230]
632,19,357,1125,0.0007486162743502977,1.0200000000050013e-06,1,[7],[6259]
633,19,357,1142,0.0007530696532038701,0.0007530696532038701,1,[91],[6268]
634,19,358,1123,0.0007450241292862979,0.0007450241292862979,2,"[7, 25]","[6108, 142]"
635,19,358,1124,0.0007426422434521344,0.0007426422434521344,2,"[7, 25]","[6094, 186]"
636,19,358,1124,0.000743382243452138,7.400000000036284e-07,1,[7],[6292]
637,19,358,1124,0.000743982243452141,6.000000000029419e-07,1,[7],[6280]
638,19,358,1124,0.0007445822434521439,6.000000000029419e-07,1,[7],[6178]
639,19,358,1124,0.0007453522434521477,7.700000000037755e-07,1,[7],[6222]
640,19,359,1123,0.0007395140820870404,0.0007395140820870404,2,"[7, 25]","[6030, 270]"
641,19,359,1123,0.000740234082087044,7.200000000035303e-07,2,"[7, 25]","[4730, 1519]"
642,19,359,1123,0.0007408040820870468,5.700000000027948e-07,2,"[7, 25]","[4043, 2259]"
643,19,359,1123,0.0007414340820870498,6.30000000003089e-07,2,"[7, 25]","[4256, 1975]"
644,19,359,1123,0.0007429640820870573,1.530000000007502e-06,2,"[7, 25]","[5390, 778]"
645,19,359,1124,0.0007402150587962433,0.0007402150587962433,2,"[7, 25]","[3166, 3157]"
646,19,359,1124,0.0007407450587962459,5.300000000025987e-07,2,"[7, 25]","[2257, 3955]"
647,19,359,1124,0.0007412250587962482,4.800000000023535e-07,2,"[7, 25]","[2732, 3574]"
648,19,359,1124,0.0007418150587962511,5.900000000028929e-07,2,"[7, 25]","[3920, 2276]"
649,19,359,1124,0.0007427150587962555,9.000000000044129e-07,2,"[7, 25]","[5661, 578]"
650,19,360,1122,0.0007388841735597719,0.0007388841735597719,1,[7],[6255]
651,19,360,1123,0.000736728864668388,0.000736728864668388,1,[7],[6293]
652,19,360,1123,0.0007374888646683917,7.600000000037264e-07,1,[7],[6221]
653,19,360,1123,0.0007381288646683948,6.400000000031381e-07,1,[7],[6270]
654,19,360,1123,0.0007387888646683981,6.600000000032361e-07,2,"[7, 25]","[6259, 5]"
655,19,360,1123,0.0007396188646684021,8.300000000040697e-07,2,"[7, 25]","[6016, 190]"
656,19,360,1123,0.0007409688646684088,1.3500000000066193e-06,2,"[7, 25]","[3943, 2330]"
657,19,360,1124,0.0007404024635997064,0.0007404024635997064,3,"[7, 25, 33]","[3385, 2894, 1]"
658,19,360,1124,0.0007415824635997122,1.1800000000057858e-06,2,"[7, 25]","[786, 5463]"
659,19,360,1126,0.0006985443677093951,0.0006985443677093951,2,"[33, 39]","[2742, 3551]"
660,19,360,1126,0.000700354367709404,1.8100000000088748e-06,2,"[33, 39]","[4612, 1601]"
661,19,360,1127,0.0006982931129189988,0.0006982931129189988,2,"[33, 39]","[525, 5727]"
662,19,360,1127,0.0006992431129190035,9.500000000046581e-07,2,"[33, 39]","[3475, 2835]"
663,19,360,1127,0.000699973112919007,7.300000000035793e-07,2,"[33, 39]","[5736, 518]"
664,19,360,1127,0.0007009031129190116,9.3000000000456e-07,2,"[33, 39]","[6173, 43]"
665,19,360,1128,0.000700709060919975,0.000700709060919975,3,"[33, 39, 71]","[6219, 76, 9]"
666,19,360,1128,0.0007013390609199781,6.30000000003089e-07,2,"[33, 71]","[6206, 68]"
667,19,360,1128,0.0007020590609199816,7.200000000035303e-07,2,"[33, 71]","[5874, 311]"
668,19,360,1129,0.0007019551095879146,0.0007019551095879146,2,"[33, 71]","[5915, 415]"
669,19,360,1129,0.0007025151095879173,5.600000000027458e-07,2,"[33, 71]","[5878, 298]"
670,19,360,1129,0.0007031351095879204,6.2000000000304e-07,2,"[33, 71]","[6135, 159]"
671,19,360,1130,0.0007034666912508754,0.0007034666912508754,2,"[33, 71]","[6272, 6]"
672,19,360,1130,0.0007042866912508794,8.200000000040206e-07,1,[33],[6271]
673,19,360,1130,0.0007053366912508845,1.0500000000051484e-06,1,[33],[6209]
674,19,360,1131,0.0007069569442916271,0.0007069569442916271,2,"[33, 90]","[6253, 1]"
675,19,361,1122,0.0007331612262785678,0.0007331612262785678,1,[7],[6290]
676,19,361,1122,0.0007341012262785724,9.40000000004609e-07,1,[7],[6243]
677,19,361,1122,0.0007349512262785766,8.500000000041677e-07,1,[7],[6242]
678,19,361,1122,0.0007362012262785827,1.250000000006129e-06,1,[7],[6237]
679,19,361,1123,0.0007346983256387812,0.0007346983256387812,2,"[7, 33]","[6283, 1]"
680,19,361,1123,0.0007357883256387866,1.0900000000053445e-06,1,[7],[6252]
681,19,361,1123,0.0007370483256387928,1.260000000006178e-06,1,[7],[6248]
682,19,361,1125,0.0006975033491886337,0.0006975033491886337,2,"[33, 39]","[6307, 3]"
683,19,361,1126,0.0006976132181325776,0.0006976132181325776,2,"[33, 39]","[4916, 1354]"
684,19,361,1126,0.0006981332181325801,5.200000000025497e-07,2,"[33, 39]","[5006, 1257]"
685,19,361,1126,0.0006986632181325827,5.300000000025987e-07,2,"[33, 39]","[4918, 1336]"
686,19,361,1126,0.0006997532181325881,1.0900000000053445e-06,2,"[33, 39]","[4909, 1314]"
687,19,361,1127,0.0006981870899276236,0.0006981870899276236,2,"[33, 39]","[534, 5718]"
688,19,361,1127,0.0006992570899276288,1.0700000000052464e-06,2,"[33, 39]","[2603, 3702]"
689,19,361,1127,0.0007009470899276371,1.6900000000082864e-06,2,"[33, 39]","[5654, 540]"
690,19,361,1128,0.0007021263854317227,0.0007021263854317227,3,"[33, 39, 71]","[6039, 83, 131]"
691,19,361,1130,0.0007057716504194567,0.0007057716504194567,2,"[33, 71]","[6264, 1]"
692,19,361,1131,0.0007065719879695975,0.0007065719879695975,1,[33],[6262]
693,19,361,1131,0.000707491987969602,9.20000000004511e-07,1,[33],[6259]
694,19,361,1131,0.0007083619879696063,8.700000000042658e-07,1,[33],[6236]
695,19,361,1132,0.0007085726057791548,0.0007085726057791548,1,[33],[6313]
696,19,361,1132,0.0007094426057791591,8.700000000042658e-07,1,[33],[6212]
697,19,362,1121,0.0007315467143181401,0.0007315467143181401,1,[7],[6250]
698,19,362,1122,0.0007299991669427006,0.0007299991669427006,2,"[7, 33]","[6268, 1]"
699,19,362,1122,0.0007308191669427046,8.200000000040206e-07,1,[7],[6243]
700,19,362,1122,0.0007314591669427078,6.400000000031381e-07,1,[7],[6301]
701,19,362,1122,0.0007320791669427108,6.2000000000304e-07,1,[7],[6253]
702,19,362,1122,0.0007327891669427143,7.100000000034813e-07,1,[7],[6229]
703,19,362,1122,0.0007338791669427196,1.0900000000053445e-06,1,[7],[6218]
704,19,362,1124,0.0006958148451305905,0.0006958148451305905,1,[33],[6274]
705,19,362,1124,0.0006980548451306015,2.240000000010983e-06,1,[33],[6227]
706,19,362,1125,0.0006962716365724865,0.0006962716365724865,1,[33],[6293]
707,19,362,1125,0.0006969116365724896,6.400000000031381e-07,1,[33],[6256]
708,19,362,1125,0.0006982216365724961,1.3100000000064232e-06,1,[33],[6203]
709,19,362,1132,0.000709446228997285,0.000709446228997285,1,[33],[6293]
710,19,362,1132,0.0007106162289972907,1.1700000000057368e-06,1,[33],[6230]
711,19,362,1133,0.0007102460498040861,0.0007102460498040861,1,[33],[6275]
712,19,362,1133,0.00071104604980409,8.000000000039226e-07,1,[33],[6242]
713,19,362,1133,0.0007121460498040954,1.1000000000053935e-06,1,[33],[6243]
714,19,363,1121,0.0007263170398370975,0.0007263170398370975,2,"[7, 33]","[6248, 5]"
715,19,363,1121,0.000727237039837102,9.20000000004511e-07,1,[7],[6288]
716,19,363,1121,0.000728067039837106,8.300000000040697e-07,1,[7],[6255]
717,19,363,1121,0.0007291170398371112,1.0500000000051484e-06,1,[7],[6235]
718,19,363,1122,0.0007276496221063368,0.0007276496221063368,2,"[7, 33]","[5279, 1005]"
719,19,363,1122,0.0007287696221063423,1.1200000000054916e-06,1,[7],[6249]
720,19,363,1122,0.0007298396221063476,1.0700000000052464e-06,1,[7],[6246]
721,19,363,1123,0.000694297613268716,0.000694297613268716,1,[33],[6320]
722,19,363,1123,0.0006953876132687214,1.0900000000053445e-06,1,[33],[6194]
723,19,363,1124,0.0006947827260146708,0.0006947827260146708,1,[33],[6303]
724,19,363,1124,0.0006954927260146743,7.100000000034813e-07,1,[33],[6265]
725,19,363,1133,0.0007121420846964573,0.0007121420846964573,1,[33],[6265]
726,19,363,1133,0.0007130420846964618,9.000000000044129e-07,1,[33],[6241]
727,19,363,1133,0.000713902084696466,8.600000000042168e-07,1,[33],[6264]
728,19,363,1133,0.0007148920846964708,9.900000000048542e-07,1,[33],[6260]
729,19,363,1133,0.0007163020846964777,1.4100000000069135e-06,1,[33],[6255]
730,19,364,1121,0.0007228625360468143,0.0007228625360468143,3,"[7, 26, 33]","[4603, 194, 1457]"
731,19,364,1121,0.0007237425360468186,8.800000000043148e-07,2,"[7, 26]","[6320, 1]"
732,19,364,1121,0.0007243625360468216,6.2000000000304e-07,1,[7],[6225]
733,19,364,1121,0.0007249325360468244,5.700000000027948e-07,1,[7],[6214]
734,19,364,1121,0.0007255525360468274,6.2000000000304e-07,1,[7],[6242]
735,19,364,1121,0.0007263325360468313,7.800000000038245e-07,1,[7],[6272]
736,19,364,1121,0.0007289125360468439,2.5800000000126503e-06,1,[7],[6222]
737,19,364,1122,0.0006934450280495002,0.0006934450280495002,1,[33],[6258]
738,19,364,1122,0.000694215028049504,7.700000000037755e-07,1,[33],[6248]
739,19,364,1122,0.000727255028049666,3.3040000000162e-05,2,"[7, 33]","[4103, 2150]"
740,19,364,1123,0.0006937924623909477,0.0006937924623909477,1,[33],[6276]
741,19,364,1123,0.0006945424623909514,7.500000000036774e-07,1,[33],[6228]
742,19,364,1132,0.0007192619742674958,0.0007192619742674958,3,"[33, 67, 68]","[6277, 1, 1]"
743,19,364,1132,0.0007201619742675002,9.000000000044129e-07,3,"[33, 67, 68]","[6250, 13, 2]"
744,19,364,1133,0.0007159059613325186,0.0007159059613325186,1,[33],[6282]
745,19,364,1133,0.0007171359613325246,1.230000000006031e-06,1,[33],[6244]
746,19,364,1133,0.0007181059613325293,9.700000000047561e-07,1,[33],[6285]
747,19,364,1133,0.0007189059613325333,8.000000000039226e-07,1,[33],[6242]
748,19,364,1133,0.000719675961332537,7.700000000037755e-07,1,[33],[6242]
749,19,365,1120,0.0007192871822982547,0.0007192871822982547,3,"[7, 26, 33]","[4251, 5, 2014]"
750,19,365,1120,0.0007203371822982599,1.0500000000051484e-06,2,"[7, 26]","[6003, 263]"
751,19,365,1120,0.0007210971822982636,7.600000000037264e-07,2,"[7, 26]","[5126, 1108]"
752,19,365,1120,0.0007220371822982682,9.40000000004609e-07,2,"[7, 26]","[5014, 1239]"
753,19,365,1121,0.0006927612254014239,0.0006927612254014239,1,[33],[6336]
754,19,365,1121,0.000693381225401427,6.2000000000304e-07,1,[33],[6192]
755,19,365,1121,0.0007197812254015564,2.6400000000129445e-05,3,"[7, 26, 33]","[2320, 49, 3880]"
756,19,365,1121,0.000720921225401562,1.1400000000055897e-06,2,"[7, 26]","[5158, 1093]"
757,19,365,1121,0.0007216812254015657,7.600000000037264e-07,2,"[7, 26]","[5102, 1179]"
758,19,365,1121,0.0007224612254015696,7.800000000038245e-07,2,"[7, 26]","[5751, 460]"
759,19,365,1121,0.0007234712254015745,1.0100000000049522e-06,2,"[7, 26]","[6244, 36]"
760,19,365,1122,0.0006932419321565101,0.0006932419321565101,1,[33],[6334]
761,19,365,1122,0.0006943219321565154,1.0800000000052955e-06,1,[33],[6178]
762,19,365,1131,0.0007181978420877592,0.0007181978420877592,1,[33],[6273]
763,19,365,1131,0.0007186978420877616,5.000000000024516e-07,2,"[33, 67]","[6245, 1]"
764,19,365,1131,0.0007191578420877639,4.600000000022555e-07,3,"[33, 67, 68]","[6284, 4, 1]"
765,19,365,1131,0.0007197078420877666,5.500000000026968e-07,3,"[33, 67, 68]","[6241, 13, 2]"
766,19,365,1132,0.0007193531951998583,0.0007193531951998583,3,"[33, 67, 68]","[6247, 14, 2]"
767,19,365,1132,0.0007199831951998614,6.30000000003089e-07,3,"[33, 67, 68]","[6261, 22, 1]"
768,19,365,1132,0.0007212131951998674,1.230000000006031e-06,2,"[33, 67]","[6189, 14]"
769,19,366,1119,0.0007169957108567294,0.0007169957108567294,3,"[7, 27, 33]","[3776, 101, 2378]"
770,19,366,1120,0.0006920850293629734,0.0006920850293629734,1,[33],[6324]
771,19,366,1120,0.0006926850293629763,6.000000000029419e-07,1,[33],[6188]
772,19,366,1120,0.0007151850293630866,2.2500000000110322e-05,3,"[7, 27, 33]","[1619, 89, 4534]"
773,19,366,1120,0.0007164550293630929,1.270000000006227e-06,2,"[7, 27]","[6292, 9]"
774,19,366,1120,0.0007171450293630962,6.900000000033832e-07,1,[7],[6204]
775,19,366,1120,0.000717715029363099,5.700000000027948e-07,1,[7],[6290]
776,19,366,1120,0.0007182450293631016,5.300000000025987e-07,1,[7],[6236]
777,19,366,1120,0.0007188150293631044,5.700000000027948e-07,1,[7],[6277]
778,19,366,1120,0.0007195250293631079,7.100000000034813e-07,2,"[7, 26]","[6224, 2]"
779,19,366,1120,0.0007209550293631149,1.4300000000070116e-06,2,"[7, 26]","[6106, 118]"
780,19,366,1121,0.0006927008558785144,0.0006927008558785144,1,[33],[6255]
781,19,366,1121,0.0007176108558786366,2.491000000012214e-05,2,"[7, 33]","[984, 5270]"
782,19,366,1121,0.0007208808558786526,3.2700000000160335e-06,2,"[7, 26]","[6157, 97]"
783,19,366,1131,0.0007183205258631092,0.0007183205258631092,1,[33],[6284]
784,19,366,1131,0.0007189105258631121,5.900000000028929e-07,1,[33],[6264]
785,19,366,1131,0.0007196505258631157,7.400000000036284e-07,1,[33],[6207]
786,19,367,1119,0.0006912549691221797,0.0006912549691221797,2,"[33, 36]","[6319, 10]"
787,19,367,1119,0.0006918849691221828,6.30000000003089e-07,2,"[33, 36]","[6227, 2]"
788,19,367,1119,0.0007112749691222779,1.9390000000095073e-05,2,"[7, 33]","[1534, 4671]"
789,19,367,1119,0.0007126649691222847,1.3900000000068155e-06,2,"[7, 27]","[6272, 17]"
790,19,367,1119,0.0007134249691222884,7.600000000037264e-07,2,"[7, 27]","[5959, 307]"
791,19,367,1119,0.0007140449691222915,6.2000000000304e-07,2,"[7, 27]","[5295, 897]"
792,19,367,1119,0.0007147449691222949,7.000000000034323e-07,2,"[7, 27]","[5195, 1059]"
793,19,367,1119,0.0007159549691223008,1.2100000000059329e-06,2,"[7, 27]","[5788, 460]"
794,19,367,1120,0.0006920301160523978,0.0006920301160523978,1,[33],[6257]
795,19,367,1120,0.0007128601160524999,2.0830000000102134e-05,3,"[7, 27, 33]","[1714, 47, 4493]"
796,19,367,1120,0.0007140701160525058,1.2100000000059329e-06,2,"[7, 27]","[5096, 1159]"
797,19,367,1120,0.0007148101160525095,7.400000000036284e-07,2,"[7, 27]","[5216, 1060]"
798,19,367,1120,0.000715520116052513,7.100000000034813e-07,2,"[7, 27]","[5933, 301]"
799,19,367,1120,0.0007163601160525171,8.400000000041187e-07,2,"[7, 27]","[6251, 28]"
800,19,367,1120,0.0007178701160525245,1.5100000000074039e-06,1,[7],[6205]
801,19,368,1118,0.0006902792601519276,0.0006902792601519276,5,"[33, 34, 36, 177, 178]","[4809, 168, 1317, 10, 4]"
802,19,368,1118,0.0006908092601519302,5.300000000025987e-07,5,"[33, 34, 36, 177, 178]","[4562, 48, 1662, 2, 1]"
803,19,368,1118,0.000691579260151934,7.700000000037755e-07,4,"[33, 34, 36, 177]","[4565, 15, 1603, 4]"
804,19,368,1118,0.0007084892601520169,1.6910000000082913e-05,4,"[7, 28, 33, 36]","[4497, 471, 1038, 241]"
805,19,368,1118,0.0007099892601520242,1.5000000000073548e-06,2,"[7, 28]","[6250, 4]"
806,19,368,1119,0.0006910290956119638,0.0006910290956119638,3,"[33, 36, 177]","[5734, 524, 1]"
807,19,368,1119,0.0007072490956120433,1.622000000007953e-05,4,"[7, 28, 33, 36]","[226, 54, 5771, 195]"
808,19,368,1119,0.0007093890956120538,2.140000000010493e-06,2,"[7, 28]","[6255, 16]"
809,19,368,1119,0.0007101290956120574,7.400000000036284e-07,1,[7],[6288]
810,19,368,1119,0.0007106690956120601,5.400000000026477e-07,1,[7],[6208]
811,19,368,1119,0.0007111790956120626,5.100000000025006e-07,1,[7],[6328]
812,19,368,1119,0.000711679095612065,5.000000000024516e-07,1,[7],[6202]
813,19,368,1119,0.0007122390956120678,5.600000000027458e-07,1,[7],[6294]
814,19,368,1119,0.0007129590956120713,7.200000000035303e-07,2,"[7, 27]","[6140, 15]"
815,19,368,1119,0.0007156990956120847,2.740000000013435e-06,2,"[7, 27]","[5785, 464]"
816,19,368,1120,0.000715274720495903,0.000715274720495903,3,"[7, 27, 33]","[5326, 427, 498]"
817,19,369,1117,0.0006894912198227818,0.0006894912198227818,3,"[33, 34, 36]","[3487, 2807, 2]"
818,19,369,1117,0.000689931219822784,4.400000000021574e-07,4,"[33, 34, 36, 177]","[3217, 2985, 6, 2]"
819,19,369,1117,0.0006904512198227865,5.200000000025497e-07,4,"[33, 34, 36, 177]","[3112, 3175, 9, 4]"
820,19,369,1117,0.0007027412198228468,1.229000000006026e-05,6,"[7, 29, 33, 34, 36, 177]","[2576, 51, 1682, 1854, 26, 5]"
821,19,369,1117,0.0007047312198228565,1.9900000000097574e-06,2,"[7, 29]","[4926, 1325]"
822,19,369,1118,0.0006897626670252738,0.0006897626670252738,4,"[33, 34, 36, 177]","[3680, 2466, 102, 6]"
823,19,369,1118,0.0006902826670252763,5.200000000025497e-07,5,"[33, 34, 36, 177, 178]","[3792, 2141, 298, 13, 4]"
824,19,369,1118,0.0006910726670252802,7.900000000038735e-07,4,"[33, 34, 36, 177]","[3947, 1636, 682, 14]"
825,19,369,1118,0.0007044126670253456,1.3340000000065409e-05,6,"[7, 29, 33, 34, 36, 177]","[4119, 841, 797, 196, 305, 1]"
826,19,369,1118,0.0007053926670253504,9.800000000048052e-07,3,"[7, 28, 29]","[6083, 30, 166]"
827,19,369,1118,0.0007060026670253534,6.10000000002991e-07,3,"[7, 28, 29]","[5932, 354, 4]"
828,19,369,1118,0.0007064526670253556,4.5000000000220645e-07,2,"[7, 28]","[5239, 1024]"
829,19,369,1118,0.0007068226670253574,3.700000000018142e-07,2,"[7, 28]","[4680, 1569]"
830,19,369,1118,0.0007071626670253591,3.400000000016671e-07,3,"[7, 28, 29]","[4368, 1772, 1]"
831,19,369,1118,0.0007075226670253609,3.6000000000176516e-07,2,"[7, 28]","[4683, 1591]"
832,19,369,1118,0.0007079426670253629,4.2000000000205935e-07,2,"[7, 28]","[5253, 1071]"
833,19,369,1118,0.0007085026670253657,5.600000000027458e-07,2,"[7, 28]","[5764, 401]"
834,19,369,1118,0.0007096826670253715,1.1800000000057858e-06,2,"[7, 28]","[6192, 46]"
835,19,369,1119,0.0007077323701933274,0.0007077323701933274,5,"[7, 28, 33, 34, 36]","[4115, 1275, 677, 15, 208]"
836,19,369,1119,0.0007089923701933335,1.260000000006178e-06,2,"[7, 28]","[6096, 154]"
837,19,369,1119,0.0007108523701933427,1.86000000000912e-06,2,"[7, 28]","[6212, 2]"
838,19,370,1116,0.0006899029678182045,0.0006899029678182045,3,"[7, 33, 34]","[1212, 5019, 31]"
839,19,370,1116,0.0006933029678182212,3.400000000016671e-06,4,"[7, 30, 33, 34]","[4613, 446, 1163, 20]"
840,19,370,1116,0.0006952329678182307,1.930000000009463e-06,2,"[7, 30]","[6081, 186]"
841,19,370,1116,0.0006967529678182381,1.5200000000074529e-06,1,[7],[6244]
842,19,370,1116,0.0006980929678182447,1.3400000000065703e-06,1,[7],[6238]
843,19,370,1116,0.0006998429678182533,1.7500000000085806e-06,1,[7],[6266]
844,19,370,1117,0.0006892368655425742,0.0006892368655425742,3,"[7, 33, 34]","[9, 5774, 595]"
845,19,370,1117,0.0006896968655425765,4.600000000022555e-07,3,"[7, 33, 34]","[1, 5334, 873]"
846,19,370,1117,0.0006902668655425793,5.700000000027948e-07,3,"[7, 33, 34]","[1, 4964, 1216]"
847,19,370,1117,0.0006970568655426126,6.790000000033293e-06,4,"[7, 30, 33, 34]","[3621, 31, 1869, 729]"
848,19,370,1117,0.0006984368655426193,1.3800000000067664e-06,1,[7],[6285]
849,19,370,1117,0.0006992868655426235,8.500000000041677e-07,1,[7],[6239]
850,19,370,1117,0.0006999568655426268,6.700000000032852e-07,1,[7],[6305]
851,19,370,1117,0.0007005268655426296,5.700000000027948e-07,1,[7],[6272]
852,19,370,1117,0.0007010468655426321,5.200000000025497e-07,1,[7],[6185]
853,19,370,1117,0.0007015568655426346,5.100000000025006e-07,1,[7],[6268]
854,19,370,1117,0.0007020568655426371,5.000000000024516e-07,2,"[7, 29]","[6256, 3]"
855,19,370,1117,0.0007025968655426397,5.400000000026477e-07,2,"[7, 29]","[6172, 52]"
856,19,370,1117,0.0007031668655426425,5.700000000027948e-07,2,"[7, 29]","[5851, 353]"
857,19,370,1117,0.0007037868655426456,6.2000000000304e-07,2,"[7, 29]","[5170, 1102]"
858,19,370,1117,0.0007045968655426495,8.100000000039716e-07,2,"[7, 29]","[4870, 1378]"
859,19,370,1118,0.0007023671660075163,0.0007023671660075163,4,"[7, 29, 33, 34]","[3232, 13, 1535, 1482]"
860,19,370,1118,0.0007036871660075228,1.3200000000064722e-06,2,"[7, 29]","[5346, 940]"
861,19,370,1118,0.000704547166007527,8.600000000042168e-07,2,"[7, 29]","[5231, 1027]"
862,19,370,1118,0.000705567166007532,1.0200000000050013e-06,3,"[7, 28, 29]","[5970, 4, 253]"
863,19,370,1118,0.0007076671660075423,2.1000000000102968e-06,3,"[7, 28, 29]","[5391, 828, 3]"
864,19,371,1115,0.0006849169671035996,0.0006849169671035996,1,[7],[6290]
865,19,371,1115,0.0006857769671036038,8.600000000042168e-07,1,[7],[6232]
866,19,371,1115,0.0006866669671036082,8.900000000043639e-07,1,[7],[6288]
867,19,371,1115,0.0006876169671036128,9.500000000046581e-07,2,"[7, 33]","[6246, 5]"
868,19,371,1115,0.0006886369671036178,1.0200000000050013e-06,2,"[7, 33]","[6055, 168]"
869,19,371,1115,0.000689686967103623,1.0500000000051484e-06,2,"[7, 33]","[5859, 421]"
870,19,371,1115,0.0006909469671036292,1.260000000006178e-06,2,"[7, 33]","[6118, 100]"
871,19,371,1115,0.0006926969671036378,1.7500000000085806e-06,3,"[7, 30, 33]","[6014, 208, 1]"
872,19,371,1116,0.0006842343390242622,0.0006842343390242622,1,[7],[6296]
873,19,371,1116,0.0006847043390242645,4.700000000023045e-07,1,[7],[6276]
874,19,371,1116,0.0006851543390242667,4.5000000000220645e-07,1,[7],[6183]
875,19,371,1116,0.0006856543390242691,5.000000000024516e-07,1,[7],[6262]
876,19,371,1116,0.0006862143390242719,5.600000000027458e-07,1,[7],[6276]
877,19,371,1116,0.0006867843390242747,5.700000000027948e-07,1,[7],[6227]
878,19,371,1116,0.0006873443390242774,5.600000000027458e-07,2,"[7, 33]","[6310, 16]"
879,19,371,1116,0.0006878543390242799,5.100000000025006e-07,2,"[7, 33]","[6066, 210]"
880,19,371,1116,0.000688284339024282,4.300000000021084e-07,2,"[7, 33]","[5287, 889]"
881,19,371,1116,0.0006886343390242837,3.500000000017161e-07,2,"[7, 33]","[4621, 1775]"
882,19,371,1116,0.000688904339024285,2.7000000000132387e-07,2,"[7, 33]","[3730, 2368]"
883,19,371,1116,0.0006891643390242863,2.6000000000127484e-07,2,"[7, 33]","[3642, 2668]"
884,19,371,1116,0.0006894243390242876,2.6000000000127484e-07,2,"[7, 33]","[3633, 2618]"
885,19,371,1116,0.000689704339024289,2.800000000013729e-07,2,"[7, 33]","[3905, 2324]"
886,19,371,1116,0.0006900243390242905,3.2000000000156903e-07,2,"[7, 33]","[4490, 1694]"
887,19,371,1116,0.0006904043390242924,3.800000000018632e-07,2,"[7, 33]","[5424, 850]"
888,19,371,1116,0.0006908343390242945,4.300000000021084e-07,3,"[7, 30, 33]","[6083, 4, 247]"
889,19,371,1116,0.0006912743390242967,4.400000000021574e-07,3,"[7, 30, 33]","[6216, 8, 30]"
890,19,371,1116,0.0006917143390242988,4.400000000021574e-07,3,"[7, 30, 33]","[6162, 72, 5]"
891,19,371,1116,0.0006921243390243008,4.100000000020103e-07,2,"[7, 30]","[5892, 280]"
892,19,371,1116,0.0006925143390243027,3.9000000000191225e-07,2,"[7, 30]","[5582, 670]"
893,19,371,1116,0.0006928743390243045,3.6000000000176516e-07,2,"[7, 30]","[5232, 1008]"
894,19,371,1116,0.0006932243390243062,3.500000000017161e-07,2,"[7, 30]","[5177, 1145]"
895,19,371,1116,0.000693594339024308,3.700000000018142e-07,2,"[7, 30]","[5399, 883]"
896,19,371,1116,0.00069398433902431,3.9000000000191225e-07,2,"[7, 30]","[5756, 491]"
897,19,371,1116,0.000694394339024312,4.100000000020103e-07,2,"[7, 30]","[6105, 170]"
898,19,371,1116,0.0006948543390243142,4.600000000022555e-07,2,"[7, 30]","[6057, 46]"
899,19,371,1116,0.0006953743390243168,5.200000000025497e-07,2,"[7, 30]","[6282, 6]"
900,19,371,1116,0.0006959343390243195,5.600000000027458e-07,1,[7],[6288]
901,19,371,1116,0.0006965643390243226,6.30000000003089e-07,1,[7],[6246]
902,19,371,1116,0.0006973443390243264,7.800000000038245e-07,1,[7],[6204]
903,19,371,1116,0.0006985543390243324,1.2100000000059329e-06,1,[7],[6235]
904,19,371,1117,0.0006902990001806103,0.0006902990001806103,3,"[7, 33, 34]","[873, 5382, 1]"
905,19,371,1117,0.0006959990001806383,5.700000000027948e-06,4,"[7, 30, 33, 34]","[5800, 232, 237, 1]"
906,19,371,1117,0.0006976190001806462,1.6200000000079432e-06,1,[7],[6229]
907,19,371,1117,0.0006989390001806527,1.3200000000064722e-06,1,[7],[6274]
908,19,371,1117,0.0007007790001806617,1.840000000009022e-06,1,[7],[6223]
909,19,372,1115,0.000685359285719082,0.000685359285719082,1,[7],[6281]
910,19,372,1115,0.000687179285719091,1.8200000000089239e-06,1,[7],[6219]
911,19,372,1116,0.0006844351372369007,0.0006844351372369007,1,[7],[6276]
912,19,372,1116,0.0006850851372369039,6.500000000031871e-07,1,[7],[6228]
913,19,372,1116,0.0006859751372369083,8.900000000043639e-07,1,[7],[6296]
914,19,372,1116,0.0006872351372369144,1.260000000006178e-06,2,"[7, 33]","[6233, 5]"
915,19,372,1116,0.0006887251372369218,1.4900000000073058e-06,2,"[7, 33]","[5405, 808]"
916,19,372,1116,0.0006905851372369309,1.86000000000912e-06,2,"[7, 33]","[4417, 1833]"
