,event,pixel_x,pixel_y,reset_time,TSLR,nMCParticles,MC_TrackIDs,MC_Weights
0,81,249,1039,0.0008421600673231815,0.0008421600673231815,5,"[74, 75, 77, 80, 119]","[237, 5895, 100, 14, 17]"
1,81,250,1039,0.0008396928247777181,0.0008396928247777181,3,"[74, 75, 77]","[1585, 3081, 1668]"
2,81,250,1039,0.0008402328247777207,5.400000000026477e-07,3,"[74, 75, 77]","[1516, 3537, 1120]"
3,81,250,1039,0.0008406828247777229,4.5000000000220645e-07,4,"[74, 75, 77, 119]","[1601, 4227, 552, 4]"
4,81,250,1039,0.0008410728247777248,3.9000000000191225e-07,4,"[74, 75, 77, 119]","[1477, 4515, 208, 11]"
5,81,250,1039,0.0008414328247777266,3.6000000000176516e-07,6,"[74, 75, 77, 119, 131, 132]","[1418, 4799, 60, 46, 2, 2]"
6,81,250,1039,0.0008417828247777283,3.500000000017161e-07,6,"[74, 75, 77, 119, 121, 132]","[1564, 4456, 10, 121, 2, 1]"
7,81,250,1039,0.0008421728247777302,3.9000000000191225e-07,6,"[74, 75, 119, 121, 131, 132]","[2056, 3971, 300, 5, 1, 1]"
8,81,250,1039,0.0008426428247777325,4.700000000023045e-07,5,"[74, 75, 119, 121, 122]","[2975, 2536, 612, 8, 3]"
9,81,250,1039,0.0008434128247777363,7.700000000037755e-07,4,"[74, 75, 119, 121]","[4043, 1089, 1081, 10]"
10,81,250,1040,0.0008401662090570796,0.0008401662090570796,3,"[74, 75, 77]","[1923, 2420, 1911]"
11,81,250,1040,0.000841256209057085,1.0900000000053445e-06,6,"[74, 75, 77, 119, 121, 131]","[3069, 2444, 641, 130, 1, 1]"
12,81,250,1040,0.000842076209057089,8.200000000040206e-07,7,"[74, 75, 77, 119, 121, 131, 132]","[3912, 1157, 28, 1206, 3, 1, 2]"
13,81,250,1040,0.0008425862090570915,5.100000000025006e-07,8,"[74, 75, 119, 121, 122, 127, 131, 132]","[3404, 268, 2500, 3, 2, 3, 1, 1]"
14,81,250,1040,0.0008430362090570937,4.5000000000220645e-07,7,"[74, 75, 119, 121, 127, 128, 132]","[2944, 75, 3201, 5, 12, 2, 1]"
15,81,250,1040,0.0008436162090570966,5.800000000028439e-07,7,"[74, 75, 119, 121, 122, 127, 128]","[2305, 20, 3916, 4, 1, 10, 5]"
16,81,251,1039,0.0008404049809074281,0.0008404049809074281,4,"[74, 75, 77, 121]","[2557, 2634, 1066, 1]"
17,81,251,1039,0.000842414980907438,2.0100000000098555e-06,8,"[74, 75, 77, 101, 119, 121, 127, 131]","[4027, 1878, 203, 1, 158, 4, 1, 1]"
18,81,251,1040,0.0008416049594384078,0.0008416049594384078,5,"[74, 75, 77, 119, 131]","[3499, 1729, 935, 90, 1]"
19,81,251,1040,0.0008435949594384175,1.9900000000097574e-06,8,"[74, 75, 77, 119, 121, 122, 127, 132]","[3377, 66, 2, 2784, 10, 3, 10, 1]"
20,81,276,1085,0.0007437117076821852,0.0007437117076821852,1,[4],[6253]
21,81,276,1086,0.0007456652441566848,0.0007456652441566848,1,[4],[6267]
22,81,276,1087,0.0007482164603516589,0.0007482164603516589,1,[4],[6261]
23,81,276,1088,0.000751075212481173,0.000751075212481173,1,[4],[6255]
24,81,276,1089,0.0007539748903563789,0.0007539748903563789,1,[4],[6255]
25,81,277,1077,0.0007243380903776361,0.0007243380903776361,1,[4],[6255]
26,81,277,1078,0.0007255328217816062,0.0007255328217816062,2,"[4, 18]","[6245, 5]"
27,81,277,1078,0.0007265628217816112,1.0300000000050503e-06,2,"[4, 18]","[6035, 268]"
28,81,277,1079,0.0007269770206759469,0.0007269770206759469,2,"[4, 18]","[4638, 1640]"
29,81,277,1079,0.0007276770206759504,7.000000000034323e-07,2,"[4, 18]","[4704, 1575]"
30,81,277,1079,0.0007284070206759539,7.300000000035793e-07,2,"[4, 18]","[5609, 629]"
31,81,277,1079,0.0007294870206759592,1.0800000000052955e-06,2,"[4, 18]","[6192, 54]"
32,81,277,1080,0.0007293002941731455,0.0007293002941731455,2,"[4, 18]","[6231, 59]"
33,81,277,1080,0.0007300402941731491,7.400000000036284e-07,1,[4],[6249]
34,81,277,1080,0.0007307102941731524,6.700000000032852e-07,1,[4],[6211]
35,81,277,1080,0.0007315802941731567,8.700000000042658e-07,2,"[4, 17]","[6265, 4]"
36,81,277,1081,0.0007313966798824081,0.0007313966798824081,2,"[4, 17]","[6224, 76]"
37,81,277,1081,0.0007320366798824113,6.400000000031381e-07,2,"[4, 17]","[5697, 533]"
38,81,277,1081,0.0007325466798824138,5.100000000025006e-07,2,"[4, 17]","[5181, 1161]"
39,81,277,1081,0.0007330266798824161,4.800000000023535e-07,2,"[4, 17]","[4753, 1465]"
40,81,277,1081,0.000733626679882419,6.000000000029419e-07,2,"[4, 17]","[5034, 1185]"
41,81,277,1082,0.0007335408786337691,0.0007335408786337691,2,"[4, 17]","[5491, 761]"
42,81,277,1082,0.0007342408786337726,7.000000000034323e-07,2,"[4, 17]","[6226, 70]"
43,81,277,1082,0.0007348108786337753,5.700000000027948e-07,2,"[4, 17]","[6243, 2]"
44,81,277,1082,0.0007353808786337781,5.700000000027948e-07,1,[4],[6247]
45,81,277,1082,0.0007361408786337819,7.600000000037264e-07,1,[4],[6261]
46,81,277,1083,0.0007359696433133987,0.0007359696433133987,1,[4],[6294]
47,81,277,1083,0.000736649643313402,6.800000000033342e-07,1,[4],[6207]
48,81,277,1083,0.0007372096433134048,5.600000000027458e-07,1,[4],[6284]
49,81,277,1083,0.0007378196433134078,6.10000000002991e-07,1,[4],[6309]
50,81,277,1083,0.0007387096433134121,8.900000000043639e-07,1,[4],[6185]
51,81,277,1084,0.0007384323537597452,0.0007384323537597452,1,[4],[6254]
52,81,277,1084,0.000739212353759749,7.800000000038245e-07,1,[4],[6313]
53,81,277,1084,0.0007398523537597521,6.400000000031381e-07,1,[4],[6218]
54,81,277,1084,0.0007405523537597555,7.000000000034323e-07,1,[4],[6287]
55,81,277,1084,0.0007415823537597606,1.0300000000050503e-06,1,[4],[6219]
56,81,277,1085,0.0007411715332715881,0.0007411715332715881,1,[4],[6297]
57,81,277,1085,0.000741961533271592,7.900000000038735e-07,1,[4],[6257]
58,81,277,1085,0.0007426315332715953,6.700000000032852e-07,1,[4],[6241]
59,81,277,1085,0.000743381533271599,7.500000000036774e-07,1,[4],[6213]
60,81,277,1085,0.0007446715332716053,1.2900000000063251e-06,1,[4],[6274]
61,81,277,1086,0.0007439853733728191,0.0007439853733728191,1,[4],[6285]
62,81,277,1086,0.0007448253733728232,8.400000000041187e-07,1,[4],[6282]
63,81,277,1086,0.0007455553733728268,7.300000000035793e-07,1,[4],[6245]
64,81,277,1086,0.0007464953733728314,9.40000000004609e-07,1,[4],[6206]
65,81,277,1087,0.0007467986077971081,0.0007467986077971081,1,[4],[6310]
66,81,277,1087,0.0007476286077971122,8.300000000040697e-07,1,[4],[6207]
67,81,277,1087,0.000748408607797116,7.800000000038245e-07,1,[4],[6304]
68,81,277,1087,0.0007495386077971216,1.1300000000055406e-06,1,[4],[6200]
69,81,277,1088,0.0007493013817258872,0.0007493013817258872,1,[4],[6280]
70,81,277,1088,0.0007501313817258913,8.300000000040697e-07,1,[4],[6265]
71,81,277,1088,0.0007508813817258949,7.500000000036774e-07,1,[4],[6270]
72,81,277,1088,0.0007518613817258997,9.800000000048052e-07,1,[4],[6207]
73,81,277,1089,0.0007518285797192056,0.0007518285797192056,1,[4],[6296]
74,81,277,1089,0.0007526485797192097,8.200000000040206e-07,1,[4],[6274]
75,81,277,1089,0.0007533885797192133,7.400000000036284e-07,1,[4],[6193]
76,81,277,1089,0.0007543185797192179,9.3000000000456e-07,1,[4],[6248]
77,81,277,1090,0.0007543898251084257,0.0007543898251084257,1,[4],[6309]
78,81,277,1090,0.0007551798251084295,7.900000000038735e-07,1,[4],[6239]
79,81,277,1090,0.0007558598251084329,6.800000000033342e-07,1,[4],[6216]
80,81,277,1090,0.000756709825108437,8.500000000041677e-07,1,[4],[6267]
81,81,277,1091,0.0007567280565859498,0.0007567280565859498,1,[4],[6325]
82,81,277,1091,0.0007574680565859534,7.400000000036284e-07,1,[4],[6176]
83,81,277,1091,0.0007581380565859567,6.700000000032852e-07,1,[4],[6342]
84,81,277,1091,0.0007588880565859604,7.500000000036774e-07,1,[4],[6166]
85,81,277,1092,0.0007591178676230977,0.0007591178676230977,1,[4],[6271]
86,81,277,1092,0.0007598678676231014,7.500000000036774e-07,1,[4],[6270]
87,81,277,1092,0.0007605078676231045,6.400000000031381e-07,1,[4],[6240]
88,81,277,1092,0.0007612478676231082,7.400000000036284e-07,1,[4],[6260]
89,81,277,1092,0.000763047867623117,1.8000000000088258e-06,1,[4],[6218]
90,81,277,1093,0.0007615473801568238,0.0007615473801568238,1,[4],[6269]
91,81,277,1093,0.0007623173801568276,7.700000000037755e-07,1,[4],[6304]
92,81,277,1093,0.0007629773801568308,6.600000000032361e-07,1,[4],[6243]
93,81,277,1093,0.0007637973801568348,8.200000000040206e-07,1,[4],[6247]
94,81,277,1094,0.0007640314992891304,0.0007640314992891304,1,[4],[6303]
95,81,277,1094,0.0007647914992891341,7.600000000037264e-07,1,[4],[6243]
96,81,277,1094,0.0007655014992891376,7.100000000034813e-07,1,[4],[6231]
97,81,277,1094,0.0007665314992891427,1.0300000000050503e-06,1,[4],[6260]
98,81,277,1095,0.0007662938116366159,0.0007662938116366159,1,[4],[6260]
99,81,277,1095,0.0007671038116366199,8.100000000039716e-07,1,[4],[6254]
100,81,277,1095,0.0007678938116366238,7.900000000038735e-07,1,[4],[6246]
101,81,277,1095,0.0007698938116366336,2.0000000000098064e-06,1,[4],[6242]
102,81,277,1096,0.0007686263017542818,0.0007686263017542818,1,[4],[6276]
103,81,277,1096,0.0007695163017542862,8.900000000043639e-07,1,[4],[6245]
104,81,277,1096,0.0007705363017542912,1.0200000000050013e-06,1,[4],[6253]
105,81,277,1097,0.000770962314096665,0.000770962314096665,1,[4],[6251]
106,81,277,1097,0.00077199231409667,1.0300000000050503e-06,2,"[4, 16]","[6233, 18]"
107,81,277,1097,0.0007735923140966778,1.6000000000078451e-06,2,"[4, 16]","[5579, 682]"
108,81,277,1098,0.0007730295213674666,0.0007730295213674666,2,"[4, 16]","[4476, 1807]"
109,81,277,1098,0.0007738495213674706,8.200000000040206e-07,2,"[4, 16]","[3838, 2388]"
110,81,277,1098,0.0007752195213674774,1.3700000000067174e-06,3,"[4, 15, 16]","[5351, 5, 889]"
111,81,277,1099,0.0007759112114095231,0.0007759112114095231,3,"[4, 15, 16]","[5630, 461, 197]"
112,81,277,1099,0.0007776812114095318,1.7700000000086787e-06,2,"[4, 15]","[4533, 1682]"
113,81,277,1100,0.0007791155260539419,0.0007791155260539419,2,"[4, 15]","[5959, 293]"
114,81,278,1072,0.0007130019860506387,0.0007130019860506387,4,"[4, 20, 21, 51]","[3894, 1448, 818, 121]"
115,81,278,1073,0.0007149013129275486,0.0007149013129275486,3,"[4, 20, 21]","[6273, 21, 17]"
116,81,278,1073,0.0007161713129275548,1.270000000006227e-06,1,[4],[6224]
117,81,278,1074,0.0007165556548280449,0.0007165556548280449,1,[4],[6302]
118,81,278,1074,0.0007173256548280487,7.700000000037755e-07,2,"[4, 19]","[6203, 1]"
119,81,278,1074,0.0007180856548280524,7.600000000037264e-07,2,"[4, 19]","[6190, 73]"
120,81,278,1074,0.000719235654828058,1.1500000000056387e-06,2,"[4, 19]","[5084, 1160]"
121,81,278,1075,0.0007183673409858777,0.0007183673409858777,2,"[4, 19]","[5644, 691]"
122,81,278,1075,0.0007188873409858802,5.200000000025497e-07,2,"[4, 19]","[4533, 1676]"
123,81,278,1075,0.0007193073409858823,4.2000000000205935e-07,2,"[4, 19]","[4513, 1781]"
124,81,278,1075,0.0007197373409858844,4.300000000021084e-07,2,"[4, 19]","[4809, 1453]"
125,81,278,1075,0.0007202773409858871,5.400000000026477e-07,2,"[4, 19]","[5393, 800]"
126,81,278,1075,0.000721497340985893,1.220000000005982e-06,2,"[4, 19]","[6042, 179]"
127,81,278,1076,0.0007203821997185624,0.0007203821997185624,2,"[4, 19]","[6117, 135]"
128,81,278,1076,0.0007210121997185655,6.30000000003089e-07,2,"[4, 19]","[6279, 1]"
129,81,278,1076,0.0007215321997185681,5.200000000025497e-07,1,[4],[6259]
130,81,278,1076,0.0007220821997185708,5.500000000026968e-07,1,[4],[6266]
131,81,278,1076,0.0007228621997185746,7.800000000038245e-07,1,[4],[6222]
132,81,278,1077,0.0007225169023232673,0.0007225169023232673,1,[4],[6277]
133,81,278,1077,0.0007231569023232704,6.400000000031381e-07,1,[4],[6246]
134,81,278,1077,0.0007237169023232732,5.600000000027458e-07,1,[4],[6237]
135,81,278,1077,0.0007243469023232763,6.30000000003089e-07,1,[4],[6303]
136,81,278,1077,0.0007255669023232823,1.220000000005982e-06,1,[4],[6195]
137,81,278,1078,0.0007247748062442615,0.0007247748062442615,1,[4],[6308]
138,81,278,1078,0.0007255448062442653,7.700000000037755e-07,2,"[4, 18]","[6262, 3]"
139,81,278,1078,0.000726294806244269,7.500000000036774e-07,2,"[4, 18]","[6148, 68]"
140,81,278,1078,0.0007276148062442755,1.3200000000064722e-06,2,"[4, 18]","[5642, 596]"
141,81,278,1079,0.0007271071092545126,0.0007271071092545126,2,"[4, 18]","[5183, 1100]"
142,81,278,1079,0.0007280771092545174,9.700000000047561e-07,2,"[4, 18]","[5186, 1036]"
143,81,278,1080,0.0007302271804205562,0.0007302271804205562,2,"[4, 18]","[6222, 50]"
144,81,278,1081,0.0007338117742029641,0.0007338117742029641,2,"[4, 17]","[5668, 587]"
145,81,278,1094,0.0007668264209144679,0.0007668264209144679,1,[4],[6255]
146,81,278,1095,0.0007677685073381433,0.0007677685073381433,1,[4],[6278]
147,81,278,1096,0.0007694081304246954,0.0007694081304246954,1,[4],[6251]
148,81,278,1096,0.0007717581304247069,2.3500000000115226e-06,1,[4],[6256]
149,81,278,1097,0.0007713479727013641,0.0007713479727013641,2,"[4, 16]","[6260, 3]"
150,81,278,1097,0.0007725679727013701,1.220000000005982e-06,2,"[4, 16]","[6126, 147]"
151,81,278,1098,0.0007730073554638293,0.0007730073554638293,2,"[4, 16]","[4614, 1705]"
152,81,278,1098,0.0007736973554638327,6.900000000033832e-07,2,"[4, 16]","[4033, 2152]"
153,81,278,1098,0.0007744773554638365,7.800000000038245e-07,2,"[4, 16]","[5032, 1231]"
154,81,278,1098,0.0007761973554638449,1.7200000000084335e-06,3,"[4, 15, 16]","[5912, 167, 164]"
155,81,278,1099,0.0007752641256789817,0.0007752641256789817,3,"[4, 15, 16]","[5893, 208, 204]"
156,81,278,1099,0.0007759741256789851,7.100000000034813e-07,2,"[4, 15]","[4974, 1223]"
157,81,278,1099,0.000776564125678988,5.900000000028929e-07,2,"[4, 15]","[4323, 1979]"
158,81,278,1099,0.0007773241256789918,7.600000000037264e-07,2,"[4, 15]","[4439, 1781]"
159,81,278,1100,0.0007774145240180978,0.0007774145240180978,2,"[4, 15]","[5549, 719]"
160,81,278,1100,0.0007782445240181019,8.300000000040697e-07,2,"[4, 15]","[6214, 42]"
161,81,278,1100,0.0007790445240181058,8.000000000039226e-07,2,"[4, 15]","[6260, 1]"
162,81,278,1100,0.0007806545240181137,1.6100000000078942e-06,1,[4],[6221]
163,81,278,1101,0.0007796329896892352,0.0007796329896892352,1,[4],[6318]
164,81,278,1101,0.0007804129896892391,7.800000000038245e-07,1,[4],[6232]
165,81,278,1101,0.0007811629896892427,7.500000000036774e-07,1,[4],[6259]
166,81,278,1101,0.0007823229896892484,1.1600000000056877e-06,1,[4],[6203]
167,81,278,1102,0.0007817976170376301,0.0007817976170376301,2,"[4, 14]","[6309, 7]"
168,81,278,1102,0.0007825576170376338,7.600000000037264e-07,2,"[4, 14]","[6165, 109]"
169,81,278,1102,0.0007831976170376369,6.400000000031381e-07,2,"[4, 14]","[5613, 575]"
170,81,278,1102,0.0007839476170376406,7.500000000036774e-07,2,"[4, 14]","[4991, 1240]"
171,81,278,1103,0.0007838511672154628,0.0007838511672154628,2,"[4, 14]","[4929, 1402]"
172,81,278,1103,0.0007846111672154666,7.600000000037264e-07,2,"[4, 14]","[5533, 692]"
173,81,278,1103,0.00078531116721547,7.000000000034323e-07,2,"[4, 14]","[6100, 115]"
174,81,278,1103,0.0007862011672154744,8.900000000043639e-07,2,"[4, 14]","[6225, 13]"
175,81,278,1104,0.000786275246902695,0.000786275246902695,2,"[4, 14]","[6248, 9]"
176,81,278,1104,0.0007870652469026989,7.900000000038735e-07,1,[4],[6291]
177,81,278,1104,0.0007878152469027026,7.500000000036774e-07,1,[4],[6278]
178,81,278,1104,0.000788925246902708,1.1100000000054426e-06,1,[4],[6187]
179,81,278,1105,0.0007885572748897628,0.0007885572748897628,1,[4],[6293]
180,81,278,1105,0.0007893572748897667,8.000000000039226e-07,1,[4],[6290]
181,81,278,1105,0.0007901372748897706,7.800000000038245e-07,1,[4],[6227]
182,81,278,1105,0.0007915072748897773,1.3700000000067174e-06,1,[4],[6198]
183,81,278,1106,0.0007907887820990508,0.0007907887820990508,1,[4],[6276]
184,81,278,1106,0.0007916187820990549,8.300000000040697e-07,1,[4],[6286]
185,81,278,1106,0.0007924187820990588,8.000000000039226e-07,1,[4],[6247]
186,81,278,1106,0.0007940387820990668,1.6200000000079432e-06,2,"[4, 13]","[6196, 1]"
187,81,278,1107,0.0007931052250094237,0.0007931052250094237,1,[4],[6255]
188,81,278,1107,0.0007939352250094278,8.300000000040697e-07,2,"[4, 13]","[6182, 91]"
189,81,278,1107,0.0007947052250094316,7.700000000037755e-07,2,"[4, 13]","[5644, 608]"
190,81,278,1107,0.0007957352250094366,1.0300000000050503e-06,2,"[4, 13]","[4581, 1681]"
191,81,278,1108,0.0007951830408429375,0.0007951830408429375,2,"[4, 13]","[4726, 1581]"
192,81,278,1108,0.0007959830408429414,8.000000000039226e-07,2,"[4, 13]","[5125, 1091]"
193,81,278,1108,0.0007968530408429457,8.700000000042658e-07,2,"[4, 13]","[6033, 237]"
194,81,278,1109,0.0007976597928231221,0.0007976597928231221,2,"[4, 13]","[6234, 21]"
195,81,278,1109,0.0007985997928231267,9.40000000004609e-07,1,[4],[6258]
196,81,278,1109,0.0007999797928231335,1.3800000000067664e-06,2,"[4, 12]","[6226, 31]"
197,81,278,1110,0.0007998497361946088,0.0007998497361946088,2,"[4, 12]","[6020, 257]"
198,81,278,1110,0.0008006497361946127,8.000000000039226e-07,2,"[4, 12]","[4727, 1559]"
199,81,278,1110,0.0008013997361946164,7.500000000036774e-07,3,"[4, 11, 12]","[4045, 2, 2203]"
200,81,278,1111,0.0008019431256961596,0.0008019431256961596,3,"[4, 11, 12]","[4947, 367, 945]"
201,81,278,1111,0.0008027931256961638,8.500000000041677e-07,3,"[4, 11, 12]","[4699, 1492, 55]"
202,81,278,1111,0.0008037631256961685,9.700000000047561e-07,3,"[4, 11, 12]","[4649, 1599, 1]"
203,81,278,1112,0.000804390703244038,0.000804390703244038,3,"[4, 11, 12]","[5568, 692, 1]"
204,81,278,1112,0.0008058107032440449,1.4200000000069626e-06,2,"[4, 11]","[6274, 3]"
205,81,278,1113,0.0008073059606538866,0.0008073059606538866,2,"[4, 11]","[6266, 1]"
206,81,278,1114,0.0008109701373266299,0.0008109701373266299,1,[4],[6252]
207,81,279,1068,0.0007035033885717526,0.0007035033885717526,1,[4],[6251]
208,81,279,1069,0.000704851040056069,0.000704851040056069,1,[4],[6261]
209,81,279,1069,0.0007058410400560738,9.900000000048542e-07,1,[4],[6294]
210,81,279,1069,0.0007070410400560797,1.2000000000058839e-06,1,[4],[6205]
211,81,279,1070,0.0007068549328145633,0.0007068549328145633,1,[4],[6298]
212,81,279,1070,0.0007075749328145668,7.200000000035303e-07,1,[4],[6211]
213,81,279,1070,0.0007081949328145698,6.2000000000304e-07,1,[4],[6243]
214,81,279,1070,0.0007088649328145731,6.700000000032852e-07,1,[4],[6296]
215,81,279,1070,0.0007098949328145782,1.0300000000050503e-06,1,[4],[6219]
216,81,279,1071,0.0007091285779600552,0.0007091285779600552,2,"[4, 51]","[6058, 248]"
217,81,279,1071,0.0007097985779600585,6.700000000032852e-07,1,[4],[6284]
218,81,279,1071,0.0007103285779600611,5.300000000025987e-07,3,"[4, 20, 21]","[6157, 2, 5]"
219,81,279,1071,0.0007108485779600636,5.200000000025497e-07,3,"[4, 20, 21]","[6146, 54, 63]"
220,81,279,1071,0.0007113985779600663,5.500000000026968e-07,3,"[4, 20, 21]","[5567, 312, 439]"
221,81,279,1071,0.0007120185779600694,6.2000000000304e-07,3,"[4, 20, 21]","[4273, 747, 1224]"
222,81,279,1071,0.0007133885779600761,1.3700000000067174e-06,3,"[4, 20, 21]","[3144, 1073, 1960]"
223,81,279,1072,0.0007112992357442635,0.0007112992357442635,4,"[4, 20, 21, 51]","[4492, 758, 720, 324]"
224,81,279,1072,0.0007117492357442657,4.5000000000220645e-07,3,"[4, 20, 21]","[3362, 1378, 1510]"
225,81,279,1072,0.0007120892357442674,3.400000000016671e-07,3,"[4, 20, 21]","[3238, 1406, 1647]"
226,81,279,1072,0.0007123992357442689,3.1000000000152e-07,3,"[4, 20, 21]","[3426, 1243, 1607]"
227,81,279,1072,0.0007127292357442705,3.3000000000161806e-07,3,"[4, 20, 21]","[3841, 996, 1307]"
228,81,279,1072,0.0007131492357442726,4.2000000000205935e-07,3,"[4, 20, 21]","[4771, 633, 855]"
229,81,279,1072,0.0007137792357442757,6.30000000003089e-07,3,"[4, 20, 21]","[5800, 199, 283]"
230,81,279,1073,0.000713922787685452,0.000713922787685452,3,"[4, 20, 21]","[6045, 123, 106]"
231,81,279,1073,0.0007146727876854557,7.500000000036774e-07,1,[4],[6234]
232,81,279,1073,0.0007154027876854592,7.300000000035793e-07,1,[4],[6271]
233,81,279,1073,0.0007166827876854655,1.2800000000062761e-06,1,[4],[6239]
234,81,279,1074,0.0007165968874096181,0.0007165968874096181,1,[4],[6284]
235,81,279,1074,0.0007178068874096241,1.2100000000059329e-06,2,"[4, 19]","[6213, 12]"
236,81,279,1075,0.0007192373863965389,0.0007192373863965389,2,"[4, 19]","[4646, 1604]"
237,81,279,1106,0.0007937972832147579,0.0007937972832147579,1,[4],[6257]
238,81,279,1107,0.0007950164285816748,0.0007950164285816748,2,"[4, 13]","[5971, 283]"
239,81,279,1108,0.0007966991371390037,0.0007966991371390037,2,"[4, 13]","[5578, 680]"
240,81,279,1109,0.000798798503014179,0.000798798503014179,2,"[4, 13]","[6273, 1]"
241,81,279,1110,0.0008004588902885512,0.0008004588902885512,2,"[4, 12]","[5515, 735]"
242,81,279,1110,0.0008017988902885578,1.3400000000065703e-06,3,"[4, 11, 12]","[4276, 9, 1981]"
243,81,279,1111,0.0008023454019081017,0.0008023454019081017,3,"[4, 11, 12]","[4887, 759, 613]"
244,81,279,1111,0.000803425401908107,1.0800000000052955e-06,3,"[4, 11, 12]","[4341, 1917, 10]"
245,81,279,1112,0.0008044770066428485,0.0008044770066428485,2,"[4, 11]","[5676, 599]"
246,81,279,1112,0.0008056070066428541,1.1300000000055406e-06,2,"[4, 11]","[6255, 4]"
247,81,279,1113,0.0008066268932857091,0.0008066268932857091,1,[4],[6251]
248,81,279,1113,0.0008075668932857137,9.40000000004609e-07,1,[4],[6267]
249,81,279,1113,0.0008086668932857191,1.1000000000053935e-06,1,[4],[6259]
250,81,279,1114,0.0008087586930400982,0.0008087586930400982,1,[4],[6302]
251,81,279,1114,0.0008095886930401023,8.300000000040697e-07,1,[4],[6235]
252,81,279,1114,0.0008104186930401063,8.300000000040697e-07,1,[4],[6221]
253,81,279,1114,0.0008126186930401171,2.200000000010787e-06,1,[4],[6248]
254,81,279,1115,0.0008109425499948424,0.0008109425499948424,1,[4],[6285]
255,81,279,1115,0.0008117525499948463,8.100000000039716e-07,1,[4],[6265]
256,81,279,1115,0.0008125625499948503,8.100000000039716e-07,1,[4],[6258]
257,81,279,1115,0.0008139525499948571,1.3900000000068155e-06,1,[4],[6195]
258,81,279,1116,0.0008133710315243121,0.0008133710315243121,1,[4],[6288]
259,81,279,1116,0.0008142310315243164,8.600000000042168e-07,1,[4],[6233]
260,81,279,1116,0.0008150410315243203,8.100000000039716e-07,1,[4],[6271]
261,81,279,1116,0.0008162310315243262,1.1900000000058348e-06,1,[4],[6219]
262,81,279,1117,0.0008160227192811884,0.0008160227192811884,1,[4],[6273]
263,81,279,1117,0.0008170027192811932,9.800000000048052e-07,1,[4],[6271]
264,81,279,1117,0.0008180627192811984,1.0600000000051974e-06,1,[4],[6237]
265,81,279,1118,0.0008190617032432848,0.0008190617032432848,1,[4],[6260]
266,81,279,1118,0.000820521703243292,1.4600000000071587e-06,1,[4],[6257]
267,81,279,1119,0.0008227996369150263,0.0008227996369150263,1,[4],[6252]
268,81,280,1053,0.0007056743491341262,0.0007056743491341262,1,[24],[6312]
269,81,280,1053,0.0007067043491341313,1.0300000000050503e-06,1,[24],[6193]
270,81,280,1054,0.0007055885410437316,0.0007055885410437316,1,[24],[6278]
271,81,280,1054,0.0007066385410437367,1.0500000000051484e-06,1,[24],[6235]
272,81,280,1065,0.0006959084618823562,0.0006959084618823562,1,[4],[6258]
273,81,280,1065,0.0006969984618823616,1.0900000000053445e-06,1,[4],[6242]
274,81,280,1066,0.0006971065009876299,0.0006971065009876299,1,[4],[6268]
275,81,280,1066,0.000697736500987633,6.30000000003089e-07,1,[4],[6250]
276,81,280,1066,0.0006982765009876357,5.400000000026477e-07,1,[4],[6237]
277,81,280,1066,0.0006988565009876385,5.800000000028439e-07,1,[4],[6318]
278,81,280,1066,0.0006997165009876427,8.600000000042168e-07,1,[4],[6188]
279,81,280,1067,0.0006990022750958092,0.0006990022750958092,1,[4],[6257]
280,81,280,1067,0.0006996022750958121,6.000000000029419e-07,1,[4],[6365]
281,81,280,1067,0.0007000522750958143,4.5000000000220645e-07,1,[4],[6171]
282,81,280,1067,0.0007004722750958164,4.2000000000205935e-07,1,[4],[6223]
283,81,280,1067,0.0007009222750958186,4.5000000000220645e-07,1,[4],[6241]
284,81,280,1067,0.0007014822750958214,5.600000000027458e-07,1,[4],[6307]
285,81,280,1067,0.0007026022750958268,1.1200000000054916e-06,1,[4],[6206]
286,81,280,1068,0.0007012403574548447,0.0007012403574548447,1,[4],[6265]
287,81,280,1068,0.0007018503574548477,6.10000000002991e-07,1,[4],[6314]
288,81,280,1068,0.0007023403574548501,4.900000000024026e-07,1,[4],[6202]
289,81,280,1068,0.0007028503574548526,5.100000000025006e-07,1,[4],[6292]
290,81,280,1068,0.0007034303574548554,5.800000000028439e-07,1,[4],[6192]
291,81,280,1068,0.0007043903574548601,9.60000000004707e-07,1,[4],[6245]
292,81,280,1069,0.0007040327672552498,0.0007040327672552498,1,[4],[6298]
293,81,280,1069,0.0007048527672552539,8.200000000040206e-07,1,[4],[6204]
294,81,280,1069,0.0007056827672552579,8.300000000040697e-07,1,[4],[6293]
295,81,280,1069,0.0007071527672552651,1.4700000000072077e-06,1,[4],[6210]
296,81,280,1070,0.0007073399059794159,0.0007073399059794159,1,[4],[6263]
297,81,280,1070,0.0007103599059794307,3.0200000000148077e-06,1,[4],[6238]
298,81,280,1117,0.0008176318820275826,0.0008176318820275826,1,[4],[6252]
299,81,280,1118,0.0008193563095744964,0.0008193563095744964,1,[4],[6291]
300,81,280,1118,0.0008205463095745022,1.1900000000058348e-06,1,[4],[6217]
301,81,280,1118,0.0008226663095745126,2.120000000010395e-06,1,[4],[6243]
302,81,280,1119,0.0008215738924204824,0.0008215738924204824,1,[4],[6269]
303,81,280,1119,0.0008225038924204869,9.3000000000456e-07,1,[4],[6272]
304,81,280,1119,0.0008233838924204913,8.800000000043148e-07,1,[4],[6221]
305,81,280,1119,0.0008250038924204992,1.6200000000079432e-06,1,[4],[6242]
306,81,280,1120,0.0008240448197484746,0.0008240448197484746,1,[4],[6309]
307,81,280,1120,0.0008249048197484788,8.600000000042168e-07,1,[4],[6222]
308,81,280,1120,0.0008257048197484828,8.000000000039226e-07,1,[4],[6274]
309,81,280,1120,0.0008267248197484878,1.0200000000050013e-06,1,[4],[6220]
310,81,280,1121,0.000826687619418387,0.000826687619418387,1,[4],[6285]
311,81,280,1121,0.0008275976194183915,9.100000000044619e-07,2,"[4, 10]","[6238, 25]"
312,81,280,1121,0.0008283676194183953,7.700000000037755e-07,2,"[4, 10]","[5545, 735]"
313,81,280,1121,0.000828927619418398,5.600000000027458e-07,2,"[4, 10]","[3462, 2810]"
314,81,280,1121,0.0008293476194184001,4.2000000000205935e-07,2,"[4, 10]","[1866, 4377]"
315,81,280,1121,0.000829737619418402,3.9000000000191225e-07,2,"[4, 10]","[1253, 4907]"
316,81,280,1121,0.0008302576194184045,5.200000000025497e-07,2,"[4, 10]","[1016, 5245]"
317,81,280,1122,0.0008290796050161303,0.0008290796050161303,2,"[4, 10]","[3950, 2324]"
318,81,280,1122,0.0008297096050161334,6.30000000003089e-07,2,"[4, 10]","[2815, 3513]"
319,81,280,1122,0.0008303396050161365,6.30000000003089e-07,2,"[4, 10]","[3387, 2767]"
320,81,280,1122,0.0008313796050161416,1.0400000000050993e-06,2,"[4, 10]","[5091, 1183]"
321,81,280,1123,0.0008329107946536742,0.0008329107946536742,2,"[4, 10]","[6221, 51]"
322,81,281,1053,0.0007047085811111291,0.0007047085811111291,2,"[24, 29]","[6275, 1]"
323,81,281,1053,0.0007064285811111376,1.7200000000084335e-06,1,[24],[6254]
324,81,281,1054,0.0007018435542475086,0.0007018435542475086,2,"[24, 29]","[6120, 169]"
325,81,281,1054,0.0007028035542475133,9.60000000004707e-07,1,[24],[6242]
326,81,281,1054,0.0007037435542475179,9.40000000004609e-07,1,[24],[6225]
327,81,281,1054,0.0007052735542475254,1.530000000007502e-06,1,[24],[6267]
328,81,281,1054,0.0007059635542475288,6.900000000033832e-07,1,[24],[6307]
329,81,281,1054,0.0007063735542475308,4.100000000020103e-07,1,[24],[6197]
330,81,281,1054,0.000706823554247533,4.5000000000220645e-07,1,[24],[6305]
331,81,281,1062,0.0006904663409689747,0.0006904663409689747,1,[4],[6284]
332,81,281,1063,0.0006912175252662788,0.0006912175252662788,1,[4],[6251]
333,81,281,1063,0.0006917975252662816,5.800000000028439e-07,1,[4],[6350]
334,81,281,1063,0.0006923075252662841,5.100000000025006e-07,1,[4],[6164]
335,81,281,1063,0.0006928775252662869,5.700000000027948e-07,1,[4],[6273]
336,81,281,1063,0.0006941675252662932,1.2900000000063251e-06,1,[4],[6221]
337,81,281,1064,0.0006927305246094831,0.0006927305246094831,1,[4],[6268]
338,81,281,1064,0.0006932405246094857,5.100000000025006e-07,1,[4],[6246]
339,81,281,1064,0.0006936405246094876,4.000000000019613e-07,1,[4],[6268]
340,81,281,1064,0.0006940205246094895,3.800000000018632e-07,1,[4],[6268]
341,81,281,1064,0.0006944305246094915,4.100000000020103e-07,1,[4],[6286]
342,81,281,1064,0.0006949605246094941,5.300000000025987e-07,1,[4],[6171]
343,81,281,1065,0.0006946555524137348,0.0006946555524137348,1,[4],[6296]
344,81,281,1065,0.0006952255524137376,5.700000000027948e-07,1,[4],[6229]
345,81,281,1065,0.0006956955524137399,4.700000000023045e-07,1,[4],[6353]
346,81,281,1065,0.0006961855524137423,4.900000000024026e-07,1,[4],[6151]
347,81,281,1065,0.0006968355524137455,6.500000000031871e-07,1,[4],[6292]
348,81,281,1066,0.0006969748002854489,0.0006969748002854489,1,[4],[6278]
349,81,281,1066,0.0006978848002854533,9.100000000044619e-07,1,[4],[6240]
350,81,281,1066,0.0006994948002854612,1.6100000000078942e-06,1,[4],[6246]
351,81,281,1067,0.0007020227300367066,0.0007020227300367066,1,[4],[6250]
352,81,281,1121,0.000829054039691925,0.000829054039691925,2,"[4, 10]","[5411, 866]"
353,81,281,1122,0.0008301038471995051,0.0008301038471995051,2,"[4, 10]","[4324, 1956]"
354,81,281,1122,0.0008314738471995118,1.3700000000067174e-06,2,"[4, 10]","[5699, 532]"
355,81,281,1123,0.0008324636272687019,0.0008324636272687019,2,"[4, 10]","[6289, 19]"
356,81,281,1123,0.0008334436272687067,9.800000000048052e-07,1,[4],[6238]
357,81,281,1123,0.0008344636272687117,1.0200000000050013e-06,1,[4],[6223]
358,81,281,1124,0.0008347724392852746,0.0008347724392852746,1,[4],[6259]
359,81,281,1124,0.000835662439285279,8.900000000043639e-07,1,[4],[6305]
360,81,281,1124,0.0008364524392852829,7.900000000038735e-07,1,[4],[6248]
361,81,281,1124,0.0008375424392852882,1.0900000000053445e-06,1,[4],[6196]
362,81,281,1125,0.000837390076309447,0.000837390076309447,2,"[4, 9]","[6246, 13]"
363,81,281,1125,0.0008382700763094513,8.800000000043148e-07,3,"[4, 8, 9]","[5981, 2, 284]"
364,81,281,1125,0.0008389900763094548,7.200000000035303e-07,3,"[4, 8, 9]","[5114, 5, 1120]"
365,81,281,1125,0.000839840076309459,8.500000000041677e-07,3,"[4, 8, 9]","[4577, 80, 1587]"
366,81,281,1126,0.0008399956702628793,0.0008399956702628793,3,"[4, 8, 9]","[4740, 504, 1035]"
367,81,281,1126,0.0008409356702628839,9.40000000004609e-07,4,"[4, 7, 8, 9]","[4680, 10, 1444, 113]"
368,81,281,1126,0.0008420356702628893,1.1000000000053935e-06,4,"[4, 7, 8, 9]","[5152, 359, 757, 4]"
369,81,281,1126,0.0008445956702629019,2.5600000000125522e-06,3,"[4, 7, 8]","[3666, 2507, 32]"
370,81,281,1127,0.0008431462148545662,0.0008431462148545662,4,"[4, 7, 8, 9]","[4210, 1976, 105, 3]"
371,81,281,1127,0.0008458662148545796,2.7200000000133367e-06,2,"[4, 7]","[5308, 899]"
372,81,282,1054,0.0006989796556351518,0.0006989796556351518,4,"[24, 29, 60, 61]","[5017, 1262, 5, 5]"
373,81,282,1054,0.0006995496556351546,5.700000000027948e-07,4,"[24, 29, 60, 61]","[3169, 3148, 7, 1]"
374,81,282,1054,0.0006999896556351568,4.400000000021574e-07,4,"[24, 29, 60, 61]","[3164, 2994, 4, 1]"
375,81,282,1054,0.0007004996556351593,5.100000000025006e-07,3,"[24, 29, 61]","[3990, 2288, 1]"
376,81,282,1054,0.0007012196556351628,7.200000000035303e-07,2,"[24, 29]","[5416, 834]"
377,81,282,1054,0.0007027296556351702,1.5100000000074039e-06,2,"[24, 29]","[6164, 39]"
378,81,282,1054,0.0007058396556351855,3.110000000015249e-06,1,[24],[6266]
379,81,282,1054,0.0007063196556351878,4.800000000023535e-07,1,[24],[6272]
380,81,282,1054,0.0007067996556351902,4.800000000023535e-07,1,[24],[6278]
381,81,282,1054,0.0007077296556351947,9.3000000000456e-07,1,[24],[6203]
382,81,282,1055,0.0006969339248147856,0.0006969339248147856,1,[24],[6253]
383,81,282,1055,0.0006985639248147936,1.6300000000079922e-06,3,"[24, 29, 60]","[6162, 119, 2]"
384,81,282,1055,0.0006998639248147999,1.3000000000063742e-06,4,"[24, 29, 60, 61]","[4124, 2123, 15, 2]"
385,81,282,1055,0.0007067039248148335,6.840000000033538e-06,3,"[24, 29, 60]","[4874, 1349, 1]"
386,81,282,1060,0.000686716156744156,0.000686716156744156,1,[4],[6303]
387,81,282,1060,0.000687326156744159,6.10000000002991e-07,1,[4],[6273]
388,81,282,1060,0.0006880161567441624,6.900000000033832e-07,1,[4],[6176]
389,81,282,1061,0.0006874797363546445,0.0006874797363546445,1,[4],[6330]
390,81,282,1061,0.0006879097363546466,4.300000000021084e-07,1,[4],[6194]
391,81,282,1061,0.0006882497363546483,3.400000000016671e-07,1,[4],[6273]
392,81,282,1061,0.0006885697363546499,3.2000000000156903e-07,1,[4],[6366]
393,81,282,1061,0.0006888997363546515,3.3000000000161806e-07,1,[4],[6174]
394,81,282,1061,0.0006893197363546536,4.2000000000205935e-07,1,[4],[6263]
395,81,282,1061,0.0006903297363546585,1.0100000000049522e-06,1,[4],[6172]
396,81,282,1062,0.0006889650193860964,0.0006889650193860964,1,[4],[6297]
397,81,282,1062,0.0006894350193860987,4.700000000023045e-07,1,[4],[6326]
398,81,282,1062,0.0006898250193861006,3.9000000000191225e-07,1,[4],[6237]
399,81,282,1062,0.0006902050193861025,3.800000000018632e-07,1,[4],[6180]
400,81,282,1062,0.0006906750193861048,4.700000000023045e-07,1,[4],[6259]
401,81,282,1062,0.000691545019386109,8.700000000042658e-07,1,[4],[6209]
402,81,282,1063,0.0006910105025435792,0.0006910105025435792,1,[4],[6290]
403,81,282,1063,0.0006918205025435831,8.100000000039716e-07,1,[4],[6215]
404,81,282,1063,0.0006933405025435906,1.5200000000074529e-06,1,[4],[6246]
405,81,282,1125,0.0008394398516662709,0.0008394398516662709,3,"[4, 8, 9]","[5051, 24, 1200]"
406,81,282,1126,0.0008406203966766904,0.0008406203966766904,4,"[4, 7, 8, 9]","[4577, 2, 1113, 585]"
407,81,282,1126,0.0008416903966766957,1.0700000000052464e-06,4,"[4, 7, 8, 9]","[4962, 418, 861, 11]"
408,81,282,1126,0.0008425203966766998,8.300000000040697e-07,3,"[4, 7, 8]","[3759, 2385, 109]"
409,81,282,1126,0.0008434403966767043,9.20000000004511e-07,3,"[4, 7, 8]","[2475, 3778, 4]"
410,81,282,1127,0.0008425380928647586,0.0008425380928647586,4,"[4, 7, 8, 9]","[3753, 2454, 87, 2]"
411,81,282,1127,0.0008432080928647619,6.700000000032852e-07,2,"[4, 7]","[3245, 3018]"
412,81,282,1127,0.0008438980928647653,6.900000000033832e-07,2,"[4, 7]","[4345, 1857]"
413,81,282,1127,0.0008447780928647696,8.800000000043148e-07,2,"[4, 7]","[5855, 423]"
414,81,282,1127,0.0008463280928647772,1.5500000000076e-06,2,"[4, 7]","[6205, 17]"
415,81,282,1128,0.0008455176303361436,0.0008455176303361436,2,"[4, 7]","[6219, 84]"
416,81,282,1128,0.000846417630336148,9.000000000044129e-07,1,[4],[6225]
417,81,282,1128,0.0008472076303361519,7.900000000038735e-07,1,[4],[6239]
418,81,282,1128,0.0008482076303361568,1.0000000000049032e-06,1,[4],[6238]
419,81,282,1129,0.000848272177694746,0.000848272177694746,1,[4],[6300]
420,81,282,1129,0.0008492021776947506,9.3000000000456e-07,1,[4],[6245]
421,81,282,1129,0.0008500621776947548,8.600000000042168e-07,1,[4],[6207]
422,81,282,1129,0.0008513521776947611,1.2900000000063251e-06,1,[4],[6257]
423,81,282,1130,0.0008511833008006908,0.0008511833008006908,1,[4],[6276]
424,81,282,1130,0.0008522733008006962,1.0900000000053445e-06,1,[4],[6271]
425,81,282,1130,0.0008536133008007027,1.3400000000065703e-06,1,[4],[6220]
426,81,282,1131,0.0008544411753960603,0.0008544411753960603,1,[4],[6253]
427,81,282,1131,0.0008571211753960734,2.6800000000131406e-06,1,[4],[6249]
428,81,282,1132,0.0008596803029102677,0.0008596803029102677,1,[4],[6254]
429,81,283,1054,0.0006996536197577162,0.0006996536197577162,4,"[24, 29, 60, 61]","[4561, 1697, 7, 1]"
430,81,283,1054,0.0007065736197577502,6.92000000003393e-06,3,"[24, 29, 60]","[4408, 1872, 1]"
431,81,283,1054,0.0007074036197577542,8.300000000040697e-07,1,[24],[6246]
432,81,283,1055,0.000693668809610063,0.000693668809610063,1,[24],[6289]
433,81,283,1055,0.0006947888096100684,1.1200000000054916e-06,1,[24],[6214]
434,81,283,1055,0.000695718809610073,9.3000000000456e-07,1,[24],[6253]
435,81,283,1055,0.0006966888096100778,9.700000000047561e-07,1,[24],[6277]
436,81,283,1055,0.0006980288096100843,1.3400000000065703e-06,3,"[24, 29, 60]","[6227, 1, 1]"
437,81,283,1055,0.0007069888096101283,8.960000000043933e-06,4,"[24, 29, 60, 61]","[4952, 1288, 6, 2]"
438,81,283,1056,0.0006894602729560054,0.0006894602729560054,3,"[24, 70, 71]","[6224, 25, 3]"
439,81,283,1056,0.0006904702729560103,1.0100000000049522e-06,2,"[24, 70]","[6283, 8]"
440,81,283,1056,0.0006912902729560143,8.200000000040206e-07,1,[24],[6239]
441,81,283,1056,0.0006920802729560182,7.900000000038735e-07,1,[24],[6240]
442,81,283,1056,0.0006928902729560222,8.100000000039716e-07,1,[24],[6280]
443,81,283,1056,0.0006939102729560272,1.0200000000050013e-06,1,[24],[6236]
444,81,283,1056,0.0006963502729560392,2.440000000011964e-06,1,[24],[6212]
445,81,283,1057,0.0006894152373168352,0.0006894152373168352,4,"[4, 24, 70, 71]","[249, 5997, 24, 1]"
446,81,283,1058,0.000684294775134967,0.000684294775134967,1,[4],[6317]
447,81,283,1058,0.000685124775134971,8.300000000040697e-07,2,"[4, 24]","[6184, 5]"
448,81,283,1059,0.0006843802490185837,0.0006843802490185837,1,[4],[6258]
449,81,283,1059,0.0006847802490185857,4.000000000019613e-07,1,[4],[6434]
450,81,283,1059,0.0006850802490185871,3.0000000000147097e-07,1,[4],[6226]
451,81,283,1059,0.0006853502490185885,2.7000000000132387e-07,1,[4],[6296]
452,81,283,1059,0.0006856202490185898,2.7000000000132387e-07,1,[4],[6252]
453,81,283,1059,0.0006859202490185912,3.0000000000147097e-07,1,[4],[6206]
454,81,283,1059,0.0006863102490185932,3.9000000000191225e-07,1,[4],[6127]
455,81,283,1059,0.0006874202490185986,1.1100000000054426e-06,1,[4],[6213]
456,81,283,1060,0.000685730253436754,0.000685730253436754,1,[4],[6334]
457,81,283,1060,0.0006861802534367562,4.5000000000220645e-07,1,[4],[6290]
458,81,283,1060,0.0006865302534367579,3.500000000017161e-07,1,[4],[6213]
459,81,283,1060,0.0006868602534367595,3.3000000000161806e-07,1,[4],[6166]
460,81,283,1060,0.0006872602534367615,4.000000000019613e-07,1,[4],[6392]
461,81,283,1060,0.0006878702534367645,6.10000000002991e-07,1,[4],[6175]
462,81,283,1061,0.0006878146997406559,0.0006878146997406559,1,[4],[6250]
463,81,283,1129,0.0008514653704341427,0.0008514653704341427,1,[4],[6255]
464,81,283,1130,0.000852314828898751,0.000852314828898751,1,[4],[6255]
465,81,283,1130,0.0008542148288987603,1.9000000000093161e-06,1,[4],[6254]
466,81,283,1131,0.0008543477153685753,0.0008543477153685753,1,[4],[6298]
467,81,283,1131,0.0008555377153685812,1.1900000000058348e-06,1,[4],[6208]
468,81,283,1131,0.0008572777153685897,1.7400000000085316e-06,1,[4],[6254]
469,81,283,1132,0.000856858683617495,0.000856858683617495,1,[4],[6259]
470,81,283,1132,0.0008578086836174997,9.500000000046581e-07,1,[4],[6258]
471,81,283,1132,0.0008587386836175042,9.3000000000456e-07,1,[4],[6237]
472,81,283,1132,0.0008606586836175137,1.920000000009414e-06,1,[4],[6254]
473,81,283,1133,0.0008594083292412587,0.0008594083292412587,1,[4],[6288]
474,81,283,1133,0.0008603483292412633,9.40000000004609e-07,1,[4],[6272]
475,81,283,1133,0.0008612083292412675,8.600000000042168e-07,1,[4],[6195]
476,81,283,1133,0.0008624683292412737,1.260000000006178e-06,1,[4],[6267]
477,81,283,1134,0.0008622190179591253,0.0008622190179591253,1,[4],[6260]
478,81,283,1134,0.0008632590179591304,1.0400000000050993e-06,1,[4],[6265]
479,81,283,1134,0.0008643390179591357,1.0800000000052955e-06,1,[4],[6227]
480,81,283,1135,0.0008653551094069365,0.0008653551094069365,1,[4],[6251]
481,81,283,1135,0.0008667951094069435,1.4400000000070606e-06,1,[4],[6265]
482,81,283,1136,0.0008689326471478915,0.0008689326471478915,1,[4],[6258]
483,81,284,1056,0.0006883691621040066,0.0006883691621040066,4,"[4, 24, 70, 71]","[44, 6214, 2, 1]"
484,81,284,1056,0.000690679162104018,2.3100000000113264e-06,3,"[24, 70, 71]","[6235, 22, 2]"
485,81,284,1057,0.0006829529202796739,0.0006829529202796739,2,"[4, 24]","[6184, 91]"
486,81,284,1057,0.0006835429202796768,5.900000000028929e-07,2,"[4, 24]","[5801, 523]"
487,81,284,1057,0.0006842929202796805,7.500000000036774e-07,2,"[4, 24]","[4149, 2025]"
488,81,284,1057,0.0006853029202796854,1.0100000000049522e-06,2,"[4, 24]","[731, 5496]"
489,81,284,1057,0.0006862529202796901,9.500000000046581e-07,2,"[4, 24]","[12, 6276]"
490,81,284,1057,0.0006872829202796951,1.0300000000050503e-06,2,"[24, 70]","[6234, 1]"
491,81,284,1057,0.0006889729202797034,1.6900000000082864e-06,2,"[24, 70]","[6239, 19]"
492,81,284,1058,0.0006827759909931729,0.0006827759909931729,2,"[4, 24]","[6277, 15]"
493,81,284,1058,0.0006830859909931744,3.1000000000152e-07,2,"[4, 24]","[6230, 26]"
494,81,284,1058,0.0006833159909931755,2.3000000000112774e-07,2,"[4, 24]","[6249, 44]"
495,81,284,1058,0.0006835159909931765,2.0000000000098064e-07,2,"[4, 24]","[6258, 61]"
496,81,284,1058,0.0006837059909931774,1.900000000009316e-07,2,"[4, 24]","[6322, 78]"
497,81,284,1058,0.0006838859909931783,1.8000000000088258e-07,2,"[4, 24]","[5922, 75]"
498,81,284,1058,0.0006840859909931793,2.0000000000098064e-07,2,"[4, 24]","[6257, 120]"
499,81,284,1058,0.0006843059909931804,2.200000000010787e-07,2,"[4, 24]","[5920, 149]"
500,81,284,1058,0.0006846059909931819,3.0000000000147097e-07,2,"[4, 24]","[6086, 191]"
501,81,284,1058,0.0006851859909931847,5.800000000028439e-07,2,"[4, 24]","[5851, 369]"
502,81,284,1059,0.0006842212697691707,0.0006842212697691707,1,[4],[6312]
503,81,284,1059,0.0006848812697691739,6.600000000032361e-07,1,[4],[6221]
504,81,284,1059,0.0006864512697691816,1.570000000007698e-06,1,[4],[6223]
505,81,284,1134,0.0008643277782235103,0.0008643277782235103,1,[4],[6261]
506,81,284,1135,0.0008659209521907786,0.0008659209521907786,1,[4],[6273]
507,81,284,1135,0.0008673909521907859,1.4700000000072077e-06,1,[4],[6235]
508,81,284,1136,0.000868096877467491,0.000868096877467491,1,[4],[6250]
509,81,284,1136,0.0008691468774674961,1.0500000000051484e-06,1,[4],[6278]
510,81,284,1136,0.0008702468774675015,1.1000000000053935e-06,1,[4],[6248]
511,81,284,1137,0.0008706259797820709,0.0008706259797820709,1,[4],[6289]
512,81,284,1137,0.0008715659797820755,9.40000000004609e-07,1,[4],[6242]
513,81,284,1137,0.0008724459797820798,8.800000000043148e-07,1,[4],[6282]
514,81,284,1137,0.0008737259797820861,1.2800000000062761e-06,1,[4],[6194]
515,81,284,1138,0.0008733452532458823,0.0008733452532458823,1,[4],[6308]
516,81,284,1138,0.0008743252532458871,9.800000000048052e-07,1,[4],[6261]
517,81,284,1138,0.0008752352532458915,9.100000000044619e-07,1,[4],[6187]
518,81,284,1138,0.0008767852532458991,1.5500000000076e-06,2,"[4, 6]","[6155, 95]"
519,81,284,1139,0.0008762355448650761,0.0008762355448650761,2,"[4, 6]","[6152, 144]"
520,81,284,1139,0.00087704554486508,8.100000000039716e-07,2,"[4, 6]","[4295, 1997]"
521,81,284,1139,0.0008775255448650824,4.800000000023535e-07,2,"[4, 6]","[2605, 3685]"
522,81,284,1139,0.0008779355448650844,4.100000000020103e-07,2,"[4, 6]","[1964, 4267]"
523,81,284,1139,0.0008783955448650867,4.600000000022555e-07,2,"[4, 6]","[1782, 4456]"
524,81,284,1139,0.0008793755448650915,9.800000000048052e-07,2,"[4, 6]","[2361, 3794]"
525,81,284,1140,0.0008787475654065021,0.0008787475654065021,2,"[4, 6]","[3356, 2914]"
526,81,284,1140,0.0008802675654065096,1.5200000000074529e-06,2,"[4, 6]","[5890, 366]"
527,81,284,1141,0.0008828317585550007,0.0008828317585550007,2,"[4, 6]","[6266, 2]"
528,81,285,1057,0.0006828924272115238,0.0006828924272115238,2,"[4, 24]","[6163, 107]"
529,81,285,1057,0.000683552427211527,6.600000000032361e-07,2,"[4, 24]","[5649, 653]"
530,81,285,1057,0.0006847524272115329,1.2000000000058839e-06,2,"[4, 24]","[2837, 3372]"
531,81,285,1058,0.0006830546935179574,0.0006830546935179574,2,"[4, 24]","[6273, 43]"
532,81,285,1058,0.0006837046935179605,6.500000000031871e-07,2,"[4, 24]","[6002, 235]"
533,81,285,1138,0.0008773667509225343,0.0008773667509225343,2,"[4, 6]","[6178, 77]"
534,81,285,1139,0.0008773433635984219,0.0008773433635984219,2,"[4, 6]","[5358, 944]"
535,81,285,1139,0.0008784533635984274,1.1100000000054426e-06,2,"[4, 6]","[3398, 2856]"
536,81,285,1140,0.0008793751891192953,0.0008793751891192953,2,"[4, 6]","[5158, 1102]"
537,81,285,1140,0.0008806751891193016,1.3000000000063742e-06,2,"[4, 6]","[6238, 15]"
538,81,285,1140,0.0008828851891193125,2.210000000010836e-06,1,[4],[6252]
539,81,285,1141,0.000881925499384417,0.000881925499384417,2,"[4, 6]","[6265, 3]"
540,81,285,1141,0.0008829654993844221,1.0400000000050993e-06,1,[4],[6277]
541,81,285,1141,0.0008840854993844276,1.1200000000054916e-06,1,[4],[6225]
542,81,285,1142,0.0008844252613460112,0.0008844252613460112,1,[4],[6262]
543,81,285,1142,0.0008853752613460159,9.500000000046581e-07,1,[4],[6246]
544,81,285,1142,0.0008862952613460204,9.20000000004511e-07,1,[4],[6257]
545,81,285,1142,0.0008879252613460284,1.6300000000079922e-06,1,[4],[6252]
546,81,285,1143,0.0008870376182437052,0.0008870376182437052,1,[4],[6285]
547,81,285,1143,0.0008879576182437097,9.20000000004511e-07,1,[4],[6230]
548,81,285,1143,0.000888837618243714,8.800000000043148e-07,1,[4],[6237]
549,81,285,1143,0.0008902076182437207,1.3700000000067174e-06,1,[4],[6280]
550,81,285,1144,0.0008897275147701148,0.0008897275147701148,1,[4],[6274]
551,81,285,1144,0.0008906875147701195,9.60000000004707e-07,1,[4],[6287]
552,81,285,1144,0.000891617514770124,9.3000000000456e-07,1,[4],[6251]
553,81,285,1144,0.000893247514770132,1.6300000000079922e-06,1,[4],[6199]
554,81,285,1145,0.0008925261798728596,0.0008925261798728596,1,[4],[6279]
555,81,285,1145,0.0008935961798728648,1.0700000000052464e-06,2,"[4, 5]","[6239, 1]"
556,81,285,1145,0.0008947861798728707,1.1900000000058348e-06,2,"[4, 5]","[6150, 92]"
557,81,285,1146,0.0008953378607154094,0.0008953378607154094,2,"[4, 5]","[5412, 882]"
558,81,285,1146,0.0008964078607154146,1.0700000000052464e-06,2,"[4, 5]","[4760, 1500]"
559,81,285,1146,0.0008985878607154253,2.180000000010689e-06,2,"[4, 5]","[5830, 368]"
560,81,285,1147,0.0008981346816977097,0.0008981346816977097,2,"[4, 5]","[6207, 84]"
561,81,285,1147,0.0009000046816977188,1.870000000009169e-06,1,[4],[6212]
562,81,285,1148,0.0009007410112903753,0.0009007410112903753,1,[4],[6254]
563,81,285,1149,0.0009035125530270855,0.0009035125530270855,1,[4],[6252]
564,81,286,1144,0.0008937331560070624,0.0008937331560070624,1,[4],[6251]
565,81,286,1145,0.00089411631801285,0.00089411631801285,2,"[4, 5]","[6261, 11]"
566,81,286,1146,0.0008958579705231216,0.0008958579705231216,2,"[4, 5]","[5082, 1195]"
567,81,286,1146,0.0008973779705231291,1.5200000000074529e-06,2,"[4, 5]","[5447, 792]"
568,81,286,1147,0.0008980838615204416,0.0008980838615204416,2,"[4, 5]","[6235, 54]"
569,81,286,1147,0.0008994138615204481,1.3300000000065213e-06,1,[4],[6246]
570,81,286,1148,0.0009001037519437338,0.0009001037519437338,1,[4],[6254]
571,81,286,1148,0.0009012037519437392,1.1000000000053935e-06,1,[4],[6253]
572,81,286,1148,0.0009038837519437523,2.6800000000131406e-06,1,[4],[6244]
573,81,286,1149,0.0009022396661242105,0.0009022396661242105,1,[4],[6264]
574,81,286,1149,0.0009032196661242153,9.800000000048052e-07,1,[4],[6271]
575,81,286,1149,0.0009044896661242215,1.270000000006227e-06,1,[4],[6237]
576,81,286,1150,0.00090435566961589,0.00090435566961589,1,[4],[6257]
577,81,286,1150,0.0009052856696158946,9.3000000000456e-07,1,[4],[6269]
578,81,286,1150,0.0009063056696158996,1.0200000000050013e-06,1,[4],[6253]
579,81,286,1151,0.0009065198842648838,0.0009065198842648838,1,[4],[6256]
580,81,286,1151,0.0009074498842648884,9.3000000000456e-07,1,[4],[6309]
581,81,286,1151,0.0009083698842648929,9.20000000004511e-07,1,[4],[6186]
582,81,286,1152,0.0009087343188641777,0.0009087343188641777,1,[4],[6250]
583,81,286,1152,0.0009096443188641822,9.100000000044619e-07,1,[4],[6311]
584,81,286,1152,0.0009105543188641866,9.100000000044619e-07,2,"[1, 4]","[3, 6239]"
585,81,286,1153,0.0009109413770180685,0.0009109413770180685,2,"[1, 4]","[330, 5953]"
586,81,286,1153,0.0009115613770180716,6.2000000000304e-07,2,"[1, 4]","[2185, 4044]"
587,81,286,1153,0.0009119513770180735,3.9000000000191225e-07,2,"[1, 4]","[3795, 2461]"
588,81,286,1153,0.0009122813770180751,3.3000000000161806e-07,2,"[1, 4]","[4677, 1689]"
589,81,286,1153,0.0009125913770180766,3.1000000000152e-07,2,"[1, 4]","[4988, 1180]"
590,81,286,1153,0.0009129813770180785,3.9000000000191225e-07,2,"[1, 4]","[5369, 860]"
591,81,286,1153,0.0009145213770180861,1.540000000007551e-06,2,"[1, 4]","[5683, 536]"
592,81,286,1154,0.0009115690652345607,0.0009115690652345607,2,"[1, 4]","[5938, 448]"
593,81,286,1154,0.0009118690652345622,3.0000000000147097e-07,2,"[1, 4]","[6042, 231]"
594,81,286,1154,0.0009120790652345632,2.1000000000102968e-07,2,"[1, 4]","[5945, 159]"
595,81,286,1154,0.0009122590652345641,1.8000000000088258e-07,2,"[1, 4]","[6278, 138]"
596,81,286,1154,0.0009124190652345649,1.6000000000078451e-07,2,"[1, 4]","[6086, 102]"
597,81,286,1154,0.0009125890652345657,1.7000000000083355e-07,2,"[1, 4]","[6390, 81]"
598,81,286,1154,0.0009127590652345665,1.7000000000083355e-07,2,"[1, 4]","[6082, 88]"
599,81,286,1154,0.0009129390652345674,1.8000000000088258e-07,2,"[1, 4]","[5945, 86]"
600,81,286,1154,0.0009131790652345686,2.4000000000117677e-07,2,"[1, 4]","[6240, 60]"
601,81,286,1154,0.0009135790652345705,4.000000000019613e-07,2,"[1, 4]","[6204, 38]"
602,81,286,1155,0.0009116269027560986,0.0009116269027560986,1,[1],[6319]
603,81,286,1155,0.0009119669027561003,3.400000000016671e-07,1,[1],[6348]
604,81,286,1155,0.0009122169027561015,2.500000000012258e-07,2,"[1, 4]","[6310, 1]"
605,81,286,1155,0.0009124469027561026,2.3000000000112774e-07,1,[1],[6290]
606,81,286,1155,0.0009126769027561038,2.3000000000112774e-07,1,[1],[6153]
607,81,286,1155,0.0009129569027561051,2.800000000013729e-07,1,[1],[6261]
608,81,286,1155,0.0009133869027561073,4.300000000021084e-07,1,[1],[6156]
609,81,286,1156,0.00091156654791827,0.00091156654791827,1,[1],[6386]
610,81,286,1156,0.0009119265479182718,3.6000000000176516e-07,1,[1],[6183]
611,81,286,1156,0.0009122265479182733,3.0000000000147097e-07,1,[1],[6202]
612,81,286,1156,0.0009125365479182748,3.1000000000152e-07,1,[1],[6233]
613,81,286,1156,0.0009129565479182769,4.2000000000205935e-07,1,[1],[6315]
614,81,286,1157,0.0009115121034809538,0.0009115121034809538,1,[1],[6285]
615,81,286,1157,0.0009119421034809559,4.300000000021084e-07,1,[1],[6268]
616,81,286,1157,0.0009123321034809578,3.9000000000191225e-07,1,[1],[6305]
617,81,286,1157,0.0009128721034809605,5.400000000026477e-07,1,[1],[6210]
618,81,286,1158,0.0009115209682031858,0.0009115209682031858,1,[1],[6342]
619,81,286,1158,0.0009120409682031883,5.200000000025497e-07,1,[1],[6261]
620,81,286,1158,0.0009126909682031915,6.500000000031871e-07,1,[1],[6169]
621,81,286,1159,0.0009115447927366782,0.0009115447927366782,1,[1],[6314]
622,81,286,1159,0.0009122347927366816,6.900000000033832e-07,1,[1],[6203]
623,81,286,1160,0.0009116680129847792,0.0009116680129847792,1,[1],[6304]
624,81,286,1161,0.0009118446348685357,0.0009118446348685357,1,[1],[6253]
625,81,286,1162,0.0009121030698094272,0.0009121030698094272,1,[1],[6256]
626,81,286,1163,0.0009124373337299394,0.0009124373337299394,1,[1],[6250]
627,81,287,1153,0.0009125950572700923,0.0009125950572700923,2,"[1, 4]","[3782, 2496]"
628,81,287,1154,0.0009120439089944254,0.0009120439089944254,2,"[1, 4]","[6138, 159]"
629,81,287,1154,0.0009125239089944277,4.800000000023535e-07,2,"[1, 4]","[6222, 62]"
630,81,287,1154,0.0009130239089944302,5.000000000024516e-07,2,"[1, 4]","[6171, 26]"
631,81,287,1155,0.000911761148446169,0.000911761148446169,1,[1],[6366]
632,81,287,1155,0.0009121511484461709,3.9000000000191225e-07,2,"[1, 4]","[6173, 1]"
633,81,287,1155,0.0009124911484461725,3.400000000016671e-07,1,[1],[6317]
634,81,287,1155,0.0009128611484461744,3.700000000018142e-07,1,[1],[6192]
635,81,287,1155,0.0009135411484461777,6.800000000033342e-07,1,[1],[6219]
636,81,287,1156,0.0009115322711038688,0.0009115322711038688,1,[1],[6332]
637,81,287,1156,0.0009119122711038707,3.800000000018632e-07,1,[1],[6373]
638,81,287,1156,0.0009122022711038721,2.9000000000142193e-07,1,[1],[6112]
639,81,287,1156,0.0009125122711038736,3.1000000000152e-07,1,[1],[6303]
640,81,287,1156,0.0009129022711038755,3.9000000000191225e-07,1,[1],[6207]
641,81,287,1157,0.0009113222285748317,0.0009113222285748317,1,[1],[6268]
642,81,287,1157,0.0009116822285748335,3.6000000000176516e-07,1,[1],[6385]
643,81,287,1157,0.0009119522285748348,2.7000000000132387e-07,1,[1],[6265]
644,81,287,1157,0.0009122222285748361,2.7000000000132387e-07,1,[1],[6224]
645,81,287,1157,0.0009125222285748376,3.0000000000147097e-07,1,[1],[6182]
646,81,287,1157,0.0009129922285748399,4.700000000023045e-07,1,[1],[6248]
647,81,287,1158,0.0009111444611948874,0.0009111444611948874,1,[1],[6358]
648,81,287,1158,0.0009114944611948891,3.500000000017161e-07,1,[1],[6318]
649,81,287,1158,0.0009117544611948904,2.6000000000127484e-07,1,[1],[6115]
650,81,287,1158,0.0009120144611948917,2.6000000000127484e-07,1,[1],[6352]
651,81,287,1158,0.000912284461194893,2.7000000000132387e-07,1,[1],[6124]
652,81,287,1158,0.0009126544611948948,3.700000000018142e-07,1,[1],[6260]
653,81,287,1159,0.0009109650898423512,0.0009109650898423512,1,[1],[6327]
654,81,287,1159,0.0009112950898423529,3.3000000000161806e-07,1,[1],[6262]
655,81,287,1159,0.0009115550898423541,2.6000000000127484e-07,1,[1],[6377]
656,81,287,1159,0.0009117850898423553,2.3000000000112774e-07,1,[1],[6151]
657,81,287,1159,0.0009120250898423564,2.4000000000117677e-07,1,[1],[6299]
658,81,287,1159,0.0009123150898423579,2.9000000000142193e-07,1,[1],[6223]
659,81,287,1159,0.0009127950898423602,4.800000000023535e-07,1,[1],[6129]
660,81,287,1160,0.0009108529679300581,0.0009108529679300581,1,[1],[6306]
661,81,287,1160,0.0009111829679300597,3.3000000000161806e-07,1,[1],[6219]
662,81,287,1160,0.000911442967930061,2.6000000000127484e-07,1,[1],[6343]
663,81,287,1160,0.0009116829679300622,2.4000000000117677e-07,1,[1],[6366]
664,81,287,1160,0.0009119229679300634,2.4000000000117677e-07,1,[1],[6187]
665,81,287,1160,0.0009122229679300648,3.0000000000147097e-07,1,[1],[6205]
666,81,287,1160,0.0009127329679300673,5.100000000025006e-07,1,[1],[6126]
667,81,287,1161,0.0009107788339176269,0.0009107788339176269,1,[1],[6311]
668,81,287,1161,0.0009111188339176286,3.400000000016671e-07,1,[1],[6311]
669,81,287,1161,0.0009113788339176298,2.6000000000127484e-07,1,[1],[6190]
670,81,287,1161,0.0009116288339176311,2.500000000012258e-07,1,[1],[6307]
671,81,287,1161,0.0009118788339176323,2.500000000012258e-07,1,[1],[6155]
672,81,287,1161,0.000912218833917634,3.400000000016671e-07,1,[1],[6277]
673,81,287,1161,0.000913238833917639,1.0200000000050013e-06,1,[1],[6206]
674,81,287,1162,0.0009106975908366195,0.0009106975908366195,1,[1],[6281]
675,81,287,1162,0.0009110475908366212,3.500000000017161e-07,1,[1],[6400]
676,81,287,1162,0.0009113175908366225,2.7000000000132387e-07,1,[1],[6239]
677,81,287,1162,0.0009115675908366237,2.500000000012258e-07,1,[1],[6189]
678,81,287,1162,0.0009118575908366251,2.9000000000142193e-07,1,[1],[6336]
679,81,287,1162,0.0009122575908366271,4.000000000019613e-07,1,[1],[6125]
680,81,287,1163,0.000910537498942084,0.000910537498942084,1,[1],[6325]
681,81,287,1163,0.0009108774989420857,3.400000000016671e-07,1,[1],[6288]
682,81,287,1163,0.000911137498942087,2.6000000000127484e-07,1,[1],[6289]
683,81,287,1163,0.0009113774989420882,2.4000000000117677e-07,1,[1],[6129]
684,81,287,1163,0.0009116474989420895,2.7000000000132387e-07,1,[1],[6371]
685,81,287,1163,0.0009119774989420911,3.3000000000161806e-07,1,[1],[6151]
686,81,287,1163,0.0009132074989420971,1.230000000006031e-06,1,[1],[6200]
687,81,287,1164,0.0009104059927732707,0.0009104059927732707,1,[1],[6355]
688,81,287,1164,0.0009107359927732723,3.3000000000161806e-07,1,[1],[6208]
689,81,287,1164,0.0009109959927732736,2.6000000000127484e-07,1,[1],[6291]
690,81,287,1164,0.0009112359927732748,2.4000000000117677e-07,1,[1],[6162]
691,81,287,1164,0.000911495992773276,2.6000000000127484e-07,1,[1],[6305]
692,81,287,1164,0.0009118259927732777,3.3000000000161806e-07,1,[1],[6263]
693,81,287,1164,0.0009126159927732815,7.900000000038735e-07,1,[1],[6185]
694,81,287,1165,0.0009102817544320786,0.0009102817544320786,1,[1],[6280]
695,81,287,1165,0.0009106217544320803,3.400000000016671e-07,1,[1],[6365]
696,81,287,1165,0.0009108817544320816,2.6000000000127484e-07,1,[1],[6265]
697,81,287,1165,0.0009111217544320828,2.4000000000117677e-07,1,[1],[6131]
698,81,287,1165,0.000911381754432084,2.6000000000127484e-07,1,[1],[6231]
699,81,287,1165,0.0009117217544320857,3.400000000016671e-07,1,[1],[6295]
700,81,287,1165,0.0009126117544320901,8.900000000043639e-07,1,[1],[6183]
701,81,287,1166,0.0009102127145188227,0.0009102127145188227,1,[1],[6343]
702,81,287,1166,0.0009105527145188243,3.400000000016671e-07,1,[1],[6280]
703,81,287,1166,0.0009108127145188256,2.6000000000127484e-07,1,[1],[6260]
704,81,287,1166,0.0009110627145188268,2.500000000012258e-07,1,[1],[6277]
705,81,287,1166,0.0009113227145188281,2.6000000000127484e-07,1,[1],[6136]
706,81,287,1166,0.0009116727145188298,3.500000000017161e-07,1,[1],[6210]
707,81,287,1167,0.0009101492533819526,0.0009101492533819526,1,[1],[6254]
708,81,287,1167,0.0009105092533819544,3.6000000000176516e-07,1,[1],[6308]
709,81,287,1167,0.0009107892533819558,2.800000000013729e-07,1,[1],[6316]
710,81,287,1167,0.0009110592533819571,2.7000000000132387e-07,1,[1],[6281]
711,81,287,1167,0.0009113592533819586,3.0000000000147097e-07,1,[1],[6158]
712,81,287,1167,0.000911859253381961,5.000000000024516e-07,1,[1],[6204]
713,81,287,1168,0.0009101244980850731,0.0009101244980850731,1,[1],[6339]
714,81,287,1168,0.0009104844980850748,3.6000000000176516e-07,1,[1],[6344]
715,81,287,1168,0.0009107744980850763,2.9000000000142193e-07,1,[1],[6098]
716,81,287,1168,0.0009110744980850777,3.0000000000147097e-07,1,[1],[6265]
717,81,287,1168,0.0009114544980850796,3.800000000018632e-07,1,[1],[6207]
718,81,287,1169,0.0009101237378080817,0.0009101237378080817,1,[1],[6258]
719,81,287,1169,0.0009105237378080836,4.000000000019613e-07,1,[1],[6415]
720,81,287,1169,0.0009108437378080852,3.2000000000156903e-07,1,[1],[6197]
721,81,287,1169,0.000911203737808087,3.6000000000176516e-07,1,[1],[6264]
722,81,287,1169,0.0009118437378080901,6.400000000031381e-07,1,[1],[6137]
723,81,287,1170,0.0009101694067503848,0.0009101694067503848,1,[1],[6271]
724,81,287,1170,0.0009105894067503869,4.2000000000205935e-07,1,[1],[6385]
725,81,287,1170,0.0009109594067503887,3.700000000018142e-07,1,[1],[6186]
726,81,287,1170,0.000911419406750391,4.600000000022555e-07,1,[1],[6191]
727,81,287,1171,0.0009101931520059511,0.0009101931520059511,1,[1],[6360]
728,81,287,1171,0.0009106431520059533,4.5000000000220645e-07,1,[1],[6241]
729,81,287,1171,0.0009110731520059554,4.300000000021084e-07,1,[1],[6242]
730,81,287,1171,0.0009118831520059594,8.100000000039716e-07,1,[1],[6187]
731,81,287,1172,0.0009102646173122482,0.0009102646173122482,1,[1],[6255]
732,81,287,1172,0.0009107846173122508,5.200000000025497e-07,1,[1],[6361]
733,81,287,1172,0.0009113846173122537,6.000000000029419e-07,1,[1],[6168]
734,81,287,1173,0.0009103295332923237,0.0009103295332923237,1,[1],[6261]
735,81,287,1173,0.0009109195332923266,5.900000000028929e-07,1,[1],[6325]
736,81,287,1173,0.0009124995332923343,1.580000000007747e-06,1,[1],[6165]
737,81,287,1174,0.0009103747657459877,0.0009103747657459877,1,[1],[6276]
738,81,287,1174,0.000911054765745991,6.800000000033342e-07,1,[1],[6297]
739,81,287,1175,0.0009104696430686496,0.0009104696430686496,1,[1],[6325]
740,81,287,1175,0.0009113396430686538,8.700000000042658e-07,1,[1],[6226]
741,81,287,1176,0.0009104426245725437,0.0009104426245725437,1,[1],[6283]
742,81,287,1176,0.0009114726245725487,1.0300000000050503e-06,1,[1],[6218]
743,81,287,1177,0.0009104853399293475,0.0009104853399293475,1,[1],[6273]
744,81,287,1178,0.0009104833359044523,0.0009104833359044523,2,"[1, 2]","[6258, 2]"
745,81,287,1179,0.0009103924444388501,0.0009103924444388501,2,"[1, 2]","[5939, 327]"
746,81,287,1180,0.0009103569916219501,0.0009103569916219501,2,"[1, 2]","[5789, 487]"
747,81,287,1181,0.0009105017676887473,0.0009105017676887473,2,"[1, 2]","[6266, 12]"
748,81,287,1182,0.0009107805977709364,0.0009107805977709364,1,[1],[6257]
749,81,287,1183,0.0009111965883547626,0.0009111965883547626,1,[1],[6253]
750,81,288,1165,0.0009117731263461391,0.0009117731263461391,1,[1],[6250]
751,81,288,1166,0.0009112491376180843,0.0009112491376180843,1,[1],[6279]
752,81,288,1167,0.0009110054588663014,0.0009110054588663014,1,[1],[6267]
753,81,288,1168,0.0009107717989597175,0.0009107717989597175,1,[1],[6253]
754,81,288,1169,0.0009105765167612648,0.0009105765167612648,1,[1],[6330]
755,81,288,1169,0.0009113765167612687,8.000000000039226e-07,1,[1],[6198]
756,81,288,1170,0.0009104205678771835,0.0009104205678771835,1,[1],[6273]
757,81,288,1170,0.0009110205678771865,6.000000000029419e-07,1,[1],[6297]
758,81,288,1171,0.0009102737430718387,0.0009102737430718387,1,[1],[6299]
759,81,288,1171,0.0009107637430718411,4.900000000024026e-07,1,[1],[6298]
760,81,288,1171,0.0009113237430718439,5.600000000027458e-07,1,[1],[6199]
761,81,288,1172,0.0009101911777827723,0.0009101911777827723,1,[1],[6292]
762,81,288,1172,0.0009106611777827746,4.700000000023045e-07,1,[1],[6323]
763,81,288,1172,0.0009111111777827768,4.5000000000220645e-07,1,[1],[6138]
764,81,288,1173,0.0009101133840893036,0.0009101133840893036,1,[1],[6276]
765,81,288,1173,0.0009105433840893057,4.300000000021084e-07,1,[1],[6265]
766,81,288,1173,0.0009109333840893076,3.9000000000191225e-07,1,[1],[6337]
767,81,288,1173,0.0009115033840893104,5.700000000027948e-07,1,[1],[6140]
768,81,288,1174,0.0009100654213624449,0.0009100654213624449,1,[1],[6371]
769,81,288,1174,0.0009104654213624468,4.000000000019613e-07,1,[1],[6232]
770,81,288,1174,0.0009108254213624486,3.6000000000176516e-07,1,[1],[6281]
771,81,288,1174,0.0009112654213624508,4.400000000021574e-07,1,[1],[6169]
772,81,288,1175,0.0009100226698585505,0.0009100226698585505,1,[1],[6298]
773,81,288,1175,0.0009104326698585525,4.100000000020103e-07,1,[1],[6296]
774,81,288,1175,0.0009107826698585542,3.500000000017161e-07,1,[1],[6305]
775,81,288,1175,0.0009112126698585563,4.300000000021084e-07,1,[1],[6127]
776,81,288,1176,0.0009099337909909076,0.0009099337909909076,1,[1],[6332]
777,81,288,1176,0.0009103337909909095,4.000000000019613e-07,1,[1],[6319]
778,81,288,1176,0.0009106737909909112,3.400000000016671e-07,1,[1],[6188]
779,81,288,1176,0.0009110737909909132,4.000000000019613e-07,1,[1],[6231]
780,81,288,1176,0.0009121537909909185,1.0800000000052955e-06,1,[1],[6181]
781,81,288,1177,0.0009098854519628558,0.0009098854519628558,1,[1],[6251]
782,81,288,1177,0.0009102954519628579,4.100000000020103e-07,1,[1],[6291]
783,81,288,1177,0.0009106454519628596,3.500000000017161e-07,1,[1],[6320]
784,81,288,1177,0.0009110854519628617,4.400000000021574e-07,1,[1],[6181]
785,81,288,1178,0.0009098142146056346,0.0009098142146056346,2,"[1, 2]","[6343, 1]"
786,81,288,1178,0.0009102142146056365,4.000000000019613e-07,1,[1],[6225]
787,81,288,1178,0.0009105742146056383,3.6000000000176516e-07,2,"[1, 2]","[6280, 1]"
788,81,288,1178,0.0009110042146056404,4.300000000021084e-07,2,"[1, 2]","[6191, 2]"
789,81,288,1179,0.0009097134084760812,0.0009097134084760812,2,"[1, 2]","[6033, 282]"
790,81,288,1179,0.0009101134084760832,4.000000000019613e-07,2,"[1, 2]","[5999, 282]"
791,81,288,1179,0.0009104534084760849,3.400000000016671e-07,2,"[1, 2]","[6023, 297]"
792,81,288,1179,0.0009108434084760868,3.9000000000191225e-07,2,"[1, 2]","[5897, 308]"
793,81,288,1179,0.000911903408476092,1.0600000000051974e-06,2,"[1, 2]","[5859, 277]"
794,81,288,1180,0.0009095942305636862,0.0009095942305636862,2,"[1, 2]","[5860, 423]"
795,81,288,1180,0.0009099742305636881,3.800000000018632e-07,2,"[1, 2]","[5842, 390]"
796,81,288,1180,0.0009102942305636896,3.2000000000156903e-07,2,"[1, 2]","[5831, 453]"
797,81,288,1180,0.0009106442305636914,3.500000000017161e-07,2,"[1, 2]","[5917, 454]"
798,81,288,1180,0.000911174230563694,5.300000000025987e-07,2,"[1, 2]","[5586, 496]"
799,81,288,1181,0.0009095472768261196,0.0009095472768261196,2,"[1, 2]","[6311, 6]"
800,81,288,1181,0.0009099472768261215,4.000000000019613e-07,2,"[1, 2]","[6263, 11]"
801,81,288,1181,0.0009102872768261232,3.400000000016671e-07,2,"[1, 2]","[6252, 11]"
802,81,288,1181,0.000910667276826125,3.800000000018632e-07,2,"[1, 2]","[6170, 14]"
803,81,288,1181,0.0009115572768261294,8.900000000043639e-07,2,"[1, 2]","[6219, 5]"
804,81,288,1182,0.0009095306411258147,0.0009095306411258147,1,[1],[6342]
805,81,288,1182,0.0009099306411258167,4.000000000019613e-07,1,[1],[6228]
806,81,288,1182,0.0009102806411258184,3.500000000017161e-07,1,[1],[6306]
807,81,288,1182,0.0009107006411258205,4.2000000000205935e-07,1,[1],[6224]
808,81,288,1183,0.000909502731714612,0.000909502731714612,1,[1],[6286]
809,81,288,1183,0.000909902731714614,4.000000000019613e-07,1,[1],[6321]
810,81,288,1183,0.0009102327317146156,3.3000000000161806e-07,1,[1],[6191]
811,81,288,1183,0.0009106127317146175,3.800000000018632e-07,1,[1],[6253]
812,81,288,1183,0.0009115127317146219,9.000000000044129e-07,1,[1],[6201]
813,81,288,1184,0.0009095005673782473,0.0009095005673782473,1,[1],[6279]
814,81,288,1184,0.0009098905673782492,3.9000000000191225e-07,1,[1],[6366]
815,81,288,1184,0.0009102305673782509,3.400000000016671e-07,1,[1],[6241]
816,81,288,1184,0.0009106105673782527,3.800000000018632e-07,1,[1],[6213]
817,81,288,1184,0.0009115005673782571,8.900000000043639e-07,1,[1],[6154]
818,81,288,1185,0.000909499428512876,0.000909499428512876,1,[1],[6337]
819,81,288,1185,0.000909889428512878,3.9000000000191225e-07,1,[1],[6329]
820,81,288,1185,0.0009102194285128796,3.3000000000161806e-07,1,[1],[6218]
821,81,288,1185,0.0009105794285128813,3.6000000000176516e-07,1,[1],[6201]
822,81,288,1185,0.0009111994285128844,6.2000000000304e-07,1,[1],[6189]
823,81,288,1186,0.0009095283598830429,0.0009095283598830429,1,[1],[6368]
824,81,288,1186,0.0009099083598830448,3.800000000018632e-07,1,[1],[6282]
825,81,288,1186,0.0009102183598830463,3.1000000000152e-07,1,[1],[6113]
826,81,288,1186,0.000910578359883048,3.6000000000176516e-07,1,[1],[6363]
827,81,288,1186,0.0009111383598830508,5.600000000027458e-07,1,[1],[6144]
828,81,288,1187,0.0009095697088426073,0.0009095697088426073,1,[1],[6275]
829,81,288,1187,0.0009099597088426092,3.9000000000191225e-07,1,[1],[6402]
830,81,288,1187,0.0009102697088426107,3.1000000000152e-07,1,[1],[6108]
831,81,288,1187,0.0009106197088426124,3.500000000017161e-07,1,[1],[6307]
832,81,288,1187,0.0009112097088426153,5.900000000028929e-07,1,[1],[6199]
833,81,288,1188,0.0009099644353918364,0.0009099644353918364,1,[1],[6265]
834,81,288,1188,0.0009106144353918396,6.500000000031871e-07,1,[1],[6274]
