,event,pixel_x,pixel_y,reset_time,TSLR,nMCParticles,MC_TrackIDs,MC_Weights
0,6,150,1226,0.0010549804067079812,0.0010549804067079812,4,"[2207, 2208, 2218, 2221]","[6193, 3, 65, 3]"
1,6,216,1194,0.0008950094488270568,0.0008950094488270568,1,[2232],[6319]
2,6,216,1194,0.0008957394488270604,7.300000000035793e-07,1,[2232],[6251]
3,6,217,1194,0.0008949939773291209,0.0008949939773291209,1,[2232],[6266]
4,6,217,1194,0.0008961739773291267,1.1800000000057858e-06,1,[2232],[6236]
5,6,229,1173,0.0010639740489410165,0.0010639740489410165,1,[1918],[6250]
6,6,229,1174,0.001064152156565572,0.001064152156565572,1,[1918],[6273]
7,6,232,1184,0.0009151627741554261,0.0009151627741554261,1,[2167],[6310]
8,6,232,1184,0.0009157327741554289,5.700000000027948e-07,1,[2167],[6290]
9,6,232,1184,0.0009168827741554346,1.1500000000056387e-06,1,[2167],[6156]
10,6,249,1207,0.0009602844689333325,0.0009602844689333325,1,[1113],[6297]
11,6,249,1207,0.0009614344689333382,1.1500000000056387e-06,1,[1113],[6207]
12,6,249,1208,0.0011180016002935733,0.0011180016002935733,3,"[1113, 1135, 1136]","[4680, 783, 799]"
13,6,249,1209,0.0011186365288949032,0.0011186365288949032,3,"[1113, 1135, 1136]","[16, 87, 6187]"
14,6,254,1166,0.0009145396753803827,0.0009145396753803827,2,"[2073, 2115]","[6260, 2]"
15,6,254,1167,0.0009132722097538133,0.0009132722097538133,3,"[2073, 2115, 2116]","[6326, 12, 2]"
16,6,254,1167,0.0009137922097538158,5.200000000025497e-07,3,"[2073, 2115, 2116]","[6201, 5, 3]"
17,6,254,1167,0.0009143522097538186,5.600000000027458e-07,2,"[2073, 2115]","[6223, 4]"
18,6,254,1167,0.0009157922097538257,1.4400000000070606e-06,2,"[2073, 2115]","[6244, 1]"
19,6,255,1166,0.0009148381425704931,0.0009148381425704931,2,"[2073, 2115]","[6263, 3]"
20,6,255,1167,0.0009140347900544104,0.0009140347900544104,3,"[2073, 2115, 2116]","[6275, 2, 3]"
21,6,255,1167,0.0009152047900544162,1.1700000000057368e-06,1,[2073],[6261]
22,6,255,1167,0.000916394790054422,1.1900000000058348e-06,1,[2073],[6221]
23,6,255,1167,0.0009172947900544264,9.000000000044129e-07,1,[2073],[6239]
24,6,255,1167,0.0009181647900544307,8.700000000042658e-07,1,[2073],[6301]
25,6,255,1167,0.0009197347900544384,1.570000000007698e-06,1,[2073],[6200]
26,6,255,1168,0.0009186713661973572,0.0009186713661973572,2,"[2073, 2115]","[6261, 2]"
27,6,255,1168,0.0009334013661974294,1.4730000000072224e-05,2,"[2073, 2206]","[4197, 2059]"
28,6,256,1167,0.0009194540595768939,0.0009194540595768939,1,[2073],[6261]
29,6,256,1168,0.0009194462189201268,0.0009194462189201268,1,[2073],[6296]
30,6,256,1168,0.0009202462189201307,8.000000000039226e-07,1,[2073],[6219]
31,6,256,1168,0.0009213462189201361,1.1000000000053935e-06,1,[2073],[6249]
32,6,257,1168,0.0009209512398596927,0.0009209512398596927,2,"[1913, 2073]","[10, 6286]"
33,6,257,1168,0.0009220112398596979,1.0600000000051974e-06,2,"[2073, 2088]","[6232, 6]"
34,6,257,1169,0.0009219210037388687,0.0009219210037388687,2,"[1913, 2073]","[4, 6260]"
35,6,258,1166,0.0009305758788560328,0.0009305758788560328,2,"[2073, 2186]","[1, 6269]"
36,6,258,1167,0.0009302499386136138,0.0009302499386136138,3,"[2073, 2088, 2186]","[751, 1281, 4235]"
37,6,258,1168,0.0009225355916809863,0.0009225355916809863,3,"[1913, 2073, 2088]","[1, 4086, 2234]"
38,6,258,1168,0.0009231255916809892,5.900000000028929e-07,2,"[2073, 2088]","[3297, 2944]"
39,6,258,1168,0.0009236155916809916,4.900000000024026e-07,2,"[2073, 2088]","[3058, 3252]"
40,6,258,1168,0.0009241255916809941,5.100000000025006e-07,2,"[2073, 2088]","[2746, 3465]"
41,6,258,1168,0.0009248055916809974,6.800000000033342e-07,2,"[2073, 2088]","[2445, 3792]"
42,6,258,1169,0.0009231433684582015,0.0009231433684582015,2,"[2073, 2088]","[4822, 1446]"
43,6,259,1168,0.0009231252565814439,0.0009231252565814439,2,"[2073, 2088]","[794, 5479]"
44,6,259,1168,0.0009238752565814476,7.500000000036774e-07,2,"[2073, 2088]","[2092, 4229]"
45,6,259,1168,0.0009244252565814503,5.500000000026968e-07,2,"[2073, 2088]","[2913, 3290]"
46,6,259,1168,0.0009249452565814528,5.200000000025497e-07,2,"[2073, 2088]","[3579, 2690]"
47,6,259,1168,0.0009255652565814559,6.2000000000304e-07,2,"[2073, 2088]","[4346, 1850]"
48,6,259,1168,0.0009274052565814649,1.840000000009022e-06,2,"[2073, 2088]","[5594, 647]"
49,6,259,1169,0.0009260230645644921,0.0009260230645644921,2,"[2073, 2088]","[2517, 3734]"
50,6,260,1167,0.0009274282694430144,0.0009274282694430144,2,"[2073, 2088]","[6249, 29]"
51,6,260,1168,0.0009262230778123108,0.0009262230778123108,2,"[2073, 2088]","[5921, 341]"
52,6,260,1168,0.0009272030778123157,9.800000000048052e-07,2,"[2073, 2088]","[6264, 7]"
53,6,261,1167,0.00092789495831767,0.00092789495831767,1,[2073],[6284]
54,6,261,1167,0.0009286349583176736,7.400000000036284e-07,1,[2073],[6216]
55,6,261,1167,0.0009295649583176782,9.3000000000456e-07,1,[2073],[6270]
56,6,262,1166,0.0009298523552847243,0.0009298523552847243,1,[2073],[6287]
57,6,262,1166,0.000930622355284728,7.700000000037755e-07,1,[2073],[6282]
58,6,262,1166,0.0009318723552847342,1.250000000006129e-06,1,[2073],[6200]
59,6,262,1167,0.0009298197938477072,0.0009298197938477072,1,[2073],[6278]
60,6,263,1165,0.0009317146380814946,0.0009317146380814946,2,"[2073, 2086]","[6264, 1]"
61,6,263,1165,0.0009328546380815002,1.1400000000055897e-06,2,"[2073, 2086]","[6219, 19]"
62,6,263,1166,0.000931161819925799,0.000931161819925799,1,[2073],[6273]
63,6,263,1166,0.000932591819925806,1.4300000000070116e-06,1,[2073],[6237]
64,6,264,1159,0.0009038751071544788,0.0009038751071544788,1,[2120],[6258]
65,6,264,1164,0.0009329218253833876,0.0009329218253833876,2,"[2073, 2086]","[4652, 1602]"
66,6,264,1164,0.0009341718253833937,1.250000000006129e-06,2,"[2073, 2086]","[4061, 2186]"
67,6,264,1165,0.0009322533898162166,0.0009322533898162166,2,"[2073, 2086]","[6070, 233]"
68,6,264,1165,0.0009329633898162201,7.100000000034813e-07,2,"[2073, 2086]","[5446, 809]"
69,6,265,1159,0.0009034852695800631,0.0009034852695800631,1,[2120],[6310]
70,6,265,1159,0.0009042052695800667,7.200000000035303e-07,1,[2120],[6204]
71,6,265,1164,0.0009329958561956122,0.0009329958561956122,3,"[2073, 2085, 2086]","[5194, 98, 1005]"
72,6,265,1164,0.0009335958561956151,6.000000000029419e-07,3,"[2073, 2085, 2086]","[5484, 22, 700]"
73,6,265,1164,0.0009347258561956207,1.1300000000055406e-06,3,"[2073, 2085, 2086]","[5729, 21, 501]"
74,6,266,1147,0.0009655672977192886,0.0009655672977192886,1,[1058],[6251]
75,6,266,1148,0.0009646162636288209,0.0009646162636288209,1,[1058],[6275]
76,6,266,1148,0.000965446263628825,8.300000000040697e-07,1,[1058],[6260]
77,6,266,1163,0.0009338683818863611,0.0009338683818863611,2,"[2073, 2085]","[4550, 1702]"
78,6,266,1163,0.0009356683818863699,1.8000000000088258e-06,2,"[2073, 2085]","[5083, 1166]"
79,6,266,1164,0.0009308575126584488,0.0009308575126584488,1,[2085],[6261]
80,6,266,1164,0.0009326275126584575,1.7700000000086787e-06,3,"[2073, 2085, 2086]","[723, 5548, 4]"
81,6,266,1164,0.0009334175126584613,7.900000000038735e-07,3,"[2073, 2085, 2086]","[3455, 2826, 4]"
82,6,266,1164,0.0009340075126584642,5.900000000028929e-07,3,"[2073, 2085, 2086]","[4158, 2083, 2]"
83,6,266,1164,0.0009355275126584717,1.5200000000074529e-06,3,"[2073, 2085, 2086]","[4500, 1686, 2]"
84,6,266,1165,0.0009307000944645657,0.0009307000944645657,1,[2085],[6260]
85,6,267,1163,0.0009338431019231506,0.0009338431019231506,2,"[2073, 2085]","[4416, 1920]"
86,6,267,1163,0.0009344431019231536,6.000000000029419e-07,2,"[2073, 2085]","[5503, 668]"
87,6,267,1163,0.000935353101923158,9.100000000044619e-07,2,"[2073, 2085]","[5869, 403]"
88,6,267,1164,0.0009301434196856958,0.0009301434196856958,1,[2085],[6284]
89,6,267,1164,0.0009315234196857026,1.3800000000067664e-06,2,"[2073, 2085]","[1, 6223]"
90,6,267,1164,0.0009327934196857088,1.270000000006227e-06,2,"[2073, 2085]","[154, 6101]"
91,6,267,1164,0.0009338134196857138,1.0200000000050013e-06,2,"[2073, 2085]","[1380, 4873]"
92,6,267,1165,0.0009301158300626616,0.0009301158300626616,1,[2085],[6254]
93,6,267,1165,0.0009316358300626691,1.5200000000074529e-06,1,[2085],[6261]
94,6,268,1162,0.0009354083466067362,0.0009354083466067362,1,[2073],[6269]
95,6,268,1163,0.0009344531846422941,0.0009344531846422941,2,"[2073, 2085]","[6244, 35]"
96,6,268,1163,0.0009352231846422979,7.700000000037755e-07,2,"[2073, 2085]","[6223, 4]"
97,6,269,1162,0.0009349512570456417,0.0009349512570456417,1,[2073],[6301]
98,6,269,1162,0.0009358012570456458,8.500000000041677e-07,1,[2073],[6242]
99,6,269,1163,0.0009354455887881566,0.0009354455887881566,1,[2073],[6274]
100,6,270,1162,0.0009351622822259291,0.0009351622822259291,1,[2073],[6275]
101,6,270,1162,0.0009358022822259322,6.400000000031381e-07,1,[2073],[6273]
102,6,271,1161,0.0009361336450471662,0.0009361336450471662,1,[2073],[6265]
103,6,271,1162,0.0009356821978164886,0.0009356821978164886,1,[2073],[6292]
104,6,271,1162,0.0009367421978164938,1.0600000000051974e-06,1,[2073],[6211]
105,6,272,1161,0.0009360169554215561,0.0009360169554215561,1,[2073],[6298]
106,6,272,1161,0.0009367269554215596,7.100000000034813e-07,1,[2073],[6236]
107,6,273,1161,0.0009363120942729466,0.0009363120942729466,3,"[2073, 2223, 2224]","[6311, 1, 1]"
108,6,273,1161,0.00093701209427295,7.000000000034323e-07,2,"[2073, 2223]","[6246, 1]"
109,6,274,1160,0.0009366901493748202,0.0009366901493748202,4,"[2073, 2080, 2223, 2224]","[5912, 385, 4, 1]"
110,6,274,1160,0.0009374101493748238,7.200000000035303e-07,4,"[2073, 2080, 2223, 2224]","[5307, 941, 3, 1]"
111,6,274,1161,0.0009369831761776707,0.0009369831761776707,4,"[2073, 2080, 2223, 2224]","[6174, 76, 10, 1]"
112,6,275,1159,0.0009380759765152287,0.0009380759765152287,4,"[2073, 2080, 2227, 2228]","[5207, 1046, 5, 2]"
113,6,275,1160,0.0009366983267092331,0.0009366983267092331,2,"[2073, 2080]","[4843, 1428]"
114,6,275,1160,0.0009371683267092355,4.700000000023045e-07,3,"[2073, 2080, 2228]","[4411, 1879, 1]"
115,6,275,1160,0.0009376383267092378,4.700000000023045e-07,3,"[2073, 2080, 2227]","[4172, 2068, 1]"
116,6,275,1160,0.000938908326709244,1.270000000006227e-06,4,"[2073, 2080, 2227, 2228]","[3681, 2517, 2, 1]"
117,6,276,1159,0.0009372556581783991,0.0009372556581783991,5,"[2073, 2080, 2227, 2228, 2231]","[6220, 42, 25, 1, 7]"
118,6,276,1159,0.0009380156581784028,7.600000000037264e-07,5,"[2073, 2080, 2227, 2228, 2231]","[6197, 37, 15, 1, 5]"
119,6,276,1160,0.0009376465068640797,0.0009376465068640797,4,"[2073, 2080, 2227, 2228]","[5952, 319, 16, 1]"
120,6,277,1158,0.0009377346718067663,0.0009377346718067663,2,"[2073, 2231]","[5417, 856]"
121,6,277,1159,0.0009373393089288944,0.0009373393089288944,3,"[2073, 2227, 2231]","[5955, 2, 348]"
122,6,277,1159,0.0009380893089288981,7.500000000036774e-07,3,"[2073, 2227, 2231]","[5848, 1, 385]"
123,6,278,1158,0.0009373246734010887,0.0009373246734010887,2,"[2073, 2231]","[5929, 413]"
124,6,278,1158,0.0009379046734010915,5.800000000028439e-07,2,"[2073, 2231]","[5743, 416]"
125,6,278,1158,0.0009395146734010994,1.6100000000078942e-06,2,"[2073, 2231]","[5782, 468]"
126,6,279,1157,0.0009375421529601432,0.0009375421529601432,3,"[2073, 2076, 2248]","[6305, 1, 21]"
127,6,279,1157,0.0009382821529601469,7.400000000036284e-07,3,"[2073, 2076, 2248]","[6187, 1, 18]"
128,6,279,1158,0.0009378765267769676,0.0009378765267769676,3,"[2073, 2231, 2248]","[6297, 5, 1]"
129,6,280,1076,0.0009802633082462316,0.0009802633082462316,2,"[153, 154]","[6278, 4]"
130,6,280,1156,0.0009375939867727192,0.0009375939867727192,3,"[2073, 2076, 2248]","[4313, 1899, 104]"
131,6,280,1156,0.0009384739867727235,8.800000000043148e-07,3,"[2073, 2076, 2248]","[4959, 1134, 124]"
132,6,280,1157,0.0009374312273172259,0.0009374312273172259,3,"[2073, 2076, 2248]","[5129, 1007, 162]"
133,6,280,1157,0.0009380312273172288,6.000000000029419e-07,3,"[2073, 2076, 2248]","[5498, 569, 169]"
134,6,280,1157,0.0009393312273172352,1.3000000000063742e-06,3,"[2073, 2076, 2248]","[5649, 372, 195]"
135,6,281,1156,0.0009368350774174168,0.0009368350774174168,3,"[2073, 2076, 2248]","[2277, 4065, 5]"
136,6,281,1156,0.0009372150774174186,3.800000000018632e-07,3,"[2073, 2076, 2248]","[2854, 3361, 3]"
137,6,281,1156,0.0009375250774174202,3.1000000000152e-07,3,"[2073, 2076, 2248]","[3232, 3058, 7]"
138,6,281,1156,0.0009378250774174216,3.0000000000147097e-07,3,"[2073, 2076, 2248]","[3499, 2684, 7]"
139,6,281,1156,0.0009381850774174234,3.6000000000176516e-07,3,"[2073, 2076, 2248]","[3650, 2610, 7]"
140,6,281,1156,0.0009389350774174271,7.500000000036774e-07,3,"[2073, 2076, 2248]","[4002, 2175, 8]"
141,6,281,1157,0.0009369010227903613,0.0009369010227903613,3,"[2073, 2076, 2248]","[493, 5789, 10]"
142,6,281,1157,0.000937451022790364,5.500000000026968e-07,3,"[2073, 2076, 2248]","[1138, 5114, 15]"
143,6,281,1157,0.0009380510227903669,6.000000000029419e-07,3,"[2073, 2076, 2248]","[1702, 4529, 28]"
144,6,282,1155,0.0009368887473406094,0.0009368887473406094,3,"[2073, 2075, 2076]","[4775, 1466, 40]"
145,6,282,1155,0.0009375487473406126,6.600000000032361e-07,3,"[2073, 2075, 2076]","[5256, 934, 40]"
146,6,282,1156,0.0009370607453318658,0.0009370607453318658,3,"[2073, 2075, 2076]","[3109, 96, 3057]"
147,6,282,1156,0.0009378807453318698,8.200000000040206e-07,3,"[2073, 2075, 2076]","[4193, 56, 2043]"
148,6,282,1157,0.0009370842215557632,0.0009370842215557632,2,"[2073, 2076]","[62, 6208]"
149,6,283,1154,0.0009369834764026782,0.0009369834764026782,6,"[3, 2070, 2073, 2075, 2255, 2256]","[97, 317, 4973, 844, 27, 2]"
150,6,283,1155,0.000936431658496428,0.000936431658496428,5,"[3, 2070, 2073, 2075, 2255]","[5, 20, 4607, 1640, 14]"
151,6,283,1155,0.0009369816584964307,5.500000000026968e-07,3,"[2073, 2075, 2255]","[4484, 1837, 9]"
152,6,283,1155,0.0009376816584964341,7.000000000034323e-07,3,"[2073, 2075, 2255]","[4290, 1837, 10]"
153,6,284,1153,0.0009296204904598998,0.0009296204904598998,2,"[3, 2070]","[5499, 767]"
154,6,284,1153,0.0009360204904599312,6.400000000031381e-06,3,"[3, 2070, 2073]","[2420, 3488, 327]"
155,6,284,1154,0.0009277193341228295,0.0009277193341228295,2,"[3, 2070]","[6249, 1]"
156,6,284,1154,0.0009286993341228343,9.800000000048052e-07,2,"[3, 2070]","[6087, 188]"
157,6,284,1154,0.0009293093341228373,6.10000000002991e-07,2,"[3, 2070]","[5045, 1222]"
158,6,284,1154,0.0009297893341228396,4.800000000023535e-07,2,"[3, 2070]","[3669, 2647]"
159,6,284,1154,0.0009302293341228418,4.400000000021574e-07,2,"[3, 2070]","[2569, 3622]"
160,6,284,1154,0.0009307893341228445,5.600000000027458e-07,2,"[3, 2070]","[1667, 4559]"
161,6,284,1154,0.0009356093341228682,4.8200000000236335e-06,4,"[3, 2070, 2073, 2075]","[562, 3393, 2275, 1]"
162,6,284,1154,0.0009367293341228737,1.1200000000054916e-06,3,"[2073, 2075, 2255]","[6236, 19, 6]"
163,6,284,1155,0.0009369504301157142,0.0009369504301157142,6,"[3, 2070, 2073, 2075, 2255, 2256]","[1371, 971, 3812, 88, 11, 3]"
164,6,284,1190,0.0008838829360127423,0.0008838829360127423,1,[2028],[6250]
165,6,285,1153,0.0009265575982026517,0.0009265575982026517,1,[3],[6262]
166,6,285,1153,0.0009282275982026599,1.6700000000081884e-06,2,"[3, 2070]","[6259, 3]"
167,6,285,1153,0.0009294075982026657,1.1800000000057858e-06,2,"[3, 2070]","[5825, 422]"
168,6,285,1153,0.0009307275982026722,1.3200000000064722e-06,2,"[3, 2070]","[4259, 1994]"
169,6,285,1154,0.0009233681541419025,0.0009233681541419025,1,[3],[6297]
170,6,285,1154,0.0009241181541419062,7.500000000036774e-07,1,[3],[6239]
171,6,285,1154,0.0009246581541419088,5.400000000026477e-07,1,[3],[6290]
172,6,285,1154,0.0009251181541419111,4.600000000022555e-07,1,[3],[6272]
173,6,285,1154,0.0009255281541419131,4.100000000020103e-07,1,[3],[6194]
174,6,285,1154,0.000925918154141915,3.9000000000191225e-07,1,[3],[6328]
175,6,285,1154,0.0009262881541419168,3.700000000018142e-07,1,[3],[6236]
176,6,285,1154,0.0009266481541419186,3.6000000000176516e-07,1,[3],[6192]
177,6,285,1154,0.0009270181541419204,3.700000000018142e-07,1,[3],[6289]
178,6,285,1154,0.0009273781541419222,3.6000000000176516e-07,1,[3],[6233]
179,6,285,1154,0.0009277381541419239,3.6000000000176516e-07,1,[3],[6204]
180,6,285,1154,0.0009281081541419258,3.700000000018142e-07,2,"[3, 2070]","[6343, 14]"
181,6,285,1154,0.0009284681541419275,3.6000000000176516e-07,2,"[3, 2070]","[6181, 50]"
182,6,285,1154,0.0009288381541419293,3.700000000018142e-07,2,"[3, 2070]","[6115, 195]"
183,6,285,1154,0.0009291981541419311,3.6000000000176516e-07,2,"[3, 2070]","[5735, 445]"
184,6,285,1154,0.0009295481541419328,3.500000000017161e-07,2,"[3, 2070]","[5144, 1059]"
185,6,285,1154,0.0009299181541419346,3.700000000018142e-07,2,"[3, 2070]","[4382, 1820]"
186,6,285,1154,0.0009303781541419369,4.600000000022555e-07,2,"[3, 2070]","[3655, 2651]"
187,6,285,1154,0.0009315681541419427,1.1900000000058348e-06,2,"[3, 2070]","[2306, 3886]"
188,6,285,1155,0.0009267466143682278,0.0009267466143682278,1,[3],[6268]
189,6,286,1153,0.0009247856095903379,0.0009247856095903379,1,[3],[6259]
190,6,286,1154,0.0009199427950720899,0.0009199427950720899,3,"[1, 3, 4]","[5, 6292, 2]"
191,6,286,1154,0.0009207127950720936,7.700000000037755e-07,1,[3],[6272]
192,6,286,1154,0.0009212827950720964,5.700000000027948e-07,1,[3],[6257]
193,6,286,1154,0.0009217527950720987,4.700000000023045e-07,1,[3],[6229]
194,6,286,1154,0.0009221827950721008,4.300000000021084e-07,1,[3],[6237]
195,6,286,1154,0.0009226027950721029,4.2000000000205935e-07,1,[3],[6277]
196,6,286,1154,0.0009230127950721049,4.100000000020103e-07,1,[3],[6223]
197,6,286,1154,0.000923442795072107,4.300000000021084e-07,1,[3],[6206]
198,6,286,1154,0.0009239227950721094,4.800000000023535e-07,1,[3],[6306]
199,6,286,1154,0.0009244727950721121,5.500000000026968e-07,1,[3],[6256]
200,6,286,1154,0.0009251527950721154,6.800000000033342e-07,1,[3],[6242]
201,6,286,1154,0.0009262827950721209,1.1300000000055406e-06,1,[3],[6196]
202,6,286,1155,0.0009223481328820211,0.0009223481328820211,2,"[1, 3]","[9, 6250]"
203,6,286,1155,0.0009277581328820476,5.410000000026526e-06,1,[3],[6241]
204,6,287,1154,0.0009153819251328846,0.0009153819251328846,4,"[1, 3, 4, 5]","[2909, 1031, 1679, 695]"
205,6,287,1154,0.0009163319251328893,9.500000000046581e-07,4,"[1, 3, 4, 5]","[1810, 3531, 344, 563]"
206,6,287,1154,0.0009171119251328931,7.800000000038245e-07,4,"[1, 3, 4, 5]","[278, 5793, 33, 86]"
207,6,287,1154,0.0009177419251328962,6.30000000003089e-07,4,"[1, 3, 4, 5]","[12, 6336, 2, 7]"
208,6,287,1154,0.0009182519251328987,5.100000000025006e-07,2,"[1, 3]","[2, 6187]"
209,6,287,1154,0.0009187319251329011,4.800000000023535e-07,2,"[1, 3]","[1, 6289]"
210,6,287,1154,0.0009192019251329034,4.700000000023045e-07,1,[3],[6196]
211,6,287,1154,0.0009196919251329058,4.900000000024026e-07,1,[3],[6264]
212,6,287,1154,0.0009202319251329084,5.400000000026477e-07,1,[3],[6258]
213,6,287,1154,0.0009209119251329117,6.800000000033342e-07,1,[3],[6251]
214,6,287,1154,0.0009221019251329176,1.1900000000058348e-06,1,[3],[6204]
215,6,287,1155,0.0009145740525302069,0.0009145740525302069,5,"[1, 3, 4, 5, 239]","[3046, 37, 3192, 19, 4]"
216,6,287,1155,0.0009153640525302108,7.900000000038735e-07,4,"[1, 3, 4, 5]","[5381, 220, 617, 65]"
217,6,287,1155,0.000916844052530218,1.4800000000072568e-06,4,"[1, 3, 4, 5]","[3938, 1893, 259, 90]"
218,6,287,1155,0.0009190040525302286,2.160000000010591e-06,3,"[1, 3, 4]","[62, 6194, 4]"
219,6,287,1156,0.0009143301641364972,0.0009143301641364972,3,"[1, 4, 239]","[3596, 2549, 128]"
220,6,287,1156,0.0009152401641365017,9.100000000044619e-07,2,"[1, 4]","[6262, 8]"
221,6,287,1157,0.0009141259123686886,0.0009141259123686886,3,"[1, 4, 239]","[3652, 2561, 86]"
222,6,287,1157,0.0009151959123686939,1.0700000000052464e-06,1,[1],[6211]
223,6,287,1158,0.0009133316244425493,0.0009133316244425493,3,"[1, 4, 239]","[976, 5285, 1]"
224,6,287,1158,0.0009146516244425558,1.3200000000064722e-06,1,[1],[6266]
225,6,287,1159,0.0009028386702765432,0.0009028386702765432,1,[4],[6261]
226,6,287,1159,0.0009138886702765974,1.105000000005418e-05,2,"[1, 4]","[4164, 2120]"
227,6,287,1160,0.000899350402384718,0.000899350402384718,6,"[4, 240, 252, 2058, 2062, 2066]","[6256, 1, 7, 6, 1, 8]"
228,6,287,1160,0.0009129604023847848,1.3610000000066733e-05,2,"[1, 4]","[985, 5244]"
229,6,287,1160,0.0009143404023847915,1.3800000000067664e-06,1,[1],[6242]
230,6,287,1161,0.0008994931449017486,0.0008994931449017486,7,"[4, 240, 252, 2058, 2062, 2063, 2066]","[6189, 1, 26, 14, 3, 2, 20]"
231,6,287,1161,0.00091406314490182,1.457000000007144e-05,2,"[1, 4]","[5867, 385]"
232,6,287,1162,0.0009151923144509232,0.0009151923144509232,3,"[1, 4, 2058]","[6143, 111, 2]"
233,6,287,1173,0.0009126703635410492,0.0009126703635410492,2,"[1, 2]","[5815, 439]"
234,6,287,1174,0.0009135430667994706,0.0009135430667994706,3,"[1, 2, 2095]","[6210, 7, 33]"
235,6,287,1175,0.0009115449315335137,0.0009115449315335137,2,"[1, 2095]","[4131, 2142]"
236,6,287,1176,0.0009115734614670495,0.0009115734614670495,2,"[1, 2095]","[4690, 1583]"
237,6,288,1153,0.000914995089157639,0.000914995089157639,4,"[1, 3, 4, 5]","[234, 107, 150, 5824]"
238,6,288,1153,0.0009154750891576414,4.800000000023535e-07,4,"[1, 3, 4, 5]","[170, 169, 83, 5823]"
239,6,288,1153,0.0009159750891576438,5.000000000024516e-07,4,"[1, 3, 4, 5]","[155, 253, 70, 5712]"
240,6,288,1154,0.0009139522526173178,0.0009139522526173178,4,"[1, 3, 4, 5]","[905, 82, 4825, 493]"
241,6,288,1154,0.0009143422526173197,3.9000000000191225e-07,4,"[1, 3, 4, 5]","[2014, 243, 2818, 1205]"
242,6,288,1154,0.0009145822526173209,2.4000000000117677e-07,4,"[1, 3, 4, 5]","[2419, 371, 2079, 1463]"
243,6,288,1154,0.0009147722526173218,1.900000000009316e-07,4,"[1, 3, 4, 5]","[2547, 477, 1615, 1789]"
244,6,288,1154,0.0009149322526173226,1.6000000000078451e-07,4,"[1, 3, 4, 5]","[2534, 516, 1368, 1766]"
245,6,288,1154,0.0009150822526173233,1.5000000000073548e-07,4,"[1, 3, 4, 5]","[2633, 672, 1158, 1859]"
246,6,288,1154,0.000915212252617324,1.3000000000063742e-07,4,"[1, 3, 4, 5]","[2422, 731, 974, 1780]"
247,6,288,1154,0.0009153522526173247,1.4000000000068645e-07,4,"[1, 3, 4, 5]","[2701, 927, 994, 1971]"
248,6,288,1154,0.0009154822526173253,1.3000000000063742e-07,4,"[1, 3, 4, 5]","[2428, 1012, 783, 1820]"
249,6,288,1154,0.000915622252617326,1.4000000000068645e-07,4,"[1, 3, 4, 5]","[2427, 1218, 721, 1944]"
250,6,288,1154,0.0009157722526173267,1.5000000000073548e-07,4,"[1, 3, 4, 5]","[2369, 1387, 683, 1966]"
251,6,288,1154,0.0009159322526173275,1.6000000000078451e-07,4,"[1, 3, 4, 5]","[2190, 1677, 527, 1764]"
252,6,288,1154,0.0009161222526173284,1.900000000009316e-07,4,"[1, 3, 4, 5]","[1944, 1996, 446, 1655]"
253,6,288,1154,0.0009163722526173297,2.500000000012258e-07,4,"[1, 3, 4, 5]","[1736, 2827, 325, 1481]"
254,6,288,1154,0.0009167222526173314,3.500000000017161e-07,4,"[1, 3, 4, 5]","[1118, 3630, 216, 1143]"
255,6,288,1154,0.0009172922526173342,5.700000000027948e-07,4,"[1, 3, 4, 5]","[476, 5238, 64, 508]"
256,6,288,1154,0.00091847225261734,1.1800000000057858e-06,4,"[1, 3, 4, 5]","[55, 6101, 3, 58]"
257,6,288,1155,0.0009114401418444114,0.0009114401418444114,2,"[4, 239]","[6285, 30]"
258,6,288,1155,0.000912170141844415,7.300000000035793e-07,2,"[1, 4]","[1, 6229]"
259,6,288,1155,0.0009127101418444177,5.400000000026477e-07,2,"[1, 4]","[30, 6185]"
260,6,288,1155,0.00091318014184442,4.700000000023045e-07,4,"[1, 3, 4, 5]","[222, 1, 6101, 1]"
261,6,288,1155,0.0009135701418444219,3.9000000000191225e-07,4,"[1, 3, 4, 5]","[883, 1, 5349, 11]"
262,6,288,1155,0.0009138901418444235,3.2000000000156903e-07,4,"[1, 3, 4, 5]","[2104, 9, 4249, 21]"
263,6,288,1155,0.0009141301418444246,2.4000000000117677e-07,4,"[1, 3, 4, 5]","[3050, 28, 3019, 35]"
264,6,288,1155,0.0009143301418444256,2.0000000000098064e-07,4,"[1, 3, 4, 5]","[3966, 41, 2339, 58]"
265,6,288,1155,0.0009144901418444264,1.6000000000078451e-07,4,"[1, 3, 4, 5]","[4141, 57, 1780, 59]"
266,6,288,1155,0.0009146401418444271,1.5000000000073548e-07,4,"[1, 3, 4, 5]","[4725, 72, 1455, 94]"
267,6,288,1155,0.0009147801418444278,1.4000000000068645e-07,4,"[1, 3, 4, 5]","[4965, 88, 1300, 107]"
268,6,288,1155,0.0009149101418444285,1.3000000000063742e-07,4,"[1, 3, 4, 5]","[5093, 117, 1003, 125]"
269,6,288,1155,0.000915030141844429,1.2000000000058839e-07,4,"[1, 3, 4, 5]","[4885, 150, 748, 121]"
270,6,288,1155,0.0009151601418444297,1.3000000000063742e-07,4,"[1, 3, 4, 5]","[5449, 197, 751, 132]"
271,6,288,1155,0.0009152901418444303,1.3000000000063742e-07,4,"[1, 3, 4, 5]","[5206, 213, 656, 144]"
272,6,288,1155,0.000915430141844431,1.4000000000068645e-07,4,"[1, 3, 4, 5]","[5061, 267, 567, 155]"
273,6,288,1155,0.0009155801418444317,1.5000000000073548e-07,4,"[1, 3, 4, 5]","[5164, 318, 491, 186]"
274,6,288,1155,0.0009157701418444327,1.900000000009316e-07,4,"[1, 3, 4, 5]","[5331, 500, 451, 184]"
275,6,288,1155,0.0009160001418444338,2.3000000000112774e-07,4,"[1, 3, 4, 5]","[4837, 634, 372, 170]"
276,6,288,1155,0.0009164101418444358,4.100000000020103e-07,4,"[1, 3, 4, 5]","[4589, 1218, 286, 224]"
277,6,288,1155,0.0009184701418444459,2.0600000000101006e-06,4,"[1, 3, 4, 5]","[1998, 3948, 105, 120]"
278,6,288,1156,0.000908559678265437,0.000908559678265437,2,"[4, 239]","[5629, 667]"
279,6,288,1156,0.00090917967826544,6.2000000000304e-07,2,"[4, 239]","[5278, 1044]"
280,6,288,1156,0.0009096696782654424,4.900000000024026e-07,2,"[4, 239]","[5472, 779]"
281,6,288,1156,0.0009101196782654446,4.5000000000220645e-07,2,"[4, 239]","[5899, 350]"
282,6,288,1156,0.0009105696782654468,4.5000000000220645e-07,2,"[4, 239]","[6094, 141]"
283,6,288,1156,0.0009110596782654492,4.900000000024026e-07,2,"[4, 239]","[6223, 40]"
284,6,288,1156,0.0009116096782654519,5.500000000026968e-07,2,"[4, 239]","[6185, 8]"
285,6,288,1156,0.0009124296782654559,8.200000000040206e-07,3,"[1, 4, 239]","[30, 6176, 1]"
286,6,288,1156,0.0009135196782654613,1.0900000000053445e-06,2,"[1, 4]","[2558, 3680]"
287,6,288,1156,0.0009139496782654634,4.300000000021084e-07,2,"[1, 4]","[5797, 531]"
288,6,288,1156,0.0009142096782654647,2.6000000000127484e-07,2,"[1, 4]","[6031, 189]"
289,6,288,1156,0.0009144196782654657,2.1000000000102968e-07,2,"[1, 4]","[6390, 115]"
290,6,288,1156,0.0009145896782654665,1.7000000000083355e-07,2,"[1, 4]","[5885, 66]"
291,6,288,1156,0.0009147696782654674,1.8000000000088258e-07,2,"[1, 4]","[6494, 38]"
292,6,288,1156,0.0009149396782654682,1.7000000000083355e-07,2,"[1, 4]","[6016, 19]"
293,6,288,1156,0.0009151296782654692,1.900000000009316e-07,3,"[1, 4, 5]","[6267, 20, 1]"
294,6,288,1156,0.0009153596782654703,2.3000000000112774e-07,4,"[1, 3, 4, 5]","[6293, 1, 17, 1]"
295,6,288,1156,0.0009156896782654719,3.3000000000161806e-07,3,"[1, 3, 4]","[6140, 2, 14]"
296,6,288,1157,0.0009057709032847344,0.0009057709032847344,1,[4],[6318]
297,6,288,1157,0.0009064409032847377,6.700000000032852e-07,1,[4],[6211]
298,6,288,1157,0.0009069609032847402,5.200000000025497e-07,2,"[4, 239]","[6258, 3]"
299,6,288,1157,0.0009074209032847425,4.600000000022555e-07,2,"[4, 239]","[6194, 17]"
300,6,288,1157,0.0009078809032847448,4.600000000022555e-07,2,"[4, 239]","[6267, 75]"
301,6,288,1157,0.0009083509032847471,4.700000000023045e-07,2,"[4, 239]","[5947, 260]"
302,6,288,1157,0.0009088909032847497,5.400000000026477e-07,2,"[4, 239]","[5714, 587]"
303,6,288,1157,0.0009096009032847532,7.100000000034813e-07,2,"[4, 239]","[5333, 853]"
304,6,288,1157,0.0009129509032847696,3.3500000000164258e-06,3,"[1, 4, 239]","[940, 4837, 439]"
305,6,288,1157,0.000913630903284773,6.800000000033342e-07,2,"[1, 4]","[6297, 5]"
306,6,288,1157,0.0009139309032847744,3.0000000000147097e-07,1,[1],[6462]
307,6,288,1157,0.0009141509032847755,2.200000000010787e-07,1,[1],[6218]
308,6,288,1157,0.0009143409032847764,1.900000000009316e-07,1,[1],[6189]
309,6,288,1157,0.0009145209032847773,1.8000000000088258e-07,1,[1],[6133]
310,6,288,1157,0.0009147209032847783,2.0000000000098064e-07,1,[1],[6459]
311,6,288,1157,0.0009149309032847793,2.1000000000102968e-07,1,[1],[5990]
312,6,288,1157,0.0009152209032847807,2.9000000000142193e-07,1,[1],[6344]
313,6,288,1157,0.0009158309032847837,6.10000000002991e-07,1,[1],[6210]
314,6,288,1158,0.0009028177695693358,0.0009028177695693358,1,[4],[6307]
315,6,288,1158,0.000903487769569339,6.700000000032852e-07,1,[4],[6283]
316,6,288,1158,0.0009039877695693415,5.000000000024516e-07,1,[4],[6277]
317,6,288,1158,0.0009044177695693436,4.300000000021084e-07,1,[4],[6255]
318,6,288,1158,0.0009048177695693456,4.000000000019613e-07,1,[4],[6165]
319,6,288,1158,0.0009052277695693476,4.100000000020103e-07,1,[4],[6275]
320,6,288,1158,0.0009056677695693497,4.400000000021574e-07,1,[4],[6298]
321,6,288,1158,0.0009061877695693523,5.200000000025497e-07,1,[4],[6206]
322,6,288,1158,0.0009069177695693559,7.300000000035793e-07,1,[4],[6207]
323,6,288,1158,0.0009128177695693848,5.900000000028929e-06,3,"[1, 4, 239]","[1220, 5019, 15]"
324,6,288,1158,0.0009134477695693879,6.30000000003089e-07,1,[1],[6238]
325,6,288,1158,0.0009137377695693893,2.9000000000142193e-07,1,[1],[6248]
326,6,288,1158,0.0009139677695693904,2.3000000000112774e-07,1,[1],[6421]
327,6,288,1158,0.0009141677695693914,2.0000000000098064e-07,1,[1],[6297]
328,6,288,1158,0.0009143677695693924,2.0000000000098064e-07,1,[1],[6291]
329,6,288,1158,0.0009145777695693934,2.1000000000102968e-07,1,[1],[6002]
330,6,288,1158,0.0009148377695693947,2.6000000000127484e-07,1,[1],[6338]
331,6,288,1158,0.0009152577695693968,4.2000000000205935e-07,1,[1],[6168]
332,6,288,1159,0.000900056734606805,0.000900056734606805,1,[4],[6280]
333,6,288,1159,0.0009006467346068078,5.900000000028929e-07,1,[4],[6271]
334,6,288,1159,0.00090107673460681,4.300000000021084e-07,1,[4],[6220]
335,6,288,1159,0.0009014467346068118,3.700000000018142e-07,1,[4],[6274]
336,6,288,1159,0.0009017967346068135,3.500000000017161e-07,1,[4],[6277]
337,6,288,1159,0.0009021367346068152,3.400000000016671e-07,1,[4],[6199]
338,6,288,1159,0.0009024967346068169,3.6000000000176516e-07,1,[4],[6257]
339,6,288,1159,0.0009028867346068188,3.9000000000191225e-07,1,[4],[6323]
340,6,288,1159,0.0009033567346068211,4.700000000023045e-07,1,[4],[6258]
341,6,288,1159,0.0009040467346068245,6.900000000033832e-07,1,[4],[6197]
342,6,288,1159,0.0009124567346068658,8.410000000041236e-06,2,"[1, 4]","[636, 5569]"
343,6,288,1159,0.0009132467346068696,7.900000000038735e-07,1,[1],[6242]
344,6,288,1159,0.0009135567346068711,3.1000000000152e-07,1,[1],[6340]
345,6,288,1159,0.0009137967346068723,2.4000000000117677e-07,1,[1],[6218]
346,6,288,1159,0.0009140167346068734,2.200000000010787e-07,1,[1],[6487]
347,6,288,1159,0.0009142267346068744,2.1000000000102968e-07,1,[1],[6089]
348,6,288,1159,0.0009144667346068756,2.4000000000117677e-07,1,[1],[6370]
349,6,288,1159,0.0009147667346068771,3.0000000000147097e-07,1,[1],[6041]
350,6,288,1159,0.0009154967346068807,7.300000000035793e-07,1,[1],[6209]
351,6,288,1160,0.000897657046470414,0.000897657046470414,6,"[4, 240, 252, 2058, 2059, 2066]","[6188, 2, 11, 68, 2, 16]"
352,6,288,1160,0.0008981270464704164,4.700000000023045e-07,6,"[4, 252, 2058, 2062, 2063, 2066]","[6264, 6, 7, 3, 1, 4]"
353,6,288,1160,0.0008984770464704181,3.500000000017161e-07,5,"[4, 240, 252, 2058, 2066]","[6235, 1, 3, 2, 1]"
354,6,288,1160,0.0008987970464704196,3.2000000000156903e-07,3,"[4, 252, 2066]","[6298, 1, 1]"
355,6,288,1160,0.000899077046470421,2.800000000013729e-07,4,"[4, 252, 2058, 2066]","[6215, 1, 1, 1]"
356,6,288,1160,0.0008993570464704224,2.800000000013729e-07,1,[4],[6253]
357,6,288,1160,0.0008996370464704238,2.800000000013729e-07,2,"[4, 2066]","[6295, 1]"
358,6,288,1160,0.0008999370464704252,3.0000000000147097e-07,1,[4],[6286]
359,6,288,1160,0.0009002570464704268,3.2000000000156903e-07,1,[4],[6176]
360,6,288,1160,0.0009006270464704286,3.700000000018142e-07,1,[4],[6191]
361,6,288,1160,0.000901117046470431,4.900000000024026e-07,1,[4],[6277]
362,6,288,1160,0.0009020870464704358,9.700000000047561e-07,1,[4],[6206]
363,6,288,1160,0.0009128570464704886,1.0770000000052808e-05,2,"[1, 4]","[4366, 1959]"
364,6,288,1160,0.0009132370464704904,3.800000000018632e-07,1,[1],[6257]
365,6,288,1160,0.0009134970464704917,2.6000000000127484e-07,1,[1],[6280]
366,6,288,1160,0.0009137170464704928,2.200000000010787e-07,1,[1],[6229]
367,6,288,1160,0.0009139270464704938,2.1000000000102968e-07,1,[1],[6321]
368,6,288,1160,0.0009141470464704949,2.200000000010787e-07,1,[1],[6284]
369,6,288,1160,0.0009144170464704962,2.7000000000132387e-07,1,[1],[6233]
370,6,288,1160,0.0009148370464704983,4.2000000000205935e-07,1,[1],[6061]
371,6,288,1161,0.0008973621503774567,0.0008973621503774567,8,"[4, 240, 252, 2058, 2059, 2062, 2063, 2066]","[6077, 10, 24, 130, 6, 5, 3, 28]"
372,6,288,1161,0.0008978221503774589,4.600000000022555e-07,6,"[4, 240, 252, 2058, 2063, 2066]","[6176, 8, 19, 30, 2, 9]"
373,6,288,1161,0.0008982321503774609,4.100000000020103e-07,5,"[4, 252, 2058, 2062, 2066]","[6242, 10, 15, 1, 6]"
374,6,288,1161,0.0008987021503774632,4.700000000023045e-07,6,"[4, 240, 252, 2058, 2062, 2066]","[6202, 1, 6, 3, 1, 7]"
375,6,288,1161,0.0008995321503774673,8.300000000040697e-07,5,"[4, 240, 252, 2063, 2066]","[6247, 1, 3, 1, 5]"
376,6,288,1161,0.0009126421503775316,1.3110000000064281e-05,2,"[1, 4]","[3690, 2582]"
377,6,288,1161,0.0009130621503775336,4.2000000000205935e-07,1,[1],[6312]
378,6,288,1161,0.0009133221503775349,2.6000000000127484e-07,1,[1],[6159]
379,6,288,1161,0.000913552150377536,2.3000000000112774e-07,1,[1],[6327]
380,6,288,1161,0.0009137721503775371,2.200000000010787e-07,1,[1],[6316]
381,6,288,1161,0.0009140021503775382,2.3000000000112774e-07,1,[1],[6312]
382,6,288,1161,0.0009142821503775396,2.800000000013729e-07,1,[1],[6114]
383,6,288,1161,0.0009147821503775421,5.000000000024516e-07,1,[1],[6167]
384,6,288,1162,0.0009127018911944621,0.0009127018911944621,7,"[1, 4, 252, 2054, 2058, 2059, 2066]","[5795, 544, 1, 1, 5, 2, 4]"
385,6,288,1162,0.0009130418911944638,3.400000000016671e-07,1,[1],[6217]
386,6,288,1162,0.000913291891194465,2.500000000012258e-07,1,[1],[6329]
387,6,288,1162,0.0009135118911944661,2.200000000010787e-07,1,[1],[6212]
388,6,288,1162,0.0009137318911944672,2.200000000010787e-07,1,[1],[6172]
389,6,288,1162,0.0009139918911944684,2.6000000000127484e-07,1,[1],[6272]
390,6,288,1162,0.0009143518911944702,3.6000000000176516e-07,1,[1],[6316]
391,6,288,1163,0.0009126215411630238,0.0009126215411630238,1,[1],[6358]
392,6,288,1163,0.0009129515411630254,3.3000000000161806e-07,1,[1],[6234]
393,6,288,1163,0.0009132015411630266,2.500000000012258e-07,1,[1],[6246]
394,6,288,1163,0.0009134415411630278,2.4000000000117677e-07,1,[1],[6333]
395,6,288,1163,0.000913681541163029,2.4000000000117677e-07,1,[1],[6150]
396,6,288,1163,0.0009139715411630304,2.9000000000142193e-07,1,[1],[6248]
397,6,288,1163,0.0009144615411630328,4.900000000024026e-07,1,[1],[6226]
398,6,288,1164,0.000912497213067133,0.000912497213067133,1,[1],[6383]
399,6,288,1164,0.0009128372130671347,3.400000000016671e-07,1,[1],[6293]
400,6,288,1164,0.000913097213067136,2.6000000000127484e-07,1,[1],[6182]
401,6,288,1164,0.0009133472130671372,2.500000000012258e-07,1,[1],[6360]
402,6,288,1164,0.0009136072130671385,2.6000000000127484e-07,1,[1],[6063]
403,6,288,1164,0.0009139572130671402,3.500000000017161e-07,1,[1],[6296]
404,6,288,1165,0.0009123691307636238,0.0009123691307636238,1,[1],[6375]
405,6,288,1165,0.0009127091307636255,3.400000000016671e-07,1,[1],[6221]
406,6,288,1165,0.0009129791307636268,2.7000000000132387e-07,1,[1],[6369]
407,6,288,1165,0.000913229130763628,2.500000000012258e-07,1,[1],[6143]
408,6,288,1165,0.0009135091307636294,2.800000000013729e-07,1,[1],[6343]
409,6,288,1165,0.0009138791307636312,3.700000000018142e-07,1,[1],[6084]
410,6,288,1166,0.0009122140400546147,0.0009122140400546147,1,[1],[6269]
411,6,288,1166,0.0009125640400546165,3.500000000017161e-07,1,[1],[6276]
412,6,288,1166,0.0009128340400546178,2.7000000000132387e-07,1,[1],[6308]
413,6,288,1166,0.000913084040054619,2.500000000012258e-07,1,[1],[6281]
414,6,288,1166,0.0009133540400546203,2.7000000000132387e-07,1,[1],[6253]
415,6,288,1166,0.0009137240400546221,3.700000000018142e-07,1,[1],[6176]
416,6,288,1167,0.000912075161805085,0.000912075161805085,1,[1],[6255]
417,6,288,1167,0.0009124251618050867,3.500000000017161e-07,1,[1],[6431]
418,6,288,1167,0.000912685161805088,2.6000000000127484e-07,1,[1],[6149]
419,6,288,1167,0.0009129351618050892,2.500000000012258e-07,1,[1],[6324]
420,6,288,1167,0.0009132051618050905,2.7000000000132387e-07,1,[1],[6221]
421,6,288,1167,0.0009135751618050923,3.700000000018142e-07,1,[1],[6241]
422,6,288,1168,0.0009119271802004989,0.0009119271802004989,1,[1],[6277]
423,6,288,1168,0.0009122871802005007,3.6000000000176516e-07,1,[1],[6256]
424,6,288,1168,0.0009125771802005021,2.9000000000142193e-07,1,[1],[6417]
425,6,288,1168,0.0009128471802005034,2.7000000000132387e-07,1,[1],[6105]
426,6,288,1168,0.000913167180200505,3.2000000000156903e-07,1,[1],[6277]
427,6,288,1168,0.0009137271802005078,5.600000000027458e-07,1,[1],[6177]
428,6,288,1169,0.0009117652830343514,0.0009117652830343514,1,[1],[6353]
429,6,288,1169,0.0009121152830343531,3.500000000017161e-07,1,[1],[6168]
430,6,288,1169,0.0009124052830343546,2.9000000000142193e-07,1,[1],[6383]
431,6,288,1169,0.0009126852830343559,2.800000000013729e-07,1,[1],[6110]
432,6,288,1169,0.0009130452830343577,3.6000000000176516e-07,1,[1],[6330]
433,6,288,1169,0.0009138552830343617,8.100000000039716e-07,1,[1],[6190]
434,6,288,1170,0.0009115783187377919,0.0009115783187377919,1,[1],[6321]
435,6,288,1170,0.0009119383187377937,3.6000000000176516e-07,1,[1],[6308]
436,6,288,1170,0.0009122283187377951,2.9000000000142193e-07,1,[1],[6284]
437,6,288,1170,0.0009125183187377965,2.9000000000142193e-07,1,[1],[6206]
438,6,288,1170,0.0009128783187377983,3.6000000000176516e-07,1,[1],[6247]
439,6,288,1170,0.0009137483187378026,8.700000000042658e-07,1,[1],[6153]
440,6,288,1171,0.0009113932813940133,0.0009113932813940133,2,"[1, 2]","[6360, 2]"
441,6,288,1171,0.0009117632813940151,3.700000000018142e-07,2,"[1, 2]","[6247, 2]"
442,6,288,1171,0.0009120532813940165,2.9000000000142193e-07,2,"[1, 2]","[6231, 3]"
443,6,288,1171,0.000912353281394018,3.0000000000147097e-07,2,"[1, 2]","[6289, 1]"
444,6,288,1171,0.0009127332813940198,3.800000000018632e-07,1,[1],[6239]
445,6,288,1172,0.0009111573747892402,0.0009111573747892402,2,"[1, 2]","[5940, 416]"
446,6,288,1172,0.0009115073747892419,3.500000000017161e-07,2,"[1, 2]","[5763, 398]"
447,6,288,1172,0.0009117873747892433,2.800000000013729e-07,2,"[1, 2]","[5946, 348]"
448,6,288,1172,0.0009120673747892447,2.800000000013729e-07,2,"[1, 2]","[5924, 319]"
449,6,288,1172,0.0009123973747892463,3.3000000000161806e-07,2,"[1, 2]","[5927, 319]"
450,6,288,1172,0.0009129773747892492,5.800000000028439e-07,2,"[1, 2]","[5974, 265]"
451,6,288,1173,0.0009109122661214068,0.0009109122661214068,2,"[1, 2]","[5995, 365]"
452,6,288,1173,0.0009112622661214085,3.500000000017161e-07,2,"[1, 2]","[5894, 384]"
453,6,288,1173,0.0009115322661214098,2.7000000000132387e-07,2,"[1, 2]","[5794, 427]"
454,6,288,1173,0.000911782266121411,2.500000000012258e-07,2,"[1, 2]","[5720, 469]"
455,6,288,1173,0.0009120622661214124,2.800000000013729e-07,2,"[1, 2]","[5810, 455]"
456,6,288,1173,0.0009124522661214143,3.9000000000191225e-07,2,"[1, 2]","[5735, 506]"
457,6,288,1174,0.0009107665573272405,0.0009107665573272405,2,"[1, 2]","[6394, 2]"
458,6,288,1174,0.0009111265573272422,3.6000000000176516e-07,2,"[1, 2]","[6255, 6]"
459,6,288,1174,0.0009114165573272437,2.9000000000142193e-07,2,"[1, 2]","[6295, 3]"
460,6,288,1174,0.000911696557327245,2.800000000013729e-07,2,"[1, 2]","[6180, 10]"
461,6,288,1174,0.0009120265573272467,3.3000000000161806e-07,2,"[1, 2]","[6220, 9]"
462,6,288,1174,0.0009126565573272498,6.30000000003089e-07,2,"[1, 2]","[6155, 15]"
463,6,288,1175,0.0009106073460600141,0.0009106073460600141,2,"[1, 2095]","[6273, 17]"
464,6,288,1175,0.0009109773460600159,3.700000000018142e-07,1,[1],[6233]
465,6,288,1175,0.0009112673460600173,2.9000000000142193e-07,1,[1],[6325]
466,6,288,1175,0.0009115473460600187,2.800000000013729e-07,1,[1],[6155]
467,6,288,1175,0.0009118973460600204,3.500000000017161e-07,1,[1],[6345]
468,6,288,1175,0.0009126573460600242,7.600000000037264e-07,1,[1],[6190]
469,6,288,1176,0.0009104828531669628,0.0009104828531669628,2,"[1, 2095]","[6345, 14]"
470,6,288,1176,0.0009108528531669646,3.700000000018142e-07,1,[1],[6295]
471,6,288,1176,0.000911142853166966,2.9000000000142193e-07,1,[1],[6148]
472,6,288,1176,0.0009114328531669674,2.9000000000142193e-07,1,[1],[6252]
473,6,288,1176,0.0009118128531669693,3.800000000018632e-07,1,[1],[6251]
474,6,288,1177,0.0009103496409659382,0.0009103496409659382,1,[1],[6291]
475,6,288,1177,0.00091071964096594,3.700000000018142e-07,1,[1],[6228]
476,6,288,1177,0.0009110396409659416,3.2000000000156903e-07,1,[1],[6411]
477,6,288,1177,0.000911339640965943,3.0000000000147097e-07,1,[1],[6104]
478,6,288,1177,0.0009117596409659451,4.2000000000205935e-07,1,[1],[6226]
479,6,288,1178,0.0009102033510722681,0.0009102033510722681,1,[1],[6265]
480,6,288,1178,0.00091058335107227,3.800000000018632e-07,1,[1],[6437]
481,6,288,1178,0.0009108833510722714,3.0000000000147097e-07,1,[1],[6099]
482,6,288,1178,0.000911193351072273,3.1000000000152e-07,1,[1],[6274]
483,6,288,1178,0.000911613351072275,4.2000000000205935e-07,1,[1],[6251]
484,6,288,1179,0.0009101130453769681,0.0009101130453769681,1,[1],[6383]
485,6,288,1179,0.0009104830453769699,3.700000000018142e-07,1,[1],[6171]
486,6,288,1179,0.0009107930453769714,3.1000000000152e-07,1,[1],[6228]
487,6,288,1179,0.0009111330453769731,3.400000000016671e-07,1,[1],[6368]
488,6,288,1179,0.0009116230453769755,4.900000000024026e-07,1,[1],[6155]
489,6,288,1180,0.0009099651965310181,0.0009099651965310181,1,[1],[6282]
490,6,288,1180,0.00091034519653102,3.800000000018632e-07,1,[1],[6359]
491,6,288,1180,0.0009106551965310215,3.1000000000152e-07,1,[1],[6223]
492,6,288,1180,0.0009109751965310231,3.2000000000156903e-07,1,[1],[6184]
493,6,288,1180,0.0009114251965310253,4.5000000000220645e-07,1,[1],[6317]
494,6,288,1181,0.0009098732589742877,0.0009098732589742877,1,[1],[6274]
495,6,288,1181,0.0009102532589742896,3.800000000018632e-07,1,[1],[6264]
496,6,288,1181,0.0009105632589742911,3.1000000000152e-07,1,[1],[6278]
497,6,288,1181,0.0009108932589742927,3.3000000000161806e-07,1,[1],[6301]
498,6,288,1181,0.000911363258974295,4.700000000023045e-07,1,[1],[6168]
499,6,288,1182,0.0009097939813910844,0.0009097939813910844,1,[1],[6317]
500,6,288,1182,0.0009101639813910862,3.700000000018142e-07,1,[1],[6187]
501,6,288,1182,0.0009104739813910877,3.1000000000152e-07,1,[1],[6409]
502,6,288,1182,0.0009107939813910893,3.2000000000156903e-07,1,[1],[6209]
503,6,288,1182,0.0009112439813910915,4.5000000000220645e-07,1,[1],[6177]
504,6,288,1183,0.0009097399226449345,0.0009097399226449345,1,[1],[6293]
505,6,288,1183,0.0009101099226449363,3.700000000018142e-07,1,[1],[6308]
506,6,288,1183,0.0009104199226449379,3.1000000000152e-07,1,[1],[6307]
507,6,288,1183,0.0009107299226449394,3.1000000000152e-07,1,[1],[6211]
508,6,288,1183,0.0009111499226449414,4.2000000000205935e-07,1,[1],[6215]
509,6,288,1184,0.0009097048736758362,0.0009097048736758362,1,[1],[6287]
510,6,288,1184,0.0009100848736758381,3.800000000018632e-07,1,[1],[6396]
511,6,288,1184,0.0009103848736758395,3.0000000000147097e-07,1,[1],[6117]
512,6,288,1184,0.0009107148736758412,3.3000000000161806e-07,1,[1],[6290]
513,6,288,1184,0.0009111748736758434,4.600000000022555e-07,1,[1],[6207]
514,6,288,1185,0.0009096731368496334,0.0009096731368496334,1,[1],[6276]
515,6,288,1185,0.0009100531368496352,3.800000000018632e-07,1,[1],[6247]
516,6,288,1185,0.0009103731368496368,3.2000000000156903e-07,1,[1],[6393]
517,6,288,1185,0.0009107031368496384,3.3000000000161806e-07,1,[1],[6184]
518,6,288,1185,0.0009112031368496409,5.000000000024516e-07,1,[1],[6198]
519,6,288,1186,0.0009096513494132202,0.0009096513494132202,2,"[1, 2030]","[6320, 2]"
520,6,288,1186,0.000910021349413222,3.700000000018142e-07,1,[1],[6237]
521,6,288,1186,0.0009103313494132235,3.1000000000152e-07,1,[1],[6213]
522,6,288,1186,0.0009106713494132252,3.400000000016671e-07,1,[1],[6349]
523,6,288,1186,0.0009111613494132276,4.900000000024026e-07,1,[1],[6151]
524,6,288,1187,0.0009096171110541105,0.0009096171110541105,2,"[1, 2030]","[6314, 39]"
525,6,288,1187,0.0009099971110541124,3.800000000018632e-07,1,[1],[6188]
526,6,288,1187,0.0009103171110541139,3.2000000000156903e-07,1,[1],[6343]
527,6,288,1187,0.0009106571110541156,3.400000000016671e-07,1,[1],[6154]
528,6,288,1187,0.0009111971110541183,5.400000000026477e-07,1,[1],[6263]
529,6,288,1188,0.0009099728312384937,0.0009099728312384937,2,"[1, 2030]","[6253, 10]"
530,6,288,1188,0.000910632831238497,6.600000000032361e-07,1,[1],[6298]
531,6,289,1144,0.00091621610767297,0.00091621610767297,1,[1672],[6275]
532,6,289,1145,0.0009142844740212202,0.0009142844740212202,2,"[10, 1672]","[1, 6282]"
533,6,289,1145,0.0009148144740212228,5.300000000025987e-07,2,"[10, 1672]","[2, 6235]"
534,6,289,1145,0.0009152444740212249,4.300000000021084e-07,2,"[10, 1672]","[1, 6249]"
535,6,289,1145,0.0009156944740212271,4.5000000000220645e-07,2,"[10, 1672]","[1, 6310]"
536,6,289,1145,0.0009163044740212301,6.10000000002991e-07,2,"[10, 1672]","[1, 6242]"
537,6,289,1146,0.0009129931562586783,0.0009129931562586783,2,"[1672, 1678]","[6260, 7]"
538,6,289,1146,0.0009135131562586808,5.200000000025497e-07,2,"[1672, 1678]","[6294, 1]"
539,6,289,1146,0.0009139431562586829,4.300000000021084e-07,1,[1672],[6197]
540,6,289,1146,0.0009144131562586852,4.700000000023045e-07,2,"[10, 1672]","[3, 6296]"
541,6,289,1146,0.0009151231562586887,7.100000000034813e-07,2,"[10, 1672]","[9, 6203]"
542,6,289,1147,0.0009135522428261614,0.0009135522428261614,2,"[1672, 1678]","[6237, 23]"
543,6,289,1151,0.0009152602552135583,0.0009152602552135583,3,"[5, 7, 10]","[6165, 75, 12]"
544,6,289,1152,0.0009147811157451543,0.0009147811157451543,1,[5],[6369]
545,6,289,1152,0.000915131115745156,3.500000000017161e-07,1,[5],[6187]
546,6,289,1152,0.0009154211157451574,2.9000000000142193e-07,1,[5],[6273]
547,6,289,1152,0.0009157011157451588,2.800000000013729e-07,1,[5],[6212]
548,6,289,1152,0.0009160511157451605,3.500000000017161e-07,1,[5],[6298]
549,6,289,1152,0.0009167911157451641,7.400000000036284e-07,1,[5],[6161]
550,6,289,1153,0.0009147704852210863,0.0009147704852210863,4,"[1, 3, 4, 5]","[12, 4, 15, 6305]"
551,6,289,1153,0.000915120485221088,3.500000000017161e-07,4,"[1, 3, 4, 5]","[9, 4, 4, 6157]"
552,6,289,1153,0.0009154004852210894,2.800000000013729e-07,4,"[1, 3, 4, 5]","[15, 8, 6, 6383]"
553,6,289,1153,0.0009156604852210906,2.6000000000127484e-07,4,"[1, 3, 4, 5]","[13, 7, 2, 6100]"
554,6,289,1153,0.0009159604852210921,3.0000000000147097e-07,4,"[1, 3, 4, 5]","[9, 9, 6, 6220]"
555,6,289,1153,0.0009164604852210945,5.000000000024516e-07,4,"[1, 3, 4, 5]","[7, 10, 3, 6254]"
556,6,289,1154,0.0009149933857227196,0.0009149933857227196,4,"[1, 3, 4, 5]","[1109, 162, 2020, 2985]"
557,6,289,1154,0.000915693385722723,7.000000000034323e-07,4,"[1, 3, 4, 5]","[1268, 298, 546, 4176]"
558,6,289,1155,0.0009134655170397652,0.0009134655170397652,4,"[1, 4, 5, 239]","[71, 6191, 1, 18]"
559,6,289,1155,0.0009150855170397731,1.6200000000079432e-06,4,"[1, 3, 4, 5]","[3154, 56, 2912, 123]"
560,6,289,1156,0.0009096382582911274,0.0009096382582911274,2,"[4, 239]","[5383, 889]"
561,6,289,1156,0.0009112482582911353,1.6100000000078942e-06,2,"[4, 239]","[6041, 211]"
562,6,289,1156,0.0009149182582911532,3.670000000017995e-06,2,"[1, 4]","[2791, 3459]"
563,6,289,1157,0.0009073278932181654,0.0009073278932181654,2,"[4, 239]","[6278, 3]"
564,6,289,1157,0.0009087778932181725,1.4500000000071097e-06,2,"[4, 239]","[5928, 291]"
565,6,289,1157,0.0009143278932181998,5.550000000027213e-06,3,"[1, 4, 239]","[1991, 3757, 518]"
566,6,289,1158,0.0009054647947199983,0.0009054647947199983,1,[4],[6272]
567,6,289,1158,0.0009138047947200392,8.340000000040893e-06,3,"[1, 4, 239]","[1237, 5003, 11]"
568,6,289,1159,0.0009032863008718435,0.0009032863008718435,1,[4],[6254]
569,6,289,1160,0.0009007870213668016,0.0009007870213668016,4,"[4, 252, 2058, 2063]","[6257, 1, 8, 1]"
570,6,289,1161,0.000914136274190653,0.000914136274190653,9,"[1, 4, 252, 2054, 2057, 2058, 2062, 2063, 2066]","[3687, 2494, 6, 49, 1, 19, 2, 1, 2]"
571,6,289,1163,0.0009150891220884044,0.0009150891220884044,2,"[1, 2054]","[6234, 16]"
572,6,289,1164,0.000914248043169951,0.000914248043169951,1,[1],[6253]
573,6,289,1165,0.0009140984040941577,0.0009140984040941577,1,[1],[6265]
574,6,289,1166,0.000913797095184764,0.000913797095184764,1,[1],[6255]
575,6,289,1167,0.0009136621262580959,0.0009136621262580959,1,[1],[6274]
576,6,290,1144,0.0009152477873763768,0.0009152477873763768,3,"[10, 14, 1672]","[960, 459, 4852]"
577,6,290,1144,0.0009157977873763795,5.500000000026968e-07,3,"[10, 14, 1672]","[449, 151, 5714]"
578,6,290,1144,0.0009163877873763824,5.900000000028929e-07,3,"[10, 14, 1672]","[199, 31, 5986]"
579,6,290,1145,0.000913882514903164,0.000913882514903164,3,"[10, 14, 1672]","[208, 31, 6040]"
580,6,290,1145,0.0009142725149031659,3.9000000000191225e-07,3,"[10, 14, 1672]","[375, 76, 5793]"
581,6,290,1145,0.0009145425149031673,2.7000000000132387e-07,3,"[10, 14, 1672]","[477, 70, 5731]"
582,6,290,1145,0.0009147625149031683,2.200000000010787e-07,3,"[10, 14, 1672]","[488, 69, 5806]"
583,6,290,1145,0.0009149525149031693,1.900000000009316e-07,3,"[10, 14, 1672]","[432, 58, 5610]"
584,6,290,1145,0.0009151425149031702,1.900000000009316e-07,3,"[10, 14, 1672]","[457, 66, 5963]"
585,6,290,1145,0.0009153225149031711,1.8000000000088258e-07,3,"[10, 14, 1672]","[403, 51, 5828]"
586,6,290,1145,0.000915502514903172,1.8000000000088258e-07,3,"[10, 14, 1672]","[342, 54, 5795]"
587,6,290,1145,0.0009156925149031729,1.900000000009316e-07,3,"[10, 14, 1672]","[288, 40, 5894]"
588,6,290,1145,0.000915912514903174,2.200000000010787e-07,3,"[10, 14, 1672]","[245, 25, 5962]"
589,6,290,1145,0.0009161825149031753,2.7000000000132387e-07,3,"[10, 14, 1672]","[203, 26, 5949]"
590,6,290,1145,0.0009166025149031774,4.2000000000205935e-07,3,"[10, 14, 1672]","[117, 16, 6038]"
591,6,290,1146,0.0009127399083230952,0.0009127399083230952,2,"[1672, 1678]","[6325, 8]"
592,6,290,1146,0.0009131299083230971,3.9000000000191225e-07,3,"[10, 1672, 1678]","[6, 6209, 6]"
593,6,290,1146,0.0009134299083230986,3.0000000000147097e-07,3,"[10, 1672, 1678]","[30, 6345, 3]"
594,6,290,1146,0.0009136799083230998,2.500000000012258e-07,3,"[10, 1672, 1678]","[62, 6032, 1]"
595,6,290,1146,0.000913919908323101,2.4000000000117677e-07,3,"[10, 1672, 1678]","[136, 6215, 3]"
596,6,290,1146,0.0009141599083231022,2.4000000000117677e-07,3,"[10, 1672, 1678]","[246, 6058, 1]"
597,6,290,1146,0.0009144099083231034,2.500000000012258e-07,3,"[10, 14, 1672]","[458, 2, 5648]"
598,6,290,1146,0.0009146899083231048,2.800000000013729e-07,2,"[10, 1672]","[687, 5633]"
599,6,290,1146,0.0009150199083231064,3.3000000000161806e-07,3,"[10, 14, 1672]","[1113, 2, 5156]"
600,6,290,1146,0.0009154799083231086,4.600000000022555e-07,2,"[10, 1672]","[1680, 4464]"
601,6,290,1147,0.0009130577990607567,0.0009130577990607567,3,"[10, 1672, 1678]","[2, 6297, 13]"
602,6,290,1147,0.0009140577990607616,1.0000000000049032e-06,3,"[10, 1672, 1678]","[168, 6048, 4]"
603,6,290,1147,0.0009154377990607684,1.3800000000067664e-06,3,"[10, 1672, 1678]","[4551, 1714, 1]"
604,6,290,1148,0.0009155437808335277,0.0009155437808335277,4,"[7, 10, 1672, 1678]","[1, 6183, 124, 3]"
605,6,290,1148,0.0009163237808335315,7.800000000038245e-07,1,[10],[6192]
606,6,290,1149,0.0009154090286662941,0.0009154090286662941,3,"[5, 7, 10]","[673, 889, 4734]"
607,6,290,1149,0.0009159690286662969,5.600000000027458e-07,3,"[5, 7, 10]","[167, 480, 5565]"
608,6,290,1149,0.0009167590286663007,7.900000000038735e-07,3,"[5, 7, 10]","[54, 240, 5996]"
609,6,290,1150,0.0009143032601928901,0.0009143032601928901,3,"[5, 7, 10]","[4784, 1493, 105]"
610,6,290,1150,0.0009146232601928917,3.2000000000156903e-07,3,"[5, 7, 10]","[4141, 1787, 202]"
611,6,290,1150,0.0009148632601928929,2.4000000000117677e-07,3,"[5, 7, 10]","[4005, 1961, 350]"
612,6,290,1150,0.0009150732601928939,2.1000000000102968e-07,3,"[5, 7, 10]","[3664, 2156, 460]"
613,6,290,1150,0.0009152732601928949,2.0000000000098064e-07,3,"[5, 7, 10]","[3367, 2354, 676]"
614,6,290,1150,0.0009154732601928959,2.0000000000098064e-07,3,"[5, 7, 10]","[2989, 2305, 959]"
615,6,290,1150,0.0009156832601928969,2.1000000000102968e-07,3,"[5, 7, 10]","[2459, 2344, 1259]"
616,6,290,1150,0.0009159332601928981,2.500000000012258e-07,3,"[5, 7, 10]","[2128, 2411, 1726]"
617,6,290,1150,0.0009162732601928998,3.400000000016671e-07,3,"[5, 7, 10]","[1607, 2308, 2319]"
618,6,290,1150,0.0009172432601929045,9.700000000047561e-07,3,"[5, 7, 10]","[858, 2020, 3311]"
619,6,290,1151,0.0009142526241471535,0.0009142526241471535,3,"[5, 7, 10]","[6086, 262, 4]"
620,6,290,1151,0.000914562624147155,3.1000000000152e-07,3,"[5, 7, 10]","[5982, 283, 6]"
621,6,290,1151,0.0009147826241471561,2.200000000010787e-07,3,"[5, 7, 10]","[5870, 308, 12]"
622,6,290,1151,0.000914972624147157,1.900000000009316e-07,3,"[5, 7, 10]","[5859, 382, 17]"
623,6,290,1151,0.0009151526241471579,1.8000000000088258e-07,3,"[5, 7, 10]","[5923, 393, 30]"
624,6,290,1151,0.0009153326241471588,1.8000000000088258e-07,3,"[5, 7, 10]","[5716, 419, 43]"
625,6,290,1151,0.0009155326241471598,2.0000000000098064e-07,3,"[5, 7, 10]","[5794, 476, 62]"
626,6,290,1151,0.0009157626241471609,2.3000000000112774e-07,3,"[5, 7, 10]","[5536, 503, 67]"
627,6,290,1151,0.0009161126241471626,3.500000000017161e-07,3,"[5, 7, 10]","[5509, 622, 140]"
628,6,290,1152,0.0009148318452514456,0.0009148318452514456,2,"[5, 7]","[6332, 1]"
629,6,290,1152,0.0009152718452514478,4.400000000021574e-07,1,[5],[6207]
630,6,290,1152,0.0009156818452514498,4.100000000020103e-07,1,[5],[6229]
631,6,290,1152,0.0009163218452514529,6.400000000031381e-07,2,"[5, 7]","[6273, 2]"
632,6,290,1158,0.001111263768783162,0.001111263768783162,3,"[1, 4, 1091]","[1, 12, 6263]"
633,6,290,1158,0.0011119137687831582,6.499999999961398e-07,1,[1091],[6224]
634,6,290,1158,0.001112793768783153,8.799999999947739e-07,1,[1091],[6268]
635,6,291,1141,0.0009162765268003326,0.0009162765268003326,5,"[10, 15, 146, 147, 149]","[4941, 1291, 25, 2, 7]"
636,6,291,1142,0.0009154379428008345,0.0009154379428008345,3,"[10, 15, 149]","[5188, 1130, 11]"
637,6,291,1142,0.0009161879428008382,7.500000000036774e-07,3,"[10, 15, 149]","[4268, 1957, 4]"
638,6,291,1143,0.0009152317259845629,0.0009152317259845629,5,"[10, 14, 15, 149, 1672]","[6214, 29, 70, 1, 1]"
639,6,291,1143,0.0009160517259845669,8.200000000040206e-07,4,"[10, 14, 15, 1672]","[6096, 11, 115, 2]"
640,6,291,1144,0.0009147312134281535,0.0009147312134281535,3,"[10, 14, 1672]","[4563, 1754, 55]"
641,6,291,1144,0.0009152612134281561,5.300000000025987e-07,3,"[10, 14, 1672]","[4841, 1294, 102]"
642,6,291,1144,0.0009159212134281594,6.600000000032361e-07,3,"[10, 14, 1672]","[5037, 961, 208]"
643,6,291,1145,0.0009145444523186701,0.0009145444523186701,3,"[10, 14, 1672]","[4676, 1179, 431]"
644,6,291,1145,0.0009150244523186725,4.800000000023535e-07,3,"[10, 14, 1672]","[4861, 1018, 392]"
645,6,291,1145,0.000915534452318675,5.100000000025006e-07,3,"[10, 14, 1672]","[4819, 972, 494]"
646,6,291,1146,0.0009148458118884207,0.0009148458118884207,3,"[10, 14, 1672]","[5186, 17, 1092]"
647,6,291,1146,0.0009155758118884243,7.300000000035793e-07,3,"[10, 14, 1672]","[6019, 18, 186]"
648,6,291,1147,0.0009154449744927675,0.0009154449744927675,2,"[10, 1672]","[6032, 267]"
649,6,291,1147,0.0009171349744927758,1.6900000000082864e-06,2,"[10, 1672]","[6201, 1]"
650,6,291,1148,0.0009158555299753922,0.0009158555299753922,2,"[10, 1672]","[6265, 2]"
651,6,291,1149,0.0009162399426214568,0.0009162399426214568,3,"[5, 7, 10]","[438, 476, 5338]"
652,6,291,1150,0.0009147588332885213,0.0009147588332885213,3,"[5, 7, 10]","[4637, 1576, 114]"
653,6,291,1150,0.000915308833288524,5.500000000026968e-07,3,"[5, 7, 10]","[3790, 2007, 454]"
654,6,291,1150,0.0009159488332885271,6.400000000031381e-07,3,"[5, 7, 10]","[2954, 2205, 1020]"
655,6,291,1151,0.0009151815807380622,0.0009151815807380622,3,"[5, 7, 10]","[5654, 615, 17]"
656,6,291,1158,0.0011110777696364993,0.0011110777696364993,1,[1091],[6313]
657,6,291,1158,0.0011117377696364954,6.599999999960804e-07,1,[1091],[6202]
658,6,291,1158,0.001112987769636488,1.2499999999925765e-06,1,[1091],[6236]
659,6,291,1159,0.0011107911768808575,0.0011107911768808575,1,[1091],[6300]
660,6,291,1159,0.0011116811768808522,8.899999999947145e-07,1,[1091],[6260]
661,6,292,1139,0.0009157905145757884,0.0009157905145757884,1,[10],[6277]
662,6,292,1140,0.0009153124637674596,0.0009153124637674596,4,"[10, 15, 146, 149]","[6236, 28, 26, 1]"
663,6,292,1140,0.000916012463767463,7.000000000034323e-07,4,"[10, 15, 146, 149]","[6155, 76, 17, 1]"
664,6,292,1141,0.0009151380460509917,0.0009151380460509917,5,"[10, 15, 146, 147, 149]","[4463, 1580, 32, 1, 254]"
665,6,292,1141,0.0009155780460509939,4.400000000021574e-07,5,"[10, 15, 146, 147, 149]","[3867, 2202, 35, 1, 206]"
666,6,292,1141,0.0009159280460509956,3.500000000017161e-07,5,"[10, 15, 146, 147, 149]","[3142, 2785, 21, 3, 200]"
667,6,292,1141,0.0009163180460509975,3.9000000000191225e-07,5,"[10, 15, 146, 147, 149]","[2604, 3525, 19, 1, 148]"
668,6,292,1141,0.0009168480460510001,5.300000000025987e-07,4,"[10, 15, 146, 149]","[1556, 4508, 15, 93]"
669,6,292,1142,0.0009151776012217258,0.0009151776012217258,4,"[10, 15, 146, 149]","[2982, 2490, 1, 805]"
670,6,292,1142,0.000915627601221728,4.5000000000220645e-07,3,"[10, 15, 149]","[2442, 3164, 623]"
671,6,292,1142,0.00091603760122173,4.100000000020103e-07,4,"[10, 15, 146, 149]","[2015, 3709, 2, 541]"
672,6,292,1142,0.0009165276012217324,4.900000000024026e-07,4,"[10, 15, 146, 149]","[1439, 4458, 1, 395]"
673,6,292,1159,0.0011110219870523374,0.0011110219870523374,1,[1091],[6266]
674,6,293,1136,0.0009138988859296226,0.0009138988859296226,7,"[10, 17, 18, 21, 139, 141, 142]","[511, 6, 5546, 2, 71, 136, 3]"
675,6,293,1136,0.0009145388859296258,6.400000000031381e-07,7,"[10, 17, 18, 21, 139, 141, 142]","[1148, 35, 4839, 1, 223, 79, 2]"
676,6,293,1136,0.0009154188859296301,8.800000000043148e-07,5,"[10, 17, 18, 139, 141]","[1997, 232, 3366, 499, 65]"
677,6,293,1137,0.0009142996710481519,0.0009142996710481519,5,"[10, 17, 18, 139, 141]","[883, 156, 4262, 965, 12]"
678,6,293,1137,0.0009148296710481545,5.300000000025987e-07,5,"[10, 17, 18, 139, 141]","[2039, 551, 2302, 1374, 1]"
679,6,293,1137,0.0009152596710481566,4.300000000021084e-07,5,"[10, 17, 18, 139, 141]","[2730, 847, 1473, 1154, 1]"
680,6,293,1137,0.0009157196710481588,4.600000000022555e-07,4,"[10, 17, 18, 139]","[3101, 1318, 1035, 893]"
681,6,293,1137,0.0009165896710481631,8.700000000042658e-07,4,"[10, 17, 18, 139]","[3269, 1721, 644, 534]"
682,6,293,1138,0.0009151773123965396,0.0009151773123965396,4,"[10, 17, 18, 139]","[5744, 170, 170, 236]"
683,6,293,1138,0.0009157773123965426,6.000000000029419e-07,4,"[10, 17, 18, 139]","[5918, 176, 81, 93]"
684,6,293,1139,0.0009154510005993305,0.0009154510005993305,2,"[10, 17]","[6272, 1]"
685,6,293,1139,0.0009166410005993364,1.1900000000058348e-06,1,[10],[6228]
686,6,293,1141,0.0009158722588730251,0.0009158722588730251,4,"[10, 15, 146, 149]","[771, 4654, 4, 833]"
687,6,293,1142,0.0009156701932523992,0.0009156701932523992,3,"[10, 15, 149]","[66, 4293, 1952]"
688,6,293,1142,0.0009170301932524058,1.3600000000066684e-06,3,"[10, 15, 149]","[46, 4892, 1267]"
689,6,294,1134,0.0009135307377622059,0.0009135307377622059,2,"[10, 21]","[5377, 879]"
690,6,294,1135,0.0009135871942416985,0.0009135871942416985,4,"[10, 18, 21, 141]","[4812, 138, 1315, 1]"
691,6,294,1135,0.0009142071942417015,6.2000000000304e-07,4,"[10, 18, 21, 141]","[5378, 221, 713, 2]"
692,6,294,1135,0.0009152071942417064,1.0000000000049032e-06,4,"[10, 18, 21, 141]","[5553, 256, 369, 1]"
693,6,294,1136,0.0009137221415055017,0.0009137221415055017,5,"[10, 18, 21, 139, 141]","[2522, 3637, 21, 68, 2]"
694,6,294,1136,0.0009141721415055039,4.5000000000220645e-07,6,"[10, 17, 18, 21, 139, 141]","[3121, 5, 3124, 9, 136, 7]"
695,6,294,1136,0.0009145421415055057,3.700000000018142e-07,5,"[10, 17, 18, 21, 139]","[3444, 17, 2441, 2, 233]"
696,6,294,1136,0.0009149621415055078,4.2000000000205935e-07,6,"[10, 17, 18, 21, 139, 141]","[3866, 49, 1973, 4, 320, 1]"
697,6,294,1136,0.0009157621415055117,8.000000000039226e-07,4,"[10, 17, 18, 139]","[4190, 185, 1430, 450]"
698,6,294,1137,0.0009141796390821109,0.0009141796390821109,4,"[10, 17, 18, 139]","[967, 69, 4312, 960]"
699,6,294,1137,0.0009147096390821135,5.300000000025987e-07,4,"[10, 17, 18, 139]","[1730, 256, 2732, 1538]"
700,6,294,1137,0.0009151396390821156,4.300000000021084e-07,4,"[10, 17, 18, 139]","[2200, 547, 1871, 1571]"
701,6,294,1137,0.0009156396390821181,5.000000000024516e-07,4,"[10, 17, 18, 139]","[2525, 958, 1451, 1364]"
702,6,295,1131,0.0009114882877266299,0.0009114882877266299,4,"[10, 100, 103, 116]","[6140, 11, 93, 57]"
703,6,295,1132,0.0009117491484578651,0.0009117491484578651,1,[10],[6294]
704,6,295,1132,0.0009124691484578687,7.200000000035303e-07,1,[10],[6208]
705,6,295,1133,0.0009123116545980509,0.0009123116545980509,2,"[10, 21]","[6304, 1]"
706,6,295,1133,0.0009129716545980541,6.600000000032361e-07,2,"[10, 21]","[6214, 2]"
707,6,295,1134,0.0009130841549394971,0.0009130841549394971,2,"[10, 21]","[5960, 303]"
708,6,295,1134,0.0009139841549395015,9.000000000044129e-07,2,"[10, 21]","[5697, 565]"
709,6,295,1135,0.0009141779200780933,0.0009141779200780933,3,"[10, 18, 21]","[4983, 1, 1290]"
710,6,296,1125,0.0009097397563269824,0.0009097397563269824,3,"[10, 85, 86]","[6253, 4, 1]"
711,6,296,1126,0.0009090006289959635,0.0009090006289959635,1,[10],[6261]
712,6,296,1127,0.0009091133355635466,0.0009091133355635466,4,"[10, 90, 91, 97]","[6258, 9, 1, 1]"
713,6,296,1128,0.0009093203790601883,0.0009093203790601883,5,"[10, 90, 91, 96, 97]","[6232, 24, 2, 7, 1]"
714,6,296,1129,0.0009095470563816294,0.0009095470563816294,4,"[10, 100, 103, 116]","[6247, 63, 6, 6]"
715,6,296,1129,0.000910277056381633,7.300000000035793e-07,5,"[10, 96, 100, 103, 116]","[5934, 1, 237, 1, 6]"
716,6,296,1130,0.0009100023766128347,0.0009100023766128347,4,"[10, 100, 103, 116]","[4534, 658, 491, 577]"
717,6,296,1130,0.0009105923766128376,5.900000000028929e-07,4,"[10, 100, 103, 116]","[5193, 793, 29, 310]"
718,6,296,1130,0.000911282376612841,6.900000000033832e-07,4,"[10, 100, 103, 116]","[5333, 713, 2, 161]"
719,6,296,1131,0.0009110567261945342,0.0009110567261945342,4,"[10, 100, 103, 116]","[5173, 91, 446, 540]"
720,6,296,1131,0.0009124867261945412,1.4300000000070116e-06,4,"[10, 100, 103, 116]","[6215, 14, 1, 30]"
721,6,297,1123,0.0009109552878235729,0.0009109552878235729,1,[10],[6283]
722,6,297,1123,0.0009116652878235764,7.100000000034813e-07,1,[10],[6276]
723,6,297,1124,0.0009097685591579155,0.0009097685591579155,3,"[10, 85, 86]","[6325, 1, 1]"
724,6,297,1124,0.0009106185591579197,8.500000000041677e-07,1,[10],[6199]
725,6,297,1125,0.0009086894272296728,0.0009086894272296728,3,"[10, 85, 86]","[6290, 2, 1]"
726,6,297,1125,0.0009096794272296777,9.900000000048542e-07,2,"[10, 86]","[6224, 1]"
727,6,297,1126,0.000908441406348782,0.000908441406348782,1,[10],[6328]
728,6,297,1126,0.0009093514063487864,9.100000000044619e-07,1,[10],[6178]
729,6,297,1127,0.0009085139055481192,0.0009085139055481192,2,"[10, 90]","[6296, 13]"
730,6,297,1127,0.0009094439055481238,9.3000000000456e-07,3,"[10, 90, 91]","[6216, 10, 1]"
731,6,297,1128,0.0009088862421475288,0.0009088862421475288,5,"[10, 90, 91, 96, 97]","[6206, 37, 2, 11, 3]"
732,6,297,1128,0.000910346242147536,1.4600000000071587e-06,5,"[10, 90, 91, 96, 97]","[6194, 26, 4, 16, 4]"
733,6,297,1129,0.0009102781581079579,0.0009102781581079579,6,"[10, 90, 96, 97, 100, 103]","[6211, 2, 2, 1, 37, 1]"
734,6,298,1122,0.0009116633986860339,0.0009116633986860339,2,"[10, 126]","[6323, 7]"
735,6,298,1122,0.0009124133986860376,7.500000000036774e-07,1,[10],[6211]
736,6,298,1123,0.0009123080659059725,0.0009123080659059725,2,"[10, 126]","[6208, 64]"
737,6,299,1091,0.0009258934168643313,0.0009258934168643313,1,[150],[6276]
738,6,299,1091,0.000926863416864336,9.700000000047561e-07,1,[150],[6290]
739,6,299,1092,0.0009268687975332686,0.0009268687975332686,1,[150],[6257]
740,6,299,1121,0.0009130345624878375,0.0009130345624878375,1,[10],[6255]
741,6,299,1122,0.0009117621349825725,0.0009117621349825725,2,"[10, 126]","[6311, 13]"
742,6,299,1122,0.000912462134982576,7.000000000034323e-07,1,[10],[6247]
743,6,300,1084,0.0008917852560793448,0.0008917852560793448,1,[181],[6250]
744,6,300,1085,0.0008882648153326352,0.0008882648153326352,1,[181],[6312]
745,6,300,1085,0.0008889748153326387,7.100000000034813e-07,1,[181],[6208]
746,6,300,1085,0.0008899148153326433,9.40000000004609e-07,1,[181],[6240]
747,6,300,1091,0.0009258753627551178,0.0009258753627551178,1,[150],[6251]
748,6,300,1091,0.0009266953627551218,8.200000000040206e-07,1,[150],[6289]
749,6,300,1091,0.0009283853627551301,1.6900000000082864e-06,1,[150],[6211]
750,6,300,1121,0.0009115394605339247,0.0009115394605339247,4,"[10, 67, 70, 72]","[6260, 5, 5, 7]"
751,6,300,1121,0.0009125794605339298,1.0400000000050993e-06,2,"[10, 67]","[6238, 1]"
752,6,300,1122,0.0009118872810640033,0.0009118872810640033,2,"[10, 67]","[6254, 1]"
753,6,301,1085,0.0008888348929502316,0.0008888348929502316,1,[181],[6260]
754,6,301,1085,0.0008900348929502375,1.2000000000058839e-06,1,[181],[6296]
755,6,301,1085,0.0008908748929502416,8.400000000041187e-07,1,[181],[6259]
756,6,301,1086,0.0008911193792178348,0.0008911193792178348,1,[181],[6294]
757,6,301,1086,0.0008919293792178387,8.100000000039716e-07,1,[181],[6244]
758,6,301,1121,0.0009107529933776882,0.0009107529933776882,3,"[10, 67, 72]","[6219, 3, 114]"
759,6,301,1121,0.0009113029933776909,5.500000000026968e-07,5,"[10, 67, 70, 72, 73]","[6145, 4, 1, 82, 2]"
760,6,301,1121,0.0009120129933776944,7.100000000034813e-07,5,"[10, 67, 70, 72, 73]","[6149, 3, 2, 49, 2]"
761,6,301,1122,0.0009121630187773788,0.0009121630187773788,4,"[10, 67, 70, 72]","[6238, 2, 2, 18]"
762,6,302,1120,0.000910414663665042,0.000910414663665042,2,"[10, 72]","[6304, 5]"
763,6,302,1120,0.0009111246636650455,7.100000000034813e-07,2,"[10, 72]","[6231, 15]"
764,6,302,1121,0.0009108661154203663,0.0009108661154203663,3,"[10, 72, 73]","[6222, 66, 2]"
765,6,302,1121,0.0009114461154203691,5.800000000028439e-07,3,"[10, 72, 73]","[6198, 38, 1]"
766,6,302,1121,0.0009120061154203719,5.600000000027458e-07,3,"[10, 72, 73]","[6287, 17, 1]"
767,6,303,1120,0.0009111818999573624,0.0009111818999573624,1,[10],[6257]
768,6,303,1121,0.0009116282132974573,0.0009116282132974573,2,"[10, 72]","[6301, 2]"
769,6,322,1025,0.0008927321185834167,0.0008927321185834167,5,"[182, 183, 206, 215, 216]","[2357, 3896, 1, 13, 2]"
770,6,322,1026,0.0008917696403885896,0.0008917696403885896,3,"[182, 183, 206]","[2552, 3446, 272]"
771,6,323,1024,0.0008910601398903772,0.0008910601398903772,5,"[182, 183, 215, 216, 217]","[5614, 4, 534, 129, 5]"
772,6,323,1024,0.000891840139890381,7.800000000038245e-07,5,"[182, 183, 215, 216, 217]","[4644, 45, 1447, 95, 2]"
773,6,323,1024,0.0008927101398903853,8.700000000042658e-07,4,"[182, 183, 215, 216]","[4768, 67, 1395, 32]"
774,6,323,1024,0.0008936901398903901,9.800000000048052e-07,4,"[182, 183, 215, 216]","[5848, 59, 317, 1]"
775,6,323,1024,0.0008945501398903943,8.600000000042168e-07,3,"[182, 183, 215]","[6237, 4, 12]"
776,6,323,1024,0.0008960001398904014,1.4500000000071097e-06,1,[182],[6246]
777,6,323,1025,0.0008905756540867418,0.0008905756540867418,4,"[182, 183, 215, 216]","[5989, 308, 21, 5]"
778,6,323,1025,0.0008911056540867444,5.300000000025987e-07,4,"[182, 183, 215, 216]","[5467, 754, 64, 7]"
779,6,323,1025,0.000891625654086747,5.200000000025497e-07,4,"[182, 183, 215, 216]","[4078, 1944, 114, 8]"
780,6,323,1025,0.0008923356540867504,7.100000000034813e-07,4,"[182, 183, 215, 216]","[2193, 3898, 207, 5]"
781,6,323,1025,0.0008938256540867577,1.4900000000073058e-06,4,"[182, 183, 207, 215]","[1617, 4480, 1, 112]"
782,6,323,1026,0.0008910328779579665,0.0008910328779579665,3,"[182, 183, 206]","[4263, 2053, 2]"
783,6,323,1026,0.0008918428779579704,8.100000000039716e-07,2,"[182, 183]","[2277, 3919]"
784,6,323,1026,0.0008954128779579879,3.5700000000175045e-06,3,"[182, 183, 207]","[473, 5715, 48]"
785,6,324,1024,0.0008918311539121097,0.0008918311539121097,5,"[182, 183, 215, 216, 217]","[5298, 4, 905, 55, 1]"
786,6,324,1024,0.000893731153912119,1.9000000000093161e-06,4,"[182, 183, 215, 216]","[5459, 11, 818, 6]"
787,6,324,1024,0.0008944811539121227,7.500000000036774e-07,2,"[182, 215]","[6239, 3]"
788,6,324,1024,0.0008950011539121252,5.200000000025497e-07,1,[182],[6291]
789,6,324,1024,0.0008955911539121281,5.900000000028929e-07,2,"[182, 207]","[6229, 2]"
790,6,324,1025,0.0008938299434886396,0.0008938299434886396,5,"[182, 183, 207, 215, 216]","[5618, 389, 3, 236, 15]"
791,6,324,1025,0.0008956799434886487,1.850000000009071e-06,3,"[182, 183, 207]","[6132, 2, 126]"
792,6,377,1359,0.0006570607518443895,0.0006570607518443895,2,"[1576, 1577]","[6311, 1]"
793,6,377,1359,0.000657570751844392,5.100000000025006e-07,2,"[1576, 1577]","[6191, 1]"
794,6,457,1342,0.0005792650416781527,0.0005792650416781527,3,"[1468, 1471, 1476]","[6241, 18, 1]"
795,6,457,1343,0.0005779508901840038,0.0005779508901840038,4,"[1468, 1471, 1476, 1477]","[343, 5812, 87, 8]"
796,6,467,1102,0.0009267529710666832,0.0009267529710666832,2,"[1064, 1065]","[6258, 4]"
797,6,468,1102,0.0009256669450329815,0.0009256669450329815,2,"[1064, 1065]","[6250, 1]"
798,6,468,1103,0.0009263201294193695,0.0009263201294193695,1,[1064],[6274]
