,event,pixel_x,pixel_y,reset_time,TSLR,nMCParticles,MC_TrackIDs,MC_Weights
0,87,141,1117,0.0004078450818566355,0.0004078450818566355,1,[92],[6264]
1,87,141,1117,0.00040817508185663534,3.2999999999982913e-07,1,[92],[6272]
2,87,141,1117,0.00040849508185663517,3.199999999998343e-07,1,[92],[6272]
3,87,141,1117,0.00040894508185663494,4.49999999999767e-07,1,[92],[6251]
4,87,142,1117,0.0004086999693165497,0.0004086999693165497,1,[92],[6263]
5,87,151,1224,0.000611023565918867,0.000611023565918867,1,[78],[6318]
6,87,151,1224,0.0006117635659188707,7.400000000036284e-07,1,[78],[6183]
7,87,151,1225,0.0006108963509484082,0.0006108963509484082,1,[78],[6324]
8,87,151,1225,0.0006114763509484111,5.800000000028439e-07,1,[78],[6221]
9,87,151,1225,0.000612686350948417,1.2100000000059329e-06,1,[78],[6214]
10,87,152,1224,0.0006121278006457437,0.0006121278006457437,1,[78],[6258]
11,87,152,1224,0.0006126278006457461,5.000000000024516e-07,1,[78],[6364]
12,87,152,1224,0.0006131478006457487,5.200000000025497e-07,1,[78],[6148]
13,87,152,1225,0.000613524685132514,0.000613524685132514,1,[78],[6254]
14,87,223,1247,0.0006880104302052676,0.0006880104302052676,2,"[75, 90]","[6255, 26]"
15,87,224,1246,0.0006902047018219419,0.0006902047018219419,2,"[75, 90]","[5181, 1070]"
16,87,224,1247,0.0006877168470714612,0.0006877168470714612,2,"[75, 90]","[5775, 504]"
17,87,224,1247,0.0006881268470714632,4.100000000020103e-07,2,"[75, 90]","[5247, 1005]"
18,87,224,1247,0.0006884768470714649,3.500000000017161e-07,2,"[75, 90]","[4921, 1441]"
19,87,224,1247,0.0006888468470714667,3.700000000018142e-07,2,"[75, 90]","[4613, 1611]"
20,87,224,1247,0.000689316847071469,4.700000000023045e-07,2,"[75, 90]","[4722, 1415]"
21,87,224,1247,0.0006901468470714731,8.300000000040697e-07,2,"[75, 90]","[5648, 603]"
22,87,224,1248,0.000691124801006418,0.000691124801006418,2,"[75, 90]","[6007, 250]"
23,87,225,1247,0.0006896734606758715,0.0006896734606758715,2,"[75, 90]","[4787, 1490]"
24,87,225,1247,0.0006914334606758801,1.7600000000086297e-06,2,"[75, 90]","[6199, 34]"
25,87,225,1248,0.0006906749567943444,0.0006906749567943444,2,"[75, 90]","[6247, 54]"
26,87,225,1248,0.0006914149567943481,7.400000000036284e-07,1,[75],[6229]
27,87,225,1248,0.0006922449567943521,8.300000000040697e-07,1,[75],[6260]
28,87,244,1270,0.0007686569969427804,0.0007686569969427804,1,[91],[6279]
29,87,244,1271,0.0007672887222333677,0.0007672887222333677,1,[91],[6279]
30,87,244,1271,0.0007679287222333708,6.400000000031381e-07,1,[91],[6256]
31,87,244,1271,0.0007684887222333736,5.600000000027458e-07,1,[91],[6309]
32,87,245,1271,0.0007668500056441293,0.0007668500056441293,1,[91],[6333]
33,87,245,1271,0.0007675400056441327,6.900000000033832e-07,1,[91],[6170]
34,87,245,1271,0.00076903000564414,1.4900000000073058e-06,1,[91],[6258]
35,87,254,1273,0.0007976774742822975,0.0007976774742822975,3,"[31, 36, 57]","[3390, 471, 2395]"
36,87,255,1272,0.0007972906348966131,0.0007972906348966131,4,"[31, 35, 36, 57]","[5302, 1, 907, 86]"
37,87,255,1273,0.0007966921177536548,0.0007966921177536548,5,"[31, 35, 36, 57, 70]","[5540, 37, 501, 193, 19]"
38,87,255,1273,0.0007971221177536569,4.300000000021084e-07,5,"[31, 35, 36, 57, 70]","[5272, 29, 1035, 7, 5]"
39,87,255,1273,0.0007975021177536588,3.800000000018632e-07,4,"[31, 35, 36, 70]","[4658, 15, 1486, 1]"
40,87,255,1273,0.0007979821177536611,4.800000000023535e-07,4,"[31, 35, 36, 70]","[4199, 9, 2000, 1]"
41,87,256,1273,0.0007962091367697622,0.0007962091367697622,5,"[31, 35, 36, 70, 71]","[5059, 1217, 9, 72, 3]"
42,87,256,1273,0.0007965991367697641,3.9000000000191225e-07,5,"[31, 35, 36, 70, 71]","[4851, 1329, 25, 25, 2]"
43,87,256,1273,0.0007969391367697657,3.400000000016671e-07,4,"[31, 35, 36, 70]","[4827, 1330, 54, 14]"
44,87,256,1273,0.0007973491367697678,4.100000000020103e-07,4,"[31, 35, 36, 70]","[4734, 1356, 117, 7]"
45,87,256,1274,0.0007969898210547977,0.0007969898210547977,5,"[31, 35, 36, 70, 71]","[4356, 1837, 2, 82, 5]"
46,87,257,1273,0.0007965519068816377,0.0007965519068816377,3,"[31, 35, 70]","[4985, 1259, 9]"
47,87,257,1273,0.0007972819068816412,7.300000000035793e-07,2,"[31, 35]","[4691, 1594]"
48,87,257,1274,0.0007966415177385089,0.0007966415177385089,3,"[31, 35, 70]","[5596, 720, 5]"
49,87,257,1274,0.0007975115177385132,8.700000000042658e-07,2,"[31, 35]","[5406, 818]"
50,87,258,1274,0.0007958685330298757,0.0007958685330298757,2,"[31, 35]","[6282, 1]"
51,87,258,1274,0.0007965285330298789,6.600000000032361e-07,1,[31],[6279]
52,87,258,1274,0.0007973085330298828,7.800000000038245e-07,2,"[31, 35]","[6242, 2]"
53,87,258,1275,0.0007963207557443885,0.0007963207557443885,1,[31],[6266]
54,87,259,1274,0.0007963176679603128,0.0007963176679603128,1,[31],[6264]
55,87,259,1275,0.0007952854451108203,0.0007952854451108203,1,[31],[6307]
56,87,259,1275,0.0007958854451108233,6.000000000029419e-07,1,[31],[6197]
57,87,259,1275,0.0007965654451108266,6.800000000033342e-07,1,[31],[6291]
58,87,259,1276,0.0007974849271289058,0.0007974849271289058,1,[31],[6270]
59,87,260,1275,0.0007982437620961167,0.0007982437620961167,1,[31],[6255]
60,87,260,1276,0.0007974068313868174,0.0007974068313868174,1,[31],[6259]
61,87,260,1276,0.0007980368313868205,6.30000000003089e-07,1,[31],[6262]
62,87,260,1276,0.0007987868313868242,7.500000000036774e-07,1,[31],[6261]
63,87,261,1276,0.0007987626128125727,0.0007987626128125727,1,[31],[6287]
64,87,261,1277,0.00079900577257033,0.00079900577257033,1,[31],[6313]
65,87,261,1277,0.0007998857725703343,8.800000000043148e-07,1,[31],[6237]
66,87,262,1277,0.000799913588980068,0.000799913588980068,1,[31],[6310]
67,87,262,1277,0.0008006635889800717,7.500000000036774e-07,1,[31],[6250]
68,87,262,1277,0.0008015135889800759,8.500000000041677e-07,1,[31],[6236]
69,87,262,1278,0.0008018155112750915,0.0008018155112750915,1,[31],[6255]
70,87,263,1277,0.0008036645158110791,0.0008036645158110791,1,[31],[6250]
71,87,263,1278,0.0008025041794996566,0.0008025041794996566,1,[31],[6297]
72,87,263,1278,0.0008032541794996602,7.500000000036774e-07,1,[31],[6233]
73,87,263,1278,0.0008040041794996639,7.500000000036774e-07,1,[31],[6268]
74,87,263,1278,0.000806054179499674,2.0500000000100516e-06,1,[31],[6206]
75,87,264,1278,0.0008048967439000976,0.0008048967439000976,2,"[6, 31]","[3, 6268]"
76,87,264,1278,0.0008059867439001029,1.0900000000053445e-06,2,"[6, 31]","[78, 6194]"
77,87,264,1279,0.0008059456727987868,0.0008059456727987868,2,"[6, 31]","[177, 6090]"
78,87,264,1279,0.0008077156727987955,1.7700000000086787e-06,2,"[6, 31]","[477, 5757]"
79,87,265,1261,0.0008235029734651033,0.0008235029734651033,3,"[6, 24, 25]","[3862, 393, 2024]"
80,87,265,1262,0.0008228241294488015,0.0008228241294488015,3,"[6, 24, 25]","[5401, 1, 920]"
81,87,265,1262,0.0008238841294488067,1.0600000000051974e-06,3,"[6, 24, 25]","[4234, 1, 1977]"
82,87,265,1263,0.0008220599764764079,0.0008220599764764079,2,"[6, 25]","[6317, 2]"
83,87,265,1263,0.0008232399764764136,1.1800000000057858e-06,2,"[6, 25]","[6182, 9]"
84,87,265,1264,0.0008212928732797386,0.0008212928732797386,1,[6],[6304]
85,87,265,1264,0.0008222628732797434,9.700000000047561e-07,1,[6],[6229]
86,87,265,1265,0.0008205442895186414,0.0008205442895186414,1,[6],[6266]
87,87,265,1265,0.0008215142895186461,9.700000000047561e-07,1,[6],[6251]
88,87,265,1266,0.0008199473352611369,0.0008199473352611369,2,"[6, 26]","[6247, 43]"
89,87,265,1266,0.0008218373352611462,1.890000000009267e-06,2,"[6, 26]","[6209, 1]"
90,87,265,1267,0.0008191465092897259,0.0008191465092897259,2,"[6, 26]","[4691, 1588]"
91,87,265,1267,0.000820796509289734,1.6500000000080903e-06,2,"[6, 26]","[5623, 601]"
92,87,265,1268,0.0008191137474942358,0.0008191137474942358,3,"[6, 26, 27]","[5569, 680, 1]"
93,87,265,1277,0.0008089675881242298,0.0008089675881242298,2,"[6, 31]","[6285, 30]"
94,87,265,1277,0.0008098475881242341,8.800000000043148e-07,1,[6],[6233]
95,87,265,1278,0.0008062191804174232,0.0008062191804174232,2,"[6, 31]","[4697, 1615]"
96,87,265,1278,0.0008067191804174257,5.000000000024516e-07,2,"[6, 31]","[5068, 1258]"
97,87,265,1278,0.0008070991804174276,3.800000000018632e-07,2,"[6, 31]","[5153, 1113]"
98,87,265,1278,0.0008074391804174292,3.400000000016671e-07,2,"[6, 31]","[5154, 1009]"
99,87,265,1278,0.0008077691804174308,3.3000000000161806e-07,2,"[6, 31]","[5269, 958]"
100,87,265,1278,0.0008081191804174326,3.500000000017161e-07,2,"[6, 31]","[5458, 766]"
101,87,265,1278,0.0008085391804174346,4.2000000000205935e-07,2,"[6, 31]","[5635, 624]"
102,87,265,1278,0.0008091791804174378,6.400000000031381e-07,2,"[6, 31]","[5916, 336]"
103,87,265,1279,0.0008058753941117721,0.0008058753941117721,2,"[6, 31]","[5305, 969]"
104,87,265,1279,0.0008063053941117742,4.300000000021084e-07,2,"[6, 31]","[5296, 999]"
105,87,265,1279,0.0008066453941117759,3.400000000016671e-07,2,"[6, 31]","[5028, 1196]"
106,87,265,1279,0.0008069853941117776,3.400000000016671e-07,2,"[6, 31]","[4730, 1574]"
107,87,265,1279,0.0008073453941117793,3.6000000000176516e-07,2,"[6, 31]","[4224, 2063]"
108,87,265,1279,0.0008078253941117817,4.800000000023535e-07,2,"[6, 31]","[3493, 2723]"
109,87,265,1279,0.000808915394111787,1.0900000000053445e-06,2,"[6, 31]","[2607, 3556]"
110,87,266,1256,0.000826898127293387,0.000826898127293387,1,[6],[6292]
111,87,266,1257,0.000825752584823553,0.000825752584823553,1,[6],[6328]
112,87,266,1257,0.0008264425848235564,6.900000000033832e-07,1,[6],[6239]
113,87,266,1258,0.0008248924929733051,0.0008248924929733051,1,[6],[6312]
114,87,266,1258,0.0008253824929733075,4.900000000024026e-07,1,[6],[6296]
115,87,266,1258,0.00082588249297331,5.000000000024516e-07,1,[6],[6182]
116,87,266,1259,0.0008242424540565379,0.0008242424540565379,2,"[6, 24]","[6284, 16]"
117,87,266,1259,0.0008247024540565402,4.600000000022555e-07,2,"[6, 24]","[6252, 6]"
118,87,266,1259,0.0008251224540565422,4.2000000000205935e-07,2,"[6, 24]","[6301, 2]"
119,87,266,1259,0.0008257524540565453,6.30000000003089e-07,1,[6],[6184]
120,87,266,1260,0.0008234968492724609,0.0008234968492724609,3,"[6, 24, 25]","[4814, 1468, 24]"
121,87,266,1260,0.000823926849272463,4.300000000021084e-07,3,"[6, 24, 25]","[5145, 1073, 8]"
122,87,266,1260,0.0008242968492724648,3.700000000018142e-07,3,"[6, 24, 25]","[5485, 766, 4]"
123,87,266,1260,0.000824736849272467,4.400000000021574e-07,3,"[6, 24, 25]","[5710, 520, 5]"
124,87,266,1261,0.0008228753029044237,0.0008228753029044237,3,"[6, 24, 25]","[4555, 392, 1367]"
125,87,266,1261,0.0008232653029044256,3.9000000000191225e-07,3,"[6, 24, 25]","[4495, 545, 1177]"
126,87,266,1261,0.0008235853029044272,3.2000000000156903e-07,3,"[6, 24, 25]","[4576, 710, 975]"
127,87,266,1261,0.0008239353029044289,3.500000000017161e-07,3,"[6, 24, 25]","[4682, 853, 800]"
128,87,266,1261,0.0008244253029044313,4.900000000024026e-07,3,"[6, 24, 25]","[4699, 914, 573]"
129,87,266,1262,0.000822383326182562,0.000822383326182562,3,"[6, 24, 25]","[5832, 1, 470]"
130,87,266,1262,0.0008228433261825642,4.600000000022555e-07,3,"[6, 24, 25]","[5412, 2, 929]"
131,87,266,1262,0.0008232433261825662,4.000000000019613e-07,3,"[6, 24, 25]","[4985, 4, 1182]"
132,87,266,1262,0.000823823326182569,5.800000000028439e-07,3,"[6, 24, 25]","[4642, 12, 1596]"
133,87,266,1263,0.000821820608565005,0.000821820608565005,2,"[6, 25]","[6315, 1]"
134,87,266,1263,0.000822420608565008,6.000000000029419e-07,2,"[6, 25]","[6241, 5]"
135,87,266,1263,0.0008234206085650129,1.0000000000049032e-06,2,"[6, 25]","[6175, 18]"
136,87,266,1264,0.0008210925519118458,0.0008210925519118458,1,[6],[6317]
137,87,266,1264,0.0008217225519118489,6.30000000003089e-07,1,[6],[6199]
138,87,266,1265,0.0008202935141479286,0.0008202935141479286,1,[6],[6252]
139,87,266,1265,0.0008208935141479315,6.000000000029419e-07,1,[6],[6286]
140,87,266,1265,0.0008218835141479364,9.900000000048542e-07,1,[6],[6221]
141,87,266,1266,0.000819472635762566,0.000819472635762566,2,"[6, 26]","[6221, 90]"
142,87,266,1266,0.0008200026357625686,5.300000000025987e-07,2,"[6, 26]","[6255, 8]"
143,87,266,1266,0.0008205926357625715,5.900000000028929e-07,2,"[6, 26]","[6227, 2]"
144,87,266,1267,0.0008184690628939781,0.0008184690628939781,2,"[6, 26]","[4450, 1828]"
145,87,266,1267,0.0008189090628939802,4.400000000021574e-07,2,"[6, 26]","[4889, 1388]"
146,87,266,1267,0.0008192890628939821,3.800000000018632e-07,2,"[6, 26]","[5303, 1011]"
147,87,266,1267,0.0008197190628939842,4.300000000021084e-07,2,"[6, 26]","[5408, 741]"
148,87,266,1268,0.0008177879106992782,0.0008177879106992782,3,"[6, 26, 27]","[6073, 177, 13]"
149,87,266,1268,0.0008182179106992803,4.300000000021084e-07,2,"[6, 26]","[6051, 312]"
150,87,266,1268,0.000818567910699282,3.500000000017161e-07,3,"[6, 26, 27]","[5696, 431, 1]"
151,87,266,1268,0.0008189579106992839,3.9000000000191225e-07,2,"[6, 26]","[5802, 552]"
152,87,266,1268,0.000819577910699287,6.2000000000304e-07,2,"[6, 26]","[5420, 728]"
153,87,266,1269,0.0008168088057478526,0.0008168088057478526,2,"[6, 27]","[4403, 1866]"
154,87,266,1269,0.0008172288057478546,4.2000000000205935e-07,2,"[6, 27]","[5221, 1056]"
155,87,266,1269,0.0008175788057478564,3.500000000017161e-07,2,"[6, 27]","[5628, 644]"
156,87,266,1269,0.0008179288057478581,3.500000000017161e-07,3,"[6, 26, 27]","[5826, 1, 358]"
157,87,266,1269,0.0008184088057478604,4.800000000023535e-07,2,"[6, 27]","[6089, 178]"
158,87,266,1270,0.0008160381072607068,0.0008160381072607068,2,"[6, 27]","[5662, 678]"
159,87,266,1270,0.0008164281072607087,3.9000000000191225e-07,2,"[6, 27]","[5348, 916]"
160,87,266,1270,0.0008167381072607102,3.1000000000152e-07,2,"[6, 27]","[5239, 1096]"
161,87,266,1270,0.0008170281072607116,2.9000000000142193e-07,2,"[6, 27]","[4923, 1207]"
162,87,266,1270,0.0008173581072607132,3.3000000000161806e-07,2,"[6, 27]","[5050, 1236]"
163,87,266,1270,0.0008179081072607159,5.500000000026968e-07,2,"[6, 27]","[4993, 1196]"
164,87,266,1271,0.0008152475675103952,0.0008152475675103952,1,[6],[6295]
165,87,266,1271,0.0008157175675103975,4.700000000023045e-07,2,"[6, 27]","[6278, 4]"
166,87,266,1271,0.0008161375675103996,4.2000000000205935e-07,2,"[6, 27]","[6227, 6]"
167,87,266,1271,0.000816637567510402,5.000000000024516e-07,2,"[6, 27]","[6244, 23]"
168,87,266,1272,0.0008143599146346886,0.0008143599146346886,1,[6],[6356]
169,87,266,1272,0.000814859914634691,5.000000000024516e-07,1,[6],[6173]
170,87,266,1272,0.0008153799146346936,5.200000000025497e-07,1,[6],[6284]
171,87,266,1272,0.0008163399146346983,9.60000000004707e-07,1,[6],[6207]
172,87,266,1273,0.000813436347889214,0.000813436347889214,1,[6],[6355]
173,87,266,1273,0.0008139363478892165,5.000000000024516e-07,1,[6],[6225]
174,87,266,1273,0.0008144363478892189,5.000000000024516e-07,1,[6],[6188]
175,87,266,1273,0.0008158263478892257,1.3900000000068155e-06,1,[6],[6234]
176,87,266,1274,0.0008123857694242015,0.0008123857694242015,2,"[6, 28]","[6041, 229]"
177,87,266,1274,0.0008128557694242038,4.700000000023045e-07,2,"[6, 28]","[6267, 77]"
178,87,266,1274,0.0008132657694242059,4.100000000020103e-07,2,"[6, 28]","[6169, 28]"
179,87,266,1274,0.0008137757694242084,5.100000000025006e-07,2,"[6, 28]","[6184, 6]"
180,87,266,1275,0.0008113054422802274,0.0008113054422802274,2,"[6, 28]","[5879, 412]"
181,87,266,1275,0.0008117354422802295,4.300000000021084e-07,2,"[6, 28]","[5657, 659]"
182,87,266,1275,0.0008120554422802311,3.2000000000156903e-07,2,"[6, 28]","[5445, 699]"
183,87,266,1275,0.0008123754422802327,3.2000000000156903e-07,2,"[6, 28]","[5598, 726]"
184,87,266,1275,0.0008127554422802345,3.800000000018632e-07,2,"[6, 28]","[5608, 661]"
185,87,266,1275,0.0008134854422802381,7.300000000035793e-07,2,"[6, 28]","[5635, 524]"
186,87,266,1276,0.0008100306344633645,0.0008100306344633645,2,"[6, 28]","[6277, 1]"
187,87,266,1276,0.0008104706344633667,4.400000000021574e-07,2,"[6, 28]","[6392, 4]"
188,87,266,1276,0.0008108006344633683,3.3000000000161806e-07,2,"[6, 28]","[6161, 17]"
189,87,266,1276,0.0008111206344633699,3.2000000000156903e-07,2,"[6, 28]","[6308, 19]"
190,87,266,1276,0.0008114506344633715,3.3000000000161806e-07,2,"[6, 28]","[6060, 27]"
191,87,266,1276,0.0008118906344633737,4.400000000021574e-07,2,"[6, 28]","[6159, 89]"
192,87,266,1277,0.0008086767181081874,0.0008086767181081874,1,[6],[6300]
193,87,266,1277,0.0008091467181081897,4.700000000023045e-07,1,[6],[6281]
194,87,266,1277,0.0008095067181081915,3.6000000000176516e-07,1,[6],[6317]
195,87,266,1277,0.000809816718108193,3.1000000000152e-07,1,[6],[6112]
196,87,266,1277,0.0008101567181081947,3.400000000016671e-07,1,[6],[6251]
197,87,266,1277,0.0008105767181081967,4.2000000000205935e-07,1,[6],[6290]
198,87,266,1277,0.0008114267181082009,8.500000000041677e-07,1,[6],[6228]
199,87,266,1278,0.0008070081679136562,0.0008070081679136562,2,"[6, 31]","[6217, 49]"
200,87,266,1278,0.0008075981679136591,5.900000000028929e-07,2,"[6, 31]","[6194, 82]"
201,87,266,1278,0.0008080581679136613,4.600000000022555e-07,2,"[6, 31]","[6187, 95]"
202,87,266,1278,0.0008084881679136634,4.300000000021084e-07,2,"[6, 31]","[6213, 75]"
203,87,266,1278,0.0008089781679136658,4.900000000024026e-07,2,"[6, 31]","[6199, 45]"
204,87,266,1278,0.0008098381679136701,8.600000000042168e-07,2,"[6, 31]","[6156, 17]"
205,87,266,1279,0.0008068005531059955,0.0008068005531059955,2,"[6, 31]","[6194, 70]"
206,87,266,1279,0.0008081105531060019,1.3100000000064232e-06,2,"[6, 31]","[5749, 493]"
207,87,267,1250,0.0008332133314300217,0.0008332133314300217,2,"[6, 23]","[6256, 1]"
208,87,267,1251,0.0008310898367450962,0.0008310898367450962,4,"[6, 23, 128, 129]","[5945, 297, 34, 1]"
209,87,267,1251,0.0008328098367451046,1.7200000000084335e-06,2,"[6, 23]","[6195, 28]"
210,87,267,1252,0.0008296790967690071,0.0008296790967690071,4,"[6, 23, 128, 129]","[5606, 452, 271, 3]"
211,87,267,1252,0.0008302290967690098,5.500000000026968e-07,4,"[6, 23, 128, 129]","[5288, 750, 230, 4]"
212,87,267,1252,0.000830869096769013,6.400000000031381e-07,4,"[6, 23, 128, 129]","[5172, 868, 148, 1]"
213,87,267,1253,0.000828731225837636,0.000828731225837636,3,"[6, 23, 128]","[6283, 2, 4]"
214,87,267,1253,0.0008292212258376384,4.900000000024026e-07,3,"[6, 23, 128]","[6225, 9, 19]"
215,87,267,1253,0.0008297312258376409,5.100000000025006e-07,3,"[6, 23, 128]","[6235, 34, 36]"
216,87,267,1253,0.0008307812258376461,1.0500000000051484e-06,4,"[6, 23, 128, 129]","[5945, 148, 65, 1]"
217,87,267,1254,0.0008278239480425691,0.0008278239480425691,1,[6],[6270]
218,87,267,1254,0.0008283039480425715,4.800000000023535e-07,1,[6],[6341]
219,87,267,1254,0.0008287339480425736,4.300000000021084e-07,1,[6],[6277]
220,87,267,1254,0.0008293339480425765,6.000000000029419e-07,1,[6],[6116]
221,87,267,1255,0.0008270825077493652,0.0008270825077493652,1,[6],[6308]
222,87,267,1255,0.0008276025077493677,5.200000000025497e-07,1,[6],[6279]
223,87,267,1255,0.0008281025077493702,5.000000000024516e-07,1,[6],[6266]
224,87,267,1256,0.000826485191772749,0.000826485191772749,1,[6],[6328]
225,87,267,1256,0.0008270551917727518,5.700000000027948e-07,1,[6],[6198]
226,87,267,1256,0.0008278551917727557,8.000000000039226e-07,1,[6],[6226]
227,87,267,1257,0.0008260592447461556,0.0008260592447461556,1,[6],[6298]
228,87,267,1257,0.0008270892447461607,1.0300000000050503e-06,1,[6],[6204]
229,87,267,1258,0.0008258400060321658,0.0008258400060321658,2,"[6, 59]","[6277, 1]"
230,87,267,1270,0.0008171899945928615,0.0008171899945928615,2,"[6, 27]","[5133, 1138]"
231,87,267,1271,0.0008159684039762143,0.0008159684039762143,2,"[6, 27]","[6256, 3]"
232,87,267,1272,0.0008148023418879843,0.0008148023418879843,1,[6],[6286]
233,87,267,1272,0.0008161323418879908,1.3300000000065213e-06,1,[6],[6228]
234,87,267,1273,0.0008137534073524302,0.0008137534073524302,1,[6],[6325]
235,87,267,1273,0.0008145734073524342,8.200000000040206e-07,1,[6],[6207]
236,87,267,1274,0.0008128211776086593,0.0008128211776086593,2,"[6, 28]","[6166, 97]"
237,87,267,1274,0.0008135611776086629,7.400000000036284e-07,2,"[6, 28]","[6285, 14]"
238,87,267,1275,0.0008121264957968431,0.0008121264957968431,2,"[6, 28]","[5543, 727]"
239,87,267,1275,0.0008132564957968486,1.1300000000055406e-06,2,"[6, 28]","[5618, 612]"
240,87,267,1276,0.0008133724512146919,0.0008133724512146919,2,"[6, 28]","[6090, 161]"
241,87,268,1245,0.0008375562178382933,0.0008375562178382933,1,[6],[6251]
242,87,268,1246,0.0008362680432592211,0.0008362680432592211,1,[6],[6313]
243,87,268,1246,0.0008373980432592267,1.1300000000055406e-06,1,[6],[6199]
244,87,268,1247,0.0008350856687008001,0.0008350856687008001,1,[6],[6280]
245,87,268,1247,0.0008358456687008038,7.600000000037264e-07,1,[6],[6257]
246,87,268,1248,0.0008339393142554122,0.0008339393142554122,1,[6],[6292]
247,87,268,1248,0.0008345593142554152,6.2000000000304e-07,1,[6],[6268]
248,87,268,1248,0.000835329314255419,7.700000000037755e-07,1,[6],[6192]
249,87,268,1249,0.0008329186428851365,0.0008329186428851365,1,[6],[6324]
250,87,268,1249,0.0008335086428851394,5.900000000028929e-07,1,[6],[6269]
251,87,268,1249,0.0008341586428851426,6.500000000031871e-07,1,[6],[6182]
252,87,268,1250,0.000831871296923048,0.000831871296923048,2,"[6, 23]","[6294, 1]"
253,87,268,1250,0.0008324712969230509,6.000000000029419e-07,1,[6],[6245]
254,87,268,1250,0.0008331412969230542,6.700000000032852e-07,1,[6],[6216]
255,87,268,1251,0.0008309297749539305,0.0008309297749539305,4,"[6, 23, 128, 129]","[6103, 196, 7, 1]"
256,87,268,1251,0.0008316097749539338,6.800000000033342e-07,2,"[6, 23]","[6240, 42]"
257,87,268,1251,0.0008327597749539394,1.1500000000056387e-06,2,"[6, 23]","[6171, 2]"
258,87,268,1252,0.0008300780018603093,0.0008300780018603093,3,"[6, 23, 128]","[5496, 682, 83]"
259,87,268,1252,0.0008309880018603137,9.100000000044619e-07,3,"[6, 23, 128]","[5398, 811, 35]"
260,87,268,1253,0.0008298411801420768,0.0008298411801420768,3,"[6, 23, 128]","[6200, 45, 8]"
261,87,269,1240,0.0008415272614948309,0.0008415272614948309,1,[6],[6291]
262,87,269,1241,0.0008402694302131107,0.0008402694302131107,1,[6],[6280]
263,87,269,1241,0.0008413094302131158,1.0400000000050993e-06,1,[6],[6248]
264,87,269,1242,0.0008392531394181866,0.0008392531394181866,1,[6],[6314]
265,87,269,1242,0.0008398631394181896,6.10000000002991e-07,1,[6],[6248]
266,87,269,1242,0.0008408231394181943,9.60000000004707e-07,1,[6],[6220]
267,87,269,1243,0.0008382941254535613,0.0008382941254535613,1,[6],[6325]
268,87,269,1243,0.0008387841254535637,4.900000000024026e-07,1,[6],[6182]
269,87,269,1243,0.000839254125453566,4.700000000023045e-07,1,[6],[6314]
270,87,269,1243,0.00084006412545357,8.100000000039716e-07,1,[6],[6181]
271,87,269,1244,0.0008374731586120158,0.0008374731586120158,1,[6],[6343]
272,87,269,1244,0.0008379431586120181,4.700000000023045e-07,1,[6],[6275]
273,87,269,1244,0.0008383731586120202,4.300000000021084e-07,1,[6],[6228]
274,87,269,1244,0.0008389531586120231,5.800000000028439e-07,1,[6],[6178]
275,87,269,1245,0.0008367317296339267,0.0008367317296339267,1,[6],[6331]
276,87,269,1245,0.0008372417296339292,5.100000000025006e-07,1,[6],[6268]
277,87,269,1245,0.0008377417296339316,5.000000000024516e-07,1,[6],[6225]
278,87,269,1245,0.0008389617296339376,1.220000000005982e-06,1,[6],[6183]
279,87,269,1246,0.0008361749259700109,0.0008361749259700109,1,[6],[6327]
280,87,269,1246,0.0008368349259700142,6.600000000032361e-07,1,[6],[6224]
281,87,269,1247,0.0008357636409570482,0.0008357636409570482,1,[6],[6282]
282,87,270,1235,0.0008453226269990944,0.0008453226269990944,1,[6],[6250]
283,87,270,1236,0.0008441035322506285,0.0008441035322506285,1,[6],[6257]
284,87,270,1236,0.0008449135322506324,8.100000000039716e-07,1,[6],[6289]
285,87,270,1237,0.0008431024125897778,0.0008431024125897778,1,[6],[6279]
286,87,270,1237,0.0008437024125897807,6.000000000029419e-07,1,[6],[6328]
287,87,270,1237,0.0008444624125897844,7.600000000037264e-07,1,[6],[6165]
288,87,270,1238,0.0008422305370143643,0.0008422305370143643,1,[6],[6299]
289,87,270,1238,0.000842780537014367,5.500000000026968e-07,1,[6],[6262]
290,87,270,1238,0.00084338053701437,6.000000000029419e-07,1,[6],[6234]
291,87,270,1239,0.0008414920767442545,0.0008414920767442545,1,[6],[6326]
292,87,270,1239,0.000842002076744257,5.100000000025006e-07,1,[6],[6291]
293,87,270,1239,0.0008425620767442598,5.600000000027458e-07,1,[6],[6198]
294,87,270,1240,0.0008408451613524825,0.0008408451613524825,1,[6],[6256]
295,87,270,1240,0.0008414451613524854,6.000000000029419e-07,1,[6],[6315]
296,87,270,1240,0.0008422851613524895,8.400000000041187e-07,1,[6],[6204]
297,87,270,1241,0.0008402980136257896,0.0008402980136257896,1,[6],[6320]
298,87,270,1241,0.0008411180136257936,8.200000000040206e-07,1,[6],[6193]
299,87,270,1242,0.0008399686384022691,0.0008399686384022691,1,[6],[6256]
300,87,271,1229,0.0008510510750400976,0.0008510510750400976,3,"[6, 19, 20]","[4879, 858, 550]"
301,87,271,1230,0.0008497335871011804,0.0008497335871011804,3,"[6, 20, 21]","[5468, 785, 18]"
302,87,271,1230,0.0008507535871011854,1.0200000000050013e-06,3,"[6, 19, 20]","[5130, 17, 1120]"
303,87,271,1231,0.000848415367770787,0.000848415367770787,2,"[6, 21]","[4932, 1421]"
304,87,271,1231,0.0008490753677707902,6.600000000032361e-07,3,"[6, 20, 21]","[5274, 7, 936]"
305,87,271,1231,0.0008501053677707952,1.0300000000050503e-06,3,"[6, 20, 21]","[5729, 25, 428]"
306,87,271,1232,0.0008474032253134241,0.0008474032253134241,3,"[6, 21, 22]","[5765, 176, 341]"
307,87,271,1232,0.0008479432253134268,5.400000000026477e-07,3,"[6, 21, 22]","[5637, 524, 72]"
308,87,271,1232,0.0008484632253134293,5.200000000025497e-07,3,"[6, 21, 22]","[5400, 827, 27]"
309,87,271,1232,0.0008495332253134345,1.0700000000052464e-06,3,"[6, 21, 22]","[5080, 1162, 9]"
310,87,271,1233,0.0008463918508761689,0.0008463918508761689,2,"[6, 22]","[5303, 1002]"
311,87,271,1233,0.0008468418508761711,4.5000000000220645e-07,2,"[6, 22]","[5040, 1243]"
312,87,271,1233,0.0008472518508761732,4.100000000020103e-07,2,"[6, 22]","[4973, 1218]"
313,87,271,1233,0.0008477818508761758,5.300000000025987e-07,3,"[6, 21, 22]","[5022, 7, 1215]"
314,87,271,1234,0.0008456919533565516,0.0008456919533565516,2,"[6, 22]","[6314, 17]"
315,87,271,1234,0.0008462319533565542,5.400000000026477e-07,2,"[6, 22]","[6158, 78]"
316,87,271,1234,0.000846811953356557,5.800000000028439e-07,2,"[6, 22]","[5982, 219]"
317,87,271,1235,0.0008449848014606308,0.0008449848014606308,1,[6],[6296]
318,87,271,1235,0.0008456448014606341,6.600000000032361e-07,1,[6],[6270]
319,87,271,1235,0.0008476948014606441,2.0500000000100516e-06,1,[6],[6184]
320,87,271,1236,0.0008444218236305363,0.0008444218236305363,1,[6],[6299]
321,87,271,1236,0.0008456318236305422,1.2100000000059329e-06,1,[6],[6218]
322,87,271,1237,0.0008443134611059378,0.0008443134611059378,1,[6],[6269]
323,87,272,1224,0.0008557134400561566,0.0008557134400561566,2,"[6, 17]","[5943, 328]"
324,87,272,1225,0.0008542407122991673,0.0008542407122991673,4,"[6, 17, 18, 133]","[5316, 859, 106, 2]"
325,87,272,1225,0.0008549407122991707,7.000000000034323e-07,3,"[6, 17, 18]","[4949, 1302, 47]"
326,87,272,1226,0.0008530195428577572,0.0008530195428577572,4,"[6, 17, 18, 133]","[4720, 5, 1591, 1]"
327,87,272,1226,0.0008534695428577594,4.5000000000220645e-07,5,"[6, 17, 18, 133, 134]","[4133, 7, 2152, 19, 1]"
328,87,272,1226,0.0008538395428577612,3.700000000018142e-07,4,"[6, 17, 18, 133]","[3681, 37, 2523, 18]"
329,87,272,1226,0.0008542495428577633,4.100000000020103e-07,5,"[6, 17, 18, 133, 134]","[3427, 74, 2707, 20, 1]"
330,87,272,1226,0.0008548795428577663,6.30000000003089e-07,5,"[6, 17, 18, 133, 134]","[3010, 145, 2951, 35, 2]"
331,87,272,1227,0.0008521647929100191,0.0008521647929100191,3,"[6, 18, 19]","[6190, 134, 3]"
332,87,272,1227,0.0008526447929100214,4.800000000023535e-07,3,"[6, 18, 133]","[5746, 444, 1]"
333,87,272,1227,0.0008530547929100235,4.100000000020103e-07,3,"[6, 18, 133]","[5284, 1004, 3]"
334,87,272,1227,0.0008534847929100256,4.300000000021084e-07,3,"[6, 18, 133]","[4316, 1972, 10]"
335,87,272,1227,0.0008540347929100283,5.500000000026968e-07,4,"[6, 18, 133, 134]","[2958, 3173, 29, 1]"
336,87,272,1228,0.0008511998387714198,0.0008511998387714198,3,"[6, 19, 20]","[5534, 716, 1]"
337,87,272,1228,0.0008516898387714222,4.900000000024026e-07,2,"[6, 19]","[5594, 694]"
338,87,272,1228,0.0008521398387714244,4.5000000000220645e-07,2,"[6, 19]","[5723, 589]"
339,87,272,1228,0.0008527498387714274,6.10000000002991e-07,3,"[6, 18, 19]","[5705, 7, 451]"
340,87,272,1229,0.0008504309281775352,0.0008504309281775352,3,"[6, 19, 20]","[5145, 484, 650]"
341,87,272,1229,0.0008509509281775377,5.200000000025497e-07,3,"[6, 19, 20]","[4709, 1384, 150]"
342,87,272,1229,0.0008513809281775398,4.300000000021084e-07,3,"[6, 19, 20]","[4056, 2225, 47]"
343,87,272,1229,0.0008518709281775422,4.900000000024026e-07,3,"[6, 19, 20]","[3258, 2964, 15]"
344,87,272,1230,0.0008497081790545587,0.0008497081790545587,3,"[6, 20, 21]","[5358, 906, 11]"
345,87,272,1230,0.0008504481790545624,7.400000000036284e-07,4,"[6, 19, 20, 21]","[5054, 21, 1217, 1]"
346,87,272,1231,0.000849073592141245,0.000849073592141245,3,"[6, 20, 21]","[5048, 11, 1207]"
347,87,272,1232,0.0008487862582937828,0.0008487862582937828,3,"[6, 21, 22]","[5171, 1053, 46]"
348,87,273,1218,0.0008612344348885321,0.0008612344348885321,2,"[6, 16]","[5924, 326]"
349,87,273,1219,0.0008592780509298291,0.0008592780509298291,1,[6],[6269]
350,87,273,1220,0.0008582218423403978,0.0008582218423403978,1,[6],[6317]
351,87,273,1220,0.0008590218423404017,8.000000000039226e-07,1,[6],[6210]
352,87,273,1221,0.0008573447306086955,0.0008573447306086955,1,[6],[6274]
353,87,273,1221,0.0008579647306086986,6.2000000000304e-07,1,[6],[6325]
354,87,273,1221,0.0008589947306087036,1.0300000000050503e-06,1,[6],[6169]
355,87,273,1222,0.0008565822612957647,0.0008565822612957647,1,[6],[6353]
356,87,273,1222,0.0008571522612957675,5.700000000027948e-07,1,[6],[6175]
357,87,273,1222,0.000857872261295771,7.200000000035303e-07,1,[6],[6250]
358,87,273,1223,0.00085590276666237,0.00085590276666237,1,[6],[6253]
359,87,273,1223,0.0008565027666623729,6.000000000029419e-07,1,[6],[6259]
360,87,273,1223,0.0008575227666623779,1.0200000000050013e-06,1,[6],[6246]
361,87,273,1224,0.0008553621320654674,0.0008553621320654674,2,"[6, 17]","[6090, 211]"
362,87,273,1224,0.0008562521320654718,8.900000000043639e-07,2,"[6, 17]","[6162, 39]"
363,87,273,1225,0.0008545768521421042,0.0008545768521421042,4,"[6, 17, 18, 133]","[5217, 1040, 18, 1]"
364,87,273,1225,0.0008558068521421102,1.230000000006031e-06,2,"[6, 17]","[5011, 1234]"
365,87,273,1226,0.0008541508279077046,0.0008541508279077046,4,"[6, 17, 18, 133]","[5240, 74, 952, 5]"
366,87,274,1214,0.0008631682520357367,0.0008631682520357367,1,[6],[6289]
367,87,274,1215,0.0008619963293482558,0.0008619963293482558,1,[6],[6307]
368,87,274,1215,0.0008629063293482602,9.100000000044619e-07,1,[6],[6229]
369,87,274,1216,0.0008610707574252121,0.0008610707574252121,2,"[6, 16]","[6192, 138]"
370,87,274,1216,0.0008616907574252151,6.2000000000304e-07,2,"[6, 16]","[6167, 29]"
371,87,274,1216,0.0008628607574252209,1.1700000000057368e-06,2,"[6, 16]","[6215, 13]"
372,87,274,1217,0.0008601090527523411,0.0008601090527523411,2,"[6, 16]","[4338, 1951]"
373,87,274,1217,0.0008605790527523434,4.700000000023045e-07,2,"[6, 16]","[4340, 1996]"
374,87,274,1217,0.0008609990527523454,4.2000000000205935e-07,2,"[6, 16]","[4484, 1777]"
375,87,274,1217,0.0008616290527523485,6.30000000003089e-07,2,"[6, 16]","[4754, 1400]"
376,87,274,1218,0.0008596194389585915,0.0008596194389585915,2,"[6, 16]","[6050, 295]"
377,87,274,1218,0.0008601694389585942,5.500000000026968e-07,2,"[6, 16]","[5378, 782]"
378,87,274,1218,0.0008607994389585973,6.30000000003089e-07,2,"[6, 16]","[4948, 1300]"
379,87,274,1219,0.0008591037020261753,0.0008591037020261753,1,[6],[6303]
380,87,274,1219,0.0008599337020261794,8.300000000040697e-07,2,"[6, 16]","[6213, 1]"
381,87,274,1220,0.0008587603577160325,0.0008587603577160325,1,[6],[6266]
382,87,275,1209,0.0008671751970983295,0.0008671751970983295,1,[6],[6276]
383,87,275,1210,0.0008658422360831584,0.0008658422360831584,2,"[6, 15]","[6171, 138]"
384,87,275,1211,0.000864707052232313,0.000864707052232313,2,"[6, 15]","[4736, 1521]"
385,87,275,1211,0.0008653270522323161,6.2000000000304e-07,2,"[6, 15]","[5011, 1254]"
386,87,275,1211,0.0008664370522323215,1.1100000000054426e-06,2,"[6, 15]","[5405, 827]"
387,87,275,1212,0.0008640104757642874,0.0008640104757642874,2,"[6, 15]","[6244, 105]"
388,87,275,1212,0.0008645704757642901,5.600000000027458e-07,2,"[6, 15]","[5914, 237]"
389,87,275,1212,0.0008653304757642938,7.600000000037264e-07,2,"[6, 15]","[5855, 428]"
390,87,275,1213,0.0008633139140432247,0.0008633139140432247,1,[6],[6306]
391,87,275,1213,0.0008639139140432276,6.000000000029419e-07,1,[6],[6240]
392,87,275,1213,0.0008648539140432322,9.40000000004609e-07,1,[6],[6207]
393,87,275,1214,0.0008627652940669121,0.0008627652940669121,1,[6],[6304]
394,87,275,1214,0.000863545294066916,7.800000000038245e-07,1,[6],[6235]
395,87,275,1215,0.0008624138299295196,0.0008624138299295196,1,[6],[6253]
396,87,276,1203,0.0008717994763186288,0.0008717994763186288,2,"[6, 14]","[5126, 1129]"
397,87,276,1204,0.0008705632695084003,0.0008705632695084003,2,"[6, 14]","[6272, 10]"
398,87,276,1205,0.0008695470844440899,0.0008695470844440899,1,[6],[6311]
399,87,276,1205,0.0008704570844440943,9.100000000044619e-07,1,[6],[6201]
400,87,276,1206,0.0008686136709178972,0.0008686136709178972,1,[6],[6267]
401,87,276,1206,0.0008692736709179004,6.600000000032361e-07,1,[6],[6237]
402,87,276,1207,0.0008678409042124012,0.0008678409042124012,1,[6],[6263]
403,87,276,1207,0.0008684509042124042,6.10000000002991e-07,1,[6],[6270]
404,87,276,1207,0.000869430904212409,9.800000000048052e-07,1,[6],[6226]
405,87,276,1208,0.0008671176648941477,0.0008671176648941477,1,[6],[6334]
406,87,276,1208,0.0008677476648941508,6.30000000003089e-07,1,[6],[6178]
407,87,276,1208,0.0008689876648941569,1.24000000000608e-06,1,[6],[6248]
408,87,276,1209,0.0008664788990655158,0.0008664788990655158,1,[6],[6253]
409,87,276,1209,0.0008672588990655196,7.800000000038245e-07,1,[6],[6299]
410,87,276,1210,0.0008659868106364445,0.0008659868106364445,2,"[6, 15]","[6216, 72]"
411,87,276,1211,0.0008655746623034942,0.0008655746623034942,2,"[6, 15]","[4963, 1316]"
412,87,277,1198,0.0008756660871145817,0.0008756660871145817,1,[6],[6283]
413,87,277,1199,0.0008744049335098098,0.0008744049335098098,1,[6],[6296]
414,87,277,1199,0.0008756349335098158,1.230000000006031e-06,1,[6],[6222]
415,87,277,1200,0.0008734000751242155,0.0008734000751242155,1,[6],[6279]
416,87,277,1200,0.0008741400751242192,7.400000000036284e-07,1,[6],[6227]
417,87,277,1201,0.0008725061658579298,0.0008725061658579298,1,[6],[6252]
418,87,277,1201,0.0008731361658579329,6.30000000003089e-07,1,[6],[6342]
419,87,277,1201,0.0008741861658579381,1.0500000000051484e-06,1,[6],[6171]
420,87,277,1202,0.0008716813512621557,0.0008716813512621557,2,"[6, 14]","[5811, 501]"
421,87,277,1202,0.0008723013512621587,6.2000000000304e-07,2,"[6, 14]","[6049, 190]"
422,87,277,1202,0.0008732113512621632,9.100000000044619e-07,2,"[6, 14]","[6150, 69]"
423,87,277,1203,0.000870943996095034,0.000870943996095034,2,"[6, 14]","[5280, 1062]"
424,87,277,1203,0.0008715139960950368,5.700000000027948e-07,2,"[6, 14]","[4869, 1398]"
425,87,277,1203,0.0008723039960950407,7.900000000038735e-07,2,"[6, 14]","[4648, 1496]"
426,87,277,1204,0.0008704651526027635,0.0008704651526027635,2,"[6, 14]","[6254, 24]"
427,87,277,1204,0.0008715151526027686,1.0500000000051484e-06,2,"[6, 14]","[6100, 140]"
428,87,277,1205,0.0008700887537356234,0.0008700887537356234,1,[6],[6276]
429,87,278,1192,0.000881304404174235,0.000881304404174235,2,"[6, 13]","[6233, 22]"
430,87,278,1193,0.000879197558826064,0.000879197558826064,3,"[6, 13, 138]","[4541, 1749, 1]"
431,87,278,1193,0.000880237558826069,1.0400000000050993e-06,3,"[6, 13, 139]","[4932, 1281, 1]"
432,87,278,1194,0.000878307177744567,0.000878307177744567,2,"[6, 13]","[5850, 464]"
433,87,278,1194,0.0008789571777445702,6.500000000031871e-07,4,"[6, 13, 138, 139]","[5088, 1113, 1, 1]"
434,87,278,1194,0.0008800271777445755,1.0700000000052464e-06,4,"[6, 13, 138, 139]","[4164, 2082, 2, 1]"
435,87,278,1195,0.0008774399893735784,0.0008774399893735784,1,[6],[6251]
436,87,278,1195,0.0008780999893735817,6.600000000032361e-07,2,"[6, 13]","[6305, 5]"
437,87,278,1195,0.0008796999893735895,1.6000000000078451e-06,2,"[6, 13]","[6140, 49]"
438,87,278,1196,0.0008766062253287127,0.0008766062253287127,1,[6],[6280]
439,87,278,1196,0.0008772262253287157,6.2000000000304e-07,1,[6],[6233]
440,87,278,1196,0.0008781962253287205,9.700000000047561e-07,1,[6],[6260]
441,87,278,1197,0.0008758587506382221,0.0008758587506382221,1,[6],[6291]
442,87,278,1197,0.0008765187506382254,6.600000000032361e-07,1,[6],[6278]
443,87,278,1198,0.0008751845924888607,0.0008751845924888607,1,[6],[6311]
444,87,278,1198,0.0008760345924888649,8.500000000041677e-07,1,[6],[6216]
445,87,278,1199,0.0008747172628057314,0.0008747172628057314,1,[6],[6287]
446,87,278,1200,0.0008747641070321208,0.0008747641070321208,1,[6],[6266]
447,87,279,1187,0.0008847137858898613,0.0008847137858898613,2,"[6, 12]","[5459, 802]"
448,87,279,1188,0.0008834196823085062,0.0008834196823085062,2,"[6, 12]","[6255, 3]"
449,87,279,1189,0.0008823439942492225,0.0008823439942492225,1,[6],[6265]
450,87,279,1189,0.0008831339942492264,7.900000000038735e-07,1,[6],[6296]
451,87,279,1190,0.0008814338750163353,0.0008814338750163353,1,[6],[6259]
452,87,279,1190,0.0008820638750163383,6.30000000003089e-07,1,[6],[6259]
453,87,279,1190,0.0008831038750163434,1.0400000000050993e-06,1,[6],[6245]
454,87,279,1191,0.00088065127768925,0.00088065127768925,1,[6],[6276]
455,87,279,1191,0.0008812812776892531,6.30000000003089e-07,1,[6],[6305]
456,87,279,1191,0.0008822412776892578,9.60000000004707e-07,1,[6],[6170]
457,87,279,1192,0.0008799632898035632,0.0008799632898035632,2,"[6, 13]","[6302, 26]"
458,87,279,1192,0.0008806432898035665,6.800000000033342e-07,2,"[6, 13]","[6180, 1]"
459,87,279,1193,0.000879100120282665,0.000879100120282665,3,"[6, 13, 139]","[3998, 2310, 1]"
460,87,279,1193,0.0008797801202826683,6.800000000033342e-07,4,"[6, 13, 138, 139]","[4589, 1611, 1, 1]"
461,87,279,1194,0.000878762762868208,0.000878762762868208,3,"[6, 13, 138]","[4483, 1821, 3]"
462,87,279,1194,0.0008797027628682126,9.40000000004609e-07,4,"[6, 13, 138, 139]","[3071, 3154, 2, 3]"
463,87,280,1182,0.0008882027057542874,0.0008882027057542874,4,"[6, 8, 9, 10]","[5519, 1, 680, 55]"
464,87,280,1183,0.0008866209566436504,0.0008866209566436504,3,"[6, 9, 10]","[3439, 1416, 1468]"
465,87,280,1183,0.0008871709566436531,5.500000000026968e-07,3,"[6, 9, 10]","[3332, 1467, 1438]"
466,87,280,1183,0.0008878609566436565,6.900000000033832e-07,3,"[6, 9, 10]","[3652, 1279, 1276]"
467,87,280,1184,0.0008860304094663958,0.0008860304094663958,4,"[6, 9, 10, 11]","[5263, 41, 466, 526]"
468,87,280,1184,0.0008865804094663985,5.500000000026968e-07,4,"[6, 9, 10, 11]","[4940, 98, 1082, 113]"
469,87,280,1184,0.0008871804094664014,6.000000000029419e-07,4,"[6, 9, 10, 11]","[4430, 134, 1636, 37]"
470,87,280,1185,0.0008851046238004401,0.0008851046238004401,3,"[6, 11, 12]","[3715, 2626, 3]"
471,87,280,1185,0.0008855546238004423,4.5000000000220645e-07,3,"[6, 10, 11]","[3804, 1, 2384]"
472,87,280,1185,0.0008859646238004443,4.100000000020103e-07,3,"[6, 10, 11]","[4151, 4, 2146]"
473,87,280,1185,0.0008865346238004471,5.700000000027948e-07,3,"[6, 10, 11]","[4428, 12, 1770]"
474,87,280,1186,0.0008845758619698497,0.0008845758619698497,3,"[6, 11, 12]","[5381, 151, 786]"
475,87,280,1186,0.0008851458619698525,5.700000000027948e-07,3,"[6, 11, 12]","[5499, 391, 322]"
476,87,280,1186,0.000885845861969856,7.000000000034323e-07,3,"[6, 11, 12]","[5420, 672, 163]"
477,87,280,1187,0.0008838876569186578,0.0008838876569186578,2,"[6, 12]","[5475, 842]"
478,87,280,1187,0.0008844676569186606,5.800000000028439e-07,2,"[6, 12]","[5116, 1144]"
479,87,280,1187,0.0008852576569186645,7.900000000038735e-07,3,"[6, 11, 12]","[4964, 1, 1210]"
480,87,280,1188,0.0008834422917362918,0.0008834422917362918,2,"[6, 12]","[6259, 8]"
481,87,280,1188,0.0008846422917362977,1.2000000000058839e-06,2,"[6, 12]","[6166, 69]"
482,87,280,1189,0.0008832237951920259,0.0008832237951920259,1,[6],[6279]
483,87,281,1177,0.000892704041479066,0.000892704041479066,1,[6],[6261]
484,87,281,1178,0.0008910226210021789,0.0008910226210021789,1,[6],[6280]
485,87,281,1179,0.0008899702415769737,0.0008899702415769737,2,"[6, 8]","[6255, 44]"
486,87,281,1179,0.0008907802415769777,8.100000000039716e-07,2,"[6, 8]","[6225, 1]"
487,87,281,1180,0.0008888686163449281,0.0008888686163449281,2,"[6, 8]","[4184, 2128]"
488,87,281,1180,0.0008894186163449308,5.500000000026968e-07,2,"[6, 8]","[4706, 1557]"
489,87,281,1180,0.0008900486163449339,6.30000000003089e-07,2,"[6, 8]","[5137, 1087]"
490,87,281,1181,0.000888253075185802,0.000888253075185802,2,"[6, 8]","[5569, 748]"
491,87,281,1181,0.0008887930751858047,5.400000000026477e-07,2,"[6, 8]","[4930, 1345]"
492,87,281,1181,0.0008893730751858075,5.800000000028439e-07,2,"[6, 8]","[4440, 1767]"
493,87,281,1182,0.0008876932399661778,0.0008876932399661778,4,"[6, 8, 9, 10]","[5950, 1, 338, 42]"
494,87,281,1182,0.0008885032399661818,8.100000000039716e-07,4,"[6, 8, 9, 10]","[6153, 9, 49, 4]"
495,87,281,1183,0.0008868502655106775,0.0008868502655106775,3,"[6, 9, 10]","[3360, 1306, 1613]"
496,87,281,1183,0.0008875302655106808,6.800000000033342e-07,3,"[6, 9, 10]","[3835, 1071, 1338]"
497,87,281,1184,0.0008867653556370345,0.0008867653556370345,4,"[6, 9, 10, 11]","[4382, 109, 1552, 230]"
498,87,281,1185,0.0008867207764120842,0.0008867207764120842,4,"[6, 10, 11, 12]","[3007, 27, 3219, 1]"
499,87,282,1173,0.0008952133679241666,0.0008952133679241666,1,[6],[6285]
500,87,282,1174,0.0008940828356305472,0.0008940828356305472,1,[6],[6293]
501,87,282,1174,0.0008949728356305516,8.900000000043639e-07,1,[6],[6253]
502,87,282,1175,0.0008931472466216438,0.0008931472466216438,1,[6],[6281]
503,87,282,1175,0.0008938172466216471,6.700000000032852e-07,1,[6],[6242]
504,87,282,1176,0.0008923485324799078,0.0008923485324799078,1,[6],[6271]
505,87,282,1176,0.000893008532479911,6.600000000032361e-07,1,[6],[6267]
506,87,282,1176,0.0008944985324799183,1.4900000000073058e-06,1,[6],[6217]
507,87,282,1177,0.0008916742184856579,0.0008916742184856579,1,[6],[6335]
508,87,282,1177,0.0008924442184856617,7.700000000037755e-07,1,[6],[6222]
509,87,282,1178,0.0008911526359840601,0.0008911526359840601,1,[6],[6275]
510,87,282,1179,0.0008911144175144374,0.0008911144175144374,2,"[6, 8]","[6243, 7]"
511,87,283,1168,0.0008993393831964327,0.0008993393831964327,2,"[6, 7]","[5031, 1224]"
512,87,283,1169,0.0008980872909061425,0.0008980872909061425,2,"[6, 7]","[5319, 1000]"
513,87,283,1169,0.000898797290906146,7.100000000034813e-07,2,"[6, 7]","[4887, 1320]"
514,87,283,1170,0.0008972686912217458,0.0008972686912217458,2,"[6, 7]","[6331, 1]"
515,87,283,1170,0.0008979486912217491,6.800000000033342e-07,2,"[6, 7]","[6159, 9]"
516,87,283,1171,0.0008964067298800183,0.0008964067298800183,1,[6],[6254]
517,87,283,1171,0.0008970567298800215,6.500000000031871e-07,1,[6],[6280]
518,87,283,1171,0.0008982667298800274,1.2100000000059329e-06,1,[6],[6235]
519,87,283,1172,0.0008957115925041883,0.0008957115925041883,1,[6],[6253]
520,87,283,1172,0.000896461592504192,7.500000000036774e-07,1,[6],[6312]
521,87,283,1173,0.000895128408310299,0.000895128408310299,1,[6],[6285]
522,87,283,1173,0.0008963284083103049,1.2000000000058839e-06,1,[6],[6239]
523,87,283,1174,0.0008948995457561744,0.0008948995457561744,1,[6],[6256]
524,87,284,1163,0.0009032070993502699,0.0009032070993502699,1,[6],[6270]
525,87,284,1164,0.0009021019799153637,0.0009021019799153637,1,[6],[6297]
526,87,284,1164,0.0009030719799153684,9.700000000047561e-07,1,[6],[6206]
527,87,284,1165,0.000901192519798012,0.000901192519798012,1,[6],[6289]
528,87,284,1165,0.0009018725197980154,6.800000000033342e-07,1,[6],[6221]
529,87,284,1166,0.0009003830936938478,0.0009003830936938478,1,[6],[6259]
530,87,284,1166,0.0009010230936938509,6.400000000031381e-07,1,[6],[6304]
531,87,284,1166,0.0009020830936938561,1.0600000000051974e-06,1,[6],[6194]
532,87,284,1167,0.000899730025681191,0.000899730025681191,2,"[6, 7]","[6247, 5]"
533,87,284,1167,0.0009004400256811944,7.100000000034813e-07,1,[6],[6308]
534,87,284,1168,0.0008991804091031337,0.0008991804091031337,2,"[6, 7]","[5183, 1077]"
535,87,284,1168,0.0009008904091031421,1.7100000000083845e-06,2,"[6, 7]","[6045, 197]"
536,87,284,1169,0.0008985235566126361,0.0008985235566126361,2,"[6, 7]","[4702, 1555]"
537,87,285,1158,0.000907094107149568,0.000907094107149568,1,[6],[6283]
538,87,285,1159,0.0009059544073112151,0.0009059544073112151,1,[6],[6255]
539,87,285,1159,0.0009069444073112199,9.900000000048542e-07,1,[6],[6264]
540,87,285,1160,0.0009050273102936831,0.0009050273102936831,1,[6],[6259]
541,87,285,1160,0.0009057373102936866,7.100000000034813e-07,1,[6],[6283]
542,87,285,1161,0.0009042399262377475,0.0009042399262377475,1,[6],[6318]
543,87,285,1161,0.0009048799262377506,6.400000000031381e-07,1,[6],[6253]
544,87,285,1161,0.0009059499262377558,1.0700000000052464e-06,1,[6],[6183]
545,87,285,1162,0.0009035421887097941,0.0009035421887097941,1,[6],[6288]
546,87,285,1162,0.0009042221887097975,6.800000000033342e-07,1,[6],[6250]
547,87,285,1163,0.0009029899967557662,0.0009029899967557662,1,[6],[6267]
548,87,285,1163,0.0009039799967557711,9.900000000048542e-07,1,[6],[6283]
549,87,285,1164,0.0009026482268085346,0.0009026482268085346,1,[6],[6284]
550,87,286,1154,0.0009092480110152666,0.0009092480110152666,2,"[1, 6]","[4343, 1995]"
551,87,286,1154,0.0009096280110152684,3.800000000018632e-07,2,"[1, 6]","[4870, 1370]"
552,87,286,1154,0.00090994801101527,3.2000000000156903e-07,2,"[1, 6]","[5182, 1112]"
553,87,286,1154,0.0009102680110152716,3.2000000000156903e-07,2,"[1, 6]","[5233, 911]"
554,87,286,1154,0.0009107480110152739,4.800000000023535e-07,2,"[1, 6]","[5553, 761]"
555,87,286,1155,0.000908715275400069,0.000908715275400069,2,"[1, 6]","[1358, 4937]"
556,87,286,1155,0.0009090852754000708,3.700000000018142e-07,2,"[1, 6]","[3088, 3281]"
557,87,286,1155,0.0009093452754000721,2.6000000000127484e-07,2,"[1, 6]","[3993, 2286]"
558,87,286,1155,0.0009095452754000731,2.0000000000098064e-07,2,"[1, 6]","[4474, 1711]"
559,87,286,1155,0.000909725275400074,1.8000000000088258e-07,2,"[1, 6]","[5035, 1349]"
560,87,286,1155,0.0009098852754000747,1.6000000000078451e-07,2,"[1, 6]","[5132, 978]"
561,87,286,1155,0.0009100452754000755,1.6000000000078451e-07,2,"[1, 6]","[5379, 852]"
562,87,286,1155,0.0009102052754000763,1.6000000000078451e-07,2,"[1, 6]","[5527, 632]"
563,87,286,1155,0.0009103852754000772,1.8000000000088258e-07,2,"[1, 6]","[5890, 557]"
564,87,286,1155,0.0009105952754000782,2.1000000000102968e-07,2,"[1, 6]","[5881, 390]"
565,87,286,1155,0.0009108652754000795,2.7000000000132387e-07,2,"[1, 6]","[5857, 273]"
566,87,286,1155,0.0009114752754000825,6.10000000002991e-07,2,"[1, 6]","[5963, 186]"
567,87,286,1156,0.0009080692876907306,0.0009080692876907306,2,"[1, 6]","[64, 6207]"
568,87,286,1156,0.0009086492876907334,5.800000000028439e-07,2,"[1, 6]","[735, 5587]"
569,87,286,1156,0.0009090892876907356,4.400000000021574e-07,2,"[1, 6]","[2585, 3706]"
570,87,286,1156,0.0009094192876907372,3.3000000000161806e-07,2,"[1, 6]","[4487, 1772]"
571,87,286,1156,0.0009096692876907384,2.500000000012258e-07,2,"[1, 6]","[5267, 899]"
572,87,286,1156,0.0009098892876907395,2.200000000010787e-07,2,"[1, 6]","[5923, 504]"
573,87,286,1156,0.0009100892876907405,2.0000000000098064e-07,2,"[1, 6]","[6001, 277]"
574,87,286,1156,0.0009102892876907415,2.0000000000098064e-07,2,"[1, 6]","[6054, 147]"
575,87,286,1156,0.0009105092876907425,2.200000000010787e-07,2,"[1, 6]","[6119, 77]"
576,87,286,1156,0.0009107792876907439,2.7000000000132387e-07,2,"[1, 6]","[6117, 46]"
577,87,286,1156,0.0009112692876907463,4.900000000024026e-07,2,"[1, 6]","[6186, 13]"
578,87,286,1157,0.0009073857158753184,0.0009073857158753184,2,"[1, 6]","[3, 6277]"
579,87,286,1157,0.0009080557158753216,6.700000000032852e-07,2,"[1, 6]","[83, 6139]"
580,87,286,1157,0.0009088257158753254,7.700000000037755e-07,2,"[1, 6]","[1703, 4568]"
581,87,286,1157,0.0009093357158753279,5.100000000025006e-07,2,"[1, 6]","[5354, 931]"
582,87,286,1157,0.0009096457158753294,3.1000000000152e-07,2,"[1, 6]","[6110, 197]"
583,87,286,1157,0.0009098957158753307,2.500000000012258e-07,2,"[1, 6]","[6089, 57]"
584,87,286,1157,0.0009101357158753318,2.4000000000117677e-07,2,"[1, 6]","[6310, 21]"
585,87,286,1157,0.0009103857158753331,2.500000000012258e-07,2,"[1, 6]","[6218, 4]"
586,87,286,1157,0.0009107157158753347,3.3000000000161806e-07,2,"[1, 6]","[6310, 4]"
587,87,286,1157,0.0009115457158753388,8.300000000040697e-07,1,[1],[6138]
588,87,286,1158,0.0009068075983946565,0.0009068075983946565,1,[6],[6295]
589,87,286,1158,0.0009077875983946613,9.800000000048052e-07,2,"[1, 6]","[41, 6192]"
590,87,286,1158,0.0009091075983946677,1.3200000000064722e-06,2,"[1, 6]","[4329, 1991]"
591,87,286,1158,0.0009095375983946698,4.300000000021084e-07,2,"[1, 6]","[6251, 21]"
592,87,286,1158,0.0009098575983946714,3.2000000000156903e-07,2,"[1, 6]","[6182, 5]"
593,87,286,1158,0.000910177598394673,3.2000000000156903e-07,2,"[1, 6]","[6311, 2]"
594,87,286,1158,0.0009105675983946749,3.9000000000191225e-07,1,[1],[6196]
595,87,286,1159,0.0009064732892379946,0.0009064732892379946,1,[6],[6278]
596,87,286,1159,0.0009089432892380068,2.470000000012111e-06,2,"[1, 6]","[2581, 3683]"
597,87,286,1159,0.0009095132892380096,5.700000000027948e-07,1,[1],[6314]
598,87,286,1159,0.0009099032892380115,3.9000000000191225e-07,1,[1],[6265]
599,87,286,1159,0.0009103232892380135,4.2000000000205935e-07,1,[1],[6215]
600,87,286,1159,0.0009112732892380182,9.500000000046581e-07,1,[1],[6165]
601,87,286,1160,0.0009084989674246801,0.0009084989674246801,2,"[1, 6]","[668, 5583]"
602,87,286,1160,0.0009094389674246847,9.40000000004609e-07,1,[1],[6253]
603,87,286,1160,0.0009099389674246871,5.000000000024516e-07,1,[1],[6361]
604,87,286,1160,0.0009105589674246902,6.2000000000304e-07,1,[1],[6198]
605,87,286,1161,0.0009092120941500339,0.0009092120941500339,2,"[1, 6]","[3654, 2623]"
606,87,286,1161,0.0009098920941500372,6.800000000033342e-07,1,[1],[6258]
607,87,286,1161,0.0009109520941500424,1.0600000000051974e-06,1,[1],[6231]
608,87,286,1162,0.0009095493115864179,0.0009095493115864179,2,"[1, 6]","[5328, 975]"
609,87,286,1162,0.0009105293115864227,9.800000000048052e-07,1,[1],[6211]
610,87,286,1163,0.0009099183061004978,0.0009099183061004978,2,"[1, 6]","[5996, 303]"
611,87,286,1164,0.000910600139428402,0.000910600139428402,2,"[1, 6]","[6174, 77]"
612,87,287,1154,0.0009095753959587297,0.0009095753959587297,2,"[1, 6]","[4820, 1470]"
613,87,287,1154,0.0009101653959587326,5.900000000028929e-07,2,"[1, 6]","[5284, 974]"
614,87,287,1154,0.0009112153959587377,1.0500000000051484e-06,2,"[1, 6]","[5568, 649]"
615,87,287,1155,0.0009092750954222495,0.0009092750954222495,2,"[1, 6]","[3741, 2612]"
616,87,287,1155,0.0009096850954222515,4.100000000020103e-07,2,"[1, 6]","[5024, 1175]"
617,87,287,1155,0.0009100250954222532,3.400000000016671e-07,2,"[1, 6]","[5569, 722]"
618,87,287,1155,0.0009103650954222548,3.400000000016671e-07,2,"[1, 6]","[5826, 467]"
619,87,287,1155,0.0009108250954222571,4.600000000022555e-07,2,"[1, 6]","[5852, 275]"
620,87,287,1156,0.0009094197859491699,0.0009094197859491699,2,"[1, 6]","[3990, 2295]"
621,87,287,1156,0.0009098997859491722,4.800000000023535e-07,2,"[1, 6]","[6017, 252]"
622,87,287,1156,0.0009102997859491742,4.000000000019613e-07,2,"[1, 6]","[6248, 83]"
623,87,287,1156,0.0009107797859491765,4.800000000023535e-07,2,"[1, 6]","[6107, 29]"
624,87,287,1157,0.0009093931362550478,0.0009093931362550478,2,"[1, 6]","[5283, 1053]"
625,87,287,1157,0.00090983313625505,4.400000000021574e-07,2,"[1, 6]","[6212, 15]"
626,87,287,1157,0.0009102031362550518,3.700000000018142e-07,2,"[1, 6]","[6313, 4]"
627,87,287,1157,0.000910653136255054,4.5000000000220645e-07,2,"[1, 6]","[6120, 1]"
628,87,287,1158,0.0009092945121109695,0.0009092945121109695,2,"[1, 6]","[6033, 249]"
629,87,287,1158,0.0009097045121109715,4.100000000020103e-07,2,"[1, 6]","[6384, 1]"
630,87,287,1158,0.0009100445121109731,3.400000000016671e-07,1,[1],[6190]
631,87,287,1158,0.000910434512110975,3.9000000000191225e-07,1,[1],[6235]
632,87,287,1158,0.0009113645121109796,9.3000000000456e-07,1,[1],[6161]
633,87,287,1159,0.0009091950012887793,0.0009091950012887793,2,"[1, 6]","[6255, 79]"
634,87,287,1159,0.0009095650012887811,3.700000000018142e-07,1,[1],[6176]
635,87,287,1159,0.0009098750012887827,3.1000000000152e-07,1,[1],[6374]
636,87,287,1159,0.0009101750012887841,3.0000000000147097e-07,1,[1],[6184]
637,87,287,1159,0.0009105950012887862,4.2000000000205935e-07,1,[1],[6254]
638,87,287,1160,0.0009090954780211036,0.0009090954780211036,2,"[1, 6]","[6377, 13]"
639,87,287,1160,0.0009094454780211053,3.500000000017161e-07,1,[1],[6324]
640,87,287,1160,0.0009097154780211066,2.7000000000132387e-07,1,[1],[6087]
641,87,287,1160,0.0009099854780211079,2.7000000000132387e-07,1,[1],[6261]
642,87,287,1160,0.0009102854780211094,3.0000000000147097e-07,1,[1],[6251]
643,87,287,1160,0.0009107554780211117,4.700000000023045e-07,1,[1],[6227]
644,87,287,1161,0.0009090290806317606,0.0009090290806317606,1,[1],[6358]
645,87,287,1161,0.0009093690806317623,3.400000000016671e-07,1,[1],[6227]
646,87,287,1161,0.0009096390806317636,2.7000000000132387e-07,1,[1],[6297]
647,87,287,1161,0.0009098790806317648,2.4000000000117677e-07,1,[1],[6224]
648,87,287,1161,0.0009101490806317661,2.7000000000132387e-07,1,[1],[6174]
649,87,287,1161,0.0009105190806317679,3.700000000018142e-07,1,[1],[6354]
650,87,287,1162,0.000908992628561809,0.000908992628561809,2,"[1, 6]","[6368, 1]"
651,87,287,1162,0.0009093326285618107,3.400000000016671e-07,1,[1],[6206]
652,87,287,1162,0.000909602628561812,2.7000000000132387e-07,1,[1],[6398]
653,87,287,1162,0.0009098426285618132,2.4000000000117677e-07,1,[1],[6162]
654,87,287,1162,0.0009101126285618145,2.7000000000132387e-07,1,[1],[6209]
655,87,287,1162,0.0009104726285618163,3.6000000000176516e-07,1,[1],[6228]
656,87,287,1163,0.0009089733727798293,0.0009089733727798293,1,[1],[6295]
657,87,287,1163,0.000909313372779831,3.400000000016671e-07,1,[1],[6361]
658,87,287,1163,0.0009095733727798323,2.6000000000127484e-07,1,[1],[6177]
659,87,287,1163,0.0009098233727798335,2.500000000012258e-07,1,[1],[6377]
660,87,287,1163,0.0009100833727798348,2.6000000000127484e-07,1,[1],[6173]
661,87,287,1163,0.0009104233727798365,3.400000000016671e-07,1,[1],[6136]
662,87,287,1164,0.0009089977804260901,0.0009089977804260901,1,[1],[6402]
663,87,287,1164,0.0009093277804260917,3.3000000000161806e-07,1,[1],[6112]
664,87,287,1164,0.000909597780426093,2.7000000000132387e-07,1,[1],[6371]
665,87,287,1164,0.0009098477804260943,2.500000000012258e-07,1,[1],[6197]
666,87,287,1164,0.0009101177804260956,2.7000000000132387e-07,1,[1],[6205]
667,87,287,1164,0.0009104777804260974,3.6000000000176516e-07,1,[1],[6260]
668,87,287,1165,0.0009090203617669616,0.0009090203617669616,1,[1],[6358]
669,87,287,1165,0.0009093603617669633,3.400000000016671e-07,1,[1],[6232]
670,87,287,1165,0.0009096203617669646,2.6000000000127484e-07,1,[1],[6200]
671,87,287,1165,0.0009098703617669658,2.500000000012258e-07,1,[1],[6332]
672,87,287,1165,0.0009101403617669671,2.7000000000132387e-07,1,[1],[6299]
673,87,287,1165,0.0009105103617669689,3.700000000018142e-07,1,[1],[6181]
674,87,287,1166,0.0009090825717654814,0.0009090825717654814,1,[1],[6361]
675,87,287,1166,0.000909412571765483,3.3000000000161806e-07,1,[1],[6146]
676,87,287,1166,0.0009096825717654843,2.7000000000132387e-07,1,[1],[6284]
677,87,287,1166,0.0009099425717654856,2.6000000000127484e-07,1,[1],[6294]
678,87,287,1166,0.000910232571765487,2.9000000000142193e-07,1,[1],[6187]
679,87,287,1166,0.0009106725717654892,4.400000000021574e-07,1,[1],[6316]
680,87,287,1167,0.0009091156977586283,0.0009091156977586283,1,[1],[6298]
681,87,287,1167,0.00090946569775863,3.500000000017161e-07,1,[1],[6336]
682,87,287,1167,0.0009097356977586313,2.7000000000132387e-07,1,[1],[6148]
683,87,287,1167,0.0009100056977586326,2.7000000000132387e-07,1,[1],[6302]
684,87,287,1167,0.0009103056977586341,3.0000000000147097e-07,1,[1],[6172]
685,87,287,1167,0.0009107856977586365,4.800000000023535e-07,1,[1],[6245]
686,87,287,1168,0.0009091888110636941,0.0009091888110636941,1,[1],[6353]
687,87,287,1168,0.0009095388110636958,3.500000000017161e-07,1,[1],[6147]
688,87,287,1168,0.0009098388110636973,3.0000000000147097e-07,1,[1],[6452]
689,87,287,1168,0.0009101288110636987,2.9000000000142193e-07,1,[1],[6072]
690,87,287,1168,0.0009105088110637006,3.800000000018632e-07,1,[1],[6368]
691,87,287,1169,0.0009092477200045557,0.0009092477200045557,1,[1],[6319]
692,87,287,1169,0.0009096377200045576,3.9000000000191225e-07,1,[1],[6281]
693,87,287,1169,0.0009099577200045592,3.2000000000156903e-07,1,[1],[6302]
694,87,287,1169,0.0009102977200045609,3.400000000016671e-07,1,[1],[6174]
695,87,287,1169,0.0009108277200045635,5.300000000025987e-07,1,[1],[6192]
696,87,287,1170,0.0009093485577326932,0.0009093485577326932,1,[1],[6258]
697,87,287,1170,0.0009097785577326953,4.300000000021084e-07,1,[1],[6370]
698,87,287,1170,0.0009101485577326971,3.700000000018142e-07,1,[1],[6130]
699,87,287,1170,0.0009106785577326997,5.300000000025987e-07,1,[1],[6263]
700,87,287,1171,0.0009094354095119054,0.0009094354095119054,1,[1],[6354]
701,87,287,1171,0.0009099154095119077,4.800000000023535e-07,1,[1],[6252]
702,87,287,1171,0.0009104154095119102,5.000000000024516e-07,1,[1],[6159]
703,87,287,1172,0.0009095349935281987,0.0009095349935281987,1,[1],[6322]
704,87,287,1172,0.0009100949935282014,5.600000000027458e-07,1,[1],[6276]
705,87,287,1172,0.0009111549935282066,1.0600000000051974e-06,1,[1],[6158]
706,87,287,1173,0.000909630722631738,0.000909630722631738,1,[1],[6300]
707,87,287,1173,0.0009103707226317416,7.400000000036284e-07,1,[1],[6272]
708,87,287,1174,0.0009098021898739975,0.0009098021898739975,1,[1],[6255]
709,87,287,1174,0.000911522189874006,1.7200000000084335e-06,1,[1],[6246]
710,87,287,1175,0.0009100111442846637,0.0009100111442846637,1,[1],[6271]
711,87,287,1176,0.000910185798403946,0.000910185798403946,1,[1],[6293]
712,87,287,1177,0.0009104006720587381,0.0009104006720587381,1,[1],[6269]
713,87,287,1178,0.0009108293985893068,0.0009108293985893068,1,[1],[6264]
714,87,288,1166,0.0009102571636845678,0.0009102571636845678,1,[1],[6256]
715,87,288,1167,0.0009099596084455266,0.0009099596084455266,1,[1],[6273]
716,87,288,1168,0.0009097699071057159,0.0009097699071057159,1,[1],[6254]
717,87,288,1168,0.0009108299071057211,1.0600000000051974e-06,1,[1],[6246]
718,87,288,1169,0.0009096485638931705,0.0009096485638931705,1,[1],[6306]
719,87,288,1169,0.0009103385638931739,6.900000000033832e-07,1,[1],[6250]
720,87,288,1170,0.0009095517162590684,0.0009095517162590684,1,[1],[6301]
721,87,288,1170,0.0009101117162590712,5.600000000027458e-07,1,[1],[6301]
722,87,288,1170,0.0009109817162590754,8.700000000042658e-07,1,[1],[6175]
723,87,288,1171,0.0009094412488668148,0.0009094412488668148,1,[1],[6341]
724,87,288,1171,0.0009099012488668171,4.600000000022555e-07,1,[1],[6177]
725,87,288,1171,0.0009104112488668196,5.100000000025006e-07,1,[1],[6264]
726,87,288,1172,0.0009093199380729531,0.0009093199380729531,1,[1],[6267]
727,87,288,1172,0.0009097499380729552,4.300000000021084e-07,1,[1],[6356]
728,87,288,1172,0.0009101399380729571,3.9000000000191225e-07,1,[1],[6237]
729,87,288,1172,0.0009106899380729598,5.500000000026968e-07,1,[1],[6189]
730,87,288,1173,0.0009092522252417374,0.0009092522252417374,1,[1],[6318]
731,87,288,1173,0.0009096522252417394,4.000000000019613e-07,1,[1],[6379]
732,87,288,1173,0.0009100022252417411,3.500000000017161e-07,1,[1],[6206]
733,87,288,1173,0.0009104322252417432,4.300000000021084e-07,1,[1],[6162]
734,87,288,1174,0.0009092279427865639,0.0009092279427865639,1,[1],[6357]
735,87,288,1174,0.0009096179427865658,3.9000000000191225e-07,1,[1],[6220]
736,87,288,1174,0.0009099479427865674,3.3000000000161806e-07,1,[1],[6258]
737,87,288,1174,0.0009103179427865692,3.700000000018142e-07,1,[1],[6302]
738,87,288,1174,0.0009109979427865725,6.800000000033342e-07,1,[1],[6152]
739,87,288,1175,0.0009092248260789302,0.0009092248260789302,1,[1],[6273]
740,87,288,1175,0.0009096048260789321,3.800000000018632e-07,1,[1],[6337]
741,87,288,1175,0.0009099148260789336,3.1000000000152e-07,1,[1],[6208]
742,87,288,1175,0.0009102448260789352,3.3000000000161806e-07,1,[1],[6222]
743,87,288,1175,0.0009107648260789378,5.200000000025497e-07,1,[1],[6242]
744,87,288,1176,0.0009092370447593297,0.0009092370447593297,1,[1],[6272]
745,87,288,1176,0.0009096070447593315,3.700000000018142e-07,1,[1],[6249]
746,87,288,1176,0.0009099170447593331,3.1000000000152e-07,1,[1],[6383]
747,87,288,1176,0.0009102270447593346,3.1000000000152e-07,1,[1],[6245]
748,87,288,1176,0.0009106270447593365,4.000000000019613e-07,1,[1],[6125]
749,87,288,1177,0.0009092813918174373,0.0009092813918174373,1,[1],[6302]
750,87,288,1177,0.0009096513918174391,3.700000000018142e-07,1,[1],[6261]
751,87,288,1177,0.0009099513918174406,3.0000000000147097e-07,1,[1],[6217]
752,87,288,1177,0.0009102613918174421,3.1000000000152e-07,1,[1],[6288]
753,87,288,1177,0.0009106713918174441,4.100000000020103e-07,1,[1],[6278]
754,87,288,1178,0.000909352425853313,0.000909352425853313,1,[1],[6255]
755,87,288,1178,0.0009097324258533149,3.800000000018632e-07,1,[1],[6276]
756,87,288,1178,0.0009100524258533164,3.2000000000156903e-07,1,[1],[6292]
757,87,288,1178,0.000910382425853318,3.3000000000161806e-07,1,[1],[6234]
758,87,288,1178,0.0009108624258533204,4.800000000023535e-07,1,[1],[6198]
759,87,288,1179,0.0009094052942126864,0.0009094052942126864,1,[1],[6393]
760,87,288,1179,0.0009097752942126882,3.700000000018142e-07,1,[1],[6284]
761,87,288,1179,0.0009100852942126897,3.1000000000152e-07,1,[1],[6128]
762,87,288,1179,0.0009104152942126913,3.3000000000161806e-07,1,[1],[6293]
763,87,288,1179,0.0009108852942126937,4.700000000023045e-07,1,[1],[6154]
764,87,288,1180,0.0009094300890072416,0.0009094300890072416,1,[1],[6277]
765,87,288,1180,0.0009098100890072435,3.800000000018632e-07,1,[1],[6399]
766,87,288,1180,0.000910120089007245,3.1000000000152e-07,1,[1],[6108]
767,87,288,1180,0.0009104600890072466,3.400000000016671e-07,1,[1],[6379]
768,87,288,1180,0.000910930089007249,4.700000000023045e-07,1,[1],[6106]
769,87,288,1181,0.0009094505259390266,0.0009094505259390266,1,[1],[6332]
770,87,288,1181,0.0009098205259390284,3.700000000018142e-07,1,[1],[6295]
771,87,288,1181,0.00091013052593903,3.1000000000152e-07,1,[1],[6317]
772,87,288,1181,0.0009104405259390315,3.1000000000152e-07,1,[1],[6168]
773,87,288,1181,0.0009108605259390335,4.2000000000205935e-07,1,[1],[6184]
774,87,288,1182,0.0009094640853502295,0.0009094640853502295,2,"[1, 4]","[6270, 50]"
775,87,288,1182,0.0009098340853502313,3.700000000018142e-07,2,"[1, 4]","[6289, 48]"
776,87,288,1182,0.0009101240853502327,2.9000000000142193e-07,2,"[1, 4]","[6134, 46]"
777,87,288,1182,0.0009104240853502342,3.0000000000147097e-07,2,"[1, 4]","[6127, 45]"
778,87,288,1182,0.0009108340853502362,4.100000000020103e-07,2,"[1, 4]","[6297, 35]"
779,87,288,1183,0.00090942332878112,0.00090942332878112,3,"[1, 3, 4]","[5399, 25, 890]"
780,87,288,1183,0.0009097733287811217,3.500000000017161e-07,3,"[1, 3, 4]","[5530, 21, 705]"
781,87,288,1183,0.0009100633287811231,2.9000000000142193e-07,3,"[1, 3, 4]","[5609, 28, 759]"
782,87,288,1183,0.0009103333287811244,2.7000000000132387e-07,3,"[1, 3, 4]","[5487, 29, 670]"
783,87,288,1183,0.000910643328781126,3.1000000000152e-07,3,"[1, 3, 4]","[5498, 25, 591]"
784,87,288,1183,0.0009111833287811286,5.400000000026477e-07,3,"[1, 3, 4]","[5703, 32, 552]"
785,87,288,1184,0.0009094490183689515,0.0009094490183689515,4,"[1, 2, 3, 4]","[5409, 73, 608, 228]"
786,87,288,1184,0.0009097990183689533,3.500000000017161e-07,4,"[1, 2, 3, 4]","[5320, 57, 655, 166]"
787,87,288,1184,0.0009100790183689546,2.800000000013729e-07,4,"[1, 2, 3, 4]","[5468, 37, 692, 157]"
788,87,288,1184,0.0009103390183689559,2.6000000000127484e-07,4,"[1, 2, 3, 4]","[5284, 43, 725, 156]"
789,87,288,1184,0.0009106390183689574,3.0000000000147097e-07,4,"[1, 2, 3, 4]","[5377, 48, 738, 132]"
790,87,288,1184,0.0009111090183689597,4.700000000023045e-07,4,"[1, 2, 3, 4]","[5213, 42, 754, 126]"
791,87,288,1185,0.0009094262283750704,0.0009094262283750704,3,"[1, 2, 3]","[4734, 1392, 227]"
792,87,288,1185,0.0009097662283750721,3.400000000016671e-07,4,"[1, 2, 3, 4]","[4935, 1069, 235, 1]"
793,87,288,1185,0.0009100362283750734,2.7000000000132387e-07,3,"[1, 2, 3]","[4973, 960, 242]"
794,87,288,1185,0.0009102962283750747,2.6000000000127484e-07,4,"[1, 2, 3, 4]","[5190, 884, 282, 1]"
795,87,288,1185,0.0009105762283750761,2.800000000013729e-07,3,"[1, 2, 3]","[5199, 797, 257]"
796,87,288,1185,0.000910976228375078,4.000000000019613e-07,3,"[1, 2, 3]","[5175, 696, 280]"
797,87,288,1186,0.0009095635189699618,0.0009095635189699618,3,"[1, 2, 3]","[5811, 483, 1]"
798,87,288,1186,0.0009099435189699637,3.800000000018632e-07,2,"[1, 2]","[5892, 325]"
799,87,288,1186,0.0009102735189699653,3.3000000000161806e-07,2,"[1, 2]","[5962, 321]"
800,87,288,1186,0.000910633518969967,3.6000000000176516e-07,3,"[1, 2, 3]","[5944, 263, 1]"
801,87,288,1186,0.0009112535189699701,6.2000000000304e-07,2,"[1, 2]","[6012, 259]"
802,87,288,1187,0.000909627070503074,0.000909627070503074,2,"[1, 2]","[6362, 1]"
803,87,288,1187,0.0009100170705030759,3.9000000000191225e-07,2,"[1, 2]","[6196, 1]"
804,87,288,1187,0.0009103670705030776,3.500000000017161e-07,2,"[1, 2]","[6353, 2]"
805,87,288,1187,0.0009107770705030796,4.100000000020103e-07,1,[1],[6117]
806,87,288,1188,0.0009100194271541945,0.0009100194271541945,1,[1],[6263]
807,87,288,1188,0.0009107594271541981,7.400000000036284e-07,1,[1],[6251]
