,event,pixel_x,pixel_y,reset_time,TSLR,nMCParticles,MC_TrackIDs,MC_Weights
0,54,248,1192,0.0007541393349185557,0.0007541393349185557,1,[7],[6253]
1,54,248,1192,0.0007559793349185647,1.840000000009022e-06,2,"[7, 16]","[6224, 62]"
2,54,248,1193,0.0007478068928787018,0.0007478068928787018,1,[7],[6271]
3,54,248,1193,0.0007487468928787064,9.40000000004609e-07,1,[7],[6303]
4,54,248,1193,0.0007494968928787101,7.500000000036774e-07,1,[7],[6197]
5,54,248,1193,0.0007502068928787136,7.100000000034813e-07,1,[7],[6308]
6,54,248,1193,0.0007508868928787169,6.800000000033342e-07,1,[7],[6172]
7,54,248,1193,0.0007515768928787203,6.900000000033832e-07,1,[7],[6284]
8,54,248,1193,0.0007523568928787241,7.800000000038245e-07,1,[7],[6225]
9,54,248,1193,0.000753356892878729,1.0000000000049032e-06,1,[7],[6265]
10,54,248,1193,0.0007551468928787378,1.7900000000087768e-06,1,[7],[6235]
11,54,248,1194,0.0007439211041258062,0.0007439211041258062,4,"[7, 19, 20, 21]","[5502, 776, 15, 9]"
12,54,248,1194,0.0007445711041258094,6.500000000031871e-07,2,"[7, 19]","[6071, 191]"
13,54,248,1194,0.0007450511041258118,4.800000000023535e-07,2,"[7, 19]","[6078, 112]"
14,54,248,1194,0.0007454811041258139,4.300000000021084e-07,2,"[7, 19]","[6261, 53]"
15,54,248,1194,0.0007458711041258158,3.9000000000191225e-07,2,"[7, 19]","[6307, 17]"
16,54,248,1194,0.0007462511041258176,3.800000000018632e-07,2,"[7, 19]","[6161, 9]"
17,54,248,1194,0.0007466311041258195,3.800000000018632e-07,2,"[7, 19]","[6220, 1]"
18,54,248,1194,0.0007470411041258215,4.100000000020103e-07,2,"[7, 19]","[6248, 1]"
19,54,248,1194,0.0007475011041258238,4.600000000022555e-07,1,[7],[6319]
20,54,248,1194,0.0007480411041258264,5.400000000026477e-07,1,[7],[6257]
21,54,248,1194,0.00074878110412583,7.400000000036284e-07,1,[7],[6195]
22,54,248,1194,0.000750201104125837,1.4200000000069626e-06,1,[7],[6200]
23,54,248,1195,0.0007392007809485701,0.0007392007809485701,3,"[19, 20, 21]","[4618, 1078, 572]"
24,54,248,1195,0.0007415207809485815,2.3200000000113755e-06,3,"[7, 19, 20]","[66, 5764, 407]"
25,54,248,1195,0.0007425507809485865,1.0300000000050503e-06,2,"[7, 19]","[2609, 3682]"
26,54,248,1195,0.0007429807809485886,4.300000000021084e-07,2,"[7, 19]","[4612, 1679]"
27,54,248,1195,0.0007432907809485902,3.1000000000152e-07,2,"[7, 19]","[4932, 1380]"
28,54,248,1195,0.0007435507809485914,2.6000000000127484e-07,2,"[7, 19]","[4984, 1137]"
29,54,248,1195,0.0007438107809485927,2.6000000000127484e-07,2,"[7, 19]","[5143, 1164]"
30,54,248,1195,0.000744070780948594,2.6000000000127484e-07,2,"[7, 19]","[5103, 1226]"
31,54,248,1195,0.0007443407809485953,2.7000000000132387e-07,2,"[7, 19]","[5009, 1132]"
32,54,248,1195,0.0007446607809485969,3.2000000000156903e-07,2,"[7, 19]","[5023, 1270]"
33,54,248,1195,0.000745090780948599,4.300000000021084e-07,2,"[7, 19]","[4994, 1244]"
34,54,248,1195,0.0007458507809486027,7.600000000037264e-07,2,"[7, 19]","[5302, 919]"
35,54,248,1196,0.0007435583658981024,0.0007435583658981024,4,"[7, 19, 20, 21]","[1051, 4427, 534, 242]"
36,54,249,1191,0.0007574469474763784,0.0007574469474763784,3,"[7, 15, 16]","[4643, 2, 1611]"
37,54,249,1191,0.0007584569474763834,1.0100000000049522e-06,3,"[7, 15, 16]","[5913, 112, 252]"
38,54,249,1191,0.0007591769474763869,7.200000000035303e-07,3,"[7, 15, 16]","[5661, 638, 1]"
39,54,249,1191,0.0007598169474763901,6.400000000031381e-07,3,"[7, 14, 15]","[5216, 1, 1060]"
40,54,249,1191,0.0007604969474763934,6.800000000033342e-07,3,"[7, 14, 15]","[5447, 59, 717]"
41,54,249,1191,0.0007613169474763974,8.200000000040206e-07,4,"[7, 13, 14, 15]","[5491, 2, 607, 144]"
42,54,249,1191,0.000762256947476402,9.40000000004609e-07,4,"[7, 13, 14, 15]","[4249, 53, 1927, 3]"
43,54,249,1192,0.0007535112153661264,0.0007535112153661264,1,[7],[6268]
44,54,249,1192,0.0007544112153661308,9.000000000044129e-07,1,[7],[6246]
45,54,249,1192,0.0007550312153661339,6.2000000000304e-07,2,"[7, 16]","[6248, 13]"
46,54,249,1192,0.0007555312153661363,5.000000000024516e-07,2,"[7, 16]","[6155, 117]"
47,54,249,1192,0.0007559712153661385,4.400000000021574e-07,2,"[7, 16]","[5797, 482]"
48,54,249,1192,0.0007563712153661404,4.000000000019613e-07,2,"[7, 16]","[5353, 947]"
49,54,249,1192,0.0007567312153661422,3.6000000000176516e-07,2,"[7, 16]","[4836, 1329]"
50,54,249,1192,0.000757101215366144,3.700000000018142e-07,2,"[7, 16]","[4845, 1389]"
51,54,249,1192,0.0007575212153661461,4.2000000000205935e-07,2,"[7, 16]","[5124, 1213]"
52,54,249,1192,0.0007580612153661487,5.400000000026477e-07,3,"[7, 15, 16]","[5643, 12, 552]"
53,54,249,1192,0.0007588112153661524,7.500000000036774e-07,3,"[7, 15, 16]","[5996, 148, 99]"
54,54,249,1192,0.0007600712153661586,1.260000000006178e-06,3,"[7, 15, 16]","[5271, 937, 5]"
55,54,249,1193,0.0007486179499756248,0.0007486179499756248,1,[7],[6283]
56,54,249,1193,0.0007497179499756302,1.1000000000053935e-06,1,[7],[6255]
57,54,249,1193,0.0007505379499756342,8.200000000040206e-07,1,[7],[6281]
58,54,249,1193,0.0007512079499756375,6.700000000032852e-07,1,[7],[6187]
59,54,249,1193,0.0007518379499756406,6.30000000003089e-07,1,[7],[6270]
60,54,249,1193,0.0007524779499756437,6.400000000031381e-07,1,[7],[6270]
61,54,249,1193,0.0007531279499756469,6.500000000031871e-07,1,[7],[6211]
62,54,249,1193,0.0007538179499756503,6.900000000033832e-07,1,[7],[6315]
63,54,249,1193,0.0007546479499756543,8.300000000040697e-07,1,[7],[6199]
64,54,249,1193,0.0007562979499756624,1.6500000000080903e-06,2,"[7, 16]","[6213, 32]"
65,54,249,1194,0.0007447597655754949,0.0007447597655754949,4,"[7, 19, 20, 21]","[4824, 1287, 84, 83]"
66,54,249,1194,0.0007459397655755007,1.1800000000057858e-06,2,"[7, 19]","[6188, 54]"
67,54,249,1194,0.0007468797655755053,9.40000000004609e-07,2,"[7, 19]","[6272, 3]"
68,54,249,1194,0.0007478497655755101,9.700000000047561e-07,1,[7],[6251]
69,54,249,1194,0.000749269765575517,1.4200000000069626e-06,1,[7],[6210]
70,54,249,1195,0.000731689695806276,0.000731689695806276,3,"[19, 211, 214]","[6211, 49, 5]"
71,54,249,1195,0.0007336996958062858,2.0100000000098555e-06,1,[19],[6258]
72,54,249,1195,0.0007351196958062928,1.4200000000069626e-06,2,"[19, 21]","[5979, 306]"
73,54,249,1195,0.0007360396958062973,9.20000000004511e-07,2,"[19, 21]","[4364, 1848]"
74,54,249,1195,0.0007369696958063019,9.3000000000456e-07,3,"[19, 20, 21]","[4521, 8, 1732]"
75,54,249,1195,0.0007380496958063072,1.0800000000052955e-06,3,"[19, 20, 21]","[5467, 599, 212]"
76,54,249,1195,0.0007388596958063111,8.100000000039716e-07,3,"[19, 20, 21]","[3896, 2319, 2]"
77,54,249,1195,0.0007397096958063153,8.500000000041677e-07,2,"[19, 20]","[4116, 2158]"
78,54,249,1195,0.0007410296958063218,1.3200000000064722e-06,2,"[19, 20]","[5867, 351]"
79,54,249,1195,0.0007424596958063288,1.4300000000070116e-06,3,"[7, 19, 20]","[748, 5515, 2]"
80,54,249,1195,0.000743309695806333,8.500000000041677e-07,2,"[7, 19]","[3693, 2591]"
81,54,249,1195,0.0007439496958063361,6.400000000031381e-07,2,"[7, 19]","[4481, 1735]"
82,54,249,1195,0.00074474969580634,8.000000000039226e-07,2,"[7, 19]","[4655, 1570]"
83,54,249,1196,0.0007266105502541323,0.0007266105502541323,3,"[19, 211, 214]","[6131, 3, 139]"
84,54,249,1196,0.0007285305502541418,1.920000000009414e-06,2,"[19, 211]","[6025, 233]"
85,54,249,1196,0.0007302405502541501,1.7100000000083845e-06,2,"[19, 211]","[6200, 33]"
86,54,249,1196,0.0007317605502541576,1.5200000000074529e-06,1,[19],[6239]
87,54,249,1196,0.0007333605502541654,1.6000000000078451e-06,1,[19],[6260]
88,54,249,1196,0.0007351905502541744,1.8300000000089729e-06,2,"[19, 21]","[6092, 151]"
89,54,249,1196,0.0007372405502541845,2.0500000000100516e-06,3,"[19, 20, 21]","[4897, 18, 1338]"
90,54,249,1196,0.000740210550254199,2.9700000000145626e-06,3,"[19, 20, 21]","[4212, 1996, 33]"
91,54,250,1189,0.0007691824279082788,0.0007691824279082788,3,"[7, 13, 14]","[6240, 11, 2]"
92,54,250,1190,0.0007624858640832334,0.0007624858640832334,4,"[7, 13, 14, 15]","[4594, 631, 1012, 20]"
93,54,250,1190,0.0007632958640832374,8.100000000039716e-07,3,"[7, 13, 14]","[4484, 1539, 244]"
94,54,250,1190,0.0007639558640832406,6.600000000032361e-07,3,"[7, 13, 14]","[5369, 896, 21]"
95,54,250,1190,0.0007645558640832435,6.000000000029419e-07,2,"[7, 13]","[6064, 201]"
96,54,250,1190,0.0007651358640832464,5.800000000028439e-07,2,"[7, 13]","[6211, 27]"
97,54,250,1190,0.0007657258640832493,5.900000000028929e-07,2,"[7, 13]","[6192, 3]"
98,54,250,1190,0.0007663758640832525,6.500000000031871e-07,1,[7],[6316]
99,54,250,1190,0.000767095864083256,7.200000000035303e-07,1,[7],[6209]
100,54,250,1190,0.0007681358640832611,1.0400000000050993e-06,1,[7],[6252]
101,54,250,1191,0.0007594287778372916,0.0007594287778372916,3,"[7, 15, 16]","[5288, 854, 141]"
102,54,250,1191,0.0007603187778372959,8.900000000043639e-07,3,"[7, 14, 15]","[5368, 40, 881]"
103,54,250,1191,0.0007609787778372992,6.600000000032361e-07,4,"[7, 13, 14, 15]","[5603, 1, 482, 182]"
104,54,250,1191,0.0007614687778373016,4.900000000024026e-07,4,"[7, 13, 14, 15]","[4784, 21, 1353, 19]"
105,54,250,1191,0.0007618987778373037,4.300000000021084e-07,4,"[7, 13, 14, 15]","[4298, 107, 1899, 1]"
106,54,250,1191,0.0007623087778373057,4.100000000020103e-07,3,"[7, 13, 14]","[4113, 322, 1826]"
107,54,250,1191,0.0007627387778373078,4.300000000021084e-07,3,"[7, 13, 14]","[4227, 697, 1298]"
108,54,250,1191,0.0007632387778373103,5.000000000024516e-07,3,"[7, 13, 14]","[4568, 1053, 617]"
109,54,250,1191,0.0007638987778373135,6.600000000032361e-07,3,"[7, 13, 14]","[5116, 1023, 137]"
110,54,250,1191,0.0007649987778373189,1.1000000000053935e-06,3,"[7, 13, 14]","[5841, 333, 7]"
111,54,250,1192,0.0007591096145802195,0.0007591096145802195,3,"[7, 15, 16]","[5569, 223, 467]"
112,54,250,1195,0.0007317846378802933,0.0007317846378802933,3,"[19, 211, 214]","[6147, 72, 34]"
113,54,250,1196,0.0007199020186192366,0.0007199020186192366,2,"[19, 190]","[6244, 30]"
114,54,250,1196,0.0007213120186192435,1.4100000000069135e-06,1,[19],[6241]
115,54,250,1196,0.0007223620186192487,1.0500000000051484e-06,2,"[19, 214]","[6237, 5]"
116,54,250,1196,0.0007233220186192534,9.60000000004707e-07,2,"[19, 214]","[6166, 78]"
117,54,250,1196,0.0007241720186192575,8.500000000041677e-07,2,"[19, 214]","[5831, 435]"
118,54,250,1196,0.0007250420186192618,8.700000000042658e-07,2,"[19, 214]","[5825, 479]"
119,54,250,1196,0.0007260220186192666,9.800000000048052e-07,2,"[19, 214]","[6130, 95]"
120,54,250,1196,0.0007270620186192717,1.0400000000050993e-06,3,"[19, 211, 214]","[6183, 44, 1]"
121,54,250,1196,0.0007282720186192776,1.2100000000059329e-06,2,"[19, 211]","[5947, 282]"
122,54,250,1196,0.0007302520186192873,1.9800000000097084e-06,2,"[19, 211]","[6168, 81]"
123,54,250,1197,0.0007161993721359337,0.0007161993721359337,5,"[19, 166, 169, 190, 201]","[6198, 1, 1, 49, 7]"
124,54,250,1197,0.0007184193721359445,2.220000000010885e-06,1,[19],[6262]
125,54,250,1197,0.0007205993721359552,2.180000000010689e-06,1,[19],[6236]
126,54,250,1197,0.0007238593721359712,3.2600000000159845e-06,2,"[19, 214]","[6186, 70]"
127,54,250,1207,0.0006752956419677796,0.0006752956419677796,2,"[19, 119]","[6272, 2]"
128,54,250,1207,0.0006760456419677833,7.500000000036774e-07,1,[19],[6289]
129,54,250,1207,0.0006770356419677882,9.900000000048542e-07,1,[19],[6232]
130,54,250,1208,0.0006748083878345696,0.0006748083878345696,1,[19],[6258]
131,54,250,1208,0.0006752583878345718,4.5000000000220645e-07,1,[19],[6293]
132,54,250,1208,0.0006756583878345738,4.000000000019613e-07,1,[19],[6246]
133,54,250,1208,0.0006762083878345765,5.500000000026968e-07,1,[19],[6238]
134,54,251,1189,0.0007687178167431675,0.0007687178167431675,1,[7],[6282]
135,54,251,1189,0.0007696078167431719,8.900000000043639e-07,1,[7],[6259]
136,54,251,1189,0.0007702778167431751,6.700000000032852e-07,1,[7],[6258]
137,54,251,1189,0.0007708978167431782,6.2000000000304e-07,1,[7],[6301]
138,54,251,1189,0.0007715278167431813,6.30000000003089e-07,1,[7],[6232]
139,54,251,1189,0.0007722078167431846,6.800000000033342e-07,1,[7],[6210]
140,54,251,1189,0.0007731278167431891,9.20000000004511e-07,1,[7],[6225]
141,54,251,1190,0.000766367695911972,0.000766367695911972,3,"[7, 13, 14]","[6054, 199, 33]"
142,54,251,1190,0.0007676076959119781,1.24000000000608e-06,1,[7],[6252]
143,54,251,1190,0.000768597695911983,9.900000000048542e-07,1,[7],[6228]
144,54,251,1190,0.0007696076959119879,1.0100000000049522e-06,1,[7],[6290]
145,54,251,1190,0.0007712076959119958,1.6000000000078451e-06,1,[7],[6212]
146,54,251,1196,0.0007205409420373928,0.0007205409420373928,4,"[19, 190, 201, 216]","[6210, 3, 10, 46]"
147,54,251,1197,0.0007104734193803471,0.0007104734193803471,3,"[19, 190, 201]","[4591, 9, 1667]"
148,54,251,1197,0.0007119834193803545,1.5100000000074039e-06,3,"[19, 166, 169]","[6251, 2, 1]"
149,54,251,1197,0.0007132034193803604,1.220000000005982e-06,3,"[19, 166, 169]","[6251, 3, 5]"
150,54,251,1197,0.000714343419380366,1.1400000000055897e-06,1,[19],[6262]
151,54,251,1197,0.0007155034193803717,1.1600000000056877e-06,1,[19],[6247]
152,54,251,1197,0.0007168434193803783,1.3400000000065703e-06,1,[19],[6232]
153,54,251,1197,0.0007188534193803881,2.0100000000098555e-06,1,[19],[6239]
154,54,251,1198,0.0007079089219958406,0.0007079089219958406,2,"[19, 201]","[5253, 999]"
155,54,251,1198,0.0007095189219958485,1.6100000000078942e-06,2,"[19, 201]","[6242, 18]"
156,54,251,1198,0.0007109289219958554,1.4100000000069135e-06,1,[19],[6286]
157,54,251,1198,0.0007130389219958658,2.1100000000103458e-06,3,"[19, 166, 169]","[6200, 2, 2]"
158,54,251,1207,0.0006762906522460476,0.0006762906522460476,3,"[19, 119, 120]","[6010, 239, 2]"
159,54,251,1207,0.0006768406522460503,5.500000000026968e-07,1,[19],[6318]
160,54,251,1207,0.0006773206522460527,4.800000000023535e-07,1,[19],[6221]
161,54,251,1208,0.0006760389366889001,0.0006760389366889001,1,[19],[6271]
162,54,252,1188,0.0007742852125764109,0.0007742852125764109,1,[7],[6298]
163,54,252,1188,0.0007752952125764158,1.0100000000049522e-06,1,[7],[6247]
164,54,252,1188,0.0007761052125764198,8.100000000039716e-07,2,"[7, 12]","[6242, 1]"
165,54,252,1188,0.0007769252125764238,8.200000000040206e-07,2,"[7, 12]","[6264, 25]"
166,54,252,1188,0.0007778752125764285,9.500000000046581e-07,2,"[7, 12]","[5773, 452]"
167,54,252,1188,0.0007796752125764373,1.8000000000088258e-06,2,"[7, 12]","[4832, 1371]"
168,54,252,1189,0.000771970231246854,0.000771970231246854,1,[7],[6269]
169,54,252,1189,0.0007729502312468588,9.800000000048052e-07,1,[7],[6259]
170,54,252,1189,0.0007737402312468627,7.900000000038735e-07,1,[7],[6310]
171,54,252,1189,0.0007745502312468666,8.100000000039716e-07,1,[7],[6202]
172,54,252,1189,0.0007757402312468725,1.1900000000058348e-06,1,[7],[6229]
173,54,252,1197,0.0007124070222161732,0.0007124070222161732,2,"[19, 201]","[4567, 1683]"
174,54,252,1198,0.000703493156536595,0.000703493156536595,3,"[19, 162, 175]","[6258, 7, 5]"
175,54,252,1198,0.0007047331565366011,1.24000000000608e-06,2,"[19, 162]","[6245, 8]"
176,54,252,1198,0.000705733156536606,1.0000000000049032e-06,2,"[19, 201]","[6241, 50]"
177,54,252,1198,0.0007066031565366103,8.700000000042658e-07,2,"[19, 201]","[5785, 412]"
178,54,252,1198,0.0007075231565366148,9.20000000004511e-07,2,"[19, 201]","[5782, 481]"
179,54,252,1198,0.0007088531565366213,1.3300000000065213e-06,2,"[19, 201]","[6144, 97]"
180,54,252,1199,0.0007024707127946028,0.0007024707127946028,2,"[19, 175]","[6239, 23]"
181,54,252,1199,0.0007043707127946121,1.9000000000093161e-06,2,"[19, 162]","[6236, 9]"
182,54,252,1207,0.0006768040040094686,0.0006768040040094686,2,"[19, 119]","[6196, 80]"
183,54,252,1207,0.0006773440040094712,5.400000000026477e-07,1,[19],[6303]
184,54,253,1187,0.0007792358604867926,0.0007792358604867926,2,"[7, 12]","[5505, 781]"
185,54,253,1187,0.0007802058604867973,9.700000000047561e-07,2,"[7, 12]","[6190, 65]"
186,54,253,1187,0.0007809958604868012,7.900000000038735e-07,2,"[7, 12]","[6235, 2]"
187,54,253,1187,0.0007818258604868053,8.300000000040697e-07,1,[7],[6231]
188,54,253,1187,0.0007829458604868108,1.1200000000054916e-06,1,[7],[6257]
189,54,253,1188,0.0007771170836193673,0.0007771170836193673,2,"[7, 12]","[6165, 130]"
190,54,253,1188,0.0007779570836193714,8.400000000041187e-07,2,"[7, 12]","[5074, 1132]"
191,54,253,1188,0.0007785870836193745,6.30000000003089e-07,2,"[7, 12]","[4521, 1751]"
192,54,253,1188,0.0007792670836193779,6.800000000033342e-07,2,"[7, 12]","[4961, 1269]"
193,54,253,1188,0.0007802470836193827,9.800000000048052e-07,2,"[7, 12]","[6016, 265]"
194,54,253,1198,0.0007029148401372655,0.0007029148401372655,3,"[19, 30, 175]","[6194, 12, 48]"
195,54,253,1199,0.0006980924413785002,0.0006980924413785002,3,"[19, 30, 175]","[5281, 769, 203]"
196,54,253,1199,0.0006991824413785056,1.0900000000053445e-06,1,[19],[6318]
197,54,253,1199,0.0007001024413785101,9.20000000004511e-07,1,[19],[6185]
198,54,253,1199,0.0007011624413785153,1.0600000000051974e-06,1,[19],[6294]
199,54,253,1199,0.0007033624413785261,2.200000000010787e-06,2,"[19, 162]","[6202, 1]"
200,54,253,1205,0.0005541438453062933,0.0005541438453062933,3,"[181, 197, 198]","[6303, 29, 2]"
201,54,253,1205,0.0005547938453062965,6.500000000031871e-07,3,"[181, 197, 198]","[6110, 57, 3]"
202,54,253,1206,0.000677402413984585,0.000677402413984585,6,"[19, 38, 122, 174, 181, 197]","[4512, 372, 3, 3, 1357, 3]"
203,54,253,1206,0.0006779624139845878,5.600000000027458e-07,4,"[19, 38, 122, 124]","[5282, 1061, 25, 3]"
204,54,253,1206,0.0006786024139845909,6.400000000031381e-07,4,"[19, 38, 122, 124]","[4103, 1966, 62, 17]"
205,54,253,1207,0.0006773152995439394,0.0006773152995439394,3,"[19, 38, 174]","[6242, 57, 23]"
206,54,253,1207,0.0006779652995439426,6.500000000031871e-07,2,"[19, 38]","[5831, 407]"
207,54,254,1186,0.000784523155659774,0.000784523155659774,1,[7],[6262]
208,54,254,1186,0.0007855831556597792,1.0600000000051974e-06,1,[7],[6249]
209,54,254,1186,0.0007864731556597836,8.900000000043639e-07,1,[7],[6273]
210,54,254,1186,0.0007874331556597883,9.60000000004707e-07,1,[7],[6260]
211,54,254,1186,0.0007892831556597973,1.850000000009071e-06,1,[7],[6208]
212,54,254,1187,0.0007819286274137865,0.0007819286274137865,2,"[7, 12]","[6273, 12]"
213,54,254,1187,0.0007829586274137915,1.0300000000050503e-06,1,[7],[6246]
214,54,254,1187,0.0007838086274137957,8.500000000041677e-07,1,[7],[6244]
215,54,254,1187,0.0007847086274138001,9.000000000044129e-07,1,[7],[6292]
216,54,254,1187,0.0007859586274138063,1.250000000006129e-06,1,[7],[6214]
217,54,254,1199,0.0006942106601850228,0.0006942106601850228,3,"[19, 30, 175]","[5310, 982, 16]"
218,54,254,1199,0.0006948006601850257,5.900000000028929e-07,2,"[19, 30]","[2805, 3461]"
219,54,254,1199,0.0006952306601850278,4.300000000021084e-07,2,"[19, 30]","[2400, 3849]"
220,54,254,1199,0.0006956706601850299,4.400000000021574e-07,2,"[19, 30]","[2761, 3421]"
221,54,254,1199,0.0006963106601850331,6.400000000031381e-07,2,"[19, 30]","[4134, 2134]"
222,54,254,1199,0.0006972406601850376,9.3000000000456e-07,2,"[19, 30]","[5953, 317]"
223,54,254,1199,0.0006986706601850446,1.4300000000070116e-06,2,"[19, 30]","[6221, 3]"
224,54,254,1200,0.0006948444007382045,0.0006948444007382045,2,"[19, 30]","[4084, 2170]"
225,54,254,1200,0.0006962544007382114,1.4100000000069135e-06,2,"[19, 30]","[2719, 3544]"
226,54,254,1205,0.0005542942791264943,0.0005542942791264943,3,"[181, 197, 198]","[6290, 19, 2]"
227,54,254,1205,0.0006461642791269447,9.187000000045046e-05,4,"[171, 181, 197, 198]","[944, 5225, 22, 3]"
228,54,254,1205,0.0006780842791271012,3.192000000015651e-05,5,"[19, 38, 122, 124, 171]","[5071, 88, 36, 241, 900]"
229,54,254,1205,0.0006785942791271037,5.100000000025006e-07,4,"[19, 38, 122, 124]","[5866, 81, 36, 243]"
230,54,254,1205,0.0006793442791271074,7.500000000036774e-07,4,"[19, 38, 122, 124]","[5835, 60, 43, 247]"
231,54,254,1206,0.0006776765494142333,0.0006776765494142333,7,"[19, 38, 122, 124, 171, 174, 181]","[3682, 1476, 23, 25, 25, 10, 1016]"
232,54,254,1206,0.0006781365494142355,4.600000000022555e-07,4,"[19, 38, 122, 124]","[3616, 2627, 50, 52]"
233,54,254,1206,0.0006785365494142375,4.000000000019613e-07,4,"[19, 38, 122, 124]","[2918, 3165, 78, 70]"
234,54,254,1206,0.0006791065494142403,5.700000000027948e-07,4,"[19, 38, 122, 124]","[2480, 3573, 86, 80]"
235,54,254,1207,0.0006785384570044881,0.0006785384570044881,4,"[19, 38, 122, 174]","[1256, 4949, 1, 52]"
236,54,255,1185,0.0007897823118092068,0.0007897823118092068,2,"[7, 11]","[6161, 112]"
237,54,255,1185,0.0007907523118092115,9.700000000047561e-07,2,"[7, 11]","[5240, 1048]"
238,54,255,1185,0.0007915923118092156,8.400000000041187e-07,2,"[7, 11]","[4990, 1242]"
239,54,255,1185,0.0007929523118092223,1.3600000000066684e-06,2,"[7, 11]","[5847, 372]"
240,54,255,1186,0.000787071256095148,0.000787071256095148,1,[7],[6253]
241,54,255,1186,0.0007880212560951526,9.500000000046581e-07,1,[7],[6288]
242,54,255,1186,0.0007888012560951565,7.800000000038245e-07,1,[7],[6250]
243,54,255,1186,0.0007895612560951602,7.600000000037264e-07,2,"[7, 11]","[6188, 28]"
244,54,255,1186,0.0007904712560951647,9.100000000044619e-07,2,"[7, 11]","[5945, 364]"
245,54,255,1186,0.000792171256095173,1.7000000000083355e-06,2,"[7, 11]","[5118, 1066]"
246,54,255,1199,0.0006905262835322838,0.0006905262835322838,2,"[19, 31]","[6260, 15]"
247,54,255,1199,0.00069179628353229,1.270000000006227e-06,1,[19],[6273]
248,54,255,1199,0.0006929362835322956,1.1400000000055897e-06,1,[19],[6225]
249,54,255,1199,0.0006943662835323026,1.4300000000070116e-06,2,"[19, 30]","[6077, 186]"
250,54,255,1200,0.0006902519535468634,0.0006902519535468634,3,"[19, 31, 32]","[6091, 66, 114]"
251,54,255,1200,0.0006918919535468715,1.6400000000080413e-06,1,[19],[6248]
252,54,255,1200,0.0006940719535468822,2.180000000010689e-06,2,"[19, 30]","[6200, 40]"
253,54,255,1204,0.0006782471683452263,0.0006782471683452263,4,"[19, 127, 128, 171]","[5976, 34, 2, 245]"
254,54,255,1204,0.000678787168345229,5.400000000026477e-07,2,"[19, 127]","[6294, 23]"
255,54,255,1205,0.0006786064301752485,0.0006786064301752485,7,"[19, 38, 122, 124, 127, 171, 181]","[5325, 1, 2, 26, 1, 910, 7]"
256,54,256,1184,0.0007945832989809711,0.0007945832989809711,2,"[7, 11]","[6261, 14]"
257,54,256,1184,0.0007959132989809777,1.3300000000065213e-06,1,[7],[6265]
258,54,256,1185,0.0007915566637239434,0.0007915566637239434,2,"[7, 11]","[5249, 1037]"
259,54,256,1185,0.0007924366637239478,8.800000000043148e-07,2,"[7, 11]","[6061, 162]"
260,54,256,1185,0.0007931266637239511,6.900000000033832e-07,2,"[7, 11]","[6265, 8]"
261,54,256,1185,0.0007937866637239544,6.600000000032361e-07,1,[7],[6287]
262,54,256,1185,0.0007945566637239581,7.700000000037755e-07,1,[7],[6225]
263,54,256,1185,0.0007960666637239655,1.5100000000074039e-06,1,[7],[6217]
264,54,256,1186,0.0007939740740935945,0.0007939740740935945,2,"[7, 11]","[5651, 601]"
265,54,256,1199,0.0006870997395126574,0.0006870997395126574,4,"[19, 31, 32, 220]","[5047, 1127, 24, 62]"
266,54,256,1199,0.0006888197395126659,1.7200000000084335e-06,2,"[19, 31]","[6260, 15]"
267,54,256,1200,0.0006837096426471567,0.0006837096426471567,3,"[19, 32, 220]","[3923, 2392, 3]"
268,54,256,1200,0.0006844796426471605,7.700000000037755e-07,3,"[19, 31, 32]","[4595, 38, 1602]"
269,54,256,1200,0.0006852196426471641,7.400000000036284e-07,3,"[19, 31, 32]","[5317, 602, 297]"
270,54,256,1200,0.0006859196426471676,7.000000000034323e-07,3,"[19, 31, 32]","[4661, 1623, 9]"
271,54,256,1200,0.0006867496426471717,8.300000000040697e-07,3,"[19, 31, 32]","[4859, 1343, 1]"
272,54,256,1200,0.0006878096426471768,1.0600000000051974e-06,2,"[19, 31]","[6013, 228]"
273,54,256,1200,0.0006891496426471834,1.3400000000065703e-06,2,"[19, 31]","[6243, 1]"
274,54,256,1201,0.0006819885564793324,0.0006819885564793324,2,"[19, 32]","[6259, 11]"
275,54,256,1201,0.0006828285564793365,8.400000000041187e-07,2,"[19, 32]","[5994, 313]"
276,54,256,1201,0.0006835985564793403,7.700000000037755e-07,2,"[19, 32]","[4778, 1419]"
277,54,256,1201,0.0006901185564793722,6.520000000031969e-06,3,"[19, 31, 32]","[4454, 61, 1711]"
278,54,256,1202,0.0006798843550048379,0.0006798843550048379,3,"[19, 132, 133]","[6252, 56, 1]"
279,54,256,1202,0.0006808143550048424,9.3000000000456e-07,2,"[19, 132]","[6195, 5]"
280,54,256,1202,0.0006822943550048497,1.4800000000072568e-06,2,"[19, 132]","[6243, 1]"
281,54,256,1203,0.0006785570517593536,0.0006785570517593536,5,"[19, 127, 128, 132, 133]","[6221, 73, 3, 35, 3]"
282,54,256,1203,0.0006791770517593567,6.2000000000304e-07,4,"[19, 127, 132, 133]","[6067, 58, 72, 2]"
283,54,256,1204,0.0006796873396181349,0.0006796873396181349,3,"[19, 127, 128]","[6122, 124, 4]"
284,54,257,1183,0.0007981377233941907,0.0007981377233941907,2,"[7, 10]","[3132, 3179]"
285,54,257,1183,0.0007991677233941957,1.0300000000050503e-06,2,"[7, 10]","[3485, 2706]"
286,54,257,1183,0.0008012477233942059,2.0800000000101987e-06,2,"[7, 10]","[5694, 554]"
287,54,257,1184,0.0007957413671776585,0.0007957413671776585,2,"[7, 10]","[6246, 5]"
288,54,257,1184,0.0007965313671776624,7.900000000038735e-07,2,"[7, 10]","[6231, 96]"
289,54,257,1184,0.0007971113671776652,5.800000000028439e-07,2,"[7, 10]","[5690, 591]"
290,54,257,1184,0.0007975713671776675,4.600000000022555e-07,2,"[7, 10]","[4695, 1496]"
291,54,257,1184,0.0007979813671776695,4.100000000020103e-07,2,"[7, 10]","[4063, 2265]"
292,54,257,1184,0.0007983713671776714,3.9000000000191225e-07,2,"[7, 10]","[3432, 2703]"
293,54,257,1184,0.0007988413671776737,4.700000000023045e-07,2,"[7, 10]","[3410, 2879]"
294,54,257,1184,0.0007996513671776777,8.100000000039716e-07,2,"[7, 10]","[3806, 2396]"
295,54,257,1185,0.0007960712760203513,0.0007960712760203513,2,"[7, 11]","[6262, 5]"
296,54,257,1200,0.0006853555482762971,0.0006853555482762971,4,"[19, 31, 32, 220]","[5076, 273, 902, 29]"
297,54,257,1201,0.0006839409672800977,0.0006839409672800977,2,"[19, 32]","[5745, 522]"
298,54,258,1182,0.0008039063868710568,0.0008039063868710568,2,"[7, 10]","[6261, 3]"
299,54,258,1183,0.000799483111445706,0.000799483111445706,2,"[7, 10]","[4133, 2138]"
300,54,258,1183,0.0008004631114457108,9.800000000048052e-07,2,"[7, 10]","[6228, 66]"
301,54,258,1183,0.0008011731114457143,7.100000000034813e-07,2,"[7, 10]","[6187, 2]"
302,54,258,1183,0.0008018331114457175,6.600000000032361e-07,1,[7],[6264]
303,54,258,1183,0.0008025931114457212,7.600000000037264e-07,1,[7],[6233]
304,54,258,1183,0.0008038031114457272,1.2100000000059329e-06,1,[7],[6258]
305,54,258,1184,0.0007985680805347335,0.0007985680805347335,2,"[7, 10]","[3451, 2826]"
306,54,258,1184,0.0008000380805347408,1.4700000000072077e-06,2,"[7, 10]","[4892, 1357]"
307,54,259,1181,0.0008087744954842679,0.0008087744954842679,2,"[7, 9]","[5185, 1065]"
308,54,259,1182,0.0008041044754058229,0.0008041044754058229,2,"[7, 9]","[6277, 1]"
309,54,259,1182,0.0008049544754058271,8.500000000041677e-07,2,"[7, 9]","[6163, 85]"
310,54,259,1182,0.0008055844754058302,6.30000000003089e-07,2,"[7, 9]","[5624, 639]"
311,54,259,1182,0.0008061044754058327,5.200000000025497e-07,2,"[7, 9]","[4573, 1753]"
312,54,259,1182,0.0008065944754058351,4.900000000024026e-07,2,"[7, 9]","[3755, 2504]"
313,54,259,1182,0.0008071644754058379,5.700000000027948e-07,2,"[7, 9]","[3676, 2493]"
314,54,259,1182,0.000808804475405846,1.6400000000080413e-06,2,"[7, 9]","[4927, 1288]"
315,54,259,1183,0.0008033640775616656,0.0008033640775616656,2,"[7, 10]","[6279, 2]"
316,54,259,1183,0.0008051340775616743,1.7700000000086787e-06,2,"[7, 9]","[6215, 12]"
317,54,259,1205,0.000602491209695143,0.000602491209695143,1,[180],[6272]
318,54,260,1181,0.0008083013247500653,0.0008083013247500653,2,"[7, 9]","[5964, 291]"
319,54,260,1181,0.0008092213247500698,9.20000000004511e-07,2,"[7, 9]","[6335, 3]"
320,54,260,1181,0.0008099813247500735,7.600000000037264e-07,1,[7],[6165]
321,54,260,1181,0.0008108613247500778,8.800000000043148e-07,1,[7],[6253]
322,54,260,1181,0.0008148813247500975,4.020000000019711e-06,1,[7],[6239]
323,54,260,1182,0.0008067821632876007,0.0008067821632876007,2,"[7, 9]","[4482, 1806]"
324,54,260,1182,0.0008078821632876061,1.1000000000053935e-06,2,"[7, 9]","[5398, 823]"
325,54,260,1182,0.0008091821632876125,1.3000000000063742e-06,2,"[7, 9]","[6214, 46]"
326,54,261,1180,0.0008126760204971767,0.0008126760204971767,1,[7],[6252]
327,54,261,1180,0.000813756020497182,1.0800000000052955e-06,1,[7],[6295]
328,54,261,1180,0.0008148960204971876,1.1400000000055897e-06,1,[7],[6234]
329,54,261,1181,0.0008107574175730669,0.0008107574175730669,1,[7],[6250]
330,54,261,1181,0.0008116974175730715,9.40000000004609e-07,1,[7],[6270]
331,54,261,1181,0.0008125774175730758,8.800000000043148e-07,1,[7],[6236]
332,54,261,1181,0.0008139774175730827,1.4000000000068645e-06,1,[7],[6249]
333,54,262,1179,0.0008170848123790901,0.0008170848123790901,1,[7],[6267]
334,54,262,1179,0.0008186448123790978,1.560000000007649e-06,2,"[7, 8]","[6231, 2]"
335,54,262,1180,0.0008145167592813552,0.0008145167592813552,1,[7],[6271]
336,54,262,1180,0.0008153467592813592,8.300000000040697e-07,1,[7],[6288]
337,54,262,1180,0.0008160667592813628,7.200000000035303e-07,1,[7],[6204]
338,54,262,1180,0.0008168967592813668,8.300000000040697e-07,1,[7],[6260]
339,54,262,1180,0.0008186967592813757,1.8000000000088258e-06,1,[7],[6231]
340,54,263,1178,0.0008209221574988566,0.0008209221574988566,2,"[7, 8]","[3512, 2764]"
341,54,263,1178,0.0008242521574988729,3.3300000000163277e-06,2,"[7, 8]","[5067, 1158]"
342,54,263,1179,0.0008182248939776833,0.0008182248939776833,2,"[7, 8]","[6297, 18]"
343,54,263,1179,0.0008190048939776871,7.800000000038245e-07,2,"[7, 8]","[5863, 365]"
344,54,263,1179,0.0008195348939776897,5.300000000025987e-07,2,"[7, 8]","[4817, 1487]"
345,54,263,1179,0.0008199248939776917,3.9000000000191225e-07,2,"[7, 8]","[3661, 2545]"
346,54,263,1179,0.0008202748939776934,3.500000000017161e-07,2,"[7, 8]","[2998, 3292]"
347,54,263,1179,0.0008206248939776951,3.500000000017161e-07,2,"[7, 8]","[2657, 3511]"
348,54,263,1179,0.0008210748939776973,4.5000000000220645e-07,2,"[7, 8]","[2793, 3462]"
349,54,263,1179,0.0008220848939777022,1.0100000000049522e-06,2,"[7, 8]","[3418, 2835]"
350,54,263,1180,0.0008188012155292316,0.0008188012155292316,2,"[7, 8]","[6245, 11]"
351,54,264,1178,0.000821906168272483,0.000821906168272483,2,"[7, 8]","[4870, 1418]"
352,54,264,1178,0.0008228361682724876,9.3000000000456e-07,2,"[7, 8]","[6185, 50]"
353,54,264,1178,0.0008236061682724914,7.700000000037755e-07,2,"[7, 8]","[6258, 1]"
354,54,264,1178,0.0008244061682724953,8.000000000039226e-07,1,[7],[6257]
355,54,264,1178,0.0008256361682725013,1.230000000006031e-06,1,[7],[6227]
356,54,264,1179,0.0008204035918139215,0.0008204035918139215,2,"[7, 8]","[2577, 3712]"
357,54,264,1179,0.0008213635918139262,9.60000000004707e-07,2,"[7, 8]","[3232, 3008]"
358,54,264,1179,0.0008229435918139339,1.580000000007747e-06,2,"[7, 8]","[5596, 644]"
359,54,265,1177,0.0008263241134819538,0.0008263241134819538,1,[7],[6261]
360,54,265,1177,0.0008272841134819585,9.60000000004707e-07,1,[7],[6269]
361,54,265,1177,0.000828194113481963,9.100000000044619e-07,1,[7],[6265]
362,54,265,1177,0.0008297241134819705,1.530000000007502e-06,1,[7],[6205]
363,54,265,1178,0.0008248808625120322,0.0008248808625120322,2,"[7, 8]","[6246, 4]"
364,54,265,1178,0.0008260008625120377,1.1200000000054916e-06,1,[7],[6287]
365,54,265,1178,0.0008274108625120446,1.4100000000069135e-06,1,[7],[6241]
366,54,266,1176,0.0008309476699884572,0.0008309476699884572,1,[7],[6250]
367,54,266,1176,0.0008323876699884643,1.4400000000070606e-06,1,[7],[6283]
368,54,266,1177,0.0008286423281261267,0.0008286423281261267,1,[7],[6281]
369,54,266,1177,0.0008296223281261315,9.800000000048052e-07,1,[7],[6253]
370,54,266,1177,0.000830542328126136,9.20000000004511e-07,1,[7],[6235]
371,54,266,1177,0.0008318523281261425,1.3100000000064232e-06,1,[7],[6242]
372,54,267,1175,0.0008368022579945682,0.0008368022579945682,1,[7],[6255]
373,54,267,1176,0.0008325143926937992,0.0008325143926937992,1,[7],[6297]
374,54,267,1176,0.0008333943926938035,8.800000000043148e-07,1,[7],[6212]
375,54,267,1176,0.0008341543926938072,7.600000000037264e-07,1,[7],[6261]
376,54,267,1176,0.0008349843926938113,8.300000000040697e-07,1,[7],[6234]
377,54,267,1176,0.000836564392693819,1.580000000007747e-06,1,[7],[6262]
378,54,267,1177,0.0008342961866362128,0.0008342961866362128,1,[7],[6251]
379,54,267,1203,0.000645644772190157,0.000645644772190157,2,"[153, 160]","[3847, 2417]"
380,54,267,1204,0.0006433067600256227,0.0006433067600256227,2,"[153, 160]","[5970, 342]"
381,54,267,1204,0.0006437567600256249,4.5000000000220645e-07,2,"[153, 160]","[5474, 870]"
382,54,267,1204,0.0006441267600256267,3.700000000018142e-07,2,"[153, 160]","[5023, 1183]"
383,54,267,1204,0.0006445167600256286,3.9000000000191225e-07,3,"[153, 160, 161]","[4888, 1304, 2]"
384,54,267,1204,0.000645006760025631,4.900000000024026e-07,3,"[153, 160, 161]","[5215, 991, 20]"
385,54,267,1204,0.000645606760025634,6.000000000029419e-07,3,"[153, 160, 161]","[5755, 328, 165]"
386,54,267,1204,0.0006462467600256371,6.400000000031381e-07,3,"[153, 160, 161]","[5597, 25, 657]"
387,54,267,1205,0.000645095261248308,0.000645095261248308,3,"[153, 160, 161]","[6174, 36, 68]"
388,54,267,1205,0.0006460152612483125,9.20000000004511e-07,3,"[153, 160, 161]","[5205, 2, 1080]"
389,54,267,1205,0.0006466652612483157,6.500000000031871e-07,2,"[153, 161]","[4522, 1672]"
390,54,268,1175,0.0008366854141772142,0.0008366854141772142,1,[7],[6283]
391,54,268,1175,0.0008376454141772189,9.60000000004707e-07,1,[7],[6229]
392,54,268,1175,0.0008385854141772235,9.40000000004609e-07,1,[7],[6281]
393,54,268,1175,0.0008397754141772294,1.1900000000058348e-06,1,[7],[6209]
394,54,268,1176,0.0008359324143506477,0.0008359324143506477,1,[7],[6277]
395,54,268,1176,0.000837622414350656,1.6900000000082864e-06,1,[7],[6252]
396,54,268,1204,0.0006439666197962955,0.0006439666197962955,2,"[153, 160]","[6079, 204]"
397,54,268,1204,0.000645496619796303,1.530000000007502e-06,3,"[153, 160, 161]","[5882, 340, 14]"
398,54,268,1205,0.0006460456466678096,0.0006460456466678096,3,"[153, 160, 161]","[6100, 10, 144]"
399,54,269,1174,0.0008416113426976793,0.0008416113426976793,1,[7],[6273]
400,54,269,1174,0.0008431113426976866,1.5000000000073548e-06,1,[7],[6255]
401,54,269,1175,0.0008393153846276264,0.0008393153846276264,1,[7],[6294]
402,54,269,1175,0.0008402753846276311,9.60000000004707e-07,1,[7],[6233]
403,54,269,1175,0.0008411853846276356,9.100000000044619e-07,1,[7],[6265]
404,54,269,1175,0.0008423653846276413,1.1800000000057858e-06,1,[7],[6211]
405,54,270,1174,0.0008432680745707635,0.0008432680745707635,1,[7],[6253]
406,54,270,1174,0.0008442180745707682,9.500000000046581e-07,1,[7],[6282]
407,54,270,1174,0.0008449880745707719,7.700000000037755e-07,1,[7],[6277]
408,54,270,1174,0.000845818074570776,8.300000000040697e-07,1,[7],[6261]
409,54,270,1174,0.0008470180745707819,1.2000000000058839e-06,1,[7],[6181]
410,54,270,1175,0.0008440587248358365,0.0008440587248358365,1,[7],[6250]
411,54,271,1173,0.0008479568113186691,0.0008479568113186691,1,[7],[6300]
412,54,271,1173,0.0008490968113186747,1.1400000000055897e-06,1,[7],[6204]
413,54,271,1173,0.0008503168113186807,1.220000000005982e-06,1,[7],[6258]
414,54,271,1174,0.0008465424076315346,0.0008465424076315346,1,[7],[6250]
415,54,271,1174,0.0008477424076315405,1.2000000000058839e-06,1,[7],[6280]
416,54,271,1174,0.0008491424076315473,1.4000000000068645e-06,1,[7],[6231]
417,54,272,1172,0.0008541341892767094,0.0008541341892767094,1,[7],[6256]
418,54,272,1173,0.0008503045846152459,0.0008503045846152459,1,[7],[6259]
419,54,272,1173,0.0008512045846152504,9.000000000044129e-07,1,[7],[6245]
420,54,272,1173,0.0008519745846152541,7.700000000037755e-07,1,[7],[6312]
421,54,272,1173,0.0008527845846152581,8.100000000039716e-07,1,[7],[6242]
422,54,272,1173,0.000853984584615264,1.2000000000058839e-06,1,[7],[6223]
423,54,273,1172,0.0008547276608646421,0.0008547276608646421,1,[7],[6251]
424,54,273,1172,0.0008557576608646471,1.0300000000050503e-06,1,[7],[6290]
425,54,273,1172,0.0008566976608646518,9.40000000004609e-07,1,[7],[6250]
426,54,273,1172,0.0008579376608646578,1.24000000000608e-06,1,[7],[6209]
427,54,273,1173,0.0008538878810988617,0.0008538878810988617,1,[7],[6269]
428,54,273,1173,0.0008552778810988686,1.3900000000068155e-06,1,[7],[6244]
429,54,274,1171,0.00086049874866683,0.00086049874866683,1,[7],[6252]
430,54,274,1172,0.0008573317204503358,0.0008573317204503358,1,[7],[6290]
431,54,274,1172,0.0008582617204503404,9.3000000000456e-07,1,[7],[6273]
432,54,274,1172,0.0008590517204503442,7.900000000038735e-07,1,[7],[6203]
433,54,274,1172,0.0008598917204503484,8.400000000041187e-07,1,[7],[6242]
434,54,274,1172,0.0008612217204503549,1.3300000000065213e-06,1,[7],[6262]
435,54,275,1171,0.0008617243126146379,0.0008617243126146379,1,[7],[6286]
436,54,275,1171,0.0008628143126146432,1.0900000000053445e-06,1,[7],[6278]
437,54,275,1171,0.0008637443126146478,9.3000000000456e-07,1,[7],[6208]
438,54,275,1171,0.0008648743126146533,1.1300000000055406e-06,1,[7],[6263]
439,54,275,1172,0.0008612075917161779,0.0008612075917161779,1,[7],[6254]
440,54,275,1172,0.0008632975917161882,2.0900000000102477e-06,1,[7],[6248]
441,54,276,1170,0.0008677887181618812,0.0008677887181618812,1,[7],[6268]
442,54,276,1170,0.000871008718161897,3.2200000000157884e-06,1,[7],[6233]
443,54,276,1171,0.000864690285786955,0.000864690285786955,1,[7],[6250]
444,54,276,1171,0.00086572028578696,1.0300000000050503e-06,1,[7],[6325]
445,54,276,1171,0.0008665802857869642,8.600000000042168e-07,1,[7],[6186]
446,54,276,1171,0.0008675402857869689,9.60000000004707e-07,1,[7],[6246]
447,54,276,1171,0.0008690602857869764,1.5200000000074529e-06,1,[7],[6243]
448,54,277,1170,0.0008693843808681018,0.0008693843808681018,1,[7],[6259]
449,54,277,1170,0.000870444380868107,1.0600000000051974e-06,1,[7],[6273]
450,54,277,1170,0.0008713343808681113,8.900000000043639e-07,1,[7],[6252]
451,54,277,1170,0.0008723643808681164,1.0300000000050503e-06,1,[7],[6231]
452,54,277,1170,0.0008745843808681273,2.220000000010885e-06,1,[7],[6240]
453,54,277,1171,0.0008690776879598572,0.0008690776879598572,1,[7],[6267]
454,54,277,1171,0.0008712676879598679,2.190000000010738e-06,1,[7],[6243]
455,54,278,1169,0.0008755413474189969,0.0008755413474189969,1,[7],[6280]
456,54,278,1169,0.0008787313474190125,3.1900000000156413e-06,1,[7],[6221]
457,54,278,1170,0.0008725105496724753,0.0008725105496724753,1,[7],[6260]
458,54,278,1170,0.0008735505496724804,1.0400000000050993e-06,1,[7],[6272]
459,54,278,1170,0.0008744205496724847,8.700000000042658e-07,1,[7],[6230]
460,54,278,1170,0.0008754105496724896,9.900000000048542e-07,1,[7],[6282]
461,54,278,1170,0.0008771805496724982,1.7700000000086787e-06,1,[7],[6224]
462,54,279,1169,0.0008772876075791215,0.0008772876075791215,1,[7],[6278]
463,54,279,1169,0.0008783976075791269,1.1100000000054426e-06,1,[7],[6268]
464,54,279,1169,0.0008793476075791316,9.500000000046581e-07,1,[7],[6209]
465,54,279,1169,0.0008805476075791375,1.2000000000058839e-06,1,[7],[6270]
466,54,279,1170,0.0008770297609112669,0.0008770297609112669,1,[7],[6263]
467,54,279,1170,0.0008797297609112802,2.7000000000132387e-06,1,[7],[6244]
468,54,280,1168,0.0008835842839361685,0.0008835842839361685,1,[7],[6269]
469,54,280,1169,0.0008803332996750034,0.0008803332996750034,1,[7],[6292]
470,54,280,1169,0.0008813932996750086,1.0600000000051974e-06,1,[7],[6250]
471,54,280,1169,0.0008823132996750131,9.20000000004511e-07,1,[7],[6230]
472,54,280,1169,0.0008833532996750182,1.0400000000050993e-06,1,[7],[6234]
473,54,280,1169,0.0008860632996750315,2.7100000000132877e-06,1,[7],[6244]
474,54,281,1168,0.0008850355987245782,0.0008850355987245782,1,[7],[6277]
475,54,281,1168,0.0008861655987245838,1.1300000000055406e-06,1,[7],[6256]
476,54,281,1168,0.0008872055987245889,1.0400000000050993e-06,1,[7],[6261]
477,54,281,1168,0.0008886755987245961,1.4700000000072077e-06,1,[7],[6221]
478,54,281,1169,0.0008844615928298162,0.0008844615928298162,1,[7],[6261]
479,54,281,1169,0.0008863315928298253,1.870000000009169e-06,1,[7],[6250]
480,54,282,1167,0.0008917302688483227,0.0008917302688483227,1,[7],[6264]
481,54,282,1168,0.0008879244539058822,0.0008879244539058822,1,[7],[6259]
482,54,282,1168,0.0008889744539058873,1.0500000000051484e-06,1,[7],[6303]
483,54,282,1168,0.0008898644539058917,8.900000000043639e-07,1,[7],[6221]
484,54,282,1168,0.0008908144539058963,9.500000000046581e-07,1,[7],[6225]
485,54,282,1168,0.0008925344539059048,1.7200000000084335e-06,1,[7],[6256]
486,54,283,1167,0.0008928702645831099,0.0008928702645831099,1,[7],[6266]
487,54,283,1167,0.0008941302645831161,1.260000000006178e-06,1,[7],[6270]
488,54,283,1167,0.0008953102645831219,1.1800000000057858e-06,1,[7],[6222]
489,54,283,1168,0.0008919319677096717,0.0008919319677096717,1,[7],[6269]
490,54,283,1168,0.00089362196770968,1.6900000000082864e-06,1,[7],[6244]
491,54,284,1166,0.000900023438182871,0.000900023438182871,1,[7],[6253]
492,54,284,1167,0.0008955190626464375,0.0008955190626464375,1,[7],[6251]
493,54,284,1167,0.0008965290626464425,1.0100000000049522e-06,1,[7],[6292]
494,54,284,1167,0.0008973990626464467,8.700000000042658e-07,1,[7],[6278]
495,54,284,1167,0.0008983590626464514,9.60000000004707e-07,1,[7],[6222]
496,54,284,1167,0.0009002490626464607,1.890000000009267e-06,1,[7],[6214]
497,54,285,1166,0.0009003124020415718,0.0009003124020415718,1,[7],[6256]
498,54,285,1166,0.000901582402041578,1.270000000006227e-06,1,[7],[6279]
499,54,285,1166,0.0009029324020415847,1.3500000000066193e-06,1,[7],[6251]
500,54,285,1167,0.0008991503518308061,0.0008991503518308061,1,[7],[6274]
501,54,285,1167,0.0009005103518308127,1.3600000000066684e-06,1,[7],[6234]
502,54,285,1167,0.0009024703518308223,1.9600000000096103e-06,1,[7],[6244]
503,54,286,1166,0.0009028318858615687,0.0009028318858615687,1,[7],[6294]
504,54,286,1166,0.0009038418858615736,1.0100000000049522e-06,1,[7],[6254]
505,54,286,1166,0.0009047018858615778,8.600000000042168e-07,1,[7],[6216]
506,54,286,1166,0.0009056418858615824,9.40000000004609e-07,1,[7],[6280]
507,54,286,1166,0.0009072618858615904,1.6200000000079432e-06,1,[7],[6208]
508,54,287,1165,0.0009078639928025893,0.0009078639928025893,1,[7],[6286]
509,54,287,1165,0.000909213992802596,1.3500000000066193e-06,2,"[1, 7]","[103, 6115]"
510,54,287,1165,0.000910443992802602,1.230000000006031e-06,2,"[1, 7]","[1906, 4362]"
511,54,287,1166,0.0009063409179678446,0.0009063409179678446,1,[7],[6290]
512,54,287,1166,0.0009075709179678506,1.230000000006031e-06,2,"[1, 7]","[1, 6227]"
513,54,287,1166,0.0009089409179678573,1.3700000000067174e-06,2,"[1, 7]","[122, 6112]"
514,54,287,1166,0.0009101709179678634,1.230000000006031e-06,2,"[1, 7]","[3394, 2888]"
515,54,287,1166,0.0009109809179678673,8.100000000039716e-07,2,"[1, 7]","[5521, 715]"
516,54,287,1167,0.0009105009815355307,0.0009105009815355307,2,"[1, 7]","[5628, 662]"
517,54,287,1168,0.0009106579670894333,0.0009106579670894333,1,[1],[6251]
518,54,287,1169,0.0009108886327032418,0.0009108886327032418,1,[1],[6267]
519,54,287,1170,0.0009111765639293451,0.0009111765639293451,1,[1],[6253]
520,54,287,1171,0.0009117018347207001,0.0009117018347207001,2,"[1, 5]","[6248, 3]"
521,54,288,1165,0.0009098604402044737,0.0009098604402044737,2,"[1, 7]","[1849, 4468]"
522,54,288,1165,0.000910520440204477,6.600000000032361e-07,2,"[1, 7]","[4102, 2158]"
523,54,288,1165,0.0009112104402044804,6.900000000033832e-07,2,"[1, 7]","[4894, 1315]"
524,54,288,1166,0.000909676694850257,0.000909676694850257,2,"[1, 7]","[3642, 2665]"
525,54,288,1166,0.0009101066948502591,4.300000000021084e-07,2,"[1, 7]","[5696, 628]"
526,54,288,1166,0.0009104066948502606,3.0000000000147097e-07,2,"[1, 7]","[5900, 342]"
527,54,288,1166,0.0009106866948502619,2.800000000013729e-07,2,"[1, 7]","[5904, 287]"
528,54,288,1166,0.0009110066948502635,3.2000000000156903e-07,2,"[1, 7]","[6141, 193]"
529,54,288,1166,0.0009114866948502658,4.800000000023535e-07,2,"[1, 7]","[6007, 157]"
530,54,288,1167,0.000909777524108148,0.000909777524108148,2,"[1, 7]","[6231, 22]"
531,54,288,1167,0.0009101475241081498,3.700000000018142e-07,2,"[1, 7]","[6451, 1]"
532,54,288,1167,0.0009104375241081512,2.9000000000142193e-07,1,[1],[6222]
533,54,288,1167,0.0009107275241081527,2.9000000000142193e-07,2,"[1, 7]","[6109, 2]"
534,54,288,1167,0.0009110875241081544,3.6000000000176516e-07,1,[1],[6235]
535,54,288,1167,0.0009121875241081598,1.1000000000053935e-06,2,"[1, 7]","[6228, 1]"
536,54,288,1168,0.0009096792107444902,0.0009096792107444902,1,[1],[6257]
537,54,288,1168,0.0009100392107444919,3.6000000000176516e-07,1,[1],[6340]
538,54,288,1168,0.0009103192107444933,2.800000000013729e-07,1,[1],[6301]
539,54,288,1168,0.0009105892107444946,2.7000000000132387e-07,1,[1],[6109]
540,54,288,1168,0.0009109192107444962,3.3000000000161806e-07,1,[1],[6258]
541,54,288,1168,0.0009115492107444993,6.30000000003089e-07,1,[1],[6264]
542,54,288,1169,0.0009096419748966697,0.0009096419748966697,1,[1],[6329]
543,54,288,1169,0.0009099919748966714,3.500000000017161e-07,1,[1],[6186]
544,54,288,1169,0.0009102819748966728,2.9000000000142193e-07,1,[1],[6438]
545,54,288,1169,0.0009105619748966742,2.800000000013729e-07,1,[1],[6222]
546,54,288,1169,0.0009108919748966758,3.3000000000161806e-07,1,[1],[6159]
547,54,288,1169,0.000911541974896679,6.500000000031871e-07,1,[1],[6189]
548,54,288,1170,0.0009096410346533606,0.0009096410346533606,1,[1],[6304]
549,54,288,1170,0.0009100010346533623,3.6000000000176516e-07,1,[1],[6283]
550,54,288,1170,0.0009102810346533637,2.800000000013729e-07,1,[1],[6331]
551,54,288,1170,0.000910551034653365,2.7000000000132387e-07,1,[1],[6222]
552,54,288,1170,0.0009108710346533666,3.2000000000156903e-07,1,[1],[6154]
553,54,288,1170,0.0009114710346533695,6.000000000029419e-07,1,[1],[6262]
554,54,288,1171,0.0009096367334584969,0.0009096367334584969,2,"[1, 5]","[6336, 4]"
555,54,288,1171,0.0009099867334584986,3.500000000017161e-07,2,"[1, 5]","[6324, 3]"
556,54,288,1171,0.0009102567334584999,2.7000000000132387e-07,2,"[1, 5]","[6130, 4]"
557,54,288,1171,0.0009105267334585012,2.7000000000132387e-07,2,"[1, 5]","[6313, 4]"
558,54,288,1171,0.0009108367334585027,3.1000000000152e-07,2,"[1, 5]","[6313, 1]"
559,54,288,1171,0.0009113167334585051,4.800000000023535e-07,2,"[1, 5]","[6083, 2]"
560,54,288,1172,0.0009095816548864258,0.0009095816548864258,2,"[1, 5]","[6040, 349]"
561,54,288,1172,0.0009099216548864275,3.400000000016671e-07,2,"[1, 5]","[5972, 351]"
562,54,288,1172,0.0009101816548864288,2.6000000000127484e-07,2,"[1, 5]","[5864, 372]"
563,54,288,1172,0.0009104216548864299,2.4000000000117677e-07,2,"[1, 5]","[5841, 310]"
564,54,288,1172,0.0009106916548864313,2.7000000000132387e-07,2,"[1, 5]","[5826, 341]"
565,54,288,1172,0.0009110616548864331,3.700000000018142e-07,2,"[1, 5]","[5996, 321]"
566,54,288,1173,0.0009095917860069193,0.0009095917860069193,2,"[1, 5]","[5775, 536]"
567,54,288,1173,0.0009099417860069211,3.500000000017161e-07,2,"[1, 5]","[5804, 450]"
568,54,288,1173,0.0009102117860069224,2.7000000000132387e-07,2,"[1, 5]","[5804, 440]"
569,54,288,1173,0.0009104717860069237,2.6000000000127484e-07,2,"[1, 5]","[5889, 446]"
570,54,288,1173,0.000910751786006925,2.800000000013729e-07,2,"[1, 5]","[5755, 401]"
571,54,288,1173,0.000911161786006927,4.100000000020103e-07,2,"[1, 5]","[5765, 443]"
572,54,288,1174,0.0009096395523437019,0.0009096395523437019,2,"[1, 5]","[6243, 11]"
573,54,288,1174,0.0009100095523437037,3.700000000018142e-07,2,"[1, 5]","[6431, 6]"
574,54,288,1174,0.0009102895523437051,2.800000000013729e-07,2,"[1, 5]","[6156, 8]"
575,54,288,1174,0.0009105695523437064,2.800000000013729e-07,2,"[1, 5]","[6344, 4]"
576,54,288,1174,0.000910889552343708,3.2000000000156903e-07,2,"[1, 5]","[6076, 10]"
577,54,288,1174,0.0009115395523437112,6.500000000031871e-07,2,"[1, 5]","[6237, 3]"
578,54,288,1175,0.0009097060793576418,0.0009097060793576418,1,[1],[6330]
579,54,288,1175,0.0009100560793576435,3.500000000017161e-07,1,[1],[6223]
580,54,288,1175,0.0009103460793576449,2.9000000000142193e-07,1,[1],[6252]
581,54,288,1175,0.0009106360793576464,2.9000000000142193e-07,1,[1],[6307]
582,54,288,1175,0.0009109860793576481,3.500000000017161e-07,1,[1],[6163]
583,54,288,1175,0.0009120060793576531,1.0200000000050013e-06,1,[1],[6230]
584,54,288,1176,0.0009097544841043451,0.0009097544841043451,2,"[1, 4]","[6368, 3]"
585,54,288,1176,0.0009101144841043468,3.6000000000176516e-07,2,"[1, 4]","[6234, 4]"
586,54,288,1176,0.0009104144841043483,3.0000000000147097e-07,2,"[1, 4]","[6334, 2]"
587,54,288,1176,0.0009107244841043498,3.1000000000152e-07,2,"[1, 4]","[6108, 4]"
588,54,288,1176,0.0009111544841043519,4.300000000021084e-07,1,[1],[6300]
589,54,288,1177,0.0009097427511924489,0.0009097427511924489,3,"[1, 3, 4]","[6016, 1, 368]"
590,54,288,1177,0.0009101027511924507,3.6000000000176516e-07,3,"[1, 3, 4]","[5878, 1, 358]"
591,54,288,1177,0.0009104027511924521,3.0000000000147097e-07,3,"[1, 3, 4]","[5940, 1, 310]"
592,54,288,1177,0.0009107127511924537,3.1000000000152e-07,2,"[1, 4]","[5990, 321]"
593,54,288,1177,0.0009111027511924556,3.9000000000191225e-07,3,"[1, 3, 4]","[5858, 1, 289]"
594,54,288,1178,0.0009097573877265636,0.0009097573877265636,3,"[1, 3, 4]","[5518, 323, 531]"
595,54,288,1178,0.0009101273877265654,3.700000000018142e-07,3,"[1, 3, 4]","[5474, 291, 510]"
596,54,288,1178,0.0009104273877265669,3.0000000000147097e-07,3,"[1, 3, 4]","[5450, 288, 445]"
597,54,288,1178,0.0009107473877265685,3.2000000000156903e-07,3,"[1, 3, 4]","[5554, 260, 458]"
598,54,288,1178,0.0009111873877265706,4.400000000021574e-07,3,"[1, 3, 4]","[5499, 262, 456]"
599,54,288,1179,0.0009097572123009526,0.0009097572123009526,3,"[1, 3, 4]","[5747, 608, 8]"
600,54,288,1179,0.0009101472123009545,3.9000000000191225e-07,3,"[1, 3, 4]","[5650, 571, 12]"
601,54,288,1179,0.0009104672123009561,3.2000000000156903e-07,3,"[1, 3, 4]","[5644, 568, 9]"
602,54,288,1179,0.0009108272123009579,3.6000000000176516e-07,3,"[1, 3, 4]","[5691, 612, 12]"
603,54,288,1179,0.0009113972123009607,5.700000000027948e-07,3,"[1, 3, 4]","[5579, 569, 7]"
604,54,288,1180,0.0009097817885136833,0.0009097817885136833,2,"[1, 3]","[6358, 21]"
605,54,288,1180,0.0009101817885136853,4.000000000019613e-07,2,"[1, 3]","[6121, 13]"
606,54,288,1180,0.000910541788513687,3.6000000000176516e-07,2,"[1, 3]","[6303, 15]"
607,54,288,1180,0.0009109817885136892,4.400000000021574e-07,2,"[1, 3]","[6165, 18]"
608,54,288,1181,0.0009097244288428863,0.0009097244288428863,1,[1],[6253]
609,54,288,1181,0.0009101244288428883,4.000000000019613e-07,1,[1],[6302]
610,54,288,1181,0.00091046442884289,3.400000000016671e-07,1,[1],[6300]
611,54,288,1181,0.0009108544288428919,3.9000000000191225e-07,1,[1],[6253]
612,54,288,1181,0.0009119344288428972,1.0800000000052955e-06,1,[1],[6146]
613,54,288,1182,0.0009096804062986427,0.0009096804062986427,1,[1],[6298]
614,54,288,1182,0.0009100704062986446,3.9000000000191225e-07,1,[1],[6355]
615,54,288,1182,0.0009103904062986462,3.2000000000156903e-07,1,[1],[6118]
616,54,288,1182,0.0009107504062986479,3.6000000000176516e-07,1,[1],[6281]
617,54,288,1182,0.0009114004062986511,6.500000000031871e-07,1,[1],[6198]
618,54,288,1183,0.00090964384235286,0.00090964384235286,1,[1],[6274]
619,54,288,1183,0.0009100338423528619,3.9000000000191225e-07,1,[1],[6312]
620,54,288,1183,0.0009103538423528635,3.2000000000156903e-07,1,[1],[6261]
621,54,288,1183,0.0009107138423528653,3.6000000000176516e-07,1,[1],[6273]
622,54,288,1183,0.0009113138423528682,6.000000000029419e-07,1,[1],[6172]
623,54,288,1184,0.0009096250739608772,0.0009096250739608772,1,[1],[6379]
624,54,288,1184,0.0009100050739608791,3.800000000018632e-07,1,[1],[6230]
625,54,288,1184,0.0009103250739608806,3.2000000000156903e-07,1,[1],[6149]
626,54,288,1184,0.0009106850739608824,3.6000000000176516e-07,1,[1],[6318]
627,54,288,1184,0.0009112650739608852,5.800000000028439e-07,1,[1],[6174]
628,54,288,1185,0.0009095856362041218,0.0009095856362041218,2,"[1, 2]","[6300, 3]"
629,54,288,1185,0.0009099656362041237,3.800000000018632e-07,2,"[1, 2]","[6306, 2]"
630,54,288,1185,0.0009102756362041252,3.1000000000152e-07,1,[1],[6196]
631,54,288,1185,0.0009106056362041268,3.3000000000161806e-07,2,"[1, 2]","[6195, 2]"
632,54,288,1185,0.0009111056362041293,5.000000000024516e-07,2,"[1, 2]","[6326, 5]"
633,54,288,1186,0.0009095785969070657,0.0009095785969070657,2,"[1, 2]","[6058, 292]"
634,54,288,1186,0.0009099385969070675,3.6000000000176516e-07,2,"[1, 2]","[5857, 315]"
635,54,288,1186,0.0009102285969070689,2.9000000000142193e-07,2,"[1, 2]","[5965, 296]"
636,54,288,1186,0.0009105385969070704,3.1000000000152e-07,2,"[1, 2]","[6059, 330]"
637,54,288,1186,0.0009109285969070724,3.9000000000191225e-07,2,"[1, 2]","[5806, 322]"
638,54,288,1187,0.0009095188117782401,0.0009095188117782401,2,"[1, 2]","[5730, 580]"
639,54,288,1187,0.0009098688117782418,3.500000000017161e-07,2,"[1, 2]","[5679, 544]"
640,54,288,1187,0.0009101488117782432,2.800000000013729e-07,2,"[1, 2]","[5717, 620]"
641,54,288,1187,0.0009104088117782445,2.6000000000127484e-07,2,"[1, 2]","[5719, 574]"
642,54,288,1187,0.000910708811778246,3.0000000000147097e-07,2,"[1, 2]","[5561, 609]"
643,54,288,1187,0.0009112088117782484,5.000000000024516e-07,2,"[1, 2]","[5579, 643]"
644,54,288,1188,0.0009098895640230108,0.0009098895640230108,2,"[1, 2]","[6271, 38]"
645,54,288,1188,0.0009104695640230136,5.800000000028439e-07,2,"[1, 2]","[6251, 35]"
646,54,288,1188,0.0009115095640230187,1.0400000000050993e-06,2,"[1, 2]","[6126, 44]"
647,54,289,1175,0.0009112728504928046,0.0009112728504928046,1,[1],[6267]
648,54,289,1176,0.0009109421759500476,0.0009109421759500476,2,"[1, 4]","[6271, 5]"
649,54,289,1177,0.0009105825630915925,0.0009105825630915925,3,"[1, 3, 4]","[5883, 4, 382]"
650,54,289,1178,0.0009104576011033213,0.0009104576011033213,3,"[1, 3, 4]","[5434, 369, 489]"
651,54,289,1179,0.0009104339585464951,0.0009104339585464951,3,"[1, 3, 4]","[5589, 680, 6]"
652,54,289,1180,0.0009105393332135148,0.0009105393332135148,2,"[1, 3]","[6255, 16]"
653,54,289,1181,0.0009105074395531989,0.0009105074395531989,1,[1],[6296]
654,54,289,1182,0.0009106038434161963,0.0009106038434161963,1,[1],[6289]
655,54,289,1183,0.0009107372429316475,0.0009107372429316475,1,[1],[6252]
656,54,289,1184,0.0009110397368383759,0.0009110397368383759,1,[1],[6255]
