,event,pixel_x,pixel_y,reset_time,TSLR,nMCParticles,MC_TrackIDs,MC_Weights
0,22,256,1148,0.000922294174554439,0.000922294174554439,1,[23],[6269]
1,22,257,1148,0.000921369475501211,0.000921369475501211,1,[23],[6259]
2,22,260,1109,0.0009588118557092169,0.0009588118557092169,1,[349],[6250]
3,22,260,1166,0.0009223173718890807,0.0009223173718890807,4,"[69, 85, 110, 112]","[3294, 2949, 5, 2]"
4,22,261,1109,0.0009588692056850207,0.0009588692056850207,1,[349],[6252]
5,22,261,1165,0.0009189950087158586,0.0009189950087158586,4,"[69, 85, 110, 112]","[4196, 27, 1512, 575]"
6,22,261,1165,0.0009196650087158619,6.700000000032852e-07,4,"[69, 85, 110, 112]","[4812, 237, 619, 613]"
7,22,261,1165,0.0009202750087158649,6.10000000002991e-07,4,"[69, 85, 110, 112]","[4782, 927, 172, 347]"
8,22,261,1165,0.0009209750087158683,7.000000000034323e-07,4,"[69, 85, 110, 112]","[4109, 1948, 25, 137]"
9,22,261,1165,0.0009232950087158797,2.3200000000113755e-06,3,"[69, 85, 112]","[4159, 2045, 8]"
10,22,261,1166,0.000920612846016708,0.000920612846016708,4,"[69, 85, 110, 112]","[3858, 2136, 165, 96]"
11,22,261,1166,0.0009213728460167117,7.600000000037264e-07,3,"[69, 85, 112]","[3994, 2315, 2]"
12,22,261,1166,0.0009221528460167155,7.800000000038245e-07,2,"[69, 85]","[5195, 1024]"
13,22,261,1166,0.0009230028460167197,8.500000000041677e-07,2,"[69, 85]","[6117, 134]"
14,22,261,1166,0.000924292846016726,1.2900000000063251e-06,2,"[69, 85]","[6221, 2]"
15,22,262,1164,0.0009178295463476894,0.0009178295463476894,3,"[69, 110, 112]","[6251, 13, 5]"
16,22,262,1164,0.0009185995463476932,7.700000000037755e-07,3,"[69, 110, 112]","[6201, 62, 22]"
17,22,262,1165,0.0009188719594022726,0.0009188719594022726,3,"[69, 110, 112]","[5606, 517, 190]"
18,22,262,1165,0.0009221419594022886,3.2700000000160335e-06,4,"[69, 85, 110, 112]","[5240, 122, 419, 407]"
19,22,262,1166,0.0009238631980302256,0.0009238631980302256,4,"[69, 85, 110, 112]","[6064, 137, 60, 34]"
20,22,262,1166,0.0009247931980302302,9.3000000000456e-07,1,[69],[6271]
21,22,262,1166,0.0009256431980302343,8.500000000041677e-07,1,[69],[6197]
22,22,262,1166,0.0009264831980302384,8.400000000041187e-07,1,[69],[6252]
23,22,262,1166,0.0009277331980302446,1.250000000006129e-06,1,[69],[6251]
24,22,262,1167,0.0009247010671595438,0.0009247010671595438,3,"[69, 85, 92]","[6279, 3, 1]"
25,22,262,1167,0.0009264210671595522,1.7200000000084335e-06,2,"[69, 92]","[6224, 10]"
26,22,263,1164,0.0009176966839343235,0.0009176966839343235,1,[69],[6283]
27,22,263,1165,0.0009270272327348659,0.0009270272327348659,3,"[69, 110, 112]","[6264, 3, 1]"
28,22,263,1166,0.0009257678673448215,0.0009257678673448215,1,[69],[6310]
29,22,263,1166,0.0009263678673448244,6.000000000029419e-07,1,[69],[6296]
30,22,263,1166,0.0009268378673448267,4.700000000023045e-07,1,[69],[6270]
31,22,263,1166,0.000927307867344829,4.700000000023045e-07,1,[69],[6185]
32,22,263,1166,0.0009280778673448328,7.700000000037755e-07,1,[69],[6206]
33,22,263,1167,0.0009265498891874136,0.0009265498891874136,1,[69],[6264]
34,22,265,1160,0.0009007166242783781,0.0009007166242783781,2,"[12, 60]","[6294, 5]"
35,22,266,1159,0.0009016654514170558,0.0009016654514170558,3,"[12, 60, 63]","[6226, 47, 4]"
36,22,266,1159,0.0009024454514170596,7.800000000038245e-07,3,"[12, 19, 60]","[6208, 6, 13]"
37,22,266,1159,0.0009037654514170661,1.3200000000064722e-06,3,"[12, 19, 60]","[6184, 71, 2]"
38,22,266,1160,0.0009000262373386445,0.0009000262373386445,2,"[12, 60]","[6261, 3]"
39,22,266,1160,0.000900946237338649,9.20000000004511e-07,2,"[12, 60]","[6220, 16]"
40,22,266,1160,0.0009023962373386561,1.4500000000071097e-06,3,"[12, 60, 63]","[6205, 43, 2]"
41,22,266,1161,0.0008976891850238052,0.0008976891850238052,1,[12],[6279]
42,22,266,1161,0.0008987391850238104,1.0500000000051484e-06,1,[12],[6240]
43,22,266,1161,0.0008995591850238144,8.200000000040206e-07,1,[12],[6282]
44,22,266,1161,0.0009007491850238202,1.1900000000058348e-06,1,[12],[6220]
45,22,267,1097,0.000788943730692225,0.000788943730692225,2,"[37, 58]","[6269, 6]"
46,22,267,1158,0.0009029277077866254,0.0009029277077866254,2,"[12, 19]","[3402, 2851]"
47,22,267,1158,0.0009033877077866277,4.600000000022555e-07,2,"[12, 19]","[3025, 3286]"
48,22,267,1158,0.0009038177077866298,4.300000000021084e-07,2,"[12, 19]","[2947, 3333]"
49,22,267,1158,0.000904467707786633,6.500000000031871e-07,2,"[12, 19]","[2856, 3328]"
50,22,267,1159,0.0009030829035246513,0.0009030829035246513,3,"[12, 19, 60]","[5037, 1212, 1]"
51,22,267,1159,0.0009041629035246566,1.0800000000052955e-06,2,"[12, 19]","[4024, 2254]"
52,22,267,1161,0.0008983720900236047,0.0008983720900236047,1,[12],[6255]
53,22,268,1158,0.000903260652927144,0.000903260652927144,2,"[12, 19]","[2749, 3571]"
54,22,268,1158,0.0009036906529271461,4.300000000021084e-07,2,"[12, 19]","[3404, 2845]"
55,22,268,1158,0.000904070652927148,3.800000000018632e-07,2,"[12, 19]","[3998, 2298]"
56,22,268,1158,0.00090448065292715,4.100000000020103e-07,2,"[12, 19]","[4336, 1812]"
57,22,268,1158,0.000905490652927155,1.0100000000049522e-06,2,"[12, 19]","[4892, 1345]"
58,22,268,1172,0.0009378664869091751,0.0009378664869091751,1,[71],[6257]
59,22,269,1157,0.0009042764356829565,0.0009042764356829565,2,"[12, 19]","[6280, 16]"
60,22,269,1157,0.0009054164356829621,1.1400000000055897e-06,2,"[12, 19]","[6205, 10]"
61,22,269,1158,0.0009041205824366772,0.0009041205824366772,2,"[12, 19]","[6062, 196]"
62,22,269,1158,0.0009049005824366811,7.800000000038245e-07,2,"[12, 19]","[6172, 88]"
63,22,270,1156,0.0009048627931615014,0.0009048627931615014,1,[12],[6278]
64,22,270,1157,0.000904048562838263,0.000904048562838263,1,[12],[6320]
65,22,270,1157,0.0009046285628382659,5.800000000028439e-07,1,[12],[6219]
66,22,271,1156,0.0009038667684018557,0.0009038667684018557,2,"[12, 17]","[6237, 25]"
67,22,271,1156,0.0009044267684018585,5.600000000027458e-07,1,[12],[6281]
68,22,271,1156,0.0009052767684018626,8.500000000041677e-07,1,[12],[6207]
69,22,271,1157,0.0009054506283154819,0.0009054506283154819,1,[12],[6252]
70,22,272,1155,0.0009028125328929445,0.0009028125328929445,2,"[12, 17]","[1272, 5020]"
71,22,272,1155,0.0009038225328929495,1.0100000000049522e-06,2,"[12, 17]","[5307, 909]"
72,22,272,1156,0.0009027005642675787,0.0009027005642675787,2,"[12, 17]","[939, 5333]"
73,22,272,1156,0.0009035305642675828,8.300000000040697e-07,2,"[12, 17]","[4688, 1582]"
74,22,272,1156,0.0009041505642675858,6.2000000000304e-07,2,"[12, 17]","[5939, 294]"
75,22,273,1155,0.0009013759287897784,0.0009013759287897784,2,"[12, 17]","[53, 6231]"
76,22,273,1155,0.0009019959287897815,6.2000000000304e-07,4,"[12, 16, 17, 66]","[666, 1, 5565, 1]"
77,22,273,1155,0.000902515928789784,5.200000000025497e-07,4,"[12, 16, 17, 65]","[2078, 3, 4232, 7]"
78,22,273,1155,0.000902925928789786,4.100000000020103e-07,4,"[12, 16, 17, 65]","[3415, 1, 2818, 1]"
79,22,273,1155,0.0009032959287897878,3.700000000018142e-07,4,"[12, 16, 17, 65]","[4167, 1, 2082, 3]"
80,22,273,1155,0.0009037059287897899,4.100000000020103e-07,4,"[12, 17, 65, 66]","[4464, 1727, 3, 1]"
81,22,273,1155,0.0009044859287897937,7.800000000038245e-07,2,"[12, 17]","[4853, 1399]"
82,22,273,1156,0.0009012471267394529,0.0009012471267394529,2,"[12, 17]","[2, 6342]"
83,22,273,1156,0.0009017571267394554,5.100000000025006e-07,2,"[12, 17]","[38, 6133]"
84,22,273,1156,0.0009022171267394577,4.600000000022555e-07,2,"[12, 17]","[180, 6126]"
85,22,273,1156,0.0009026471267394598,4.300000000021084e-07,2,"[12, 17]","[495, 5704]"
86,22,273,1156,0.000903097126739462,4.5000000000220645e-07,2,"[12, 17]","[1079, 5267]"
87,22,273,1156,0.0009036171267394645,5.200000000025497e-07,2,"[12, 17]","[1854, 4319]"
88,22,274,1154,0.0009024253455752181,0.0009024253455752181,6,"[12, 16, 17, 65, 66, 124]","[4348, 1431, 476, 16, 2, 12]"
89,22,274,1154,0.0009031053455752214,6.800000000033342e-07,6,"[12, 16, 17, 65, 66, 124]","[4042, 1409, 834, 10, 1, 3]"
90,22,274,1155,0.000902253087378559,0.000902253087378559,6,"[12, 16, 17, 65, 66, 124]","[3138, 430, 2731, 12, 1, 2]"
91,22,274,1155,0.0009027030873785612,4.5000000000220645e-07,4,"[12, 16, 17, 65]","[3476, 316, 2384, 32]"
92,22,274,1155,0.000903053087378563,3.500000000017161e-07,5,"[12, 16, 17, 65, 66]","[3406, 263, 2637, 18, 1]"
93,22,274,1155,0.0009034030873785647,3.500000000017161e-07,6,"[12, 16, 17, 65, 66, 124]","[3070, 177, 2914, 18, 2, 1]"
94,22,274,1155,0.0009039230873785672,5.200000000025497e-07,5,"[12, 16, 17, 65, 66]","[2809, 117, 3357, 12, 1]"
95,22,274,1156,0.0009030933690142772,0.0009030933690142772,4,"[12, 16, 17, 65]","[421, 2, 5831, 3]"
96,22,275,1153,0.000902674226479281,0.000902674226479281,5,"[4, 12, 16, 17, 124]","[1, 6139, 100, 1, 15]"
97,22,275,1154,0.0009013273227570287,0.0009013273227570287,5,"[12, 16, 17, 124, 125]","[6060, 176, 5, 21, 2]"
98,22,275,1154,0.000901987322757032,6.600000000032361e-07,5,"[12, 16, 17, 124, 125]","[5451, 820, 26, 38, 5]"
99,22,275,1154,0.0009025573227570348,5.700000000027948e-07,5,"[12, 16, 17, 65, 124]","[4537, 1572, 78, 2, 34]"
100,22,275,1154,0.000903427322757039,8.700000000042658e-07,7,"[12, 16, 17, 65, 66, 124, 125]","[3673, 2307, 194, 1, 1, 29, 3]"
101,22,275,1155,0.0009033233041105238,0.0009033233041105238,5,"[12, 16, 17, 65, 124]","[3771, 1683, 788, 3, 9]"
102,22,276,1152,0.0008964437009518993,0.0008964437009518993,3,"[4, 9, 12]","[3149, 3111, 5]"
103,22,276,1153,0.0008961771437315937,0.0008961771437315937,3,"[4, 9, 12]","[2867, 3412, 2]"
104,22,276,1153,0.0008989471437316073,2.770000000013582e-06,3,"[4, 9, 12]","[931, 444, 4847]"
105,22,276,1153,0.0008997871437316114,8.400000000041187e-07,1,[12],[6254]
106,22,276,1153,0.0009007271437316161,9.40000000004609e-07,1,[12],[6258]
107,22,276,1154,0.0009009871822507615,0.0009009871822507615,4,"[4, 9, 12, 16]","[34, 35, 6194, 2]"
108,22,277,1152,0.0008949718654612729,0.0008949718654612729,2,"[4, 9]","[2789, 3501]"
109,22,277,1152,0.0008953618654612748,3.9000000000191225e-07,2,"[4, 9]","[3664, 2589]"
110,22,277,1152,0.0008956918654612764,3.3000000000161806e-07,3,"[4, 9, 12]","[4318, 2075, 1]"
111,22,277,1152,0.000896001865461278,3.1000000000152e-07,2,"[4, 9]","[4454, 1664]"
112,22,277,1152,0.0008963918654612799,3.9000000000191225e-07,3,"[4, 9, 12]","[4970, 1290, 14]"
113,22,277,1152,0.0008972918654612843,9.000000000044129e-07,3,"[4, 9, 12]","[5225, 747, 210]"
114,22,277,1153,0.0008948826736890403,0.0008948826736890403,2,"[4, 9]","[2689, 3616]"
115,22,277,1153,0.000895242673689042,3.6000000000176516e-07,2,"[4, 9]","[3741, 2568]"
116,22,277,1153,0.0008955026736890433,2.6000000000127484e-07,2,"[4, 9]","[4126, 2036]"
117,22,277,1153,0.0008957426736890445,2.4000000000117677e-07,2,"[4, 9]","[4670, 1725]"
118,22,277,1153,0.0008959726736890456,2.3000000000112774e-07,3,"[4, 9, 12]","[4793, 1362, 1]"
119,22,277,1153,0.0008962326736890469,2.6000000000127484e-07,3,"[4, 9, 12]","[5256, 1119, 7]"
120,22,277,1153,0.0008965426736890484,3.1000000000152e-07,3,"[4, 9, 12]","[5270, 788, 31]"
121,22,277,1153,0.000897082673689051,5.400000000026477e-07,3,"[4, 9, 12]","[5619, 485, 161]"
122,22,277,1153,0.0008984826736890579,1.4000000000068645e-06,3,"[4, 9, 12]","[2360, 72, 3777]"
123,22,277,1153,0.0009004926736890678,2.0100000000098555e-06,2,"[4, 12]","[13, 6215]"
124,22,278,1152,0.0008961032547355198,0.0008961032547355198,3,"[4, 9, 12]","[5745, 532, 1]"
125,22,278,1152,0.0008968332547355233,7.300000000035793e-07,3,"[4, 9, 12]","[6185, 55, 3]"
126,22,278,1153,0.0008956749704729897,0.0008956749704729897,2,"[4, 9]","[5883, 485]"
127,22,278,1153,0.0008960549704729915,3.800000000018632e-07,2,"[4, 9]","[6216, 110]"
128,22,278,1153,0.0008963349704729929,2.800000000013729e-07,2,"[4, 9]","[6225, 53]"
129,22,278,1153,0.0008965749704729941,2.4000000000117677e-07,3,"[4, 9, 12]","[6259, 19, 2]"
130,22,278,1153,0.0008968049704729952,2.3000000000112774e-07,3,"[4, 9, 12]","[6074, 14, 1]"
131,22,278,1153,0.0008970549704729964,2.500000000012258e-07,3,"[4, 9, 12]","[6214, 6, 1]"
132,22,278,1153,0.000897374970472998,3.2000000000156903e-07,3,"[4, 9, 12]","[6275, 2, 12]"
133,22,278,1153,0.0008979049704730006,5.300000000025987e-07,3,"[4, 9, 12]","[6111, 3, 53]"
134,22,279,1152,0.0008980986823837837,0.0008980986823837837,1,[4],[6262]
135,22,279,1153,0.0008965134199926357,0.0008965134199926357,2,"[4, 9]","[6362, 1]"
136,22,279,1153,0.0008968734199926374,3.6000000000176516e-07,1,[4],[6182]
137,22,279,1153,0.0008971534199926388,2.800000000013729e-07,1,[4],[6441]
138,22,279,1153,0.00089739341999264,2.4000000000117677e-07,1,[4],[6097]
139,22,279,1153,0.0008976534199926412,2.6000000000127484e-07,1,[4],[6400]
140,22,279,1153,0.0008979334199926426,2.800000000013729e-07,1,[4],[6133]
141,22,279,1153,0.0008983434199926446,4.100000000020103e-07,1,[4],[6197]
142,22,280,1153,0.0008973059740563292,0.0008973059740563292,1,[4],[6275]
143,22,280,1153,0.0008977059740563312,4.000000000019613e-07,1,[4],[6359]
144,22,280,1153,0.0008980059740563327,3.0000000000147097e-07,1,[4],[6291]
145,22,280,1153,0.0008982959740563341,2.9000000000142193e-07,1,[4],[6309]
146,22,280,1153,0.0008986059740563356,3.1000000000152e-07,1,[4],[6199]
147,22,280,1153,0.0008990059740563376,4.000000000019613e-07,1,[4],[6090]
148,22,280,1154,0.0008983798800640184,0.0008983798800640184,1,[4],[6281]
149,22,281,1153,0.0008982533161939469,0.0008982533161939469,1,[4],[6270]
150,22,281,1153,0.0008987033161939491,4.5000000000220645e-07,1,[4],[6239]
151,22,281,1153,0.000899083316193951,3.800000000018632e-07,1,[4],[6273]
152,22,281,1153,0.000899493316193953,4.100000000020103e-07,1,[4],[6284]
153,22,281,1153,0.0009001433161939562,6.500000000031871e-07,1,[4],[6218]
154,22,281,1154,0.0008987477121105491,0.0008987477121105491,1,[4],[6335]
155,22,281,1154,0.0008993677121105521,6.2000000000304e-07,1,[4],[6170]
156,22,281,1154,0.0009002477121105565,8.800000000043148e-07,1,[4],[6270]
157,22,282,1153,0.0008994114429664994,0.0008994114429664994,1,[4],[6321]
158,22,282,1153,0.0009000314429665025,6.2000000000304e-07,1,[4],[6274]
159,22,282,1153,0.0009008814429665067,8.500000000041677e-07,2,"[4, 7]","[6183, 3]"
160,22,282,1154,0.0008993782464485724,0.0008993782464485724,1,[4],[6259]
161,22,282,1154,0.0008998782464485749,5.000000000024516e-07,2,"[4, 7]","[6258, 1]"
162,22,282,1154,0.0009003482464485772,4.700000000023045e-07,2,"[4, 7]","[6304, 1]"
163,22,282,1154,0.0009010382464485806,6.900000000033832e-07,2,"[4, 7]","[6175, 15]"
164,22,283,1153,0.0009006858439652462,0.0009006858439652462,2,"[4, 7]","[6120, 167]"
165,22,283,1153,0.0009022558439652539,1.570000000007698e-06,2,"[4, 7]","[5704, 520]"
166,22,283,1154,0.0009000991572069417,0.0009000991572069417,2,"[4, 7]","[6149, 126]"
167,22,283,1154,0.0009005391572069439,4.400000000021574e-07,2,"[4, 7]","[6028, 287]"
168,22,283,1154,0.0009008991572069456,3.6000000000176516e-07,2,"[4, 7]","[5820, 458]"
169,22,283,1154,0.0009012691572069474,3.700000000018142e-07,2,"[4, 7]","[5681, 532]"
170,22,283,1154,0.00090178915720695,5.200000000025497e-07,2,"[4, 7]","[5537, 638]"
171,22,284,1153,0.0009020658214242685,0.0009020658214242685,3,"[4, 6, 7]","[5624, 34, 596]"
172,22,284,1154,0.0009008503089576853,0.0009008503089576853,3,"[4, 6, 7]","[5555, 4, 753]"
173,22,284,1154,0.0009012703089576874,4.2000000000205935e-07,3,"[4, 6, 7]","[5634, 21, 538]"
174,22,284,1154,0.0009016303089576891,3.6000000000176516e-07,3,"[4, 6, 7]","[5948, 47, 414]"
175,22,284,1154,0.0009019803089576908,3.500000000017161e-07,3,"[4, 6, 7]","[5736, 93, 320]"
176,22,284,1154,0.000902410308957693,4.300000000021084e-07,3,"[4, 6, 7]","[5861, 137, 202]"
177,22,284,1154,0.0009039503089577005,1.540000000007551e-06,3,"[4, 6, 7]","[5882, 277, 80]"
178,22,285,1154,0.0009017425684289166,0.0009017425684289166,4,"[4, 5, 6, 7]","[5424, 9, 827, 15]"
179,22,285,1154,0.0009021525684289187,4.100000000020103e-07,4,"[4, 5, 6, 7]","[5368, 46, 966, 3]"
180,22,285,1154,0.0009024725684289202,3.2000000000156903e-07,3,"[4, 5, 6]","[5177, 89, 843]"
181,22,285,1154,0.0009027825684289217,3.1000000000152e-07,3,"[4, 5, 6]","[5302, 143, 841]"
182,22,285,1154,0.0009031425684289235,3.6000000000176516e-07,3,"[4, 5, 6]","[5352, 212, 670]"
183,22,285,1154,0.0009037025684289263,5.600000000027458e-07,3,"[4, 5, 6]","[5321, 356, 544]"
184,22,286,1154,0.000902587738053659,0.000902587738053659,3,"[4, 5, 6]","[5185, 801, 357]"
185,22,286,1154,0.000902997738053661,4.100000000020103e-07,3,"[4, 5, 6]","[5290, 872, 114]"
186,22,286,1154,0.0009033277380536627,3.3000000000161806e-07,3,"[4, 5, 6]","[5333, 910, 59]"
187,22,286,1154,0.0009036477380536642,3.2000000000156903e-07,3,"[4, 5, 6]","[5288, 778, 28]"
188,22,286,1154,0.0009040377380536661,3.9000000000191225e-07,3,"[4, 5, 6]","[5567, 720, 12]"
189,22,286,1154,0.0009047677380536697,7.300000000035793e-07,3,"[4, 5, 6]","[5697, 502, 4]"
190,22,286,1155,0.0009051579364684577,0.0009051579364684577,3,"[4, 5, 6]","[5532, 670, 52]"
191,22,287,1154,0.000903601587591199,0.000903601587591199,2,"[4, 5]","[6169, 168]"
192,22,287,1154,0.0009040615875912012,4.600000000022555e-07,2,"[4, 5]","[6123, 51]"
193,22,287,1154,0.0009044515875912031,3.9000000000191225e-07,2,"[4, 5]","[6340, 18]"
194,22,287,1154,0.0009048515875912051,4.000000000019613e-07,3,"[3, 4, 5]","[1, 6173, 9]"
195,22,287,1154,0.0009054715875912081,6.2000000000304e-07,4,"[1, 3, 4, 5]","[3, 1, 6236, 2]"
196,22,287,1155,0.0009059531383983305,0.0009059531383983305,4,"[1, 4, 5, 880]","[23, 6182, 46, 2]"
197,22,288,1154,0.0009045325022169149,0.0009045325022169149,5,"[1, 2, 3, 4, 880]","[123, 3, 14, 5921, 303]"
198,22,288,1154,0.0009049525022169169,4.2000000000205935e-07,5,"[1, 2, 3, 4, 880]","[425, 6, 39, 5270, 563]"
199,22,288,1154,0.0009052525022169184,3.0000000000147097e-07,5,"[1, 2, 3, 4, 880]","[669, 5, 94, 4668, 657]"
200,22,288,1154,0.0009055325022169198,2.800000000013729e-07,5,"[1, 2, 3, 4, 880]","[1039, 13, 120, 4416, 827]"
201,22,288,1154,0.0009058025022169211,2.7000000000132387e-07,5,"[1, 2, 3, 4, 880]","[1341, 13, 180, 3758, 832]"
202,22,288,1154,0.0009061125022169226,3.1000000000152e-07,5,"[1, 2, 3, 4, 880]","[1925, 14, 239, 3261, 873]"
203,22,288,1154,0.0009065425022169247,4.300000000021084e-07,5,"[1, 2, 3, 4, 880]","[2199, 19, 342, 2735, 852]"
204,22,288,1155,0.0009053902040178681,0.0009053902040178681,5,"[1, 2, 3, 4, 880]","[2491, 4, 55, 3529, 276]"
205,22,288,1155,0.0009059002040178706,5.100000000025006e-07,5,"[1, 2, 3, 4, 880]","[4470, 6, 80, 1380, 244]"
206,22,288,1155,0.0009063202040178726,4.2000000000205935e-07,5,"[1, 2, 3, 4, 880]","[5339, 3, 71, 692, 176]"
207,22,288,1155,0.000906800204017875,4.800000000023535e-07,5,"[1, 2, 3, 4, 880]","[5686, 4, 77, 399, 107]"
208,22,288,1156,0.0009062525736176924,0.0009062525736176924,3,"[1, 4, 880]","[6244, 8, 1]"
209,22,288,1156,0.0009067125736176946,4.600000000022555e-07,2,"[1, 4]","[6279, 1]"
210,22,288,1156,0.0009071525736176968,4.400000000021574e-07,2,"[1, 3]","[6301, 1]"
211,22,288,1156,0.0009078125736177,6.600000000032361e-07,1,[1],[6219]
212,22,288,1157,0.000906730585080527,0.000906730585080527,1,[1],[6278]
213,22,288,1157,0.0009071605850805291,4.300000000021084e-07,1,[1],[6368]
214,22,288,1157,0.0009075005850805308,3.400000000016671e-07,1,[1],[6125]
215,22,288,1157,0.0009078905850805327,3.9000000000191225e-07,1,[1],[6297]
216,22,288,1157,0.0009086205850805363,7.300000000035793e-07,1,[1],[6194]
217,22,288,1158,0.0009071587725159871,0.0009071587725159871,1,[1],[6331]
218,22,288,1158,0.0009075287725159889,3.700000000018142e-07,1,[1],[6183]
219,22,288,1158,0.0009078387725159904,3.1000000000152e-07,1,[1],[6260]
220,22,288,1158,0.0009081287725159918,2.9000000000142193e-07,1,[1],[6274]
221,22,288,1158,0.0009084787725159936,3.500000000017161e-07,1,[1],[6217]
222,22,288,1158,0.0009091587725159969,6.800000000033342e-07,1,[1],[6257]
223,22,288,1159,0.0009076267410837805,0.0009076267410837805,1,[1],[6371]
224,22,288,1159,0.0009079767410837822,3.500000000017161e-07,1,[1],[6132]
225,22,288,1159,0.0009082667410837837,2.9000000000142193e-07,1,[1],[6439]
226,22,288,1159,0.000908536741083785,2.7000000000132387e-07,1,[1],[6110]
227,22,288,1159,0.0009088467410837865,3.1000000000152e-07,1,[1],[6243]
228,22,288,1159,0.0009092867410837887,4.400000000021574e-07,1,[1],[6267]
229,22,288,1160,0.0009081077285874689,0.0009081077285874689,1,[1],[6382]
230,22,288,1160,0.0009084677285874707,3.6000000000176516e-07,1,[1],[6276]
231,22,288,1160,0.000908737728587472,2.7000000000132387e-07,1,[1],[6122]
232,22,288,1160,0.0009090077285874733,2.7000000000132387e-07,1,[1],[6359]
233,22,288,1160,0.0009092877285874747,2.800000000013729e-07,1,[1],[6124]
234,22,288,1160,0.0009096777285874766,3.9000000000191225e-07,1,[1],[6292]
235,22,288,1161,0.0009085499345021822,0.0009085499345021822,1,[1],[6268]
236,22,288,1161,0.0009088999345021839,3.500000000017161e-07,1,[1],[6283]
237,22,288,1161,0.0009091699345021852,2.7000000000132387e-07,1,[1],[6451]
238,22,288,1161,0.0009094099345021864,2.4000000000117677e-07,1,[1],[6157]
239,22,288,1161,0.0009096599345021876,2.500000000012258e-07,1,[1],[6115]
240,22,288,1161,0.0009099699345021891,3.1000000000152e-07,1,[1],[6357]
241,22,288,1161,0.0009104799345021916,5.100000000025006e-07,1,[1],[6127]
242,22,288,1162,0.0009089813466072715,0.0009089813466072715,1,[1],[6287]
243,22,288,1162,0.0009093313466072732,3.500000000017161e-07,1,[1],[6410]
244,22,288,1162,0.0009095913466072745,2.6000000000127484e-07,1,[1],[6231]
245,22,288,1162,0.0009098313466072757,2.4000000000117677e-07,1,[1],[6222]
246,22,288,1162,0.0009100813466072769,2.500000000012258e-07,1,[1],[6115]
247,22,288,1162,0.0009103913466072784,3.1000000000152e-07,1,[1],[6313]
248,22,288,1162,0.0009109513466072812,5.600000000027458e-07,1,[1],[6196]
249,22,288,1163,0.0009093141557721723,0.0009093141557721723,1,[1],[6398]
250,22,288,1163,0.000909644155772174,3.3000000000161806e-07,1,[1],[6174]
251,22,288,1163,0.0009099041557721752,2.6000000000127484e-07,1,[1],[6357]
252,22,288,1163,0.0009101441557721764,2.4000000000117677e-07,1,[1],[6328]
253,22,288,1163,0.0009103841557721776,2.4000000000117677e-07,1,[1],[6004]
254,22,288,1163,0.000910684155772179,3.0000000000147097e-07,1,[1],[6286]
255,22,288,1163,0.0009112441557721818,5.600000000027458e-07,1,[1],[6234]
256,22,288,1164,0.0009095356599019338,0.0009095356599019338,1,[1],[6301]
257,22,288,1164,0.0009098756599019355,3.400000000016671e-07,1,[1],[6240]
258,22,288,1164,0.0009101356599019368,2.6000000000127484e-07,1,[1],[6272]
259,22,288,1164,0.0009103756599019379,2.4000000000117677e-07,1,[1],[6277]
260,22,288,1164,0.0009106256599019392,2.500000000012258e-07,1,[1],[6163]
261,22,288,1164,0.0009109456599019407,3.2000000000156903e-07,1,[1],[6307]
262,22,288,1164,0.0009116656599019443,7.200000000035303e-07,1,[1],[6204]
263,22,288,1165,0.0009097180427601475,0.0009097180427601475,1,[1],[6254]
264,22,288,1165,0.0009100680427601493,3.500000000017161e-07,1,[1],[6327]
265,22,288,1165,0.0009103480427601506,2.800000000013729e-07,1,[1],[6391]
266,22,288,1165,0.0009105880427601518,2.4000000000117677e-07,1,[1],[6093]
267,22,288,1165,0.0009108680427601532,2.800000000013729e-07,1,[1],[6349]
268,22,288,1165,0.000911248042760155,3.800000000018632e-07,1,[1],[6140]
269,22,288,1166,0.0009098172072368797,0.0009098172072368797,1,[1],[6391]
270,22,288,1166,0.0009101572072368814,3.400000000016671e-07,1,[1],[6224]
271,22,288,1166,0.0009104272072368827,2.7000000000132387e-07,1,[1],[6374]
272,22,288,1166,0.0009106772072368839,2.500000000012258e-07,1,[1],[6251]
273,22,288,1166,0.0009109472072368853,2.7000000000132387e-07,1,[1],[6047]
274,22,288,1166,0.0009113272072368871,3.800000000018632e-07,1,[1],[6298]
275,22,288,1167,0.0009098341222081141,0.0009098341222081141,1,[1],[6273]
276,22,288,1167,0.0009101841222081158,3.500000000017161e-07,1,[1],[6324]
277,22,288,1167,0.0009104541222081171,2.7000000000132387e-07,1,[1],[6237]
278,22,288,1167,0.0009107141222081184,2.6000000000127484e-07,1,[1],[6396]
279,22,288,1167,0.0009109941222081197,2.800000000013729e-07,1,[1],[6185]
280,22,288,1167,0.0009113841222081217,3.9000000000191225e-07,1,[1],[6151]
281,22,288,1168,0.0009098518178138412,0.0009098518178138412,1,[1],[6267]
282,22,288,1168,0.0009101918178138429,3.400000000016671e-07,1,[1],[6264]
283,22,288,1168,0.0009104718178138443,2.800000000013729e-07,1,[1],[6351]
284,22,288,1168,0.0009107218178138455,2.500000000012258e-07,1,[1],[6192]
285,22,288,1168,0.0009110018178138468,2.800000000013729e-07,1,[1],[6281]
286,22,288,1168,0.0009114018178138488,4.000000000019613e-07,1,[1],[6196]
287,22,288,1169,0.0009098241398531995,0.0009098241398531995,1,[1],[6338]
288,22,288,1169,0.0009101641398532012,3.400000000016671e-07,1,[1],[6185]
289,22,288,1169,0.0009104341398532025,2.7000000000132387e-07,1,[1],[6329]
290,22,288,1169,0.0009106841398532037,2.500000000012258e-07,1,[1],[6327]
291,22,288,1169,0.000910944139853205,2.6000000000127484e-07,1,[1],[6081]
292,22,288,1169,0.0009113041398532067,3.6000000000176516e-07,1,[1],[6251]
293,22,288,1170,0.0009098231823036618,0.0009098231823036618,1,[1],[6278]
294,22,288,1170,0.0009101731823036635,3.500000000017161e-07,1,[1],[6266]
295,22,288,1170,0.0009104531823036649,2.800000000013729e-07,1,[1],[6244]
296,22,288,1170,0.0009107231823036662,2.7000000000132387e-07,1,[1],[6338]
297,22,288,1170,0.0009110331823036677,3.1000000000152e-07,1,[1],[6227]
298,22,288,1170,0.0009115331823036702,5.000000000024516e-07,1,[1],[6198]
299,22,288,1171,0.0009097653178039701,0.0009097653178039701,1,[1],[6372]
300,22,288,1171,0.0009101253178039719,3.6000000000176516e-07,1,[1],[6274]
301,22,288,1171,0.0009104153178039733,2.9000000000142193e-07,1,[1],[6262]
302,22,288,1171,0.0009106953178039746,2.800000000013729e-07,1,[1],[6200]
303,22,288,1171,0.0009110353178039763,3.400000000016671e-07,1,[1],[6177]
304,22,288,1171,0.0009118553178039803,8.200000000040206e-07,1,[1],[6231]
305,22,288,1172,0.0009096556032009488,0.0009096556032009488,1,[1],[6360]
306,22,288,1172,0.0009100156032009506,3.6000000000176516e-07,1,[1],[6243]
307,22,288,1172,0.000910305603200952,2.9000000000142193e-07,1,[1],[6258]
308,22,288,1172,0.0009105856032009534,2.800000000013729e-07,1,[1],[6161]
309,22,288,1172,0.0009109356032009551,3.500000000017161e-07,1,[1],[6238]
310,22,288,1172,0.00091193560320096,1.0000000000049032e-06,1,[1],[6245]
311,22,288,1173,0.0009095154498511897,0.0009095154498511897,1,[1],[6342]
312,22,288,1173,0.0009098754498511914,3.6000000000176516e-07,1,[1],[6189]
313,22,288,1173,0.0009101654498511929,2.9000000000142193e-07,1,[1],[6336]
314,22,288,1173,0.0009104454498511942,2.800000000013729e-07,1,[1],[6186]
315,22,288,1173,0.000910795449851196,3.500000000017161e-07,1,[1],[6224]
316,22,288,1173,0.0009116154498512,8.200000000040206e-07,1,[1],[6230]
317,22,288,1174,0.0009094286582296735,0.0009094286582296735,1,[1],[6403]
318,22,288,1174,0.0009097886582296752,3.6000000000176516e-07,1,[1],[6312]
319,22,288,1174,0.0009100786582296766,2.9000000000142193e-07,1,[1],[6125]
320,22,288,1174,0.0009103786582296781,3.0000000000147097e-07,1,[1],[6172]
321,22,288,1174,0.00091076865822968,3.9000000000191225e-07,1,[1],[6247]
322,22,288,1175,0.00090935642701982,0.00090935642701982,1,[1],[6355]
323,22,288,1175,0.0009097264270198218,3.700000000018142e-07,1,[1],[6241]
324,22,288,1175,0.0009100164270198232,2.9000000000142193e-07,1,[1],[6193]
325,22,288,1175,0.0009103264270198247,3.1000000000152e-07,1,[1],[6358]
326,22,288,1175,0.0009107064270198266,3.800000000018632e-07,1,[1],[6113]
327,22,288,1176,0.0009093325715116111,0.0009093325715116111,1,[1],[6389]
328,22,288,1176,0.000909702571511613,3.700000000018142e-07,1,[1],[6318]
329,22,288,1176,0.0009100025715116144,3.0000000000147097e-07,1,[1],[6073]
330,22,288,1176,0.000910332571511616,3.3000000000161806e-07,1,[1],[6386]
331,22,288,1176,0.0009107825715116183,4.5000000000220645e-07,1,[1],[6139]
332,22,288,1177,0.0009093456785171968,0.0009093456785171968,1,[1],[6345]
333,22,288,1177,0.0009097156785171987,3.700000000018142e-07,1,[1],[6189]
334,22,288,1177,0.0009100256785172002,3.1000000000152e-07,1,[1],[6410]
335,22,288,1177,0.0009103556785172018,3.3000000000161806e-07,1,[1],[6129]
336,22,288,1177,0.0009108456785172042,4.900000000024026e-07,1,[1],[6258]
337,22,288,1178,0.0009093697722733897,0.0009093697722733897,1,[1],[6301]
338,22,288,1178,0.0009097497722733916,3.800000000018632e-07,1,[1],[6360]
339,22,288,1178,0.0009100597722733931,3.1000000000152e-07,1,[1],[6241]
340,22,288,1178,0.0009103897722733947,3.3000000000161806e-07,1,[1],[6243]
341,22,288,1178,0.000910859772273397,4.700000000023045e-07,1,[1],[6146]
342,22,288,1179,0.0009093952170089633,0.0009093952170089633,1,[1],[6346]
343,22,288,1179,0.0009097552170089651,3.6000000000176516e-07,1,[1],[6266]
344,22,288,1179,0.0009100552170089666,3.0000000000147097e-07,1,[1],[6301]
345,22,288,1179,0.0009103652170089681,3.1000000000152e-07,1,[1],[6254]
346,22,288,1179,0.00091076521700897,4.000000000019613e-07,1,[1],[6165]
347,22,288,1180,0.0009094182440751617,0.0009094182440751617,1,[1],[6252]
348,22,288,1180,0.0009097882440751635,3.700000000018142e-07,1,[1],[6403]
349,22,288,1180,0.000910078244075165,2.9000000000142193e-07,1,[1],[6188]
350,22,288,1180,0.0009103682440751664,2.9000000000142193e-07,1,[1],[6264]
351,22,288,1180,0.0009107382440751682,3.700000000018142e-07,1,[1],[6202]
352,22,288,1180,0.0009124282440751765,1.6900000000082864e-06,1,[1],[6191]
353,22,288,1181,0.0009094837062041456,0.0009094837062041456,1,[1],[6283]
354,22,288,1181,0.0009098537062041474,3.700000000018142e-07,1,[1],[6421]
355,22,288,1181,0.0009101537062041489,3.0000000000147097e-07,1,[1],[6242]
356,22,288,1181,0.0009104537062041504,3.0000000000147097e-07,1,[1],[6202]
357,22,288,1181,0.0009108437062041523,3.9000000000191225e-07,1,[1],[6102]
358,22,288,1182,0.0009095299814000036,0.0009095299814000036,1,[1],[6280]
359,22,288,1182,0.0009098999814000055,3.700000000018142e-07,1,[1],[6249]
360,22,288,1182,0.000910209981400007,3.1000000000152e-07,1,[1],[6418]
361,22,288,1182,0.0009105199814000085,3.1000000000152e-07,1,[1],[6074]
362,22,288,1182,0.0009109699814000107,4.5000000000220645e-07,1,[1],[6307]
363,22,288,1183,0.0009095382635229274,0.0009095382635229274,1,[1],[6250]
364,22,288,1183,0.0009099282635229293,3.9000000000191225e-07,1,[1],[6392]
365,22,288,1183,0.0009102382635229309,3.1000000000152e-07,1,[1],[6274]
366,22,288,1183,0.0009105482635229324,3.1000000000152e-07,1,[1],[6148]
367,22,288,1183,0.0009109882635229345,4.400000000021574e-07,1,[1],[6188]
368,22,288,1184,0.0009095968091562172,0.0009095968091562172,1,[1],[6329]
369,22,288,1184,0.000909966809156219,3.700000000018142e-07,1,[1],[6259]
370,22,288,1184,0.0009102768091562206,3.1000000000152e-07,1,[1],[6264]
371,22,288,1184,0.0009106068091562222,3.3000000000161806e-07,1,[1],[6301]
372,22,288,1184,0.0009110768091562245,4.700000000023045e-07,1,[1],[6152]
373,22,288,1185,0.0009096255110265399,0.0009096255110265399,1,[1],[6349]
374,22,288,1185,0.0009100155110265419,3.9000000000191225e-07,1,[1],[6283]
375,22,288,1185,0.0009103355110265434,3.2000000000156903e-07,1,[1],[6139]
376,22,288,1185,0.0009106955110265452,3.6000000000176516e-07,1,[1],[6256]
377,22,288,1185,0.0009113555110265484,6.600000000032361e-07,1,[1],[6224]
378,22,288,1186,0.0009096223092972819,0.0009096223092972819,1,[1],[6317]
379,22,288,1186,0.0009100123092972838,3.9000000000191225e-07,1,[1],[6271]
380,22,288,1186,0.0009103323092972854,3.2000000000156903e-07,1,[1],[6165]
381,22,288,1186,0.0009106923092972872,3.6000000000176516e-07,1,[1],[6351]
382,22,288,1186,0.0009113523092972904,6.600000000032361e-07,1,[1],[6165]
383,22,288,1187,0.0009096202194858853,0.0009096202194858853,1,[1],[6349]
384,22,288,1187,0.0009100102194858872,3.9000000000191225e-07,1,[1],[6186]
385,22,288,1187,0.0009103402194858888,3.3000000000161806e-07,1,[1],[6291]
386,22,288,1187,0.0009107102194858906,3.700000000018142e-07,1,[1],[6181]
387,22,288,1187,0.0009114802194858944,7.700000000037755e-07,1,[1],[6268]
388,22,288,1188,0.00090999360060084,0.00090999360060084,1,[1],[6311]
389,22,288,1188,0.0009106836006008434,6.900000000033832e-07,1,[1],[6213]
390,22,289,1153,0.0009112706273859847,0.0009112706273859847,8,"[1, 2, 3, 4, 143, 880, 883, 884]","[858, 27, 1000, 805, 27, 2099, 1241, 194]"
391,22,289,1154,0.0009048886768970566,0.0009048886768970566,6,"[1, 2, 3, 4, 143, 880]","[1490, 17, 384, 1376, 2, 2997]"
392,22,289,1154,0.0009051986768970581,3.1000000000152e-07,6,"[1, 2, 3, 4, 143, 880]","[2103, 27, 641, 1161, 8, 2520]"
393,22,289,1154,0.0009053986768970591,2.0000000000098064e-07,6,"[1, 2, 3, 4, 143, 880]","[2132, 21, 713, 1073, 8, 2079]"
394,22,289,1154,0.00090557867689706,1.8000000000088258e-07,6,"[1, 2, 3, 4, 143, 880]","[2527, 20, 908, 1118, 7, 2026]"
395,22,289,1154,0.0009057286768970607,1.5000000000073548e-07,6,"[1, 2, 3, 4, 143, 880]","[2473, 22, 984, 952, 18, 1760]"
396,22,289,1154,0.0009058686768970614,1.4000000000068645e-07,6,"[1, 2, 3, 4, 143, 880]","[2539, 28, 1146, 842, 23, 1648]"
397,22,289,1154,0.0009060086768970621,1.4000000000068645e-07,6,"[1, 2, 3, 4, 143, 880]","[2682, 29, 1189, 840, 23, 1555]"
398,22,289,1154,0.0009061386768970627,1.3000000000063742e-07,6,"[1, 2, 3, 4, 143, 880]","[2599, 20, 1220, 721, 32, 1299]"
399,22,289,1154,0.0009062886768970635,1.5000000000073548e-07,6,"[1, 2, 3, 4, 143, 880]","[2841, 37, 1516, 774, 52, 1327]"
400,22,289,1154,0.0009064486768970642,1.6000000000078451e-07,6,"[1, 2, 3, 4, 143, 880]","[2779, 24, 1577, 736, 66, 1131]"
401,22,289,1154,0.0009066286768970651,1.8000000000088258e-07,6,"[1, 2, 3, 4, 143, 880]","[2711, 30, 1706, 583, 67, 1008]"
402,22,289,1154,0.0009068586768970663,2.3000000000112774e-07,6,"[1, 2, 3, 4, 143, 880]","[2692, 31, 1927, 490, 111, 861]"
403,22,289,1154,0.0009072486768970682,3.9000000000191225e-07,6,"[1, 2, 3, 4, 143, 880]","[2557, 15, 2451, 425, 144, 663]"
404,22,289,1154,0.0009109886768970865,3.740000000018338e-06,8,"[1, 2, 3, 4, 143, 880, 883, 884]","[1270, 9, 1797, 159, 169, 298, 2277, 231]"
405,22,289,1154,0.000911898676897091,9.100000000044619e-07,2,"[883, 884]","[5714, 515]"
406,22,289,1155,0.0009052225209266009,0.0009052225209266009,6,"[1, 2, 3, 4, 143, 880]","[4751, 10, 277, 535, 3, 821]"
407,22,289,1155,0.0009055125209266023,2.9000000000142193e-07,6,"[1, 2, 3, 4, 143, 880]","[5095, 5, 268, 320, 6, 482]"
408,22,289,1155,0.0009057225209266034,2.1000000000102968e-07,6,"[1, 2, 3, 4, 143, 880]","[5433, 3, 347, 273, 3, 356]"
409,22,289,1155,0.0009058925209266042,1.7000000000083355e-07,6,"[1, 2, 3, 4, 143, 880]","[5263, 10, 336, 233, 13, 303]"
410,22,289,1155,0.000906052520926605,1.6000000000078451e-07,6,"[1, 2, 3, 4, 143, 880]","[5641, 10, 336, 193, 9, 302]"
411,22,289,1155,0.0009061925209266057,1.4000000000068645e-07,6,"[1, 2, 3, 4, 143, 880]","[5271, 8, 337, 153, 12, 214]"
412,22,289,1155,0.0009063425209266064,1.5000000000073548e-07,6,"[1, 2, 3, 4, 143, 880]","[5604, 4, 369, 123, 16, 251]"
413,22,289,1155,0.0009064925209266071,1.5000000000073548e-07,6,"[1, 2, 3, 4, 143, 880]","[5500, 7, 366, 124, 13, 154]"
414,22,289,1155,0.000906662520926608,1.7000000000083355e-07,6,"[1, 2, 3, 4, 143, 880]","[5541, 4, 399, 110, 17, 148]"
415,22,289,1155,0.000906862520926609,2.0000000000098064e-07,6,"[1, 2, 3, 4, 143, 880]","[5654, 3, 447, 106, 20, 110]"
416,22,289,1155,0.0009071225209266102,2.6000000000127484e-07,6,"[1, 2, 3, 4, 143, 880]","[5467, 2, 445, 75, 35, 96]"
417,22,289,1155,0.0009076725209266129,5.500000000026968e-07,6,"[1, 2, 3, 4, 143, 880]","[5511, 1, 520, 42, 35, 65]"
418,22,289,1156,0.0009058624386406739,0.0009058624386406739,4,"[1, 3, 4, 880]","[6353, 1, 1, 1]"
419,22,289,1156,0.0009062024386406756,3.400000000016671e-07,3,"[1, 3, 4]","[6310, 1, 1]"
420,22,289,1156,0.0009064524386406768,2.500000000012258e-07,2,"[1, 880]","[6215, 1]"
421,22,289,1156,0.0009066724386406779,2.200000000010787e-07,2,"[1, 3]","[6146, 1]"
422,22,289,1156,0.000906902438640679,2.3000000000112774e-07,2,"[1, 3]","[6506, 2]"
423,22,289,1156,0.0009071324386406801,2.3000000000112774e-07,1,[1],[6142]
424,22,289,1156,0.0009074224386406816,2.9000000000142193e-07,1,[1],[6220]
425,22,289,1156,0.000907912438640684,4.900000000024026e-07,1,[1],[6151]
426,22,289,1157,0.0009065589683861539,0.0009065589683861539,1,[1],[6344]
427,22,289,1157,0.0009069389683861558,3.800000000018632e-07,1,[1],[6304]
428,22,289,1157,0.0009072289683861572,2.9000000000142193e-07,1,[1],[6271]
429,22,289,1157,0.0009075089683861586,2.800000000013729e-07,1,[1],[6214]
430,22,289,1157,0.0009078189683861601,3.1000000000152e-07,1,[1],[6230]
431,22,289,1157,0.0009082889683861624,4.700000000023045e-07,1,[1],[6211]
432,22,289,1158,0.0009072330812036473,0.0009072330812036473,1,[1],[6347]
433,22,289,1158,0.0009076530812036494,4.2000000000205935e-07,1,[1],[6273]
434,22,289,1158,0.0009080130812036512,3.6000000000176516e-07,1,[1],[6139]
435,22,289,1158,0.0009084630812036534,4.5000000000220645e-07,1,[1],[6347]
436,22,289,1159,0.000907903622106332,0.000907903622106332,1,[1],[6357]
437,22,289,1159,0.0009084236221063345,5.200000000025497e-07,1,[1],[6196]
438,22,289,1159,0.0009090436221063376,6.2000000000304e-07,1,[1],[6202]
439,22,289,1160,0.0009085922240709926,0.0009085922240709926,1,[1],[6343]
440,22,289,1160,0.000909292224070996,7.000000000034323e-07,1,[1],[6217]
441,22,289,1161,0.0009092329193290102,0.0009092329193290102,1,[1],[6274]
442,22,289,1161,0.0009103329193290156,1.1000000000053935e-06,1,[1],[6231]
443,22,289,1162,0.0009098416957969532,0.0009098416957969532,1,[1],[6299]
444,22,289,1163,0.0009103252762942356,0.0009103252762942356,1,[1],[6276]
445,22,289,1164,0.0009106636385180243,0.0009106636385180243,1,[1],[6277]
446,22,289,1165,0.0009109491593938646,0.0009109491593938646,1,[1],[6271]
447,22,289,1166,0.0009110201077859298,0.0009110201077859298,1,[1],[6261]
448,22,289,1167,0.0009112037873631841,0.0009112037873631841,1,[1],[6260]
449,22,289,1168,0.0009114817758511035,0.0009114817758511035,1,[1],[6257]
450,22,289,1169,0.0009117215842235368,0.0009117215842235368,1,[1],[6258]
451,22,290,1153,0.0009112699877454367,0.0009112699877454367,8,"[1, 2, 3, 4, 143, 880, 883, 884]","[36, 1, 1159, 9, 323, 126, 4024, 596]"
452,22,290,1153,0.0009120699877454406,8.000000000039226e-07,2,"[883, 884]","[5538, 720]"
453,22,290,1154,0.0009060331625400709,0.0009060331625400709,6,"[1, 2, 3, 4, 143, 880]","[760, 9, 3561, 95, 1052, 813]"
454,22,290,1154,0.000906463162540073,4.300000000021084e-07,6,"[1, 2, 3, 4, 143, 880]","[338, 1, 4304, 35, 1370, 200]"
455,22,290,1154,0.0009068131625400747,3.500000000017161e-07,5,"[1, 3, 4, 143, 880]","[204, 4569, 27, 1415, 92]"
456,22,290,1154,0.0009071631625400765,3.500000000017161e-07,6,"[1, 2, 3, 4, 143, 880]","[127, 1, 4679, 11, 1402, 29]"
457,22,290,1154,0.0009076231625400787,4.600000000022555e-07,6,"[1, 2, 3, 4, 143, 880]","[47, 1, 4878, 8, 1252, 16]"
458,22,290,1154,0.0009106031625400933,2.9800000000146116e-06,6,"[1, 3, 143, 880, 883, 884]","[7, 4271, 721, 2, 932, 301]"
459,22,290,1154,0.0009115231625400978,9.20000000004511e-07,2,"[883, 884]","[5069, 1217]"
460,22,290,1154,0.0009122831625401016,7.600000000037264e-07,2,"[883, 884]","[5043, 1156]"
461,22,290,1155,0.0009066696678627366,0.0009066696678627366,6,"[1, 2, 3, 4, 143, 880]","[1942, 4, 3136, 28, 987, 163]"
462,22,290,1155,0.0009079096678627427,1.24000000000608e-06,5,"[1, 3, 4, 143, 880]","[626, 4478, 2, 1127, 14]"
463,22,291,1153,0.0009112788192502433,0.0009112788192502433,4,"[3, 143, 883, 884]","[658, 52, 5578, 21]"
464,22,291,1153,0.0009119288192502465,6.500000000031871e-07,2,"[883, 884]","[6246, 17]"
465,22,291,1154,0.0009070554634245496,0.0009070554634245496,2,"[3, 143]","[5577, 711]"
466,22,291,1154,0.0009075654634245521,5.100000000025006e-07,3,"[3, 143, 144]","[6035, 231, 1]"
467,22,291,1154,0.0009080554634245545,4.900000000024026e-07,2,"[3, 143]","[6163, 90]"
468,22,291,1154,0.0009088454634245584,7.900000000038735e-07,3,"[3, 143, 144]","[6166, 24, 2]"
469,22,291,1155,0.0009076676404164127,0.0009076676404164127,3,"[3, 143, 144]","[5964, 343, 1]"
470,22,291,1155,0.0009090476404164195,1.3800000000067664e-06,3,"[3, 143, 144]","[6178, 25, 3]"
471,22,292,1152,0.0009119508958603883,0.0009119508958603883,2,"[883, 886]","[5164, 1097]"
472,22,292,1153,0.0009113679013307095,0.0009113679013307095,4,"[3, 144, 883, 886]","[382, 19, 5484, 443]"
473,22,292,1153,0.0009121179013307131,7.500000000036774e-07,2,"[883, 886]","[6007, 205]"
474,22,292,1154,0.0009078944120336955,0.0009078944120336955,2,"[3, 144]","[6214, 78]"
475,22,292,1154,0.000908414412033698,5.200000000025497e-07,2,"[3, 144]","[6074, 234]"
476,22,292,1154,0.0009088944120337004,4.800000000023535e-07,2,"[3, 144]","[5775, 449]"
477,22,292,1154,0.0009097144120337044,8.200000000040206e-07,3,"[3, 144, 883]","[5356, 848, 1]"
478,22,292,1155,0.0009081446124771995,0.0009081446124771995,2,"[3, 144]","[6166, 173]"
479,22,292,1155,0.0009087446124772025,6.000000000029419e-07,2,"[3, 144]","[5721, 453]"
480,22,292,1155,0.0009095846124772066,8.400000000041187e-07,2,"[3, 144]","[5364, 918]"
481,22,293,1152,0.0009107282845248227,0.0009107282845248227,4,"[883, 886, 963, 968]","[2253, 4002, 1, 3]"
482,22,293,1152,0.000911188284524825,4.600000000022555e-07,5,"[883, 886, 963, 966, 968]","[3232, 3071, 1, 1, 3]"
483,22,293,1152,0.000911598284524827,4.100000000020103e-07,3,"[883, 886, 968]","[3868, 2363, 1]"
484,22,293,1152,0.0009121682845248298,5.700000000027948e-07,3,"[883, 886, 968]","[4493, 1779, 5]"
485,22,293,1153,0.0009111347476639727,0.0009111347476639727,5,"[3, 144, 883, 886, 968]","[178, 25, 1988, 4104, 2]"
486,22,293,1153,0.0009120447476639772,9.100000000044619e-07,4,"[3, 883, 886, 968]","[1, 3675, 2536, 4]"
487,22,293,1154,0.000908695309408329,0.000908695309408329,2,"[3, 144]","[5599, 682]"
488,22,293,1154,0.0009092453094083317,5.500000000026968e-07,2,"[3, 144]","[5518, 733]"
489,22,293,1154,0.0009098753094083348,6.30000000003089e-07,2,"[3, 144]","[5622, 667]"
490,22,293,1155,0.0009086937892757995,0.0009086937892757995,2,"[3, 144]","[5539, 769]"
491,22,293,1155,0.000909213789275802,5.200000000025497e-07,2,"[3, 144]","[5449, 791]"
492,22,293,1155,0.0009097637892758047,5.500000000026968e-07,2,"[3, 144]","[5537, 686]"
493,22,294,1152,0.0009107964034838628,0.0009107964034838628,5,"[883, 886, 963, 966, 968]","[5576, 695, 3, 3, 3]"
494,22,294,1152,0.0009113164034838654,5.200000000025497e-07,5,"[883, 886, 963, 966, 968]","[5672, 536, 2, 1, 11]"
495,22,294,1152,0.0009118864034838682,5.700000000027948e-07,4,"[883, 886, 966, 968]","[5850, 428, 2, 14]"
496,22,294,1154,0.0009095319708996867,0.0009095319708996867,2,"[3, 144]","[6242, 18]"
497,22,294,1154,0.0009101819708996899,6.500000000031871e-07,2,"[3, 144]","[6289, 5]"
498,22,294,1154,0.0009117319708996975,1.5500000000076e-06,4,"[3, 144, 883, 886]","[6189, 6, 1, 3]"
499,22,294,1155,0.0009093814688199184,0.0009093814688199184,2,"[3, 144]","[6306, 25]"
500,22,294,1155,0.0009098814688199209,5.000000000024516e-07,2,"[3, 144]","[6176, 5]"
501,22,294,1155,0.0009103814688199233,5.000000000024516e-07,2,"[3, 144]","[6251, 4]"
502,22,294,1155,0.0009119614688199311,1.580000000007747e-06,1,[3],[6233]
503,22,295,1151,0.0009109430719904935,0.0009109430719904935,1,[883],[6295]
504,22,295,1151,0.0009119430719904984,1.0000000000049032e-06,1,[883],[6229]
505,22,295,1152,0.0009112052210392772,0.0009112052210392772,4,"[883, 886, 963, 966]","[6279, 2, 1, 1]"
506,22,295,1154,0.0009103525729843209,0.0009103525729843209,1,[3],[6313]
507,22,295,1154,0.0009111625729843249,8.100000000039716e-07,1,[3],[6234]
508,22,295,1155,0.0009100524768651342,0.0009100524768651342,1,[3],[6349]
509,22,295,1155,0.0009105624768651367,5.100000000025006e-07,1,[3],[6283]
510,22,295,1155,0.0009110524768651392,4.900000000024026e-07,1,[3],[6231]
511,22,295,1155,0.0009119024768651433,8.500000000041677e-07,1,[3],[6145]
512,22,296,1151,0.0009106658892436698,0.0009106658892436698,1,[883],[6307]
513,22,296,1151,0.0009112858892436728,6.2000000000304e-07,1,[883],[6277]
514,22,296,1154,0.0009112863466449898,0.0009112863466449898,1,[3],[6294]
515,22,296,1154,0.0009122563466449946,9.700000000047561e-07,1,[3],[6209]
516,22,296,1155,0.0009108607050114114,0.0009108607050114114,1,[3],[6274]
517,22,296,1155,0.0009113607050114139,5.000000000024516e-07,1,[3],[6355]
518,22,296,1155,0.000911790705011416,4.300000000021084e-07,1,[3],[6241]
519,22,296,1155,0.0009123307050114186,5.400000000026477e-07,1,[3],[6180]
520,22,297,1150,0.0009108415335670191,0.0009108415335670191,3,"[883, 954, 956]","[6275, 2, 5]"
521,22,297,1151,0.0009109259413469376,0.0009109259413469376,3,"[883, 954, 956]","[6292, 2, 3]"
522,22,297,1154,0.000912212426744962,0.000912212426744962,1,[3],[6300]
523,22,297,1154,0.0009137124267449693,1.5000000000073548e-06,1,[3],[6204]
524,22,297,1155,0.0009116038094520842,0.0009116038094520842,1,[3],[6293]
525,22,297,1155,0.0009120338094520863,4.300000000021084e-07,1,[3],[6219]
526,22,297,1155,0.000912383809452088,3.500000000017161e-07,1,[3],[6256]
527,22,297,1155,0.0009127638094520899,3.800000000018632e-07,1,[3],[6253]
528,22,297,1155,0.0009133238094520927,5.600000000027458e-07,1,[3],[6263]
529,22,298,1150,0.0009104727539350705,0.0009104727539350705,5,"[883, 953, 954, 956, 970]","[6322, 1, 2, 10, 4]"
530,22,298,1150,0.0009110827539350735,6.10000000002991e-07,4,"[883, 953, 954, 956]","[6206, 2, 1, 27]"
531,22,298,1154,0.0009130855426432345,0.0009130855426432345,1,[3],[6293]
532,22,298,1155,0.0009122101516834057,0.0009122101516834057,1,[3],[6381]
533,22,298,1155,0.0009125901516834076,3.800000000018632e-07,1,[3],[6180]
534,22,298,1155,0.0009129001516834091,3.1000000000152e-07,1,[3],[6417]
535,22,298,1155,0.0009131901516834105,2.9000000000142193e-07,1,[3],[6035]
536,22,298,1155,0.0009135401516834123,3.500000000017161e-07,1,[3],[6249]
537,22,298,1155,0.0009141801516834154,6.400000000031381e-07,1,[3],[6251]
538,22,299,1149,0.0009105848024611368,0.0009105848024611368,3,"[883, 958, 970]","[5239, 90, 941]"
539,22,299,1150,0.0009105439667020848,0.0009105439667020848,3,"[883, 956, 970]","[5741, 5, 554]"
540,22,299,1150,0.0009115639667020898,1.0200000000050013e-06,4,"[883, 956, 958, 970]","[6178, 5, 1, 24]"
541,22,299,1154,0.0009141291318766985,0.0009141291318766985,1,[3],[6253]
542,22,299,1155,0.0009128374843428911,0.0009128374843428911,1,[3],[6315]
543,22,299,1155,0.000913227484342893,3.9000000000191225e-07,1,[3],[6371]
544,22,299,1155,0.0009135274843428945,3.0000000000147097e-07,1,[3],[6173]
545,22,299,1155,0.0009138174843428959,2.9000000000142193e-07,1,[3],[6239]
546,22,299,1155,0.0009141374843428975,3.2000000000156903e-07,1,[3],[6200]
547,22,299,1155,0.0009146574843429,5.200000000025497e-07,1,[3],[6216]
548,22,300,1149,0.0009101957666101036,0.0009101957666101036,3,"[883, 958, 970]","[5473, 2, 842]"
549,22,300,1149,0.0009108057666101065,6.10000000002991e-07,3,"[883, 958, 970]","[6151, 2, 94]"
550,22,300,1155,0.0009133717814217348,0.0009133717814217348,1,[3],[6272]
551,22,300,1155,0.0009137217814217365,3.500000000017161e-07,1,[3],[6427]
552,22,300,1155,0.0009139917814217378,2.7000000000132387e-07,1,[3],[6140]
553,22,300,1155,0.000914241781421739,2.500000000012258e-07,1,[3],[6221]
554,22,300,1155,0.0009145017814217403,2.6000000000127484e-07,1,[3],[6209]
555,22,300,1155,0.0009148217814217419,3.2000000000156903e-07,1,[3],[6355]
556,22,300,1155,0.0009153517814217445,5.300000000025987e-07,1,[3],[6155]
557,22,300,1156,0.0009209679063754858,0.0009209679063754858,2,"[3, 149]","[6046, 206]"
558,22,301,1148,0.0009107390613333268,0.0009107390613333268,1,[883],[6257]
559,22,301,1149,0.0009103401438156868,0.0009103401438156868,2,"[883, 970]","[6266, 15]"
560,22,301,1149,0.0009112101438156911,8.700000000042658e-07,1,[883],[6234]
561,22,301,1155,0.0009139818003118258,0.0009139818003118258,1,[3],[6353]
562,22,301,1155,0.0009143318003118275,3.500000000017161e-07,1,[3],[6149]
563,22,301,1155,0.0009146118003118289,2.800000000013729e-07,1,[3],[6430]
564,22,301,1155,0.0009148618003118301,2.500000000012258e-07,1,[3],[6244]
565,22,301,1155,0.0009151218003118314,2.6000000000127484e-07,1,[3],[6249]
566,22,301,1155,0.0009154218003118329,3.0000000000147097e-07,2,"[3, 149]","[6104, 2]"
567,22,301,1155,0.0009159218003118353,5.000000000024516e-07,2,"[3, 149]","[6292, 1]"
568,22,301,1155,0.0009200118003118554,4.090000000020054e-06,2,"[3, 149]","[2787, 3414]"
569,22,301,1155,0.0009215218003118628,1.5100000000074039e-06,1,[149],[6227]
570,22,301,1156,0.0009148939219094877,0.0009148939219094877,2,"[3, 149]","[6290, 1]"
571,22,301,1156,0.0009164239219094952,1.530000000007502e-06,2,"[3, 149]","[6177, 36]"
572,22,301,1156,0.0009194239219095099,3.0000000000147097e-06,2,"[3, 149]","[256, 6042]"
573,22,301,1156,0.0009201139219095133,6.900000000033832e-07,1,[149],[6306]
574,22,301,1156,0.0009205639219095155,4.5000000000220645e-07,1,[149],[6178]
575,22,301,1156,0.0009209239219095173,3.6000000000176516e-07,1,[149],[6234]
576,22,301,1156,0.0009212339219095188,3.1000000000152e-07,1,[149],[6233]
577,22,301,1156,0.0009215339219095203,3.0000000000147097e-07,1,[149],[6371]
578,22,301,1156,0.0009218339219095218,3.0000000000147097e-07,1,[149],[6306]
579,22,301,1156,0.0009221639219095234,3.3000000000161806e-07,1,[149],[6102]
580,22,301,1156,0.0009226539219095258,4.900000000024026e-07,1,[149],[6308]
581,22,302,1148,0.0009101136829770278,0.0009101136829770278,1,[883],[6321]
582,22,302,1148,0.0009107936829770312,6.800000000033342e-07,1,[883],[6205]
583,22,302,1155,0.0009145632444548549,0.0009145632444548549,3,"[3, 149, 150]","[6332, 31, 2]"
584,22,302,1155,0.0009149232444548566,3.6000000000176516e-07,4,"[3, 149, 150, 154]","[6245, 71, 8, 1]"
585,22,302,1155,0.000915203244454858,2.800000000013729e-07,4,"[3, 149, 150, 154]","[6138, 124, 7, 1]"
586,22,302,1155,0.0009154632444548593,2.6000000000127484e-07,5,"[3, 145, 149, 150, 154]","[6050, 1, 194, 15, 1]"
587,22,302,1155,0.0009157432444548607,2.800000000013729e-07,5,"[3, 145, 149, 150, 154]","[5884, 1, 294, 10, 4]"
588,22,302,1155,0.0009160932444548624,3.500000000017161e-07,5,"[3, 145, 149, 150, 154]","[5524, 1, 610, 10, 1]"
589,22,302,1155,0.0009166832444548653,5.900000000028929e-07,4,"[3, 149, 150, 154]","[4445, 1769, 25, 2]"
590,22,302,1155,0.0009177032444548703,1.0200000000050013e-06,4,"[3, 149, 150, 154]","[994, 5225, 4, 1]"
591,22,302,1155,0.0009185332444548743,8.300000000040697e-07,2,"[3, 149]","[14, 6240]"
592,22,302,1155,0.0009193232444548782,7.900000000038735e-07,1,[149],[6266]
593,22,302,1155,0.0009202032444548825,8.800000000043148e-07,1,[149],[6249]
594,22,302,1155,0.0009214432444548886,1.24000000000608e-06,1,[149],[6206]
595,22,302,1156,0.0009147968733053004,0.0009147968733053004,4,"[3, 149, 150, 154]","[6093, 197, 26, 3]"
596,22,302,1156,0.0009151968733053024,4.000000000019613e-07,5,"[3, 145, 149, 150, 154]","[5911, 1, 377, 38, 2]"
597,22,302,1156,0.000915516873305304,3.2000000000156903e-07,5,"[3, 145, 149, 150, 154]","[5545, 2, 698, 38, 2]"
598,22,302,1156,0.0009158268733053055,3.1000000000152e-07,5,"[3, 145, 149, 150, 154]","[5006, 1, 1157, 38, 3]"
599,22,302,1156,0.0009161668733053071,3.400000000016671e-07,4,"[3, 149, 150, 154]","[4126, 1962, 37, 5]"
600,22,302,1156,0.000916556873305309,3.9000000000191225e-07,5,"[3, 145, 149, 150, 154]","[2700, 1, 3505, 32, 4]"
601,22,302,1156,0.0009169768733053111,4.2000000000205935e-07,4,"[3, 149, 150, 154]","[1148, 5150, 19, 1]"
602,22,302,1156,0.000917356873305313,3.800000000018632e-07,4,"[3, 149, 150, 154]","[293, 5924, 6, 2]"
603,22,302,1156,0.0009176868733053146,3.3000000000161806e-07,3,"[3, 149, 150]","[64, 6213, 1]"
604,22,302,1156,0.0009179868733053161,3.0000000000147097e-07,3,"[3, 149, 150]","[17, 6258, 1]"
605,22,302,1156,0.0009182568733053174,2.7000000000132387e-07,2,"[3, 149]","[3, 6218]"
606,22,302,1156,0.0009185268733053187,2.7000000000132387e-07,2,"[3, 149]","[2, 6275]"
607,22,302,1156,0.00091878687330532,2.6000000000127484e-07,1,[149],[6270]
608,22,302,1156,0.0009190368733053212,2.500000000012258e-07,1,[149],[6218]
609,22,302,1156,0.0009192968733053225,2.6000000000127484e-07,1,[149],[6413]
610,22,302,1156,0.0009195468733053237,2.500000000012258e-07,1,[149],[6126]
611,22,302,1156,0.0009197968733053249,2.500000000012258e-07,1,[149],[6150]
612,22,302,1156,0.0009200668733053263,2.7000000000132387e-07,1,[149],[6387]
613,22,302,1156,0.0009203568733053277,2.9000000000142193e-07,1,[149],[6276]
614,22,302,1156,0.0009206568733053292,3.0000000000147097e-07,1,[149],[6229]
615,22,302,1156,0.0009209768733053307,3.2000000000156903e-07,1,[149],[6191]
616,22,302,1156,0.0009213368733053325,3.6000000000176516e-07,1,[149],[6236]
617,22,302,1156,0.0009217668733053346,4.300000000021084e-07,1,[149],[6268]
618,22,302,1156,0.000922456873305338,6.900000000033832e-07,1,[149],[6178]
619,22,302,1157,0.0009225745698378177,0.0009225745698378177,3,"[3, 149, 150]","[356, 5887, 12]"
620,22,303,1147,0.0009104184985311807,0.0009104184985311807,1,[883],[6263]
621,22,303,1148,0.0009097767002789001,0.0009097767002789001,1,[883],[6315]
622,22,303,1148,0.0009105367002789039,7.600000000037264e-07,1,[883],[6205]
623,22,303,1155,0.0009152254826340215,0.0009152254826340215,5,"[3, 145, 149, 150, 154]","[5317, 1, 849, 130, 7]"
624,22,303,1155,0.0009157154826340239,4.900000000024026e-07,4,"[3, 149, 150, 154]","[4711, 1453, 145, 17]"
625,22,303,1155,0.0009162054826340263,4.900000000024026e-07,5,"[3, 145, 149, 150, 154]","[3795, 2, 2210, 109, 14]"
626,22,303,1155,0.0009168854826340296,6.800000000033342e-07,5,"[3, 145, 149, 150, 154]","[2366, 1, 3768, 110, 7]"
627,22,303,1155,0.0009184554826340373,1.570000000007698e-06,4,"[3, 149, 150, 154]","[467, 5767, 12, 2]"
628,22,303,1156,0.0009149489869230945,0.0009149489869230945,5,"[3, 145, 149, 150, 154]","[4861, 4, 1177, 223, 19]"
629,22,303,1156,0.0009152989869230962,3.500000000017161e-07,4,"[3, 149, 150, 154]","[4455, 1685, 183, 27]"
630,22,303,1156,0.0009155489869230975,2.500000000012258e-07,5,"[3, 145, 149, 150, 154]","[4004, 1, 2038, 206, 18]"
631,22,303,1156,0.0009157789869230986,2.3000000000112774e-07,5,"[3, 145, 149, 150, 154]","[3545, 1, 2572, 197, 25]"
632,22,303,1156,0.0009159989869230997,2.200000000010787e-07,4,"[3, 149, 150, 154]","[3069, 2940, 182, 26]"
633,22,303,1156,0.0009162189869231008,2.200000000010787e-07,5,"[3, 145, 149, 150, 154]","[2537, 1, 3464, 144, 17]"
634,22,303,1156,0.000916468986923102,2.500000000012258e-07,5,"[3, 145, 149, 150, 154]","[2144, 1, 4045, 131, 12]"
635,22,303,1156,0.0009167489869231034,2.800000000013729e-07,5,"[3, 145, 149, 150, 154]","[1377, 1, 4688, 96, 14]"
636,22,303,1156,0.000917088986923105,3.400000000016671e-07,5,"[3, 145, 149, 150, 154]","[787, 1, 5389, 39, 3]"
637,22,303,1156,0.0009175089869231071,4.2000000000205935e-07,5,"[3, 145, 149, 150, 154]","[326, 1, 5870, 15, 1]"
638,22,303,1156,0.0009181189869231101,6.10000000002991e-07,3,"[3, 149, 150]","[59, 6153, 3]"
639,22,303,1156,0.0009195889869231173,1.4700000000072077e-06,2,"[3, 149]","[2, 6238]"
640,22,304,1147,0.000908657123127547,0.000908657123127547,1,[883],[6272]
641,22,304,1147,0.000909467123127551,8.100000000039716e-07,1,[883],[6282]
642,22,304,1148,0.0009095962708358888,0.0009095962708358888,1,[883],[6274]
643,22,305,1147,0.0009076240759155566,0.0009076240759155566,2,"[883, 892]","[6198, 89]"
644,22,305,1147,0.0009082840759155598,6.600000000032361e-07,2,"[883, 892]","[6259, 10]"
645,22,305,1147,0.0009092540759155646,9.700000000047561e-07,2,"[883, 892]","[6206, 2]"
646,22,306,1146,0.0009064015812025073,0.0009064015812025073,3,"[883, 892, 949]","[4559, 1757, 11]"
647,22,306,1146,0.000907161581202511,7.600000000037264e-07,3,"[883, 892, 949]","[4325, 1901, 2]"
648,22,306,1147,0.0009067607420175447,0.0009067607420175447,3,"[883, 892, 949]","[4538, 1730, 1]"
649,22,306,1147,0.0009075507420175486,7.900000000038735e-07,2,"[883, 892]","[5267, 1022]"
650,22,307,1146,0.0009051235478104226,0.0009051235478104226,5,"[883, 892, 943, 949, 950]","[6200, 29, 8, 86, 1]"
651,22,307,1146,0.0009057635478104258,6.400000000031381e-07,4,"[883, 892, 949, 950]","[5951, 155, 128, 2]"
652,22,307,1146,0.000906413547810429,6.500000000031871e-07,4,"[883, 892, 949, 950]","[5618, 523, 82, 2]"
653,22,308,1145,0.0009033619181292971,0.0009033619181292971,2,"[883, 943]","[6289, 1]"
654,22,308,1145,0.0009042019181293012,8.400000000041187e-07,3,"[883, 943, 946]","[6260, 1, 1]"
655,22,308,1145,0.0009060519181293103,1.850000000009071e-06,3,"[883, 943, 949]","[6181, 13, 4]"
656,22,308,1146,0.0009044441865540271,0.0009044441865540271,4,"[883, 943, 946, 949]","[6305, 3, 2, 5]"
657,22,308,1146,0.0009058041865540338,1.3600000000066684e-06,6,"[883, 892, 943, 946, 949, 950]","[6117, 2, 19, 6, 63, 1]"
658,22,309,1144,0.000902208878190719,0.000902208878190719,1,[883],[6274]
659,22,309,1145,0.0009018467036621906,0.0009018467036621906,1,[883],[6310]
660,22,309,1145,0.0009025767036621941,7.300000000035793e-07,1,[883],[6281]
661,22,309,1145,0.0009033267036621978,7.500000000036774e-07,1,[883],[6220]
662,22,310,1144,0.000899772924671695,0.000899772924671695,2,"[883, 894]","[6251, 3]"
663,22,310,1144,0.0009005129246716986,7.400000000036284e-07,1,[883],[6315]
664,22,310,1144,0.0009013429246717027,8.300000000040697e-07,1,[883],[6222]
665,22,310,1145,0.0009015455958345194,0.0009015455958345194,1,[883],[6274]
666,22,311,1143,0.0008974851926978948,0.0008974851926978948,4,"[883, 894, 940, 941]","[4146, 2120, 9, 2]"
667,22,311,1143,0.000898345192697899,8.600000000042168e-07,3,"[883, 894, 940]","[3938, 2284, 4]"
668,22,311,1143,0.0008999151926979067,1.570000000007698e-06,3,"[883, 894, 940]","[5452, 795, 1]"
669,22,311,1144,0.0008984067468717633,0.0008984067468717633,4,"[883, 894, 940, 941]","[5332, 968, 4, 1]"
670,22,311,1144,0.0008992267468717673,8.200000000040206e-07,2,"[883, 894]","[6098, 123]"
671,22,311,1144,0.0009002767468717724,1.0500000000051484e-06,2,"[883, 894]","[6218, 8]"
672,22,312,1142,0.0008945165003997926,0.0008945165003997926,2,"[883, 895]","[6258, 5]"
673,22,312,1143,0.0008949603981382226,0.0008949603981382226,1,[883],[6256]
674,22,312,1143,0.0008959403981382274,9.800000000048052e-07,3,"[883, 894, 941]","[6250, 43, 1]"
675,22,312,1143,0.0008967303981382312,7.900000000038735e-07,3,"[883, 894, 940]","[5525, 738, 3]"
676,22,312,1143,0.0008973503981382343,6.2000000000304e-07,4,"[883, 894, 940, 941]","[4058, 2175, 6, 3]"
677,22,312,1143,0.0008979803981382374,6.30000000003089e-07,4,"[883, 894, 940, 941]","[2919, 3332, 12, 4]"
678,22,312,1144,0.0008987489146319243,0.0008987489146319243,3,"[883, 894, 940]","[4482, 1775, 2]"
679,22,313,1141,0.0008914011778900487,0.0008914011778900487,2,"[883, 895]","[4795, 1459]"
680,22,313,1142,0.000890444486606691,0.000890444486606691,2,"[883, 895]","[4045, 2248]"
681,22,313,1142,0.0008914844866066961,1.0400000000050993e-06,2,"[883, 895]","[5866, 405]"
682,22,313,1142,0.0008923444866067003,8.600000000042168e-07,2,"[883, 895]","[6230, 10]"
683,22,313,1142,0.0008933244866067052,9.800000000048052e-07,2,"[883, 895]","[6241, 1]"
684,22,313,1142,0.0008957944866067173,2.470000000012111e-06,1,[883],[6205]
685,22,313,1143,0.0008946645470841293,0.0008946645470841293,2,"[883, 895]","[6169, 92]"
686,22,314,1141,0.0008887549316431051,0.0008887549316431051,2,"[883, 895]","[5388, 882]"
687,22,314,1141,0.0008894449316431084,6.900000000033832e-07,2,"[883, 895]","[4392, 1866]"
688,22,314,1141,0.0008902049316431122,7.600000000037264e-07,2,"[883, 895]","[3946, 2297]"
689,22,314,1142,0.0008886419595644347,0.0008886419595644347,2,"[883, 895]","[3280, 3012]"
690,22,314,1142,0.0008891019595644369,4.600000000022555e-07,2,"[883, 895]","[2272, 4055]"
691,22,314,1142,0.0008894619595644387,3.6000000000176516e-07,2,"[883, 895]","[2084, 4124]"
692,22,314,1142,0.0008898519595644406,3.9000000000191225e-07,2,"[883, 895]","[2122, 4130]"
693,22,314,1142,0.0008904119595644433,5.600000000027458e-07,2,"[883, 895]","[2566, 3675]"
694,22,314,1142,0.0008929219595644556,2.510000000012307e-06,2,"[883, 895]","[4554, 1626]"
695,22,315,1141,0.0008872216972900777,0.0008872216972900777,3,"[883, 895, 896]","[6224, 1, 36]"
696,22,315,1141,0.0008880116972900815,7.900000000038735e-07,2,"[883, 895]","[6270, 22]"
697,22,315,1141,0.0008890716972900867,1.0600000000051974e-06,2,"[883, 895]","[5949, 272]"
698,22,315,1142,0.0008880633979214613,0.0008880633979214613,3,"[883, 895, 896]","[6113, 163, 2]"
699,22,315,1142,0.0008894033979214679,1.3400000000065703e-06,2,"[883, 895]","[3882, 2346]"
700,22,316,1141,0.0008851609294519441,0.0008851609294519441,2,"[883, 896]","[3048, 3240]"
701,22,316,1141,0.0008858709294519476,7.100000000034813e-07,2,"[883, 896]","[4358, 1891]"
702,22,316,1141,0.000886580929451951,7.100000000034813e-07,2,"[883, 896]","[5656, 618]"
703,22,316,1141,0.0008876809294519564,1.1000000000053935e-06,2,"[883, 896]","[6149, 53]"
704,22,316,1142,0.0008883538610688579,0.0008883538610688579,3,"[883, 895, 896]","[5931, 2, 320]"
705,22,317,1140,0.0008847794798178312,0.0008847794798178312,3,"[883, 896, 897]","[5348, 925, 25]"
706,22,317,1141,0.0008842845537040518,0.0008842845537040518,3,"[883, 896, 897]","[4994, 1282, 9]"
707,22,317,1141,0.0008848145537040544,5.300000000025987e-07,2,"[883, 896]","[4033, 2247]"
708,22,317,1141,0.0008852945537040568,4.800000000023535e-07,2,"[883, 896]","[3605, 2645]"
709,22,317,1141,0.0008860345537040604,7.400000000036284e-07,2,"[883, 896]","[3568, 2641]"
710,22,318,1140,0.0008832218209290527,0.0008832218209290527,2,"[883, 897]","[5122, 1159]"
711,22,318,1140,0.000883881820929056,6.600000000032361e-07,3,"[883, 896, 897]","[5311, 5, 953]"
712,22,318,1141,0.0008839795145944898,0.0008839795145944898,3,"[883, 896, 897]","[5585, 11, 702]"
713,22,319,1140,0.0008831578936988326,0.0008831578936988326,4,"[883, 897, 898, 935]","[5437, 870, 10, 15]"
714,22,319,1140,0.0008837278936988354,5.700000000027948e-07,4,"[883, 897, 898, 935]","[5372, 803, 5, 12]"
715,22,319,1140,0.0008852578936988429,1.530000000007502e-06,5,"[883, 897, 898, 935, 936]","[5542, 656, 5, 24, 1]"
716,22,319,1141,0.0008842043512683639,0.0008842043512683639,4,"[883, 897, 898, 935]","[5495, 733, 12, 16]"
717,22,320,1140,0.0008828319731284047,0.0008828319731284047,7,"[883, 897, 898, 900, 901, 935, 936]","[5543, 7, 698, 30, 3, 67, 1]"
718,22,320,1140,0.0008834419731284077,6.10000000002991e-07,5,"[883, 897, 898, 935, 936]","[5358, 3, 753, 142, 2]"
719,22,320,1140,0.0008842219731284115,7.800000000038245e-07,5,"[883, 897, 898, 935, 936]","[5467, 7, 519, 186, 2]"
720,22,321,1139,0.00087925126532815,0.00087925126532815,4,"[883, 900, 901, 930]","[3751, 898, 1636, 10]"
721,22,321,1139,0.0008798912653281532,6.400000000031381e-07,3,"[883, 900, 901]","[3983, 1024, 1243]"
722,22,321,1139,0.0008808312653281578,9.40000000004609e-07,3,"[883, 900, 901]","[4892, 700, 617]"
723,22,321,1139,0.0008830512653281687,2.220000000010885e-06,5,"[883, 898, 900, 901, 935]","[6098, 30, 73, 44, 1]"
724,22,321,1140,0.0008805667507384479,0.0008805667507384479,3,"[883, 900, 901]","[4177, 1530, 549]"
725,22,321,1140,0.0008817467507384537,1.1800000000057858e-06,5,"[883, 898, 900, 901, 935]","[6077, 41, 109, 18, 1]"
726,22,321,1140,0.0008824667507384572,7.200000000035303e-07,5,"[883, 898, 900, 935, 936]","[6090, 219, 2, 2, 1]"
727,22,321,1140,0.0008832467507384611,7.800000000038245e-07,3,"[883, 898, 935]","[5567, 619, 8]"
728,22,322,1138,0.0008804095845990803,0.0008804095845990803,5,"[883, 900, 901, 930, 931]","[5244, 30, 377, 612, 3]"
729,22,322,1139,0.0008789005817056182,0.0008789005817056182,5,"[883, 900, 901, 930, 931]","[4571, 317, 1171, 260, 3]"
730,22,322,1139,0.0008793205817056203,4.2000000000205935e-07,3,"[883, 900, 901]","[4758, 440, 1021]"
731,22,322,1139,0.0008796905817056221,3.700000000018142e-07,3,"[883, 900, 901]","[4850, 455, 935]"
732,22,322,1139,0.0008801405817056243,4.5000000000220645e-07,3,"[883, 900, 901]","[5027, 509, 754]"
733,22,322,1139,0.000881720581705632,1.580000000007747e-06,3,"[883, 900, 901]","[5362, 368, 455]"
734,22,322,1140,0.0008820137984361713,0.0008820137984361713,3,"[883, 900, 901]","[4476, 1118, 656]"
735,22,345,1112,0.000848106552245537,0.000848106552245537,1,[854],[6254]
736,22,384,1116,0.0009114347840895415,0.0009114347840895415,2,"[1001, 1031]","[6335, 2]"
737,22,384,1116,0.0009124647840895465,1.0300000000050503e-06,2,"[1001, 1031]","[6149, 20]"
738,22,384,1117,0.000912246296863724,0.000912246296863724,2,"[1001, 1031]","[6259, 14]"
739,22,385,1116,0.0009121119357525136,0.0009121119357525136,2,"[1001, 1031]","[5558, 747]"
740,22,385,1116,0.0009127719357525169,6.600000000032361e-07,2,"[1001, 1031]","[4754, 1492]"
741,22,385,1116,0.0009138019357525219,1.0300000000050503e-06,2,"[1001, 1031]","[4081, 2136]"
742,22,385,1117,0.0009121078826949616,0.0009121078826949616,3,"[1001, 1014, 1031]","[5453, 4, 839]"
743,22,385,1117,0.0009126578826949643,5.500000000026968e-07,2,"[1001, 1031]","[4832, 1452]"
744,22,385,1117,0.0009132278826949671,5.700000000027948e-07,2,"[1001, 1031]","[4524, 1658]"
745,22,386,1116,0.0009130072516435855,0.0009130072516435855,2,"[1001, 1031]","[3297, 3004]"
746,22,386,1117,0.0009125876535777151,0.0009125876535777151,3,"[1001, 1014, 1031]","[3977, 10, 2319]"
747,22,386,1117,0.0009133876535777191,8.000000000039226e-07,2,"[1001, 1031]","[3891, 2307]"
748,22,478,996,0.0006494780273406561,0.0006494780273406561,1,[723],[6256]
749,22,479,995,0.0006479537600842787,0.0006479537600842787,1,[723],[6268]
750,22,479,996,0.0006478835202635986,0.0006478835202635986,1,[723],[6294]
751,22,479,996,0.000648573520263602,6.900000000033832e-07,1,[723],[6293]
752,22,479,996,0.0006491435202636048,5.700000000027948e-07,1,[723],[6191]
753,22,479,996,0.0006497035202636075,5.600000000027458e-07,1,[723],[6287]
754,22,479,996,0.0006511135202636145,1.4100000000069135e-06,1,[723],[6189]
755,22,484,995,0.0006273259957222787,0.0006273259957222787,1,[357],[6344]
756,22,484,995,0.0006277359957222807,4.100000000020103e-07,1,[357],[6157]
757,22,484,995,0.0006281059957222825,3.700000000018142e-07,2,"[357, 361]","[6266, 3]"
758,22,484,995,0.0006285559957222847,4.5000000000220645e-07,2,"[357, 361]","[6288, 6]"
759,22,484,996,0.0006283058676119562,0.0006283058676119562,2,"[357, 361]","[6247, 6]"
760,22,485,995,0.0006272552874724724,0.0006272552874724724,1,[357],[6369]
761,22,485,995,0.0006276452874724743,3.9000000000191225e-07,2,"[357, 361]","[6152, 2]"
762,22,485,995,0.0006279952874724761,3.500000000017161e-07,2,"[357, 361]","[6316, 1]"
763,22,485,995,0.000628385287472478,3.9000000000191225e-07,2,"[357, 361]","[6168, 6]"
764,22,485,995,0.0006291452874724817,7.600000000037264e-07,2,"[357, 361]","[6247, 17]"
765,22,485,996,0.0006282997056871997,0.0006282997056871997,2,"[357, 361]","[6282, 1]"
766,22,521,1020,0.00068832194978054,0.00068832194978054,5,"[751, 765, 766, 776, 777]","[6166, 22, 5, 114, 1]"
767,22,521,1020,0.0006892219497805444,9.000000000044129e-07,3,"[751, 765, 766]","[6196, 24, 4]"
768,22,538,985,0.0005882279877767843,0.0005882279877767843,1,[769],[6279]
769,22,538,986,0.0005879607548347666,0.0005879607548347666,1,[769],[6283]
