,event,pixel_x,pixel_y,reset_time,TSLR,nMCParticles,MC_TrackIDs,MC_Weights
0,47,216,1253,0.0007932165125814708,0.0007932165125814708,3,"[4, 29, 31]","[3887, 2386, 1]"
1,47,217,1252,0.0007899077126438319,0.0007899077126438319,3,"[29, 31, 114]","[4634, 1668, 6]"
2,47,217,1252,0.000791957712643842,2.0500000000100516e-06,3,"[4, 29, 31]","[29, 5705, 466]"
3,47,217,1252,0.0007940377126438522,2.0800000000101987e-06,2,"[4, 29]","[5483, 761]"
4,47,217,1253,0.0007910118050959248,0.0007910118050959248,3,"[4, 29, 31]","[7, 6127, 135]"
5,47,217,1253,0.0007917718050959285,7.600000000037264e-07,3,"[4, 29, 31]","[465, 5818, 2]"
6,47,217,1253,0.0007922418050959308,4.700000000023045e-07,2,"[4, 29]","[2221, 3977]"
7,47,217,1253,0.0007925618050959324,3.2000000000156903e-07,2,"[4, 29]","[3879, 2436]"
8,47,217,1253,0.0007928018050959336,2.4000000000117677e-07,2,"[4, 29]","[4689, 1578]"
9,47,217,1253,0.0007930018050959346,2.0000000000098064e-07,2,"[4, 29]","[5104, 1081]"
10,47,217,1253,0.0007931918050959355,1.900000000009316e-07,2,"[4, 29]","[5653, 854]"
11,47,217,1253,0.0007933718050959364,1.8000000000088258e-07,2,"[4, 29]","[5692, 608]"
12,47,217,1253,0.0007935518050959373,1.8000000000088258e-07,2,"[4, 29]","[5628, 453]"
13,47,217,1253,0.0007937518050959383,2.0000000000098064e-07,2,"[4, 29]","[5963, 362]"
14,47,217,1253,0.0007939818050959394,2.3000000000112774e-07,2,"[4, 29]","[5828, 215]"
15,47,217,1253,0.000794321805095941,3.400000000016671e-07,2,"[4, 29]","[6080, 153]"
16,47,217,1254,0.0007928910304181671,0.0007928910304181671,2,"[4, 29]","[4231, 2085]"
17,47,217,1254,0.0007936710304181709,7.800000000038245e-07,2,"[4, 29]","[5260, 964]"
18,47,218,1251,0.0007851719313134024,0.0007851719313134024,4,"[29, 114, 118, 119]","[6261, 10, 11, 4]"
19,47,218,1251,0.0007864119313134084,1.24000000000608e-06,2,"[29, 114]","[6005, 261]"
20,47,218,1251,0.0007876919313134147,1.2800000000062761e-06,3,"[29, 31, 114]","[5824, 2, 397]"
21,47,218,1251,0.0007945919313134485,6.900000000033832e-06,4,"[4, 29, 31, 114]","[1343, 3533, 1319, 32]"
22,47,218,1252,0.0007873865874468799,0.0007873865874468799,3,"[29, 31, 114]","[5982, 9, 291]"
23,47,218,1252,0.0007882665874468842,8.800000000043148e-07,3,"[29, 31, 114]","[5862, 407, 30]"
24,47,218,1252,0.0007888465874468871,5.800000000028439e-07,3,"[29, 31, 114]","[4519, 1666, 2]"
25,47,218,1252,0.0007893265874468894,4.800000000023535e-07,2,"[29, 31]","[3503, 2759]"
26,47,218,1252,0.000789856587446892,5.300000000025987e-07,2,"[29, 31]","[3148, 3150]"
27,47,218,1252,0.0007910265874468978,1.1700000000057368e-06,2,"[29, 31]","[3962, 2210]"
28,47,218,1252,0.0007936665874469107,2.6400000000129445e-06,3,"[4, 29, 31]","[5334, 887, 49]"
29,47,218,1252,0.0007940665874469127,4.000000000019613e-07,2,"[4, 29]","[6233, 2]"
30,47,218,1252,0.0007943665874469142,3.0000000000147097e-07,1,[4],[6398]
31,47,218,1252,0.0007946265874469154,2.6000000000127484e-07,1,[4],[6223]
32,47,218,1252,0.0007948965874469168,2.7000000000132387e-07,1,[4],[6176]
33,47,218,1252,0.0007952065874469183,3.1000000000152e-07,1,[4],[6295]
34,47,218,1252,0.0007956665874469205,4.600000000022555e-07,1,[4],[6223]
35,47,218,1253,0.0007913847482751544,0.0007913847482751544,5,"[4, 29, 31, 114, 116]","[9, 5459, 783, 1, 13]"
36,47,218,1253,0.0007931947482751633,1.8100000000088748e-06,3,"[4, 29, 31]","[4618, 1623, 1]"
37,47,218,1253,0.0007936847482751657,4.900000000024026e-07,2,"[4, 29]","[6199, 64]"
38,47,218,1253,0.0007940947482751677,4.100000000020103e-07,2,"[4, 29]","[6330, 13]"
39,47,218,1253,0.0007945347482751699,4.400000000021574e-07,2,"[4, 29]","[6165, 1]"
40,47,218,1253,0.0007956547482751754,1.1200000000054916e-06,1,[4],[6235]
41,47,219,1248,0.0007714240370522793,0.0007714240370522793,3,"[29, 34, 120]","[5880, 364, 6]"
42,47,219,1249,0.0007701607306050814,0.0007701607306050814,3,"[29, 34, 120]","[6237, 30, 1]"
43,47,219,1249,0.0007726007306050934,2.440000000011964e-06,1,[29],[6252]
44,47,219,1249,0.000775580730605108,2.9800000000146116e-06,1,[29],[6247]
45,47,219,1249,0.0007794307306051269,3.850000000018877e-06,1,[29],[6234]
46,47,219,1250,0.0007794849423837756,0.0007794849423837756,1,[29],[6252]
47,47,219,1250,0.0007806649423837814,1.1800000000057858e-06,1,[29],[6310]
48,47,219,1250,0.0007815649423837858,9.000000000044129e-07,1,[29],[6194]
49,47,219,1250,0.0007825549423837907,9.900000000048542e-07,1,[29],[6285]
50,47,219,1250,0.0007843649423837995,1.8100000000088748e-06,1,[29],[6224]
51,47,219,1251,0.0007829152917650041,0.0007829152917650041,1,[29],[6259]
52,47,219,1251,0.0007840652917650097,1.1500000000056387e-06,1,[29],[6249]
53,47,219,1251,0.0007851852917650152,1.1200000000054916e-06,2,"[29, 114]","[6242, 5]"
54,47,219,1251,0.0007870152917650242,1.8300000000089729e-06,2,"[29, 114]","[6048, 208]"
55,47,219,1251,0.0007951152917650639,8.100000000039716e-06,4,"[4, 29, 31, 114]","[4999, 1204, 65, 68]"
56,47,219,1251,0.0007955952917650663,4.800000000023535e-07,1,[4],[6316]
57,47,219,1251,0.000795955291765068,3.6000000000176516e-07,1,[4],[6256]
58,47,219,1251,0.0007962952917650697,3.400000000016671e-07,1,[4],[6251]
59,47,219,1251,0.0007966752917650716,3.800000000018632e-07,1,[4],[6192]
60,47,219,1251,0.0007972652917650745,5.900000000028929e-07,1,[4],[6154]
61,47,219,1252,0.0007941376309332732,0.0007941376309332732,4,"[4, 29, 31, 114]","[1821, 3897, 430, 140]"
62,47,219,1252,0.0007948876309332769,7.500000000036774e-07,1,[4],[6250]
63,47,219,1252,0.0007953376309332791,4.5000000000220645e-07,1,[4],[6218]
64,47,219,1252,0.0007957976309332813,4.600000000022555e-07,1,[4],[6269]
65,47,219,1252,0.0007965276309332849,7.300000000035793e-07,1,[4],[6251]
66,47,220,1247,0.0007674029983930799,0.0007674029983930799,3,"[29, 34, 36]","[4017, 959, 1307]"
67,47,220,1248,0.0007666273935000103,0.0007666273935000103,3,"[29, 34, 36]","[2668, 3634, 14]"
68,47,220,1248,0.0007670973935000126,4.700000000023045e-07,3,"[29, 34, 36]","[3262, 3054, 1]"
69,47,220,1248,0.0007675273935000147,4.300000000021084e-07,3,"[29, 34, 36]","[3789, 2359, 1]"
70,47,220,1248,0.0007680773935000174,5.500000000026968e-07,2,"[29, 34]","[4671, 1588]"
71,47,220,1248,0.0007694473935000242,1.3700000000067174e-06,2,"[29, 34]","[5705, 513]"
72,47,220,1249,0.0007687763320998567,0.0007687763320998567,2,"[29, 34]","[5327, 926]"
73,47,220,1249,0.0007703163320998643,1.540000000007551e-06,2,"[29, 34]","[6263, 5]"
74,47,220,1249,0.0007716763320998709,1.3600000000066684e-06,1,[29],[6274]
75,47,220,1249,0.0007728963320998769,1.220000000005982e-06,1,[29],[6215]
76,47,220,1249,0.0007740463320998826,1.1500000000056387e-06,1,[29],[6257]
77,47,220,1249,0.0007751763320998881,1.1300000000055406e-06,1,[29],[6260]
78,47,220,1249,0.0007762863320998935,1.1100000000054426e-06,1,[29],[6226]
79,47,220,1249,0.0007774663320998993,1.1800000000057858e-06,1,[29],[6251]
80,47,220,1249,0.0007789663320999067,1.5000000000073548e-06,1,[29],[6247]
81,47,220,1250,0.0007778083751744456,0.0007778083751744456,1,[29],[6265]
82,47,220,1250,0.0007795883751744543,1.7800000000087277e-06,1,[29],[6252]
83,47,220,1250,0.0007821883751744671,2.6000000000127484e-06,1,[29],[6234]
84,47,220,1250,0.0007968883751745392,1.4700000000072077e-05,2,"[4, 29]","[5547, 734]"
85,47,220,1250,0.0007973483751745414,4.600000000022555e-07,1,[4],[6239]
86,47,220,1250,0.0007977383751745433,3.9000000000191225e-07,1,[4],[6372]
87,47,220,1250,0.0007981283751745452,3.9000000000191225e-07,1,[4],[6133]
88,47,220,1250,0.0007987883751745485,6.600000000032361e-07,1,[4],[6256]
89,47,220,1251,0.0007961096210880477,0.0007961096210880477,2,"[4, 29]","[4950, 1345]"
90,47,220,1251,0.0007966496210880503,5.400000000026477e-07,1,[4],[6315]
91,47,220,1251,0.0007970596210880523,4.100000000020103e-07,1,[4],[6165]
92,47,220,1251,0.0007975196210880546,4.600000000022555e-07,1,[4],[6340]
93,47,220,1251,0.000798419621088059,9.000000000044129e-07,1,[4],[6162]
94,47,221,1246,0.0007636726276902488,0.0007636726276902488,3,"[29, 36, 108]","[21, 6239, 4]"
95,47,221,1246,0.0007647026276902539,1.0300000000050503e-06,2,"[29, 36]","[707, 5534]"
96,47,221,1246,0.000765542627690258,8.400000000041187e-07,2,"[29, 36]","[3061, 3216]"
97,47,221,1246,0.0007668126276902642,1.270000000006227e-06,2,"[29, 36]","[4329, 1902]"
98,47,221,1247,0.0007637774013385481,0.0007637774013385481,3,"[29, 36, 108]","[6, 6293, 1]"
99,47,221,1247,0.0007648174013385532,1.0400000000050993e-06,2,"[29, 36]","[548, 5692]"
100,47,221,1247,0.000765397401338556,5.800000000028439e-07,3,"[29, 34, 36]","[2187, 1, 4082]"
101,47,221,1247,0.0007658074013385581,4.100000000020103e-07,5,"[29, 34, 36, 88, 89]","[3324, 13, 2860, 2, 1]"
102,47,221,1247,0.00076620740133856,4.000000000019613e-07,5,"[29, 34, 36, 88, 89]","[4158, 34, 2161, 2, 2]"
103,47,221,1247,0.0007666974013385624,4.900000000024026e-07,5,"[29, 34, 36, 88, 89]","[4601, 89, 1535, 2, 1]"
104,47,221,1248,0.0007669530798831675,0.0007669530798831675,5,"[29, 34, 36, 88, 89]","[4029, 1953, 327, 2, 1]"
105,47,221,1248,0.0007994130798833266,3.246000000015916e-05,6,"[4, 29, 34, 36, 88, 89]","[2312, 2319, 1555, 6, 1, 1]"
106,47,221,1249,0.0007980235708122947,0.0007980235708122947,3,"[4, 29, 34]","[4825, 1161, 285]"
107,47,221,1249,0.000798493570812297,4.700000000023045e-07,1,[4],[6302]
108,47,221,1249,0.0007988835708122989,3.9000000000191225e-07,1,[4],[6287]
109,47,221,1249,0.0007993335708123011,4.5000000000220645e-07,1,[4],[6248]
110,47,221,1250,0.0007976282624234049,0.0007976282624234049,2,"[4, 29]","[6008, 252]"
111,47,221,1250,0.0007980982624234072,4.700000000023045e-07,1,[4],[6274]
112,47,221,1250,0.0007985082624234092,4.100000000020103e-07,1,[4],[6262]
113,47,221,1250,0.000799078262423412,5.700000000027948e-07,1,[4],[6258]
114,47,222,1245,0.0007654193351871578,0.0007654193351871578,3,"[29, 36, 108]","[6233, 18, 2]"
115,47,222,1246,0.0007646572708033531,0.0007646572708033531,4,"[29, 36, 108, 111]","[4061, 1823, 414, 1]"
116,47,222,1246,0.0007652672708033561,6.10000000002991e-07,3,"[29, 36, 108]","[5804, 456, 16]"
117,47,222,1246,0.0007659172708033593,6.500000000031871e-07,2,"[29, 36]","[5850, 340]"
118,47,222,1247,0.000765918721873853,0.000765918721873853,4,"[29, 36, 108, 111]","[2623, 3210, 448, 6]"
119,47,222,1247,0.0008005587218740228,3.464000000016985e-05,3,"[4, 29, 36]","[3874, 1775, 570]"
120,47,222,1248,0.0007990600713413769,0.0007990600713413769,5,"[4, 29, 34, 36, 108]","[6098, 127, 4, 47, 2]"
121,47,222,1248,0.0007995100713413791,4.5000000000220645e-07,1,[4],[6358]
122,47,222,1248,0.000799890071341381,3.800000000018632e-07,1,[4],[6172]
123,47,222,1248,0.000800310071341383,4.2000000000205935e-07,1,[4],[6210]
124,47,222,1248,0.0008012100713413874,9.000000000044129e-07,1,[4],[6245]
125,47,222,1249,0.0007986570035814051,0.0007986570035814051,1,[4],[6340]
126,47,222,1249,0.0007991170035814073,4.600000000022555e-07,1,[4],[6304]
127,47,222,1249,0.0007995670035814095,4.5000000000220645e-07,1,[4],[6194]
128,47,222,1249,0.0008004370035814138,8.700000000042658e-07,1,[4],[6178]
129,47,223,1245,0.0007641882432213972,0.0007641882432213972,2,"[29, 38]","[6211, 98]"
130,47,223,1245,0.0007648482432214004,6.600000000032361e-07,2,"[29, 38]","[6057, 154]"
131,47,223,1245,0.0008029782432215874,3.813000000018696e-05,6,"[4, 26, 29, 38, 127, 189]","[2492, 103, 3546, 96, 1, 1]"
132,47,223,1246,0.0007653622519205461,0.0007653622519205461,5,"[29, 36, 38, 108, 111]","[5861, 1, 8, 383, 1]"
133,47,223,1246,0.0008013022519207223,3.594000000017622e-05,5,"[4, 29, 126, 127, 189]","[5214, 697, 260, 86, 24]"
134,47,223,1246,0.0008019422519207254,6.400000000031381e-07,2,"[4, 26]","[6252, 2]"
135,47,223,1246,0.0008027022519207292,7.600000000037264e-07,2,"[4, 26]","[6244, 7]"
136,47,223,1247,0.0008001934744258604,0.0008001934744258604,7,"[4, 29, 108, 111, 126, 127, 189]","[5139, 37, 448, 3, 412, 215, 10]"
137,47,223,1247,0.0008006534744258627,4.600000000022555e-07,1,[4],[6341]
138,47,223,1247,0.0008010134744258644,3.6000000000176516e-07,1,[4],[6310]
139,47,223,1247,0.0008013634744258661,3.500000000017161e-07,1,[4],[6246]
140,47,223,1247,0.0008018134744258683,4.5000000000220645e-07,1,[4],[6182]
141,47,223,1248,0.0007999729150203204,0.0007999729150203204,4,"[4, 108, 126, 127]","[6318, 1, 4, 2]"
142,47,223,1248,0.0008006629150203238,6.900000000033832e-07,1,[4],[6235]
143,47,224,1244,0.0007644824479676786,0.0007644824479676786,2,"[29, 38]","[3551, 2738]"
144,47,224,1244,0.0007649124479676807,4.300000000021084e-07,2,"[29, 38]","[4318, 1897]"
145,47,224,1244,0.0007653024479676826,3.9000000000191225e-07,2,"[29, 38]","[4980, 1291]"
146,47,224,1244,0.0007657624479676849,4.600000000022555e-07,2,"[29, 38]","[5428, 814]"
147,47,224,1244,0.0008026824479678659,3.692000000018103e-05,4,"[4, 26, 29, 38]","[1050, 141, 4684, 358]"
148,47,224,1244,0.0008037524479678712,1.0700000000052464e-06,2,"[4, 26]","[6008, 272]"
149,47,224,1244,0.0008053024479678788,1.5500000000076e-06,2,"[4, 26]","[6156, 74]"
150,47,224,1245,0.0007641384258716605,0.0007641384258716605,2,"[29, 38]","[4148, 2146]"
151,47,224,1245,0.0007646084258716628,4.700000000023045e-07,2,"[29, 38]","[3993, 2339]"
152,47,224,1245,0.0007650784258716651,4.700000000023045e-07,2,"[29, 38]","[3899, 2277]"
153,47,224,1245,0.0007662384258716708,1.1600000000056877e-06,2,"[29, 38]","[4231, 1977]"
154,47,224,1245,0.0008021584258718469,3.5920000000176124e-05,7,"[4, 26, 29, 38, 126, 127, 189]","[4707, 501, 272, 67, 644, 41, 66]"
155,47,224,1245,0.0008025784258718489,4.2000000000205935e-07,2,"[4, 26]","[5418, 921]"
156,47,224,1245,0.0008028784258718504,3.0000000000147097e-07,2,"[4, 26]","[5142, 1063]"
157,47,224,1245,0.0008031584258718518,2.800000000013729e-07,2,"[4, 26]","[5127, 1081]"
158,47,224,1245,0.0008034684258718533,3.1000000000152e-07,2,"[4, 26]","[5112, 1168]"
159,47,224,1245,0.0008038884258718554,4.2000000000205935e-07,2,"[4, 26]","[5233, 1023]"
160,47,224,1246,0.000778390761165393,0.000778390761165393,7,"[29, 38, 108, 126, 127, 189, 190]","[934, 77, 1, 3640, 348, 1274, 2]"
161,47,224,1246,0.0007791007611653965,7.100000000034813e-07,4,"[126, 127, 189, 190]","[3510, 1238, 1522, 10]"
162,47,224,1246,0.0007798207611654,7.200000000035303e-07,4,"[126, 127, 189, 190]","[3208, 2141, 857, 1]"
163,47,224,1246,0.0008012207611655049,2.140000000010493e-05,5,"[4, 26, 126, 127, 189]","[2562, 3, 1993, 1578, 132]"
164,47,224,1246,0.0008018707611655081,6.500000000031871e-07,2,"[4, 26]","[6199, 26]"
165,47,224,1246,0.0008023007611655102,4.300000000021084e-07,2,"[4, 26]","[6216, 80]"
166,47,224,1246,0.0008027507611655124,4.5000000000220645e-07,2,"[4, 26]","[6112, 181]"
167,47,224,1246,0.0008035107611655162,7.600000000037264e-07,2,"[4, 26]","[5780, 400]"
168,47,224,1247,0.0007791861859588482,0.0007791861859588482,5,"[108, 126, 127, 189, 190]","[5, 3282, 1793, 1237, 6]"
169,47,224,1247,0.0007798561859588515,6.700000000032852e-07,4,"[126, 127, 189, 190]","[3190, 2734, 260, 2]"
170,47,224,1247,0.000800756185958954,2.0900000000102477e-05,4,"[4, 126, 127, 189]","[1059, 2737, 2408, 54]"
171,47,225,1242,0.0008059847083394921,0.0008059847083394921,2,"[4, 29]","[6264, 1]"
172,47,225,1243,0.0008042665534289491,0.0008042665534289491,4,"[4, 29, 38, 126]","[5400, 823, 90, 3]"
173,47,225,1243,0.0008047865534289517,5.200000000025497e-07,1,[4],[6208]
174,47,225,1243,0.0008052765534289541,4.900000000024026e-07,1,[4],[6314]
175,47,225,1243,0.0008060565534289579,7.800000000038245e-07,1,[4],[6198]
176,47,225,1244,0.0007648122440087127,0.0007648122440087127,2,"[29, 38]","[1912, 4391]"
177,47,225,1244,0.0007653822440087155,5.700000000027948e-07,2,"[29, 38]","[2643, 3630]"
178,47,225,1244,0.0007663622440087203,9.800000000048052e-07,2,"[29, 38]","[3134, 3043]"
179,47,225,1244,0.000803432244008902,3.707000000018176e-05,5,"[4, 26, 29, 38, 126]","[5245, 86, 416, 225, 311]"
180,47,225,1244,0.0008039322440089045,5.000000000024516e-07,2,"[4, 26]","[6263, 20]"
181,47,225,1244,0.0008043622440089066,4.300000000021084e-07,2,"[4, 26]","[6203, 6]"
182,47,225,1244,0.0008049422440089094,5.800000000028439e-07,1,[4],[6278]
183,47,225,1245,0.0007650931854985385,0.0007650931854985385,2,"[29, 38]","[990, 5302]"
184,47,225,1245,0.0007772531854985981,1.2160000000059623e-05,5,"[29, 38, 126, 127, 189]","[1060, 3931, 1140, 95, 1]"
185,47,225,1245,0.000778453185498604,1.2000000000058839e-06,3,"[126, 127, 189]","[5574, 672, 11]"
186,47,225,1245,0.0008027731854987233,2.4320000000119246e-05,5,"[4, 26, 126, 127, 189]","[2202, 541, 2742, 709, 31]"
187,47,225,1245,0.0008036931854987278,9.20000000004511e-07,2,"[4, 26]","[5347, 927]"
188,47,225,1246,0.0007775899593785992,0.0007775899593785992,5,"[29, 38, 126, 127, 189]","[11, 37, 5453, 666, 153]"
189,47,225,1246,0.0007779999593786012,4.100000000020103e-07,4,"[126, 127, 189, 190]","[4599, 1287, 340, 1]"
190,47,225,1246,0.0007783399593786029,3.400000000016671e-07,3,"[126, 127, 189]","[3865, 1996, 505]"
191,47,225,1246,0.0007786499593786044,3.1000000000152e-07,4,"[126, 127, 189, 190]","[3067, 2571, 589, 2]"
192,47,225,1246,0.000778979959378606,3.3000000000161806e-07,3,"[126, 127, 189]","[2431, 3208, 592]"
193,47,225,1246,0.0007793999593786081,4.2000000000205935e-07,4,"[126, 127, 189, 190]","[1761, 3860, 545, 2]"
194,47,225,1246,0.0008020599593787192,2.2660000000111107e-05,5,"[4, 26, 126, 127, 189]","[216, 22, 1474, 4130, 372]"
195,47,225,1247,0.0007792316018436703,0.0007792316018436703,4,"[126, 127, 189, 190]","[2024, 3190, 1032, 5]"
196,47,226,1241,0.0008063882326269973,0.0008063882326269973,1,[4],[6335]
197,47,226,1241,0.0008068882326269998,5.000000000024516e-07,1,[4],[6234]
198,47,226,1241,0.0008073882326270022,5.000000000024516e-07,1,[4],[6264]
199,47,226,1241,0.0008084882326270076,1.1000000000053935e-06,1,[4],[6178]
200,47,226,1242,0.0008054572852939901,0.0008054572852939901,1,[4],[6293]
201,47,226,1242,0.0008059172852939924,4.600000000022555e-07,1,[4],[6222]
202,47,226,1242,0.0008063272852939944,4.100000000020103e-07,1,[4],[6339]
203,47,226,1242,0.0008068172852939968,4.900000000024026e-07,1,[4],[6223]
204,47,226,1243,0.0008052814023433026,0.0008052814023433026,3,"[4, 38, 126]","[6257, 4, 18]"
205,47,226,1243,0.0008066614023433094,1.3800000000067664e-06,1,[4],[6228]
206,47,226,1244,0.0007784070740537885,0.0007784070740537885,4,"[29, 38, 126, 127]","[12, 392, 5811, 42]"
207,47,226,1245,0.0007773749670366028,0.0007773749670366028,6,"[29, 38, 126, 127, 177, 183]","[4, 273, 3260, 2711, 2, 1]"
208,47,226,1245,0.0007777549670366046,3.800000000018632e-07,4,"[126, 127, 177, 178]","[4430, 1905, 6, 1]"
209,47,226,1245,0.000778044967036606,2.9000000000142193e-07,2,"[126, 127]","[4775, 1477]"
210,47,226,1245,0.0007783249670366074,2.800000000013729e-07,5,"[126, 127, 177, 183, 189]","[5088, 1280, 3, 1, 1]"
211,47,226,1245,0.0007786349670366089,3.1000000000152e-07,4,"[126, 127, 177, 183]","[5089, 1022, 1, 1]"
212,47,226,1245,0.0007791349670366114,5.000000000024516e-07,3,"[126, 127, 177]","[5382, 813, 2]"
213,47,226,1246,0.0007774753596826761,0.0007774753596826761,4,"[126, 127, 177, 178]","[1092, 5247, 2, 2]"
214,47,226,1246,0.0007779953596826787,5.200000000025497e-07,3,"[126, 127, 189]","[2199, 4008, 1]"
215,47,226,1246,0.0007784353596826808,4.400000000021574e-07,2,"[126, 127]","[2576, 3705]"
216,47,226,1246,0.0007789753596826835,5.400000000026477e-07,4,"[126, 127, 177, 189]","[2787, 3411, 1, 2]"
217,47,227,1239,0.0008087760600089147,0.0008087760600089147,1,[4],[6300]
218,47,227,1240,0.0008073827550161461,0.0008073827550161461,2,"[4, 150]","[6291, 4]"
219,47,227,1240,0.0008078127550161482,4.300000000021084e-07,1,[4],[6280]
220,47,227,1240,0.0008081627550161499,3.500000000017161e-07,1,[4],[6278]
221,47,227,1240,0.0008085527550161518,3.9000000000191225e-07,1,[4],[6240]
222,47,227,1240,0.0008091827550161549,6.30000000003089e-07,1,[4],[6188]
223,47,227,1241,0.0008069516188963343,0.0008069516188963343,2,"[4, 150]","[6289, 3]"
224,47,227,1241,0.0008075316188963372,5.800000000028439e-07,1,[4],[6295]
225,47,227,1241,0.0008082716188963408,7.400000000036284e-07,1,[4],[6198]
226,47,227,1245,0.000776345272333777,0.000776345272333777,4,"[126, 127, 177, 183]","[17, 6223, 2, 13]"
227,47,227,1245,0.0007771452723337809,8.000000000039226e-07,4,"[126, 127, 177, 183]","[343, 5802, 2, 106]"
228,47,227,1245,0.0007778352723337843,6.900000000033832e-07,6,"[126, 127, 177, 178, 183, 184]","[1470, 4664, 14, 2, 94, 2]"
229,47,227,1245,0.0007790952723337904,1.260000000006178e-06,6,"[126, 127, 177, 178, 183, 184]","[3480, 2723, 5, 1, 43, 1]"
230,47,227,1246,0.000774824160921129,0.000774824160921129,1,[127],[6252]
231,47,227,1246,0.0007752941609211313,4.700000000023045e-07,1,[127],[6361]
232,47,227,1246,0.0007757141609211333,4.2000000000205935e-07,1,[127],[6146]
233,47,227,1246,0.0007763241609211363,6.10000000002991e-07,2,"[127, 183]","[6255, 4]"
234,47,227,1246,0.0007775341609211423,1.2100000000059329e-06,5,"[126, 127, 177, 183, 184]","[43, 6098, 5, 86, 2]"
235,47,227,1247,0.0007751715987437849,0.0007751715987437849,1,[127],[6299]
236,47,228,1238,0.0008093184698605129,0.0008093184698605129,3,"[4, 25, 93]","[5052, 1173, 37]"
237,47,228,1238,0.0008098884698605157,5.700000000027948e-07,2,"[4, 25]","[4736, 1589]"
238,47,228,1238,0.0008107184698605197,8.300000000040697e-07,2,"[4, 25]","[4606, 1561]"
239,47,228,1239,0.000808571446306123,0.000808571446306123,4,"[4, 25, 93, 150]","[6304, 13, 12, 1]"
240,47,228,1239,0.0008090214463061252,4.5000000000220645e-07,2,"[4, 25]","[6240, 57]"
241,47,228,1239,0.0008094214463061272,4.000000000019613e-07,2,"[4, 25]","[6078, 117]"
242,47,228,1239,0.0008099514463061298,5.300000000025987e-07,2,"[4, 25]","[6009, 195]"
243,47,228,1240,0.0008086897308127789,0.0008086897308127789,2,"[4, 150]","[5196, 1071]"
244,47,228,1246,0.00077610171203945,0.00077610171203945,2,"[127, 183]","[6256, 3]"
245,47,229,1237,0.0008103060044658264,0.0008103060044658264,3,"[4, 25, 93]","[6056, 285, 2]"
246,47,229,1237,0.0008109060044658293,6.000000000029419e-07,2,"[4, 25]","[6170, 62]"
247,47,229,1237,0.000812056004465835,1.1500000000056387e-06,2,"[4, 25]","[6181, 9]"
248,47,229,1238,0.0008094886985508745,0.0008094886985508745,3,"[4, 25, 93]","[4563, 1662, 89]"
249,47,229,1238,0.0008099586985508768,4.700000000023045e-07,2,"[4, 25]","[4939, 1372]"
250,47,229,1238,0.0008103886985508789,4.300000000021084e-07,2,"[4, 25]","[5133, 1085]"
251,47,229,1238,0.0008110386985508821,6.500000000031871e-07,2,"[4, 25]","[5466, 696]"
252,47,230,1235,0.0008133754548946949,0.0008133754548946949,1,[4],[6250]
253,47,230,1236,0.0008111325181616746,0.0008111325181616746,1,[4],[6357]
254,47,230,1236,0.000811632518161677,5.000000000024516e-07,1,[4],[6266]
255,47,230,1236,0.0008121625181616796,5.300000000025987e-07,1,[4],[6208]
256,47,230,1237,0.0008107780924040714,0.0008107780924040714,2,"[4, 25]","[6301, 2]"
257,47,230,1237,0.0008114480924040747,6.700000000032852e-07,1,[4],[6235]
258,47,231,1234,0.0008128220710557188,0.0008128220710557188,2,"[4, 24]","[6286, 17]"
259,47,231,1234,0.0008136520710557228,8.300000000040697e-07,2,"[4, 24]","[6198, 45]"
260,47,231,1235,0.0008119933123614335,0.0008119933123614335,1,[4],[6256]
261,47,231,1235,0.0008124733123614358,4.800000000023535e-07,1,[4],[6290]
262,47,231,1235,0.0008129533123614382,4.800000000023535e-07,1,[4],[6296]
263,47,231,1236,0.0008120805656583094,0.0008120805656583094,1,[4],[6301]
264,47,232,1232,0.0008151793893596591,0.0008151793893596591,2,"[4, 24]","[6185, 84]"
265,47,232,1233,0.0008132930501922113,0.0008132930501922113,2,"[4, 24]","[5164, 1140]"
266,47,232,1233,0.0008137530501922135,4.600000000022555e-07,2,"[4, 24]","[5252, 1015]"
267,47,232,1233,0.0008142330501922159,4.800000000023535e-07,2,"[4, 24]","[5360, 848]"
268,47,232,1234,0.0008129502638983393,0.0008129502638983393,2,"[4, 24]","[6128, 202]"
269,47,232,1234,0.0008134902638983419,5.400000000026477e-07,2,"[4, 24]","[5915, 319]"
270,47,232,1234,0.0008142302638983455,7.400000000036284e-07,2,"[4, 24]","[5716, 509]"
271,47,233,1231,0.0008148911139752511,0.0008148911139752511,1,[4],[6298]
272,47,233,1231,0.0008156411139752548,7.500000000036774e-07,2,"[4, 23]","[6246, 2]"
273,47,233,1232,0.0008141283915328496,0.0008141283915328496,2,"[4, 24]","[6281, 9]"
274,47,233,1232,0.0008145983915328519,4.700000000023045e-07,2,"[4, 24]","[6304, 2]"
275,47,233,1232,0.0008150883915328543,4.900000000024026e-07,2,"[4, 24]","[6211, 2]"
276,47,233,1233,0.0008143122130077977,0.0008143122130077977,3,"[4, 24, 68]","[5872, 410, 5]"
277,47,234,1229,0.0008171577848532969,0.0008171577848532969,2,"[4, 23]","[5441, 818]"
278,47,234,1230,0.0008153361553073033,0.0008153361553073033,2,"[4, 23]","[5363, 927]"
279,47,234,1230,0.0008157861553073055,4.5000000000220645e-07,2,"[4, 23]","[5202, 1155]"
280,47,234,1230,0.0008161861553073075,4.000000000019613e-07,2,"[4, 23]","[5017, 1101]"
281,47,234,1230,0.0008168261553073106,6.400000000031381e-07,2,"[4, 23]","[5249, 1035]"
282,47,234,1231,0.000815091680091441,0.000815091680091441,2,"[4, 23]","[6311, 25]"
283,47,234,1231,0.0008156816800914438,5.900000000028929e-07,2,"[4, 23]","[6139, 69]"
284,47,234,1231,0.0008170516800914506,1.3700000000067174e-06,2,"[4, 23]","[6085, 127]"
285,47,235,1228,0.0008171490066108949,0.0008171490066108949,1,[4],[6303]
286,47,235,1229,0.0008161443667877641,0.0008161443667877641,2,"[4, 23]","[6080, 196]"
287,47,235,1229,0.0008166443667877666,5.000000000024516e-07,2,"[4, 23]","[6247, 63]"
288,47,235,1229,0.0008171643667877691,5.200000000025497e-07,2,"[4, 23]","[6203, 29]"
289,47,235,1230,0.0008161918899484989,0.0008161918899484989,2,"[4, 23]","[5284, 987]"
290,47,236,1227,0.0008175338150383371,0.0008175338150383371,1,[4],[6293]
291,47,236,1227,0.0008181838150383403,6.500000000031871e-07,1,[4],[6241]
292,47,236,1228,0.0008169420077492766,0.0008169420077492766,1,[4],[6340]
293,47,236,1228,0.000817432007749279,4.900000000024026e-07,1,[4],[6219]
294,47,236,1228,0.0008179720077492816,5.400000000026477e-07,1,[4],[6208]
295,47,237,1226,0.0008181385802410876,0.0008181385802410876,1,[4],[6288]
296,47,237,1226,0.0008186585802410902,5.200000000025497e-07,1,[4],[6318]
297,47,237,1226,0.0008192585802410931,6.000000000029419e-07,1,[4],[6177]
298,47,237,1227,0.0008177764961155345,0.0008177764961155345,1,[4],[6271]
299,47,237,1227,0.0008183564961155373,5.800000000028439e-07,1,[4],[6296]
300,47,237,1227,0.000819316496115542,9.60000000004707e-07,1,[4],[6187]
301,47,238,1224,0.0008201279419535155,0.0008201279419535155,1,[4],[6300]
302,47,238,1225,0.0008188371858359667,0.0008188371858359667,1,[4],[6320]
303,47,238,1225,0.000819307185835969,4.700000000023045e-07,1,[4],[6198]
304,47,238,1225,0.0008198071858359715,5.000000000024516e-07,1,[4],[6284]
305,47,238,1226,0.0008187575822611319,0.0008187575822611319,1,[4],[6253]
306,47,238,1226,0.0008196875822611365,9.3000000000456e-07,1,[4],[6270]
307,47,239,1223,0.0008202558678809254,0.0008202558678809254,2,"[4, 22]","[6318, 1]"
308,47,239,1223,0.000820995867880929,7.400000000036284e-07,1,[4],[6198]
309,47,239,1224,0.0008195576194842414,0.0008195576194842414,1,[4],[6285]
310,47,239,1224,0.0008200476194842438,4.900000000024026e-07,1,[4],[6271]
311,47,239,1224,0.0008205476194842463,5.000000000024516e-07,1,[4],[6227]
312,47,239,1225,0.0008201721593318577,0.0008201721593318577,1,[4],[6268]
313,47,240,1221,0.0008223955502862919,0.0008223955502862919,3,"[4, 21, 22]","[5160, 13, 1079]"
314,47,240,1222,0.0008207209613422903,0.0008207209613422903,2,"[4, 22]","[5979, 361]"
315,47,240,1222,0.0008212009613422927,4.800000000023535e-07,2,"[4, 22]","[5720, 459]"
316,47,240,1222,0.0008217109613422952,5.100000000025006e-07,2,"[4, 22]","[5688, 544]"
317,47,240,1223,0.0008204273898152529,0.0008204273898152529,2,"[4, 22]","[6339, 2]"
318,47,240,1223,0.0008210073898152557,5.800000000028439e-07,2,"[4, 22]","[6194, 5]"
319,47,240,1223,0.0008222173898152616,1.2100000000059329e-06,2,"[4, 22]","[6195, 19]"
320,47,241,1220,0.0008220960799848776,0.0008220960799848776,4,"[4, 20, 21, 22]","[4877, 3, 1389, 4]"
321,47,241,1220,0.0008226560799848803,5.600000000027458e-07,5,"[4, 20, 21, 194, 197]","[3937, 4, 2329, 7, 3]"
322,47,241,1220,0.0008233760799848839,7.200000000035303e-07,5,"[4, 20, 21, 194, 197]","[2989, 8, 3203, 2, 3]"
323,47,241,1221,0.0008213203606646943,0.0008213203606646943,3,"[4, 21, 22]","[5551, 30, 755]"
324,47,241,1221,0.0008217603606646965,4.400000000021574e-07,3,"[4, 21, 22]","[5812, 119, 388]"
325,47,241,1221,0.0008221403606646984,3.800000000018632e-07,4,"[4, 21, 22, 194]","[5641, 296, 208, 1]"
326,47,241,1221,0.0008226303606647008,4.900000000024026e-07,4,"[4, 21, 22, 194]","[5487, 654, 111, 1]"
327,47,241,1222,0.0008212958587179491,0.0008212958587179491,2,"[4, 22]","[5055, 1205]"
328,47,241,1222,0.0008221658587179533,8.700000000042658e-07,3,"[4, 21, 22]","[5279, 2, 997]"
329,47,242,1219,0.0008225465003688034,0.0008225465003688034,6,"[4, 19, 20, 21, 200, 201]","[4120, 395, 1670, 109, 29, 3]"
330,47,242,1219,0.0008229865003688056,4.400000000021574e-07,5,"[4, 19, 20, 21, 200]","[4063, 526, 1557, 68, 20]"
331,47,242,1219,0.0008234065003688076,4.2000000000205935e-07,5,"[4, 19, 20, 21, 200]","[4156, 620, 1403, 46, 13]"
332,47,242,1219,0.0008241865003688115,7.800000000038245e-07,5,"[4, 19, 20, 21, 200]","[4196, 802, 1182, 28, 8]"
333,47,242,1220,0.0008221247257730639,0.0008221247257730639,5,"[4, 19, 20, 21, 194]","[4999, 1, 217, 1047, 3]"
334,47,242,1220,0.000822554725773066,4.300000000021084e-07,5,"[4, 19, 20, 21, 194]","[4683, 3, 388, 1253, 1]"
335,47,242,1220,0.000822964725773068,4.100000000020103e-07,6,"[4, 19, 20, 21, 194, 197]","[4212, 7, 584, 1406, 2, 1]"
336,47,242,1220,0.000823574725773071,6.10000000002991e-07,6,"[4, 19, 20, 21, 194, 197]","[4225, 16, 622, 1379, 4, 1]"
337,47,242,1221,0.0008230629703389215,0.0008230629703389215,5,"[4, 20, 21, 22, 197]","[5110, 2, 1147, 7, 1]"
338,47,243,1217,0.0008246671449537207,0.0008246671449537207,2,"[4, 19]","[6277, 7]"
339,47,243,1218,0.0008232380606624617,0.0008232380606624617,5,"[4, 19, 20, 200, 201]","[5297, 882, 74, 25, 1]"
340,47,243,1218,0.000823698060662464,4.600000000022555e-07,4,"[4, 19, 20, 200]","[5721, 490, 21, 1]"
341,47,243,1218,0.0008241580606624662,4.600000000022555e-07,4,"[4, 19, 20, 200]","[5972, 266, 8, 2]"
342,47,243,1218,0.000825338060662472,1.1800000000057858e-06,4,"[4, 19, 20, 200]","[6090, 143, 6, 1]"
343,47,243,1219,0.0008228786908182233,0.0008228786908182233,4,"[4, 19, 20, 200]","[3417, 1084, 1822, 11]"
344,47,243,1219,0.000823408690818226,5.300000000025987e-07,5,"[4, 19, 20, 21, 200]","[3810, 1168, 1191, 1, 1]"
345,47,243,1219,0.0008241386908182295,7.300000000035793e-07,4,"[4, 19, 20, 200]","[4454, 1117, 695, 1]"
346,47,244,1216,0.000824844773766141,0.000824844773766141,1,[4],[6265]
347,47,244,1216,0.000826054773766147,1.2100000000059329e-06,1,[4],[6251]
348,47,244,1217,0.0008240364412523379,0.0008240364412523379,1,[4],[6270]
349,47,244,1217,0.0008245264412523403,4.900000000024026e-07,1,[4],[6351]
350,47,244,1217,0.0008250364412523428,5.100000000025006e-07,1,[4],[6176]
351,47,244,1218,0.0008246068117448934,0.0008246068117448934,2,"[4, 19]","[6240, 16]"
352,47,245,1215,0.0008253736725913036,0.0008253736725913036,1,[4],[6324]
353,47,245,1215,0.0008259636725913065,5.900000000028929e-07,1,[4],[6189]
354,47,245,1215,0.0008271536725913124,1.1900000000058348e-06,1,[4],[6244]
355,47,245,1216,0.0008249566393923037,0.0008249566393923037,1,[4],[6278]
356,47,245,1216,0.0008256066393923069,6.500000000031871e-07,1,[4],[6268]
357,47,246,1213,0.0008270924440812714,0.0008270924440812714,1,[4],[6269]
358,47,246,1214,0.0008260682948529945,0.0008260682948529945,1,[4],[6269]
359,47,246,1214,0.000826588294852997,5.200000000025497e-07,1,[4],[6235]
360,47,246,1214,0.000827208294853,6.2000000000304e-07,1,[4],[6254]
361,47,246,1215,0.0008261011644895229,0.0008261011644895229,1,[4],[6271]
362,47,247,1212,0.000827482488469867,0.000827482488469867,2,"[4, 18]","[6202, 68]"
363,47,247,1212,0.0008281124884698701,6.30000000003089e-07,2,"[4, 18]","[6094, 226]"
364,47,247,1213,0.0008269294817742816,0.0008269294817742816,1,[4],[6263]
365,47,247,1213,0.0008275194817742845,5.900000000028929e-07,2,"[4, 18]","[6305, 1]"
366,47,247,1213,0.000828439481774289,9.20000000004511e-07,2,"[4, 18]","[6191, 3]"
367,47,248,1210,0.0008299269712285867,0.0008299269712285867,2,"[4, 18]","[6184, 83]"
368,47,248,1211,0.0008280696446746356,0.0008280696446746356,2,"[4, 18]","[4691, 1606]"
369,47,248,1211,0.0008285496446746379,4.800000000023535e-07,2,"[4, 18]","[4858, 1410]"
370,47,248,1211,0.0008290196446746402,4.700000000023045e-07,2,"[4, 18]","[5107, 1157]"
371,47,248,1211,0.0008298496446746443,8.300000000040697e-07,2,"[4, 18]","[5493, 692]"
372,47,248,1212,0.0008279263940335398,0.0008279263940335398,2,"[4, 18]","[5582, 672]"
373,47,248,1212,0.0008286963940335436,7.700000000037755e-07,2,"[4, 18]","[5072, 1192]"
374,47,249,1209,0.0008303732765461749,0.0008303732765461749,2,"[4, 17]","[5566, 711]"
375,47,249,1209,0.0008311332765461786,7.600000000037264e-07,2,"[4, 17]","[5036, 1208]"
376,47,249,1210,0.0008294424694652094,0.0008294424694652094,3,"[4, 17, 18]","[6326, 3, 1]"
377,47,249,1210,0.0008300124694652122,5.700000000027948e-07,2,"[4, 17]","[6189, 16]"
378,47,249,1210,0.0008307324694652158,7.200000000035303e-07,2,"[4, 17]","[6195, 78]"
379,47,249,1211,0.0008299890238836606,0.0008299890238836606,2,"[4, 18]","[6106, 147]"
380,47,250,1208,0.000831399309167207,0.000831399309167207,2,"[4, 17]","[5651, 607]"
381,47,250,1208,0.0008320793091672104,6.800000000033342e-07,2,"[4, 17]","[6216, 90]"
382,47,250,1208,0.0008333393091672166,1.260000000006178e-06,3,"[4, 16, 17]","[6157, 18, 23]"
383,47,250,1209,0.0008305985230772739,0.0008305985230772739,2,"[4, 17]","[4450, 1867]"
384,47,250,1209,0.0008311585230772766,5.600000000027458e-07,2,"[4, 17]","[4605, 1583]"
385,47,250,1209,0.0008318885230772802,7.300000000035793e-07,2,"[4, 17]","[5170, 1102]"
386,47,251,1206,0.000834622855338342,0.000834622855338342,2,"[4, 16]","[5533, 722]"
387,47,251,1207,0.0008324948667717025,0.0008324948667717025,2,"[4, 16]","[5135, 1133]"
388,47,251,1207,0.0008329648667717048,4.700000000023045e-07,2,"[4, 16]","[4705, 1590]"
389,47,251,1207,0.0008333948667717069,4.300000000021084e-07,2,"[4, 16]","[4497, 1782]"
390,47,251,1207,0.0008339948667717099,6.000000000029419e-07,2,"[4, 16]","[4423, 1789]"
391,47,251,1208,0.000832335168533964,0.000832335168533964,3,"[4, 16, 17]","[6174, 80, 12]"
392,47,251,1208,0.0008336651685339706,1.3300000000065213e-06,2,"[4, 16]","[5772, 481]"
393,47,252,1205,0.0008351981942879579,0.0008351981942879579,1,[4],[6259]
394,47,252,1206,0.0008339103275301374,0.0008339103275301374,2,"[4, 16]","[6145, 141]"
395,47,252,1206,0.0008345303275301405,6.2000000000304e-07,2,"[4, 16]","[6267, 10]"
396,47,252,1206,0.0008353203275301444,7.900000000038735e-07,2,"[4, 16]","[6206, 1]"
397,47,252,1207,0.0008339488332204687,0.0008339488332204687,2,"[4, 16]","[5140, 1138]"
398,47,253,1204,0.0008361789471756304,0.0008361789471756304,1,[4],[6278]
399,47,253,1204,0.0008370589471756347,8.800000000043148e-07,1,[4],[6239]
400,47,253,1205,0.0008352524876221119,0.0008352524876221119,1,[4],[6297]
401,47,253,1205,0.0008359224876221152,6.700000000032852e-07,1,[4],[6222]
402,47,253,1205,0.0008372824876221219,1.3600000000066684e-06,1,[4],[6233]
403,47,254,1203,0.0008372993362902669,0.0008372993362902669,1,[4],[6305]
404,47,254,1203,0.0008379693362902702,6.700000000032852e-07,1,[4],[6248]
405,47,254,1203,0.0008393793362902771,1.4100000000069135e-06,1,[4],[6200]
406,47,254,1204,0.0008367386763455044,0.0008367386763455044,1,[4],[6290]
407,47,254,1204,0.0008376386763455088,9.000000000044129e-07,1,[4],[6215]
408,47,255,1201,0.0008401592062213459,0.0008401592062213459,2,"[4, 15]","[5802, 449]"
409,47,255,1202,0.0008385186110025807,0.0008385186110025807,2,"[4, 15]","[6344, 1]"
410,47,255,1202,0.0008391186110025836,6.000000000029419e-07,2,"[4, 15]","[6203, 3]"
411,47,255,1202,0.0008399086110025875,7.900000000038735e-07,2,"[4, 15]","[6229, 22]"
412,47,255,1203,0.0008383597980051513,0.0008383597980051513,1,[4],[6298]
413,47,256,1200,0.00084091410775936,0.00084091410775936,2,"[4, 15]","[5798, 512]"
414,47,256,1200,0.000841934107759365,1.0200000000050013e-06,2,"[4, 15]","[6118, 93]"
415,47,256,1201,0.0008397634067514512,0.0008397634067514512,2,"[4, 15]","[5349, 1001]"
416,47,256,1201,0.0008402834067514537,5.200000000025497e-07,2,"[4, 15]","[4903, 1367]"
417,47,256,1201,0.0008408034067514563,5.200000000025497e-07,2,"[4, 15]","[4780, 1374]"
418,47,256,1202,0.0008406332291321833,0.0008406332291321833,2,"[4, 15]","[5927, 333]"
419,47,257,1199,0.000842055796508667,0.000842055796508667,1,[4],[6287]
420,47,257,1199,0.0008427157965086703,6.600000000032361e-07,1,[4],[6286]
421,47,257,1199,0.000843675796508675,9.60000000004707e-07,1,[4],[6187]
422,47,257,1200,0.0008413739133378812,0.0008413739133378812,2,"[4, 15]","[6302, 29]"
423,47,257,1200,0.0008421739133378851,8.000000000039226e-07,2,"[4, 15]","[6212, 1]"
424,47,258,1197,0.0008447839520557962,0.0008447839520557962,2,"[4, 14]","[6312, 2]"
425,47,258,1198,0.0008433894239500394,0.0008433894239500394,1,[4],[6319]
426,47,258,1198,0.0008439794239500423,5.900000000028929e-07,1,[4],[6203]
427,47,258,1198,0.0008446994239500458,7.200000000035303e-07,1,[4],[6261]
428,47,258,1199,0.0008432384874853413,0.0008432384874853413,1,[4],[6253]
429,47,259,1196,0.0008455833868196746,0.0008455833868196746,2,"[4, 14]","[4737, 1536]"
430,47,259,1196,0.0008461533868196774,5.700000000027948e-07,3,"[4, 13, 14]","[4508, 1, 1812]"
431,47,259,1196,0.0008468233868196807,6.700000000032852e-07,3,"[4, 13, 14]","[4654, 3, 1516]"
432,47,259,1197,0.0008448589569886205,0.0008448589569886205,2,"[4, 14]","[6206, 93]"
433,47,259,1197,0.0008454989569886236,6.400000000031381e-07,2,"[4, 14]","[5907, 368]"
434,47,259,1197,0.0008463189569886276,8.200000000040206e-07,2,"[4, 14]","[5300, 902]"
435,47,260,1194,0.0008479887384141276,0.0008479887384141276,3,"[4, 12, 13]","[2713, 3332, 264]"
436,47,260,1194,0.0008485287384141303,5.400000000026477e-07,3,"[4, 12, 13]","[2708, 3439, 96]"
437,47,260,1194,0.000849088738414133,5.600000000027458e-07,3,"[4, 12, 13]","[3057, 3162, 30]"
438,47,260,1195,0.000847082435460831,0.000847082435460831,4,"[4, 12, 13, 14]","[5433, 173, 604, 84]"
439,47,260,1195,0.0008475924354608335,5.100000000025006e-07,4,"[4, 12, 13, 14]","[4738, 569, 917, 4]"
440,47,260,1195,0.0008480324354608357,4.400000000021574e-07,4,"[4, 12, 13, 14]","[4335, 948, 979, 1]"
441,47,260,1195,0.0008485424354608382,5.100000000025006e-07,3,"[4, 12, 13]","[4067, 1407, 801]"
442,47,260,1196,0.0008464219736420178,0.0008464219736420178,3,"[4, 13, 14]","[4418, 10, 1877]"
443,47,260,1196,0.0008475319736420232,1.1100000000054426e-06,4,"[4, 12, 13, 14]","[5523, 1, 131, 555]"
444,47,261,1193,0.0008497732608592437,0.0008497732608592437,2,"[4, 12]","[5780, 479]"
445,47,261,1193,0.0008504832608592471,7.100000000034813e-07,2,"[4, 12]","[6266, 37]"
446,47,261,1193,0.0008515332608592523,1.0500000000051484e-06,3,"[4, 11, 12]","[6181, 11, 4]"
447,47,261,1194,0.00084827310238511,0.00084827310238511,3,"[4, 12, 13]","[2564, 3713, 57]"
448,47,261,1194,0.0008487931023851126,5.200000000025497e-07,3,"[4, 12, 13]","[3271, 2955, 11]"
449,47,261,1194,0.0008492531023851148,4.600000000022555e-07,3,"[4, 12, 13]","[3968, 2236, 2]"
450,47,261,1194,0.0008498431023851177,5.900000000028929e-07,2,"[4, 12]","[4803, 1484]"
451,47,261,1195,0.0008486487546610197,0.0008486487546610197,3,"[4, 12, 13]","[3698, 2066, 528]"
452,47,262,1191,0.0008527471498280922,0.0008527471498280922,2,"[4, 11]","[5607, 668]"
453,47,262,1191,0.0008543171498280999,1.570000000007698e-06,2,"[4, 11]","[6136, 89]"
454,47,262,1192,0.0008512874669813225,0.0008512874669813225,2,"[4, 11]","[5632, 626]"
455,47,262,1192,0.0008518674669813253,5.800000000028439e-07,2,"[4, 11]","[5101, 1201]"
456,47,262,1192,0.0008524674669813283,6.000000000029419e-07,2,"[4, 11]","[4940, 1352]"
457,47,262,1193,0.0008510602739928703,0.0008510602739928703,3,"[4, 11, 12]","[6248, 30, 7]"
458,47,263,1190,0.0008541627862381974,0.0008541627862381974,1,[4],[6293]
459,47,263,1190,0.0008549227862382011,7.600000000037264e-07,1,[4],[6254]
460,47,263,1191,0.0008532358951129013,0.0008532358951129013,2,"[4, 11]","[6196, 117]"
461,47,263,1191,0.0008541458951129057,9.100000000044619e-07,2,"[4, 11]","[6206, 3]"
462,47,264,1188,0.0008572807846542099,0.0008572807846542099,1,[4],[6262]
463,47,264,1189,0.0008557737887052678,0.0008557737887052678,1,[4],[6324]
464,47,264,1189,0.0008564737887052712,7.000000000034323e-07,1,[4],[6234]
465,47,264,1189,0.0008574137887052758,9.40000000004609e-07,1,[4],[6226]
466,47,264,1190,0.0008556364460075892,0.0008556364460075892,1,[4],[6251]
467,47,265,1187,0.0008585636847552492,0.0008585636847552492,1,[4],[6308]
468,47,265,1187,0.0008593336847552529,7.700000000037755e-07,1,[4],[6246]
469,47,265,1188,0.0008576348501617095,0.0008576348501617095,1,[4],[6286]
470,47,265,1188,0.000858544850161714,9.100000000044619e-07,1,[4],[6245]
471,47,266,1185,0.0008613179951955684,0.0008613179951955684,2,"[4, 10]","[4251, 2013]"
472,47,266,1185,0.000862247995195573,9.3000000000456e-07,2,"[4, 10]","[4721, 1557]"
473,47,266,1186,0.0008601181627768107,0.0008601181627768107,2,"[4, 10]","[6009, 246]"
474,47,266,1186,0.0008607281627768137,6.10000000002991e-07,2,"[4, 10]","[5407, 924]"
475,47,266,1186,0.0008612981627768165,5.700000000027948e-07,2,"[4, 10]","[4622, 1608]"
476,47,266,1186,0.0008623981627768219,1.1000000000053935e-06,2,"[4, 10]","[3969, 2222]"
477,47,266,1187,0.000859939394773928,0.000859939394773928,2,"[4, 10]","[6263, 2]"
478,47,267,1183,0.0008649021816691162,0.0008649021816691162,2,"[4, 9]","[4817, 1445]"
479,47,267,1184,0.0008628546174674096,0.0008628546174674096,3,"[4, 9, 10]","[5905, 340, 15]"
480,47,267,1184,0.0008634646174674126,6.10000000002991e-07,2,"[4, 9]","[5071, 1242]"
481,47,267,1184,0.0008640146174674153,5.500000000026968e-07,2,"[4, 9]","[3949, 2228]"
482,47,267,1184,0.00086497461746742,9.60000000004707e-07,2,"[4, 9]","[3293, 2963]"
483,47,267,1185,0.0008617078720967304,0.0008617078720967304,3,"[4, 9, 10]","[4169, 1, 2093]"
484,47,267,1185,0.0008625278720967344,8.200000000040206e-07,3,"[4, 9, 10]","[5724, 7, 575]"
485,47,267,1185,0.0008640478720967419,1.5200000000074529e-06,3,"[4, 9, 10]","[5882, 227, 81]"
486,47,267,1186,0.0008618357488308784,0.0008618357488308784,2,"[4, 10]","[2914, 3341]"
487,47,268,1182,0.000865859462696834,0.000865859462696834,1,[4],[6321]
488,47,268,1182,0.0008667794626968386,9.20000000004511e-07,1,[4],[6198]
489,47,268,1183,0.0008644379134208813,0.0008644379134208813,2,"[4, 9]","[5507, 814]"
490,47,268,1183,0.0008651279134208847,6.900000000033832e-07,2,"[4, 9]","[6024, 242]"
491,47,268,1183,0.0008659279134208886,8.000000000039226e-07,2,"[4, 9]","[6126, 41]"
492,47,268,1184,0.0008639080735245851,0.0008639080735245851,3,"[4, 9, 10]","[4070, 2235, 1]"
493,47,268,1184,0.000865118073524591,1.2100000000059329e-06,2,"[4, 9]","[3685, 2532]"
494,47,269,1180,0.0008684054148931028,0.0008684054148931028,2,"[4, 8]","[3056, 3255]"
495,47,269,1180,0.0008689054148931052,5.000000000024516e-07,3,"[4, 7, 8]","[2534, 3, 3681]"
496,47,269,1180,0.0008693854148931076,4.800000000023535e-07,3,"[4, 7, 8]","[2454, 28, 3801]"
497,47,269,1180,0.0008699654148931104,5.800000000028439e-07,3,"[4, 7, 8]","[2227, 73, 3895]"
498,47,269,1180,0.0008718754148931198,1.910000000009365e-06,3,"[4, 7, 8]","[1589, 198, 4459]"
499,47,269,1181,0.0008673664958304206,0.0008673664958304206,2,"[4, 8]","[6231, 81]"
500,47,269,1181,0.0008679864958304237,6.2000000000304e-07,2,"[4, 8]","[5671, 557]"
501,47,269,1181,0.0008685464958304264,5.600000000027458e-07,2,"[4, 8]","[4788, 1491]"
502,47,269,1181,0.0008691564958304294,6.10000000002991e-07,2,"[4, 8]","[3279, 2909]"
503,47,269,1181,0.0008699564958304333,8.000000000039226e-07,3,"[4, 7, 8]","[1519, 2, 4730]"
504,47,269,1182,0.000866699618338568,0.000866699618338568,1,[4],[6287]
505,47,269,1182,0.0008681696183385752,1.4700000000072077e-06,2,"[4, 8]","[6215, 1]"
506,47,270,1178,0.0008726497120599782,0.0008726497120599782,2,"[4, 7]","[6144, 129]"
507,47,270,1179,0.0008699987387726384,0.0008699987387726384,3,"[4, 7, 8]","[3528, 2533, 276]"
508,47,270,1179,0.0008705587387726412,5.600000000027458e-07,3,"[4, 7, 8]","[3821, 2413, 16]"
509,47,270,1179,0.0008710887387726438,5.300000000025987e-07,3,"[4, 7, 8]","[4472, 1703, 3]"
510,47,270,1179,0.0008718687387726476,7.800000000038245e-07,2,"[4, 7]","[5476, 790]"
511,47,270,1180,0.000868874266617854,0.000868874266617854,3,"[4, 7, 8]","[3313, 64, 2911]"
512,47,270,1180,0.0008694942666178571,6.2000000000304e-07,3,"[4, 7, 8]","[3838, 481, 1947]"
513,47,270,1180,0.0008700642666178599,5.700000000027948e-07,3,"[4, 7, 8]","[3957, 1156, 1158]"
514,47,270,1180,0.0008708542666178638,7.900000000038735e-07,3,"[4, 7, 8]","[3654, 1955, 630]"
515,47,270,1181,0.0008695878273918291,0.0008695878273918291,3,"[4, 7, 8]","[4199, 4, 2058]"
516,47,271,1177,0.000873725458537809,0.000873725458537809,1,[4],[6276]
517,47,271,1177,0.0008746654585378136,9.40000000004609e-07,1,[4],[6259]
518,47,271,1178,0.0008722478440643256,0.0008722478440643256,2,"[4, 7]","[6240, 24]"
519,47,271,1178,0.0008729978440643293,7.500000000036774e-07,1,[4],[6303]
520,47,271,1178,0.0008740678440643346,1.0700000000052464e-06,1,[4],[6191]
521,47,271,1179,0.0008717658103335835,0.0008717658103335835,2,"[4, 7]","[4814, 1463]"
522,47,272,1175,0.0008771299238733823,0.0008771299238733823,1,[4],[6282]
523,47,272,1176,0.0008753341039610097,0.0008753341039610097,1,[4],[6285]
524,47,272,1176,0.000876014103961013,6.800000000033342e-07,1,[4],[6224]
525,47,272,1176,0.0008768041039610169,7.900000000038735e-07,1,[4],[6301]
526,47,272,1177,0.0008747116785494584,0.0008747116785494584,1,[4],[6281]
527,47,272,1177,0.000876661678549468,1.9500000000095613e-06,1,[4],[6223]
528,47,273,1173,0.0008815353908341131,0.0008815353908341131,1,[4],[6264]
529,47,273,1174,0.0008785148706538715,0.0008785148706538715,1,[4],[6273]
530,47,273,1174,0.0008792548706538752,7.400000000036284e-07,1,[4],[6260]
531,47,273,1174,0.0008803148706538804,1.0600000000051974e-06,1,[4],[6224]
532,47,273,1175,0.00087741197705769,0.00087741197705769,1,[4],[6311]
533,47,273,1175,0.0008782419770576941,8.300000000040697e-07,1,[4],[6255]
534,47,274,1172,0.0008818967917946292,0.0008818967917946292,1,[4],[6296]
535,47,274,1172,0.0008829767917946345,1.0800000000052955e-06,1,[4],[6211]
536,47,274,1173,0.0008803716263963881,0.0008803716263963881,1,[4],[6322]
537,47,274,1173,0.0008810716263963916,7.000000000034323e-07,1,[4],[6245]
538,47,274,1173,0.0008818716263963955,8.000000000039226e-07,1,[4],[6233]
539,47,274,1174,0.0008800074836315487,0.0008800074836315487,1,[4],[6269]
540,47,275,1170,0.0008855864747736808,0.0008855864747736808,1,[4],[6280]
541,47,275,1171,0.0008834694929055842,0.0008834694929055842,1,[4],[6276]
542,47,275,1171,0.0008841794929055877,7.100000000034813e-07,1,[4],[6272]
543,47,275,1171,0.0008849994929055917,8.200000000040206e-07,1,[4],[6227]
544,47,275,1172,0.0008825631308453352,0.0008825631308453352,1,[4],[6315]
545,47,275,1172,0.0008835631308453401,1.0000000000049032e-06,1,[4],[6203]
546,47,276,1169,0.0008867223767456217,0.0008867223767456217,1,[4],[6287]
547,47,276,1169,0.0008875723767456259,8.500000000041677e-07,2,"[4, 6]","[6226, 13]"
548,47,276,1170,0.0008854318916899781,0.0008854318916899781,1,[4],[6283]
549,47,276,1170,0.0008861718916899818,7.400000000036284e-07,1,[4],[6244]
550,47,276,1170,0.0008872018916899868,1.0300000000050503e-06,1,[4],[6235]
551,47,276,1171,0.000885744296515054,0.000885744296515054,1,[4],[6252]
552,47,277,1167,0.0008901291964877115,0.0008901291964877115,2,"[4, 6]","[5727, 561]"
553,47,277,1168,0.000888199635586594,0.000888199635586594,2,"[4, 6]","[4217, 2083]"
554,47,277,1168,0.0008887296355865966,5.300000000025987e-07,2,"[4, 6]","[3888, 2413]"
555,47,277,1168,0.0008892096355865989,4.800000000023535e-07,2,"[4, 6]","[4087, 2155]"
556,47,277,1168,0.0008898996355866023,6.900000000033832e-07,2,"[4, 6]","[4823, 1393]"
557,47,277,1169,0.0008877686240177286,0.0008877686240177286,2,"[4, 6]","[6120, 172]"
558,47,277,1169,0.0008889986240177346,1.230000000006031e-06,2,"[4, 6]","[5219, 1023]"
559,47,278,1166,0.0008914483055256499,0.0008914483055256499,1,[4],[6291]
560,47,278,1166,0.000892278305525654,8.300000000040697e-07,1,[4],[6223]
561,47,278,1167,0.0008904186278319303,0.0008904186278319303,2,"[4, 6]","[6232, 54]"
562,47,278,1167,0.0008912786278319346,8.600000000042168e-07,1,[4],[6260]
563,47,279,1164,0.0008945888227055066,0.0008945888227055066,2,"[4, 5]","[6278, 1]"
564,47,279,1165,0.0008930699992463146,0.0008930699992463146,1,[4],[6276]
565,47,279,1165,0.0008937999992463182,7.300000000035793e-07,1,[4],[6252]
566,47,279,1165,0.0008948499992463234,1.0500000000051484e-06,1,[4],[6232]
567,47,279,1166,0.0008928082212368514,0.0008928082212368514,1,[4],[6284]
568,47,280,1162,0.0008989320951974986,0.0008989320951974986,2,"[4, 5]","[6044, 206]"
569,47,280,1163,0.0008958124507604605,0.0008958124507604605,2,"[4, 5]","[5062, 1206]"
570,47,280,1163,0.0008964924507604638,6.800000000033342e-07,2,"[4, 5]","[4737, 1506]"
571,47,280,1163,0.0008974024507604683,9.100000000044619e-07,2,"[4, 5]","[5281, 990]"
572,47,280,1164,0.0008950002180480217,0.0008950002180480217,2,"[4, 5]","[6213, 55]"
573,47,280,1164,0.0008959002180480261,9.000000000044129e-07,2,"[4, 5]","[5970, 303]"
574,47,281,1161,0.0008991605173239142,0.0008991605173239142,1,[4],[6265]
575,47,281,1161,0.0009005005173239207,1.3400000000065703e-06,1,[4],[6263]
576,47,281,1162,0.0008976750177096234,0.0008976750177096234,2,"[4, 5]","[6240, 31]"
577,47,281,1162,0.000898415017709627,7.400000000036284e-07,2,"[4, 5]","[6284, 1]"
578,47,281,1162,0.0008995250177096325,1.1100000000054426e-06,1,[4],[6197]
579,47,281,1163,0.0008973687952007783,0.0008973687952007783,2,"[4, 5]","[5336, 921]"
580,47,282,1159,0.0009030553216586903,0.0009030553216586903,1,[4],[6260]
581,47,282,1160,0.000900682226760833,0.000900682226760833,1,[4],[6348]
582,47,282,1160,0.0009014422267608367,7.600000000037264e-07,1,[4],[6192]
583,47,282,1160,0.0009026922267608428,1.250000000006129e-06,1,[4],[6221]
584,47,282,1161,0.0008997719673153172,0.0008997719673153172,1,[4],[6287]
585,47,282,1161,0.0009008319673153224,1.0600000000051974e-06,1,[4],[6243]
586,47,283,1158,0.0009038467761009935,0.0009038467761009935,1,[4],[6254]
587,47,283,1158,0.0009049967761009991,1.1500000000056387e-06,1,[4],[6269]
588,47,283,1159,0.0009024769376391778,0.0009024769376391778,1,[4],[6309]
589,47,283,1159,0.0009032369376391815,7.600000000037264e-07,1,[4],[6215]
590,47,283,1159,0.0009044869376391877,1.250000000006129e-06,1,[4],[6234]
591,47,283,1160,0.0009026234057436326,0.0009026234057436326,1,[4],[6253]
592,47,284,1156,0.0009075470069749469,0.0009075470069749469,1,[4],[6274]
593,47,284,1157,0.0009054159308896008,0.0009054159308896008,1,[4],[6268]
594,47,284,1157,0.0009061559308896044,7.400000000036284e-07,1,[4],[6287]
595,47,284,1157,0.0009072559308896098,1.1000000000053935e-06,1,[4],[6201]
596,47,284,1158,0.0009046249202184032,0.0009046249202184032,1,[4],[6283]
597,47,284,1158,0.0009058949202184095,1.270000000006227e-06,1,[4],[6218]
598,47,285,1155,0.0009085475272575503,0.0009085475272575503,1,[4],[6311]
599,47,285,1155,0.0009095475272575552,1.0000000000049032e-06,2,"[1, 4]","[4, 6202]"
600,47,285,1156,0.0009072763883890695,0.0009072763883890695,1,[4],[6286]
601,47,285,1156,0.0009080763883890735,8.000000000039226e-07,1,[4],[6219]
602,47,285,1156,0.000909606388389081,1.530000000007502e-06,2,"[1, 4]","[2, 6247]"
603,47,285,1157,0.0009078447239805136,0.0009078447239805136,1,[4],[6258]
604,47,286,1153,0.0009114727540232578,0.0009114727540232578,2,"[1, 4]","[4670, 1584]"
605,47,286,1154,0.000909978584286365,0.000909978584286365,2,"[1, 4]","[1471, 4850]"
606,47,286,1154,0.000910378584286367,4.000000000019613e-07,2,"[1, 4]","[3376, 2840]"
607,47,286,1154,0.0009106385842863683,2.6000000000127484e-07,2,"[1, 4]","[4312, 2065]"
608,47,286,1154,0.0009108485842863693,2.1000000000102968e-07,2,"[1, 4]","[4643, 1579]"
609,47,286,1154,0.0009110285842863702,1.8000000000088258e-07,2,"[1, 4]","[4843, 1293]"
610,47,286,1154,0.0009112085842863711,1.8000000000088258e-07,2,"[1, 4]","[5399, 1000]"
611,47,286,1154,0.000911388584286372,1.8000000000088258e-07,2,"[1, 4]","[5330, 916]"
612,47,286,1154,0.0009115885842863729,2.0000000000098064e-07,2,"[1, 4]","[5598, 750]"
613,47,286,1154,0.0009118185842863741,2.3000000000112774e-07,2,"[1, 4]","[5513, 607]"
614,47,286,1154,0.0009121585842863757,3.400000000016671e-07,2,"[1, 4]","[5722, 481]"
615,47,286,1155,0.0009094548422494196,0.0009094548422494196,2,"[1, 4]","[148, 6114]"
616,47,286,1155,0.0009102048422494233,7.500000000036774e-07,2,"[1, 4]","[2419, 3834]"
617,47,286,1155,0.0009106148422494253,4.100000000020103e-07,2,"[1, 4]","[4843, 1439]"
618,47,286,1155,0.0009108948422494267,2.800000000013729e-07,2,"[1, 4]","[5624, 626]"
619,47,286,1155,0.0009111248422494278,2.3000000000112774e-07,2,"[1, 4]","[5954, 382]"
620,47,286,1155,0.0009113448422494289,2.200000000010787e-07,2,"[1, 4]","[6150, 212]"
621,47,286,1155,0.0009115648422494299,2.200000000010787e-07,2,"[1, 4]","[6155, 123]"
622,47,286,1155,0.0009118148422494312,2.500000000012258e-07,2,"[1, 4]","[6073, 83]"
623,47,286,1155,0.0009121648422494329,3.500000000017161e-07,2,"[1, 4]","[6066, 52]"
624,47,286,1156,0.0009104900544882944,0.0009104900544882944,2,"[1, 4]","[4178, 2129]"
625,47,286,1156,0.0009109300544882966,4.400000000021574e-07,2,"[1, 4]","[6277, 20]"
626,47,286,1156,0.0009112400544882981,3.1000000000152e-07,2,"[1, 4]","[6242, 3]"
627,47,286,1156,0.0009115400544882996,3.0000000000147097e-07,2,"[1, 4]","[6331, 2]"
628,47,286,1156,0.0009118800544883012,3.400000000016671e-07,1,[1],[6121]
629,47,286,1156,0.0009126600544883051,7.800000000038245e-07,2,"[1, 4]","[6202, 1]"
630,47,286,1157,0.0009107783998388928,0.0009107783998388928,2,"[1, 4]","[6187, 90]"
631,47,286,1157,0.000911228399838895,4.5000000000220645e-07,1,[1],[6228]
632,47,286,1157,0.0009116783998388972,4.5000000000220645e-07,1,[1],[6323]
633,47,286,1157,0.0009125883998389017,9.100000000044619e-07,1,[1],[6174]
634,47,286,1158,0.0009109237680715507,0.0009109237680715507,2,"[1, 4]","[6288, 1]"
635,47,286,1158,0.0009115037680715535,5.800000000028439e-07,1,[1],[6215]
636,47,286,1159,0.0009111400885309749,0.0009111400885309749,1,[1],[6316]
637,47,286,1159,0.0009126200885309822,1.4800000000072568e-06,1,[1],[6188]
638,47,286,1160,0.0009115995854009536,0.0009115995854009536,1,[1],[6269]
639,47,287,1154,0.0009106862031476018,0.0009106862031476018,2,"[1, 4]","[5254, 1104]"
640,47,287,1154,0.0009111062031476038,4.2000000000205935e-07,2,"[1, 4]","[5681, 524]"
641,47,287,1154,0.0009114762031476057,3.700000000018142e-07,2,"[1, 4]","[5769, 451]"
642,47,287,1154,0.000911946203147608,4.700000000023045e-07,2,"[1, 4]","[5984, 276]"
643,47,287,1155,0.0009106765101366607,0.0009106765101366607,2,"[1, 4]","[6058, 288]"
644,47,287,1155,0.0009110565101366626,3.800000000018632e-07,2,"[1, 4]","[6236, 58]"
645,47,287,1155,0.000911346510136664,2.9000000000142193e-07,2,"[1, 4]","[6069, 47]"
646,47,287,1155,0.0009116665101366655,3.2000000000156903e-07,2,"[1, 4]","[6358, 23]"
647,47,287,1155,0.0009120865101366676,4.2000000000205935e-07,2,"[1, 4]","[6160, 18]"
648,47,287,1156,0.0009106300637293618,0.0009106300637293618,2,"[1, 4]","[6253, 6]"
649,47,287,1156,0.0009109900637293636,3.6000000000176516e-07,1,[1],[6342]
650,47,287,1156,0.000911280063729365,2.9000000000142193e-07,1,[1],[6317]
651,47,287,1156,0.0009115600637293664,2.800000000013729e-07,1,[1],[6195]
652,47,287,1156,0.000911900063729368,3.400000000016671e-07,1,[1],[6280]
653,47,287,1156,0.0009125900637293714,6.900000000033832e-07,1,[1],[6136]
654,47,287,1157,0.0009105398840178442,0.0009105398840178442,1,[1],[6341]
655,47,287,1157,0.0009108898840178459,3.500000000017161e-07,1,[1],[6310]
656,47,287,1157,0.0009111598840178472,2.7000000000132387e-07,1,[1],[6270]
657,47,287,1157,0.0009114098840178485,2.500000000012258e-07,1,[1],[6290]
658,47,287,1157,0.0009116798840178498,2.7000000000132387e-07,1,[1],[6157]
659,47,287,1157,0.0009120698840178517,3.9000000000191225e-07,1,[1],[6221]
660,47,287,1158,0.0009104832496023903,0.0009104832496023903,1,[1],[6347]
661,47,287,1158,0.0009108032496023919,3.2000000000156903e-07,1,[1],[6186]
662,47,287,1158,0.0009110632496023932,2.6000000000127484e-07,1,[1],[6350]
663,47,287,1158,0.0009113032496023943,2.4000000000117677e-07,1,[1],[6326]
664,47,287,1158,0.0009115532496023956,2.500000000012258e-07,1,[1],[6192]
665,47,287,1158,0.000911853249602397,3.0000000000147097e-07,1,[1],[6126]
666,47,287,1158,0.0009124632496024,6.10000000002991e-07,1,[1],[6230]
667,47,287,1159,0.0009103911813353389,0.0009103911813353389,1,[1],[6341]
668,47,287,1159,0.0009107111813353404,3.2000000000156903e-07,1,[1],[6160]
669,47,287,1159,0.0009109611813353417,2.500000000012258e-07,1,[1],[6329]
670,47,287,1159,0.0009111811813353427,2.200000000010787e-07,1,[1],[6208]
671,47,287,1159,0.0009114111813353439,2.3000000000112774e-07,1,[1],[6488]
672,47,287,1159,0.0009116611813353451,2.500000000012258e-07,1,[1],[6136]
673,47,287,1159,0.0009120311813353469,3.700000000018142e-07,1,[1],[6209]
674,47,287,1160,0.0009102853200150555,0.0009102853200150555,1,[1],[6251]
675,47,287,1160,0.0009106253200150572,3.400000000016671e-07,1,[1],[6406]
676,47,287,1160,0.0009108753200150584,2.500000000012258e-07,1,[1],[6356]
677,47,287,1160,0.0009110953200150595,2.200000000010787e-07,1,[1],[6067]
678,47,287,1160,0.0009113353200150607,2.4000000000117677e-07,1,[1],[6373]
679,47,287,1160,0.000911605320015062,2.7000000000132387e-07,1,[1],[6077]
680,47,287,1160,0.0009120353200150641,4.300000000021084e-07,1,[1],[6244]
681,47,287,1161,0.0009101270830264756,0.0009101270830264756,1,[1],[6252]
682,47,287,1161,0.0009104670830264773,3.400000000016671e-07,1,[1],[6467]
683,47,287,1161,0.0009107070830264785,2.4000000000117677e-07,1,[1],[6082]
684,47,287,1161,0.0009109370830264796,2.3000000000112774e-07,1,[1],[6347]
685,47,287,1161,0.0009111570830264807,2.200000000010787e-07,1,[1],[6105]
686,47,287,1161,0.000911427083026482,2.7000000000132387e-07,1,[1],[6378]
687,47,287,1161,0.0009118070830264838,3.800000000018632e-07,1,[1],[6146]
688,47,287,1162,0.0009099746995700573,0.0009099746995700573,1,[1],[6306]
689,47,287,1162,0.000910314699570059,3.400000000016671e-07,1,[1],[6398]
690,47,287,1162,0.0009105646995700602,2.500000000012258e-07,1,[1],[6213]
691,47,287,1162,0.0009108046995700614,2.4000000000117677e-07,1,[1],[6333]
692,47,287,1162,0.0009110446995700625,2.4000000000117677e-07,1,[1],[6040]
693,47,287,1162,0.000911334699570064,2.9000000000142193e-07,1,[1],[6222]
694,47,287,1162,0.0009118746995700666,5.400000000026477e-07,1,[1],[6289]
695,47,287,1163,0.0009098164181189045,0.0009098164181189045,1,[1],[6284]
696,47,287,1163,0.0009101664181189063,3.500000000017161e-07,1,[1],[6377]
697,47,287,1163,0.0009104264181189075,2.6000000000127484e-07,1,[1],[6175]
698,47,287,1163,0.0009106764181189088,2.500000000012258e-07,1,[1],[6278]
699,47,287,1163,0.00091093641811891,2.6000000000127484e-07,1,[1],[6254]
700,47,287,1163,0.0009112764181189117,3.400000000016671e-07,1,[1],[6204]
701,47,287,1163,0.0009123264181189169,1.0500000000051484e-06,1,[1],[6183]
702,47,287,1164,0.0009097254074602264,0.0009097254074602264,1,[1],[6262]
703,47,287,1164,0.0009100854074602281,3.6000000000176516e-07,1,[1],[6342]
704,47,287,1164,0.0009103654074602295,2.800000000013729e-07,1,[1],[6379]
705,47,287,1164,0.0009106254074602308,2.6000000000127484e-07,1,[1],[6094]
706,47,287,1164,0.0009109354074602323,3.1000000000152e-07,1,[1],[6286]
707,47,287,1164,0.0009114454074602348,5.100000000025006e-07,1,[1],[6180]
708,47,287,1165,0.0009096382670172972,0.0009096382670172972,1,[1],[6297]
709,47,287,1165,0.000909998267017299,3.6000000000176516e-07,1,[1],[6211]
710,47,287,1165,0.0009102982670173004,3.0000000000147097e-07,1,[1],[6344]
711,47,287,1165,0.0009105782670173018,2.800000000013729e-07,1,[1],[6178]
712,47,287,1165,0.0009109282670173035,3.500000000017161e-07,1,[1],[6288]
713,47,287,1165,0.0009117682670173077,8.400000000041187e-07,1,[1],[6197]
714,47,287,1166,0.0009095895128985373,0.0009095895128985373,1,[1],[6357]
715,47,287,1166,0.0009099595128985391,3.700000000018142e-07,1,[1],[6335]
716,47,287,1166,0.0009102495128985405,2.9000000000142193e-07,1,[1],[6181]
717,47,287,1166,0.000910549512898542,3.0000000000147097e-07,1,[1],[6127]
718,47,287,1166,0.0009109495128985439,4.000000000019613e-07,1,[1],[6306]
719,47,287,1167,0.0009095414627982793,0.0009095414627982793,1,[1],[6260]
720,47,287,1167,0.0009099214627982812,3.800000000018632e-07,1,[1],[6299]
721,47,287,1167,0.0009102314627982827,3.1000000000152e-07,1,[1],[6192]
722,47,287,1167,0.0009105714627982844,3.400000000016671e-07,1,[1],[6314]
723,47,287,1167,0.0009110614627982868,4.900000000024026e-07,1,[1],[6208]
724,47,287,1168,0.0009094932393438885,0.0009094932393438885,1,[1],[6268]
725,47,287,1168,0.0009098832393438904,3.9000000000191225e-07,1,[1],[6266]
726,47,287,1168,0.000910213239343892,3.3000000000161806e-07,1,[1],[6256]
727,47,287,1168,0.0009105732393438938,3.6000000000176516e-07,1,[1],[6243]
728,47,287,1168,0.0009112132393438969,6.400000000031381e-07,1,[1],[6248]
729,47,287,1169,0.0009094852711232443,0.0009094852711232443,1,[1],[6266]
730,47,287,1169,0.0009098952711232463,4.100000000020103e-07,1,[1],[6386]
731,47,287,1169,0.000910245271123248,3.500000000017161e-07,1,[1],[6208]
732,47,287,1169,0.0009106652711232501,4.2000000000205935e-07,1,[1],[6261]
733,47,287,1170,0.0009095216644664355,0.0009095216644664355,1,[1],[6341]
734,47,287,1170,0.0009099516644664376,4.300000000021084e-07,1,[1],[6213]
735,47,287,1170,0.0009103516644664396,4.000000000019613e-07,1,[1],[6234]
736,47,287,1170,0.0009109616644664425,6.10000000002991e-07,1,[1],[6222]
737,47,287,1171,0.000909587378410916,0.000909587378410916,1,[1],[6298]
738,47,287,1171,0.0009100573784109183,4.700000000023045e-07,1,[1],[6250]
739,47,287,1171,0.0009105573784109208,5.000000000024516e-07,1,[1],[6302]
740,47,287,1172,0.00090969260727069,0.00090969260727069,1,[1],[6306]
741,47,287,1172,0.0009102126072706926,5.200000000025497e-07,1,[1],[6270]
742,47,287,1172,0.0009108926072706959,6.800000000033342e-07,1,[1],[6198]
743,47,287,1173,0.0009098004958588114,0.0009098004958588114,1,[1],[6267]
744,47,287,1173,0.0009103904958588143,5.900000000028929e-07,1,[1],[6304]
745,47,287,1174,0.0009099181680552222,0.0009099181680552222,1,[1],[6257]
746,47,287,1174,0.0009106081680552256,6.900000000033832e-07,1,[1],[6245]
747,47,287,1175,0.0009100710539827349,0.0009100710539827349,1,[1],[6281]
748,47,287,1175,0.0009108810539827388,8.100000000039716e-07,1,[1],[6257]
749,47,287,1176,0.000910271629920323,0.000910271629920323,1,[1],[6266]
750,47,287,1177,0.000910455844843076,0.000910455844843076,1,[1],[6302]
751,47,287,1178,0.0009106887112492125,0.0009106887112492125,1,[1],[6281]
752,47,287,1179,0.0009109233085655103,0.0009109233085655103,1,[1],[6279]
753,47,287,1180,0.0009111443687781513,0.0009111443687781513,1,[1],[6272]
754,47,288,1161,0.0009118778589628921,0.0009118778589628921,1,[1],[6251]
755,47,288,1162,0.0009110584252016144,0.0009110584252016144,1,[1],[6261]
756,47,288,1163,0.0009106301211908626,0.0009106301211908626,1,[1],[6261]
757,47,288,1164,0.0009103953423856667,0.0009103953423856667,1,[1],[6313]
758,47,288,1164,0.0009119453423856743,1.5500000000076e-06,1,[1],[6188]
759,47,288,1165,0.0009102205079311201,0.0009102205079311201,1,[1],[6269]
760,47,288,1165,0.0009111205079311245,9.000000000044129e-07,1,[1],[6239]
761,47,288,1166,0.0009100500044048765,0.0009100500044048765,1,[1],[6303]
762,47,288,1166,0.0009107500044048799,7.000000000034323e-07,1,[1],[6217]
763,47,288,1167,0.0009099258743752378,0.0009099258743752378,1,[1],[6256]
764,47,288,1167,0.000910565874375241,6.400000000031381e-07,1,[1],[6298]
765,47,288,1168,0.0009097994668577211,0.0009097994668577211,1,[1],[6306]
766,47,288,1168,0.0009103794668577239,5.800000000028439e-07,1,[1],[6226]
767,47,288,1168,0.0009117894668577308,1.4100000000069135e-06,1,[1],[6219]
768,47,288,1169,0.0009096933769211826,0.0009096933769211826,1,[1],[6266]
769,47,288,1169,0.0009102233769211852,5.300000000025987e-07,1,[1],[6325]
770,47,288,1169,0.0009109133769211886,6.900000000033832e-07,1,[1],[6204]
771,47,288,1170,0.0009095935557314722,0.0009095935557314722,1,[1],[6277]
772,47,288,1170,0.0009100835557314746,4.900000000024026e-07,1,[1],[6262]
773,47,288,1170,0.0009106135557314772,5.300000000025987e-07,1,[1],[6300]
774,47,288,1171,0.0009095792694424399,0.0009095792694424399,1,[1],[6388]
775,47,288,1171,0.0009100292694424421,4.5000000000220645e-07,1,[1],[6207]
776,47,288,1171,0.0009104892694424444,4.600000000022555e-07,1,[1],[6183]
777,47,288,1172,0.0009095614259552176,0.0009095614259552176,1,[1],[6261]
778,47,288,1172,0.0009100114259552198,4.5000000000220645e-07,1,[1],[6340]
779,47,288,1172,0.0009104314259552219,4.2000000000205935e-07,1,[1],[6154]
780,47,288,1172,0.0009111914259552256,7.600000000037264e-07,1,[1],[6263]
781,47,288,1173,0.0009095768770998463,0.0009095768770998463,1,[1],[6265]
782,47,288,1173,0.0009100068770998484,4.300000000021084e-07,1,[1],[6388]
783,47,288,1173,0.0009103868770998502,3.800000000018632e-07,1,[1],[6171]
784,47,288,1173,0.0009109168770998528,5.300000000025987e-07,1,[1],[6182]
785,47,288,1174,0.0009095882814744263,0.0009095882814744263,1,[1],[6372]
786,47,288,1174,0.0009099982814744283,4.100000000020103e-07,1,[1],[6294]
787,47,288,1174,0.00091034828147443,3.500000000017161e-07,1,[1],[6101]
788,47,288,1174,0.0009107882814744321,4.400000000021574e-07,1,[1],[6280]
789,47,288,1175,0.0009096204593917909,0.0009096204593917909,1,[1],[6270]
790,47,288,1175,0.0009100204593917928,4.000000000019613e-07,1,[1],[6342]
791,47,288,1175,0.0009103504593917944,3.3000000000161806e-07,1,[1],[6193]
792,47,288,1175,0.0009107304593917963,3.800000000018632e-07,1,[1],[6271]
793,47,288,1175,0.0009115804593918005,8.500000000041677e-07,1,[1],[6183]
794,47,288,1176,0.0009097009292713494,0.0009097009292713494,1,[1],[6367]
795,47,288,1176,0.0009101009292713513,4.000000000019613e-07,1,[1],[6219]
796,47,288,1176,0.000910440929271353,3.400000000016671e-07,1,[1],[6177]
797,47,288,1176,0.000910850929271355,4.100000000020103e-07,1,[1],[6341]
798,47,288,1177,0.0009097270661095316,0.0009097270661095316,1,[1],[6362]
799,47,288,1177,0.0009101170661095335,3.9000000000191225e-07,1,[1],[6289]
800,47,288,1177,0.0009104470661095352,3.3000000000161806e-07,1,[1],[6200]
801,47,288,1177,0.000910827066109537,3.800000000018632e-07,1,[1],[6238]
802,47,288,1177,0.0009116570661095411,8.300000000040697e-07,1,[1],[6178]
803,47,288,1178,0.0009097429039805642,0.0009097429039805642,1,[1],[6366]
804,47,288,1178,0.0009101429039805661,4.000000000019613e-07,1,[1],[6287]
805,47,288,1178,0.0009104629039805677,3.2000000000156903e-07,1,[1],[6125]
806,47,288,1178,0.0009108329039805695,3.700000000018142e-07,1,[1],[6291]
807,47,288,1178,0.0009115729039805732,7.400000000036284e-07,1,[1],[6189]
808,47,288,1179,0.0009097386017806309,0.0009097386017806309,1,[1],[6319]
809,47,288,1179,0.0009101286017806328,3.9000000000191225e-07,1,[1],[6324]
810,47,288,1179,0.0009104586017806344,3.3000000000161806e-07,1,[1],[6167]
811,47,288,1179,0.0009108286017806362,3.700000000018142e-07,1,[1],[6295]
812,47,288,1179,0.0009115286017806396,7.000000000034323e-07,1,[1],[6156]
813,47,288,1180,0.0009097189593752846,0.0009097189593752846,1,[1],[6280]
814,47,288,1180,0.0009100989593752865,3.800000000018632e-07,1,[1],[6293]
815,47,288,1180,0.0009104289593752881,3.3000000000161806e-07,1,[1],[6311]
816,47,288,1180,0.0009107689593752898,3.400000000016671e-07,1,[1],[6184]
817,47,288,1180,0.0009113589593752927,5.900000000028929e-07,1,[1],[6189]
818,47,288,1181,0.0009096974904317676,0.0009096974904317676,1,[1],[6267]
819,47,288,1181,0.0009100874904317695,3.9000000000191225e-07,1,[1],[6245]
820,47,288,1181,0.0009104174904317711,3.3000000000161806e-07,1,[1],[6407]
821,47,288,1181,0.0009107774904317729,3.6000000000176516e-07,1,[1],[6227]
822,47,288,1181,0.0009113774904317758,6.000000000029419e-07,1,[1],[6152]
823,47,288,1182,0.0009096690014944449,0.0009096690014944449,1,[1],[6252]
824,47,288,1182,0.0009100590014944468,3.9000000000191225e-07,1,[1],[6428]
825,47,288,1182,0.0009103690014944483,3.1000000000152e-07,1,[1],[6162]
826,47,288,1182,0.0009106990014944499,3.3000000000161806e-07,1,[1],[6266]
827,47,288,1182,0.0009111890014944523,4.900000000024026e-07,1,[1],[6192]
828,47,288,1183,0.0009096720439504203,0.0009096720439504203,1,[1],[6327]
829,47,288,1183,0.0009100420439504221,3.700000000018142e-07,1,[1],[6180]
830,47,288,1183,0.0009103620439504237,3.2000000000156903e-07,1,[1],[6327]
831,47,288,1183,0.0009106920439504253,3.3000000000161806e-07,1,[1],[6171]
832,47,288,1183,0.0009111920439504277,5.000000000024516e-07,1,[1],[6310]
833,47,288,1184,0.00090965895134701,0.00090965895134701,1,[1],[6314]
834,47,288,1184,0.0009100389513470119,3.800000000018632e-07,1,[1],[6239]
835,47,288,1184,0.0009103589513470134,3.2000000000156903e-07,1,[1],[6197]
836,47,288,1184,0.0009107089513470151,3.500000000017161e-07,1,[1],[6287]
837,47,288,1184,0.0009112689513470179,5.600000000027458e-07,1,[1],[6220]
838,47,288,1185,0.0009096430545750376,0.0009096430545750376,1,[1],[6326]
839,47,288,1185,0.0009100230545750395,3.800000000018632e-07,1,[1],[6300]
840,47,288,1185,0.0009103430545750411,3.2000000000156903e-07,1,[1],[6303]
841,47,288,1185,0.0009106730545750427,3.3000000000161806e-07,1,[1],[6155]
842,47,288,1185,0.0009112030545750453,5.300000000025987e-07,1,[1],[6213]
843,47,288,1186,0.0009096237148210895,0.0009096237148210895,2,"[1, 2]","[6370, 10]"
844,47,288,1186,0.0009100037148210914,3.800000000018632e-07,2,"[1, 2]","[6293, 5]"
845,47,288,1186,0.0009103037148210928,3.0000000000147097e-07,2,"[1, 2]","[6096, 15]"
846,47,288,1186,0.0009106337148210945,3.3000000000161806e-07,2,"[1, 2]","[6307, 16]"
847,47,288,1186,0.0009111237148210969,4.900000000024026e-07,2,"[1, 2]","[6164, 13]"
848,47,288,1187,0.0009095650928637937,0.0009095650928637937,2,"[1, 2]","[5726, 610]"
849,47,288,1187,0.0009099350928637955,3.700000000018142e-07,2,"[1, 2]","[5597, 711]"
850,47,288,1187,0.0009102150928637969,2.800000000013729e-07,2,"[1, 2]","[5387, 719]"
851,47,288,1187,0.0009105150928637983,3.0000000000147097e-07,2,"[1, 2]","[5590, 794]"
852,47,288,1187,0.0009108650928638,3.500000000017161e-07,2,"[1, 2]","[5330, 821]"
853,47,288,1187,0.0009118150928638047,9.500000000046581e-07,2,"[1, 2]","[5275, 942]"
854,47,288,1188,0.0009099066594295612,0.0009099066594295612,2,"[1, 2]","[5401, 869]"
855,47,288,1188,0.000910466659429564,5.600000000027458e-07,2,"[1, 2]","[5271, 1033]"
856,47,288,1188,0.0009114066594295686,9.40000000004609e-07,2,"[1, 2]","[4986, 1201]"
