,event,pixel_x,pixel_y,reset_time,TSLR,nMCParticles,MC_TrackIDs,MC_Weights
0,4,216,1170,0.0009052840687746851,0.0009052840687746851,1,[1698],[6289]
1,4,228,1202,0.0008920084233674277,0.0008920084233674277,1,[1404],[6274]
2,4,228,1202,0.0008925484233674304,5.400000000026477e-07,1,[1404],[6274]
3,4,228,1202,0.0008931184233674332,5.700000000027948e-07,1,[1404],[6214]
4,4,229,1202,0.0008919228197769903,0.0008919228197769903,1,[1404],[6302]
5,4,229,1202,0.0008927728197769945,8.500000000041677e-07,1,[1404],[6215]
6,4,250,1151,0.0006629417711434206,0.0006629417711434206,2,"[1719, 1724]","[6292, 1]"
7,4,250,1223,0.0006233697035461749,0.0006233697035461749,3,"[546, 559, 562]","[6239, 76, 3]"
8,4,250,1224,0.0006239739199505915,0.0006239739199505915,3,"[546, 559, 562]","[6083, 166, 7]"
9,4,273,1097,0.001127986032676195,0.001127986032676195,1,[245],[6273]
10,4,273,1200,0.0010785489071550036,0.0010785489071550036,1,[512],[6252]
11,4,273,1201,0.0010781250563919773,0.0010781250563919773,1,[512],[6261]
12,4,273,1201,0.00107934505639197,1.2199999999927547e-06,1,[512],[6267]
13,4,274,1200,0.00107748643033011,0.00107748643033011,1,[512],[6269]
14,4,274,1200,0.0010794564303300983,1.9699999999883006e-06,1,[512],[6241]
15,4,274,1201,0.0010757560562162218,0.0010757560562162218,1,[512],[6304]
16,4,274,1201,0.0010766560562162164,8.999999999946551e-07,1,[512],[6196]
17,4,274,1201,0.0010778860562162091,1.2299999999926953e-06,1,[512],[6275]
18,4,274,1201,0.001079066056216202,1.1799999999929922e-06,1,[512],[6286]
19,4,274,1201,0.0010799060562161971,8.399999999950114e-07,1,[512],[6228]
20,4,275,1099,0.0010907882708799483,0.0010907882708799483,1,[244],[6345]
21,4,275,1099,0.0010915482708799438,7.599999999954865e-07,1,[244],[6186]
22,4,275,1100,0.0010903778868204762,0.0010903778868204762,1,[244],[6273]
23,4,275,1100,0.0010908878868204732,5.099999999969712e-07,1,[244],[6346]
24,4,275,1100,0.0010913878868204702,4.999999999970306e-07,1,[244],[6155]
25,4,275,1100,0.0010923578868204645,9.699999999942394e-07,1,[244],[6226]
26,4,275,1101,0.0010906486987982862,0.0010906486987982862,1,[244],[6266]
27,4,275,1101,0.0010924286987982756,1.779999999989429e-06,1,[244],[6237]
28,4,275,1222,0.0009327776943112007,0.0009327776943112007,3,"[228, 229, 230]","[6262, 24, 19]"
29,4,275,1222,0.0009334776943112042,7.000000000034323e-07,3,"[228, 229, 230]","[6215, 13, 1]"
30,4,275,1222,0.0009343676943112085,8.900000000043639e-07,2,"[228, 229]","[6242, 3]"
31,4,276,1099,0.0010919831738836136,0.0010919831738836136,1,[244],[6272]
32,4,280,1164,0.0008956725036557187,0.0008956725036557187,1,[636],[6299]
33,4,280,1164,0.0008962125036557214,5.400000000026477e-07,2,"[636, 637]","[6296, 3]"
34,4,280,1164,0.0008967225036557239,5.100000000025006e-07,2,"[636, 637]","[6212, 1]"
35,4,280,1164,0.0008975125036557277,7.900000000038735e-07,2,"[636, 637]","[6218, 1]"
36,4,280,1165,0.0008962547680321878,0.0008962547680321878,1,[636],[6295]
37,4,284,1176,0.0008823974902818303,0.0008823974902818303,3,"[398, 400, 403]","[2482, 81, 3706]"
38,4,284,1177,0.0008808500802717465,0.0008808500802717465,3,"[398, 400, 403]","[2559, 2904, 801]"
39,4,284,1177,0.0008812700802717485,4.2000000000205935e-07,3,"[398, 400, 403]","[3330, 1780, 1145]"
40,4,284,1177,0.0008816200802717502,3.500000000017161e-07,3,"[398, 400, 403]","[3708, 1306, 1330]"
41,4,284,1177,0.0008819900802717521,3.700000000018142e-07,3,"[398, 400, 403]","[3910, 903, 1445]"
42,4,284,1177,0.0008825300802717547,5.400000000026477e-07,3,"[398, 400, 403]","[4052, 570, 1567]"
43,4,284,1178,0.0008811809701478797,0.0008811809701478797,3,"[398, 400, 403]","[1252, 4461, 610]"
44,4,284,1178,0.0008823709701478856,1.1900000000058348e-06,3,"[398, 400, 403]","[2356, 2704, 1119]"
45,4,284,1232,0.0009205866493807626,0.0009205866493807626,1,[726],[6278]
46,4,284,1233,0.0009205893620611626,0.0009205893620611626,1,[726],[6273]
47,4,285,1170,0.0008855399426525601,0.0008855399426525601,3,"[403, 406, 440]","[6237, 3, 21]"
48,4,285,1171,0.0008841967078105845,0.0008841967078105845,1,[403],[6305]
49,4,285,1172,0.000883569742399002,0.000883569742399002,1,[403],[6297]
50,4,285,1172,0.0008845697423990069,1.0000000000049032e-06,1,[403],[6213]
51,4,285,1173,0.0008830461305372057,0.0008830461305372057,1,[403],[6319]
52,4,285,1173,0.000883716130537209,6.700000000032852e-07,1,[403],[6245]
53,4,285,1174,0.0008825741154148827,0.0008825741154148827,2,"[398, 403]","[1, 6337]"
54,4,285,1174,0.0008831841154148857,6.10000000002991e-07,2,"[398, 403]","[9, 6190]"
55,4,285,1175,0.0008821248032795123,0.0008821248032795123,2,"[398, 403]","[234, 6031]"
56,4,285,1175,0.000882664803279515,5.400000000026477e-07,2,"[398, 403]","[550, 5711]"
57,4,285,1175,0.0008832948032795181,6.30000000003089e-07,2,"[398, 403]","[1296, 4973]"
58,4,285,1176,0.0008814327651597568,0.0008814327651597568,3,"[398, 400, 403]","[3043, 69, 3229]"
59,4,285,1176,0.0008817927651597585,3.6000000000176516e-07,3,"[398, 400, 403]","[3375, 10, 2964]"
60,4,285,1176,0.0008820527651597598,2.6000000000127484e-07,3,"[398, 400, 403]","[3562, 8, 2576]"
61,4,285,1176,0.0008822827651597609,2.3000000000112774e-07,3,"[398, 400, 403]","[3950, 2, 2319]"
62,4,285,1176,0.000882502765159762,2.200000000010787e-07,3,"[398, 400, 403]","[4254, 2, 1977]"
63,4,285,1176,0.0008827427651597632,2.4000000000117677e-07,2,"[398, 403]","[4696, 1682]"
64,4,285,1176,0.0008829927651597644,2.500000000012258e-07,2,"[398, 403]","[4859, 1283]"
65,4,285,1176,0.0008833027651597659,3.1000000000152e-07,3,"[398, 400, 403]","[5350, 1, 936]"
66,4,285,1176,0.0008838027651597684,5.000000000024516e-07,3,"[398, 400, 403]","[5632, 1, 531]"
67,4,285,1177,0.0008806654104728614,0.0008806654104728614,3,"[398, 400, 403]","[2765, 2834, 797]"
68,4,285,1177,0.000880985410472863,3.2000000000156903e-07,3,"[398, 400, 403]","[3419, 1720, 1140]"
69,4,285,1177,0.0008812154104728641,2.3000000000112774e-07,3,"[398, 400, 403]","[3687, 1298, 1196]"
70,4,285,1177,0.0008814154104728651,2.0000000000098064e-07,3,"[398, 400, 403]","[4116, 1026, 1333]"
71,4,285,1177,0.0008815854104728659,1.7000000000083355e-07,3,"[398, 400, 403]","[4073, 774, 1317]"
72,4,285,1177,0.0008817454104728667,1.6000000000078451e-07,3,"[398, 400, 403]","[4186, 581, 1279]"
73,4,285,1177,0.0008819154104728675,1.7000000000083355e-07,3,"[398, 400, 403]","[4592, 460, 1232]"
74,4,285,1177,0.0008820954104728684,1.8000000000088258e-07,3,"[398, 400, 403]","[4705, 368, 1292]"
75,4,285,1177,0.0008822854104728694,1.900000000009316e-07,3,"[398, 400, 403]","[4911, 268, 1087]"
76,4,285,1177,0.0008825054104728704,2.200000000010787e-07,3,"[398, 400, 403]","[4946, 194, 1060]"
77,4,285,1177,0.0008828054104728719,3.0000000000147097e-07,3,"[398, 400, 403]","[5299, 100, 841]"
78,4,285,1177,0.0008833854104728748,5.800000000028439e-07,3,"[398, 400, 403]","[5419, 53, 664]"
79,4,285,1178,0.0008809876348096519,0.0008809876348096519,3,"[398, 400, 403]","[1352, 4456, 519]"
80,4,285,1178,0.0008816476348096551,6.600000000032361e-07,3,"[398, 400, 403]","[2213, 3033, 1022]"
81,4,286,1146,0.000890637559489223,0.000890637559489223,1,[403],[6270]
82,4,286,1166,0.000885236370767578,0.000885236370767578,1,[403],[6282]
83,4,286,1167,0.0008848797983391478,0.0008848797983391478,3,"[403, 406, 440]","[6264, 41, 29]"
84,4,286,1167,0.0008855497983391511,6.700000000032852e-07,3,"[403, 406, 440]","[6082, 65, 71]"
85,4,286,1168,0.000884557551454195,0.000884557551454195,5,"[403, 406, 440, 458, 463]","[4631, 1050, 620, 1, 5]"
86,4,286,1168,0.0008849375514541969,3.800000000018632e-07,5,"[403, 406, 440, 458, 463]","[3920, 1212, 1124, 1, 2]"
87,4,286,1168,0.0008852575514541985,3.2000000000156903e-07,6,"[403, 406, 440, 458, 463, 464]","[3359, 1350, 1573, 2, 4, 1]"
88,4,286,1168,0.0008855675514542,3.1000000000152e-07,7,"[403, 406, 440, 458, 459, 463, 464]","[2835, 1312, 2119, 1, 2, 5, 1]"
89,4,286,1168,0.0008859175514542017,3.500000000017161e-07,5,"[403, 406, 440, 458, 463]","[2085, 1262, 2907, 2, 3]"
90,4,286,1168,0.0008864175514542042,5.000000000024516e-07,6,"[403, 406, 440, 458, 463, 464]","[1246, 1071, 3850, 2, 7, 2]"
91,4,286,1169,0.0008844089534568991,0.0008844089534568991,5,"[403, 406, 440, 458, 463]","[5444, 409, 491, 1, 8]"
92,4,286,1169,0.0008848389534569012,4.300000000021084e-07,5,"[403, 406, 440, 458, 463]","[4428, 693, 1047, 3, 5]"
93,4,286,1169,0.000885208953456903,3.700000000018142e-07,6,"[403, 406, 440, 458, 463, 464]","[3804, 864, 1545, 1, 6, 1]"
94,4,286,1169,0.0008856389534569051,4.300000000021084e-07,7,"[403, 406, 440, 458, 459, 463, 464]","[2956, 1059, 2352, 2, 2, 14, 2]"
95,4,286,1169,0.0008862889534569083,6.500000000031871e-07,7,"[403, 406, 440, 458, 459, 463, 464]","[1736, 1029, 3356, 7, 3, 15, 1]"
96,4,286,1170,0.000884202353943344,0.000884202353943344,5,"[396, 403, 406, 440, 1872]","[1, 6247, 1, 5, 7]"
97,4,286,1170,0.0008848923539433474,6.900000000033832e-07,5,"[396, 403, 406, 440, 1872]","[3, 6266, 8, 20, 9]"
98,4,286,1171,0.0008839689064512718,0.0008839689064512718,2,"[403, 1872]","[6243, 17]"
99,4,286,1171,0.0008849289064512766,9.60000000004707e-07,3,"[396, 403, 1872]","[12, 6163, 68]"
100,4,286,1172,0.0008839003640990634,0.0008839003640990634,1,[403],[6257]
101,4,286,1173,0.000884338989252076,0.000884338989252076,2,"[398, 403]","[23, 6233]"
102,4,286,1174,0.0008842611249563583,0.0008842611249563583,2,"[398, 403]","[2427, 3862]"
103,4,286,1174,0.0008856811249563653,1.4200000000069626e-06,2,"[398, 403]","[6110, 110]"
104,4,286,1175,0.0008830695016476313,0.0008830695016476313,2,"[398, 403]","[4743, 1536]"
105,4,286,1175,0.0008835095016476335,4.400000000021574e-07,2,"[398, 403]","[6031, 251]"
106,4,286,1175,0.0008838395016476351,3.3000000000161806e-07,2,"[398, 403]","[6121, 103]"
107,4,286,1175,0.0008841395016476366,3.0000000000147097e-07,2,"[398, 403]","[6215, 28]"
108,4,286,1175,0.0008844495016476381,3.1000000000152e-07,2,"[398, 403]","[6248, 10]"
109,4,286,1175,0.00088483950164764,3.9000000000191225e-07,2,"[398, 403]","[6256, 3]"
110,4,286,1175,0.0008857695016476445,9.3000000000456e-07,2,"[398, 403]","[6225, 1]"
111,4,286,1176,0.0008824383908045533,0.0008824383908045533,2,"[398, 403]","[5720, 588]"
112,4,286,1176,0.0008828883908045555,4.5000000000220645e-07,2,"[398, 403]","[6136, 167]"
113,4,286,1176,0.0008832283908045571,3.400000000016671e-07,2,"[398, 403]","[6156, 73]"
114,4,286,1176,0.0008835583908045587,3.3000000000161806e-07,2,"[398, 403]","[6183, 29]"
115,4,286,1176,0.0008839383908045606,3.800000000018632e-07,2,"[398, 403]","[6296, 9]"
116,4,286,1176,0.0008845883908045638,6.500000000031871e-07,2,"[398, 403]","[6193, 4]"
117,4,286,1177,0.0008840168072761404,0.0008840168072761404,3,"[398, 400, 403]","[5867, 105, 279]"
118,4,287,1145,0.00088835845570902,0.00088835845570902,1,[403],[6291]
119,4,287,1145,0.000888968455709023,6.10000000002991e-07,1,[403],[6305]
120,4,287,1145,0.0008899384557090278,9.700000000047561e-07,1,[403],[6162]
121,4,287,1146,0.0008883705109843939,0.0008883705109843939,1,[403],[6300]
122,4,287,1146,0.0008889305109843966,5.600000000027458e-07,1,[403],[6281]
123,4,287,1146,0.0008894605109843992,5.300000000025987e-07,1,[403],[6252]
124,4,287,1146,0.000890030510984402,5.700000000027948e-07,1,[403],[6181]
125,4,287,1146,0.0008908105109844058,7.800000000038245e-07,1,[403],[6286]
126,4,287,1147,0.0008903946967390805,0.0008903946967390805,1,[403],[6294]
127,4,287,1147,0.0008910646967390838,6.700000000032852e-07,1,[403],[6243]
128,4,287,1147,0.000892134696739089,1.0700000000052464e-06,1,[403],[6230]
129,4,287,1162,0.0008854685328378379,0.0008854685328378379,2,"[403, 407]","[5370, 890]"
130,4,287,1163,0.0008850748618258567,0.0008850748618258567,2,"[403, 407]","[6297, 28]"
131,4,287,1163,0.0008857348618258599,6.600000000032361e-07,2,"[403, 407]","[6151, 29]"
132,4,287,1164,0.0008849432084470083,0.0008849432084470083,1,[403],[6272]
133,4,287,1164,0.000885513208447011,5.700000000027948e-07,1,[403],[6277]
134,4,287,1164,0.0008865932084470163,1.0800000000052955e-06,1,[403],[6206]
135,4,287,1165,0.0008849610771162408,0.0008849610771162408,1,[403],[6308]
136,4,287,1165,0.0008855810771162438,6.2000000000304e-07,1,[403],[6216]
137,4,287,1166,0.000885136687093523,0.000885136687093523,1,[403],[6322]
138,4,287,1166,0.0008866166870935303,1.4800000000072568e-06,1,[403],[6181]
139,4,287,1167,0.0008857285267523935,0.0008857285267523935,3,"[403, 406, 440]","[6232, 8, 40]"
140,4,287,1168,0.0008861677839578217,0.0008861677839578217,5,"[403, 406, 440, 459, 463]","[3319, 582, 2351, 1, 2]"
141,4,287,1170,0.0008854469658496114,0.0008854469658496114,4,"[396, 403, 440, 1872]","[2217, 567, 8, 3477]"
142,4,287,1171,0.000884515889358274,0.000884515889358274,3,"[396, 403, 1872]","[1552, 141, 4614]"
143,4,287,1171,0.0008850458893582766,5.300000000025987e-07,3,"[396, 403, 1872]","[2398, 44, 3829]"
144,4,287,1171,0.0008856058893582793,5.600000000027458e-07,3,"[396, 403, 1872]","[3388, 12, 2786]"
145,4,287,1171,0.0008871858893582871,1.580000000007747e-06,6,"[396, 397, 398, 403, 1872, 1875]","[4735, 1, 3, 1, 1250, 252]"
146,4,287,1173,0.000885859134805983,0.000885859134805983,2,"[398, 403]","[6282, 19]"
147,4,287,1173,0.0008866291348059868,7.700000000037755e-07,1,[398],[6258]
148,4,287,1174,0.0008845425822603595,0.0008845425822603595,2,"[398, 403]","[6286, 4]"
149,4,287,1174,0.0008849525822603615,4.100000000020103e-07,1,[398],[6287]
150,4,287,1174,0.000885262582260363,3.1000000000152e-07,1,[398],[6252]
151,4,287,1174,0.0008855525822603644,2.9000000000142193e-07,1,[398],[6331]
152,4,287,1174,0.0008858525822603659,3.0000000000147097e-07,1,[398],[6187]
153,4,287,1174,0.0008862225822603677,3.700000000018142e-07,1,[398],[6191]
154,4,287,1174,0.0008870425822603717,8.200000000040206e-07,1,[398],[6222]
155,4,287,1175,0.0008841267095686993,0.0008841267095686993,2,"[398, 403]","[6305, 1]"
156,4,287,1175,0.0008846867095687021,5.600000000027458e-07,1,[398],[6217]
157,4,287,1175,0.000885286709568705,6.000000000029419e-07,1,[398],[6299]
158,4,288,1147,0.0008915570624885203,0.0008915570624885203,1,[403],[6252]
159,4,288,1148,0.0008907487728273522,0.0008907487728273522,1,[403],[6317]
160,4,288,1148,0.000891338772827355,5.900000000028929e-07,1,[403],[6211]
161,4,288,1149,0.0008915853975039228,0.0008915853975039228,1,[403],[6263]
162,4,288,1159,0.000886115309110353,0.000886115309110353,1,[403],[6263]
163,4,288,1160,0.0008850457029353203,0.0008850457029353203,2,"[403, 407]","[6280, 3]"
164,4,288,1160,0.0008859157029353246,8.700000000042658e-07,2,"[403, 407]","[6224, 3]"
165,4,288,1161,0.0008848542939340577,0.0008848542939340577,2,"[403, 407]","[5991, 347]"
166,4,288,1161,0.0008853742939340602,5.200000000025497e-07,2,"[403, 407]","[5648, 627]"
167,4,288,1161,0.0008859842939340632,6.10000000002991e-07,2,"[403, 407]","[4932, 1256]"
168,4,288,1162,0.0008849013867972061,0.0008849013867972061,2,"[403, 407]","[4772, 1478]"
169,4,288,1162,0.0008854013867972086,5.000000000024516e-07,2,"[403, 407]","[4049, 2332]"
170,4,288,1162,0.0008858313867972107,4.300000000021084e-07,2,"[403, 407]","[2885, 3281]"
171,4,288,1162,0.0008863313867972132,5.000000000024516e-07,2,"[403, 407]","[1670, 4650]"
172,4,288,1162,0.0008870313867972166,7.000000000034323e-07,2,"[403, 407]","[532, 5609]"
173,4,288,1163,0.0008864594117831208,0.0008864594117831208,2,"[403, 407]","[5572, 695]"
174,4,288,1170,0.0008849646278941116,0.0008849646278941116,2,"[396, 1872]","[3375, 2912]"
175,4,288,1170,0.000885864627894116,9.000000000044129e-07,2,"[396, 1872]","[4561, 1670]"
176,4,288,1170,0.000888924627894131,3.060000000015004e-06,6,"[2, 396, 397, 398, 1872, 1875]","[3, 3077, 4, 3, 245, 2905]"
177,4,288,1170,0.0008905046278941388,1.580000000007747e-06,3,"[2, 397, 1875]","[1, 2, 6261]"
178,4,288,1171,0.0008843525706029136,0.0008843525706029136,2,"[396, 1872]","[2739, 3634]"
179,4,288,1171,0.0008847125706029153,3.6000000000176516e-07,2,"[396, 1872]","[3450, 2685]"
180,4,288,1171,0.0008849825706029167,2.7000000000132387e-07,2,"[396, 1872]","[4193, 2158]"
181,4,288,1171,0.0008852125706029178,2.3000000000112774e-07,3,"[396, 398, 1872]","[4579, 1, 1628]"
182,4,288,1171,0.0008854325706029189,2.200000000010787e-07,2,"[396, 1872]","[5144, 1278]"
183,4,288,1171,0.0008856425706029199,2.1000000000102968e-07,4,"[396, 397, 398, 1872]","[5450, 1, 3, 822]"
184,4,288,1171,0.0008858525706029209,2.1000000000102968e-07,6,"[2, 396, 397, 398, 1872, 1875]","[5, 5665, 1, 6, 536, 2]"
185,4,288,1171,0.000886062570602922,2.1000000000102968e-07,6,"[2, 396, 397, 398, 1872, 1875]","[11, 5736, 1, 17, 400, 1]"
186,4,288,1171,0.0008862925706029231,2.3000000000112774e-07,6,"[2, 396, 397, 398, 1872, 1875]","[17, 6111, 4, 28, 219, 4]"
187,4,288,1171,0.0008865425706029243,2.500000000012258e-07,6,"[2, 396, 397, 398, 1872, 1875]","[63, 5882, 11, 64, 117, 8]"
188,4,288,1171,0.0008868325706029257,2.9000000000142193e-07,6,"[2, 396, 397, 398, 1872, 1875]","[130, 5803, 32, 162, 36, 68]"
189,4,288,1171,0.0008871825706029275,3.500000000017161e-07,6,"[2, 396, 397, 398, 1872, 1875]","[300, 5341, 64, 255, 15, 206]"
190,4,288,1171,0.0008876825706029299,5.000000000024516e-07,5,"[2, 396, 397, 398, 1875]","[580, 4315, 166, 407, 750]"
191,4,288,1171,0.0008883725706029333,6.900000000033832e-07,6,"[2, 396, 397, 398, 1872, 1875]","[713, 1982, 303, 429, 1, 2791]"
192,4,288,1171,0.0008891525706029371,7.800000000038245e-07,5,"[2, 396, 397, 398, 1875]","[302, 335, 200, 119, 5301]"
193,4,288,1171,0.0008901225706029419,9.700000000047561e-07,5,"[2, 396, 397, 398, 1875]","[40, 17, 46, 9, 6127]"
194,4,288,1172,0.0008860898303011612,0.0008860898303011612,6,"[2, 396, 397, 398, 1872, 1875]","[108, 3987, 6, 1669, 520, 1]"
195,4,288,1172,0.0008865398303011634,4.5000000000220645e-07,6,"[2, 396, 397, 398, 1872, 1875]","[496, 2850, 29, 2976, 7, 1]"
196,4,288,1172,0.0008868398303011649,3.0000000000147097e-07,6,"[2, 396, 397, 398, 1872, 1875]","[876, 2133, 42, 3167, 1, 2]"
197,4,288,1172,0.0008870898303011661,2.500000000012258e-07,5,"[2, 396, 397, 398, 1875]","[1250, 1767, 93, 3121, 5]"
198,4,288,1172,0.0008873198303011673,2.3000000000112774e-07,5,"[2, 396, 397, 398, 1875]","[1712, 1477, 102, 2979, 8]"
199,4,288,1172,0.0008875398303011683,2.200000000010787e-07,6,"[2, 396, 397, 398, 1872, 1875]","[2066, 1274, 144, 2672, 1, 23]"
200,4,288,1172,0.0008877798303011695,2.4000000000117677e-07,5,"[2, 396, 397, 398, 1875]","[2539, 1009, 165, 2512, 23]"
201,4,288,1172,0.0008880598303011709,2.800000000013729e-07,5,"[2, 396, 397, 398, 1875]","[3029, 858, 223, 2208, 32]"
202,4,288,1172,0.0008884398303011727,3.800000000018632e-07,5,"[2, 396, 397, 398, 1875]","[3467, 620, 269, 1668, 83]"
203,4,288,1173,0.0008858721532015687,0.0008858721532015687,3,"[2, 396, 398]","[5, 4, 6321]"
204,4,288,1173,0.0008862821532015707,4.100000000020103e-07,3,"[2, 396, 398]","[44, 6, 6131]"
205,4,288,1173,0.0008866121532015724,3.3000000000161806e-07,3,"[2, 396, 398]","[151, 12, 6086]"
206,4,288,1173,0.0008869321532015739,3.2000000000156903e-07,4,"[2, 396, 397, 398]","[368, 17, 2, 6025]"
207,4,288,1173,0.0008872621532015755,3.3000000000161806e-07,3,"[2, 396, 398]","[808, 17, 5328]"
208,4,288,1173,0.0008876521532015775,3.9000000000191225e-07,4,"[2, 396, 397, 398]","[2092, 19, 5, 4149]"
209,4,288,1173,0.0008880821532015796,4.300000000021084e-07,4,"[2, 396, 397, 398]","[3840, 21, 11, 2306]"
210,4,288,1173,0.0008885521532015819,4.700000000023045e-07,4,"[2, 396, 397, 398]","[5384, 11, 4, 852]"
211,4,288,1173,0.0008891421532015848,5.900000000028929e-07,4,"[2, 396, 397, 398]","[6092, 1, 2, 187]"
212,4,288,1173,0.0008919221532015984,2.780000000013631e-06,2,"[2, 398]","[6184, 14]"
213,4,288,1174,0.000885975784842509,0.000885975784842509,1,[398],[6283]
214,4,288,1174,0.0008877057848425175,1.7300000000084826e-06,2,"[2, 398]","[273, 5946]"
215,4,288,1174,0.000889245784842525,1.540000000007551e-06,2,"[2, 398]","[6147, 127]"
216,4,288,1174,0.0008898857848425282,6.400000000031381e-07,1,[2],[6307]
217,4,288,1174,0.000890455784842531,5.700000000027948e-07,1,[2],[6223]
218,4,288,1174,0.0008912157848425347,7.600000000037264e-07,1,[2],[6216]
219,4,288,1175,0.0008907918014985386,0.0008907918014985386,2,"[2, 398]","[5518, 777]"
220,4,288,1175,0.0008914418014985418,6.500000000031871e-07,1,[2],[6305]
221,4,288,1175,0.0008919618014985443,5.200000000025497e-07,1,[2],[6238]
222,4,288,1175,0.000892501801498547,5.400000000026477e-07,1,[2],[6227]
223,4,288,1175,0.0008933018014985509,8.000000000039226e-07,1,[2],[6199]
224,4,288,1176,0.0008925479427183117,0.0008925479427183117,2,"[2, 398]","[6270, 5]"
225,4,288,1176,0.0008931179427183145,5.700000000027948e-07,1,[2],[6271]
226,4,288,1176,0.0008936079427183169,4.900000000024026e-07,1,[2],[6313]
227,4,288,1176,0.0008940879427183192,4.800000000023535e-07,1,[2],[6238]
228,4,288,1176,0.0008947179427183223,6.30000000003089e-07,1,[2],[6158]
229,4,288,1177,0.0008941967294314491,0.0008941967294314491,1,[2],[6311]
230,4,288,1177,0.0008947367294314518,5.400000000026477e-07,1,[2],[6210]
231,4,288,1177,0.000895186729431454,4.5000000000220645e-07,1,[2],[6375]
232,4,288,1177,0.0008956067294314561,4.2000000000205935e-07,1,[2],[6191]
233,4,288,1177,0.0008961067294314585,5.000000000024516e-07,1,[2],[6251]
234,4,288,1177,0.0008969467294314626,8.400000000041187e-07,1,[2],[6167]
235,4,288,1178,0.0008958354604889652,0.0008958354604889652,1,[2],[6348]
236,4,288,1178,0.000896395460488968,5.600000000027458e-07,1,[2],[6253]
237,4,288,1178,0.0008968454604889702,4.5000000000220645e-07,1,[2],[6296]
238,4,288,1178,0.0008972854604889723,4.400000000021574e-07,1,[2],[6126]
239,4,288,1178,0.000897825460488975,5.400000000026477e-07,1,[2],[6310]
240,4,288,1178,0.0008989454604889804,1.1200000000054916e-06,1,[2],[6187]
241,4,288,1179,0.0008975170830445163,0.0008975170830445163,1,[2],[6272]
242,4,288,1179,0.0008980370830445188,5.200000000025497e-07,1,[2],[6266]
243,4,288,1179,0.0008984570830445209,4.2000000000205935e-07,1,[2],[6370]
244,4,288,1179,0.0008988370830445227,3.800000000018632e-07,1,[2],[6201]
245,4,288,1179,0.0008992570830445248,4.2000000000205935e-07,1,[2],[6171]
246,4,288,1179,0.0008998470830445277,5.900000000028929e-07,1,[2],[6232]
247,4,288,1180,0.0008990482592992241,0.0008990482592992241,1,[2],[6305]
248,4,288,1180,0.0008995582592992266,5.100000000025006e-07,1,[2],[6266]
249,4,288,1180,0.0008999482592992285,3.9000000000191225e-07,1,[2],[6181]
250,4,288,1180,0.0009003082592992303,3.6000000000176516e-07,1,[2],[6416]
251,4,288,1180,0.000900668259299232,3.6000000000176516e-07,1,[2],[6151]
252,4,288,1180,0.0009011182592992342,4.5000000000220645e-07,1,[2],[6235]
253,4,288,1180,0.000901898259299238,7.800000000038245e-07,1,[2],[6202]
254,4,288,1181,0.0009006637307666112,0.0009006637307666112,1,[2],[6301]
255,4,288,1181,0.0009011637307666136,5.000000000024516e-07,1,[2],[6282]
256,4,288,1181,0.0009015537307666155,3.9000000000191225e-07,1,[2],[6319]
257,4,288,1181,0.0009019037307666173,3.500000000017161e-07,1,[2],[6171]
258,4,288,1181,0.0009022737307666191,3.700000000018142e-07,1,[2],[6320]
259,4,288,1181,0.0009027037307666212,4.300000000021084e-07,1,[2],[6140]
260,4,288,1181,0.0009034337307666248,7.300000000035793e-07,1,[2],[6243]
261,4,288,1182,0.000902260974437316,0.000902260974437316,1,[2],[6328]
262,4,288,1182,0.0009027609744373184,5.000000000024516e-07,1,[2],[6236]
263,4,288,1182,0.0009031509744373204,3.9000000000191225e-07,1,[2],[6357]
264,4,288,1182,0.000903490974437322,3.400000000016671e-07,1,[2],[6139]
265,4,288,1182,0.0009038409744373237,3.500000000017161e-07,1,[2],[6266]
266,4,288,1182,0.0009042509744373257,4.100000000020103e-07,1,[2],[6255]
267,4,288,1182,0.0009048709744373288,6.2000000000304e-07,1,[2],[6238]
268,4,288,1183,0.0009038177829810449,0.0009038177829810449,1,[2],[6329]
269,4,288,1183,0.0009042977829810473,4.800000000023535e-07,1,[2],[6311]
270,4,288,1183,0.000904647782981049,3.500000000017161e-07,1,[2],[6126]
271,4,288,1183,0.0009049777829810506,3.3000000000161806e-07,1,[2],[6287]
272,4,288,1183,0.0009052977829810522,3.2000000000156903e-07,1,[2],[6286]
273,4,288,1183,0.0009056577829810539,3.6000000000176516e-07,1,[2],[6292]
274,4,288,1183,0.0009061277829810562,4.700000000023045e-07,1,[2],[6178]
275,4,288,1184,0.0009053911698210511,0.0009053911698210511,1,[2],[6265]
276,4,288,1184,0.0009058911698210535,5.000000000024516e-07,1,[2],[6277]
277,4,288,1184,0.0009062711698210554,3.800000000018632e-07,1,[2],[6303]
278,4,288,1184,0.0009066311698210571,3.6000000000176516e-07,1,[2],[6292]
279,4,288,1184,0.000907001169821059,3.700000000018142e-07,1,[2],[6243]
280,4,288,1184,0.0009074511698210612,4.5000000000220645e-07,1,[2],[6174]
281,4,288,1184,0.0009083111698210654,8.600000000042168e-07,1,[2],[6196]
282,4,288,1185,0.0009069718967505458,0.0009069718967505458,1,[2],[6312]
283,4,288,1185,0.0009074718967505482,5.000000000024516e-07,1,[2],[6244]
284,4,288,1185,0.0009078418967505501,3.700000000018142e-07,1,[2],[6228]
285,4,288,1185,0.0009081918967505518,3.500000000017161e-07,1,[2],[6335]
286,4,288,1185,0.0009085418967505535,3.500000000017161e-07,1,[2],[6262]
287,4,288,1185,0.0009089718967505556,4.300000000021084e-07,1,[2],[6198]
288,4,288,1185,0.0009097918967505596,8.200000000040206e-07,2,"[1, 2]","[7, 6192]"
289,4,288,1186,0.0009084105363025953,0.0009084105363025953,2,"[1, 2]","[23, 6238]"
290,4,288,1186,0.0009088805363025976,4.700000000023045e-07,2,"[1, 2]","[132, 6189]"
291,4,288,1186,0.0009092305363025994,3.500000000017161e-07,3,"[1, 2, 5]","[264, 5980, 3]"
292,4,288,1186,0.0009095505363026009,3.2000000000156903e-07,3,"[1, 2, 5]","[474, 5733, 2]"
293,4,288,1186,0.0009098805363026025,3.3000000000161806e-07,3,"[1, 2, 5]","[864, 5483, 1]"
294,4,288,1186,0.0009102605363026044,3.800000000018632e-07,2,"[1, 2]","[1177, 4959]"
295,4,288,1186,0.000911000536302608,7.400000000036284e-07,3,"[1, 2, 5]","[1866, 4361, 7]"
296,4,288,1187,0.0009094884526745582,0.0009094884526745582,3,"[1, 2, 5]","[4305, 1987, 1]"
297,4,288,1187,0.0009098884526745601,4.000000000019613e-07,3,"[1, 2, 5]","[4988, 1355, 3]"
298,4,288,1187,0.0009101984526745617,3.1000000000152e-07,2,"[1, 2]","[5067, 1117]"
299,4,288,1187,0.0009105284526745633,3.3000000000161806e-07,3,"[1, 2, 5]","[5255, 930, 6]"
300,4,288,1187,0.0009109984526745656,4.700000000023045e-07,3,"[1, 2, 5]","[5495, 805, 2]"
301,4,288,1188,0.0009099774579092574,0.0009099774579092574,2,"[1, 2]","[6261, 9]"
302,4,288,1188,0.0009106374579092606,6.600000000032361e-07,2,"[1, 2]","[6236, 6]"
303,4,289,1148,0.0008929413553523505,0.0008929413553523505,1,[403],[6250]
304,4,289,1149,0.0008904948121808759,0.0008904948121808759,1,[403],[6257]
305,4,289,1149,0.0008911648121808791,6.700000000032852e-07,1,[403],[6281]
306,4,289,1150,0.0008902072220568984,0.0008902072220568984,2,"[403, 408]","[6194, 122]"
307,4,289,1150,0.0008910472220569026,8.400000000041187e-07,2,"[403, 408]","[6198, 18]"
308,4,289,1151,0.0008898487480083014,0.0008898487480083014,2,"[403, 408]","[3741, 2534]"
309,4,289,1151,0.0008915387480083097,1.6900000000082864e-06,2,"[403, 408]","[5326, 900]"
310,4,289,1152,0.0008902083606611026,0.0008902083606611026,2,"[403, 408]","[4862, 1419]"
311,4,289,1156,0.0008870682182069711,0.0008870682182069711,2,"[403, 649]","[6280, 10]"
312,4,289,1157,0.0008857648103162201,0.0008857648103162201,1,[403],[6300]
313,4,289,1157,0.0008866648103162245,9.000000000044129e-07,1,[403],[6225]
314,4,289,1158,0.0008850284567213496,0.0008850284567213496,1,[403],[6292]
315,4,289,1158,0.0008856484567213526,6.2000000000304e-07,1,[403],[6245]
316,4,289,1158,0.0008887084567213676,3.060000000015004e-06,2,"[403, 699]","[5489, 728]"
317,4,289,1159,0.0008849729056558467,0.0008849729056558467,1,[403],[6337]
318,4,289,1159,0.0008856229056558499,6.500000000031871e-07,1,[403],[6184]
319,4,289,1160,0.0008854190202159405,0.0008854190202159405,1,[403],[6277]
320,4,289,1170,0.0008905992150938125,0.0008905992150938125,6,"[2, 396, 397, 398, 1872, 1875]","[6, 828, 294, 3, 71, 5068]"
321,4,289,1170,0.000891509215093817,9.100000000044619e-07,2,"[397, 1875]","[5, 6278]"
322,4,289,1170,0.000892529215093822,1.0200000000050013e-06,2,"[397, 1875]","[2, 6234]"
323,4,289,1171,0.0008863553393649512,0.0008863553393649512,5,"[2, 396, 397, 398, 1872]","[183, 5819, 52, 96, 179]"
324,4,289,1171,0.000886915339364954,5.600000000027458e-07,6,"[2, 396, 397, 398, 1872, 1875]","[750, 4816, 341, 356, 4, 1]"
325,4,289,1171,0.000887325339364956,4.100000000020103e-07,6,"[2, 396, 397, 398, 1872, 1875]","[1252, 3573, 849, 512, 1, 8]"
326,4,289,1171,0.0008877053393649578,3.800000000018632e-07,5,"[2, 396, 397, 398, 1875]","[1489, 2707, 1501, 642, 24]"
327,4,289,1171,0.0008880853393649597,3.800000000018632e-07,5,"[2, 396, 397, 398, 1875]","[1459, 1718, 2324, 563, 52]"
328,4,289,1171,0.0008885453393649619,4.600000000022555e-07,5,"[2, 396, 397, 398, 1875]","[1176, 933, 3560, 440, 158]"
329,4,289,1171,0.0008891853393649651,6.400000000031381e-07,5,"[2, 396, 397, 398, 1875]","[591, 326, 4571, 189, 585]"
330,4,289,1171,0.0008902953393649705,1.1100000000054426e-06,5,"[2, 396, 397, 398, 1875]","[104, 36, 3395, 18, 2690]"
331,4,289,1171,0.0008920653393649792,1.7700000000086787e-06,2,"[397, 1875]","[408, 5799]"
332,4,289,1172,0.0008864910088244471,0.0008864910088244471,5,"[2, 396, 397, 398, 1872]","[1564, 2814, 132, 1754, 9]"
333,4,289,1172,0.0008867910088244486,3.0000000000147097e-07,4,"[2, 396, 397, 398]","[2449, 1844, 271, 1714]"
334,4,289,1172,0.0008870010088244496,2.1000000000102968e-07,4,"[2, 396, 397, 398]","[2843, 1521, 364, 1676]"
335,4,289,1172,0.0008871610088244504,1.6000000000078451e-07,4,"[2, 396, 397, 398]","[3033, 1293, 402, 1555]"
336,4,289,1172,0.0008873010088244511,1.4000000000068645e-07,4,"[2, 396, 397, 398]","[3284, 1189, 503, 1451]"
337,4,289,1172,0.0008874210088244517,1.2000000000058839e-07,5,"[2, 396, 397, 398, 1875]","[3178, 963, 524, 1207, 1]"
338,4,289,1172,0.0008875410088244523,1.2000000000058839e-07,4,"[2, 396, 397, 398]","[3556, 958, 635, 1278]"
339,4,289,1172,0.0008876610088244529,1.2000000000058839e-07,4,"[2, 396, 397, 398]","[3709, 854, 711, 1238]"
340,4,289,1172,0.0008877710088244534,1.1000000000053935e-07,4,"[2, 396, 397, 398]","[3573, 730, 720, 1090]"
341,4,289,1172,0.000887881008824454,1.1000000000053935e-07,5,"[2, 396, 397, 398, 1875]","[3562, 664, 752, 1050, 1]"
342,4,289,1172,0.0008880010088244545,1.2000000000058839e-07,4,"[2, 396, 397, 398]","[4010, 601, 916, 1011]"
343,4,289,1172,0.0008881210088244551,1.2000000000058839e-07,4,"[2, 396, 397, 398]","[3724, 530, 1017, 854]"
344,4,289,1172,0.0008882510088244558,1.3000000000063742e-07,4,"[2, 396, 397, 398]","[3653, 480, 1128, 808]"
345,4,289,1172,0.0008884010088244565,1.5000000000073548e-07,4,"[2, 396, 397, 398]","[3863, 462, 1193, 692]"
346,4,289,1172,0.0008885910088244574,1.900000000009316e-07,5,"[2, 396, 397, 398, 1875]","[3954, 384, 1479, 625, 1]"
347,4,289,1172,0.0008888310088244586,2.4000000000117677e-07,5,"[2, 396, 397, 398, 1875]","[3723, 257, 1682, 456, 3]"
348,4,289,1172,0.0008892910088244609,4.600000000022555e-07,5,"[2, 396, 397, 398, 1875]","[3509, 198, 2119, 322, 11]"
349,4,289,1173,0.0008871642115826064,0.0008871642115826064,4,"[2, 396, 397, 398]","[3147, 75, 17, 3124]"
350,4,289,1173,0.0008875542115826083,3.9000000000191225e-07,4,"[2, 396, 397, 398]","[5068, 36, 28, 1123]"
351,4,289,1173,0.0008878242115826097,2.7000000000132387e-07,4,"[2, 396, 397, 398]","[5491, 35, 30, 593]"
352,4,289,1173,0.0008880542115826108,2.3000000000112774e-07,4,"[2, 396, 397, 398]","[6014, 23, 33, 363]"
353,4,289,1173,0.0008882542115826118,2.0000000000098064e-07,4,"[2, 396, 397, 398]","[6027, 18, 23, 199]"
354,4,289,1173,0.0008884442115826127,1.900000000009316e-07,4,"[2, 396, 397, 398]","[6039, 6, 17, 145]"
355,4,289,1173,0.0008886342115826136,1.900000000009316e-07,4,"[2, 396, 397, 398]","[6030, 5, 15, 78]"
356,4,289,1173,0.0008888442115826147,2.1000000000102968e-07,4,"[2, 396, 397, 398]","[6353, 3, 16, 48]"
357,4,289,1173,0.0008890842115826158,2.4000000000117677e-07,4,"[2, 396, 397, 398]","[6194, 5, 12, 33]"
358,4,289,1173,0.0008893842115826173,3.0000000000147097e-07,4,"[2, 396, 397, 398]","[6112, 1, 6, 12]"
359,4,289,1173,0.0008898742115826197,4.900000000024026e-07,4,"[2, 396, 397, 398]","[6203, 3, 4, 6]"
360,4,289,1174,0.0008886149612403132,0.0008886149612403132,2,"[2, 398]","[6117, 192]"
361,4,289,1174,0.0008890749612403154,4.600000000022555e-07,1,[2],[6251]
362,4,289,1174,0.000889404961240317,3.3000000000161806e-07,1,[2],[6261]
363,4,289,1174,0.0008896949612403185,2.9000000000142193e-07,1,[2],[6292]
364,4,289,1174,0.0008899749612403198,2.800000000013729e-07,1,[2],[6222]
365,4,289,1174,0.0008902549612403212,2.800000000013729e-07,1,[2],[6232]
366,4,289,1174,0.0008905749612403228,3.2000000000156903e-07,1,[2],[6355]
367,4,289,1174,0.0008909349612403246,3.6000000000176516e-07,1,[2],[6206]
368,4,289,1174,0.0008914649612403272,5.300000000025987e-07,1,[2],[6132]
369,4,289,1175,0.000890456234390709,0.000890456234390709,1,[2],[6255]
370,4,289,1175,0.0008909962343907116,5.400000000026477e-07,1,[2],[6363]
371,4,289,1175,0.0008913862343907135,3.9000000000191225e-07,1,[2],[6248]
372,4,289,1175,0.0008917362343907152,3.500000000017161e-07,1,[2],[6220]
373,4,289,1175,0.000892096234390717,3.6000000000176516e-07,1,[2],[6259]
374,4,289,1175,0.000892496234390719,4.000000000019613e-07,1,[2],[6254]
375,4,289,1175,0.0008930262343907216,5.300000000025987e-07,1,[2],[6188]
376,4,289,1176,0.0008923680575376681,0.0008923680575376681,1,[2],[6324]
377,4,289,1176,0.0008928980575376707,5.300000000025987e-07,1,[2],[6219]
378,4,289,1176,0.0008933180575376728,4.2000000000205935e-07,1,[2],[6242]
379,4,289,1176,0.0008937080575376747,3.9000000000191225e-07,1,[2],[6218]
380,4,289,1176,0.0008941480575376769,4.400000000021574e-07,1,[2],[6317]
381,4,289,1176,0.0008947480575376798,6.000000000029419e-07,1,[2],[6248]
382,4,289,1177,0.0008941371859738441,0.0008941371859738441,1,[2],[6271]
383,4,289,1177,0.000894717185973847,5.800000000028439e-07,1,[2],[6307]
384,4,289,1177,0.0008951871859738493,4.700000000023045e-07,1,[2],[6247]
385,4,289,1177,0.0008956571859738516,4.700000000023045e-07,1,[2],[6236]
386,4,289,1177,0.0008962571859738545,6.000000000029419e-07,1,[2],[6196]
387,4,289,1178,0.0008959938024411556,0.0008959938024411556,1,[2],[6310]
388,4,289,1178,0.0008966438024411588,6.500000000031871e-07,1,[2],[6277]
389,4,289,1178,0.0008972238024411616,5.800000000028439e-07,1,[2],[6180]
390,4,289,1178,0.0008980338024411656,8.100000000039716e-07,1,[2],[6259]
391,4,289,1179,0.0008978625260800619,0.0008978625260800619,1,[2],[6282]
392,4,289,1179,0.0008985725260800654,7.100000000034813e-07,1,[2],[6248]
393,4,289,1179,0.000899302526080069,7.300000000035793e-07,1,[2],[6276]
394,4,289,1180,0.000899550485555512,0.000899550485555512,1,[2],[6292]
395,4,289,1180,0.0009003204855555157,7.700000000037755e-07,1,[2],[6229]
396,4,289,1180,0.0009013004855555205,9.800000000048052e-07,1,[2],[6261]
397,4,289,1181,0.0009013516969083226,0.0009013516969083226,1,[2],[6257]
398,4,289,1181,0.0009023116969083273,9.60000000004707e-07,1,[2],[6291]
399,4,289,1182,0.0009031037553433158,0.0009031037553433158,1,[2],[6259]
400,4,289,1182,0.0009044137553433222,1.3100000000064232e-06,1,[2],[6244]
401,4,289,1183,0.0009049267038015182,0.0009049267038015182,1,[2],[6250]
402,4,289,1184,0.0009071673520180452,0.0009071673520180452,1,[2],[6264]
403,4,289,1185,0.0009096098187525754,0.0009096098187525754,1,[2],[6255]
404,4,290,1150,0.0008908005170745872,0.0008908005170745872,2,"[403, 408]","[5805, 473]"
405,4,290,1151,0.0008892520978542993,0.0008892520978542993,4,"[403, 408, 650, 651]","[1906, 4458, 1, 1]"
406,4,290,1151,0.0008897820978543019,5.300000000025987e-07,2,"[403, 408]","[2911, 3335]"
407,4,290,1151,0.0008903320978543046,5.500000000026968e-07,2,"[403, 408]","[3773, 2384]"
408,4,290,1152,0.000889198797796381,0.000889198797796381,5,"[403, 408, 650, 651, 652]","[4509, 1779, 1, 13, 3]"
409,4,290,1152,0.0008897487977963837,5.500000000026968e-07,2,"[403, 408]","[4664, 1572]"
410,4,290,1152,0.0008905487977963877,8.000000000039226e-07,2,"[403, 408]","[4758, 1475]"
411,4,290,1153,0.0008888003612008319,0.0008888003612008319,3,"[403, 408, 651]","[6302, 5, 1]"
412,4,290,1153,0.0008894603612008351,6.600000000032361e-07,2,"[403, 408]","[6200, 6]"
413,4,290,1154,0.0008882272131828802,0.0008882272131828802,2,"[403, 649]","[6296, 30]"
414,4,290,1154,0.0008888772131828834,6.500000000031871e-07,1,[403],[6240]
415,4,290,1155,0.0008875523570604451,0.0008875523570604451,3,"[403, 649, 656]","[5941, 291, 35]"
416,4,290,1155,0.0008882923570604488,7.400000000036284e-07,1,[403],[6263]
417,4,290,1156,0.0008869395430756009,0.0008869395430756009,3,"[403, 649, 656]","[6200, 20, 70]"
418,4,290,1156,0.0008881095430756066,1.1700000000057368e-06,1,[403],[6235]
419,4,290,1157,0.0008867842774454869,0.0008867842774454869,1,[403],[6271]
420,4,290,1170,0.0008918764434318326,0.0008918764434318326,3,"[396, 397, 1875]","[1, 3691, 2560]"
421,4,290,1170,0.0008928964434318376,1.0200000000050013e-06,4,"[397, 1875, 2037, 2038]","[116, 6125, 11, 1]"
422,4,290,1170,0.0008936864434318415,7.900000000038735e-07,4,"[397, 1875, 2037, 2038]","[5, 6199, 48, 1]"
423,4,290,1170,0.0008948964434318474,1.2100000000059329e-06,3,"[1875, 2037, 2038]","[6208, 54, 2]"
424,4,290,1171,0.0008886261429264066,0.0008886261429264066,5,"[2, 396, 397, 398, 1875]","[307, 248, 5625, 72, 2]"
425,4,290,1171,0.0008891561429264092,5.300000000025987e-07,4,"[2, 396, 397, 398]","[24, 8, 6227, 6]"
426,4,290,1171,0.0008895761429264113,4.2000000000205935e-07,5,"[2, 396, 397, 398, 1875]","[5, 2, 6228, 2, 6]"
427,4,290,1171,0.0008899861429264133,4.100000000020103e-07,2,"[397, 1875]","[6264, 15]"
428,4,290,1171,0.0008904861429264157,5.000000000024516e-07,2,"[397, 1875]","[6171, 43]"
429,4,290,1171,0.000891556142926421,1.0700000000052464e-06,2,"[397, 1875]","[5816, 429]"
430,4,290,1172,0.0008886773937095382,0.0008886773937095382,4,"[2, 396, 397, 398]","[1936, 326, 3735, 307]"
431,4,290,1172,0.0008902473937095459,1.570000000007698e-06,5,"[2, 396, 397, 398, 1875]","[264, 14, 5905, 18, 1]"
432,4,291,1169,0.0008957856771813022,0.0008957856771813022,5,"[397, 1875, 2012, 2037, 2038]","[176, 6071, 1, 17, 1]"
433,4,291,1170,0.0008910290303875999,0.0008910290303875999,2,"[397, 1875]","[6249, 2]"
434,4,291,1170,0.000891869030387604,8.400000000041187e-07,2,"[397, 1875]","[6274, 36]"
435,4,291,1170,0.0008934390303876117,1.570000000007698e-06,3,"[397, 1875, 2037]","[4965, 1204, 20]"
436,4,291,1170,0.0008949990303876193,1.560000000007649e-06,4,"[397, 1875, 2037, 2038]","[220, 6047, 30, 2]"
437,4,291,1170,0.0008966690303876275,1.6700000000081884e-06,4,"[1875, 2012, 2013, 2037]","[6194, 15, 1, 1]"
438,4,291,1171,0.0008900077837886098,0.0008900077837886098,1,[397],[6335]
439,4,291,1171,0.0008905477837886125,5.400000000026477e-07,1,[397],[6251]
440,4,291,1171,0.0008909877837886146,4.400000000021574e-07,1,[397],[6207]
441,4,291,1171,0.0008914977837886171,5.100000000025006e-07,1,[397],[6304]
442,4,291,1171,0.0008923577837886213,8.600000000042168e-07,2,"[397, 1875]","[6169, 9]"
443,4,292,1169,0.000896640798844137,0.000896640798844137,4,"[397, 1875, 2012, 2013]","[2136, 4077, 36, 4]"
444,4,292,1169,0.0008977907988441426,1.1500000000056387e-06,4,"[397, 1875, 2012, 2013]","[1, 6276, 13, 1]"
445,4,292,1169,0.0009000107988441535,2.220000000010885e-06,5,"[1875, 1880, 1881, 2012, 2016]","[6157, 32, 2, 3, 13]"
446,4,292,1170,0.0008917388418039981,0.0008917388418039981,1,[397],[6321]
447,4,292,1170,0.0008922588418040007,5.200000000025497e-07,1,[397],[6248]
448,4,292,1170,0.0008926888418040028,4.300000000021084e-07,1,[397],[6216]
449,4,292,1170,0.0008931588418040051,4.700000000023045e-07,1,[397],[6292]
450,4,292,1170,0.0008938088418040083,6.500000000031871e-07,2,"[397, 1875]","[6209, 18]"
451,4,292,1170,0.0008964888418040214,2.6800000000131406e-06,3,"[397, 1875, 2012]","[3650, 2539, 12]"
452,4,292,1171,0.0008919123099597396,0.0008919123099597396,1,[397],[6304]
453,4,292,1171,0.0008931023099597455,1.1900000000058348e-06,1,[397],[6230]
454,4,293,1162,0.0009066321898444059,0.0009066321898444059,1,[1696],[6255]
455,4,293,1169,0.0008945349047692744,0.0008945349047692744,1,[397],[6302]
456,4,293,1169,0.0008968749047692858,2.3400000000114735e-06,2,"[397, 1875]","[5889, 316]"
457,4,293,1169,0.0008987549047692951,1.880000000009218e-06,5,"[397, 1875, 1880, 1881, 2016]","[76, 6073, 57, 6, 32]"
458,4,293,1169,0.0008995749047692991,8.200000000040206e-07,4,"[1875, 1880, 1881, 2016]","[5389, 657, 137, 88]"
459,4,293,1169,0.0009002849047693026,7.100000000034813e-07,5,"[1875, 1880, 1881, 1883, 2016]","[4112, 1557, 556, 3, 64]"
460,4,293,1169,0.0009012649047693074,9.800000000048052e-07,6,"[1875, 1880, 1881, 1883, 1884, 2016]","[3104, 1865, 1154, 39, 4, 23]"
461,4,293,1170,0.0008930063675023263,0.0008930063675023263,1,[397],[6262]
462,4,293,1170,0.000893546367502329,5.400000000026477e-07,1,[397],[6310]
463,4,293,1170,0.0008939863675023311,4.400000000021574e-07,1,[397],[6312]
464,4,293,1170,0.0008944163675023332,4.300000000021084e-07,1,[397],[6213]
465,4,293,1170,0.000894976367502336,5.600000000027458e-07,1,[397],[6232]
466,4,293,1170,0.000898036367502351,3.060000000015004e-06,6,"[397, 1875, 1880, 2012, 2013, 2016]","[5313, 861, 2, 2, 2, 1]"
467,4,294,1168,0.0009018677833820733,0.0009018677833820733,8,"[397, 472, 1875, 1880, 1881, 1883, 1884, 2016]","[1488, 4, 2709, 410, 592, 794, 269, 4]"
468,4,294,1169,0.000895029471299137,0.000895029471299137,1,[397],[6340]
469,4,294,1169,0.0008955794712991397,5.500000000026968e-07,1,[397],[6263]
470,4,294,1169,0.0008960394712991419,4.600000000022555e-07,1,[397],[6269]
471,4,294,1169,0.0008965294712991443,4.900000000024026e-07,1,[397],[6128]
472,4,294,1169,0.0008973494712991483,8.200000000040206e-07,3,"[397, 472, 1875]","[6276, 2, 3]"
473,4,294,1169,0.0009000094712991614,2.6600000000130426e-06,8,"[397, 472, 1875, 1880, 1881, 1883, 1884, 2016]","[1908, 8, 2671, 926, 706, 20, 2, 19]"
474,4,294,1169,0.0009007194712991649,7.100000000034813e-07,6,"[1875, 1880, 1881, 1883, 1884, 2016]","[3354, 1019, 1506, 285, 51, 7]"
475,4,294,1169,0.0009012694712991676,5.500000000026968e-07,6,"[1875, 1880, 1881, 1883, 1884, 2016]","[3499, 453, 1078, 1001, 304, 1]"
476,4,294,1169,0.0009017194712991698,4.5000000000220645e-07,5,"[1875, 1880, 1881, 1883, 1884]","[3118, 137, 432, 1640, 862]"
477,4,294,1169,0.0009021494712991719,4.300000000021084e-07,5,"[1875, 1880, 1881, 1883, 1884]","[2830, 31, 157, 1872, 1429]"
478,4,294,1169,0.0009026494712991743,5.000000000024516e-07,5,"[1875, 1880, 1881, 1883, 1884]","[2733, 8, 37, 1599, 1829]"
479,4,294,1169,0.0009039594712991807,1.3100000000064232e-06,5,"[1875, 1880, 1881, 1883, 1884]","[3244, 1, 5, 1036, 1903]"
480,4,294,1170,0.0008948057064414486,0.0008948057064414486,1,[397],[6315]
481,4,294,1170,0.0008955757064414523,7.700000000037755e-07,1,[397],[6248]
482,4,294,1170,0.0008967157064414579,1.1400000000055897e-06,1,[397],[6205]
483,4,295,1168,0.0008977657620668223,0.0008977657620668223,2,"[397, 472]","[5887, 373]"
484,4,295,1168,0.0009025257620668457,4.760000000023339e-06,7,"[397, 472, 1875, 1880, 1881, 1883, 1884]","[3507, 411, 1347, 4, 9, 583, 397]"
485,4,295,1168,0.0009048057620668568,2.2800000000111793e-06,3,"[1875, 1883, 1884]","[5867, 134, 243]"
486,4,295,1169,0.0008960924801173596,0.0008960924801173596,2,"[397, 472]","[6248, 10]"
487,4,295,1169,0.0008965624801173619,4.700000000023045e-07,2,"[397, 472]","[6349, 49]"
488,4,295,1169,0.0008969024801173636,3.400000000016671e-07,2,"[397, 472]","[6178, 90]"
489,4,295,1169,0.0008972124801173651,3.1000000000152e-07,2,"[397, 472]","[6003, 150]"
490,4,295,1169,0.0008975324801173667,3.2000000000156903e-07,2,"[397, 472]","[5930, 270]"
491,4,295,1169,0.0008979324801173687,4.000000000019613e-07,2,"[397, 472]","[5830, 422]"
492,4,295,1169,0.0008987224801173725,7.900000000038735e-07,3,"[397, 472, 1875]","[5653, 600, 1]"
493,4,295,1169,0.0009019024801173881,3.1800000000155922e-06,7,"[397, 472, 1875, 1880, 1881, 1883, 1884]","[1157, 144, 2062, 17, 81, 1620, 1180]"
494,4,295,1169,0.0009026424801173917,7.400000000036284e-07,4,"[1875, 1881, 1883, 1884]","[3169, 1, 1176, 1902]"
495,4,295,1169,0.0009033824801173954,7.400000000036284e-07,4,"[1875, 1881, 1883, 1884]","[4635, 1, 411, 1201]"
496,4,295,1169,0.0009043324801174,9.500000000046581e-07,3,"[1875, 1883, 1884]","[5938, 61, 248]"
497,4,295,1170,0.0009026901329153976,0.0009026901329153976,6,"[397, 472, 1875, 1881, 1883, 1884]","[5401, 45, 258, 6, 193, 347]"
498,4,296,1168,0.0008977973030152341,0.0008977973030152341,2,"[397, 472]","[5634, 616]"
499,4,296,1168,0.0008983473030152368,5.500000000026968e-07,2,"[397, 472]","[6009, 356]"
500,4,296,1168,0.0008988473030152392,5.000000000024516e-07,2,"[397, 472]","[5984, 208]"
501,4,296,1168,0.0008996273030152431,7.800000000038245e-07,2,"[397, 472]","[6131, 72]"
502,4,296,1168,0.00090512730301527,5.500000000026968e-06,4,"[397, 1875, 1883, 1884]","[2073, 4195, 2, 3]"
503,4,296,1168,0.0009065373030152769,1.4100000000069135e-06,1,[1875],[6217]
504,4,296,1169,0.0008973881749606136,0.0008973881749606136,2,"[397, 472]","[5623, 688]"
505,4,296,1169,0.0008978881749606161,5.000000000024516e-07,2,"[397, 472]","[5591, 715]"
506,4,296,1169,0.0008983181749606182,4.300000000021084e-07,2,"[397, 472]","[5652, 624]"
507,4,296,1169,0.0008988281749606207,5.100000000025006e-07,2,"[397, 472]","[5718, 401]"
508,4,296,1169,0.000903168174960642,4.34000000002128e-06,5,"[397, 472, 1875, 1883, 1884]","[5630, 146, 430, 8, 24]"
509,4,296,1169,0.000905218174960652,2.0500000000100516e-06,3,"[1875, 1883, 1884]","[6293, 1, 2]"
510,4,296,1169,0.0009065581749606586,1.3400000000065703e-06,1,[1875],[6218]
511,4,297,1168,0.0008985743717473797,0.0008985743717473797,3,"[397, 472, 700]","[6269, 19, 1]"
512,4,297,1168,0.0008990143717473819,4.400000000021574e-07,2,"[397, 472]","[6344, 2]"
513,4,297,1168,0.0008993443717473835,3.3000000000161806e-07,1,[397],[6213]
514,4,297,1168,0.000899664371747385,3.2000000000156903e-07,1,[397],[6318]
515,4,297,1168,0.0009000043717473867,3.400000000016671e-07,1,[397],[6159]
516,4,297,1168,0.000900464371747389,4.600000000022555e-07,1,[397],[6219]
517,4,297,1168,0.000905774371747415,5.310000000026036e-06,2,"[397, 1875]","[5389, 817]"
518,4,297,1168,0.0009073943717474229,1.6200000000079432e-06,1,[1875],[6305]
519,4,297,1168,0.000908424371747428,1.0300000000050503e-06,1,[1875],[6254]
520,4,297,1169,0.0008991367049888271,0.0008991367049888271,2,"[397, 472]","[6196, 58]"
521,4,297,1169,0.0009051967049888568,6.0600000000297135e-06,3,"[397, 472, 1875]","[5958, 1, 287]"
522,4,297,1169,0.0009077967049888696,2.6000000000127484e-06,1,[1875],[6261]
523,4,298,1167,0.0009006507758348206,0.0009006507758348206,2,"[397, 700]","[6287, 10]"
524,4,298,1167,0.0009014307758348244,7.800000000038245e-07,1,[397],[6274]
525,4,298,1167,0.0009115307758348739,1.0100000000049522e-05,3,"[397, 1875, 1885]","[4971, 1207, 2]"
526,4,298,1168,0.0008995690614496807,0.0008995690614496807,1,[397],[6299]
527,4,298,1168,0.0008999990614496828,4.300000000021084e-07,1,[397],[6330]
528,4,298,1168,0.0009003190614496843,3.2000000000156903e-07,1,[397],[6198]
529,4,298,1168,0.0009006190614496858,3.0000000000147097e-07,1,[397],[6313]
530,4,298,1168,0.0009009290614496873,3.1000000000152e-07,1,[397],[6186]
531,4,298,1168,0.0009013090614496892,3.800000000018632e-07,1,[397],[6275]
532,4,298,1168,0.0009019790614496925,6.700000000032852e-07,1,[397],[6168]
533,4,298,1168,0.0009086790614497253,6.7000000000328516e-06,2,"[397, 1875]","[2012, 4219]"
534,4,298,1168,0.00090962906144973,9.500000000046581e-07,1,[1875],[6280]
535,4,298,1168,0.0009105290614497344,9.000000000044129e-07,1,[1875],[6251]
536,4,298,1169,0.0009094273906682009,0.0009094273906682009,2,"[397, 1875]","[3152, 3110]"
537,4,299,1167,0.0009009219440431677,0.0009009219440431677,2,"[397, 704]","[6260, 24]"
538,4,299,1167,0.0009013119440431696,3.9000000000191225e-07,2,"[397, 1859]","[6317, 1]"
539,4,299,1167,0.000901601944043171,2.9000000000142193e-07,1,[397],[6158]
540,4,299,1167,0.0009018719440431724,2.7000000000132387e-07,2,"[397, 1859]","[6422, 2]"
541,4,299,1167,0.0009021419440431737,2.7000000000132387e-07,2,"[397, 1859]","[6134, 1]"
542,4,299,1167,0.0009024719440431753,3.3000000000161806e-07,2,"[397, 1859]","[6295, 3]"
543,4,299,1167,0.0009029919440431778,5.200000000025497e-07,6,"[397, 473, 476, 484, 1859, 1863]","[6160, 1, 2, 1, 1, 1]"
544,4,299,1167,0.0009131419440432276,1.0150000000049768e-05,7,"[397, 476, 484, 1859, 1860, 1875, 1885]","[3090, 2, 2, 2, 1, 2651, 470]"
545,4,299,1168,0.0009009000231436739,0.0009009000231436739,1,[397],[6287]
546,4,299,1168,0.0009014300231436765,5.300000000025987e-07,1,[397],[6227]
547,4,299,1168,0.000901940023143679,5.100000000025006e-07,1,[397],[6318]
548,4,299,1168,0.0009028500231436834,9.100000000044619e-07,1,[397],[6171]
549,4,299,1168,0.0009108700231437228,8.020000000039324e-06,3,"[397, 1875, 1885]","[965, 5312, 30]"
550,4,299,1168,0.0009116800231437267,8.100000000039716e-07,2,"[1875, 1885]","[5807, 458]"
551,4,299,1168,0.00091234002314373,6.600000000032361e-07,2,"[1875, 1885]","[4786, 1453]"
552,4,299,1168,0.0009130900231437336,7.500000000036774e-07,2,"[1875, 1885]","[3947, 2281]"
553,4,300,1150,0.0009051325237893464,0.0009051325237893464,2,"[1266, 1271]","[6173, 112]"
554,4,300,1166,0.0009028413580059997,0.0009028413580059997,11,"[397, 473, 476, 484, 704, 705, 1859, 1863, 1864, 1867, 1868]","[5437, 4, 9, 19, 747, 4, 14, 6, 2, 8, 1]"
555,4,300,1167,0.0009015352953403132,0.0009015352953403132,7,"[397, 473, 484, 704, 1859, 1863, 1867]","[6315, 1, 4, 20, 11, 1, 2]"
556,4,300,1167,0.0009018752953403148,3.400000000016671e-07,8,"[397, 473, 476, 484, 1859, 1860, 1863, 1867]","[6166, 1, 5, 7, 11, 2, 1, 1]"
557,4,300,1167,0.0009021352953403161,2.6000000000127484e-07,7,"[397, 476, 484, 1859, 1860, 1863, 1867]","[6273, 3, 4, 13, 1, 3, 3]"
558,4,300,1167,0.0009023652953403172,2.3000000000112774e-07,7,"[397, 476, 484, 1859, 1860, 1863, 1867]","[6224, 5, 9, 13, 2, 3, 1]"
559,4,300,1167,0.0009025752953403183,2.1000000000102968e-07,6,"[397, 476, 484, 1859, 1860, 1867]","[6136, 6, 12, 10, 1, 2]"
560,4,300,1167,0.0009028052953403194,2.3000000000112774e-07,8,"[397, 473, 476, 484, 1859, 1863, 1864, 1868]","[6277, 2, 4, 10, 8, 3, 1, 1]"
561,4,300,1167,0.0009030752953403207,2.7000000000132387e-07,9,"[397, 473, 476, 484, 1859, 1863, 1864, 1867, 1868]","[6128, 4, 4, 18, 25, 4, 1, 4, 3]"
562,4,300,1167,0.0009034852953403227,4.100000000020103e-07,10,"[397, 473, 476, 484, 1859, 1860, 1863, 1864, 1867, 1868]","[6227, 2, 5, 13, 13, 1, 7, 1, 4, 1]"
563,4,300,1167,0.0009132352953403705,9.750000000047806e-06,11,"[397, 473, 476, 484, 1859, 1860, 1863, 1867, 1868, 1875, 1885]","[3943, 2, 11, 9, 6, 1, 3, 3, 1, 2014, 215]"
564,4,300,1167,0.0009148152953403783,1.580000000007747e-06,2,"[1875, 1885]","[6235, 37]"
565,4,300,1168,0.0009029730201468506,0.0009029730201468506,5,"[397, 476, 1859, 1860, 1867]","[6261, 1, 9, 1, 1]"
566,4,300,1168,0.0009127230201468984,9.750000000047806e-06,6,"[397, 484, 1859, 1860, 1875, 1885]","[1078, 1, 2, 1, 3786, 1365]"
567,4,300,1168,0.0009137130201469033,9.900000000048542e-07,2,"[1875, 1885]","[5441, 847]"
568,4,300,1168,0.0009150330201469097,1.3200000000064722e-06,2,"[1875, 1885]","[6114, 121]"
569,4,301,1167,0.0009137830248356534,0.0009137830248356534,10,"[397, 473, 476, 484, 1859, 1863, 1864, 1867, 1868, 1875]","[5785, 5, 16, 27, 11, 11, 2, 1, 2, 391]"
570,4,301,1167,0.0009155630248356622,1.7800000000087277e-06,1,[1875],[6331]
571,4,301,1167,0.0009164030248356663,8.400000000041187e-07,1,[1875],[6185]
572,4,301,1167,0.0009174130248356712,1.0100000000049522e-06,1,[1875],[6280]
573,4,301,1168,0.0009183157838527267,0.0009183157838527267,5,"[397, 476, 1859, 1875, 1885]","[367, 1, 2, 5876, 4]"
574,4,302,1065,0.0006881687505231522,0.0006881687505231522,1,[710],[6275]
575,4,302,1148,0.0009094207161703393,0.0009094207161703393,1,[1662],[6329]
576,4,302,1148,0.0009101007161703426,6.800000000033342e-07,1,[1662],[6228]
577,4,302,1148,0.000911210716170348,1.1100000000054426e-06,1,[1662],[6211]
578,4,302,1165,0.0009086242212238988,0.0009086242212238988,1,[1851],[6252]
579,4,302,1166,0.0009187962450487967,0.0009187962450487967,4,"[397, 476, 1851, 1875]","[1, 1, 118, 6151]"
580,4,302,1167,0.0009174709072458365,0.0009174709072458365,2,"[397, 1875]","[1, 6250]"
581,4,302,1167,0.0009185409072458417,1.0700000000052464e-06,1,[1875],[6292]
582,4,303,1146,0.0009795819325250986,0.0009795819325250986,3,"[1548, 1595, 1646]","[6257, 3, 1]"
583,4,303,1148,0.0009100688397318334,0.0009100688397318334,1,[1662],[6294]
584,4,303,1148,0.0009109288397318376,8.600000000042168e-07,1,[1662],[6210]
585,4,303,1149,0.0009107014680425234,0.0009107014680425234,1,[1662],[6257]
586,4,303,1166,0.0009198393212066662,0.0009198393212066662,2,"[1851, 1875]","[23, 6273]"
587,4,303,1166,0.0009207293212066705,8.900000000043639e-07,1,[1875],[6279]
588,4,303,1166,0.0009217193212066754,9.900000000048542e-07,1,[1875],[6185]
589,4,303,1167,0.0009218883785405734,0.0009218883785405734,1,[1875],[6252]
590,4,304,1146,0.0009772946528926762,0.0009772946528926762,5,"[1548, 1549, 1595, 1596, 1646]","[4857, 680, 163, 4, 584]"
591,4,304,1146,0.0009781346528926712,8.399999999950114e-07,3,"[1548, 1549, 1595]","[6297, 12, 1]"
592,4,304,1146,0.000978664652892668,5.299999999968524e-07,2,"[1548, 1549]","[6225, 2]"
593,4,304,1146,0.0009792046528926649,5.39999999996793e-07,1,[1548],[6214]
594,4,304,1147,0.0009791811238233775,0.0009791811238233775,5,"[1548, 1549, 1595, 1646, 1662]","[5957, 52, 2, 261, 3]"
595,4,304,1165,0.0009239932201618725,0.0009239932201618725,1,[1875],[6262]
596,4,304,1166,0.0009218249664081316,0.0009218249664081316,1,[1875],[6300]
597,4,304,1166,0.0009226949664081359,8.700000000042658e-07,1,[1875],[6255]
598,4,304,1166,0.0009235649664081401,8.700000000042658e-07,1,[1875],[6249]
599,4,305,1145,0.000976363818068438,0.000976363818068438,4,"[1548, 1549, 1595, 1646]","[2109, 3996, 79, 86]"
600,4,305,1146,0.0009747064293911611,0.0009747064293911611,4,"[1548, 1549, 1595, 1646]","[1125, 1456, 10, 3669]"
601,4,305,1146,0.0009754464293911647,7.400000000036284e-07,3,"[1548, 1549, 1595]","[2881, 3340, 36]"
602,4,305,1146,0.0009759364293911671,4.900000000024026e-07,4,"[1548, 1549, 1595, 1596]","[3030, 3175, 30, 1]"
603,4,305,1146,0.0009764164293911695,4.800000000023535e-07,4,"[1548, 1549, 1595, 1596]","[3430, 2819, 37, 1]"
604,4,305,1146,0.0009769664293911677,5.499999999982515e-07,4,"[1548, 1549, 1595, 1596]","[4097, 2171, 15, 1]"
605,4,305,1146,0.0009777264293911632,7.599999999954865e-07,3,"[1548, 1549, 1595]","[5262, 965, 3]"
606,4,305,1146,0.000979106429391155,1.3799999999918044e-06,2,"[1548, 1549]","[6084, 133]"
607,4,305,1165,0.0009251551176062171,0.0009251551176062171,2,"[647, 1875]","[2, 6260]"
608,4,305,1166,0.0009240283548791082,0.0009240283548791082,1,[1875],[6257]
609,4,305,1166,0.0009249383548791127,9.100000000044619e-07,2,"[1875, 1887]","[6287, 2]"
610,4,305,1166,0.0009259783548791178,1.0400000000050993e-06,2,"[1875, 1887]","[6225, 18]"
611,4,306,1146,0.0009771664428990328,0.0009771664428990328,4,"[1548, 1549, 1595, 1646]","[1579, 4334, 1, 339]"
612,4,306,1165,0.0009267071090227453,0.0009267071090227453,3,"[647, 1875, 1887]","[3, 5216, 1071]"
613,4,306,1165,0.0009274971090227492,7.900000000038735e-07,2,"[1875, 1887]","[3668, 2611]"
614,4,306,1165,0.0009285471090227543,1.0500000000051484e-06,2,"[1875, 1887]","[3832, 2378]"
615,4,306,1166,0.0009263298572048498,0.0009263298572048498,2,"[1875, 1887]","[5389, 882]"
616,4,306,1166,0.0009269698572048529,6.400000000031381e-07,2,"[1875, 1887]","[3468, 2808]"
617,4,306,1166,0.0009274698572048554,5.000000000024516e-07,2,"[1875, 1887]","[2778, 3524]"
618,4,306,1166,0.000928009857204858,5.400000000026477e-07,2,"[1875, 1887]","[2621, 3570]"
619,4,307,1165,0.0009281701666546401,0.0009281701666546401,2,"[1875, 1887]","[4593, 1673]"
620,4,307,1165,0.0009292401666546454,1.0700000000052464e-06,2,"[1875, 1887]","[6045, 219]"
621,4,307,1166,0.0009277972595432162,0.0009277972595432162,2,"[1875, 1887]","[2939, 3330]"
622,4,307,1166,0.000928787259543221,9.900000000048542e-07,2,"[1875, 1887]","[5212, 1046]"
623,4,307,1166,0.0009302872595432284,1.5000000000073548e-06,2,"[1875, 1887]","[6153, 81]"
624,4,308,1165,0.0009300239317969732,0.0009300239317969732,3,"[646, 1875, 1887]","[7, 6286, 11]"
625,4,308,1165,0.0009310639317969783,1.0400000000050993e-06,2,"[1875, 1944]","[6218, 7]"
626,4,308,1166,0.0009301069997183426,0.0009301069997183426,4,"[646, 1875, 1887, 1944]","[92, 6165, 15, 2]"
627,4,308,1166,0.0009313369997183486,1.230000000006031e-06,2,"[1875, 1944]","[6244, 23]"
628,4,309,1165,0.0009315083975810698,0.0009315083975810698,4,"[646, 1875, 1944, 1946]","[72, 6097, 95, 4]"
629,4,309,1166,0.0009309302038533445,0.0009309302038533445,4,"[646, 1875, 1944, 1946]","[636, 5530, 108, 2]"
630,4,309,1166,0.0009315402038533475,6.10000000002991e-07,2,"[1875, 1944]","[6166, 151]"
631,4,309,1166,0.0009324102038533518,8.700000000042658e-07,3,"[1875, 1944, 1946]","[6013, 146, 3]"
632,4,310,1147,0.000943864031275157,0.000943864031275157,1,[488],[6293]
633,4,310,1147,0.000948754031275181,4.890000000023977e-06,2,"[488, 490]","[6179, 31]"
634,4,310,1148,0.0009423394076373152,0.0009423394076373152,1,[488],[6318]
635,4,310,1148,0.0009435494076373212,1.2100000000059329e-06,2,"[488, 490]","[6183, 2]"
636,4,310,1166,0.0009312690801314708,0.0009312690801314708,4,"[646, 1875, 1944, 1946]","[20, 6270, 33, 2]"
637,4,310,1166,0.0009319790801314743,7.100000000034813e-07,2,"[1875, 1944]","[6161, 24]"
638,4,310,1167,0.0009315620124819851,0.0009315620124819851,3,"[646, 1875, 1944]","[6, 6294, 5]"
639,4,311,1147,0.0009439253059027111,0.0009439253059027111,1,[488],[6255]
640,4,311,1147,0.0009447653059027152,8.400000000041187e-07,1,[488],[6271]
641,4,311,1147,0.0009454853059027188,7.200000000035303e-07,1,[488],[6230]
642,4,311,1147,0.0009462553059027225,7.700000000037755e-07,1,[488],[6275]
643,4,311,1147,0.0009471053059027267,8.500000000041677e-07,1,[488],[6220]
644,4,311,1147,0.0009479453059027308,8.400000000041187e-07,1,[488],[6258]
645,4,311,1147,0.000948785305902735,8.400000000041187e-07,1,[488],[6306]
646,4,311,1148,0.0009441342382760731,0.0009441342382760731,1,[488],[6264]
647,4,311,1148,0.0009477442382760908,3.6100000000177006e-06,2,"[488, 490]","[6253, 16]"
648,4,311,1148,0.0009486142382760951,8.700000000042658e-07,1,[488],[6289]
649,4,311,1148,0.0009493342382760986,7.200000000035303e-07,1,[488],[6244]
650,4,311,1165,0.0009367349245673526,0.0009367349245673526,3,"[1875, 1967, 1968]","[29, 6226, 7]"
651,4,311,1167,0.0009314833834880233,0.0009314833834880233,1,[1875],[6337]
652,4,311,1167,0.0009321433834880266,6.600000000032361e-07,1,[1875],[6215]
653,4,311,1168,0.0009319666025224215,0.0009319666025224215,1,[1875],[6295]
654,4,311,1168,0.0009329666025224264,1.0000000000049032e-06,1,[1875],[6205]
655,4,312,1147,0.0009476824740470456,0.0009476824740470456,1,[488],[6285]
656,4,312,1168,0.0009326004278496459,0.0009326004278496459,1,[1875],[6290]
657,4,312,1169,0.0009329658433827986,0.0009329658433827986,2,"[1875, 1891]","[6120, 163]"
658,4,312,1169,0.0009336758433828021,7.100000000034813e-07,2,"[1875, 1891]","[5636, 581]"
659,4,312,1169,0.0009347958433828076,1.1200000000054916e-06,2,"[1875, 1891]","[5072, 1179]"
660,4,312,1170,0.0009335983320181919,0.0009335983320181919,2,"[1875, 1891]","[4762, 1537]"
661,4,312,1170,0.0009342583320181951,6.600000000032361e-07,2,"[1875, 1891]","[4376, 1841]"
662,4,313,1170,0.0009333356145116976,0.0009333356145116976,2,"[1875, 1891]","[5696, 598]"
663,4,313,1170,0.0009340556145117011,7.200000000035303e-07,2,"[1875, 1891]","[5265, 1016]"
664,4,313,1171,0.0009326188309482579,0.0009326188309482579,2,"[1875, 1891]","[6296, 4]"
665,4,313,1171,0.0009333988309482617,7.800000000038245e-07,2,"[1875, 1891]","[6252, 11]"
666,4,313,1171,0.0009345988309482676,1.2000000000058839e-06,2,"[1875, 1891]","[6143, 50]"
667,4,313,1172,0.0009338045124154168,0.0009338045124154168,1,[1875],[6283]
668,4,313,1172,0.0009347645124154215,9.60000000004707e-07,1,[1875],[6256]
669,4,314,1171,0.000932375248910224,0.000932375248910224,2,"[1875, 1910]","[6279, 4]"
670,4,314,1171,0.0009331152489102276,7.400000000036284e-07,1,[1875],[6242]
671,4,314,1171,0.0009347952489102358,1.6800000000082374e-06,2,"[1875, 1891]","[6234, 2]"
672,4,314,1172,0.0009329453066113096,0.0009329453066113096,1,[1875],[6257]
673,4,314,1172,0.0009337053066113133,7.600000000037264e-07,1,[1875],[6291]
674,4,314,1172,0.0009343853066113167,6.800000000033342e-07,1,[1875],[6235]
675,4,314,1172,0.0009352053066113207,8.200000000040206e-07,1,[1875],[6221]
676,4,314,1187,0.0009730670311903708,0.0009730670311903708,1,[173],[6295]
677,4,315,1187,0.0009738524979413717,0.0009738524979413717,1,[173],[6266]
678,4,328,1171,0.0006701291111342006,0.0006701291111342006,1,[1427],[6285]
679,4,328,1171,0.0006707091111342034,5.800000000028439e-07,1,[1427],[6241]
680,4,328,1172,0.0006706265159479973,0.0006706265159479973,1,[1427],[6274]
681,4,332,1189,0.000983494788182112,0.000983494788182112,2,"[174, 175]","[6273, 5]"
682,4,332,1189,0.0009847547881821044,1.259999999992517e-06,1,[174],[6235]
683,4,332,1190,0.0009838404828292884,0.0009838404828292884,2,"[174, 175]","[6282, 1]"
684,4,344,1343,0.001154262731347232,0.001154262731347232,3,"[680, 681, 695]","[6253, 2, 8]"
685,4,345,1342,0.0011550953697225693,0.0011550953697225693,2,"[680, 681]","[5866, 403]"
686,4,345,1343,0.0011538731157423416,0.0011538731157423416,3,"[680, 681, 695]","[6287, 13, 3]"
687,4,345,1343,0.0011549031157423355,1.029999999993883e-06,3,"[680, 681, 695]","[5882, 341, 1]"
688,4,345,1343,0.0011569331157423235,2.0299999999879442e-06,2,"[680, 681]","[1617, 4609]"
689,4,353,1142,0.0010180418321533353,0.0010180418321533353,1,[2024],[6346]
690,4,353,1142,0.0010187418321533311,6.999999999958428e-07,1,[2024],[6182]
691,4,353,1143,0.0010179621026088466,0.0010179621026088466,1,[2024],[6293]
692,4,353,1143,0.0010185521026088431,5.899999999964961e-07,1,[2024],[6316]
693,4,353,1143,0.001019402102608838,8.49999999994952e-07,1,[2024],[6173]
694,4,364,1176,0.000985494008470159,0.000985494008470159,1,[213],[6279]
695,4,477,1258,0.0008915611941320996,0.0008915611941320996,2,"[256, 272]","[6235, 15]"
696,4,477,1258,0.0008922311941321029,6.700000000032852e-07,2,"[256, 272]","[6261, 17]"
