,event,pixel_x,pixel_y,reset_time,TSLR,nMCParticles,MC_TrackIDs,MC_Weights
0,52,288,1166,0.0009143988046306199,0.0009143988046306199,1,[1],[6252]
1,52,288,1167,0.0009133987405622828,0.0009133987405622828,1,[1],[6253]
2,52,288,1168,0.0009129295426031578,0.0009129295426031578,1,[1],[6290]
3,52,288,1169,0.0009125507305710055,0.0009125507305710055,1,[1],[6268]
4,52,288,1169,0.0009146007305710156,2.0500000000100516e-06,1,[1],[6234]
5,52,288,1170,0.0009122479869604726,0.0009122479869604726,1,[1],[6322]
6,52,288,1170,0.0009130279869604764,7.800000000038245e-07,1,[1],[6192]
7,52,288,1171,0.0009119782551374009,0.0009119782551374009,1,[1],[6359]
8,52,288,1171,0.0009125882551374039,6.10000000002991e-07,1,[1],[6215]
9,52,288,1172,0.0009117946489533281,0.0009117946489533281,1,[1],[6331]
10,52,288,1172,0.0009123446489533308,5.500000000026968e-07,1,[1],[6260]
11,52,288,1172,0.0009131746489533349,8.300000000040697e-07,1,[1],[6162]
12,52,288,1173,0.0009115821365119533,0.0009115821365119533,1,[1],[6253]
13,52,288,1173,0.0009120721365119557,4.900000000024026e-07,1,[1],[6297]
14,52,288,1173,0.0009126221365119584,5.500000000026968e-07,1,[1],[6233]
15,52,288,1174,0.0009113797518914832,0.0009113797518914832,1,[1],[6303]
16,52,288,1174,0.0009118397518914855,4.600000000022555e-07,1,[1],[6323]
17,52,288,1174,0.0009122897518914877,4.5000000000220645e-07,1,[1],[6148]
18,52,288,1174,0.0009132897518914926,1.0000000000049032e-06,1,[1],[6227]
19,52,288,1175,0.0009111726198518255,0.0009111726198518255,1,[1],[6282]
20,52,288,1175,0.0009116026198518276,4.300000000021084e-07,1,[1],[6359]
21,52,288,1175,0.0009119826198518295,3.800000000018632e-07,1,[1],[6120]
22,52,288,1175,0.000912492619851832,5.100000000025006e-07,1,[1],[6272]
23,52,288,1176,0.0009110195583887681,0.0009110195583887681,1,[1],[6318]
24,52,288,1176,0.0009114295583887701,4.100000000020103e-07,1,[1],[6193]
25,52,288,1176,0.0009118095583887719,3.800000000018632e-07,1,[1],[6369]
26,52,288,1176,0.0009122795583887742,4.700000000023045e-07,1,[1],[6176]
27,52,288,1177,0.0009108653469962117,0.0009108653469962117,1,[1],[6353]
28,52,288,1177,0.0009112653469962136,4.000000000019613e-07,1,[1],[6258]
29,52,288,1177,0.0009116253469962154,3.6000000000176516e-07,1,[1],[6212]
30,52,288,1177,0.0009120753469962176,4.5000000000220645e-07,1,[1],[6284]
31,52,288,1178,0.0009107082682377653,0.0009107082682377653,1,[1],[6309]
32,52,288,1178,0.0009111182682377673,4.100000000020103e-07,1,[1],[6287]
33,52,288,1178,0.000911468268237769,3.500000000017161e-07,1,[1],[6162]
34,52,288,1178,0.0009118982682377711,4.300000000021084e-07,1,[1],[6335]
35,52,288,1179,0.0009105556803539046,0.0009105556803539046,1,[1],[6278]
36,52,288,1179,0.0009109656803539066,4.100000000020103e-07,1,[1],[6245]
37,52,288,1179,0.0009113256803539083,3.6000000000176516e-07,1,[1],[6271]
38,52,288,1179,0.0009117556803539105,4.300000000021084e-07,1,[1],[6223]
39,52,288,1180,0.0009104033835407822,0.0009104033835407822,1,[1],[6301]
40,52,288,1180,0.0009108033835407842,4.000000000019613e-07,1,[1],[6325]
41,52,288,1180,0.0009111433835407858,3.400000000016671e-07,1,[1],[6185]
42,52,288,1180,0.0009115333835407877,3.9000000000191225e-07,1,[1],[6206]
43,52,288,1180,0.0009125933835407929,1.0600000000051974e-06,1,[1],[6237]
44,52,288,1181,0.0009102594602776909,0.0009102594602776909,1,[1],[6284]
45,52,288,1181,0.0009106694602776929,4.100000000020103e-07,1,[1],[6363]
46,52,288,1181,0.0009110094602776946,3.400000000016671e-07,1,[1],[6191]
47,52,288,1181,0.0009113894602776965,3.800000000018632e-07,1,[1],[6163]
48,52,288,1181,0.0009123494602777012,9.60000000004707e-07,1,[1],[6254]
49,52,288,1182,0.0009101231588737714,0.0009101231588737714,1,[1],[6294]
50,52,288,1182,0.0009105131588737734,3.9000000000191225e-07,1,[1],[6332]
51,52,288,1182,0.0009108331588737749,3.2000000000156903e-07,1,[1],[6186]
52,52,288,1182,0.0009111931588737767,3.6000000000176516e-07,1,[1],[6195]
53,52,288,1182,0.0009118231588737798,6.30000000003089e-07,1,[1],[6288]
54,52,288,1183,0.0009099823516775029,0.0009099823516775029,1,[1],[6309]
55,52,288,1183,0.0009103723516775048,3.9000000000191225e-07,1,[1],[6350]
56,52,288,1183,0.0009106823516775063,3.1000000000152e-07,1,[1],[6114]
57,52,288,1183,0.000911022351677508,3.400000000016671e-07,1,[1],[6307]
58,52,288,1183,0.0009115523516775106,5.300000000025987e-07,1,[1],[6211]
59,52,288,1184,0.0009098749772495793,0.0009098749772495793,1,[1],[6294]
60,52,288,1184,0.0009102449772495811,3.700000000018142e-07,1,[1],[6226]
61,52,288,1184,0.0009105649772495827,3.2000000000156903e-07,1,[1],[6233]
62,52,288,1184,0.0009109049772495843,3.400000000016671e-07,1,[1],[6319]
63,52,288,1184,0.000911444977249587,5.400000000026477e-07,1,[1],[6181]
64,52,288,1185,0.0009097850795109117,0.0009097850795109117,1,[1],[6276]
65,52,288,1185,0.0009101750795109136,3.9000000000191225e-07,1,[1],[6288]
66,52,288,1185,0.0009105050795109153,3.3000000000161806e-07,1,[1],[6202]
67,52,288,1185,0.000910865079510917,3.6000000000176516e-07,1,[1],[6327]
68,52,288,1185,0.0009114950795109201,6.30000000003089e-07,1,[1],[6157]
69,52,288,1186,0.0009097137260164111,0.0009097137260164111,1,[1],[6366]
70,52,288,1186,0.000910093726016413,3.800000000018632e-07,1,[1],[6181]
71,52,288,1186,0.0009104137260164145,3.2000000000156903e-07,1,[1],[6245]
72,52,288,1186,0.0009107737260164163,3.6000000000176516e-07,1,[1],[6350]
73,52,288,1186,0.0009113437260164191,5.700000000027948e-07,1,[1],[6134]
74,52,288,1187,0.0009096512291468091,0.0009096512291468091,2,"[1, 2]","[6162, 155]"
75,52,288,1187,0.000910031229146811,3.800000000018632e-07,2,"[1, 2]","[6171, 161]"
76,52,288,1187,0.0009103512291468125,3.2000000000156903e-07,2,"[1, 2]","[5977, 150]"
77,52,288,1187,0.0009107012291468142,3.500000000017161e-07,2,"[1, 2]","[6154, 121]"
78,52,288,1187,0.0009112412291468169,5.400000000026477e-07,2,"[1, 2]","[6102, 117]"
79,52,288,1188,0.0009098532070473483,0.0009098532070473483,2,"[1, 2]","[5049, 1240]"
80,52,288,1188,0.000910413207047351,5.600000000027458e-07,2,"[1, 2]","[5161, 1101]"
81,52,288,1188,0.0009111932070473549,7.800000000038245e-07,2,"[1, 2]","[5165, 1041]"
82,52,289,1154,0.0009169487739691189,0.0009169487739691189,3,"[1, 4, 5]","[2309, 2875, 1128]"
83,52,289,1154,0.0009174887739691216,5.400000000026477e-07,3,"[1, 4, 5]","[4875, 1238, 92]"
84,52,289,1154,0.0009178987739691236,4.100000000020103e-07,3,"[1, 4, 5]","[5341, 908, 16]"
85,52,289,1154,0.0009183387739691258,4.400000000021574e-07,3,"[1, 4, 5]","[5625, 685, 2]"
86,52,289,1154,0.0009194287739691311,1.0900000000053445e-06,3,"[1, 4, 5]","[5673, 488, 1]"
87,52,289,1155,0.000916258192112355,0.000916258192112355,3,"[1, 4, 5]","[2391, 3044, 871]"
88,52,289,1155,0.0009167081921123572,4.5000000000220645e-07,3,"[1, 4, 5]","[5283, 745, 319]"
89,52,289,1155,0.0009169681921123585,2.6000000000127484e-07,3,"[1, 4, 5]","[5576, 407, 118]"
90,52,289,1155,0.0009171881921123595,2.200000000010787e-07,3,"[1, 4, 5]","[5989, 330, 65]"
91,52,289,1155,0.0009173781921123605,1.900000000009316e-07,3,"[1, 4, 5]","[5847, 275, 33]"
92,52,289,1155,0.0009175681921123614,1.900000000009316e-07,3,"[1, 4, 5]","[6203, 220, 18]"
93,52,289,1155,0.0009177481921123623,1.8000000000088258e-07,3,"[1, 4, 5]","[5846, 199, 9]"
94,52,289,1155,0.0009179481921123633,2.0000000000098064e-07,3,"[1, 4, 5]","[6219, 194, 10]"
95,52,289,1155,0.0009181781921123644,2.3000000000112774e-07,3,"[1, 4, 5]","[5983, 182, 1]"
96,52,289,1155,0.0009184881921123659,3.1000000000152e-07,2,"[1, 4]","[5989, 175]"
97,52,289,1155,0.0009197481921123721,1.260000000006178e-06,2,"[1, 4]","[6074, 136]"
98,52,289,1156,0.0009160992232070895,0.0009160992232070895,3,"[1, 4, 5]","[6161, 184, 10]"
99,52,289,1156,0.0009164292232070911,3.3000000000161806e-07,3,"[1, 4, 5]","[6378, 4, 3]"
100,52,289,1156,0.0009166692232070923,2.4000000000117677e-07,3,"[1, 4, 5]","[6146, 1, 2]"
101,52,289,1156,0.0009168792232070933,2.1000000000102968e-07,3,"[1, 4, 5]","[6204, 6, 2]"
102,52,289,1156,0.0009170792232070943,2.0000000000098064e-07,3,"[1, 4, 5]","[6174, 4, 1]"
103,52,289,1156,0.0009172892232070953,2.1000000000102968e-07,3,"[1, 4, 5]","[6236, 1, 1]"
104,52,289,1156,0.0009175392232070966,2.500000000012258e-07,2,"[1, 5]","[6432, 2]"
105,52,289,1156,0.0009178492232070981,3.1000000000152e-07,2,"[1, 4]","[6076, 2]"
106,52,289,1156,0.0009186892232071022,8.400000000041187e-07,2,"[1, 4]","[6232, 3]"
107,52,289,1157,0.0009154856256380534,0.0009154856256380534,1,[1],[6290]
108,52,289,1157,0.0009158356256380551,3.500000000017161e-07,1,[1],[6346]
109,52,289,1157,0.0009160856256380563,2.500000000012258e-07,1,[1],[6193]
110,52,289,1157,0.0009163156256380574,2.3000000000112774e-07,1,[1],[6468]
111,52,289,1157,0.0009165256256380585,2.1000000000102968e-07,1,[1],[5980]
112,52,289,1157,0.0009167556256380596,2.3000000000112774e-07,1,[1],[6282]
113,52,289,1157,0.0009170256256380609,2.7000000000132387e-07,1,[1],[6212]
114,52,289,1157,0.0009174356256380629,4.100000000020103e-07,1,[1],[6278]
115,52,289,1158,0.000914880681652478,0.000914880681652478,1,[1],[6330]
116,52,289,1158,0.0009152206816524797,3.400000000016671e-07,1,[1],[6323]
117,52,289,1158,0.0009154706816524809,2.500000000012258e-07,1,[1],[6123]
118,52,289,1158,0.000915690681652482,2.200000000010787e-07,1,[1],[6246]
119,52,289,1158,0.0009159106816524831,2.200000000010787e-07,1,[1],[6228]
120,52,289,1158,0.0009161506816524843,2.4000000000117677e-07,1,[1],[6423]
121,52,289,1158,0.0009164406816524857,2.9000000000142193e-07,1,[1],[6260]
122,52,289,1158,0.0009169006816524879,4.600000000022555e-07,1,[1],[6111]
123,52,289,1159,0.0009144694090363519,0.0009144694090363519,1,[1],[6325]
124,52,289,1159,0.0009148094090363536,3.400000000016671e-07,1,[1],[6326]
125,52,289,1159,0.0009150594090363548,2.500000000012258e-07,1,[1],[6219]
126,52,289,1159,0.0009152894090363559,2.3000000000112774e-07,1,[1],[6357]
127,52,289,1159,0.000915519409036357,2.3000000000112774e-07,1,[1],[6057]
128,52,289,1159,0.0009157894090363584,2.7000000000132387e-07,1,[1],[6314]
129,52,289,1159,0.0009161594090363602,3.700000000018142e-07,1,[1],[6188]
130,52,289,1160,0.0009141278738624046,0.0009141278738624046,1,[1],[6360]
131,52,289,1160,0.0009144678738624062,3.400000000016671e-07,1,[1],[6327]
132,52,289,1160,0.0009147278738624075,2.6000000000127484e-07,1,[1],[6307]
133,52,289,1160,0.0009149578738624086,2.3000000000112774e-07,1,[1],[6115]
134,52,289,1160,0.0009151978738624098,2.4000000000117677e-07,1,[1],[6260]
135,52,289,1160,0.0009154878738624112,2.9000000000142193e-07,1,[1],[6192]
136,52,289,1160,0.0009159778738624136,4.900000000024026e-07,1,[1],[6208]
137,52,289,1161,0.0009137764169951936,0.0009137764169951936,1,[1],[6274]
138,52,289,1161,0.0009141164169951953,3.400000000016671e-07,1,[1],[6330]
139,52,289,1161,0.0009143764169951966,2.6000000000127484e-07,1,[1],[6256]
140,52,289,1161,0.0009146064169951977,2.3000000000112774e-07,1,[1],[6144]
141,52,289,1161,0.0009148564169951989,2.500000000012258e-07,1,[1],[6442]
142,52,289,1161,0.0009151464169952003,2.9000000000142193e-07,1,[1],[6156]
143,52,289,1161,0.0009156264169952027,4.800000000023535e-07,1,[1],[6177]
144,52,289,1162,0.000913460207299397,0.000913460207299397,1,[1],[6405]
145,52,289,1162,0.0009138002072993987,3.400000000016671e-07,1,[1],[6153]
146,52,289,1162,0.0009140702072994,2.7000000000132387e-07,1,[1],[6278]
147,52,289,1162,0.0009143202072994012,2.500000000012258e-07,1,[1],[6406]
148,52,289,1162,0.0009145802072994025,2.6000000000127484e-07,1,[1],[6084]
149,52,289,1162,0.0009149102072994041,3.3000000000161806e-07,1,[1],[6260]
150,52,289,1162,0.0009156702072994078,7.600000000037264e-07,1,[1],[6164]
151,52,289,1163,0.0009131220899095192,0.0009131220899095192,1,[1],[6261]
152,52,289,1163,0.000913482089909521,3.6000000000176516e-07,1,[1],[6381]
153,52,289,1163,0.0009137420899095223,2.6000000000127484e-07,1,[1],[6177]
154,52,289,1163,0.0009139920899095235,2.500000000012258e-07,1,[1],[6298]
155,52,289,1163,0.0009142620899095248,2.7000000000132387e-07,1,[1],[6260]
156,52,289,1163,0.0009146020899095265,3.400000000016671e-07,1,[1],[6168]
157,52,289,1163,0.0009155720899095312,9.700000000047561e-07,1,[1],[6215]
158,52,289,1164,0.0009128128229561033,0.0009128128229561033,1,[1],[6373]
159,52,289,1164,0.0009131528229561049,3.400000000016671e-07,1,[1],[6252]
160,52,289,1164,0.0009134128229561062,2.6000000000127484e-07,1,[1],[6170]
161,52,289,1164,0.0009136628229561074,2.500000000012258e-07,1,[1],[6434]
162,52,289,1164,0.0009139228229561087,2.6000000000127484e-07,1,[1],[6147]
163,52,289,1164,0.0009142528229561103,3.3000000000161806e-07,1,[1],[6244]
164,52,289,1164,0.0009150528229561142,8.000000000039226e-07,1,[1],[6149]
165,52,289,1165,0.0009125367528402805,0.0009125367528402805,1,[1],[6354]
166,52,289,1165,0.0009128667528402821,3.3000000000161806e-07,1,[1],[6215]
167,52,289,1165,0.0009131367528402834,2.7000000000132387e-07,1,[1],[6389]
168,52,289,1165,0.0009133767528402846,2.4000000000117677e-07,1,[1],[6073]
169,52,289,1165,0.0009136467528402859,2.7000000000132387e-07,1,[1],[6403]
170,52,289,1165,0.0009139767528402876,3.3000000000161806e-07,1,[1],[6204]
171,52,289,1165,0.0009147667528402914,7.900000000038735e-07,1,[1],[6113]
172,52,289,1166,0.0009123287043248327,0.0009123287043248327,1,[1],[6282]
173,52,289,1166,0.0009126787043248344,3.500000000017161e-07,1,[1],[6239]
174,52,289,1166,0.0009129487043248358,2.7000000000132387e-07,1,[1],[6406]
175,52,289,1166,0.000913198704324837,2.500000000012258e-07,1,[1],[6269]
176,52,289,1166,0.0009134687043248383,2.7000000000132387e-07,1,[1],[6279]
177,52,289,1166,0.00091380870432484,3.400000000016671e-07,1,[1],[6067]
178,52,289,1167,0.0009121949092908316,0.0009121949092908316,1,[1],[6387]
179,52,289,1167,0.0009125349092908333,3.400000000016671e-07,1,[1],[6183]
180,52,289,1167,0.0009128149092908346,2.800000000013729e-07,1,[1],[6384]
181,52,289,1167,0.0009130749092908359,2.6000000000127484e-07,1,[1],[6278]
182,52,289,1167,0.0009133549092908373,2.800000000013729e-07,1,[1],[6024]
183,52,289,1167,0.0009137849092908394,4.300000000021084e-07,1,[1],[6334]
184,52,289,1168,0.000912046134523814,0.000912046134523814,1,[1],[6304]
185,52,289,1168,0.0009123961345238157,3.500000000017161e-07,1,[1],[6316]
186,52,289,1168,0.000912666134523817,2.7000000000132387e-07,1,[1],[6145]
187,52,289,1168,0.0009129361345238183,2.7000000000132387e-07,1,[1],[6237]
188,52,289,1168,0.0009132561345238199,3.2000000000156903e-07,1,[1],[6392]
189,52,289,1168,0.0009137761345238225,5.200000000025497e-07,1,[1],[6115]
190,52,289,1169,0.0009119008931903458,0.0009119008931903458,1,[1],[6342]
191,52,289,1169,0.0009122608931903476,3.6000000000176516e-07,1,[1],[6196]
192,52,289,1169,0.000912550893190349,2.9000000000142193e-07,1,[1],[6323]
193,52,289,1169,0.0009128308931903503,2.800000000013729e-07,1,[1],[6206]
194,52,289,1169,0.0009131808931903521,3.500000000017161e-07,1,[1],[6285]
195,52,289,1169,0.0009140108931903561,8.300000000040697e-07,1,[1],[6169]
196,52,289,1170,0.0009117876865772319,0.0009117876865772319,1,[1],[6336]
197,52,289,1170,0.0009121676865772337,3.800000000018632e-07,1,[1],[6346]
198,52,289,1170,0.0009124676865772352,3.0000000000147097e-07,1,[1],[6121]
199,52,289,1170,0.0009127876865772368,3.2000000000156903e-07,1,[1],[6277]
200,52,289,1170,0.0009132276865772389,4.400000000021574e-07,1,[1],[6220]
201,52,289,1171,0.0009116766880161867,0.0009116766880161867,1,[1],[6335]
202,52,289,1171,0.0009120566880161886,3.800000000018632e-07,1,[1],[6224]
203,52,289,1171,0.0009123766880161901,3.2000000000156903e-07,1,[1],[6207]
204,52,289,1171,0.0009127366880161919,3.6000000000176516e-07,1,[1],[6244]
205,52,289,1171,0.000913376688016195,6.400000000031381e-07,1,[1],[6246]
206,52,289,1172,0.0009116256283065048,0.0009116256283065048,1,[1],[6367]
207,52,289,1172,0.0009120556283065069,4.300000000021084e-07,1,[1],[6277]
208,52,289,1172,0.0009124456283065088,3.9000000000191225e-07,1,[1],[6185]
209,52,289,1172,0.0009130356283065117,5.900000000028929e-07,1,[1],[6207]
210,52,289,1173,0.000911580437445334,0.000911580437445334,1,[1],[6257]
211,52,289,1173,0.0009120504374453363,4.700000000023045e-07,1,[1],[6366]
212,52,289,1173,0.0009125504374453388,5.000000000024516e-07,1,[1],[6180]
213,52,289,1174,0.0009115289522833844,0.0009115289522833844,1,[1],[6301]
214,52,289,1174,0.000912058952283387,5.300000000025987e-07,1,[1],[6287]
215,52,289,1174,0.0009127989522833906,7.400000000036284e-07,1,[1],[6193]
216,52,289,1175,0.0009114454296940371,0.0009114454296940371,1,[1],[6276]
217,52,289,1175,0.00091204542969404,6.000000000029419e-07,1,[1],[6246]
218,52,289,1176,0.0009114233157144883,0.0009114233157144883,1,[1],[6303]
219,52,289,1176,0.0009122133157144921,7.900000000038735e-07,1,[1],[6212]
220,52,289,1177,0.0009113534719698455,0.0009113534719698455,1,[1],[6311]
221,52,289,1177,0.0009124234719698508,1.0700000000052464e-06,1,[1],[6197]
222,52,289,1178,0.0009112904414174535,0.0009112904414174535,1,[1],[6311]
223,52,289,1179,0.0009112302911445965,0.0009112302911445965,1,[1],[6292]
224,52,289,1180,0.000911184189852341,0.000911184189852341,1,[1],[6280]
225,52,289,1181,0.0009112290012193339,0.0009112290012193339,1,[1],[6267]
226,52,289,1182,0.0009112472374890658,0.0009112472374890658,1,[1],[6266]
227,52,289,1183,0.0009113840161147286,0.0009113840161147286,1,[1],[6270]
228,52,290,1154,0.0009157944408120286,0.0009157944408120286,3,"[1, 4, 5]","[10, 5216, 1025]"
229,52,290,1154,0.0009168544408120338,1.0600000000051974e-06,3,"[1, 4, 5]","[980, 3665, 1606]"
230,52,290,1154,0.0009175544408120373,7.000000000034323e-07,3,"[1, 4, 5]","[3696, 2322, 314]"
231,52,290,1154,0.0009181344408120401,5.800000000028439e-07,3,"[1, 4, 5]","[4805, 1321, 43]"
232,52,290,1155,0.000912253601130026,0.000912253601130026,1,[4],[6262]
233,52,290,1155,0.0009133836011300315,1.1300000000055406e-06,1,[4],[6247]
234,52,290,1155,0.0009143536011300363,9.700000000047561e-07,2,"[4, 5]","[6251, 21]"
235,52,290,1155,0.0009152936011300409,9.40000000004609e-07,3,"[1, 4, 5]","[19, 5796, 456]"
236,52,290,1155,0.0009161036011300449,8.100000000039716e-07,3,"[1, 4, 5]","[626, 4206, 1440]"
237,52,290,1155,0.0009167136011300479,6.10000000002991e-07,3,"[1, 4, 5]","[2865, 2303, 1041]"
238,52,290,1155,0.0009171336011300499,4.2000000000205935e-07,3,"[1, 4, 5]","[4661, 1229, 327]"
239,52,290,1155,0.0009174836011300516,3.500000000017161e-07,3,"[1, 4, 5]","[5400, 753, 118]"
240,52,290,1155,0.0009178436011300534,3.6000000000176516e-07,3,"[1, 4, 5]","[5722, 517, 41]"
241,52,290,1155,0.0009182936011300556,4.5000000000220645e-07,3,"[1, 4, 5]","[5875, 395, 11]"
242,52,290,1156,0.0009118146164397126,0.0009118146164397126,1,[4],[6274]
243,52,290,1156,0.0009161146164397337,4.300000000021084e-06,3,"[1, 4, 5]","[2454, 3760, 22]"
244,52,290,1156,0.0009168146164397371,7.000000000034323e-07,3,"[1, 4, 5]","[6244, 35, 12]"
245,52,290,1156,0.0009173346164397396,5.200000000025497e-07,3,"[1, 4, 5]","[6206, 14, 1]"
246,52,290,1156,0.000918224616439744,8.900000000043639e-07,3,"[1, 4, 5]","[6231, 6, 1]"
247,52,290,1157,0.0009160764412448945,0.0009160764412448945,2,"[1, 4]","[5961, 357]"
248,52,290,1157,0.0009167264412448977,6.500000000031871e-07,1,[1],[6204]
249,52,290,1158,0.0009155968497662558,0.0009155968497662558,2,"[1, 4]","[6280, 1]"
250,52,290,1158,0.0009164368497662599,8.400000000041187e-07,1,[1],[6237]
251,52,290,1159,0.0009152731943436271,0.0009152731943436271,1,[1],[6270]
252,52,290,1160,0.000914925548103615,0.000914925548103615,1,[1],[6292]
253,52,290,1161,0.0009145321620571969,0.0009145321620571969,1,[1],[6257]
254,52,290,1161,0.0009161321620572047,1.6000000000078451e-06,1,[1],[6243]
255,52,290,1162,0.0009142389118447537,0.0009142389118447537,1,[1],[6256]
256,52,290,1163,0.0009139970258742756,0.0009139970258742756,1,[1],[6289]
257,52,290,1164,0.0009139098112532924,0.0009139098112532924,1,[1],[6285]
258,52,290,1165,0.0009143095033214544,0.0009143095033214544,1,[1],[6256]
259,52,291,1155,0.0009109373373849751,0.0009109373373849751,1,[4],[6264]
260,52,291,1155,0.0009130673373849856,2.130000000010444e-06,1,[4],[6252]
261,52,291,1156,0.0009066526981427957,0.0009066526981427957,2,"[4, 6]","[6246, 14]"
262,52,291,1156,0.0009077826981428013,1.1300000000055406e-06,1,[4],[6250]
263,52,291,1156,0.0009087026981428058,9.20000000004511e-07,1,[4],[6288]
264,52,291,1156,0.0009096726981428105,9.700000000047561e-07,1,[4],[6263]
265,52,291,1156,0.0009109326981428167,1.260000000006178e-06,1,[4],[6196]
266,52,291,1157,0.00090535864041664,0.00090535864041664,2,"[4, 6]","[5548, 706]"
267,52,291,1157,0.0009085386404166555,3.1800000000155922e-06,1,[4],[6260]
268,52,292,1156,0.0009058930150089195,0.0009058930150089195,2,"[4, 6]","[6106, 166]"
269,52,292,1156,0.0009100230150089398,4.13000000002025e-06,1,[4],[6229]
270,52,292,1157,0.0009009815921023146,0.0009009815921023146,2,"[4, 6]","[5574, 687]"
271,52,292,1157,0.0009017215921023182,7.400000000036284e-07,2,"[4, 6]","[3531, 2708]"
272,52,292,1157,0.000902291592102321,5.700000000027948e-07,2,"[4, 6]","[3222, 3052]"
273,52,292,1157,0.000902901592102324,6.10000000002991e-07,2,"[4, 6]","[4010, 2237]"
274,52,292,1157,0.000903711592102328,8.100000000039716e-07,2,"[4, 6]","[5465, 811]"
275,52,292,1157,0.0009047815921023332,1.0700000000052464e-06,2,"[4, 6]","[6148, 55]"
276,52,292,1157,0.0009068915921023436,2.1100000000103458e-06,1,[4],[6254]
277,52,292,1158,0.0008995236654763724,0.0008995236654763724,2,"[4, 6]","[6279, 4]"
278,52,292,1158,0.0009011536654763804,1.6300000000079922e-06,2,"[4, 6]","[5546, 695]"
279,52,292,1158,0.0009023736654763864,1.220000000005982e-06,2,"[4, 6]","[2686, 3559]"
280,52,293,1157,0.0009012452024470274,0.0009012452024470274,2,"[4, 6]","[5945, 312]"
281,52,293,1158,0.0008959321613577202,0.0008959321613577202,1,[4],[6251]
282,52,293,1158,0.0008970221613577255,1.0900000000053445e-06,1,[4],[6281]
283,52,293,1158,0.0008979521613577301,9.3000000000456e-07,1,[4],[6277]
284,52,293,1158,0.0008989321613577349,9.800000000048052e-07,1,[4],[6206]
285,52,293,1158,0.0009004221613577422,1.4900000000073058e-06,2,"[4, 6]","[6234, 13]"
286,52,293,1159,0.0008936883481676345,0.0008936883481676345,1,[4],[6268]
287,52,293,1159,0.0008951083481676415,1.4200000000069626e-06,1,[4],[6246]
288,52,293,1159,0.0008967083481676493,1.6000000000078451e-06,1,[4],[6243]
289,52,294,1159,0.0008907814066145321,0.0008907814066145321,1,[4],[6262]
290,52,294,1159,0.0008919714066145379,1.1900000000058348e-06,1,[4],[6290]
291,52,294,1159,0.0008929914066145429,1.0200000000050013e-06,1,[4],[6227]
292,52,294,1159,0.0008942114066145489,1.220000000005982e-06,1,[4],[6243]
293,52,294,1160,0.0008880341373679103,0.0008880341373679103,2,"[4, 7]","[6198, 62]"
294,52,294,1160,0.0008892441373679163,1.2100000000059329e-06,1,[4],[6263]
295,52,294,1160,0.0008903841373679219,1.1400000000055897e-06,1,[4],[6261]
296,52,294,1160,0.0008919341373679295,1.5500000000076e-06,1,[4],[6216]
297,52,295,1160,0.0008856363025484365,0.0008856363025484365,4,"[4, 7, 136, 137]","[5310, 943, 5, 1]"
298,52,295,1160,0.000886976302548443,1.3400000000065703e-06,2,"[4, 7]","[6233, 25]"
299,52,295,1160,0.0008882463025484493,1.270000000006227e-06,1,[4],[6279]
300,52,295,1160,0.0008905763025484607,2.3300000000114245e-06,1,[4],[6207]
301,52,295,1161,0.0008825040154742518,0.0008825040154742518,2,"[4, 7]","[6262, 30]"
302,52,295,1161,0.0008835440154742569,1.0400000000050993e-06,3,"[4, 7, 136]","[5325, 884, 5]"
303,52,295,1161,0.0008842440154742603,7.000000000034323e-07,4,"[4, 7, 136, 137]","[3983, 2313, 17, 3]"
304,52,295,1161,0.0008849340154742637,6.900000000033832e-07,3,"[4, 7, 136]","[3941, 2249, 15]"
305,52,295,1161,0.0008859240154742685,9.900000000048542e-07,4,"[4, 7, 136, 137]","[5262, 986, 3, 1]"
306,52,295,1161,0.0008895740154742864,3.6500000000178967e-06,2,"[4, 7]","[6183, 42]"
307,52,295,1162,0.0008827936939822257,0.0008827936939822257,2,"[4, 7]","[6243, 9]"
308,52,296,1161,0.0008811323417789418,0.0008811323417789418,1,[4],[6279]
309,52,296,1161,0.0008829123417789505,1.7800000000087277e-06,2,"[4, 7]","[6202, 28]"
310,52,296,1161,0.0008874123417789726,4.5000000000220645e-06,4,"[4, 7, 136, 137]","[4948, 1283, 8, 2]"
311,52,296,1162,0.0008770278457097662,0.0008770278457097662,1,[4],[6265]
312,52,296,1162,0.0008781478457097717,1.1200000000054916e-06,1,[4],[6309]
313,52,296,1162,0.0008790578457097761,9.100000000044619e-07,1,[4],[6233]
314,52,296,1162,0.0008800278457097809,9.700000000047561e-07,1,[4],[6238]
315,52,296,1162,0.0008813778457097875,1.3500000000066193e-06,1,[4],[6221]
316,52,296,1163,0.0008756849365583667,0.0008756849365583667,1,[4],[6270]
317,52,296,1163,0.000878594936558381,2.9100000000142684e-06,1,[4],[6233]
318,52,297,1162,0.0008768061491640698,0.0008768061491640698,1,[4],[6274]
319,52,297,1163,0.0008717034153236637,0.0008717034153236637,1,[4],[6265]
320,52,297,1163,0.0008728434153236693,1.1400000000055897e-06,1,[4],[6299]
321,52,297,1163,0.0008737734153236739,9.3000000000456e-07,1,[4],[6232]
322,52,297,1163,0.0008747634153236787,9.900000000048542e-07,1,[4],[6242]
323,52,297,1163,0.0008762634153236861,1.5000000000073548e-06,1,[4],[6226]
324,52,297,1164,0.0008695102777274915,0.0008695102777274915,1,[4],[6264]
325,52,297,1164,0.0008710302777274989,1.5200000000074529e-06,1,[4],[6246]
326,52,297,1164,0.0008730302777275088,2.0000000000098064e-06,1,[4],[6248]
327,52,298,1164,0.0008666219277518792,0.0008666219277518792,1,[4],[6279]
328,52,298,1164,0.000867811927751885,1.1900000000058348e-06,1,[4],[6275]
329,52,298,1164,0.0008688719277518902,1.0600000000051974e-06,1,[4],[6217]
330,52,298,1164,0.0008702319277518969,1.3600000000066684e-06,1,[4],[6247]
331,52,298,1165,0.000863678368911875,0.000863678368911875,1,[4],[6283]
332,52,298,1165,0.0008649183689118811,1.24000000000608e-06,1,[4],[6240]
333,52,298,1165,0.0008660583689118867,1.1400000000055897e-06,1,[4],[6262]
334,52,298,1165,0.0008676383689118944,1.580000000007747e-06,1,[4],[6244]
335,52,299,1165,0.000861729059205598,0.000861729059205598,1,[4],[6257]
336,52,299,1165,0.000863159059205605,1.4300000000070116e-06,1,[4],[6277]
337,52,299,1165,0.0008647590592056128,1.6000000000078451e-06,1,[4],[6216]
338,52,299,1166,0.0008582323314301495,0.0008582323314301495,1,[4],[6292]
339,52,299,1166,0.0008593923314301552,1.1600000000056877e-06,1,[4],[6257]
340,52,299,1166,0.0008603523314301599,9.60000000004707e-07,1,[4],[6251]
341,52,299,1166,0.0008614123314301651,1.0600000000051974e-06,1,[4],[6221]
342,52,299,1166,0.0008634923314301753,2.0800000000101987e-06,1,[4],[6232]
343,52,299,1167,0.0008577378329062684,0.0008577378329062684,1,[4],[6261]
344,52,300,1166,0.0008569645762025932,0.0008569645762025932,1,[4],[6258]
345,52,300,1166,0.0008594145762026052,2.450000000012013e-06,1,[4],[6251]
346,52,300,1167,0.0008525187241417264,0.0008525187241417264,2,"[4, 8]","[6176, 93]"
347,52,300,1167,0.0008536287241417319,1.1100000000054426e-06,1,[4],[6263]
348,52,300,1167,0.0008545387241417363,9.100000000044619e-07,1,[4],[6262]
349,52,300,1167,0.000855488724141741,9.500000000046581e-07,1,[4],[6249]
350,52,300,1167,0.0008567687241417473,1.2800000000062761e-06,1,[4],[6220]
351,52,300,1168,0.0008506001846332533,0.0008506001846332533,2,"[4, 8]","[5090, 1183]"
352,52,300,1168,0.0008527301846332638,2.130000000010444e-06,2,"[4, 8]","[6225, 8]"
353,52,301,1167,0.0008524994506020541,0.0008524994506020541,2,"[4, 8]","[5885, 367]"
354,52,301,1168,0.000847103730091695,0.000847103730091695,2,"[4, 8]","[6268, 3]"
355,52,301,1168,0.0008481837300917003,1.0800000000052955e-06,2,"[4, 8]","[5893, 387]"
356,52,301,1168,0.0008488937300917038,7.100000000034813e-07,2,"[4, 8]","[4653, 1560]"
357,52,301,1168,0.0008495737300917071,6.800000000033342e-07,2,"[4, 8]","[4310, 1998]"
358,52,301,1168,0.0008504837300917116,9.100000000044619e-07,2,"[4, 8]","[5062, 1121]"
359,52,301,1168,0.0008523437300917207,1.86000000000912e-06,2,"[4, 8]","[6163, 85]"
360,52,301,1169,0.0008443484834354195,0.0008443484834354195,1,[4],[6250]
361,52,301,1169,0.0008456884834354261,1.3400000000065703e-06,1,[4],[6291]
362,52,301,1169,0.0008469884834354324,1.3000000000063742e-06,2,"[4, 8]","[6222, 1]"
363,52,301,1169,0.0008492784834354437,2.2900000000112284e-06,2,"[4, 8]","[5747, 494]"
364,52,302,1169,0.0008421123680081939,0.0008421123680081939,1,[4],[6289]
365,52,302,1169,0.0008434023680082002,1.2900000000063251e-06,1,[4],[6256]
366,52,302,1169,0.0008446323680082063,1.230000000006031e-06,1,[4],[6244]
367,52,302,1169,0.0008467723680082168,2.140000000010493e-06,1,[4],[6225]
368,52,302,1170,0.0008383677364803748,0.0008383677364803748,1,[4],[6259]
369,52,302,1170,0.0008394877364803802,1.1200000000054916e-06,1,[4],[6242]
370,52,302,1170,0.0008404077364803848,9.20000000004511e-07,1,[4],[6306]
371,52,302,1170,0.0008413877364803896,9.800000000048052e-07,1,[4],[6223]
372,52,302,1170,0.0008427677364803963,1.3800000000067664e-06,1,[4],[6230]
373,52,302,1171,0.0008372348255128007,0.0008372348255128007,1,[4],[6266]
374,52,303,1170,0.0008376632073244412,0.0008376632073244412,1,[4],[6252]
375,52,303,1170,0.0008401232073244533,2.460000000012062e-06,1,[4],[6250]
376,52,303,1171,0.0008328472767670795,0.0008328472767670795,1,[4],[6253]
377,52,303,1171,0.0008339472767670849,1.1000000000053935e-06,1,[4],[6304]
378,52,303,1171,0.0008348472767670893,9.000000000044129e-07,1,[4],[6252]
379,52,303,1171,0.0008357472767670937,9.000000000044129e-07,1,[4],[6237]
380,52,303,1171,0.0008369272767670995,1.1800000000057858e-06,1,[4],[6218]
381,52,303,1172,0.0008303233578414669,0.0008303233578414669,1,[4],[6256]
382,52,303,1172,0.0008317233578414737,1.4000000000068645e-06,1,[4],[6280]
383,52,303,1172,0.0008332933578414814,1.570000000007698e-06,1,[4],[6246]
384,52,304,1172,0.0008278606241295644,0.0008278606241295644,1,[4],[6277]
385,52,304,1172,0.0008290306241295701,1.1700000000057368e-06,1,[4],[6223]
386,52,304,1172,0.0008301706241295757,1.1400000000055897e-06,1,[4],[6298]
387,52,304,1172,0.0008317106241295832,1.540000000007551e-06,1,[4],[6220]
388,52,304,1173,0.0008242252607525035,0.0008242252607525035,1,[4],[6286]
389,52,304,1173,0.000825335260752509,1.1100000000054426e-06,1,[4],[6223]
390,52,304,1173,0.0008263352607525139,1.0000000000049032e-06,1,[4],[6241]
391,52,304,1173,0.0008274852607525195,1.1500000000056387e-06,1,[4],[6271]
392,52,304,1173,0.0008294452607525291,1.9600000000096103e-06,1,[4],[6239]
393,52,304,1174,0.0008229447458150051,0.0008229447458150051,1,[4],[6276]
394,52,305,1173,0.0008237558844972684,0.0008237558844972684,1,[4],[6257]
395,52,305,1173,0.0008261458844972801,2.3900000000117187e-06,1,[4],[6249]
396,52,305,1174,0.0008190873190065672,0.0008190873190065672,2,"[4, 9]","[6279, 2]"
397,52,305,1174,0.0008201373190065723,1.0500000000051484e-06,1,[4],[6236]
398,52,305,1174,0.0008210373190065767,9.000000000044129e-07,1,[4],[6298]
399,52,305,1174,0.0008219673190065813,9.3000000000456e-07,1,[4],[6248]
400,52,305,1174,0.0008232773190065877,1.3100000000064232e-06,1,[4],[6206]
401,52,305,1175,0.0008158477664019116,0.0008158477664019116,3,"[4, 9, 10]","[4916, 1339, 6]"
402,52,305,1175,0.0008170877664019177,1.24000000000608e-06,2,"[4, 9]","[6240, 2]"
403,52,305,1175,0.000818167766401923,1.0800000000052955e-06,1,[4],[6306]
404,52,305,1175,0.0008194977664019295,1.3300000000065213e-06,1,[4],[6222]
405,52,305,1176,0.0008145318851597687,0.0008145318851597687,3,"[4, 9, 10]","[3294, 2788, 177]"
406,52,306,1175,0.0008138768427209835,0.0008138768427209835,3,"[4, 9, 10]","[2975, 3182, 109]"
407,52,306,1175,0.0008152268427209902,1.3500000000066193e-06,2,"[4, 9]","[4787, 1447]"
408,52,306,1175,0.0008166568427209972,1.4300000000070116e-06,2,"[4, 9]","[6223, 29]"
409,52,306,1175,0.0008205868427210164,3.93000000001927e-06,1,[4],[6248]
410,52,306,1176,0.0008104607107674497,0.0008104607107674497,2,"[4, 10]","[5049, 1255]"
411,52,306,1176,0.0008112207107674534,7.600000000037264e-07,3,"[4, 9, 10]","[3791, 2, 2414]"
412,52,306,1176,0.0008119607107674571,7.400000000036284e-07,3,"[4, 9, 10]","[4697, 77, 1488]"
413,52,306,1176,0.0008126907107674606,7.300000000035793e-07,3,"[4, 9, 10]","[5027, 962, 271]"
414,52,306,1176,0.0008132607107674634,5.700000000027948e-07,3,"[4, 9, 10]","[3740, 2572, 12]"
415,52,306,1176,0.0008137707107674659,5.100000000025006e-07,3,"[4, 9, 10]","[2968, 3183, 1]"
416,52,306,1176,0.0008145007107674695,7.300000000035793e-07,2,"[4, 9]","[3300, 2999]"
417,52,306,1177,0.0008085437654409918,0.0008085437654409918,1,[4],[6271]
418,52,306,1177,0.0008099737654409989,1.4300000000070116e-06,2,"[4, 10]","[6069, 164]"
419,52,306,1177,0.0008113937654410058,1.4200000000069626e-06,2,"[4, 10]","[4647, 1619]"
420,52,307,1176,0.0008113699740898395,0.0008113699740898395,2,"[4, 10]","[4962, 1289]"
421,52,307,1177,0.0008061696956168144,0.0008061696956168144,1,[4],[6295]
422,52,307,1177,0.0008072396956168196,1.0700000000052464e-06,1,[4],[6207]
423,52,307,1177,0.0008082596956168246,1.0200000000050013e-06,1,[4],[6274]
424,52,307,1177,0.0008095296956168309,1.270000000006227e-06,2,"[4, 10]","[6231, 5]"
425,52,307,1178,0.0008029054131856409,0.0008029054131856409,1,[4],[6286]
426,52,307,1178,0.000803945413185646,1.0400000000050993e-06,1,[4],[6274]
427,52,307,1178,0.0008048154131856503,8.700000000042658e-07,1,[4],[6241]
428,52,307,1178,0.0008057554131856549,9.40000000004609e-07,1,[4],[6214]
429,52,307,1178,0.0008073754131856628,1.6200000000079432e-06,1,[4],[6244]
430,52,307,1179,0.000801748328721674,0.000801748328721674,1,[4],[6277]
431,52,308,1178,0.0008024159137156213,0.0008024159137156213,1,[4],[6269]
432,52,308,1178,0.0008047659137156328,2.3500000000115226e-06,1,[4],[6247]
433,52,308,1179,0.0007979550840471668,0.0007979550840471668,1,[4],[6293]
434,52,308,1179,0.0007989550840471717,1.0000000000049032e-06,1,[4],[6268]
435,52,308,1179,0.0007997950840471759,8.400000000041187e-07,1,[4],[6242]
436,52,308,1179,0.00080064508404718,8.500000000041677e-07,1,[4],[6244]
437,52,308,1179,0.0008018450840471859,1.2000000000058839e-06,1,[4],[6233]
438,52,308,1180,0.0007953479440017858,0.0007953479440017858,1,[4],[6263]
439,52,308,1180,0.0007965579440017917,1.2100000000059329e-06,1,[4],[6267]
440,52,308,1180,0.0007976979440017973,1.1400000000055897e-06,1,[4],[6232]
441,52,308,1180,0.0008000179440018087,2.3200000000113755e-06,1,[4],[6250]
442,52,309,1180,0.0007937847826879243,0.0007937847826879243,1,[4],[6275]
443,52,309,1180,0.0007950347826879304,1.250000000006129e-06,1,[4],[6276]
444,52,309,1180,0.0007964547826879374,1.4200000000069626e-06,1,[4],[6235]
445,52,309,1181,0.0007900771203196227,0.0007900771203196227,1,[4],[6276]
446,52,309,1181,0.0007910271203196273,9.500000000046581e-07,1,[4],[6305]
447,52,309,1181,0.000791777120319631,7.500000000036774e-07,1,[4],[6188]
448,52,309,1181,0.0007926171203196351,8.400000000041187e-07,1,[4],[6232]
449,52,309,1181,0.0007937571203196407,1.1400000000055897e-06,1,[4],[6272]
450,52,309,1182,0.0007877404271521887,0.0007877404271521887,1,[4],[6271]
451,52,309,1182,0.000789030427152195,1.2900000000063251e-06,1,[4],[6234]
452,52,309,1182,0.0007906304271522029,1.6000000000078451e-06,1,[4],[6261]
453,52,310,1181,0.0007916730013253576,0.0007916730013253576,1,[4],[6259]
454,52,310,1182,0.0007857854123967028,0.0007857854123967028,1,[4],[6297]
455,52,310,1182,0.0007868954123967083,1.1100000000054426e-06,1,[4],[6203]
456,52,310,1182,0.0007879254123967133,1.0300000000050503e-06,1,[4],[6283]
457,52,310,1182,0.0007894554123967208,1.530000000007502e-06,1,[4],[6220]
458,52,310,1183,0.000782076257215295,0.000782076257215295,2,"[4, 11]","[4788, 1494]"
459,52,310,1183,0.0007831162572153001,1.0400000000050993e-06,2,"[4, 11]","[6215, 45]"
460,52,310,1183,0.000783906257215304,7.900000000038735e-07,2,"[4, 11]","[6236, 1]"
461,52,310,1183,0.0007846862572153078,7.800000000038245e-07,1,[4],[6275]
462,52,310,1183,0.0007856162572153124,9.3000000000456e-07,1,[4],[6218]
463,52,310,1183,0.0007879662572153239,2.3500000000115226e-06,1,[4],[6228]
464,52,310,1184,0.000779909586732923,0.000779909586732923,2,"[4, 11]","[4050, 2268]"
465,52,310,1184,0.0007805895867329263,6.800000000033342e-07,2,"[4, 11]","[2414, 3775]"
466,52,310,1184,0.0007812995867329298,7.100000000034813e-07,2,"[4, 11]","[2962, 3301]"
467,52,310,1184,0.0007826095867329362,1.3100000000064232e-06,2,"[4, 11]","[4764, 1475]"
468,52,311,1183,0.0007827719972330748,0.0007827719972330748,2,"[4, 11]","[4890, 1373]"
469,52,311,1184,0.00077831860134526,0.00077831860134526,3,"[4, 11, 12]","[6237, 9, 7]"
470,52,311,1184,0.0007792786013452647,9.60000000004707e-07,2,"[4, 11]","[5712, 558]"
471,52,311,1184,0.0007799086013452678,6.30000000003089e-07,2,"[4, 11]","[4111, 2144]"
472,52,311,1184,0.0007804686013452705,5.600000000027458e-07,2,"[4, 11]","[3300, 3040]"
473,52,311,1184,0.0007811086013452737,6.400000000031381e-07,2,"[4, 11]","[2919, 3268]"
474,52,311,1184,0.0007836586013452862,2.550000000012503e-06,2,"[4, 11]","[4318, 1878]"
475,52,311,1185,0.0007751803992419337,0.0007751803992419337,2,"[4, 12]","[5121, 1151]"
476,52,311,1185,0.0007761603992419385,9.800000000048052e-07,2,"[4, 12]","[6020, 226]"
477,52,311,1185,0.0007769903992419425,8.300000000040697e-07,2,"[4, 12]","[6232, 5]"
478,52,311,1185,0.000777900399241947,9.100000000044619e-07,1,[4],[6257]
479,52,311,1185,0.0007795103992419549,1.6100000000078942e-06,2,"[4, 11]","[6068, 174]"
480,52,311,1186,0.0007740748021587506,0.0007740748021587506,2,"[4, 12]","[5920, 361]"
481,52,311,1186,0.0007764448021587622,2.3700000000116206e-06,2,"[4, 12]","[5105, 1118]"
482,52,312,1185,0.0007749348310867966,0.0007749348310867966,2,"[4, 12]","[5023, 1260]"
483,52,312,1185,0.0007775848310868096,2.6500000000129935e-06,2,"[4, 12]","[5775, 445]"
484,52,312,1186,0.0007713219014614682,0.0007713219014614682,1,[4],[6251]
485,52,312,1186,0.0007721919014614725,8.700000000042658e-07,2,"[4, 12]","[6260, 1]"
486,52,312,1186,0.0007729619014614763,7.700000000037755e-07,2,"[4, 12]","[6251, 8]"
487,52,312,1186,0.0007737919014614804,8.300000000040697e-07,2,"[4, 12]","[6091, 195]"
488,52,312,1186,0.0007750219014614864,1.230000000006031e-06,2,"[4, 12]","[4985, 1212]"
489,52,312,1187,0.0007688454850708658,0.0007688454850708658,1,[4],[6276]
490,52,312,1187,0.0007697954850708705,9.500000000046581e-07,1,[4],[6243]
491,52,312,1187,0.0007706654850708748,8.700000000042658e-07,1,[4],[6242]
492,52,312,1187,0.0007718854850708807,1.220000000005982e-06,1,[4],[6270]
493,52,312,1188,0.0007685962650538766,0.0007685962650538766,1,[4],[6252]
494,52,313,1187,0.0007681139075866057,0.0007681139075866057,1,[4],[6256]
495,52,313,1187,0.0007695939075866129,1.4800000000072568e-06,1,[4],[6250]
496,52,313,1188,0.000764651648279534,0.000764651648279534,1,[4],[6286]
497,52,313,1188,0.0007655116482795382,8.600000000042168e-07,1,[4],[6227]
498,52,313,1188,0.0007662416482795418,7.300000000035793e-07,1,[4],[6286]
499,52,313,1188,0.0007670016482795455,7.600000000037264e-07,1,[4],[6222]
500,52,313,1188,0.0007681616482795512,1.1600000000056877e-06,1,[4],[6229]
501,52,313,1189,0.0007625655390821055,0.0007625655390821055,1,[4],[6291]
502,52,313,1189,0.0007635955390821106,1.0300000000050503e-06,1,[4],[6209]
503,52,313,1189,0.0007647255390821161,1.1300000000055406e-06,1,[4],[6288]
504,52,314,1189,0.0007613676606015202,0.0007613676606015202,1,[4],[6283]
505,52,314,1189,0.000762557660601526,1.1900000000058348e-06,1,[4],[6242]
506,52,314,1189,0.0007642276606015342,1.6700000000081884e-06,1,[4],[6228]
507,52,314,1190,0.0007582198924150321,0.0007582198924150321,1,[4],[6258]
508,52,314,1190,0.0007590998924150365,8.800000000043148e-07,1,[4],[6259]
509,52,314,1190,0.0007598798924150403,7.800000000038245e-07,1,[4],[6295]
510,52,314,1190,0.0007607698924150446,8.900000000043639e-07,1,[4],[6198]
511,52,314,1191,0.0007560785719573541,0.0007560785719573541,1,[4],[6266]
512,52,314,1191,0.0007572285719573597,1.1500000000056387e-06,1,[4],[6276]
513,52,314,1191,0.0007586385719573666,1.4100000000069135e-06,1,[4],[6240]
514,52,315,1191,0.0007550305790254575,0.0007550305790254575,1,[4],[6291]
515,52,315,1191,0.0007562805790254637,1.250000000006129e-06,1,[4],[6240]
516,52,315,1192,0.0007515915809418799,0.0007515915809418799,3,"[4, 13, 14]","[5148, 655, 498]"
517,52,315,1192,0.0007525115809418844,9.20000000004511e-07,3,"[4, 13, 14]","[6251, 3, 1]"
518,52,315,1192,0.0007532815809418882,7.700000000037755e-07,1,[4],[6238]
519,52,315,1192,0.0007541215809418923,8.400000000041187e-07,1,[4],[6209]
520,52,315,1192,0.0007557315809419002,1.6100000000078942e-06,1,[4],[6253]
521,52,315,1193,0.0007490572168237048,0.0007490572168237048,3,"[4, 13, 14]","[5045, 443, 840]"
522,52,315,1193,0.0007496172168237076,5.600000000027458e-07,3,"[4, 13, 14]","[2892, 1503, 1873]"
523,52,315,1193,0.0007500472168237097,4.300000000021084e-07,3,"[4, 13, 14]","[2417, 1885, 1910]"
524,52,315,1193,0.000750527216823712,4.800000000023535e-07,3,"[4, 13, 14]","[2793, 1901, 1559]"
525,52,315,1193,0.0007512872168237158,7.600000000037264e-07,3,"[4, 13, 14]","[4196, 1240, 763]"
526,52,315,1194,0.0007485029106600018,0.0007485029106600018,3,"[4, 13, 14]","[6243, 12, 16]"
527,52,316,1193,0.0007485134318881335,0.0007485134318881335,3,"[4, 13, 14]","[6079, 69, 158]"
528,52,316,1193,0.000749233431888137,7.200000000035303e-07,3,"[4, 13, 14]","[3604, 1073, 1522]"
529,52,316,1193,0.0007496734318881391,4.400000000021574e-07,3,"[4, 13, 14]","[2152, 1919, 2205]"
530,52,316,1193,0.0007500734318881411,4.000000000019613e-07,3,"[4, 13, 14]","[1619, 2413, 2309]"
531,52,316,1193,0.0007505834318881436,5.100000000025006e-07,3,"[4, 13, 14]","[1575, 2597, 2028]"
532,52,316,1194,0.0007452303967220701,0.0007452303967220701,1,[4],[6293]
533,52,316,1194,0.0007460203967220739,7.900000000038735e-07,1,[4],[6249]
534,52,316,1194,0.0007466903967220772,6.700000000032852e-07,1,[4],[6270]
535,52,316,1194,0.0007473803967220806,6.900000000033832e-07,1,[4],[6264]
536,52,316,1194,0.0007482903967220851,9.100000000044619e-07,3,"[4, 13, 14]","[6171, 7, 17]"
537,52,316,1194,0.0007504303967220956,2.140000000010493e-06,3,"[4, 13, 14]","[4242, 984, 1005]"
538,52,316,1195,0.0007426322448865844,0.0007426322448865844,1,[4],[6290]
539,52,316,1195,0.0007434922448865887,8.600000000042168e-07,1,[4],[6226]
540,52,316,1195,0.0007442422448865923,7.500000000036774e-07,1,[4],[6269]
541,52,316,1195,0.0007450722448865964,8.300000000040697e-07,1,[4],[6273]
542,52,316,1195,0.000747022244886606,1.9500000000095613e-06,1,[4],[6192]
543,52,316,1196,0.0007412538361599417,0.0007412538361599417,2,"[4, 15]","[6279, 2]"
544,52,316,1196,0.0007435338361599529,2.2800000000111793e-06,1,[4],[6219]
545,52,317,1195,0.0007426035169556191,0.0007426035169556191,1,[4],[6251]
546,52,317,1195,0.000744623516955629,2.0200000000099045e-06,1,[4],[6256]
547,52,317,1196,0.0007391123711441326,0.0007391123711441326,2,"[4, 15]","[6188, 62]"
548,52,317,1196,0.0007399723711441368,8.600000000042168e-07,1,[4],[6259]
549,52,317,1196,0.0007407223711441405,7.500000000036774e-07,1,[4],[6267]
550,52,317,1196,0.0007416323711441449,9.100000000044619e-07,1,[4],[6276]
551,52,317,1197,0.0007363259627496805,0.0007363259627496805,3,"[4, 15, 16]","[4408, 655, 1191]"
552,52,317,1197,0.000737045962749684,7.200000000035303e-07,3,"[4, 15, 16]","[4697, 1513, 69]"
553,52,317,1197,0.0007376959627496872,6.500000000031871e-07,3,"[4, 15, 16]","[5116, 1126, 10]"
554,52,317,1197,0.0007384559627496909,7.600000000037264e-07,2,"[4, 15]","[5919, 331]"
555,52,317,1197,0.0007397159627496971,1.260000000006178e-06,2,"[4, 15]","[6207, 18]"
556,52,317,1198,0.0007351667726781269,0.0007351667726781269,3,"[4, 15, 16]","[4751, 3, 1506]"
557,52,317,1198,0.0007361467726781317,9.800000000048052e-07,3,"[4, 15, 16]","[3700, 157, 2392]"
558,52,318,1197,0.0007363327118319148,0.0007363327118319148,3,"[4, 15, 16]","[4506, 263, 1505]"
559,52,318,1197,0.0007383627118319248,2.0300000000099535e-06,3,"[4, 15, 16]","[4863, 1250, 114]"
560,52,318,1198,0.0007332898399434358,0.0007332898399434358,2,"[4, 16]","[6302, 2]"
561,52,318,1198,0.0007340898399434397,8.000000000039226e-07,2,"[4, 16]","[6088, 108]"
562,52,318,1198,0.000734759839943443,6.700000000032852e-07,2,"[4, 16]","[5539, 739]"
563,52,318,1198,0.0007353498399434459,5.900000000028929e-07,3,"[4, 15, 16]","[4371, 2, 1914]"
564,52,318,1198,0.0007360898399434495,7.400000000036284e-07,3,"[4, 15, 16]","[3765, 38, 2410]"
565,52,318,1199,0.0007310290388133696,0.0007310290388133696,2,"[4, 17]","[6227, 32]"
566,52,318,1199,0.0007318790388133738,8.500000000041677e-07,1,[4],[6287]
567,52,318,1199,0.0007326490388133776,7.700000000037755e-07,1,[4],[6246]
568,52,318,1199,0.0007337090388133828,1.0600000000051974e-06,1,[4],[6249]
569,52,318,1200,0.0007303297448254398,0.0007303297448254398,2,"[4, 17]","[5530, 728]"
570,52,319,1199,0.0007306732307505682,0.0007306732307505682,2,"[4, 17]","[5992, 274]"
571,52,319,1199,0.0007326232307505778,1.9500000000095613e-06,1,[4],[6249]
572,52,319,1200,0.0007273931134993142,0.0007273931134993142,2,"[4, 17]","[6106, 197]"
573,52,319,1200,0.0007280431134993174,6.500000000031871e-07,2,"[4, 17]","[5160, 1131]"
574,52,319,1200,0.0007285331134993198,4.900000000024026e-07,2,"[4, 17]","[4448, 1765]"
575,52,319,1200,0.0007290231134993222,4.900000000024026e-07,2,"[4, 17]","[4464, 1747]"
576,52,319,1200,0.0007296831134993255,6.600000000032361e-07,2,"[4, 17]","[5274, 975]"
577,52,319,1200,0.0007313931134993338,1.7100000000083845e-06,2,"[4, 17]","[6093, 143]"
578,52,319,1201,0.0007257719403838322,0.0007257719403838322,1,[4],[6285]
579,52,319,1201,0.0007267919403838372,1.0200000000050013e-06,2,"[4, 17]","[6215, 2]"
580,52,319,1201,0.000727991940383843,1.2000000000058839e-06,2,"[4, 17]","[6042, 211]"
581,52,320,1201,0.0007240934397768764,0.0007240934397768764,1,[4],[6292]
582,52,320,1201,0.0007249734397768807,8.800000000043148e-07,1,[4],[6246]
583,52,320,1201,0.0007258134397768848,8.400000000041187e-07,1,[4],[6213]
584,52,320,1201,0.0007274134397768926,1.6000000000078451e-06,2,"[4, 17]","[6262, 3]"
585,52,320,1202,0.0007218738655579963,0.0007218738655579963,1,[4],[6298]
586,52,320,1202,0.0007226638655580002,7.900000000038735e-07,1,[4],[6277]
587,52,320,1202,0.0007233638655580036,7.000000000034323e-07,1,[4],[6228]
588,52,320,1202,0.0007242338655580079,8.700000000042658e-07,1,[4],[6220]
589,52,321,1202,0.000720842029742944,0.000720842029742944,1,[4],[6250]
590,52,321,1202,0.0007221620297429504,1.3200000000064722e-06,1,[4],[6257]
591,52,321,1203,0.0007183741723307812,0.0007183741723307812,1,[4],[6318]
592,52,321,1203,0.0007191241723307849,7.500000000036774e-07,1,[4],[6231]
593,52,321,1203,0.0007197941723307881,6.700000000032852e-07,1,[4],[6276]
594,52,321,1203,0.000720574172330792,7.800000000038245e-07,1,[4],[6239]
595,52,322,1203,0.0007170445821838757,0.0007170445821838757,1,[4],[6300]
596,52,322,1203,0.0007181045821838809,1.0600000000051974e-06,1,[4],[6225]
597,52,322,1203,0.0007203345821838918,2.230000000010934e-06,1,[4],[6226]
598,52,322,1204,0.0007149625269418928,0.0007149625269418928,2,"[4, 18]","[6241, 18]"
599,52,322,1204,0.0007157725269418967,8.100000000039716e-07,1,[4],[6336]
600,52,322,1204,0.0007164925269419003,7.200000000035303e-07,1,[4],[6165]
601,52,322,1204,0.0007174825269419051,9.900000000048542e-07,1,[4],[6254]
602,52,323,1204,0.0007128543661341319,0.0007128543661341319,2,"[4, 18]","[4810, 1488]"
603,52,323,1204,0.0007138543661341368,1.0000000000049032e-06,2,"[4, 18]","[6154, 95]"
604,52,323,1204,0.0007148243661341415,9.700000000047561e-07,2,"[4, 18]","[6246, 1]"
605,52,323,1204,0.000717164366134153,2.3400000000114735e-06,1,[4],[6206]
606,52,323,1205,0.000711351564961595,0.000711351564961595,3,"[4, 18, 19]","[5610, 649, 14]"
607,52,323,1205,0.0007120915649615986,7.400000000036284e-07,2,"[4, 18]","[4591, 1679]"
608,52,323,1205,0.0007128215649616022,7.300000000035793e-07,2,"[4, 18]","[4981, 1289]"
609,52,323,1205,0.0007139815649616079,1.1600000000056877e-06,2,"[4, 18]","[5995, 215]"
610,52,324,1205,0.0007083817810049178,0.0007083817810049178,4,"[4, 19, 130, 131]","[4007, 2264, 3, 2]"
611,52,324,1205,0.0007090717810049211,6.900000000033832e-07,4,"[4, 19, 130, 131]","[4228, 2031, 4, 4]"
612,52,324,1205,0.0007097017810049242,6.30000000003089e-07,3,"[4, 19, 130]","[5568, 706, 2]"
613,52,324,1205,0.0007103017810049272,6.000000000029419e-07,3,"[4, 18, 19]","[6054, 11, 121]"
614,52,324,1205,0.0007109617810049304,6.600000000032361e-07,3,"[4, 18, 19]","[6132, 109, 5]"
615,52,324,1205,0.0007117717810049344,8.100000000039716e-07,2,"[4, 18]","[5669, 591]"
616,52,324,1206,0.0007081579924292711,0.0007081579924292711,3,"[4, 19, 130]","[5115, 1197, 4]"
617,52,324,1206,0.0007092279924292763,1.0700000000052464e-06,3,"[4, 19, 130]","[4114, 2077, 1]"
618,52,325,1205,0.0007077835378102361,0.0007077835378102361,3,"[4, 19, 130]","[5545, 739, 1]"
619,52,325,1205,0.000708783537810241,1.0000000000049032e-06,4,"[4, 19, 130, 131]","[3139, 3120, 6, 2]"
620,52,325,1206,0.0007049935081776674,0.0007049935081776674,1,[4],[6280]
621,52,325,1206,0.0007057135081776709,7.200000000035303e-07,1,[4],[6232]
622,52,325,1206,0.0007063235081776739,6.10000000002991e-07,2,"[4, 19]","[6336, 1]"
623,52,325,1206,0.0007069035081776767,5.800000000028439e-07,2,"[4, 19]","[6136, 21]"
624,52,325,1206,0.00070757350817768,6.700000000032852e-07,2,"[4, 19]","[6022, 297]"
625,52,325,1206,0.0007084335081776842,8.600000000042168e-07,4,"[4, 19, 130, 131]","[4566, 1631, 3, 1]"
626,52,326,1206,0.0007030787439287472,0.0007030787439287472,1,[4],[6293]
627,52,326,1206,0.0007039987439287517,9.20000000004511e-07,1,[4],[6259]
628,52,326,1206,0.0007048687439287559,8.700000000042658e-07,1,[4],[6257]
629,52,326,1206,0.0007066087439287645,1.7400000000085316e-06,1,[4],[6194]
630,52,326,1207,0.0007014018874773955,0.0007014018874773955,1,[4],[6303]
631,52,326,1207,0.0007022518874773997,8.500000000041677e-07,1,[4],[6254]
632,52,326,1207,0.0007030518874774036,8.000000000039226e-07,1,[4],[6208]
633,52,326,1207,0.0007041318874774089,1.0800000000052955e-06,1,[4],[6250]
634,52,327,1207,0.0006988566064773126,0.0006988566064773126,1,[4],[6263]
635,52,327,1207,0.0006996066064773163,7.500000000036774e-07,1,[4],[6298]
636,52,327,1207,0.0007002166064773192,6.10000000002991e-07,1,[4],[6270]
637,52,327,1207,0.0007008166064773222,6.000000000029419e-07,1,[4],[6240]
638,52,327,1207,0.0007015366064773257,7.200000000035303e-07,1,[4],[6250]
639,52,327,1207,0.0007031966064773339,1.6600000000081393e-06,1,[4],[6188]
640,52,327,1208,0.0006980458207877941,0.0006980458207877941,1,[4],[6253]
641,52,327,1208,0.0006993358207878004,1.2900000000063251e-06,1,[4],[6268]
642,52,328,1207,0.0006991076232693902,0.0006991076232693902,1,[4],[6264]
643,52,328,1208,0.000694948875986092,0.000694948875986092,1,[4],[6277]
644,52,328,1208,0.0006956888759860956,7.400000000036284e-07,1,[4],[6306]
645,52,328,1208,0.0006962788759860985,5.900000000028929e-07,1,[4],[6200]
646,52,328,1208,0.0006968688759861014,5.900000000028929e-07,1,[4],[6270]
647,52,328,1208,0.0006975588759861048,6.900000000033832e-07,1,[4],[6264]
648,52,328,1208,0.0006988088759861109,1.250000000006129e-06,1,[4],[6202]
649,52,328,1209,0.000694315299489565,0.000694315299489565,1,[4],[6284]
650,52,328,1209,0.0006962952994895747,1.9800000000097084e-06,1,[4],[6222]
651,52,329,1208,0.0006948241043814281,0.0006948241043814281,1,[4],[6273]
652,52,329,1209,0.0006911193405020641,0.0006911193405020641,2,"[4, 20]","[5806, 450]"
653,52,329,1209,0.0006918293405020675,7.100000000034813e-07,2,"[4, 20]","[6327, 8]"
654,52,329,1209,0.0006923693405020702,5.400000000026477e-07,1,[4],[6227]
655,52,329,1209,0.0006928693405020726,5.000000000024516e-07,1,[4],[6260]
656,52,329,1209,0.0006934493405020755,5.800000000028439e-07,1,[4],[6255]
657,52,329,1209,0.0006943493405020799,9.000000000044129e-07,1,[4],[6173]
658,52,329,1210,0.0006904903920401645,0.0006904903920401645,2,"[4, 20]","[5127, 1133]"
659,52,329,1210,0.000692210392040173,1.7200000000084335e-06,2,"[4, 20]","[6101, 167]"
660,52,330,1209,0.0006905623975590426,0.0006905623975590426,2,"[4, 20]","[4880, 1394]"
661,52,330,1209,0.0006930623975590548,2.500000000012258e-06,2,"[4, 20]","[6056, 173]"
662,52,330,1210,0.0006877608618591772,0.0006877608618591772,1,[4],[6264]
663,52,330,1210,0.0006884208618591804,6.600000000032361e-07,2,"[4, 20]","[6216, 28]"
664,52,330,1210,0.000688940861859183,5.200000000025497e-07,2,"[4, 20]","[6041, 285]"
665,52,330,1210,0.0006894108618591853,4.700000000023045e-07,2,"[4, 20]","[5501, 780]"
666,52,330,1210,0.0006898908618591876,4.800000000023535e-07,2,"[4, 20]","[4953, 1283]"
667,52,330,1210,0.0006905108618591907,6.2000000000304e-07,2,"[4, 20]","[4805, 1378]"
668,52,330,1211,0.0006870746992695087,0.0006870746992695087,1,[4],[6288]
669,52,330,1211,0.0006888246992695173,1.7500000000085806e-06,2,"[4, 20]","[6218, 2]"
670,52,331,1210,0.0006878554262046572,0.0006878554262046572,1,[4],[6257]
671,52,331,1211,0.0006843178227621328,0.0006843178227621328,1,[4],[6292]
672,52,331,1211,0.000684967822762136,6.500000000031871e-07,1,[4],[6320]
673,52,331,1211,0.0006854778227621385,5.100000000025006e-07,1,[4],[6139]
674,52,331,1211,0.000685997822762141,5.200000000025497e-07,1,[4],[6309]
675,52,331,1211,0.0006865778227621439,5.800000000028439e-07,1,[4],[6234]
676,52,331,1211,0.0006875478227621486,9.700000000047561e-07,1,[4],[6223]
677,52,331,1212,0.0006830633510005343,0.0006830633510005343,1,[4],[6282]
678,52,331,1212,0.0006840333510005391,9.700000000047561e-07,1,[4],[6254]
679,52,331,1212,0.0006853633510005456,1.3300000000065213e-06,1,[4],[6219]
680,52,332,1211,0.0006859014295228878,0.0006859014295228878,1,[4],[6258]
681,52,332,1212,0.0006808446891839139,0.0006808446891839139,2,"[4, 21]","[6299, 5]"
682,52,332,1212,0.0006815146891839172,6.700000000032852e-07,1,[4],[6257]
683,52,332,1212,0.0006820346891839198,5.200000000025497e-07,1,[4],[6296]
684,52,332,1212,0.0006825446891839223,5.100000000025006e-07,1,[4],[6174]
685,52,332,1212,0.0006831346891839252,5.900000000028929e-07,1,[4],[6274]
686,52,332,1212,0.0006841446891839301,1.0100000000049522e-06,1,[4],[6210]
687,52,332,1213,0.0006789941182075455,0.0006789941182075455,2,"[4, 21]","[5377, 892]"
688,52,332,1213,0.0006798241182075495,8.300000000040697e-07,2,"[4, 21]","[6243, 11]"
689,52,332,1213,0.0006804841182075528,6.600000000032361e-07,1,[4],[6293]
690,52,332,1213,0.0006812141182075563,7.300000000035793e-07,1,[4],[6194]
691,52,332,1213,0.0006829441182075648,1.7300000000084826e-06,1,[4],[6242]
692,52,333,1213,0.0006766199161358285,0.0006766199161358285,2,"[4, 21]","[6096, 210]"
693,52,333,1213,0.0006772599161358316,6.400000000031381e-07,2,"[4, 21]","[4899, 1296]"
694,52,333,1213,0.0006777099161358338,4.5000000000220645e-07,2,"[4, 21]","[4427, 1867]"
695,52,333,1213,0.0006781099161358358,4.000000000019613e-07,2,"[4, 21]","[4494, 1745]"
696,52,333,1213,0.000678549916135838,4.400000000021574e-07,2,"[4, 21]","[5182, 1114]"
697,52,333,1213,0.0006790499161358404,5.000000000024516e-07,2,"[4, 21]","[5785, 463]"
698,52,333,1213,0.0006797099161358436,6.600000000032361e-07,2,"[4, 21]","[6126, 89]"
699,52,333,1213,0.0006811899161358509,1.4800000000072568e-06,1,[4],[6221]
700,52,333,1214,0.0006749321662847495,0.0006749321662847495,1,[4],[6291]
701,52,333,1214,0.0006757321662847534,8.000000000039226e-07,2,"[4, 21]","[6290, 1]"
702,52,333,1214,0.0006764421662847569,7.100000000034813e-07,2,"[4, 21]","[6114, 82]"
703,52,333,1214,0.0006771221662847602,6.800000000033342e-07,2,"[4, 21]","[5500, 722]"
704,52,333,1214,0.0006778021662847635,6.800000000033342e-07,2,"[4, 21]","[4344, 1908]"
705,52,333,1214,0.0006791521662847702,1.3500000000066193e-06,2,"[4, 21]","[4193, 2069]"
706,52,334,1213,0.0006776806074584846,0.0006776806074584846,2,"[4, 21]","[6083, 171]"
707,52,334,1214,0.00067234658029022,0.00067234658029022,2,"[4, 22]","[6274, 1]"
708,52,334,1214,0.0006729965802902232,6.500000000031871e-07,1,[4],[6241]
709,52,334,1214,0.0006734665802902255,4.700000000023045e-07,1,[4],[6362]
710,52,334,1214,0.0006738565802902275,3.9000000000191225e-07,1,[4],[6124]
711,52,334,1214,0.0006742265802902293,3.700000000018142e-07,1,[4],[6314]
712,52,334,1214,0.0006745965802902311,3.700000000018142e-07,1,[4],[6273]
713,52,334,1214,0.0006750165802902331,4.2000000000205935e-07,1,[4],[6216]
714,52,334,1214,0.0006755465802902357,5.300000000025987e-07,1,[4],[6277]
715,52,334,1214,0.0006766065802902409,1.0600000000051974e-06,2,"[4, 21]","[6173, 7]"
716,52,334,1215,0.0006718470317599603,0.0006718470317599603,2,"[4, 22]","[6243, 12]"
717,52,334,1215,0.0006730770317599663,1.230000000006031e-06,1,[4],[6254]
718,52,335,1214,0.0006717176091114956,0.0006717176091114956,2,"[4, 22]","[6252, 20]"
719,52,335,1214,0.000674047609111507,2.3300000000114245e-06,1,[4],[6231]
720,52,335,1215,0.0006686664071572348,0.0006686664071572348,2,"[4, 22]","[5472, 805]"
721,52,335,1215,0.0006692164071572375,5.500000000026968e-07,2,"[4, 22]","[5202, 1076]"
722,52,335,1215,0.0006696564071572397,4.400000000021574e-07,2,"[4, 22]","[5609, 634]"
723,52,335,1215,0.0006700664071572417,4.100000000020103e-07,2,"[4, 22]","[5910, 295]"
724,52,335,1215,0.0006704964071572438,4.300000000021084e-07,2,"[4, 22]","[6225, 95]"
725,52,335,1215,0.0006709764071572462,4.800000000023535e-07,2,"[4, 22]","[6166, 21]"
726,52,335,1215,0.0006716264071572494,6.500000000031871e-07,2,"[4, 22]","[6259, 1]"
727,52,335,1215,0.0006735164071572586,1.890000000009267e-06,1,[4],[6230]
728,52,335,1216,0.0006687578815208073,0.0006687578815208073,2,"[4, 22]","[5883, 370]"
729,52,335,1219,0.0006792522568239566,0.0006792522568239566,1,[30],[6274]
730,52,335,1220,0.0006777673047011029,0.0006777673047011029,1,[30],[6362]
731,52,335,1220,0.0006781773047011049,4.100000000020103e-07,1,[30],[6324]
732,52,335,1220,0.0006785073047011065,3.3000000000161806e-07,1,[30],[6183]
733,52,335,1220,0.0006788773047011084,3.700000000018142e-07,1,[30],[6153]
734,52,335,1220,0.0006795273047011115,6.500000000031871e-07,1,[30],[6256]
735,52,335,1221,0.0006772309977410853,0.0006772309977410853,1,[30],[6293]
736,52,335,1221,0.0006776809977410875,4.5000000000220645e-07,1,[30],[6297]
737,52,335,1221,0.0006781509977410898,4.700000000023045e-07,1,[30],[6256]
738,52,335,1222,0.000678698128454326,0.000678698128454326,1,[30],[6250]
739,52,336,1215,0.0006677394166340846,0.0006677394166340846,2,"[4, 22]","[6274, 15]"
740,52,336,1215,0.0006686594166340891,9.20000000004511e-07,2,"[4, 22]","[5824, 466]"
741,52,336,1215,0.000669639416634094,9.800000000048052e-07,2,"[4, 22]","[5060, 1120]"
742,52,336,1216,0.000665012854317302,0.000665012854317302,1,[4],[6299]
743,52,336,1216,0.0006655728543173047,5.600000000027458e-07,1,[4],[6223]
744,52,336,1216,0.0006659928543173068,4.2000000000205935e-07,1,[4],[6317]
745,52,336,1216,0.0006663628543173086,3.700000000018142e-07,1,[4],[6273]
746,52,336,1216,0.0006667128543173103,3.500000000017161e-07,1,[4],[6296]
747,52,336,1216,0.0006670728543173121,3.6000000000176516e-07,1,[4],[6118]
748,52,336,1216,0.0006675028543173142,4.300000000021084e-07,2,"[4, 22]","[6326, 3]"
749,52,336,1216,0.000668062854317317,5.600000000027458e-07,2,"[4, 22]","[6158, 24]"
750,52,336,1216,0.0006691128543173221,1.0500000000051484e-06,2,"[4, 22]","[5830, 410]"
751,52,336,1217,0.0006648427996390021,0.0006648427996390021,1,[4],[6252]
752,52,336,1219,0.0007615390419686526,0.0007615390419686526,4,"[30, 31, 68, 69]","[361, 5883, 11, 5]"
753,52,336,1220,0.0007602875853020776,0.0007602875853020776,3,"[30, 31, 68]","[4666, 1600, 10]"
754,52,336,1220,0.0007612575853020824,9.700000000047561e-07,3,"[31, 68, 69]","[5656, 563, 74]"
755,52,336,1220,0.0007617575853020849,5.000000000024516e-07,3,"[31, 68, 69]","[4693, 1156, 368]"
756,52,336,1220,0.0007621775853020869,4.2000000000205935e-07,3,"[31, 68, 69]","[4168, 1310, 828]"
757,52,336,1220,0.0007626275853020891,4.5000000000220645e-07,3,"[31, 68, 69]","[3617, 1079, 1464]"
758,52,336,1220,0.0007635975853020939,9.700000000047561e-07,3,"[31, 68, 69]","[3281, 688, 2286]"
759,52,336,1221,0.0006783831980080356,0.0006783831980080356,1,[30],[6261]
760,52,336,1221,0.000762293198008447,8.391000000041143e-05,4,"[30, 31, 68, 69]","[1459, 2705, 1534, 557]"
761,52,336,1222,0.0006776764700216545,0.0006776764700216545,1,[30],[6272]
762,52,336,1222,0.000678176470021657,5.000000000024516e-07,1,[30],[6332]
763,52,336,1222,0.0006789564700216608,7.800000000038245e-07,1,[30],[6157]
764,52,337,1216,0.0006639238445061746,0.0006639238445061746,1,[4],[6291]
765,52,337,1216,0.0006647638445061787,8.400000000041187e-07,1,[4],[6294]
766,52,337,1216,0.0006655938445061828,8.300000000040697e-07,1,[4],[6211]
767,52,337,1216,0.0006671238445061903,1.530000000007502e-06,1,[4],[6207]
768,52,337,1217,0.0006611351193686897,0.0006611351193686897,1,[4],[6300]
769,52,337,1217,0.0006616751193686924,5.400000000026477e-07,1,[4],[6259]
770,52,337,1217,0.0006620851193686944,4.100000000020103e-07,1,[4],[6348]
771,52,337,1217,0.0006624351193686961,3.500000000017161e-07,1,[4],[6207]
772,52,337,1217,0.0006627651193686977,3.3000000000161806e-07,1,[4],[6170]
773,52,337,1217,0.0006630951193686993,3.3000000000161806e-07,1,[4],[6323]
774,52,337,1217,0.000663435119368701,3.400000000016671e-07,1,[4],[6233]
775,52,337,1217,0.0006638051193687028,3.700000000018142e-07,1,[4],[6265]
776,52,337,1217,0.000664245119368705,4.400000000021574e-07,1,[4],[6265]
777,52,337,1217,0.000664875119368708,6.30000000003089e-07,1,[4],[6200]
778,52,337,1218,0.0006606050553822309,0.0006606050553822309,2,"[4, 25]","[6269, 10]"
779,52,337,1218,0.0006623350553822394,1.7300000000084826e-06,1,[4],[6234]
780,52,337,1219,0.0007579780619667851,0.0007579780619667851,4,"[4, 25, 28, 31]","[464, 100, 1, 5696]"
781,52,337,1219,0.0007591380619667908,1.1600000000056877e-06,1,[31],[6276]
782,52,337,1219,0.0007599380619667947,8.000000000039226e-07,1,[31],[6274]
783,52,337,1219,0.0007609680619667997,1.0300000000050503e-06,2,"[31, 68]","[6222, 3]"
784,52,337,1220,0.0007567083567375504,0.0007567083567375504,5,"[25, 28, 29, 30, 31]","[302, 22, 39, 28, 5865]"
785,52,337,1220,0.0007600083567375666,3.3000000000161806e-06,2,"[31, 68]","[6264, 2]"
786,52,337,1220,0.0007614283567375736,1.4200000000069626e-06,3,"[31, 68, 69]","[5812, 369, 72]"
787,52,337,1220,0.0007624183567375784,9.900000000048542e-07,3,"[31, 68, 69]","[4074, 1163, 1003]"
788,52,337,1221,0.0007617575828085571,0.0007617575828085571,8,"[25, 28, 29, 30, 31, 63, 68, 69]","[1041, 2, 29, 680, 4064, 2, 367, 85]"
789,52,337,1222,0.0006775058647184304,0.0006775058647184304,2,"[25, 30]","[71, 6228]"
790,52,337,1222,0.0006784058647184349,9.000000000044129e-07,2,"[25, 30]","[52, 6178]"
791,52,337,1222,0.0007077858647185789,2.9380000000144057e-05,4,"[25, 30, 31, 63]","[1737, 1953, 1726, 805]"
792,52,337,1222,0.0007173358647186257,9.550000000046826e-06,1,[31],[6257]
793,52,337,1223,0.0006776019932718222,0.0006776019932718222,1,[30],[6299]
794,52,337,1223,0.0006854619932718608,7.86000000003854e-06,3,"[25, 30, 31]","[264, 5928, 15]"
795,52,337,1223,0.0007069119932719659,2.1450000000105174e-05,4,"[25, 31, 63, 98]","[1002, 4173, 1064, 5]"
796,52,338,1217,0.0006601583075502894,0.0006601583075502894,2,"[4, 25]","[6272, 1]"
797,52,338,1217,0.0006608583075502928,7.000000000034323e-07,1,[4],[6249]
798,52,338,1217,0.0006614483075502957,5.900000000028929e-07,1,[4],[6265]
799,52,338,1217,0.0006620783075502988,6.30000000003089e-07,1,[4],[6221]
800,52,338,1217,0.0006633783075503052,1.3000000000063742e-06,1,[4],[6244]
801,52,338,1218,0.0006575646675559143,0.0006575646675559143,2,"[4, 25]","[5820, 439]"
802,52,338,1218,0.0006579846675559164,4.2000000000205935e-07,2,"[4, 25]","[5923, 385]"
803,52,338,1218,0.000658304667555918,3.2000000000156903e-07,2,"[4, 25]","[6017, 306]"
804,52,338,1218,0.0006585646675559192,2.6000000000127484e-07,2,"[4, 25]","[5920, 257]"
805,52,338,1218,0.0006588146675559205,2.500000000012258e-07,2,"[4, 25]","[6195, 217]"
806,52,338,1218,0.0006590446675559216,2.3000000000112774e-07,2,"[4, 25]","[6068, 178]"
807,52,338,1218,0.0006592746675559227,2.3000000000112774e-07,2,"[4, 25]","[6079, 141]"
808,52,338,1218,0.0006595146675559239,2.4000000000117677e-07,2,"[4, 25]","[6116, 142]"
809,52,338,1218,0.0006597646675559251,2.500000000012258e-07,2,"[4, 25]","[6003, 108]"
810,52,338,1218,0.0006600646675559266,3.0000000000147097e-07,2,"[4, 25]","[6155, 100]"
811,52,338,1218,0.0006604246675559283,3.6000000000176516e-07,2,"[4, 25]","[6080, 105]"
812,52,338,1218,0.0006609546675559309,5.300000000025987e-07,2,"[4, 25]","[6209, 105]"
813,52,338,1218,0.0006621646675559369,1.2100000000059329e-06,2,"[4, 25]","[6089, 102]"
814,52,338,1219,0.0006574050202312472,0.0006574050202312472,2,"[4, 25]","[5526, 784]"
815,52,338,1219,0.0006578550202312495,4.5000000000220645e-07,2,"[4, 25]","[5103, 1106]"
816,52,338,1219,0.0006582650202312515,4.100000000020103e-07,2,"[4, 25]","[4837, 1416]"
817,52,338,1219,0.0006587450202312538,4.800000000023535e-07,2,"[4, 25]","[4278, 1998]"
818,52,338,1219,0.0006594250202312571,6.800000000033342e-07,2,"[4, 25]","[3260, 2956]"
819,52,338,1219,0.0006606550202312632,1.230000000006031e-06,2,"[4, 25]","[1072, 5183]"
820,52,338,1219,0.0006623950202312717,1.7400000000085316e-06,2,"[4, 25]","[63, 6202]"
821,52,338,1219,0.0006654750202312868,3.080000000015102e-06,3,"[25, 125, 126]","[6191, 27, 3]"
822,52,338,1219,0.0007558050202317297,9.033000000044291e-05,5,"[25, 28, 29, 30, 31]","[1181, 233, 21, 1, 4845]"
823,52,338,1219,0.0007573050202317371,1.5000000000073548e-06,1,[31],[6242]
824,52,338,1219,0.0007588050202317444,1.5000000000073548e-06,1,[31],[6228]
825,52,338,1220,0.000663957724694464,0.000663957724694464,4,"[4, 25, 125, 126]","[73, 6171, 35, 4]"
826,52,338,1220,0.0006656077246944721,1.6500000000080903e-06,3,"[25, 28, 125]","[6227, 1, 6]"
827,52,338,1220,0.0006668977246944784,1.2900000000063251e-06,2,"[25, 28]","[6211, 50]"
828,52,338,1220,0.0006678777246944832,9.800000000048052e-07,3,"[25, 28, 29]","[4776, 1373, 88]"
829,52,338,1220,0.0006685577246944866,6.800000000033342e-07,3,"[25, 28, 29]","[3157, 2505, 603]"
830,52,338,1220,0.00066926772469449,7.100000000034813e-07,4,"[25, 28, 29, 30]","[3041, 1716, 1433, 35]"
831,52,338,1220,0.0006704477246944958,1.1800000000057858e-06,4,"[25, 28, 29, 30]","[4071, 293, 1041, 847]"
832,52,338,1220,0.0006726077246945064,2.160000000010591e-06,4,"[25, 28, 29, 30]","[4475, 4, 19, 1752]"
833,52,338,1220,0.000733297724694804,6.0690000000297576e-05,4,"[25, 30, 31, 92]","[2424, 53, 3758, 9]"
834,52,338,1220,0.0007388177246948311,5.520000000027066e-06,1,[31],[6255]
835,52,338,1220,0.0007475377246948738,8.720000000042756e-06,2,"[31, 86]","[6242, 7]"
836,52,338,1220,0.0007505077246948884,2.9700000000145626e-06,1,[31],[6259]
837,52,338,1220,0.0007518277246948949,1.3200000000064722e-06,1,[31],[6236]
838,52,338,1220,0.0007527277246948993,9.000000000044129e-07,1,[31],[6287]
839,52,338,1220,0.000753477724694903,7.500000000036774e-07,1,[31],[6226]
840,52,338,1220,0.0007542077246949065,7.300000000035793e-07,1,[31],[6241]
841,52,338,1220,0.0007550177246949105,8.100000000039716e-07,1,[31],[6310]
842,52,338,1220,0.0007560277246949154,1.0100000000049522e-06,1,[31],[6234]
843,52,338,1220,0.0007576877246949236,1.6600000000081393e-06,1,[31],[6205]
844,52,338,1221,0.0006692396173337973,0.0006692396173337973,4,"[25, 28, 29, 30]","[4101, 877, 1217, 65]"
845,52,338,1221,0.0006704196173338031,1.1800000000057858e-06,4,"[25, 28, 29, 30]","[3661, 40, 611, 1942]"
846,52,338,1221,0.0006711096173338065,6.900000000033832e-07,3,"[25, 29, 30]","[2881, 12, 3413]"
847,52,338,1221,0.0006716596173338092,5.500000000026968e-07,2,"[25, 30]","[2471, 3750]"
848,52,338,1221,0.0006721596173338116,5.000000000024516e-07,2,"[25, 30]","[2543, 3729]"
849,52,338,1221,0.0006726596173338141,5.000000000024516e-07,2,"[25, 30]","[2645, 3628]"
850,52,338,1221,0.0006732196173338168,5.600000000027458e-07,2,"[25, 30]","[3078, 3170]"
851,52,338,1221,0.0006738796173338201,6.600000000032361e-07,2,"[25, 30]","[3785, 2457]"
852,52,338,1221,0.000674679617333824,8.000000000039226e-07,2,"[25, 30]","[4836, 1373]"
853,52,338,1221,0.0006756496173338288,9.700000000047561e-07,2,"[25, 30]","[5802, 469]"
854,52,338,1221,0.000676709617333834,1.0600000000051974e-06,2,"[25, 30]","[6133, 85]"
855,52,338,1221,0.0006779096173338398,1.2000000000058839e-06,2,"[25, 30]","[6242, 11]"
856,52,338,1221,0.0006793896173338471,1.4800000000072568e-06,2,"[25, 30]","[6257, 2]"
857,52,338,1221,0.0006817896173338589,2.4000000000117677e-06,1,[25],[6226]
858,52,338,1221,0.0007173396173340332,3.555000000017431e-05,3,"[25, 31, 63]","[2906, 3333, 14]"
859,52,338,1221,0.0007202896173340476,2.9500000000144645e-06,1,[31],[6251]
860,52,338,1221,0.0007219596173340558,1.6700000000081884e-06,1,[31],[6272]
861,52,338,1221,0.0007233096173340624,1.3500000000066193e-06,1,[31],[6217]
862,52,338,1221,0.0007245796173340687,1.270000000006227e-06,1,[31],[6256]
863,52,338,1221,0.000725879617334075,1.3000000000063742e-06,1,[31],[6253]
864,52,338,1221,0.0007273996173340825,1.5200000000074529e-06,1,[31],[6253]
865,52,338,1221,0.0007294896173340927,2.0900000000102477e-06,2,"[31, 92]","[6230, 8]"
866,52,338,1221,0.0007320496173341053,2.5600000000125522e-06,3,"[31, 92, 93]","[6208, 50, 4]"
867,52,338,1221,0.0007341396173341155,2.0900000000102477e-06,1,[31],[6265]
868,52,338,1221,0.0007359896173341246,1.850000000009071e-06,1,[31],[6239]
869,52,338,1221,0.0007376196173341326,1.6300000000079922e-06,1,[31],[6229]
870,52,338,1221,0.0007392596173341407,1.6400000000080413e-06,1,[31],[6267]
871,52,338,1221,0.000740969617334149,1.7100000000083845e-06,1,[31],[6277]
872,52,338,1221,0.0007430296173341591,2.0600000000101006e-06,1,[31],[6218]
873,52,338,1221,0.0007457896173341727,2.760000000013533e-06,3,"[31, 83, 86]","[6236, 1, 17]"
874,52,338,1221,0.0007479696173341834,2.180000000010689e-06,4,"[31, 83, 86, 89]","[6218, 4, 47, 2]"
875,52,338,1221,0.0007493796173341903,1.4100000000069135e-06,1,[31],[6224]
876,52,338,1221,0.0007506896173341967,1.3100000000064232e-06,1,[31],[6264]
877,52,338,1221,0.0007521996173342041,1.5100000000074039e-06,1,[31],[6233]
878,52,338,1222,0.0006732932810717627,0.0006732932810717627,4,"[25, 28, 29, 30]","[265, 1, 1, 5994]"
879,52,338,1222,0.0006741132810717667,8.200000000040206e-07,2,"[25, 30]","[240, 6060]"
880,52,338,1222,0.0006747932810717701,6.800000000033342e-07,2,"[25, 30]","[296, 5951]"
881,52,338,1222,0.0006755032810717735,7.100000000034813e-07,2,"[25, 30]","[528, 5734]"
882,52,338,1222,0.0006763432810717777,8.400000000041187e-07,2,"[25, 30]","[842, 5377]"
883,52,338,1222,0.0006776032810717838,1.260000000006178e-06,2,"[25, 30]","[2132, 4084]"
884,52,338,1222,0.0006794332810717928,1.8300000000089729e-06,2,"[25, 30]","[5379, 892]"
885,52,338,1222,0.0006808732810717999,1.4400000000070606e-06,1,[25],[6275]
886,52,338,1222,0.0006819932810718054,1.1200000000054916e-06,1,[25],[6239]
887,52,338,1222,0.0006830132810718104,1.0200000000050013e-06,1,[25],[6234]
888,52,338,1222,0.0006840032810718152,9.900000000048542e-07,2,"[25, 31]","[6208, 18]"
889,52,338,1222,0.0006848332810718193,8.300000000040697e-07,2,"[25, 31]","[5845, 456]"
890,52,338,1222,0.0006854032810718221,5.700000000027948e-07,2,"[25, 31]","[4777, 1491]"
891,52,338,1222,0.0006858732810718244,4.700000000023045e-07,2,"[25, 31]","[4101, 2194]"
892,52,338,1222,0.0006863832810718269,5.100000000025006e-07,4,"[25, 31, 103, 104]","[3304, 2927, 2, 2]"
893,52,338,1222,0.0006871332810718306,7.500000000036774e-07,4,"[25, 31, 103, 104]","[1856, 4314, 3, 1]"
894,52,338,1222,0.0006883332810718364,1.2000000000058839e-06,4,"[25, 31, 103, 104]","[203, 6027, 1, 1]"
895,52,338,1222,0.0006898632810718439,1.530000000007502e-06,2,"[25, 31]","[1, 6263]"
896,52,338,1222,0.0006920632810718547,2.200000000010787e-06,1,[31],[6232]
897,52,338,1222,0.0006946832810718676,2.6200000000128464e-06,2,"[31, 63]","[3895, 2398]"
898,52,338,1222,0.0006957732810718729,1.0900000000053445e-06,2,"[31, 63]","[955, 5263]"
899,52,338,1222,0.000701713281071902,5.940000000029125e-06,4,"[31, 63, 98, 99]","[5328, 904, 7, 1]"
900,52,338,1222,0.0007069932810719279,5.280000000025889e-06,1,[31],[6255]
901,52,338,1222,0.0007090732810719381,2.0800000000101987e-06,1,[31],[6247]
902,52,338,1222,0.0007105032810719451,1.4300000000070116e-06,1,[31],[6277]
903,52,338,1222,0.0007116632810719508,1.1600000000056877e-06,1,[31],[6255]
904,52,338,1222,0.0007126932810719559,1.0300000000050503e-06,1,[31],[6252]
905,52,338,1222,0.0007136232810719604,9.3000000000456e-07,1,[31],[6254]
906,52,338,1222,0.000714543281071965,9.20000000004511e-07,1,[31],[6244]
907,52,338,1222,0.0007154232810719693,8.800000000043148e-07,1,[31],[6220]
908,52,338,1222,0.0007163432810719738,9.20000000004511e-07,1,[31],[6305]
909,52,338,1222,0.0007172832810719784,9.40000000004609e-07,1,[31],[6231]
910,52,338,1222,0.0007183432810719836,1.0600000000051974e-06,1,[31],[6255]
911,52,338,1222,0.0007195832810719897,1.24000000000608e-06,1,[31],[6232]
912,52,338,1222,0.0007209932810719966,1.4100000000069135e-06,1,[31],[6251]
913,52,338,1222,0.0007228532810720057,1.86000000000912e-06,1,[31],[6240]
914,52,338,1222,0.000728013281072031,5.160000000025301e-06,1,[31],[6231]
915,52,338,1223,0.0006769730445870384,0.0006769730445870384,1,[30],[6277]
916,52,338,1223,0.0006851530445870785,8.180000000040108e-06,3,"[25, 30, 31]","[2883, 3136, 212]"
917,52,338,1223,0.0006859230445870822,7.700000000037755e-07,3,"[25, 31, 104]","[5596, 701, 1]"
918,52,338,1223,0.0006865730445870854,6.500000000031871e-07,4,"[25, 31, 103, 104]","[5223, 981, 1, 2]"
919,52,338,1223,0.0006883530445870942,1.7800000000087277e-06,4,"[25, 31, 103, 104]","[2389, 3849, 1, 1]"
920,52,338,1223,0.0006902730445871036,1.920000000009414e-06,1,[31],[6288]
921,52,338,1223,0.0006916830445871105,1.4100000000069135e-06,1,[31],[6231]
922,52,338,1223,0.0006928630445871163,1.1800000000057858e-06,2,"[31, 63]","[6254, 1]"
923,52,338,1223,0.0006939030445871214,1.0400000000050993e-06,2,"[31, 63]","[5876, 385]"
924,52,338,1223,0.0006945730445871247,6.700000000032852e-07,2,"[31, 63]","[3855, 2397]"
925,52,338,1223,0.0006950330445871269,4.600000000022555e-07,2,"[31, 63]","[2693, 3577]"
926,52,338,1223,0.0006954830445871291,4.5000000000220645e-07,2,"[31, 63]","[2742, 3550]"
927,52,338,1223,0.0006960930445871321,6.10000000002991e-07,2,"[31, 63]","[3847, 2366]"
928,52,338,1223,0.0006970130445871366,9.20000000004511e-07,2,"[31, 63]","[5798, 445]"
929,52,338,1223,0.0006979730445871413,9.60000000004707e-07,3,"[31, 63, 98]","[6201, 6, 14]"
930,52,338,1223,0.000698923044587146,9.500000000046581e-07,3,"[31, 98, 99]","[6205, 40, 3]"
931,52,338,1223,0.0006998630445871506,9.40000000004609e-07,3,"[31, 98, 99]","[6197, 28, 3]"
932,52,338,1223,0.0007007930445871552,9.3000000000456e-07,1,[31],[6325]
933,52,338,1223,0.0007017330445871598,9.40000000004609e-07,1,[31],[6177]
934,52,338,1223,0.0007026930445871645,9.60000000004707e-07,1,[31],[6313]
935,52,338,1223,0.0007036330445871691,9.40000000004609e-07,1,[31],[6185]
936,52,338,1223,0.0007046030445871738,9.700000000047561e-07,1,[31],[6306]
937,52,338,1223,0.0007055830445871786,9.800000000048052e-07,1,[31],[6236]
938,52,338,1223,0.0007065730445871835,9.900000000048542e-07,1,[31],[6257]
939,52,338,1223,0.000707693044587189,1.1200000000054916e-06,1,[31],[6235]
940,52,338,1223,0.0007089430445871951,1.250000000006129e-06,1,[31],[6237]
941,52,338,1223,0.0007105130445872028,1.570000000007698e-06,1,[31],[6241]
942,52,338,1223,0.0007132630445872163,2.750000000013484e-06,1,[31],[6240]
943,52,339,1218,0.000658146448097897,0.000658146448097897,2,"[4, 25]","[5652, 654]"
944,52,339,1218,0.0006598564480979054,1.7100000000083845e-06,2,"[4, 25]","[5235, 966]"
945,52,339,1219,0.0006578236429430591,0.0006578236429430591,2,"[4, 25]","[5078, 1215]"
946,52,339,1219,0.0006588436429430641,1.0200000000050013e-06,2,"[4, 25]","[3565, 2676]"
947,52,339,1219,0.0006605136429430723,1.6700000000081884e-06,2,"[4, 25]","[622, 5615]"
948,52,339,1219,0.0006623836429430815,1.870000000009169e-06,2,"[4, 25]","[4, 6231]"
949,52,339,1219,0.0006659436429430989,3.5600000000174555e-06,3,"[25, 125, 126]","[6223, 22, 1]"
950,52,339,1220,0.0006640358784942322,0.0006640358784942322,4,"[4, 25, 125, 126]","[38, 6190, 32, 3]"
951,52,339,1220,0.0006660158784942419,1.9800000000097084e-06,3,"[25, 28, 125]","[6253, 2, 5]"
952,52,339,1220,0.0006678458784942509,1.8300000000089729e-06,3,"[25, 28, 29]","[5226, 1006, 24]"
953,52,339,1220,0.0006689858784942565,1.1400000000055897e-06,4,"[25, 28, 29, 30]","[2409, 3308, 505, 10]"
954,52,339,1220,0.0006747458784942847,5.7600000000282425e-06,4,"[25, 28, 29, 30]","[4155, 651, 567, 867]"
955,52,339,1220,0.0007331858784945713,5.8440000000286544e-05,4,"[25, 31, 92, 93]","[191, 6026, 35, 2]"
956,52,339,1220,0.0007386258784945979,5.4400000000266735e-06,1,[31],[6247]
957,52,339,1220,0.0007449958784946292,6.3700000000312335e-06,2,"[31, 83]","[6253, 1]"
958,52,339,1220,0.0007502458784946549,5.250000000025742e-06,4,"[31, 83, 86, 89]","[6200, 2, 52, 2]"
959,52,339,1221,0.0006707244442131518,0.0006707244442131518,4,"[25, 28, 29, 30]","[3833, 739, 648, 1031]"
960,52,339,1221,0.0006725344442131606,1.8100000000088748e-06,2,"[25, 30]","[2918, 3342]"
961,52,339,1221,0.0006749844442131726,2.450000000012013e-06,2,"[25, 30]","[4445, 1810]"
962,52,339,1221,0.0006796344442131954,4.6500000000228e-06,2,"[25, 30]","[6192, 47]"
963,52,339,1221,0.0007248644442134172,4.523000000022177e-05,2,"[25, 31]","[1685, 4563]"
964,52,339,1221,0.0007270444442134279,2.180000000010689e-06,1,[31],[6266]
965,52,339,1221,0.0007285244442134352,1.4800000000072568e-06,2,"[31, 92]","[6253, 3]"
966,52,339,1221,0.0007297944442134414,1.270000000006227e-06,3,"[31, 92, 93]","[6177, 58, 2]"
967,52,339,1221,0.0007309744442134472,1.1800000000057858e-06,3,"[31, 92, 93]","[6193, 79, 3]"
968,52,339,1221,0.0007321944442134532,1.220000000005982e-06,2,"[31, 92]","[6228, 6]"
969,52,339,1221,0.0007335344442134597,1.3400000000065703e-06,1,[31],[6237]
970,52,339,1221,0.0007349844442134668,1.4500000000071097e-06,1,[31],[6246]
971,52,339,1221,0.0007366244442134749,1.6400000000080413e-06,1,[31],[6260]
972,52,339,1221,0.0007385644442134844,1.9400000000095122e-06,1,[31],[6239]
973,52,339,1221,0.0007406444442134946,2.0800000000101987e-06,1,[31],[6269]
974,52,339,1221,0.0007422544442135025,1.6100000000078942e-06,1,[31],[6248]
975,52,339,1221,0.0007436344442135093,1.3800000000067664e-06,1,[31],[6245]
976,52,339,1221,0.0007448544442135152,1.220000000005982e-06,2,"[31, 86]","[6262, 11]"
977,52,339,1221,0.0007459644442135207,1.1100000000054426e-06,4,"[31, 83, 86, 89]","[6055, 6, 189, 4]"
978,52,339,1221,0.0007469944442135257,1.0300000000050503e-06,4,"[31, 83, 86, 89]","[6074, 4, 185, 3]"
979,52,339,1221,0.0007481944442135316,1.2000000000058839e-06,3,"[31, 83, 86]","[6194, 1, 26]"
980,52,339,1221,0.0007501844442135414,1.9900000000097574e-06,1,[31],[6227]
981,52,339,1222,0.000677929611707609,0.000677929611707609,3,"[25, 28, 30]","[1414, 1, 4836]"
982,52,339,1222,0.0006839596117076386,6.030000000029566e-06,2,"[25, 31]","[6251, 5]"
983,52,339,1222,0.0006886496117076616,4.690000000022996e-06,3,"[25, 31, 104]","[3105, 3142, 1]"
984,52,339,1222,0.0007096296117077644,2.098000000010287e-05,3,"[31, 63, 98]","[5626, 617, 4]"
985,52,339,1222,0.0007264496117078469,1.6820000000082472e-05,1,[31],[6250]
986,52,339,1223,0.0006933183726487168,0.0006933183726487168,5,"[25, 30, 31, 63, 104]","[1505, 364, 4381, 3, 1]"
987,52,339,1223,0.000698448372648742,5.1300000000251535e-06,4,"[31, 63, 98, 99]","[5166, 1076, 8, 1]"
988,52,339,1223,0.0007036483726487675,5.200000000025497e-06,2,"[31, 98]","[6249, 7]"
989,52,339,1223,0.0007138783726488177,1.023000000005016e-05,1,[31],[6239]
