,event,pixel_x,pixel_y,reset_time,TSLR,nMCParticles,MC_TrackIDs,MC_Weights
0,56,283,1205,0.0009443686101009925,0.0009443686101009925,1,[75],[6269]
1,56,283,1205,0.0009448586101009949,4.900000000024026e-07,1,[75],[6375]
2,56,283,1205,0.0009453186101009972,4.600000000022555e-07,1,[75],[6135]
3,56,283,1205,0.0009463286101010021,1.0100000000049522e-06,1,[75],[6226]
4,56,284,1205,0.0009444110400969231,0.0009444110400969231,1,[75],[6254]
5,56,284,1205,0.0009452410400969272,8.300000000040697e-07,1,[75],[6276]
6,56,285,1154,0.0009145838453614851,0.0009145838453614851,2,"[1, 5]","[5509, 758]"
7,56,285,1155,0.0009137226450097211,0.0009137226450097211,2,"[1, 5]","[5938, 392]"
8,56,285,1155,0.0009140526450097228,3.3000000000161806e-07,2,"[1, 5]","[5695, 517]"
9,56,285,1155,0.000914312645009724,2.6000000000127484e-07,2,"[1, 5]","[5675, 620]"
10,56,285,1155,0.0009145526450097252,2.4000000000117677e-07,2,"[1, 5]","[5584, 735]"
11,56,285,1155,0.0009148026450097264,2.500000000012258e-07,2,"[1, 5]","[5428, 881]"
12,56,285,1155,0.0009150926450097279,2.9000000000142193e-07,2,"[1, 5]","[5156, 984]"
13,56,285,1155,0.0009156226450097305,5.300000000025987e-07,2,"[1, 5]","[4962, 1238]"
14,56,285,1156,0.0009138591771285248,0.0009138591771285248,2,"[1, 5]","[6308, 67]"
15,56,285,1156,0.0009142791771285268,4.2000000000205935e-07,2,"[1, 5]","[6098, 117]"
16,56,285,1156,0.0009146691771285288,3.9000000000191225e-07,2,"[1, 5]","[6043, 216]"
17,56,285,1156,0.0009152091771285314,5.400000000026477e-07,2,"[1, 5]","[5758, 415]"
18,56,285,1157,0.0009141923555067331,0.0009141923555067331,2,"[1, 5]","[6300, 2]"
19,56,285,1157,0.0009152623555067383,1.0700000000052464e-06,2,"[1, 5]","[6222, 12]"
20,56,286,1154,0.0009147612968013658,0.0009147612968013658,2,"[1, 5]","[5263, 993]"
21,56,286,1155,0.0009136312235859364,0.0009136312235859364,2,"[1, 5]","[5775, 545]"
22,56,286,1155,0.0009139512235859379,3.2000000000156903e-07,2,"[1, 5]","[5593, 765]"
23,56,286,1155,0.0009141812235859391,2.3000000000112774e-07,2,"[1, 5]","[5342, 937]"
24,56,286,1155,0.00091438122358594,2.0000000000098064e-07,2,"[1, 5]","[5184, 1078]"
25,56,286,1155,0.0009145612235859409,1.8000000000088258e-07,2,"[1, 5]","[4735, 1305]"
26,56,286,1155,0.0009147612235859419,2.0000000000098064e-07,2,"[1, 5]","[4931, 1562]"
27,56,286,1155,0.0009149712235859429,2.1000000000102968e-07,2,"[1, 5]","[4514, 1642]"
28,56,286,1155,0.0009152412235859443,2.7000000000132387e-07,2,"[1, 5]","[4106, 2148]"
29,56,286,1155,0.0009156612235859463,4.2000000000205935e-07,2,"[1, 5]","[3510, 2594]"
30,56,286,1156,0.0009135039095092502,0.0009135039095092502,2,"[1, 5]","[6205, 88]"
31,56,286,1156,0.0009138139095092517,3.1000000000152e-07,2,"[1, 5]","[6234, 207]"
32,56,286,1156,0.0009140239095092528,2.1000000000102968e-07,2,"[1, 5]","[5737, 310]"
33,56,286,1156,0.0009142139095092537,1.900000000009316e-07,2,"[1, 5]","[5996, 407]"
34,56,286,1156,0.0009143839095092545,1.7000000000083355e-07,2,"[1, 5]","[5636, 585]"
35,56,286,1156,0.0009145539095092554,1.7000000000083355e-07,2,"[1, 5]","[5372, 758]"
36,56,286,1156,0.0009147339095092563,1.8000000000088258e-07,2,"[1, 5]","[5422, 1067]"
37,56,286,1156,0.0009149339095092572,2.0000000000098064e-07,2,"[1, 5]","[4867, 1403]"
38,56,286,1156,0.0009151539095092583,2.200000000010787e-07,2,"[1, 5]","[4224, 1852]"
39,56,286,1156,0.0009154539095092598,3.0000000000147097e-07,2,"[1, 5]","[3471, 2685]"
40,56,286,1156,0.0009159639095092623,5.100000000025006e-07,2,"[1, 5]","[2241, 4016]"
41,56,286,1157,0.0009133688355254325,0.0009133688355254325,2,"[1, 5]","[6283, 2]"
42,56,286,1157,0.000913678835525434,3.1000000000152e-07,2,"[1, 5]","[6367, 11]"
43,56,286,1157,0.0009138988355254351,2.200000000010787e-07,2,"[1, 5]","[6130, 16]"
44,56,286,1157,0.000914088835525436,1.900000000009316e-07,2,"[1, 5]","[6184, 29]"
45,56,286,1157,0.000914278835525437,1.900000000009316e-07,2,"[1, 5]","[6460, 48]"
46,56,286,1157,0.0009144588355254378,1.8000000000088258e-07,2,"[1, 5]","[6056, 90]"
47,56,286,1157,0.0009146588355254388,2.0000000000098064e-07,2,"[1, 5]","[5976, 144]"
48,56,286,1157,0.00091490883552544,2.500000000012258e-07,2,"[1, 5]","[5935, 321]"
49,56,286,1157,0.0009152888355254419,3.800000000018632e-07,2,"[1, 5]","[5568, 729]"
50,56,286,1157,0.0009163788355254473,1.0900000000053445e-06,2,"[1, 5]","[3330, 2834]"
51,56,286,1158,0.0009131482579306729,0.0009131482579306729,1,[1],[6333]
52,56,286,1158,0.0009134682579306745,3.2000000000156903e-07,1,[1],[6240]
53,56,286,1158,0.0009137082579306757,2.4000000000117677e-07,1,[1],[6379]
54,56,286,1158,0.0009139082579306767,2.0000000000098064e-07,1,[1],[6244]
55,56,286,1158,0.0009140982579306776,1.900000000009316e-07,2,"[1, 5]","[6088, 1]"
56,56,286,1158,0.0009143082579306786,2.1000000000102968e-07,2,"[1, 5]","[6426, 1]"
57,56,286,1158,0.0009145382579306797,2.3000000000112774e-07,2,"[1, 5]","[6096, 8]"
58,56,286,1158,0.0009148782579306814,3.400000000016671e-07,2,"[1, 5]","[6304, 10]"
59,56,286,1159,0.0009130206053221596,0.0009130206053221596,1,[1],[6320]
60,56,286,1159,0.0009133606053221613,3.400000000016671e-07,1,[1],[6260]
61,56,286,1159,0.0009136206053221626,2.6000000000127484e-07,1,[1],[6401]
62,56,286,1159,0.0009138506053221637,2.3000000000112774e-07,1,[1],[6055]
63,56,286,1159,0.000914110605322165,2.6000000000127484e-07,1,[1],[6366]
64,56,286,1159,0.0009144206053221665,3.1000000000152e-07,1,[1],[6160]
65,56,286,1159,0.0009150306053221695,6.10000000002991e-07,1,[1],[6220]
66,56,286,1160,0.000912919849349068,0.000912919849349068,1,[1],[6308]
67,56,286,1160,0.0009133198493490699,4.000000000019613e-07,1,[1],[6351]
68,56,286,1160,0.0009136598493490716,3.400000000016671e-07,1,[1],[6233]
69,56,286,1160,0.0009140298493490734,3.700000000018142e-07,1,[1],[6244]
70,56,286,1160,0.0009147198493490768,6.900000000033832e-07,1,[1],[6143]
71,56,286,1161,0.0009129394385886358,0.0009129394385886358,1,[1],[6314]
72,56,286,1161,0.0009134694385886384,5.300000000025987e-07,1,[1],[6227]
73,56,286,1161,0.000914219438588642,7.500000000036774e-07,1,[1],[6252]
74,56,286,1162,0.0009131122968817694,0.0009131122968817694,1,[1],[6304]
75,56,287,1156,0.0009156084174589284,0.0009156084174589284,2,"[1, 5]","[1649, 4625]"
76,56,287,1157,0.0009151404405923855,0.0009151404405923855,2,"[1, 5]","[4140, 2158]"
77,56,287,1157,0.0009158904405923892,7.500000000036774e-07,2,"[1, 5]","[338, 5902]"
78,56,287,1157,0.0009165604405923925,6.700000000032852e-07,2,"[1, 5]","[22, 6198]"
79,56,287,1158,0.0009140863698169817,0.0009140863698169817,2,"[1, 5]","[6293, 7]"
80,56,287,1158,0.0009156663698169894,1.580000000007747e-06,2,"[1, 5]","[4414, 1793]"
81,56,287,1158,0.0009167163698169946,1.0500000000051484e-06,2,"[1, 5]","[63, 6184]"
82,56,287,1159,0.0009134113309783279,0.0009134113309783279,1,[1],[6358]
83,56,287,1159,0.0009139713309783306,5.600000000027458e-07,1,[1],[6212]
84,56,287,1159,0.0009148713309783351,9.000000000044129e-07,2,"[1, 5]","[6185, 7]"
85,56,287,1160,0.0009129431540076434,0.0009129431540076434,1,[1],[6315]
86,56,287,1160,0.0009133631540076454,4.2000000000205935e-07,1,[1],[6263]
87,56,287,1160,0.0009137331540076473,3.700000000018142e-07,1,[1],[6198]
88,56,287,1160,0.0009142131540076496,4.800000000023535e-07,1,[1],[6278]
89,56,287,1161,0.0009125701443950101,0.0009125701443950101,1,[1],[6280]
90,56,287,1161,0.0009129401443950119,3.700000000018142e-07,1,[1],[6270]
91,56,287,1161,0.0009132301443950133,2.9000000000142193e-07,1,[1],[6270]
92,56,287,1161,0.0009135301443950148,3.0000000000147097e-07,1,[1],[6294]
93,56,287,1161,0.0009138801443950165,3.500000000017161e-07,1,[1],[6187]
94,56,287,1161,0.0009148301443950212,9.500000000046581e-07,1,[1],[6208]
95,56,287,1162,0.0009123091333774917,0.0009123091333774917,1,[1],[6324]
96,56,287,1162,0.0009126491333774934,3.400000000016671e-07,1,[1],[6280]
97,56,287,1162,0.0009129091333774946,2.6000000000127484e-07,1,[1],[6395]
98,56,287,1162,0.0009131491333774958,2.4000000000117677e-07,1,[1],[6205]
99,56,287,1162,0.000913389133377497,2.4000000000117677e-07,1,[1],[6118]
100,56,287,1162,0.0009136891333774985,3.0000000000147097e-07,1,[1],[6333]
101,56,287,1162,0.0009142291333775011,5.400000000026477e-07,1,[1],[6102]
102,56,287,1163,0.0009121573277475261,0.0009121573277475261,1,[1],[6359]
103,56,287,1163,0.0009124773277475277,3.2000000000156903e-07,1,[1],[6197]
104,56,287,1163,0.0009127373277475289,2.6000000000127484e-07,1,[1],[6433]
105,56,287,1163,0.00091295732774753,2.200000000010787e-07,1,[1],[6042]
106,56,287,1163,0.0009131973277475312,2.4000000000117677e-07,1,[1],[6441]
107,56,287,1163,0.0009134573277475325,2.6000000000127484e-07,1,[1],[6068]
108,56,287,1163,0.0009138573277475344,4.000000000019613e-07,1,[1],[6214]
109,56,287,1164,0.0009120183000351342,0.0009120183000351342,1,[1],[6266]
110,56,287,1164,0.0009123583000351359,3.400000000016671e-07,1,[1],[6447]
111,56,287,1164,0.0009126083000351371,2.500000000012258e-07,1,[1],[6152]
112,56,287,1164,0.0009128483000351383,2.4000000000117677e-07,1,[1],[6353]
113,56,287,1164,0.0009130983000351395,2.500000000012258e-07,1,[1],[6189]
114,56,287,1164,0.000913398300035141,3.0000000000147097e-07,1,[1],[6129]
115,56,287,1164,0.0009139983000351439,6.000000000029419e-07,1,[1],[6262]
116,56,287,1165,0.0009118765237425137,0.0009118765237425137,1,[1],[6351]
117,56,287,1165,0.0009122165237425154,3.400000000016671e-07,1,[1],[6223]
118,56,287,1165,0.0009124965237425167,2.800000000013729e-07,1,[1],[6390]
119,56,287,1165,0.000912746523742518,2.500000000012258e-07,1,[1],[6123]
120,56,287,1165,0.0009130265237425193,2.800000000013729e-07,1,[1],[6166]
121,56,287,1165,0.0009134365237425214,4.100000000020103e-07,1,[1],[6316]
122,56,287,1166,0.0009117310642572977,0.0009117310642572977,1,[1],[6334]
123,56,287,1166,0.0009120910642572994,3.6000000000176516e-07,1,[1],[6305]
124,56,287,1166,0.0009123810642573008,2.9000000000142193e-07,1,[1],[6293]
125,56,287,1166,0.0009126610642573022,2.800000000013729e-07,1,[1],[6140]
126,56,287,1166,0.0009130010642573039,3.400000000016671e-07,1,[1],[6223]
127,56,287,1166,0.0009137310642573075,7.300000000035793e-07,1,[1],[6220]
128,56,287,1167,0.0009115703267853093,0.0009115703267853093,1,[1],[6366]
129,56,287,1167,0.0009119503267853112,3.800000000018632e-07,1,[1],[6261]
130,56,287,1167,0.0009122603267853127,3.1000000000152e-07,1,[1],[6238]
131,56,287,1167,0.0009125903267853143,3.3000000000161806e-07,1,[1],[6280]
132,56,287,1167,0.0009130503267853166,4.600000000022555e-07,1,[1],[6193]
133,56,287,1168,0.0009114505470348616,0.0009114505470348616,1,[1],[6350]
134,56,287,1168,0.0009118505470348636,4.000000000019613e-07,1,[1],[6204]
135,56,287,1168,0.0009122105470348653,3.6000000000176516e-07,1,[1],[6317]
136,56,287,1168,0.0009126205470348673,4.100000000020103e-07,1,[1],[6189]
137,56,287,1169,0.0009113272770909709,0.0009113272770909709,1,[1],[6313]
138,56,287,1169,0.0009117672770909731,4.400000000021574e-07,1,[1],[6265]
139,56,287,1169,0.0009121772770909751,4.100000000020103e-07,1,[1],[6259]
140,56,287,1169,0.0009128072770909782,6.30000000003089e-07,1,[1],[6193]
141,56,287,1170,0.0009112405941633186,0.0009112405941633186,1,[1],[6254]
142,56,287,1170,0.000911720594163321,4.800000000023535e-07,1,[1],[6328]
143,56,287,1170,0.0009122405941633235,5.200000000025497e-07,1,[1],[6200]
144,56,287,1171,0.0009111708816807719,0.0009111708816807719,2,"[1, 3]","[6290, 2]"
145,56,287,1171,0.0009116808816807744,5.100000000025006e-07,2,"[1, 3]","[6242, 1]"
146,56,287,1171,0.0009123608816807777,6.800000000033342e-07,1,[1],[6227]
147,56,287,1172,0.0009110402888687837,0.0009110402888687837,3,"[1, 3, 172]","[6056, 278, 3]"
148,56,287,1172,0.0009116002888687865,5.600000000027458e-07,2,"[1, 3]","[5983, 226]"
149,56,287,1172,0.000912530288868791,9.3000000000456e-07,2,"[1, 3]","[6016, 197]"
150,56,287,1173,0.0009109863704663148,0.0009109863704663148,3,"[1, 3, 172]","[5889, 413, 27]"
151,56,287,1173,0.0009116063704663178,6.2000000000304e-07,2,"[1, 3]","[5733, 504]"
152,56,287,1174,0.0009109474885540439,0.0009109474885540439,4,"[1, 2, 3, 172]","[6282, 1, 6, 4]"
153,56,287,1174,0.0009116974885540475,7.500000000036774e-07,3,"[1, 2, 3]","[6267, 1, 7]"
154,56,287,1175,0.0009108872702899365,0.0009108872702899365,2,"[1, 2]","[6035, 241]"
155,56,287,1175,0.0009119472702899417,1.0600000000051974e-06,2,"[1, 2]","[6055, 200]"
156,56,287,1176,0.0009109677516581137,0.0009109677516581137,2,"[1, 2]","[5921, 354]"
157,56,287,1177,0.0009111118584289227,0.0009111118584289227,2,"[1, 2]","[6265, 8]"
158,56,287,1178,0.0009112834828967016,0.0009112834828967016,1,[1],[6253]
159,56,287,1179,0.0009118040955707166,0.0009118040955707166,1,[1],[6252]
160,56,288,1158,0.0009166137708931465,0.0009166137708931465,2,"[1, 5]","[20, 6252]"
161,56,288,1158,0.0009177737708931521,1.1600000000056877e-06,1,[5],[6239]
162,56,288,1159,0.0009167993576341425,0.0009167993576341425,2,"[1, 5]","[84, 6203]"
163,56,288,1159,0.0009174593576341457,6.600000000032361e-07,1,[5],[6263]
164,56,288,1160,0.0009180381367736374,0.0009180381367736374,2,"[1, 5]","[296, 5972]"
165,56,288,1164,0.0009130628965436863,0.0009130628965436863,1,[1],[6291]
166,56,288,1165,0.0009126569915048152,0.0009126569915048152,1,[1],[6273]
167,56,288,1166,0.000912331326133639,0.000912331326133639,1,[1],[6256]
168,56,288,1166,0.0009134413261336445,1.1100000000054426e-06,1,[1],[6267]
169,56,288,1167,0.0009119779921968207,0.0009119779921968207,1,[1],[6316]
170,56,288,1167,0.000912657992196824,6.800000000033342e-07,1,[1],[6227]
171,56,288,1168,0.0009116623452405585,0.0009116623452405585,1,[1],[6267]
172,56,288,1168,0.0009122223452405613,5.600000000027458e-07,1,[1],[6314]
173,56,288,1168,0.0009130723452405654,8.500000000041677e-07,1,[1],[6182]
174,56,288,1169,0.0009114045357732775,0.0009114045357732775,1,[1],[6268]
175,56,288,1169,0.0009118945357732799,4.900000000024026e-07,1,[1],[6318]
176,56,288,1169,0.0009124145357732825,5.200000000025497e-07,1,[1],[6178]
177,56,288,1170,0.0009111652324863736,0.0009111652324863736,1,[1],[6362]
178,56,288,1170,0.0009115952324863757,4.300000000021084e-07,1,[1],[6224]
179,56,288,1170,0.0009120052324863777,4.100000000020103e-07,1,[1],[6208]
180,56,288,1170,0.0009126552324863809,6.500000000031871e-07,1,[1],[6228]
181,56,288,1171,0.0009109699842273324,0.0009109699842273324,1,[1],[6252]
182,56,288,1171,0.0009113899842273345,4.2000000000205935e-07,1,[1],[6305]
183,56,288,1171,0.0009117599842273363,3.700000000018142e-07,1,[1],[6209]
184,56,288,1171,0.0009122399842273386,4.800000000023535e-07,1,[1],[6294]
185,56,288,1172,0.0009107807649967026,0.0009107807649967026,2,"[1, 3]","[6040, 256]"
186,56,288,1172,0.0009111807649967046,4.000000000019613e-07,2,"[1, 3]","[6104, 234]"
187,56,288,1172,0.0009115007649967062,3.2000000000156903e-07,2,"[1, 3]","[5950, 218]"
188,56,288,1172,0.000911880764996708,3.800000000018632e-07,2,"[1, 3]","[6090, 219]"
189,56,288,1172,0.0009126107649967116,7.300000000035793e-07,2,"[1, 3]","[5926, 226]"
190,56,288,1173,0.0009106453286424281,0.0009106453286424281,2,"[1, 3]","[5946, 380]"
191,56,288,1173,0.0009110453286424301,4.000000000019613e-07,2,"[1, 3]","[5972, 399]"
192,56,288,1173,0.0009113753286424317,3.3000000000161806e-07,2,"[1, 3]","[5833, 395]"
193,56,288,1173,0.0009117353286424335,3.6000000000176516e-07,2,"[1, 3]","[5816, 402]"
194,56,288,1173,0.0009123753286424366,6.400000000031381e-07,2,"[1, 3]","[5676, 432]"
195,56,288,1174,0.0009105025833427527,0.0009105025833427527,3,"[1, 2, 3]","[6279, 4, 2]"
196,56,288,1174,0.0009108925833427546,3.9000000000191225e-07,3,"[1, 2, 3]","[6263, 3, 8]"
197,56,288,1174,0.0009112125833427562,3.2000000000156903e-07,3,"[1, 2, 3]","[6186, 2, 7]"
198,56,288,1174,0.0009115625833427579,3.500000000017161e-07,3,"[1, 2, 3]","[6256, 2, 9]"
199,56,288,1174,0.0009121425833427607,5.800000000028439e-07,3,"[1, 2, 3]","[6237, 1, 11]"
200,56,288,1175,0.0009103083170317775,0.0009103083170317775,2,"[1, 2]","[6009, 334]"
201,56,288,1175,0.0009106783170317794,3.700000000018142e-07,2,"[1, 2]","[6000, 250]"
202,56,288,1175,0.0009109783170317808,3.0000000000147097e-07,2,"[1, 2]","[5961, 266]"
203,56,288,1175,0.0009112883170317823,3.1000000000152e-07,2,"[1, 2]","[6095, 264]"
204,56,288,1175,0.0009116783170317843,3.9000000000191225e-07,2,"[1, 2]","[5962, 221]"
205,56,288,1176,0.0009102086474802475,0.0009102086474802475,2,"[1, 2]","[5939, 332]"
206,56,288,1176,0.0009105886474802494,3.800000000018632e-07,2,"[1, 2]","[6057, 358]"
207,56,288,1176,0.0009108986474802509,3.1000000000152e-07,2,"[1, 2]","[5882, 323]"
208,56,288,1176,0.0009112286474802525,3.3000000000161806e-07,2,"[1, 2]","[5825, 350]"
209,56,288,1176,0.0009117186474802549,4.900000000024026e-07,2,"[1, 2]","[5840, 361]"
210,56,288,1177,0.0009100924314837647,0.0009100924314837647,2,"[1, 2]","[6288, 2]"
211,56,288,1177,0.0009104824314837666,3.9000000000191225e-07,2,"[1, 2]","[6270, 5]"
212,56,288,1177,0.0009107924314837681,3.1000000000152e-07,2,"[1, 2]","[6182, 5]"
213,56,288,1177,0.0009111324314837698,3.400000000016671e-07,2,"[1, 2]","[6255, 8]"
214,56,288,1177,0.0009116424314837723,5.100000000025006e-07,2,"[1, 2]","[6261, 3]"
215,56,288,1178,0.0009099931539200621,0.0009099931539200621,1,[1],[6306]
216,56,288,1178,0.000910373153920064,3.800000000018632e-07,1,[1],[6341]
217,56,288,1178,0.0009106831539200655,3.1000000000152e-07,1,[1],[6301]
218,56,288,1178,0.0009110031539200671,3.2000000000156903e-07,1,[1],[6084]
219,56,288,1178,0.0009114631539200693,4.600000000022555e-07,1,[1],[6281]
220,56,288,1179,0.0009099149831610829,0.0009099149831610829,1,[1],[6383]
221,56,288,1179,0.0009102849831610847,3.700000000018142e-07,1,[1],[6217]
222,56,288,1179,0.0009106049831610863,3.2000000000156903e-07,1,[1],[6242]
223,56,288,1179,0.0009109349831610879,3.3000000000161806e-07,1,[1],[6247]
224,56,288,1179,0.0009114349831610903,5.000000000024516e-07,1,[1],[6188]
225,56,288,1180,0.0009098256778643715,0.0009098256778643715,1,[1],[6383]
226,56,288,1180,0.0009101956778643733,3.700000000018142e-07,1,[1],[6310]
227,56,288,1180,0.0009104956778643748,3.0000000000147097e-07,1,[1],[6074]
228,56,288,1180,0.0009108156778643763,3.2000000000156903e-07,1,[1],[6316]
229,56,288,1180,0.0009112556778643785,4.400000000021574e-07,1,[1],[6247]
230,56,288,1181,0.0009097551606547913,0.0009097551606547913,1,[1],[6293]
231,56,288,1181,0.0009101351606547931,3.800000000018632e-07,1,[1],[6283]
232,56,288,1181,0.0009104451606547947,3.1000000000152e-07,1,[1],[6229]
233,56,288,1181,0.0009107751606547963,3.3000000000161806e-07,1,[1],[6257]
234,56,288,1181,0.0009112651606547987,4.900000000024026e-07,1,[1],[6251]
235,56,288,1182,0.0009097257144367226,0.0009097257144367226,1,[1],[6317]
236,56,288,1182,0.0009101057144367244,3.800000000018632e-07,1,[1],[6267]
237,56,288,1182,0.000910415714436726,3.1000000000152e-07,1,[1],[6195]
238,56,288,1182,0.0009107557144367276,3.400000000016671e-07,1,[1],[6276]
239,56,288,1182,0.0009112757144367302,5.200000000025497e-07,1,[1],[6217]
240,56,288,1183,0.0009096981048620079,0.0009096981048620079,1,[1],[6262]
241,56,288,1183,0.0009100881048620098,3.9000000000191225e-07,1,[1],[6340]
242,56,288,1183,0.0009104081048620114,3.2000000000156903e-07,1,[1],[6331]
243,56,288,1183,0.000910738104862013,3.3000000000161806e-07,1,[1],[6105]
244,56,288,1183,0.0009112481048620155,5.100000000025006e-07,1,[1],[6247]
245,56,288,1184,0.0009097054281465929,0.0009097054281465929,1,[1],[6264]
246,56,288,1184,0.0009100954281465948,3.9000000000191225e-07,1,[1],[6387]
247,56,288,1184,0.0009104154281465963,3.2000000000156903e-07,1,[1],[6271]
248,56,288,1184,0.000910765428146598,3.500000000017161e-07,1,[1],[6222]
249,56,288,1184,0.0009113154281466007,5.500000000026968e-07,1,[1],[6140]
250,56,288,1185,0.0009096936031062477,0.0009096936031062477,1,[1],[6307]
251,56,288,1185,0.0009100736031062496,3.800000000018632e-07,1,[1],[6276]
252,56,288,1185,0.0009103936031062511,3.2000000000156903e-07,1,[1],[6278]
253,56,288,1185,0.0009107336031062528,3.400000000016671e-07,1,[1],[6184]
254,56,288,1185,0.0009112736031062555,5.400000000026477e-07,1,[1],[6255]
255,56,288,1186,0.0009096464114917521,0.0009096464114917521,1,[1],[6315]
256,56,288,1186,0.0009100164114917539,3.700000000018142e-07,1,[1],[6231]
257,56,288,1186,0.0009103364114917555,3.2000000000156903e-07,1,[1],[6394]
258,56,288,1186,0.000910656411491757,3.2000000000156903e-07,1,[1],[6087]
259,56,288,1186,0.0009111464114917594,4.900000000024026e-07,1,[1],[6282]
260,56,288,1187,0.0009096238297738704,0.0009096238297738704,1,[1],[6343]
261,56,288,1187,0.0009100038297738723,3.800000000018632e-07,1,[1],[6339]
262,56,288,1187,0.0009103138297738738,3.1000000000152e-07,1,[1],[6075]
263,56,288,1187,0.0009106638297738755,3.500000000017161e-07,1,[1],[6396]
264,56,288,1187,0.0009111938297738781,5.300000000025987e-07,1,[1],[6174]
265,56,288,1188,0.0009099757293830482,0.0009099757293830482,1,[1],[6323]
266,56,288,1188,0.0009106057293830513,6.30000000003089e-07,1,[1],[6187]
267,56,289,1160,0.0009175285074737443,0.0009175285074737443,1,[5],[6273]
268,56,289,1160,0.0009182285074737477,7.000000000034323e-07,1,[5],[6243]
269,56,289,1161,0.0009180623740451605,0.0009180623740451605,2,"[5, 6]","[6260, 2]"
270,56,289,1161,0.0009189523740451649,8.900000000043639e-07,2,"[5, 6]","[6261, 20]"
271,56,290,1161,0.0009185879266605272,0.0009185879266605272,2,"[5, 6]","[6167, 123]"
272,56,290,1162,0.0009184705041071038,0.0009184705041071038,2,"[5, 6]","[5167, 1117]"
273,56,290,1162,0.0009189605041071062,4.900000000024026e-07,2,"[5, 6]","[4529, 1692]"
274,56,290,1162,0.0009194505041071086,4.900000000024026e-07,2,"[5, 6]","[4234, 2084]"
275,56,290,1163,0.0009193351781865911,0.0009193351781865911,2,"[5, 6]","[5531, 721]"
276,56,291,1163,0.0009192724760850012,0.0009192724760850012,2,"[5, 6]","[6211, 129]"
277,56,291,1163,0.0009199924760850048,7.200000000035303e-07,2,"[5, 6]","[6107, 99]"
278,56,291,1164,0.0009196296425280947,0.0009196296425280947,1,[5],[6265]
279,56,291,1164,0.0009203696425280983,7.400000000036284e-07,1,[5],[6287]
280,56,292,1164,0.0009203324227033381,0.0009203324227033381,1,[5],[6287]
281,56,292,1165,0.0009201433761862188,0.0009201433761862188,1,[5],[6290]
282,56,292,1165,0.0009207633761862218,6.2000000000304e-07,1,[5],[6272]
283,56,292,1166,0.0009210123753781805,0.0009210123753781805,1,[5],[6260]
284,56,293,1166,0.0009208473762213258,0.0009208473762213258,1,[5],[6298]
285,56,293,1166,0.0009216273762213296,7.800000000038245e-07,1,[5],[6258]
286,56,293,1167,0.0009212164573267087,0.0009212164573267087,1,[5],[6275]
287,56,293,1167,0.0009219264573267122,7.100000000034813e-07,1,[5],[6233]
288,56,294,1167,0.0009219137586656491,0.0009219137586656491,2,"[5, 7]","[6255, 49]"
289,56,294,1168,0.0009215679651360314,0.0009215679651360314,2,"[5, 7]","[4854, 1427]"
290,56,294,1168,0.0009220279651360337,4.600000000022555e-07,3,"[5, 7, 8]","[4376, 1845, 1]"
291,56,294,1168,0.0009224579651360358,4.300000000021084e-07,2,"[5, 7]","[3930, 2354]"
292,56,294,1168,0.0009230279651360386,5.700000000027948e-07,2,"[5, 7]","[3370, 2865]"
293,56,294,1169,0.0009220165182050058,0.0009220165182050058,3,"[5, 7, 8]","[3267, 2981, 35]"
294,56,294,1169,0.0009225765182050086,5.600000000027458e-07,3,"[5, 7, 8]","[3120, 3054, 89]"
295,56,294,1169,0.000923286518205012,7.100000000034813e-07,3,"[5, 7, 8]","[2950, 3193, 93]"
296,56,295,1168,0.0009228492951252711,0.0009228492951252711,3,"[5, 7, 8]","[3303, 2946, 8]"
297,56,295,1169,0.0009221473387083977,0.0009221473387083977,3,"[5, 7, 8]","[4473, 1424, 427]"
298,56,295,1169,0.0009226673387084003,5.200000000025497e-07,3,"[5, 7, 8]","[4328, 1258, 677]"
299,56,295,1169,0.0009232073387084029,5.400000000026477e-07,3,"[5, 7, 8]","[4201, 1184, 820]"
300,56,295,1170,0.0009225509586344658,0.0009225509586344658,4,"[5, 7, 8, 9]","[5220, 26, 1079, 2]"
301,56,295,1170,0.0009231409586344687,5.900000000028929e-07,3,"[5, 7, 8]","[5194, 12, 1013]"
302,56,295,1170,0.0009242709586344743,1.1300000000055406e-06,3,"[5, 7, 8]","[5301, 18, 894]"
303,56,295,1197,0.0009886218543625857,0.0009886218543625857,1,[151],[6255]
304,56,296,1170,0.0009232602428678544,0.0009232602428678544,4,"[5, 7, 8, 9]","[5986, 1, 267, 23]"
305,56,296,1171,0.0009229650481579791,0.0009229650481579791,3,"[5, 8, 9]","[4843, 1, 1471]"
306,56,296,1171,0.0009234350481579814,4.700000000023045e-07,3,"[5, 8, 9]","[4599, 1, 1625]"
307,56,296,1171,0.0009239150481579838,4.800000000023535e-07,2,"[5, 9]","[4568, 1671]"
308,56,296,1172,0.0009234380987679514,0.0009234380987679514,2,"[5, 9]","[3348, 2950]"
309,56,296,1172,0.0009242480987679554,8.100000000039716e-07,2,"[5, 9]","[4132, 2108]"
310,56,297,1171,0.000924237084605885,0.000924237084605885,2,"[5, 9]","[3681, 2571]"
311,56,297,1172,0.000923534237853056,0.000923534237853056,2,"[5, 9]","[4739, 1511]"
312,56,297,1172,0.0009241642378530591,6.30000000003089e-07,2,"[5, 9]","[5485, 845]"
313,56,297,1173,0.000924022638200606,0.000924022638200606,2,"[5, 9]","[6247, 17]"
314,56,297,1173,0.0009247826382006097,7.600000000037264e-07,2,"[5, 9]","[6261, 3]"
315,56,298,1173,0.0009246097530445247,0.0009246097530445247,2,"[5, 10]","[6275, 8]"
316,56,298,1174,0.0009243549916816378,0.0009243549916816378,2,"[5, 10]","[5884, 386]"
317,56,298,1174,0.0009249049916816405,5.500000000026968e-07,2,"[5, 10]","[5520, 760]"
318,56,298,1174,0.0009255749916816438,6.700000000032852e-07,2,"[5, 10]","[4843, 1412]"
319,56,298,1175,0.0009249734746633974,0.0009249734746633974,2,"[5, 10]","[4887, 1419]"
320,56,298,1175,0.0009257434746634012,7.700000000037755e-07,2,"[5, 10]","[3431, 2797]"
321,56,298,1175,0.0009266534746634056,9.100000000044619e-07,2,"[5, 10]","[1107, 5181]"
322,56,299,1174,0.0009261761567493505,0.0009261761567493505,2,"[5, 10]","[4167, 2092]"
323,56,299,1175,0.0009248882478652245,0.0009248882478652245,2,"[5, 10]","[5653, 678]"
324,56,299,1175,0.0009254682478652273,5.800000000028439e-07,2,"[5, 10]","[5053, 1147]"
325,56,299,1175,0.0009261482478652306,6.800000000033342e-07,2,"[5, 10]","[3721, 2561]"
326,56,299,1175,0.0009269882478652347,8.400000000041187e-07,2,"[5, 10]","[1099, 5161]"
327,56,299,1175,0.0009278882478652392,9.000000000044129e-07,2,"[5, 10]","[51, 6147]"
328,56,299,1175,0.0009289682478652445,1.0800000000052955e-06,1,[10],[6281]
329,56,299,1176,0.0009251969861467152,0.0009251969861467152,2,"[5, 10]","[6268, 36]"
330,56,299,1176,0.0009258969861467186,7.000000000034323e-07,2,"[5, 10]","[6014, 196]"
331,56,299,1176,0.0009270769861467244,1.1800000000057858e-06,2,"[5, 10]","[3558, 2723]"
332,56,299,1176,0.0009280869861467293,1.0100000000049522e-06,2,"[5, 10]","[108, 6143]"
333,56,299,1176,0.0009290569861467341,9.700000000047561e-07,1,[10],[6226]
334,56,300,1175,0.0009286588318614574,0.0009286588318614574,2,"[5, 10]","[1345, 4935]"
335,56,300,1175,0.0009293488318614608,6.900000000033832e-07,1,[10],[6220]
336,56,300,1175,0.0009310088318614689,1.6600000000081393e-06,1,[10],[6251]
337,56,300,1176,0.0009259253966819021,0.0009259253966819021,2,"[5, 10]","[6254, 15]"
338,56,300,1176,0.000928555396681915,2.6300000000128955e-06,2,"[5, 10]","[2667, 3572]"
339,56,300,1176,0.0009301953966819231,1.6400000000080413e-06,2,"[5, 10]","[1, 6245]"
340,56,300,1177,0.000925535718020865,0.000925535718020865,2,"[5, 10]","[6349, 1]"
341,56,300,1177,0.0009261657180208681,6.30000000003089e-07,2,"[5, 10]","[6243, 1]"
342,56,300,1178,0.0009262407935725337,0.0009262407935725337,1,[5],[6298]
343,56,301,1178,0.000926122112459593,0.000926122112459593,1,[5],[6266]
344,56,301,1178,0.0009269821124595972,8.600000000042168e-07,1,[5],[6268]
345,56,301,1179,0.0009262783399836828,0.0009262783399836828,1,[5],[6258]
346,56,301,1179,0.0009269883399836863,7.100000000034813e-07,1,[5],[6313]
347,56,302,1179,0.0009271747127400498,0.0009271747127400498,1,[5],[6275]
348,56,302,1180,0.000926660565215111,0.000926660565215111,1,[5],[6332]
349,56,302,1180,0.0009273005652151141,6.400000000031381e-07,1,[5],[6231]
350,56,302,1181,0.0009272558810825202,0.0009272558810825202,2,"[5, 11]","[6273, 8]"
351,56,303,1181,0.0009272998134795819,0.0009272998134795819,2,"[5, 11]","[6158, 124]"
352,56,303,1181,0.0009283098134795869,1.0100000000049522e-06,2,"[5, 11]","[6016, 223]"
353,56,303,1182,0.0009272288708910147,0.0009272288708910147,2,"[5, 11]","[4928, 1364]"
354,56,303,1182,0.0009277588708910173,5.300000000025987e-07,2,"[5, 11]","[4760, 1463]"
355,56,303,1182,0.0009284188708910205,6.600000000032361e-07,2,"[5, 11]","[4839, 1440]"
356,56,303,1183,0.0009283786524069312,0.0009283786524069312,2,"[5, 11]","[5512, 750]"
357,56,304,1182,0.0009282289030018718,0.0009282289030018718,2,"[5, 11]","[5214, 1071]"
358,56,304,1183,0.000927621762676408,0.000927621762676408,2,"[5, 11]","[6141, 116]"
359,56,304,1183,0.0009282417626764111,6.2000000000304e-07,2,"[5, 11]","[6208, 60]"
360,56,304,1184,0.0009279763750929237,0.0009279763750929237,1,[5],[6251]
361,56,304,1184,0.0009288863750929281,9.100000000044619e-07,1,[5],[6286]
362,56,305,1184,0.0009282250947991019,0.0009282250947991019,1,[5],[6285]
363,56,305,1185,0.0009280759170996386,0.0009280759170996386,1,[5],[6328]
364,56,305,1185,0.0009286759170996416,6.000000000029419e-07,1,[5],[6236]
365,56,305,1186,0.0009287948206836362,0.0009287948206836362,1,[5],[6257]
366,56,306,1186,0.0009284458500336957,0.0009284458500336957,1,[5],[6320]
367,56,306,1186,0.0009291558500336992,7.100000000034813e-07,1,[5],[6192]
368,56,306,1187,0.0009286038047613198,0.0009286038047613198,1,[5],[6280]
369,56,306,1187,0.0009293138047613233,7.100000000034813e-07,1,[5],[6240]
370,56,307,1187,0.000929249698935937,0.000929249698935937,1,[5],[6293]
371,56,307,1188,0.0009287940243707314,0.0009287940243707314,2,"[5, 12]","[6111, 167]"
372,56,307,1188,0.0009293840243707343,5.900000000028929e-07,2,"[5, 12]","[6061, 235]"
373,56,307,1188,0.00093054402437074,1.1600000000056877e-06,2,"[5, 12]","[5912, 268]"
374,56,307,1189,0.0009291267560656184,0.0009291267560656184,2,"[5, 12]","[4986, 1318]"
375,56,307,1189,0.0009299767560656225,8.500000000041677e-07,2,"[5, 12]","[4894, 1335]"
376,56,308,1189,0.0009291339658641609,0.0009291339658641609,2,"[5, 12]","[5312, 999]"
377,56,308,1189,0.0009298639658641644,7.300000000035793e-07,2,"[5, 12]","[5350, 883]"
378,56,308,1190,0.0009291161486111862,0.0009291161486111862,2,"[5, 12]","[6210, 70]"
379,56,308,1190,0.0009297161486111891,6.000000000029419e-07,2,"[5, 12]","[6209, 68]"
380,56,308,1191,0.0009299689177728412,0.0009299689177728412,1,[5],[6287]
381,56,309,1190,0.0009306630466664088,0.0009306630466664088,1,[5],[6255]
382,56,309,1191,0.0009292757605071129,0.0009292757605071129,1,[5],[6314]
383,56,309,1191,0.0009299157605071161,6.400000000031381e-07,1,[5],[6223]
384,56,309,1192,0.0009294338288345589,0.0009294338288345589,1,[5],[6321]
385,56,309,1192,0.0009301838288345626,7.500000000036774e-07,1,[5],[6248]
386,56,310,1192,0.0009298108783178823,0.0009298108783178823,1,[5],[6306]
387,56,310,1193,0.0009294132833646031,0.0009294132833646031,1,[5],[6291]
388,56,310,1193,0.0009299932833646059,5.800000000028439e-07,1,[5],[6239]
389,56,310,1193,0.0009311632833646117,1.1700000000057368e-06,1,[5],[6224]
390,56,310,1194,0.0009298645753804017,0.0009298645753804017,1,[5],[6303]
391,56,311,1194,0.0009297152682806877,0.0009297152682806877,1,[5],[6257]
392,56,311,1194,0.000930585268280692,8.700000000042658e-07,1,[5],[6257]
393,56,311,1195,0.0009296499780976999,0.0009296499780976999,1,[5],[6316]
394,56,311,1195,0.0009302499780977028,6.000000000029419e-07,1,[5],[6190]
395,56,311,1196,0.0009306376488030492,0.0009306376488030492,1,[5],[6269]
396,56,312,1195,0.0009308057511564957,0.0009308057511564957,1,[5],[6253]
397,56,312,1196,0.0009297936445763435,0.0009297936445763435,1,[5],[6278]
398,56,312,1196,0.0009304236445763466,6.30000000003089e-07,1,[5],[6282]
399,56,312,1197,0.0009300208920161317,0.0009300208920161317,1,[5],[6312]
400,56,312,1197,0.000930910892016136,8.900000000043639e-07,1,[5],[6192]
401,56,313,1197,0.0009303634024426398,0.0009303634024426398,1,[5],[6251]
402,56,313,1198,0.0009299324971511257,0.0009299324971511257,1,[5],[6297]
403,56,313,1198,0.0009305224971511286,5.900000000028929e-07,1,[5],[6210]
404,56,313,1199,0.0009305263373501229,0.0009305263373501229,1,[5],[6257]
405,56,314,1199,0.0009300994678327316,0.0009300994678327316,1,[5],[6337]
406,56,314,1199,0.000930779467832735,6.800000000033342e-07,1,[5],[6191]
407,56,314,1200,0.000930172034230451,0.000930172034230451,1,[5],[6276]
408,56,314,1200,0.0009309120342304546,7.400000000036284e-07,1,[5],[6290]
409,56,315,1200,0.0009305733006714837,0.0009305733006714837,1,[5],[6277]
410,56,315,1201,0.0009301240099742178,0.0009301240099742178,1,[5],[6304]
411,56,315,1201,0.0009307040099742206,5.800000000028439e-07,1,[5],[6210]
412,56,315,1201,0.0009319040099742265,1.2000000000058839e-06,1,[5],[6236]
413,56,315,1202,0.0009306865355798133,0.0009306865355798133,1,[5],[6304]
414,56,316,1202,0.0009303091890340573,0.0009303091890340573,1,[5],[6250]
415,56,316,1202,0.0009310391890340609,7.300000000035793e-07,1,[5],[6281]
416,56,316,1203,0.0009303377581373124,0.0009303377581373124,1,[5],[6347]
417,56,316,1203,0.0009310277581373158,6.900000000033832e-07,1,[5],[6242]
418,56,317,1203,0.0009308426877664831,0.0009308426877664831,1,[5],[6260]
419,56,317,1204,0.0009303637954051847,0.0009303637954051847,1,[5],[6296]
420,56,317,1204,0.0009309737954051877,6.10000000002991e-07,1,[5],[6279]
421,56,317,1205,0.0009308309027817212,0.0009308309027817212,1,[5],[6301]
422,56,318,1205,0.0009305080366487642,0.0009305080366487642,1,[5],[6272]
423,56,318,1205,0.0009312480366487679,7.400000000036284e-07,1,[5],[6271]
424,56,318,1206,0.0009304796890792342,0.0009304796890792342,1,[5],[6308]
425,56,318,1206,0.0009311196890792374,6.400000000031381e-07,1,[5],[6247]
426,56,319,1206,0.0009310097386268713,0.0009310097386268713,1,[5],[6290]
427,56,319,1207,0.0009304945171132757,0.0009304945171132757,1,[5],[6282]
428,56,319,1207,0.0009310445171132784,5.500000000026968e-07,1,[5],[6264]
429,56,319,1207,0.0009318745171132825,8.300000000040697e-07,1,[5],[6204]
430,56,319,1208,0.000930930515733223,0.000930930515733223,1,[5],[6267]
431,56,320,1208,0.0009306879451442559,0.0009306879451442559,1,[5],[6259]
432,56,320,1208,0.0009314179451442594,7.300000000035793e-07,1,[5],[6265]
433,56,320,1209,0.0009306839429695481,0.0009306839429695481,1,[5],[6330]
434,56,320,1209,0.0009313139429695512,6.30000000003089e-07,1,[5],[6171]
435,56,321,1209,0.0009311759093802741,0.0009311759093802741,1,[5],[6277]
436,56,321,1210,0.0009306665621427808,0.0009306665621427808,1,[5],[6263]
437,56,321,1210,0.0009312365621427836,5.700000000027948e-07,1,[5],[6237]
438,56,321,1210,0.0009321665621427882,9.3000000000456e-07,1,[5],[6273]
439,56,321,1211,0.0009311325597731213,0.0009311325597731213,1,[5],[6258]
440,56,322,1211,0.000930852984270743,0.000930852984270743,1,[5],[6257]
441,56,322,1211,0.0009315629842707464,7.100000000034813e-07,1,[5],[6298]
442,56,322,1212,0.0009307978436148262,0.0009307978436148262,1,[5],[6259]
443,56,322,1212,0.0009314078436148292,6.10000000002991e-07,1,[5],[6251]
444,56,323,1212,0.0009311051774807056,0.0009311051774807056,1,[5],[6309]
445,56,323,1213,0.0009306773151509828,0.0009306773151509828,1,[5],[6295]
446,56,323,1213,0.0009312073151509854,5.300000000025987e-07,1,[5],[6215]
447,56,323,1213,0.0009318773151509886,6.700000000032852e-07,1,[5],[6308]
448,56,323,1214,0.0009313345693966182,0.0009313345693966182,1,[5],[6298]
449,56,324,1213,0.0009327848091406762,0.0009327848091406762,1,[5],[6251]
450,56,324,1214,0.0009307199028570814,0.0009307199028570814,1,[5],[6274]
451,56,324,1214,0.0009312699028570841,5.500000000026968e-07,1,[5],[6241]
452,56,324,1214,0.0009321099028570882,8.400000000041187e-07,1,[5],[6268]
453,56,324,1215,0.0009309031579099843,0.0009309031579099843,1,[5],[6286]
454,56,324,1215,0.0009317131579099883,8.100000000039716e-07,1,[5],[6231]
455,56,325,1215,0.0009308867774028135,0.0009308867774028135,1,[5],[6312]
456,56,325,1215,0.0009316667774028173,7.800000000038245e-07,1,[5],[6200]
457,56,325,1216,0.0009307127771735255,0.0009307127771735255,1,[5],[6369]
458,56,325,1216,0.0009312727771735282,5.600000000027458e-07,1,[5],[6190]
459,56,325,1216,0.0009321527771735326,8.800000000043148e-07,1,[5],[6199]
460,56,326,1216,0.0009313771519918074,0.0009313771519918074,2,"[5, 13]","[6285, 6]"
461,56,326,1217,0.0009306858730580837,0.0009306858730580837,2,"[5, 13]","[5846, 462]"
462,56,326,1217,0.0009311958730580862,5.100000000025006e-07,2,"[5, 13]","[5568, 655]"
463,56,326,1217,0.0009318158730580893,6.2000000000304e-07,2,"[5, 13]","[5378, 848]"
464,56,326,1218,0.0009309439377059744,0.0009309439377059744,4,"[5, 13, 14, 150]","[4749, 1535, 2, 8]"
465,56,326,1218,0.0009317039377059782,7.600000000037264e-07,2,"[5, 13]","[4010, 2257]"
466,56,327,1217,0.0009322233277996706,0.0009322233277996706,2,"[5, 13]","[4283, 1983]"
467,56,327,1218,0.0009306599237517385,0.0009306599237517385,5,"[5, 13, 14, 149, 150]","[5200, 794, 108, 21, 142]"
468,56,327,1218,0.0009311899237517411,5.300000000025987e-07,3,"[5, 13, 14]","[5075, 1188, 82]"
469,56,327,1218,0.0009317899237517441,6.000000000029419e-07,3,"[5, 13, 14]","[4448, 1639, 76]"
470,56,327,1219,0.0009226511994053992,0.0009226511994053992,3,"[149, 150, 161]","[1206, 5057, 1]"
471,56,327,1219,0.0009306011994054382,7.95000000003898e-06,5,"[5, 13, 14, 149, 150]","[4707, 18, 764, 55, 707]"
472,56,327,1219,0.0009312111994054412,6.10000000002991e-07,3,"[5, 13, 14]","[5397, 26, 901]"
473,56,327,1219,0.0009323111994054466,1.1000000000053935e-06,3,"[5, 13, 14]","[5128, 82, 958]"
474,56,327,1220,0.0009310959513440263,0.0009310959513440263,5,"[5, 14, 149, 150, 161]","[2197, 229, 1005, 2835, 2]"
475,56,328,1219,0.000921311426036538,0.000921311426036538,2,"[149, 150]","[5967, 321]"
476,56,328,1219,0.0009225714260365442,1.260000000006178e-06,4,"[149, 150, 161, 164]","[5259, 952, 5, 2]"
477,56,328,1219,0.0009307414260365843,8.17000000004006e-06,5,"[5, 14, 149, 150, 161]","[4784, 784, 521, 209, 2]"
478,56,328,1219,0.0009315614260365883,8.200000000040206e-07,3,"[5, 13, 14]","[5237, 1, 991]"
479,56,328,1220,0.000921791887615112,0.000921791887615112,4,"[149, 150, 161, 164]","[5940, 336, 9, 3]"
480,56,328,1220,0.0009301918876151532,8.400000000041187e-06,6,"[5, 14, 149, 150, 161, 164]","[3082, 36, 2715, 389, 9, 4]"
481,56,328,1220,0.0009308218876151563,6.30000000003089e-07,2,"[5, 14]","[6155, 86]"
482,56,328,1220,0.000931391887615159,5.700000000027948e-07,2,"[5, 14]","[6179, 84]"
483,56,328,1221,0.0009311254159669048,0.0009311254159669048,4,"[5, 149, 150, 164]","[6155, 94, 1, 1]"
484,56,329,1220,0.0009315669210909383,0.0009315669210909383,4,"[5, 14, 149, 161]","[5086, 1, 1162, 2]"
485,56,329,1221,0.0009305159392924635,0.0009305159392924635,2,"[5, 149]","[6277, 8]"
486,56,329,1221,0.0009311159392924664,6.000000000029419e-07,1,[5],[6241]
487,56,329,1222,0.0009305981216748644,0.0009305981216748644,1,[5],[6253]
488,56,329,1222,0.000931318121674868,7.200000000035303e-07,1,[5],[6298]
489,56,330,1222,0.0009307152991821135,0.0009307152991821135,1,[5],[6264]
490,56,330,1222,0.0009323252991821214,1.6100000000078942e-06,1,[5],[6237]
491,56,330,1223,0.0009303519505924368,0.0009303519505924368,1,[5],[6313]
492,56,330,1223,0.0009309119505924396,5.600000000027458e-07,1,[5],[6275]
493,56,330,1223,0.0009317819505924439,8.700000000042658e-07,1,[5],[6178]
494,56,330,1224,0.0009310476286160019,0.0009310476286160019,1,[5],[6278]
495,56,331,1224,0.0009303815505929457,0.0009303815505929457,1,[5],[6310]
496,56,331,1224,0.0009310115505929488,6.30000000003089e-07,1,[5],[6248]
497,56,331,1225,0.0009304929082041683,0.0009304929082041683,1,[5],[6336]
498,56,331,1225,0.0009311729082041717,6.800000000033342e-07,1,[5],[6167]
499,56,332,1225,0.0009308844977169222,0.0009308844977169222,1,[5],[6297]
500,56,332,1226,0.0009305326805281231,0.0009305326805281231,1,[5],[6341]
501,56,332,1226,0.0009310626805281257,5.300000000025987e-07,1,[5],[6166]
502,56,332,1226,0.0009318526805281296,7.900000000038735e-07,1,[5],[6258]
503,56,332,1227,0.000930972936481608,0.000930972936481608,1,[5],[6320]
504,56,333,1227,0.0009308470293886323,0.0009308470293886323,1,[5],[6285]
505,56,333,1227,0.000931597029388636,7.500000000036774e-07,1,[5],[6257]
506,56,333,1228,0.0009307971492604427,0.0009307971492604427,2,"[5, 59]","[6262, 12]"
507,56,333,1228,0.0009313771492604455,5.800000000028439e-07,1,[5],[6297]
508,56,333,1228,0.0009324271492604507,1.0500000000051484e-06,1,[5],[6196]
509,56,333,1229,0.000931719849252256,0.000931719849252256,2,"[5, 59]","[5629, 632]"
510,56,334,1228,0.0009319305630203247,0.0009319305630203247,1,[5],[6268]
511,56,334,1229,0.0009310225410638207,0.0009310225410638207,2,"[5, 59]","[6161, 96]"
512,56,334,1229,0.0009316025410638235,5.800000000028439e-07,1,[5],[6326]
513,56,334,1229,0.0009325725410638283,9.700000000047561e-07,1,[5],[6175]
514,56,334,1230,0.000931436229850364,0.000931436229850364,2,"[5, 59]","[6176, 84]"
515,56,334,1230,0.0009322862298503682,8.500000000041677e-07,1,[5],[6278]
516,56,335,1230,0.0009315762833314803,0.0009315762833314803,1,[5],[6250]
517,56,335,1230,0.0009324462833314845,8.700000000042658e-07,1,[5],[6282]
518,56,335,1231,0.0009316123262301181,0.0009316123262301181,1,[5],[6253]
519,56,335,1231,0.0009321823262301209,5.700000000027948e-07,1,[5],[6307]
520,56,335,1231,0.0009330823262301253,9.000000000044129e-07,1,[5],[6202]
521,56,335,1232,0.0009329405459682814,0.0009329405459682814,1,[5],[6252]
522,56,336,1231,0.0009326479220864046,0.0009326479220864046,1,[5],[6256]
523,56,336,1232,0.0009319708385844543,0.0009319708385844543,1,[5],[6288]
524,56,336,1232,0.0009325408385844571,5.700000000027948e-07,1,[5],[6260]
525,56,336,1232,0.0009333908385844613,8.500000000041677e-07,1,[5],[6235]
526,56,336,1233,0.0009324169720290438,0.0009324169720290438,1,[5],[6260]
527,56,336,1233,0.0009335169720290492,1.1000000000053935e-06,1,[5],[6240]
528,56,337,1233,0.0009323295908409564,0.0009323295908409564,1,[5],[6334]
529,56,337,1233,0.00093304959084096,7.200000000035303e-07,1,[5],[6229]
530,56,337,1234,0.0009322499707088588,0.0009322499707088588,1,[5],[6268]
531,56,337,1234,0.0009328099707088615,5.600000000027458e-07,1,[5],[6269]
532,56,337,1234,0.0009336999707088659,8.900000000043639e-07,1,[5],[6245]
533,56,338,1234,0.0009327945482442996,0.0009327945482442996,1,[5],[6279]
534,56,338,1235,0.000932246182925288,0.000932246182925288,1,[5],[6262]
535,56,338,1235,0.0009327761829252907,5.300000000025987e-07,1,[5],[6321]
536,56,338,1235,0.0009333961829252937,6.2000000000304e-07,1,[5],[6170]
537,56,338,1236,0.0009327550518678483,0.0009327550518678483,1,[5],[6253]
538,56,339,1236,0.0009324175756604026,0.0009324175756604026,1,[5],[6297]
539,56,339,1236,0.0009330275756604056,6.10000000002991e-07,1,[5],[6213]
540,56,339,1237,0.0009324266404437906,0.0009324266404437906,1,[5],[6332]
541,56,339,1237,0.0009330566404437937,6.30000000003089e-07,1,[5],[6228]
542,56,340,1230,0.0009857420649082838,0.0009857420649082838,1,[48],[6302]
543,56,340,1230,0.0009869320649082767,1.1899999999929328e-06,1,[48],[6207]
544,56,340,1231,0.0009865342825371092,0.0009865342825371092,1,[48],[6250]
545,56,340,1237,0.000932685212169971,0.000932685212169971,1,[5],[6276]
546,56,340,1238,0.0009322395824734751,0.0009322395824734751,1,[5],[6351]
547,56,340,1238,0.0009327595824734777,5.200000000025497e-07,1,[5],[6195]
548,56,340,1238,0.0009333995824734808,6.400000000031381e-07,1,[5],[6229]
549,56,340,1239,0.0009326810118738817,0.0009326810118738817,1,[5],[6304]
550,56,341,1239,0.000932249213162328,0.000932249213162328,1,[5],[6316]
551,56,341,1239,0.000932859213162331,6.10000000002991e-07,1,[5],[6222]
552,56,341,1240,0.0009322439535395051,0.0009322439535395051,1,[5],[6256]
553,56,341,1240,0.0009328639535395081,6.2000000000304e-07,1,[5],[6245]
554,56,342,1240,0.0009325858986356304,0.0009325858986356304,1,[5],[6303]
555,56,342,1241,0.0009321250254387333,0.0009321250254387333,1,[5],[6324]
556,56,342,1241,0.0009326450254387358,5.200000000025497e-07,1,[5],[6231]
557,56,342,1241,0.000933285025438739,6.400000000031381e-07,1,[5],[6233]
558,56,342,1242,0.0009324620610025965,0.0009324620610025965,1,[5],[6294]
559,56,342,1242,0.0009336420610026023,1.1800000000057858e-06,1,[5],[6215]
560,56,343,1242,0.0009322925367010735,0.0009322925367010735,1,[5],[6339]
561,56,343,1242,0.0009329625367010768,6.700000000032852e-07,1,[5],[6176]
562,56,343,1243,0.0009321834539196558,0.0009321834539196558,1,[5],[6286]
563,56,343,1243,0.0009327134539196584,5.300000000025987e-07,1,[5],[6326]
564,56,343,1243,0.0009333934539196618,6.800000000033342e-07,1,[5],[6161]
565,56,343,1244,0.0009330292856026508,0.0009330292856026508,1,[5],[6250]
566,56,344,1243,0.0009328877310026935,0.0009328877310026935,1,[5],[6277]
567,56,344,1244,0.000932270237312088,0.000932270237312088,1,[5],[6306]
568,56,344,1244,0.0009327802373120905,5.100000000025006e-07,1,[5],[6225]
569,56,344,1244,0.0009333502373120933,5.700000000027948e-07,1,[5],[6259]
570,56,344,1245,0.0009325003352866039,0.0009325003352866039,1,[5],[6346]
571,56,344,1245,0.000933140335286607,6.400000000031381e-07,1,[5],[6237]
572,56,345,1245,0.0009326882681207274,0.0009326882681207274,1,[5],[6303]
573,56,345,1245,0.0009334882681207314,8.000000000039226e-07,1,[5],[6207]
574,56,345,1246,0.0009324895144097203,0.0009324895144097203,1,[5],[6345]
575,56,345,1246,0.0009329695144097227,4.800000000023535e-07,1,[5],[6169]
576,56,345,1246,0.0009335095144097253,5.400000000026477e-07,1,[5],[6320]
577,56,345,1247,0.0009330042475550625,0.0009330042475550625,1,[5],[6263]
578,56,346,1247,0.0009326660621757041,0.0009326660621757041,2,"[5, 15]","[6331, 1]"
579,56,346,1247,0.0009332060621757068,5.400000000026477e-07,1,[5],[6181]
580,56,346,1247,0.0009340260621757108,8.200000000040206e-07,2,"[5, 15]","[6251, 1]"
581,56,346,1248,0.00093268201914751,0.00093268201914751,2,"[5, 15]","[6094, 163]"
582,56,346,1248,0.0009332120191475126,5.300000000025987e-07,2,"[5, 15]","[6213, 100]"
583,56,346,1248,0.0009338520191475157,6.400000000031381e-07,2,"[5, 15]","[6128, 111]"
584,56,346,1249,0.0009333293290223593,0.0009333293290223593,2,"[5, 15]","[5027, 1261]"
585,56,347,1248,0.0009330224173775443,0.0009330224173775443,2,"[5, 15]","[5202, 1050]"
586,56,347,1248,0.00093417241737755,1.1500000000056387e-06,2,"[5, 15]","[5584, 676]"
587,56,347,1249,0.0009325216797642727,0.0009325216797642727,2,"[5, 15]","[4181, 2152]"
588,56,347,1249,0.0009329216797642747,4.000000000019613e-07,2,"[5, 15]","[4614, 1586]"
589,56,347,1249,0.0009332616797642763,3.400000000016671e-07,2,"[5, 15]","[4889, 1358]"
590,56,347,1249,0.0009336616797642783,4.000000000019613e-07,2,"[5, 15]","[5113, 1194]"
591,56,347,1249,0.0009344916797642824,8.300000000040697e-07,2,"[5, 15]","[5354, 821]"
592,56,347,1250,0.0009328998999981405,0.0009328998999981405,2,"[5, 15]","[6030, 235]"
593,56,347,1250,0.0009334298999981431,5.300000000025987e-07,2,"[5, 15]","[6144, 123]"
594,56,347,1250,0.0009341198999981465,6.900000000033832e-07,2,"[5, 15]","[6172, 73]"
595,56,347,1251,0.000934509792347961,0.000934509792347961,2,"[5, 16]","[6192, 61]"
596,56,348,1250,0.0009332255546241172,0.0009332255546241172,3,"[5, 15, 16]","[6305, 23, 4]"
597,56,348,1250,0.0009341055546241215,8.800000000043148e-07,3,"[5, 15, 16]","[6167, 10, 2]"
598,56,348,1251,0.0009329291016002543,0.0009329291016002543,2,"[5, 16]","[5860, 500]"
599,56,348,1251,0.0009333791016002566,4.5000000000220645e-07,2,"[5, 16]","[5819, 477]"
600,56,348,1251,0.0009338091016002587,4.300000000021084e-07,2,"[5, 16]","[5719, 482]"
601,56,348,1251,0.0009345691016002624,7.600000000037264e-07,2,"[5, 16]","[5689, 482]"
602,56,348,1252,0.0009330484001630513,0.0009330484001630513,2,"[5, 16]","[4834, 1451]"
603,56,348,1252,0.0009335684001630538,5.200000000025497e-07,2,"[5, 16]","[4963, 1353]"
604,56,348,1252,0.0009341284001630566,5.600000000027458e-07,2,"[5, 16]","[4975, 1192]"
605,56,349,1252,0.0009332237013265242,0.0009332237013265242,2,"[5, 16]","[5404, 874]"
606,56,349,1252,0.0009338537013265272,6.30000000003089e-07,2,"[5, 16]","[5503, 758]"
607,56,349,1253,0.0009330722295312587,0.0009330722295312587,3,"[5, 16, 19]","[6228, 27, 3]"
608,56,349,1253,0.000933552229531261,4.800000000023535e-07,2,"[5, 16]","[6340, 16]"
609,56,349,1253,0.0009340322295312634,4.800000000023535e-07,2,"[5, 16]","[6202, 17]"
610,56,349,1254,0.0009334334034677375,0.0009334334034677375,2,"[5, 19]","[6236, 20]"
611,56,349,1254,0.0009344334034677424,1.0000000000049032e-06,1,[5],[6262]
612,56,350,1253,0.0009341347127436147,0.0009341347127436147,2,"[5, 19]","[4793, 1462]"
613,56,350,1254,0.0009317352538043489,0.0009317352538043489,4,"[5, 19, 65, 66]","[116, 5972, 163, 2]"
614,56,350,1254,0.0009330552538043554,1.3200000000064722e-06,4,"[5, 19, 65, 66]","[5755, 550, 13, 1]"
615,56,350,1254,0.000933585253804358,5.300000000025987e-07,2,"[5, 19]","[6208, 1]"
616,56,350,1254,0.0009342152538043611,6.30000000003089e-07,2,"[5, 19]","[6260, 1]"
617,56,350,1255,0.0009319684013088607,0.0009319684013088607,4,"[5, 19, 65, 66]","[413, 5661, 187, 2]"
618,56,350,1255,0.0009330184013088659,1.0500000000051484e-06,4,"[5, 19, 65, 66]","[6038, 220, 11, 1]"
619,56,350,1255,0.0009335184013088683,5.000000000024516e-07,1,[5],[6255]
620,56,350,1255,0.0009340984013088712,5.800000000028439e-07,1,[5],[6267]
621,56,350,1256,0.0009336737811105004,0.0009336737811105004,3,"[5, 19, 65]","[5154, 1099, 3]"
622,56,351,1253,0.0009296194751163268,0.0009296194751163268,1,[19],[6323]
623,56,351,1253,0.0009303694751163305,7.500000000036774e-07,1,[19],[6178]
624,56,351,1254,0.0009301589770401077,0.0009301589770401077,2,"[19, 65]","[6290, 27]"
625,56,351,1254,0.0009307789770401108,6.2000000000304e-07,3,"[19, 65, 66]","[6204, 56, 2]"
626,56,351,1254,0.0009314989770401143,7.200000000035303e-07,4,"[5, 19, 65, 66]","[3, 6138, 59, 1]"
627,56,351,1255,0.0009303119144879096,0.0009303119144879096,2,"[19, 65]","[6221, 37]"
628,56,351,1255,0.0009309019144879125,5.900000000028929e-07,3,"[5, 19, 65]","[3, 6184, 60]"
629,56,351,1255,0.0009318819144879173,9.800000000048052e-07,3,"[5, 19, 65]","[205, 5981, 79]"
630,56,351,1255,0.0009332619144879241,1.3800000000067664e-06,3,"[5, 19, 65]","[5558, 724, 15]"
631,56,351,1255,0.0009345019144879302,1.24000000000608e-06,2,"[5, 19]","[6184, 2]"
632,56,351,1256,0.0009299752003978993,0.0009299752003978993,1,[19],[6318]
633,56,351,1256,0.0009306952003979029,7.200000000035303e-07,3,"[5, 19, 65]","[6, 6231, 4]"
634,56,351,1256,0.0009322152003979103,1.5200000000074529e-06,3,"[5, 19, 65]","[1717, 4488, 4]"
635,56,351,1256,0.0009329052003979137,6.900000000033832e-07,2,"[5, 19]","[6173, 60]"
636,56,351,1256,0.0009333452003979158,4.400000000021574e-07,2,"[5, 19]","[6326, 1]"
637,56,351,1256,0.0009338352003979183,4.900000000024026e-07,1,[5],[6244]
638,56,351,1257,0.0009313867206383713,0.0009313867206383713,2,"[5, 19]","[100, 6155]"
639,56,351,1257,0.0009329367206383789,1.5500000000076e-06,2,"[5, 19]","[6222, 56]"
640,56,351,1257,0.0009336267206383823,6.900000000033832e-07,1,[5],[6220]
641,56,352,1252,0.0009294472118267627,0.0009294472118267627,1,[19],[6274]
642,56,352,1253,0.000928751278189272,0.000928751278189272,1,[19],[6253]
643,56,352,1253,0.0009293312781892748,5.800000000028439e-07,1,[19],[6323]
644,56,352,1253,0.0009298412781892773,5.100000000025006e-07,1,[19],[6233]
645,56,352,1253,0.0009305612781892809,7.200000000035303e-07,1,[19],[6194]
646,56,352,1256,0.0009300831686428918,0.0009300831686428918,1,[19],[6277]
647,56,352,1256,0.0009330231686429062,2.9400000000144155e-06,2,"[5, 19]","[2022, 4201]"
648,56,352,1257,0.0009287446315410274,0.0009287446315410274,1,[19],[6323]
649,56,352,1257,0.0009293746315410305,6.30000000003089e-07,1,[19],[6267]
650,56,352,1257,0.0009302446315410347,8.700000000042658e-07,2,"[5, 19]","[1, 6176]"
651,56,352,1257,0.0009324946315410458,2.2500000000110322e-06,2,"[5, 19]","[4477, 1796]"
652,56,352,1257,0.0009330346315410484,5.400000000026477e-07,1,[5],[6284]
653,56,352,1257,0.0009335446315410509,5.100000000025006e-07,1,[5],[6256]
654,56,352,1258,0.0009279688675829616,0.0009279688675829616,1,[19],[6253]
655,56,352,1258,0.0009287888675829656,8.200000000040206e-07,1,[19],[6313]
656,56,352,1258,0.000931938867582981,3.150000000015445e-06,2,"[5, 19]","[1661, 4530]"
657,56,352,1258,0.0009326688675829846,7.300000000035793e-07,1,[5],[6295]
658,56,352,1258,0.0009331188675829868,4.5000000000220645e-07,1,[5],[6238]
659,56,352,1258,0.0009336688675829895,5.500000000026968e-07,1,[5],[6279]
660,56,352,1259,0.0009323420613180612,0.0009323420613180612,2,"[5, 19]","[1656, 4603]"
661,56,353,1258,0.0009275416384266821,0.0009275416384266821,2,"[19, 73]","[5778, 490]"
662,56,353,1258,0.0009286616384266876,1.1200000000054916e-06,1,[19],[6260]
663,56,353,1258,0.0009325116384267065,3.850000000018877e-06,2,"[5, 19]","[4220, 2018]"
664,56,353,1258,0.0009333116384267104,8.000000000039226e-07,1,[5],[6243]
665,56,353,1259,0.0009264399564767626,0.0009264399564767626,2,"[19, 73]","[6235, 44]"
666,56,353,1259,0.0009270199564767655,5.800000000028439e-07,1,[19],[6238]
667,56,353,1259,0.0009277799564767692,7.600000000037264e-07,1,[19],[6295]
668,56,353,1259,0.0009318999564767894,4.120000000020201e-06,2,"[5, 19]","[3230, 3000]"
669,56,353,1259,0.0009324499564767921,5.500000000026968e-07,1,[5],[6251]
670,56,353,1259,0.0009328599564767941,4.100000000020103e-07,1,[5],[6229]
671,56,353,1259,0.0009333299564767964,4.700000000023045e-07,1,[5],[6233]
672,56,353,1260,0.0009265761723284107,0.0009265761723284107,2,"[19, 73]","[6289, 26]"
673,56,353,1260,0.0009301961723284284,3.6200000000177496e-06,2,"[5, 19]","[3, 6182]"
674,56,353,1260,0.0009325061723284398,2.3100000000113264e-06,1,[5],[6298]
675,56,353,1260,0.0009333461723284439,8.400000000041187e-07,1,[5],[6210]
676,56,354,1256,0.000917588780136721,0.000917588780136721,1,[73],[6267]
677,56,354,1256,0.0009181687801367238,5.800000000028439e-07,1,[73],[6294]
678,56,354,1256,0.0009188387801367271,6.700000000032852e-07,1,[73],[6197]
679,56,354,1257,0.000917468362706708,0.000917468362706708,1,[73],[6341]
680,56,354,1257,0.0009179883627067106,5.200000000025497e-07,1,[73],[6206]
681,56,354,1257,0.0009186083627067136,6.2000000000304e-07,1,[73],[6214]
682,56,354,1258,0.0009179109995383296,0.0009179109995383296,1,[73],[6278]
683,56,354,1258,0.0009188009995383339,8.900000000043639e-07,1,[73],[6275]
684,56,354,1259,0.0009209071863884938,0.0009209071863884938,1,[73],[6258]
685,56,354,1259,0.0009265471863885215,5.640000000027654e-06,2,"[19, 73]","[2056, 4194]"
686,56,354,1259,0.0009328571863885524,6.310000000030939e-06,2,"[5, 19]","[3870, 2376]"
687,56,354,1260,0.0009235531031980535,0.0009235531031980535,1,[73],[6253]
688,56,354,1260,0.0009262731031980669,2.7200000000133367e-06,2,"[19, 73]","[4458, 1800]"
689,56,354,1260,0.0009270931031980709,8.200000000040206e-07,2,"[19, 73]","[6296, 3]"
690,56,354,1260,0.0009318231031980941,4.730000000023192e-06,2,"[5, 19]","[2810, 3387]"
691,56,354,1260,0.0009324331031980971,6.10000000002991e-07,1,[5],[6274]
692,56,354,1260,0.0009329031031980994,4.700000000023045e-07,1,[5],[6230]
693,56,354,1260,0.0009336131031981029,7.100000000034813e-07,1,[5],[6264]
694,56,354,1261,0.0009259040575591463,0.0009259040575591463,2,"[19, 73]","[1704, 4582]"
695,56,354,1261,0.0009266940575591502,7.900000000038735e-07,2,"[19, 73]","[5987, 305]"
696,56,354,1261,0.0009273440575591534,6.500000000031871e-07,2,"[19, 73]","[6141, 50]"
697,56,354,1261,0.0009317140575591748,4.370000000021427e-06,3,"[5, 19, 73]","[2083, 4175, 7]"
698,56,354,1261,0.000932364057559178,6.500000000031871e-07,1,[5],[6222]
699,56,354,1261,0.0009328140575591802,4.5000000000220645e-07,1,[5],[6298]
700,56,354,1261,0.0009333540575591829,5.400000000026477e-07,1,[5],[6273]
701,56,354,1262,0.0009268903869527931,0.0009268903869527931,3,"[19, 73, 145]","[3327, 2945, 2]"
702,56,354,1262,0.0009281403869527993,1.250000000006129e-06,4,"[19, 73, 145, 146]","[5729, 517, 2, 1]"
703,56,354,1262,0.0009330203869528232,4.880000000023928e-06,3,"[5, 19, 73]","[5231, 1000, 35]"
704,56,355,1256,0.0009184336669340362,0.0009184336669340362,1,[73],[6260]
705,56,355,1257,0.0009189337051923811,0.0009189337051923811,1,[73],[6252]
706,56,355,1258,0.0009185270077329787,0.0009185270077329787,1,[73],[6276]
707,56,355,1258,0.000921437007732993,2.9100000000142684e-06,1,[73],[6225]
708,56,355,1259,0.0009197906730787515,0.0009197906730787515,1,[73],[6284]
709,56,355,1259,0.0009209906730787573,1.2000000000058839e-06,1,[73],[6267]
710,56,355,1259,0.0009224806730787646,1.4900000000073058e-06,1,[73],[6207]
711,56,355,1260,0.0009223599902436377,0.0009223599902436377,1,[73],[6275]
712,56,355,1260,0.0009233099902436424,9.500000000046581e-07,1,[73],[6234]
713,56,355,1260,0.0009245899902436487,1.2800000000062761e-06,1,[73],[6244]
714,56,355,1261,0.0009240466793903233,0.0009240466793903233,1,[73],[6258]
715,56,355,1261,0.0009247766793903269,7.300000000035793e-07,2,"[19, 73]","[4, 6273]"
716,56,355,1261,0.0009255466793903306,7.700000000037755e-07,2,"[19, 73]","[84, 6182]"
717,56,355,1261,0.0009270066793903378,1.4600000000071587e-06,2,"[19, 73]","[2180, 4040]"
718,56,355,1261,0.0009322366793903634,5.230000000025644e-06,4,"[5, 19, 73, 145]","[3877, 2214, 198, 1]"
719,56,355,1261,0.0009329766793903671,7.400000000036284e-07,1,[5],[6224]
720,56,355,1262,0.0009254797086695158,0.0009254797086695158,2,"[19, 73]","[57, 6237]"
721,56,355,1262,0.0009261297086695189,6.500000000031871e-07,3,"[19, 73, 145]","[437, 5783, 3]"
722,56,355,1262,0.0009266597086695215,5.300000000025987e-07,3,"[19, 73, 145]","[1522, 4725, 7]"
723,56,355,1262,0.0009271497086695239,4.900000000024026e-07,4,"[19, 73, 145, 146]","[2842, 3384, 11, 1]"
724,56,355,1262,0.0009277097086695267,5.600000000027458e-07,4,"[19, 73, 145, 146]","[4190, 2056, 4, 2]"
725,56,355,1262,0.0009311697086695436,3.460000000016965e-06,5,"[5, 19, 73, 145, 146]","[407, 4873, 965, 2, 1]"
726,56,355,1262,0.0009321597086695485,9.900000000048542e-07,1,[5],[6353]
727,56,355,1262,0.0009325497086695504,3.9000000000191225e-07,1,[5],[6199]
728,56,355,1262,0.0009328997086695521,3.500000000017161e-07,1,[5],[6254]
729,56,355,1262,0.0009332997086695541,4.000000000019613e-07,1,[5],[6195]
730,56,355,1263,0.0009268384413540593,0.0009268384413540593,4,"[19, 73, 145, 146]","[1360, 4948, 17, 2]"
731,56,355,1263,0.0009273684413540619,5.300000000025987e-07,4,"[19, 73, 145, 146]","[2946, 3307, 7, 2]"
732,56,355,1263,0.0009278084413540641,4.400000000021574e-07,3,"[19, 73, 145]","[3913, 2317, 3]"
733,56,355,1263,0.0009283384413540667,5.300000000025987e-07,5,"[19, 69, 70, 73, 145]","[4781, 1, 1, 1467, 1]"
734,56,355,1263,0.0009316084413540827,3.2700000000160335e-06,3,"[5, 19, 73]","[1177, 4331, 685]"
735,56,355,1263,0.0009324484413540869,8.400000000041187e-07,1,[5],[6239]
736,56,355,1263,0.0009329884413540895,5.400000000026477e-07,1,[5],[6264]
737,56,355,1263,0.0009340684413540948,1.0800000000052955e-06,1,[5],[6234]
738,56,355,1264,0.000928597918107867,0.000928597918107867,3,"[19, 69, 73]","[5594, 3, 664]"
739,56,355,1264,0.0009333579181078904,4.760000000023339e-06,5,"[5, 19, 69, 70, 73]","[3413, 2791, 3, 2, 35]"
740,56,356,1262,0.0009325619354151408,0.0009325619354151408,4,"[5, 19, 73, 145]","[2981, 731, 2544, 6]"
741,56,356,1263,0.0009285462031043924,0.0009285462031043924,4,"[19, 70, 73, 145]","[4031, 1, 2229, 3]"
742,56,356,1263,0.0009320462031044096,3.5000000000171613e-06,3,"[5, 19, 73]","[4713, 1451, 85]"
743,56,356,1263,0.000932556203104412,5.100000000025006e-07,1,[5],[6359]
744,56,356,1263,0.0009330062031044143,4.5000000000220645e-07,1,[5],[6252]
745,56,356,1263,0.0009337362031044178,7.300000000035793e-07,1,[5],[6149]
746,56,356,1264,0.0009283282334359637,0.0009283282334359637,4,"[19, 69, 70, 73]","[6110, 9, 2, 153]"
747,56,356,1264,0.0009291682334359678,8.400000000041187e-07,4,"[19, 69, 70, 73]","[6201, 5, 3, 19]"
748,56,356,1264,0.0009317582334359805,2.5900000000126993e-06,4,"[5, 19, 69, 73]","[3998, 2346, 3, 3]"
749,56,356,1264,0.0009322182334359827,4.600000000022555e-07,1,[5],[6266]
750,56,356,1264,0.0009325682334359845,3.500000000017161e-07,1,[5],[6193]
751,56,356,1264,0.0009329282334359862,3.6000000000176516e-07,1,[5],[6238]
752,56,356,1264,0.0009334682334359889,5.400000000026477e-07,1,[5],[6235]
753,56,356,1265,0.000928591171608434,0.000928591171608434,2,"[19, 69]","[6309, 2]"
754,56,356,1265,0.0009293511716084378,7.600000000037264e-07,1,[19],[6194]
755,56,356,1265,0.0009317411716084495,2.3900000000117187e-06,2,"[5, 19]","[3469, 2823]"
756,56,356,1265,0.0009324211716084528,6.800000000033342e-07,1,[5],[6278]
757,56,356,1265,0.0009331911716084566,7.700000000037755e-07,1,[5],[6225]
758,56,356,1266,0.0009314189122337096,0.0009314189122337096,2,"[5, 19]","[628, 5633]"
759,56,357,1264,0.0009325005738708406,0.0009325005738708406,3,"[5, 19, 73]","[5224, 1047, 1]"
760,56,357,1265,0.0009292870556922742,0.0009292870556922742,1,[19],[6252]
761,56,357,1265,0.0009314470556922848,2.160000000010591e-06,2,"[5, 19]","[4085, 2166]"
762,56,357,1265,0.0009319670556922874,5.200000000025497e-07,1,[5],[6340]
763,56,357,1265,0.0009323670556922893,4.000000000019613e-07,1,[5],[6158]
764,56,357,1265,0.0009328470556922917,4.800000000023535e-07,1,[5],[6319]
765,56,357,1266,0.0009286793687941281,0.0009286793687941281,1,[19],[6359]
766,56,357,1266,0.0009292793687941311,6.000000000029419e-07,2,"[5, 19]","[9, 6165]"
767,56,357,1266,0.0009303493687941363,1.0700000000052464e-06,2,"[5, 19]","[816, 5430]"
768,56,357,1266,0.0009311793687941404,8.300000000040697e-07,2,"[5, 19]","[5909, 382]"
769,56,357,1266,0.0009315993687941424,4.2000000000205935e-07,2,"[5, 19]","[6195, 8]"
770,56,357,1266,0.0009319593687941442,3.6000000000176516e-07,2,"[5, 19]","[6263, 2]"
771,56,357,1266,0.0009323693687941462,4.100000000020103e-07,1,[5],[6277]
772,56,357,1266,0.0009332393687941505,8.700000000042658e-07,1,[5],[6187]
773,56,357,1267,0.000929078672367532,0.000929078672367532,2,"[5, 19]","[25, 6229]"
774,56,357,1267,0.0009301286723675372,1.0500000000051484e-06,2,"[5, 19]","[876, 5410]"
775,56,357,1267,0.0009312086723675425,1.0800000000052955e-06,2,"[5, 19]","[5517, 706]"
776,56,357,1267,0.0009323686723675482,1.1600000000056877e-06,2,"[5, 19]","[6247, 8]"
777,56,358,1266,0.000930905491178106,0.000930905491178106,2,"[5, 19]","[3273, 3006]"
778,56,358,1266,0.0009317454911781101,8.400000000041187e-07,2,"[5, 19]","[6224, 10]"
779,56,358,1267,0.0009290706101776104,0.0009290706101776104,2,"[5, 19]","[301, 6003]"
780,56,358,1267,0.0009297006101776135,6.30000000003089e-07,2,"[5, 19]","[1781, 4448]"
781,56,358,1267,0.0009301906101776159,4.900000000024026e-07,2,"[5, 19]","[4309, 1966]"
782,56,358,1267,0.0009305606101776177,3.700000000018142e-07,2,"[5, 19]","[5772, 579]"
783,56,358,1267,0.0009308706101776192,3.1000000000152e-07,2,"[5, 19]","[5928, 172]"
784,56,358,1267,0.0009311906101776208,3.2000000000156903e-07,2,"[5, 19]","[6220, 72]"
785,56,358,1267,0.0009315706101776227,3.800000000018632e-07,2,"[5, 19]","[6308, 17]"
786,56,358,1267,0.0009322806101776262,7.100000000034813e-07,2,"[5, 19]","[6144, 1]"
787,56,358,1268,0.0009289292136932508,0.0009289292136932508,2,"[5, 19]","[949, 5391]"
788,56,358,1268,0.0009293392136932528,4.100000000020103e-07,2,"[5, 19]","[2160, 4092]"
789,56,358,1268,0.0009296592136932544,3.2000000000156903e-07,2,"[5, 19]","[3258, 3097]"
790,56,358,1268,0.0009299292136932557,2.7000000000132387e-07,2,"[5, 19]","[4030, 2165]"
791,56,358,1268,0.000930199213693257,2.7000000000132387e-07,2,"[5, 19]","[4874, 1439]"
792,56,358,1268,0.0009304592136932583,2.6000000000127484e-07,2,"[5, 19]","[5251, 889]"
793,56,358,1268,0.0009307692136932598,3.1000000000152e-07,2,"[5, 19]","[5776, 533]"
794,56,358,1268,0.000931219213693262,4.5000000000220645e-07,2,"[5, 19]","[5895, 217]"
795,56,358,1269,0.00092935038073058,0.00092935038073058,2,"[5, 19]","[2595, 3656]"
796,56,358,1269,0.0009299003807305827,5.500000000026968e-07,2,"[5, 19]","[4000, 2268]"
797,56,358,1269,0.0009305103807305857,6.10000000002991e-07,2,"[5, 19]","[4883, 1403]"
798,56,359,1268,0.000929384070181874,0.000929384070181874,2,"[5, 19]","[3057, 3213]"
799,56,359,1268,0.0009298840701818764,5.000000000024516e-07,2,"[5, 19]","[4700, 1636]"
800,56,359,1268,0.0009303040701818785,4.2000000000205935e-07,2,"[5, 19]","[5331, 913]"
801,56,359,1268,0.0009308940701818814,5.900000000028929e-07,2,"[5, 19]","[5774, 413]"
802,56,359,1269,0.0009288207881226666,0.0009288207881226666,2,"[5, 19]","[3270, 3045]"
803,56,359,1269,0.0009291407881226682,3.2000000000156903e-07,2,"[5, 19]","[3814, 2493]"
804,56,359,1269,0.0009293607881226693,2.200000000010787e-07,2,"[5, 19]","[3949, 2181]"
805,56,359,1269,0.0009295607881226703,2.0000000000098064e-07,2,"[5, 19]","[4510, 2052]"
806,56,359,1269,0.0009297307881226711,1.7000000000083355e-07,2,"[5, 19]","[4271, 1699]"
807,56,359,1269,0.000929910788122672,1.8000000000088258e-07,2,"[5, 19]","[4808, 1626]"
808,56,359,1269,0.0009300907881226729,1.8000000000088258e-07,2,"[5, 19]","[4769, 1322]"
809,56,359,1269,0.0009303007881226739,2.1000000000102968e-07,2,"[5, 19]","[5106, 1254]"
810,56,359,1269,0.0009305707881226752,2.7000000000132387e-07,2,"[5, 19]","[5094, 1033]"
811,56,359,1269,0.0009310907881226778,5.200000000025497e-07,2,"[5, 19]","[5477, 760]"
812,56,359,1270,0.0009287086061206951,0.0009287086061206951,2,"[5, 19]","[4879, 1499]"
813,56,359,1270,0.0009290186061206966,3.1000000000152e-07,2,"[5, 19]","[4870, 1487]"
814,56,359,1270,0.0009292386061206977,2.200000000010787e-07,2,"[5, 19]","[4693, 1442]"
815,56,359,1270,0.0009294386061206986,2.0000000000098064e-07,2,"[5, 19]","[4889, 1523]"
816,56,359,1270,0.0009296286061206996,1.900000000009316e-07,2,"[5, 19]","[4751, 1534]"
817,56,359,1270,0.0009298186061207005,1.900000000009316e-07,2,"[5, 19]","[4637, 1449]"
818,56,359,1270,0.0009300286061207015,2.1000000000102968e-07,2,"[5, 19]","[4722, 1402]"
819,56,359,1270,0.0009302986061207029,2.7000000000132387e-07,2,"[5, 19]","[4874, 1437]"
820,56,359,1270,0.0009307786061207052,4.800000000023535e-07,2,"[5, 19]","[4838, 1333]"
821,56,359,1271,0.0009303849743499009,0.0009303849743499009,2,"[5, 19]","[5111, 1146]"
822,56,360,1269,0.0009302623008526531,0.0009302623008526531,2,"[5, 19]","[4533, 1747]"
823,56,360,1270,0.0009289246320716192,0.0009289246320716192,2,"[5, 19]","[5201, 1165]"
824,56,360,1270,0.0009293346320716213,4.100000000020103e-07,2,"[5, 19]","[4934, 1319]"
825,56,360,1270,0.000929684632071623,3.500000000017161e-07,2,"[5, 19]","[4734, 1399]"
826,56,360,1270,0.000930104632071625,4.2000000000205935e-07,2,"[5, 19]","[4650, 1609]"
827,56,360,1271,0.0009302546909526226,0.0009302546909526226,2,"[5, 19]","[5076, 1175]"
