,event,pixel_x,pixel_y,reset_time,TSLR,nMCParticles,MC_TrackIDs,MC_Weights
0,94,285,1154,0.0009106393586697882,0.0009106393586697882,2,"[1, 5]","[5471, 861]"
1,94,285,1154,0.0009110893586697904,4.5000000000220645e-07,2,"[1, 5]","[5198, 1017]"
2,94,285,1154,0.0009115193586697925,4.300000000021084e-07,2,"[1, 5]","[5138, 1078]"
3,94,285,1154,0.0009122593586697961,7.400000000036284e-07,2,"[1, 5]","[5207, 1071]"
4,94,285,1155,0.0009099291275356118,0.0009099291275356118,2,"[1, 5]","[5488, 810]"
5,94,285,1155,0.0009102491275356134,3.2000000000156903e-07,2,"[1, 5]","[5285, 977]"
6,94,285,1155,0.0009104891275356146,2.4000000000117677e-07,2,"[1, 5]","[5435, 1021]"
7,94,285,1155,0.0009106791275356155,1.900000000009316e-07,2,"[1, 5]","[5029, 1009]"
8,94,285,1155,0.0009108691275356164,1.900000000009316e-07,2,"[1, 5]","[5262, 1143]"
9,94,285,1155,0.0009110491275356173,1.8000000000088258e-07,2,"[1, 5]","[5006, 1156]"
10,94,285,1155,0.0009112491275356183,2.0000000000098064e-07,2,"[1, 5]","[5100, 1288]"
11,94,285,1155,0.0009114691275356194,2.200000000010787e-07,2,"[1, 5]","[4801, 1297]"
12,94,285,1155,0.0009117691275356208,3.0000000000147097e-07,2,"[1, 5]","[4831, 1324]"
13,94,285,1155,0.0009126791275356253,9.100000000044619e-07,2,"[1, 5]","[4793, 1451]"
14,94,285,1156,0.0009097553621045279,0.0009097553621045279,2,"[1, 5]","[5360, 985]"
15,94,285,1156,0.0009101553621045299,4.000000000019613e-07,2,"[1, 5]","[5043, 1116]"
16,94,285,1156,0.0009105053621045316,3.500000000017161e-07,2,"[1, 5]","[4995, 1348]"
17,94,285,1156,0.0009108853621045335,3.800000000018632e-07,2,"[1, 5]","[4760, 1527]"
18,94,285,1156,0.0009115053621045365,6.2000000000304e-07,2,"[1, 5]","[4397, 1743]"
19,94,285,1157,0.0009099243885508039,0.0009099243885508039,2,"[1, 5]","[4849, 1410]"
20,94,285,1157,0.0009112143885508103,1.2900000000063251e-06,2,"[1, 5]","[4484, 1763]"
21,94,286,1154,0.0009110605221651587,0.0009110605221651587,2,"[1, 5]","[5341, 946]"
22,94,286,1154,0.0009122305221651644,1.1700000000057368e-06,2,"[1, 5]","[5140, 1106]"
23,94,286,1155,0.0009098879194238741,0.0009098879194238741,2,"[1, 5]","[5493, 764]"
24,94,286,1155,0.0009102279194238758,3.400000000016671e-07,2,"[1, 5]","[5385, 929]"
25,94,286,1155,0.0009104879194238771,2.6000000000127484e-07,2,"[1, 5]","[5316, 1108]"
26,94,286,1155,0.0009107079194238781,2.200000000010787e-07,2,"[1, 5]","[4931, 1077]"
27,94,286,1155,0.0009109379194238793,2.3000000000112774e-07,2,"[1, 5]","[5221, 1236]"
28,94,286,1155,0.0009111779194238804,2.4000000000117677e-07,2,"[1, 5]","[4766, 1300]"
29,94,286,1155,0.000911497919423882,3.2000000000156903e-07,2,"[1, 5]","[4926, 1418]"
30,94,286,1155,0.000912097919423885,6.000000000029419e-07,2,"[1, 5]","[4619, 1553]"
31,94,286,1156,0.0009093012610362286,0.0009093012610362286,2,"[1, 5]","[5420, 863]"
32,94,286,1156,0.0009096012610362301,3.0000000000147097e-07,2,"[1, 5]","[5269, 1015]"
33,94,286,1156,0.0009098212610362312,2.200000000010787e-07,2,"[1, 5]","[5322, 1044]"
34,94,286,1156,0.000910001261036232,1.8000000000088258e-07,2,"[1, 5]","[5212, 1188]"
35,94,286,1156,0.0009101612610362328,1.6000000000078451e-07,2,"[1, 5]","[4933, 1268]"
36,94,286,1156,0.0009103112610362336,1.5000000000073548e-07,2,"[1, 5]","[4782, 1293]"
37,94,286,1156,0.0009104712610362343,1.6000000000078451e-07,2,"[1, 5]","[4924, 1425]"
38,94,286,1156,0.0009106412610362352,1.7000000000083355e-07,2,"[1, 5]","[4914, 1484]"
39,94,286,1156,0.0009108312610362361,1.900000000009316e-07,2,"[1, 5]","[4582, 1537]"
40,94,286,1156,0.0009110712610362373,2.4000000000117677e-07,2,"[1, 5]","[4571, 1631]"
41,94,286,1156,0.0009114712610362392,4.000000000019613e-07,2,"[1, 5]","[4233, 1914]"
42,94,286,1157,0.0009088591479209223,0.0009088591479209223,2,"[1, 5]","[5137, 1128]"
43,94,286,1157,0.0009091591479209238,3.0000000000147097e-07,2,"[1, 5]","[5237, 1220]"
44,94,286,1157,0.0009093591479209247,2.0000000000098064e-07,2,"[1, 5]","[4950, 1212]"
45,94,286,1157,0.0009095291479209256,1.7000000000083355e-07,2,"[1, 5]","[4992, 1352]"
46,94,286,1157,0.0009096791479209263,1.5000000000073548e-07,2,"[1, 5]","[4858, 1387]"
47,94,286,1157,0.000909829147920927,1.5000000000073548e-07,2,"[1, 5]","[4807, 1366]"
48,94,286,1157,0.0009099691479209277,1.4000000000068645e-07,2,"[1, 5]","[4632, 1480]"
49,94,286,1157,0.0009101291479209285,1.6000000000078451e-07,2,"[1, 5]","[4968, 1582]"
50,94,286,1157,0.0009102891479209293,1.6000000000078451e-07,2,"[1, 5]","[4451, 1552]"
51,94,286,1157,0.0009104891479209303,2.0000000000098064e-07,2,"[1, 5]","[4614, 1666]"
52,94,286,1157,0.0009107391479209315,2.500000000012258e-07,2,"[1, 5]","[4492, 1736]"
53,94,286,1157,0.0009112091479209338,4.700000000023045e-07,2,"[1, 5]","[4260, 1943]"
54,94,286,1158,0.0009085471252554649,0.0009085471252554649,2,"[1, 5]","[4750, 1585]"
55,94,286,1158,0.0009088371252554663,2.9000000000142193e-07,2,"[1, 5]","[4693, 1509]"
56,94,286,1158,0.0009090471252554673,2.1000000000102968e-07,2,"[1, 5]","[4794, 1529]"
57,94,286,1158,0.0009092271252554682,1.8000000000088258e-07,2,"[1, 5]","[4789, 1519]"
58,94,286,1158,0.000909387125255469,1.6000000000078451e-07,2,"[1, 5]","[4726, 1459]"
59,94,286,1158,0.0009095471252554698,1.6000000000078451e-07,2,"[1, 5]","[4719, 1530]"
60,94,286,1158,0.0009097071252554705,1.6000000000078451e-07,2,"[1, 5]","[4752, 1596]"
61,94,286,1158,0.0009098771252554714,1.7000000000083355e-07,2,"[1, 5]","[4657, 1541]"
62,94,286,1158,0.0009100871252554724,2.1000000000102968e-07,2,"[1, 5]","[4655, 1642]"
63,94,286,1158,0.0009103671252554738,2.800000000013729e-07,2,"[1, 5]","[4402, 1668]"
64,94,286,1158,0.0009110871252554773,7.200000000035303e-07,2,"[1, 5]","[4518, 1726]"
65,94,286,1159,0.0009083779704563757,0.0009083779704563757,2,"[1, 5]","[4030, 2346]"
66,94,286,1159,0.0009086979704563772,3.2000000000156903e-07,2,"[1, 5]","[4376, 1825]"
67,94,286,1159,0.0009089379704563784,2.4000000000117677e-07,2,"[1, 5]","[4621, 1627]"
68,94,286,1159,0.0009091579704563795,2.200000000010787e-07,2,"[1, 5]","[4875, 1592]"
69,94,286,1159,0.0009093579704563805,2.0000000000098064e-07,2,"[1, 5]","[4697, 1409]"
70,94,286,1159,0.0009095679704563815,2.1000000000102968e-07,2,"[1, 5]","[4796, 1313]"
71,94,286,1159,0.0009098279704563828,2.6000000000127484e-07,2,"[1, 5]","[4986, 1288]"
72,94,286,1159,0.0009102579704563849,4.300000000021084e-07,2,"[1, 5]","[5152, 1164]"
73,94,286,1160,0.000908388892680878,0.000908388892680878,2,"[1, 5]","[3176, 3153]"
74,94,286,1160,0.0009088188926808801,4.300000000021084e-07,2,"[1, 5]","[4394, 1811]"
75,94,286,1160,0.0009091688926808818,3.500000000017161e-07,2,"[1, 5]","[5083, 1271]"
76,94,286,1160,0.0009095488926808837,3.800000000018632e-07,2,"[1, 5]","[5347, 896]"
77,94,286,1160,0.0009101488926808866,6.000000000029419e-07,2,"[1, 5]","[5520, 620]"
78,94,286,1161,0.0009086855153827651,0.0009086855153827651,2,"[1, 5]","[3482, 2824]"
79,94,286,1161,0.0009094055153827686,7.200000000035303e-07,2,"[1, 5]","[5651, 604]"
80,94,286,1162,0.0009096286760759231,0.0009096286760759231,2,"[1, 5]","[5121, 1134]"
81,94,287,1157,0.0009101989943524679,0.0009101989943524679,2,"[1, 5]","[4966, 1322]"
82,94,287,1158,0.0009090479438280792,0.0009090479438280792,2,"[1, 5]","[4658, 1664]"
83,94,287,1158,0.0009095879438280819,5.400000000026477e-07,2,"[1, 5]","[4744, 1542]"
84,94,287,1158,0.0009103479438280856,7.600000000037264e-07,2,"[1, 5]","[4619, 1525]"
85,94,287,1159,0.0009084773490129461,0.0009084773490129461,2,"[1, 5]","[3568, 2747]"
86,94,287,1159,0.000908857349012948,3.800000000018632e-07,2,"[1, 5]","[4300, 1982]"
87,94,287,1159,0.0009091573490129495,3.0000000000147097e-07,2,"[1, 5]","[4469, 1709]"
88,94,287,1159,0.000909467349012951,3.1000000000152e-07,2,"[1, 5]","[4832, 1513]"
89,94,287,1159,0.0009098473490129528,3.800000000018632e-07,2,"[1, 5]","[4881, 1287]"
90,94,287,1160,0.0009080427095714314,0.0009080427095714314,2,"[1, 5]","[1895, 4363]"
91,94,287,1160,0.0009084127095714332,3.700000000018142e-07,2,"[1, 5]","[3304, 3045]"
92,94,287,1160,0.0009086827095714346,2.7000000000132387e-07,2,"[1, 5]","[4108, 2251]"
93,94,287,1160,0.0009089127095714357,2.3000000000112774e-07,2,"[1, 5]","[4550, 1749]"
94,94,287,1160,0.0009091227095714367,2.1000000000102968e-07,2,"[1, 5]","[4696, 1308]"
95,94,287,1160,0.0009093527095714378,2.3000000000112774e-07,2,"[1, 5]","[5149, 1109]"
96,94,287,1160,0.0009096327095714392,2.800000000013729e-07,2,"[1, 5]","[5571, 834]"
97,94,287,1160,0.0009100327095714412,4.000000000019613e-07,2,"[1, 5]","[5541, 533]"
98,94,287,1161,0.0009076188676683518,0.0009076188676683518,2,"[1, 5]","[598, 5742]"
99,94,287,1161,0.0009080588676683539,4.400000000021574e-07,2,"[1, 5]","[2043, 4244]"
100,94,287,1161,0.0009083688676683555,3.1000000000152e-07,2,"[1, 5]","[3316, 2927]"
101,94,287,1161,0.0009086088676683566,2.4000000000117677e-07,2,"[1, 5]","[4223, 1977]"
102,94,287,1161,0.0009088288676683577,2.200000000010787e-07,2,"[1, 5]","[4888, 1304]"
103,94,287,1161,0.0009090388676683587,2.1000000000102968e-07,2,"[1, 5]","[5447, 932]"
104,94,287,1161,0.0009092488676683598,2.1000000000102968e-07,2,"[1, 5]","[5795, 560]"
105,94,287,1161,0.0009094688676683609,2.200000000010787e-07,2,"[1, 5]","[5758, 324]"
106,94,287,1161,0.0009097488676683622,2.800000000013729e-07,2,"[1, 5]","[6047, 207]"
107,94,287,1161,0.0009102288676683646,4.800000000023535e-07,2,"[1, 5]","[6096, 96]"
108,94,287,1162,0.000907217728524007,0.000907217728524007,2,"[1, 5]","[103, 6193]"
109,94,287,1162,0.0009077777285240097,5.600000000027458e-07,2,"[1, 5]","[888, 5437]"
110,94,287,1162,0.0009082077285240118,4.300000000021084e-07,2,"[1, 5]","[2969, 3315]"
111,94,287,1162,0.0009085277285240134,3.2000000000156903e-07,2,"[1, 5]","[4571, 1527]"
112,94,287,1162,0.0009087877285240146,2.6000000000127484e-07,2,"[1, 5]","[5659, 744]"
113,94,287,1162,0.0009090077285240157,2.200000000010787e-07,2,"[1, 5]","[5840, 305]"
114,94,287,1162,0.0009092277285240168,2.200000000010787e-07,2,"[1, 5]","[6147, 179]"
115,94,287,1162,0.0009094477285240179,2.200000000010787e-07,2,"[1, 5]","[6036, 92]"
116,94,287,1162,0.0009097177285240192,2.7000000000132387e-07,2,"[1, 5]","[6217, 43]"
117,94,287,1162,0.0009101477285240213,4.300000000021084e-07,2,"[1, 5]","[6262, 16]"
118,94,287,1163,0.0009069734096329161,0.0009069734096329161,2,"[1, 5]","[22, 6295]"
119,94,287,1163,0.0009078334096329203,8.600000000042168e-07,2,"[1, 5]","[903, 5310]"
120,94,287,1163,0.0009084434096329233,6.10000000002991e-07,2,"[1, 5]","[4756, 1473]"
121,94,287,1163,0.0009087834096329249,3.400000000016671e-07,2,"[1, 5]","[6056, 248]"
122,94,287,1163,0.0009090434096329262,2.6000000000127484e-07,2,"[1, 5]","[6381, 68]"
123,94,287,1163,0.0009092834096329274,2.4000000000117677e-07,2,"[1, 5]","[6099, 21]"
124,94,287,1163,0.0009095234096329286,2.4000000000117677e-07,2,"[1, 5]","[6111, 10]"
125,94,287,1163,0.00090982340963293,3.0000000000147097e-07,2,"[1, 5]","[6243, 4]"
126,94,287,1163,0.0009103834096329328,5.600000000027458e-07,1,[1],[6303]
127,94,287,1164,0.0009070803576615443,0.0009070803576615443,2,"[1, 5]","[18, 6264]"
128,94,287,1164,0.0009084303576615509,1.3500000000066193e-06,2,"[1, 5]","[4465, 1787]"
129,94,287,1164,0.0009088303576615528,4.000000000019613e-07,2,"[1, 5]","[6254, 32]"
130,94,287,1164,0.0009091203576615543,2.9000000000142193e-07,2,"[1, 5]","[6295, 4]"
131,94,287,1164,0.0009093803576615555,2.6000000000127484e-07,2,"[1, 5]","[6195, 1]"
132,94,287,1164,0.000909670357661557,2.9000000000142193e-07,2,"[1, 5]","[6302, 1]"
133,94,287,1164,0.0009100603576615589,3.9000000000191225e-07,1,[1],[6193]
134,94,287,1165,0.0009082701198364021,0.0009082701198364021,2,"[1, 5]","[2710, 3570]"
135,94,287,1165,0.0009087801198364046,5.100000000025006e-07,2,"[1, 5]","[6274, 5]"
136,94,287,1165,0.0009091001198364061,3.2000000000156903e-07,1,[1],[6287]
137,94,287,1165,0.0009093801198364075,2.800000000013729e-07,1,[1],[6294]
138,94,287,1165,0.000909690119836409,3.1000000000152e-07,1,[1],[6176]
139,94,287,1165,0.0009101301198364112,4.400000000021574e-07,1,[1],[6271]
140,94,287,1166,0.0009085647333612688,0.0009085647333612688,2,"[1, 5]","[5118, 1242]"
141,94,287,1166,0.0009089647333612708,4.000000000019613e-07,1,[1],[6197]
142,94,287,1166,0.0009092747333612723,3.1000000000152e-07,1,[1],[6199]
143,94,287,1166,0.0009095947333612738,3.2000000000156903e-07,1,[1],[6394]
144,94,287,1166,0.0009099947333612758,4.000000000019613e-07,1,[1],[6160]
145,94,287,1167,0.0009087004007151363,0.0009087004007151363,2,"[1, 5]","[6060, 290]"
146,94,287,1167,0.0009090804007151382,3.800000000018632e-07,1,[1],[6156]
147,94,287,1167,0.0009094304007151399,3.500000000017161e-07,1,[1],[6407]
148,94,287,1167,0.0009098004007151417,3.700000000018142e-07,1,[1],[6216]
149,94,287,1167,0.000910470400715145,6.700000000032852e-07,1,[1],[6124]
150,94,287,1168,0.0009087455829152791,0.0009087455829152791,2,"[1, 5]","[6294, 49]"
151,94,287,1168,0.000909145582915281,4.000000000019613e-07,1,[1],[6178]
152,94,287,1168,0.0009094855829152827,3.400000000016671e-07,1,[1],[6257]
153,94,287,1168,0.0009098855829152847,4.000000000019613e-07,1,[1],[6239]
154,94,287,1168,0.0009112755829152915,1.3900000000068155e-06,1,[1],[6236]
155,94,287,1169,0.0009088421994711799,0.0009088421994711799,2,"[1, 5]","[6269, 2]"
156,94,287,1169,0.000909262199471182,4.2000000000205935e-07,1,[1],[6372]
157,94,287,1169,0.0009096221994711837,3.6000000000176516e-07,1,[1],[6118]
158,94,287,1169,0.0009101121994711861,4.900000000024026e-07,1,[1],[6240]
159,94,287,1170,0.0009089497249004151,0.0009089497249004151,2,"[1, 5]","[6344, 1]"
160,94,287,1170,0.0009093797249004172,4.300000000021084e-07,1,[1],[6285]
161,94,287,1170,0.0009097897249004192,4.100000000020103e-07,1,[1],[6244]
162,94,287,1170,0.0009104497249004225,6.600000000032361e-07,1,[1],[6141]
163,94,287,1171,0.0009090321812835903,0.0009090321812835903,1,[1],[6322]
164,94,287,1171,0.0009094921812835925,4.600000000022555e-07,1,[1],[6235]
165,94,287,1171,0.0009099721812835949,4.800000000023535e-07,1,[1],[6233]
166,94,287,1172,0.000909109312612237,0.000909109312612237,2,"[1, 3]","[6095, 190]"
167,94,287,1172,0.0009095993126122395,4.900000000024026e-07,2,"[1, 3]","[6070, 205]"
168,94,287,1172,0.0009101393126122421,5.400000000026477e-07,2,"[1, 3]","[6003, 229]"
169,94,287,1173,0.000909182079883693,0.000909182079883693,2,"[1, 3]","[5736, 623]"
170,94,287,1173,0.0009096820798836955,5.000000000024516e-07,2,"[1, 3]","[5650, 604]"
171,94,287,1173,0.0009102520798836982,5.700000000027948e-07,2,"[1, 3]","[5600, 537]"
172,94,287,1174,0.0009093554345869541,0.0009093554345869541,2,"[1, 3]","[6298, 26]"
173,94,287,1174,0.000909945434586957,5.900000000028929e-07,2,"[1, 3]","[6208, 29]"
174,94,287,1175,0.0009094970120973936,0.0009094970120973936,1,[1],[6272]
175,94,287,1175,0.000910177012097397,6.800000000033342e-07,1,[1],[6259]
176,94,287,1176,0.0009096054937515523,0.0009096054937515523,1,[1],[6294]
177,94,287,1176,0.0009103454937515559,7.400000000036284e-07,1,[1],[6234]
178,94,287,1177,0.0009097649163377,0.0009097649163377,1,[1],[6292]
179,94,287,1177,0.0009106149163377042,8.500000000041677e-07,1,[1],[6250]
180,94,287,1178,0.0009099317713859439,0.0009099317713859439,1,[1],[6251]
181,94,287,1178,0.0009116217713859522,1.6900000000082864e-06,1,[1],[6251]
182,94,287,1179,0.0009100773078303391,0.0009100773078303391,1,[1],[6269]
183,94,287,1180,0.0009102600176303014,0.0009102600176303014,1,[1],[6287]
184,94,287,1181,0.0009104646724173146,0.0009104646724173146,1,[1],[6281]
185,94,287,1182,0.0009107121479921584,0.0009107121479921584,2,"[1, 2]","[6186, 93]"
186,94,287,1183,0.0009106997886188318,0.0009106997886188318,2,"[1, 2]","[5317, 950]"
187,94,288,1162,0.0009087385451050412,0.0009087385451050412,2,"[1, 5]","[1487, 4785]"
188,94,288,1163,0.0009071691256421412,0.0009071691256421412,2,"[1, 5]","[8, 6268]"
189,94,288,1163,0.0009088891256421496,1.7200000000084335e-06,2,"[1, 5]","[2742, 3489]"
190,94,288,1164,0.0009062819260539708,0.0009062819260539708,1,[5],[6265]
191,94,288,1164,0.0009071019260539748,8.200000000040206e-07,2,"[1, 5]","[7, 6238]"
192,94,288,1164,0.0009089319260539838,1.8300000000089729e-06,2,"[1, 5]","[3569, 2688]"
193,94,288,1164,0.0009100319260539892,1.1000000000053935e-06,2,"[1, 5]","[6240, 5]"
194,94,288,1165,0.0009056938158935677,0.0009056938158935677,1,[5],[6334]
195,94,288,1165,0.0009063138158935708,6.2000000000304e-07,1,[5],[6221]
196,94,288,1165,0.000907993815893579,1.6800000000082374e-06,2,"[1, 5]","[422, 5785]"
197,94,288,1165,0.0009091838158935848,1.1900000000058348e-06,2,"[1, 5]","[6216, 35]"
198,94,288,1165,0.000910043815893589,8.600000000042168e-07,1,[1],[6274]
199,94,288,1166,0.0009052365646123016,0.0009052365646123016,1,[5],[6300]
200,94,288,1166,0.0009058865646123048,6.500000000031871e-07,1,[5],[6287]
201,94,288,1166,0.0009081865646123161,2.3000000000112774e-06,2,"[1, 5]","[908, 5277]"
202,94,288,1166,0.0009091365646123207,9.500000000046581e-07,2,"[1, 5]","[6311, 1]"
203,94,288,1166,0.0009097765646123239,6.400000000031381e-07,1,[1],[6220]
204,94,288,1167,0.0009049642410474743,0.0009049642410474743,1,[5],[6303]
205,94,288,1167,0.0009060042410474794,1.0400000000050993e-06,1,[5],[6206]
206,94,288,1167,0.0009088742410474934,2.8700000000140722e-06,2,"[1, 5]","[5081, 1216]"
207,94,288,1167,0.0009094442410474962,5.700000000027948e-07,1,[1],[6202]
208,94,288,1167,0.0009102142410475,7.700000000037755e-07,1,[1],[6274]
209,94,288,1168,0.0009052142695697928,0.0009052142695697928,1,[5],[6253]
210,94,288,1168,0.0009088442695698106,3.6300000000177987e-06,2,"[1, 5]","[4941, 1388]"
211,94,288,1168,0.0009093942695698133,5.500000000026968e-07,1,[1],[6291]
212,94,288,1168,0.0009099942695698162,6.000000000029419e-07,1,[1],[6141]
213,94,288,1169,0.000908607855098846,0.000908607855098846,2,"[1, 5]","[2691, 3572]"
214,94,288,1169,0.0009092378550988491,6.30000000003089e-07,1,[1],[6298]
215,94,288,1169,0.0009097578550988516,5.200000000025497e-07,1,[1],[6189]
216,94,288,1170,0.0009089222831404692,0.0009089222831404692,2,"[1, 5]","[5173, 1140]"
217,94,288,1170,0.0009094522831404718,5.300000000025987e-07,1,[1],[6247]
218,94,288,1170,0.0009100122831404746,5.600000000027458e-07,1,[1],[6271]
219,94,288,1171,0.0009090502401601174,0.0009090502401601174,4,"[1, 3, 5, 6]","[6046, 1, 260, 4]"
220,94,288,1171,0.0009095402401601198,4.900000000024026e-07,1,[1],[6270]
221,94,288,1171,0.0009100802401601224,5.400000000026477e-07,2,"[1, 3]","[6210, 1]"
222,94,288,1172,0.0009090495181224436,0.0009090495181224436,4,"[1, 3, 5, 6]","[6027, 233, 27, 9]"
223,94,288,1172,0.0009094995181224458,4.5000000000220645e-07,2,"[1, 3]","[6021, 222]"
224,94,288,1172,0.000909949518122448,4.5000000000220645e-07,2,"[1, 3]","[6109, 231]"
225,94,288,1172,0.0009109195181224528,9.700000000047561e-07,2,"[1, 3]","[5926, 202]"
226,94,288,1173,0.0009090686333988834,0.0009090686333988834,3,"[1, 3, 5]","[5704, 607, 2]"
227,94,288,1173,0.0009094886333988855,4.2000000000205935e-07,2,"[1, 3]","[5721, 586]"
228,94,288,1173,0.0009098686333988874,3.800000000018632e-07,2,"[1, 3]","[5680, 553]"
229,94,288,1173,0.00091039863339889,5.300000000025987e-07,2,"[1, 3]","[5599, 553]"
230,94,288,1174,0.0009091139120936834,0.0009091139120936834,3,"[1, 3, 5]","[6222, 33, 1]"
231,94,288,1174,0.0009095539120936855,4.400000000021574e-07,2,"[1, 3]","[6292, 36]"
232,94,288,1174,0.0009099539120936875,4.000000000019613e-07,2,"[1, 3]","[6289, 18]"
233,94,288,1174,0.0009105039120936902,5.500000000026968e-07,2,"[1, 3]","[6141, 24]"
234,94,288,1175,0.0009091867176782999,0.0009091867176782999,1,[1],[6338]
235,94,288,1175,0.000909606717678302,4.2000000000205935e-07,1,[1],[6195]
236,94,288,1175,0.0009099967176783039,3.9000000000191225e-07,1,[1],[6353]
237,94,288,1175,0.0009104967176783063,5.000000000024516e-07,1,[1],[6159]
238,94,288,1176,0.0009092341811649052,0.0009092341811649052,1,[1],[6336]
239,94,288,1176,0.0009096341811649072,4.000000000019613e-07,1,[1],[6189]
240,94,288,1176,0.0009099941811649089,3.6000000000176516e-07,1,[1],[6428]
241,94,288,1176,0.000910404181164911,4.100000000020103e-07,1,[1],[6057]
242,94,288,1177,0.0009093249512573342,0.0009093249512573342,1,[1],[6278]
243,94,288,1177,0.0009097249512573361,4.000000000019613e-07,1,[1],[6222]
244,94,288,1177,0.0009100749512573378,3.500000000017161e-07,1,[1],[6363]
245,94,288,1177,0.0009104849512573399,4.100000000020103e-07,1,[1],[6210]
246,94,288,1178,0.0009093725621858103,0.0009093725621858103,1,[1],[6256]
247,94,288,1178,0.0009097825621858123,4.100000000020103e-07,1,[1],[6353]
248,94,288,1178,0.000910132562185814,3.500000000017161e-07,1,[1],[6241]
249,94,288,1178,0.000910542562185816,4.100000000020103e-07,1,[1],[6228]
250,94,288,1179,0.0009093969474342633,0.0009093969474342633,1,[1],[6373]
251,94,288,1179,0.0009097869474342653,3.9000000000191225e-07,1,[1],[6299]
252,94,288,1179,0.0009101169474342669,3.3000000000161806e-07,1,[1],[6140]
253,94,288,1179,0.0009104869474342687,3.700000000018142e-07,1,[1],[6198]
254,94,288,1179,0.0009112369474342724,7.500000000036774e-07,1,[1],[6271]
255,94,288,1180,0.0009094234693180265,0.0009094234693180265,1,[1],[6316]
256,94,288,1180,0.0009098134693180284,3.9000000000191225e-07,1,[1],[6196]
257,94,288,1180,0.0009101534693180301,3.400000000016671e-07,1,[1],[6311]
258,94,288,1180,0.0009105234693180319,3.700000000018142e-07,1,[1],[6184]
259,94,288,1180,0.0009113234693180358,8.000000000039226e-07,1,[1],[6254]
260,94,288,1181,0.0009094304273952649,0.0009094304273952649,1,[1],[6293]
261,94,288,1181,0.0009098204273952668,3.9000000000191225e-07,1,[1],[6366]
262,94,288,1181,0.0009101404273952684,3.2000000000156903e-07,1,[1],[6139]
263,94,288,1181,0.0009105104273952702,3.700000000018142e-07,1,[1],[6322]
264,94,288,1181,0.0009111604273952734,6.500000000031871e-07,1,[1],[6136]
265,94,288,1182,0.000909435757430195,0.000909435757430195,2,"[1, 2]","[6296, 87]"
266,94,288,1182,0.0009098157574301968,3.800000000018632e-07,2,"[1, 2]","[6193, 96]"
267,94,288,1182,0.0009101157574301983,3.0000000000147097e-07,2,"[1, 2]","[5992, 90]"
268,94,288,1182,0.0009104557574302,3.400000000016671e-07,2,"[1, 2]","[6206, 98]"
269,94,288,1182,0.0009109657574302025,5.100000000025006e-07,2,"[1, 2]","[6110, 92]"
270,94,288,1183,0.0009093877381612612,0.0009093877381612612,2,"[1, 2]","[5348, 929]"
271,94,288,1183,0.0009097477381612629,3.6000000000176516e-07,2,"[1, 2]","[5387, 954]"
272,94,288,1183,0.0009100377381612644,2.9000000000142193e-07,2,"[1, 2]","[5332, 851]"
273,94,288,1183,0.0009103277381612658,2.9000000000142193e-07,2,"[1, 2]","[5484, 889]"
274,94,288,1183,0.0009106677381612674,3.400000000016671e-07,2,"[1, 2]","[5403, 799]"
275,94,288,1183,0.0009114577381612713,7.900000000038735e-07,2,"[1, 2]","[5350, 797]"
276,94,288,1184,0.0009094894772503495,0.0009094894772503495,2,"[1, 2]","[6074, 211]"
277,94,288,1184,0.0009098794772503514,3.9000000000191225e-07,2,"[1, 2]","[6201, 157]"
278,94,288,1184,0.000910209477250353,3.3000000000161806e-07,2,"[1, 2]","[6069, 171]"
279,94,288,1184,0.0009105694772503548,3.6000000000176516e-07,2,"[1, 2]","[6055, 149]"
280,94,288,1184,0.0009112194772503579,6.500000000031871e-07,2,"[1, 2]","[6058, 139]"
281,94,288,1185,0.0009095363303655834,0.0009095363303655834,1,[1],[6289]
282,94,288,1185,0.0009099163303655852,3.800000000018632e-07,1,[1],[6235]
283,94,288,1185,0.0009102463303655869,3.3000000000161806e-07,1,[1],[6230]
284,94,288,1185,0.0009106163303655887,3.700000000018142e-07,1,[1],[6342]
285,94,288,1185,0.000911306330365592,6.900000000033832e-07,1,[1],[6191]
286,94,288,1186,0.0009095475188135412,0.0009095475188135412,1,[1],[6394]
287,94,288,1186,0.0009099275188135431,3.800000000018632e-07,1,[1],[6155]
288,94,288,1186,0.0009102475188135446,3.2000000000156903e-07,1,[1],[6241]
289,94,288,1186,0.0009105975188135463,3.500000000017161e-07,1,[1],[6332]
290,94,288,1186,0.000911147518813549,5.500000000026968e-07,1,[1],[6167]
291,94,288,1187,0.0009095866752916421,0.0009095866752916421,1,[1],[6378]
292,94,288,1187,0.000909966675291644,3.800000000018632e-07,1,[1],[6158]
293,94,288,1187,0.0009102866752916456,3.2000000000156903e-07,1,[1],[6297]
294,94,288,1187,0.0009106366752916473,3.500000000017161e-07,1,[1],[6206]
295,94,288,1187,0.0009112766752916504,6.400000000031381e-07,1,[1],[6259]
296,94,288,1188,0.0009099686131667097,0.0009099686131667097,1,[1],[6265]
297,94,288,1188,0.0009106486131667131,6.800000000033342e-07,1,[1],[6315]
298,94,289,1167,0.0009052386997203626,0.0009052386997203626,1,[5],[6284]
299,94,289,1168,0.0009043602586759995,0.0009043602586759995,1,[5],[6284]
300,94,289,1168,0.0009054002586760046,1.0400000000050993e-06,1,[5],[6231]
301,94,289,1169,0.0009036055759528491,0.0009036055759528491,1,[5],[6297]
302,94,289,1169,0.0009042355759528522,6.30000000003089e-07,1,[5],[6288]
303,94,289,1169,0.0009059655759528607,1.7300000000084826e-06,1,[5],[6166]
304,94,289,1170,0.0009030945789555052,0.0009030945789555052,2,"[5, 6]","[6282, 6]"
305,94,289,1170,0.0009037345789555083,6.400000000031381e-07,2,"[5, 6]","[6223, 2]"
306,94,289,1171,0.0009026927723130156,0.0009026927723130156,2,"[5, 6]","[5339, 928]"
307,94,289,1171,0.0009036327723130202,9.40000000004609e-07,2,"[5, 6]","[5967, 304]"
308,94,289,1172,0.0009025524159793607,0.0009025524159793607,2,"[5, 6]","[4397, 1890]"
309,94,290,1171,0.0009025179197316024,0.0009025179197316024,2,"[5, 6]","[4280, 2026]"
310,94,290,1171,0.0009034879197316072,9.700000000047561e-07,2,"[5, 6]","[5270, 927]"
311,94,290,1172,0.0009017355582418566,0.0009017355582418566,2,"[5, 6]","[4605, 1708]"
312,94,290,1172,0.000902225558241859,4.900000000024026e-07,2,"[5, 6]","[4414, 1823]"
313,94,290,1172,0.0009027355582418615,5.100000000025006e-07,2,"[5, 6]","[4349, 1897]"
314,94,290,1173,0.0009012565926449606,0.0009012565926449606,3,"[5, 6, 7]","[6226, 19, 73]"
315,94,290,1173,0.0009018465926449635,5.900000000028929e-07,3,"[5, 6, 7]","[6132, 51, 2]"
316,94,290,1173,0.0009027265926449678,8.800000000043148e-07,3,"[5, 6, 7]","[6154, 92, 1]"
317,94,290,1174,0.0009001396108262189,0.0009001396108262189,4,"[5, 7, 268, 271]","[1656, 4623, 4, 2]"
318,94,290,1174,0.0009008596108262224,7.200000000035303e-07,4,"[5, 7, 268, 271]","[4784, 1486, 5, 1]"
319,94,290,1174,0.0009015096108262256,6.500000000031871e-07,3,"[5, 7, 268]","[5702, 562, 3]"
320,94,290,1175,0.0008999372430055382,0.0008999372430055382,3,"[5, 7, 268]","[2202, 4065, 3]"
321,94,290,1175,0.000900717243005542,7.800000000038245e-07,4,"[5, 7, 268, 271]","[4213, 2011, 7, 1]"
322,94,291,1174,0.0008994030627055115,0.0008994030627055115,3,"[5, 7, 268]","[136, 6113, 2]"
323,94,291,1174,0.0009004030627055164,1.0000000000049032e-06,3,"[5, 7, 268]","[1707, 4584, 3]"
324,94,291,1174,0.0009016630627055226,1.260000000006178e-06,4,"[5, 7, 268, 271]","[4584, 1627, 13, 2]"
325,94,291,1175,0.0008993308193987001,0.0008993308193987001,2,"[5, 7]","[948, 5383]"
326,94,291,1175,0.0008999608193987032,6.30000000003089e-07,4,"[5, 7, 268, 271]","[2770, 3454, 5, 1]"
327,94,291,1175,0.000900530819398706,5.700000000027948e-07,4,"[5, 7, 268, 271]","[4176, 2033, 7, 1]"
328,94,291,1175,0.0009014308193987104,9.000000000044129e-07,4,"[5, 7, 268, 271]","[4865, 1348, 9, 1]"
329,94,291,1176,0.0008995737788242117,0.0008995737788242117,2,"[5, 7]","[6261, 52]"
330,94,291,1176,0.0009001937788242147,6.2000000000304e-07,2,"[5, 7]","[6156, 38]"
331,94,291,1177,0.0008990449727020946,0.0008990449727020946,1,[5],[6276]
332,94,291,1177,0.0008996549727020976,6.10000000002991e-07,1,[5],[6271]
333,94,291,1177,0.0009008849727021037,1.230000000006031e-06,1,[5],[6205]
334,94,291,1178,0.0008987134053599676,0.0008987134053599676,1,[5],[6289]
335,94,291,1178,0.0008995834053599718,8.700000000042658e-07,1,[5],[6224]
336,94,291,1179,0.0008987616779024521,0.0008987616779024521,1,[5],[6257]
337,94,292,1178,0.0008990165876822834,0.0008990165876822834,1,[5],[6293]
338,94,292,1179,0.0008980269892944763,0.0008980269892944763,1,[5],[6251]
339,94,292,1179,0.0008988169892944802,7.900000000038735e-07,1,[5],[6285]
340,94,292,1180,0.0008973455400690886,0.0008973455400690886,2,"[5, 8]","[5892, 399]"
341,94,292,1180,0.0008979255400690915,5.800000000028439e-07,2,"[5, 8]","[5977, 257]"
342,94,292,1180,0.0008988155400690959,8.900000000043639e-07,2,"[5, 8]","[6048, 210]"
343,94,292,1181,0.0008967658678540821,0.0008967658678540821,2,"[5, 8]","[4891, 1442]"
344,94,292,1181,0.0008972358678540844,4.700000000023045e-07,2,"[5, 8]","[4430, 1879]"
345,94,292,1181,0.0008976858678540866,4.5000000000220645e-07,2,"[5, 8]","[3967, 2228]"
346,94,292,1181,0.0008984758678540905,7.900000000038735e-07,2,"[5, 8]","[3637, 2547]"
347,94,292,1182,0.0008966533765110854,0.0008966533765110854,2,"[5, 8]","[6116, 146]"
348,94,292,1182,0.0008978633765110913,1.2100000000059329e-06,2,"[5, 8]","[5536, 717]"
349,94,293,1181,0.0008978299583290695,0.0008978299583290695,2,"[5, 8]","[4978, 1294]"
350,94,293,1182,0.000896427660984009,0.000896427660984009,2,"[5, 8]","[6284, 8]"
351,94,293,1182,0.0008975476609840145,1.1200000000054916e-06,2,"[5, 8]","[6099, 119]"
352,94,293,1183,0.0008956198986901792,0.0008956198986901792,1,[5],[6335]
353,94,293,1183,0.0008962198986901821,6.000000000029419e-07,1,[5],[6193]
354,94,293,1183,0.0008972898986901874,1.0700000000052464e-06,1,[5],[6223]
355,94,293,1184,0.0008950888592239049,0.0008950888592239049,1,[5],[6270]
356,94,293,1184,0.0008957188592239079,6.30000000003089e-07,1,[5],[6292]
357,94,293,1184,0.0008970188592239143,1.3000000000063742e-06,1,[5],[6193]
358,94,293,1185,0.0008948412811472303,0.0008948412811472303,1,[5],[6256]
359,94,293,1185,0.0008962312811472372,1.3900000000068155e-06,1,[5],[6250]
360,94,294,1185,0.0008946917200510889,0.0008946917200510889,1,[5],[6273]
361,94,294,1185,0.0008961117200510959,1.4200000000069626e-06,1,[5],[6235]
362,94,294,1186,0.0008938477710719043,0.0008938477710719043,1,[5],[6341]
363,94,294,1186,0.0008944477710719072,6.000000000029419e-07,2,"[5, 9]","[6259, 1]"
364,94,294,1186,0.0008955377710719126,1.0900000000053445e-06,1,[5],[6163]
365,94,294,1187,0.0008932747168639037,0.0008932747168639037,2,"[5, 9]","[5967, 366]"
366,94,294,1187,0.0008938647168639066,5.900000000028929e-07,2,"[5, 9]","[5965, 240]"
367,94,294,1187,0.000894754716863911,8.900000000043639e-07,2,"[5, 9]","[6109, 133]"
368,94,294,1188,0.0008928486668833417,0.0008928486668833417,3,"[5, 9, 10]","[4844, 1456, 1]"
369,94,294,1188,0.0008934886668833449,6.400000000031381e-07,2,"[5, 9]","[4374, 1872]"
370,94,294,1189,0.0008941806600816738,0.0008941806600816738,3,"[5, 9, 10]","[5528, 482, 240]"
371,94,295,1188,0.0008927357956461706,0.0008927357956461706,3,"[5, 9, 10]","[5224, 1048, 8]"
372,94,295,1188,0.0008934057956461738,6.700000000032852e-07,3,"[5, 9, 10]","[4393, 1891, 4]"
373,94,295,1189,0.0008918983784787861,0.0008918983784787861,3,"[5, 9, 10]","[5186, 9, 1122]"
374,94,295,1189,0.0008924283784787887,5.300000000025987e-07,3,"[5, 9, 10]","[5384, 42, 841]"
375,94,295,1189,0.0008930183784787916,5.900000000028929e-07,3,"[5, 9, 10]","[5457, 136, 597]"
376,94,295,1190,0.000891454363393697,0.000891454363393697,2,"[5, 10]","[5611, 689]"
377,94,295,1190,0.0008920143633936998,5.600000000027458e-07,2,"[5, 10]","[5168, 1094]"
378,94,295,1190,0.0008926943633937031,6.800000000033342e-07,2,"[5, 10]","[4799, 1417]"
379,94,295,1191,0.0008913164792316195,0.0008913164792316195,2,"[5, 10]","[6248, 6]"
380,94,296,1191,0.0008910879010725013,0.0008910879010725013,1,[5],[6288]
381,94,296,1192,0.0008902365207998195,0.0008902365207998195,1,[5],[6284]
382,94,296,1192,0.0008909265207998229,6.900000000033832e-07,1,[5],[6295]
383,94,296,1193,0.0008896810500608352,0.0008896810500608352,2,"[5, 11]","[6276, 13]"
384,94,296,1193,0.0008903910500608386,7.100000000034813e-07,2,"[5, 11]","[6258, 1]"
385,94,296,1194,0.0008892853274064089,0.0008892853274064089,2,"[5, 11]","[5080, 1226]"
386,94,296,1194,0.000890515327406415,1.230000000006031e-06,2,"[5, 11]","[5564, 646]"
387,94,296,1195,0.000889262726515929,0.000889262726515929,2,"[5, 11]","[3813, 2447]"
388,94,297,1194,0.0008889440838514903,0.0008889440838514903,2,"[5, 11]","[4118, 2213]"
389,94,297,1194,0.0008896540838514938,7.100000000034813e-07,2,"[5, 11]","[4231, 1955]"
390,94,297,1195,0.0008882294850856625,0.0008882294850856625,2,"[5, 11]","[5187, 1137]"
391,94,297,1195,0.0008887094850856649,4.800000000023535e-07,2,"[5, 11]","[4368, 1859]"
392,94,297,1195,0.000889149485085667,4.400000000021574e-07,2,"[5, 11]","[3803, 2431]"
393,94,297,1195,0.0008898294850856704,6.800000000033342e-07,2,"[5, 11]","[3224, 3053]"
394,94,297,1196,0.0008877577226094385,0.0008877577226094385,2,"[5, 11]","[6306, 10]"
395,94,297,1196,0.0008883877226094416,6.30000000003089e-07,2,"[5, 11]","[6173, 30]"
396,94,297,1196,0.0008908977226094539,2.510000000012307e-06,2,"[5, 11]","[6041, 190]"
397,94,297,1197,0.0008873440405826277,0.0008873440405826277,1,[5],[6328]
398,94,297,1197,0.0008882740405826323,9.3000000000456e-07,1,[5],[6185]
399,94,297,1198,0.0008873519981890581,0.0008873519981890581,1,[5],[6252]
400,94,298,1197,0.0008876338283842797,0.0008876338283842797,1,[5],[6286]
401,94,298,1198,0.0008865348462947506,0.0008865348462947506,1,[5],[6275]
402,94,298,1198,0.0008873448462947545,8.100000000039716e-07,1,[5],[6269]
403,94,298,1199,0.0008858011192639032,0.0008858011192639032,1,[5],[6346]
404,94,298,1199,0.0008864211192639062,6.2000000000304e-07,1,[5],[6246]
405,94,298,1199,0.0008877211192639126,1.3000000000063742e-06,1,[5],[6158]
406,94,298,1200,0.0008852885914617247,0.0008852885914617247,2,"[5, 12]","[6303, 18]"
407,94,298,1200,0.0008859785914617281,6.900000000033832e-07,2,"[5, 12]","[6195, 3]"
408,94,298,1201,0.0008848097657332277,0.0008848097657332277,2,"[5, 12]","[5029, 1268]"
409,94,298,1201,0.0008858497657332328,1.0400000000050993e-06,2,"[5, 12]","[5144, 1061]"
410,94,298,1202,0.0008847067968647651,0.0008847067968647651,2,"[5, 12]","[4804, 1476]"
411,94,299,1201,0.0008845445501184743,0.0008845445501184743,2,"[5, 12]","[4818, 1452]"
412,94,299,1201,0.000885284550118478,7.400000000036284e-07,2,"[5, 12]","[4657, 1596]"
413,94,299,1202,0.0008837605079996711,0.0008837605079996711,3,"[5, 12, 13]","[5959, 301, 1]"
414,94,299,1202,0.0008842705079996736,5.100000000025006e-07,2,"[5, 12]","[5412, 840]"
415,94,299,1202,0.0008847805079996761,5.100000000025006e-07,2,"[5, 12]","[4981, 1364]"
416,94,299,1202,0.0008859105079996817,1.1300000000055406e-06,2,"[5, 12]","[3900, 2243]"
417,94,299,1203,0.000883077655220044,0.000883077655220044,2,"[5, 13]","[6047, 212]"
418,94,299,1203,0.0008836076552200466,5.300000000025987e-07,3,"[5, 12, 13]","[6232, 3, 61]"
419,94,299,1203,0.0008841676552200494,5.600000000027458e-07,3,"[5, 12, 13]","[6170, 4, 29]"
420,94,299,1204,0.0008824884751729904,0.0008824884751729904,2,"[5, 13]","[5119, 1238]"
421,94,299,1204,0.0008829984751729929,5.100000000025006e-07,2,"[5, 13]","[5137, 1116]"
422,94,299,1204,0.0008835884751729958,5.900000000028929e-07,2,"[5, 13]","[5188, 979]"
423,94,299,1205,0.0008822934961760937,0.0008822934961760937,2,"[5, 13]","[6126, 164]"
424,94,299,1205,0.000883983496176102,1.6900000000082864e-06,2,"[5, 13]","[5764, 452]"
425,94,300,1204,0.0008831346337054628,0.0008831346337054628,2,"[5, 13]","[5311, 963]"
426,94,300,1205,0.0008819920197466806,0.0008819920197466806,2,"[5, 13]","[6246, 27]"
427,94,300,1205,0.0008829320197466852,9.40000000004609e-07,2,"[5, 13]","[6143, 112]"
428,94,300,1206,0.0008811230344114405,0.0008811230344114405,1,[5],[6281]
429,94,300,1206,0.0008817230344114435,6.000000000029419e-07,1,[5],[6322]
430,94,300,1206,0.0008826330344114479,9.100000000044619e-07,1,[5],[6165]
431,94,300,1207,0.0008804708161254891,0.0008804708161254891,1,[5],[6313]
432,94,300,1207,0.000881060816125492,5.900000000028929e-07,1,[5],[6230]
433,94,300,1207,0.0008819408161254963,8.800000000043148e-07,1,[5],[6226]
434,94,300,1208,0.0008800105496172135,0.0008800105496172135,1,[5],[6334]
435,94,300,1208,0.0008807705496172172,7.600000000037264e-07,1,[5],[6189]
436,94,300,1209,0.0008799941182999959,0.0008799941182999959,1,[5],[6282]
437,94,301,1208,0.0008802376793300794,0.0008802376793300794,1,[5],[6277]
438,94,301,1209,0.0008791516546160416,0.0008791516546160416,1,[5],[6283]
439,94,301,1209,0.000879851654616045,7.000000000034323e-07,1,[5],[6249]
440,94,301,1210,0.0008783716773245279,0.0008783716773245279,2,"[5, 14]","[5874, 414]"
441,94,301,1210,0.0008789216773245306,5.500000000026968e-07,2,"[5, 14]","[6017, 243]"
442,94,301,1210,0.000879601677324534,6.800000000033342e-07,2,"[5, 14]","[6021, 187]"
443,94,301,1211,0.0008777714623140072,0.0008777714623140072,2,"[5, 14]","[5159, 1149]"
444,94,301,1211,0.0008782514623140096,4.800000000023535e-07,2,"[5, 14]","[4661, 1606]"
445,94,301,1211,0.0008787314623140119,4.800000000023535e-07,2,"[5, 14]","[4245, 2051]"
446,94,301,1211,0.0008802514623140194,1.5200000000074529e-06,2,"[5, 14]","[3831, 2298]"
447,94,301,1212,0.0008777185761266384,0.0008777185761266384,2,"[5, 14]","[6152, 98]"
448,94,301,1212,0.0008790585761266449,1.3400000000065703e-06,2,"[5, 14]","[5750, 502]"
449,94,302,1211,0.0008785207477274049,0.0008785207477274049,2,"[5, 14]","[5112, 1172]"
450,94,302,1212,0.000877490655113476,0.000877490655113476,2,"[5, 14]","[6309, 16]"
451,94,302,1212,0.0008784206551134806,9.3000000000456e-07,2,"[5, 14]","[6091, 91]"
452,94,302,1213,0.0008768201956071991,0.0008768201956071991,1,[5],[6283]
453,94,302,1213,0.0008773901956072019,5.700000000027948e-07,1,[5],[6288]
454,94,302,1213,0.000878230195607206,8.400000000041187e-07,1,[5],[6188]
455,94,302,1214,0.0008763786438684884,0.0008763786438684884,1,[5],[6311]
456,94,302,1214,0.0008769286438684911,5.500000000026968e-07,1,[5],[6248]
457,94,302,1214,0.0008777386438684951,8.100000000039716e-07,1,[5],[6217]
458,94,302,1215,0.0008761549856009039,0.0008761549856009039,1,[5],[6263]
459,94,302,1215,0.000876984985600908,8.300000000040697e-07,1,[5],[6284]
460,94,302,1216,0.0008764738882464343,0.0008764738882464343,1,[5],[6266]
461,94,303,1215,0.0008762530234056799,0.0008762530234056799,1,[5],[6274]
462,94,303,1216,0.0008754574804093366,0.0008754574804093366,1,[5],[6281]
463,94,303,1216,0.0008760774804093397,6.2000000000304e-07,1,[5],[6279]
464,94,303,1217,0.0008749216650091411,0.0008749216650091411,1,[5],[6281]
465,94,303,1217,0.0008754716650091438,5.500000000026968e-07,1,[5],[6244]
466,94,303,1217,0.0008761716650091473,7.000000000034323e-07,1,[5],[6243]
467,94,303,1218,0.0008746653807374159,0.0008746653807374159,1,[5],[6278]
468,94,303,1218,0.0008753653807374194,7.000000000034323e-07,1,[5],[6258]
469,94,303,1219,0.0008747421749667821,0.0008747421749667821,1,[5],[6258]
470,94,304,1218,0.0008752968158967324,0.0008752968158967324,1,[5],[6254]
471,94,304,1219,0.000874278871909132,0.000874278871909132,1,[5],[6320]
472,94,304,1219,0.000875098871909136,8.200000000040206e-07,1,[5],[6184]
473,94,304,1220,0.0008737716680161348,0.0008737716680161348,2,"[5, 15]","[6272, 2]"
474,94,304,1220,0.0008743516680161376,5.800000000028439e-07,2,"[5, 15]","[6337, 1]"
475,94,304,1220,0.0008753516680161425,1.0000000000049032e-06,1,[5],[6140]
476,94,304,1221,0.0008733625537306781,0.0008733625537306781,3,"[5, 15, 16]","[5364, 526, 367]"
477,94,304,1221,0.0008738925537306807,5.300000000025987e-07,3,"[5, 15, 16]","[5480, 482, 377]"
478,94,304,1221,0.0008745325537306838,6.400000000031381e-07,3,"[5, 15, 16]","[5496, 392, 297]"
479,94,304,1222,0.0008730679120156999,0.0008730679120156999,3,"[5, 15, 16]","[4147, 782, 1331]"
480,94,304,1222,0.0008735379120157022,4.700000000023045e-07,3,"[5, 15, 16]","[3720, 945, 1635]"
481,94,304,1222,0.0008740279120157046,4.900000000024026e-07,3,"[5, 15, 16]","[3437, 1045, 1767]"
482,94,304,1223,0.0008737372974398133,0.0008737372974398133,3,"[5, 15, 16]","[5920, 55, 306]"
483,94,305,1221,0.0008747002108745218,0.0008747002108745218,3,"[5, 15, 16]","[4688, 685, 878]"
484,94,305,1222,0.0008731317751215703,0.0008731317751215703,3,"[5, 15, 16]","[4807, 422, 1067]"
485,94,305,1222,0.0008737117751215732,5.800000000028439e-07,3,"[5, 15, 16]","[4021, 684, 1609]"
486,94,305,1222,0.0008747417751215782,1.0300000000050503e-06,3,"[5, 15, 16]","[3345, 727, 2076]"
487,94,305,1223,0.0008726904700690294,0.0008726904700690294,3,"[5, 15, 16]","[6214, 4, 35]"
488,94,305,1223,0.0008732004700690319,5.100000000025006e-07,3,"[5, 15, 16]","[6204, 7, 82]"
489,94,305,1223,0.0008738104700690348,6.10000000002991e-07,3,"[5, 15, 16]","[6099, 10, 140]"
490,94,305,1224,0.000872369669231642,0.000872369669231642,1,[5],[6330]
491,94,305,1224,0.0008728696692316445,5.000000000024516e-07,1,[5],[6282]
492,94,305,1224,0.0008734196692316472,5.500000000026968e-07,1,[5],[6177]
493,94,305,1225,0.0008723025904348337,0.0008723025904348337,2,"[5, 17]","[6295, 2]"
494,94,305,1225,0.0008730325904348372,7.300000000035793e-07,2,"[5, 17]","[6265, 1]"
495,94,305,1226,0.0008728443962326112,0.0008728443962326112,2,"[5, 17]","[5857, 419]"
496,94,306,1225,0.0008723118659394556,0.0008723118659394556,2,"[5, 17]","[6256, 24]"
497,94,306,1225,0.0008733618659394608,1.0500000000051484e-06,2,"[5, 17]","[6234, 5]"
498,94,306,1226,0.0008716751495823085,0.0008716751495823085,2,"[5, 17]","[5394, 882]"
499,94,306,1226,0.0008721551495823108,4.800000000023535e-07,2,"[5, 17]","[5445, 783]"
500,94,306,1226,0.0008726851495823134,5.300000000025987e-07,2,"[5, 17]","[5549, 753]"
501,94,306,1227,0.0008714205923067617,0.0008714205923067617,2,"[5, 17]","[5768, 529]"
502,94,306,1227,0.0008719005923067641,4.800000000023535e-07,2,"[5, 17]","[5439, 777]"
503,94,306,1227,0.0008724405923067667,5.400000000026477e-07,2,"[5, 17]","[5398, 861]"
504,94,306,1228,0.0008714831262882555,0.0008714831262882555,2,"[5, 17]","[6284, 6]"
505,94,306,1228,0.0008727631262882618,1.2800000000062761e-06,2,"[5, 17]","[6207, 14]"
506,94,307,1228,0.0008712750470054883,0.0008712750470054883,2,"[5, 17]","[6258, 1]"
507,94,307,1228,0.0008721150470054924,8.400000000041187e-07,1,[5],[6265]
508,94,307,1229,0.0008707299113544744,0.0008707299113544744,1,[5],[6261]
509,94,307,1229,0.000871249911354477,5.200000000025497e-07,1,[5],[6289]
510,94,307,1229,0.0008719099113544802,6.600000000032361e-07,1,[5],[6237]
511,94,307,1230,0.0008705079622077739,0.0008705079622077739,2,"[5, 18]","[6165, 85]"
512,94,307,1230,0.0008711079622077769,6.000000000029419e-07,2,"[5, 18]","[6249, 56]"
513,94,307,1231,0.0008705407281359883,0.0008705407281359883,2,"[5, 18]","[4843, 1431]"
514,94,308,1230,0.0008710206957620351,0.0008710206957620351,2,"[5, 18]","[5984, 278]"
515,94,308,1231,0.0008699690182230461,0.0008699690182230461,2,"[5, 18]","[4997, 1267]"
516,94,308,1231,0.0008704590182230485,4.900000000024026e-07,2,"[5, 18]","[4829, 1453]"
517,94,308,1231,0.0008710290182230513,5.700000000027948e-07,2,"[5, 18]","[4730, 1524]"
518,94,308,1232,0.0008696188925335006,0.0008696188925335006,2,"[5, 18]","[6185, 110]"
519,94,308,1232,0.0008701288925335031,5.100000000025006e-07,2,"[5, 18]","[6053, 217]"
520,94,308,1232,0.000870708892533506,5.800000000028439e-07,2,"[5, 18]","[5873, 334]"
521,94,308,1233,0.0008694811434266723,0.0008694811434266723,1,[5],[6263]
522,94,308,1233,0.0008703411434266765,8.600000000042168e-07,2,"[5, 18]","[6278, 1]"
523,94,309,1233,0.0008694624939853451,0.0008694624939853451,1,[5],[6279]
524,94,309,1233,0.0008707524939853515,1.2900000000063251e-06,1,[5],[6232]
525,94,309,1234,0.000868741921908735,0.000868741921908735,1,[5],[6271]
526,94,309,1234,0.0008692919219087377,5.500000000026968e-07,1,[5],[6345]
527,94,309,1234,0.0008700019219087412,7.100000000034813e-07,1,[5],[6171]
528,94,309,1235,0.0008684258200023245,0.0008684258200023245,1,[5],[6290]
529,94,309,1235,0.0008689958200023273,5.700000000027948e-07,1,[5],[6292]
530,94,309,1235,0.000869955820002332,9.60000000004707e-07,1,[5],[6181]
531,94,309,1236,0.0008686002134310395,0.0008686002134310395,1,[5],[6255]
532,94,310,1235,0.0008692577824083655,0.0008692577824083655,1,[5],[6261]
533,94,310,1236,0.0008680376047841107,0.0008680376047841107,1,[5],[6292]
534,94,310,1236,0.0008687576047841142,7.200000000035303e-07,1,[5],[6262]
535,94,310,1237,0.0008674730200210372,0.0008674730200210372,1,[5],[6341]
536,94,310,1237,0.0008680130200210399,5.400000000026477e-07,1,[5],[6227]
537,94,310,1237,0.0008687630200210436,7.500000000036774e-07,1,[5],[6235]
538,94,310,1238,0.0008672202170514764,0.0008672202170514764,1,[5],[6308]
539,94,310,1238,0.00086795021705148,7.300000000035793e-07,1,[5],[6210]
540,94,310,1239,0.0008677649289154086,0.0008677649289154086,2,"[5, 19]","[6141, 122]"
541,94,311,1238,0.0008674372705980866,0.0008674372705980866,2,"[5, 19]","[6256, 1]"
542,94,311,1239,0.0008665086744800044,0.0008665086744800044,2,"[5, 19]","[5690, 604]"
543,94,311,1239,0.0008670686744800071,5.600000000027458e-07,2,"[5, 19]","[5866, 433]"
544,94,311,1239,0.0008678986744800112,8.300000000040697e-07,2,"[5, 19]","[5849, 322]"
545,94,311,1240,0.0008659664953592807,0.0008659664953592807,2,"[5, 19]","[5300, 960]"
546,94,311,1240,0.000866416495359283,4.5000000000220645e-07,2,"[5, 19]","[4954, 1368]"
547,94,311,1240,0.000866836495359285,4.2000000000205935e-07,2,"[5, 19]","[4621, 1578]"
548,94,311,1240,0.0008674664953592881,6.30000000003089e-07,2,"[5, 19]","[4351, 1884]"
549,94,311,1241,0.0008659694142681815,0.0008659694142681815,2,"[5, 19]","[6269, 49]"
550,94,311,1241,0.0008672294142681876,1.260000000006178e-06,2,"[5, 19]","[5953, 239]"
551,94,312,1240,0.0008672545782429621,0.0008672545782429621,2,"[5, 19]","[5607, 644]"
552,94,312,1241,0.0008656059746295124,0.0008656059746295124,2,"[5, 19]","[6308, 2]"
553,94,312,1241,0.0008663259746295159,7.200000000035303e-07,2,"[5, 19]","[6223, 10]"
554,94,312,1242,0.0008649365313698132,0.0008649365313698132,1,[5],[6256]
555,94,312,1242,0.0008654365313698157,5.000000000024516e-07,1,[5],[6308]
556,94,312,1242,0.0008660165313698185,5.800000000028439e-07,1,[5],[6210]
557,94,312,1243,0.0008646599563963005,0.0008646599563963005,1,[5],[6257]
558,94,312,1243,0.0008653199563963038,6.600000000032361e-07,1,[5],[6263]
559,94,312,1244,0.000865564114006791,0.000865564114006791,1,[5],[6256]
560,94,313,1243,0.000864794186579131,0.000864794186579131,1,[5],[6321]
561,94,313,1244,0.0008639274626447505,0.0008639274626447505,1,[5],[6309]
562,94,313,1244,0.0008644574626447531,5.300000000025987e-07,1,[5],[6229]
563,94,313,1244,0.0008652274626447569,7.700000000037755e-07,1,[5],[6250]
564,94,313,1245,0.0008635044102082746,0.0008635044102082746,1,[5],[6250]
565,94,313,1245,0.0008640544102082773,5.500000000026968e-07,1,[5],[6333]
566,94,313,1245,0.0008648244102082811,7.700000000037755e-07,1,[5],[6185]
567,94,313,1246,0.0008635900486671854,0.0008635900486671854,1,[5],[6274]
568,94,314,1245,0.0008644134225619146,0.0008644134225619146,1,[5],[6270]
569,94,314,1246,0.0008630456303620423,0.0008630456303620423,1,[5],[6311]
570,94,314,1246,0.0008636756303620454,6.30000000003089e-07,1,[5],[6209]
571,94,314,1247,0.000862498183084137,0.000862498183084137,1,[5],[6272]
572,94,314,1247,0.0008630081830841395,5.100000000025006e-07,1,[5],[6291]
573,94,314,1247,0.0008635981830841424,5.900000000028929e-07,1,[5],[6200]
574,94,314,1248,0.000862287225206425,0.000862287225206425,1,[5],[6308]
575,94,314,1248,0.0008629572252064283,6.700000000032852e-07,1,[5],[6199]
576,94,314,1249,0.0008632930206054134,0.0008632930206054134,2,"[5, 20]","[6251, 2]"
577,94,315,1248,0.0008622923090703682,0.0008622923090703682,1,[5],[6256]
578,94,315,1248,0.0008633123090703732,1.0200000000050013e-06,1,[5],[6252]
579,94,315,1249,0.0008616138133048182,0.0008616138133048182,2,"[5, 20]","[6316, 33]"
580,94,315,1249,0.0008621038133048206,4.900000000024026e-07,2,"[5, 20]","[6278, 12]"
581,94,315,1249,0.0008626238133048232,5.200000000025497e-07,2,"[5, 20]","[6113, 9]"
582,94,315,1250,0.0008611317997505615,0.0008611317997505615,2,"[5, 20]","[4468, 1854]"
583,94,315,1250,0.0008616017997505638,4.700000000023045e-07,2,"[5, 20]","[5112, 1204]"
584,94,315,1250,0.0008620417997505659,4.400000000021574e-07,2,"[5, 20]","[5340, 847]"
585,94,315,1250,0.0008628617997505699,8.200000000040206e-07,2,"[5, 20]","[5703, 492]"
586,94,315,1251,0.000861223676242286,0.000861223676242286,2,"[5, 20]","[4769, 1496]"
587,94,315,1251,0.0008621536762422905,9.3000000000456e-07,2,"[5, 20]","[4883, 1379]"
588,94,316,1250,0.0008617044605013485,0.0008617044605013485,2,"[5, 20]","[4769, 1491]"
589,94,316,1251,0.0008608591570881972,0.0008608591570881972,3,"[5, 20, 21]","[5861, 402, 4]"
590,94,316,1251,0.0008613991570881999,5.400000000026477e-07,3,"[5, 20, 21]","[5863, 429, 1]"
591,94,316,1251,0.0008621191570882034,7.200000000035303e-07,2,"[5, 20]","[5756, 467]"
592,94,316,1252,0.0008604267450189476,0.0008604267450189476,3,"[5, 20, 21]","[5783, 1, 541]"
593,94,316,1252,0.0008608767450189499,4.5000000000220645e-07,2,"[5, 21]","[5648, 640]"
594,94,316,1252,0.000861306745018952,4.300000000021084e-07,3,"[5, 20, 21]","[5503, 2, 655]"
595,94,316,1252,0.0008621867450189563,8.800000000043148e-07,3,"[5, 20, 21]","[5440, 4, 802]"
596,94,316,1253,0.0008602936098114797,0.0008602936098114797,2,"[5, 21]","[4904, 1398]"
597,94,316,1253,0.000860773609811482,4.800000000023535e-07,2,"[5, 21]","[4040, 2161]"
598,94,316,1253,0.0008612436098114843,4.700000000023045e-07,2,"[5, 21]","[3376, 2880]"
599,94,316,1253,0.0008621636098114888,9.20000000004511e-07,2,"[5, 21]","[2381, 3873]"
600,94,317,1252,0.0008614061278012871,0.0008614061278012871,2,"[5, 21]","[4186, 2078]"
601,94,317,1253,0.0008602521267220153,0.0008602521267220153,2,"[5, 21]","[5026, 1280]"
602,94,317,1253,0.0008607121267220176,4.600000000022555e-07,2,"[5, 21]","[4025, 2176]"
603,94,317,1253,0.0008611521267220197,4.400000000021574e-07,2,"[5, 21]","[3192, 3152]"
604,94,317,1253,0.0008617821267220228,6.30000000003089e-07,2,"[5, 21]","[2016, 4168]"
605,94,317,1254,0.0008599800300535853,0.0008599800300535853,2,"[5, 21]","[6309, 21]"
606,94,317,1254,0.0008604500300535876,4.700000000023045e-07,2,"[5, 21]","[6165, 61]"
607,94,317,1254,0.00086095003005359,5.000000000024516e-07,2,"[5, 21]","[6056, 167]"
608,94,317,1255,0.0008599377432766183,0.0008599377432766183,1,[5],[6357]
609,94,317,1255,0.0008604677432766209,5.300000000025987e-07,1,[5],[6263]
610,94,317,1255,0.0008612977432766249,8.300000000040697e-07,1,[5],[6133]
611,94,317,1256,0.0008603443410800859,0.0008603443410800859,2,"[5, 22]","[6221, 30]"
612,94,318,1255,0.000860490014022472,0.000860490014022472,1,[5],[6284]
613,94,318,1256,0.0008597910579355983,0.0008597910579355983,2,"[5, 22]","[6157, 180]"
614,94,318,1256,0.0008602910579356008,5.000000000024516e-07,2,"[5, 22]","[6068, 192]"
615,94,318,1256,0.0008609310579356039,6.400000000031381e-07,2,"[5, 22]","[6019, 188]"
616,94,318,1257,0.0008595539680411338,0.0008595539680411338,2,"[5, 22]","[4724, 1528]"
617,94,318,1257,0.0008599339680411356,3.800000000018632e-07,2,"[5, 22]","[4714, 1686]"
618,94,318,1257,0.0008602439680411372,3.1000000000152e-07,2,"[5, 22]","[4458, 1677]"
619,94,318,1257,0.0008605939680411389,3.500000000017161e-07,2,"[5, 22]","[4598, 1788]"
620,94,318,1257,0.0008611539680411416,5.600000000027458e-07,2,"[5, 22]","[4220, 1912]"
621,94,318,1258,0.0008598421590668109,0.0008598421590668109,3,"[5, 22, 23]","[5668, 515, 158]"
622,94,318,1258,0.0008604221590668138,5.800000000028439e-07,3,"[5, 22, 23]","[5444, 628, 121]"
623,94,319,1257,0.000861137787004856,0.000861137787004856,3,"[5, 22, 23]","[5237, 1012, 1]"
624,94,319,1258,0.0008598096544912211,0.0008598096544912211,3,"[5, 22, 23]","[5779, 61, 495]"
625,94,319,1258,0.0008604196544912241,6.10000000002991e-07,3,"[5, 22, 23]","[5763, 76, 425]"
626,94,319,1259,0.0008595159418123696,0.0008595159418123696,2,"[5, 23]","[5247, 1030]"
627,94,319,1259,0.0008599359418123716,4.2000000000205935e-07,2,"[5, 23]","[5398, 883]"
628,94,319,1259,0.0008603259418123735,3.9000000000191225e-07,2,"[5, 23]","[5449, 867]"
629,94,319,1259,0.000860835941812376,5.100000000025006e-07,2,"[5, 23]","[5320, 823]"
630,94,319,1260,0.000859740203131178,0.000859740203131178,2,"[5, 23]","[6286, 46]"
631,94,319,1260,0.0008602802031311807,5.400000000026477e-07,2,"[5, 23]","[6186, 45]"
632,94,319,1260,0.0008614502031311864,1.1700000000057368e-06,2,"[5, 23]","[6152, 38]"
633,94,319,1261,0.0008607329183636561,0.0008607329183636561,1,[5],[6268]
634,94,320,1260,0.0008600172996398732,0.0008600172996398732,2,"[5, 23]","[6314, 7]"
635,94,320,1260,0.0008614372996398801,1.4200000000069626e-06,2,"[5, 23]","[6176, 7]"
636,94,320,1261,0.0008595428798883832,0.0008595428798883832,1,[5],[6266]
637,94,320,1261,0.0008600028798883855,4.600000000022555e-07,1,[5],[6261]
638,94,320,1261,0.0008605028798883879,5.000000000024516e-07,1,[5],[6320]
639,94,320,1262,0.0008594599331651686,0.0008594599331651686,2,"[5, 24]","[6261, 3]"
640,94,320,1262,0.0008599599331651711,5.000000000024516e-07,2,"[5, 24]","[6241, 1]"
641,94,320,1262,0.000860559933165174,6.000000000029419e-07,2,"[5, 24]","[6317, 3]"
642,94,320,1263,0.0008598959631882112,0.0008598959631882112,2,"[5, 24]","[5886, 385]"
643,94,321,1262,0.0008597883075955428,0.0008597883075955428,2,"[5, 24]","[6271, 29]"
644,94,321,1263,0.0008590169693471457,0.0008590169693471457,2,"[5, 24]","[5431, 922]"
645,94,321,1263,0.0008593869693471475,3.700000000018142e-07,2,"[5, 24]","[5168, 994]"
646,94,321,1263,0.0008596969693471491,3.1000000000152e-07,2,"[5, 24]","[5324, 1039]"
647,94,321,1263,0.0008600269693471507,3.3000000000161806e-07,2,"[5, 24]","[5139, 1046]"
648,94,321,1263,0.0008605569693471533,5.300000000025987e-07,2,"[5, 24]","[5179, 1056]"
649,94,321,1264,0.0008589015998706521,0.0008589015998706521,2,"[5, 24]","[5679, 612]"
650,94,321,1264,0.0008593115998706541,4.100000000020103e-07,2,"[5, 24]","[5491, 870]"
651,94,321,1264,0.0008596615998706558,3.500000000017161e-07,2,"[5, 24]","[5255, 984]"
652,94,321,1264,0.0008600815998706579,4.2000000000205935e-07,2,"[5, 24]","[5095, 1084]"
653,94,321,1265,0.0008592921269425228,0.0008592921269425228,2,"[5, 24]","[6275, 12]"
654,94,322,1264,0.0008594632786648766,0.0008594632786648766,2,"[5, 24]","[6075, 239]"
655,94,322,1265,0.000858734003115834,0.000858734003115834,1,[5],[6257]
656,94,322,1265,0.0008592140031158363,4.800000000023535e-07,1,[5],[6352]
657,94,322,1265,0.0008597440031158389,5.300000000025987e-07,2,"[5, 24]","[6193, 1]"
658,94,322,1266,0.000858438107949357,0.000858438107949357,1,[5],[6300]
659,94,322,1266,0.0008588781079493592,4.400000000021574e-07,1,[5],[6293]
660,94,322,1266,0.0008592881079493612,4.100000000020103e-07,1,[5],[6268]
661,94,322,1266,0.0008599981079493647,7.100000000034813e-07,1,[5],[6143]
662,94,322,1267,0.0008584831313589412,0.0008584831313589412,2,"[5, 25]","[6215, 130]"
663,94,322,1267,0.0008591431313589445,6.600000000032361e-07,2,"[5, 25]","[6119, 87]"
664,94,323,1266,0.0008595290387014032,0.0008595290387014032,2,"[5, 25]","[6254, 3]"
665,94,323,1267,0.0008582204584491605,0.0008582204584491605,2,"[5, 25]","[5889, 451]"
666,94,323,1267,0.000858720458449163,5.000000000024516e-07,2,"[5, 25]","[5848, 356]"
667,94,323,1267,0.0008593204584491659,6.000000000029419e-07,2,"[5, 25]","[5907, 322]"
668,94,323,1268,0.0008577548260066848,0.0008577548260066848,2,"[5, 25]","[5827, 542]"
669,94,323,1268,0.0008581348260066866,3.800000000018632e-07,2,"[5, 25]","[5586, 681]"
670,94,323,1268,0.0008584648260066883,3.3000000000161806e-07,2,"[5, 25]","[5474, 710]"
671,94,323,1268,0.00085882482600669,3.6000000000176516e-07,2,"[5, 25]","[5602, 714]"
672,94,323,1268,0.0008594748260066932,6.500000000031871e-07,2,"[5, 25]","[5304, 848]"
673,94,323,1269,0.0008574805537964683,0.0008574805537964683,2,"[5, 25]","[6305, 9]"
674,94,323,1269,0.0008579405537964706,4.600000000022555e-07,2,"[5, 25]","[6243, 14]"
675,94,323,1269,0.0008583905537964728,4.5000000000220645e-07,2,"[5, 25]","[6243, 26]"
676,94,323,1269,0.0008592005537964767,8.100000000039716e-07,2,"[5, 25]","[6112, 51]"
677,94,323,1270,0.0008573628607515417,0.0008573628607515417,1,[5],[6267]
678,94,323,1270,0.000858442860751547,1.0800000000052955e-06,1,[5],[6245]
679,94,324,1269,0.0008576519937008668,0.0008576519937008668,2,"[5, 25]","[6309, 1]"
680,94,324,1269,0.0008584519937008707,8.000000000039226e-07,2,"[5, 25]","[6230, 3]"
681,94,324,1270,0.0008566849966390763,0.0008566849966390763,1,[5],[6312]
682,94,324,1270,0.0008571649966390787,4.800000000023535e-07,1,[5],[6251]
683,94,324,1270,0.0008576149966390809,4.5000000000220645e-07,1,[5],[6282]
684,94,324,1270,0.0008583049966390842,6.900000000033832e-07,1,[5],[6173]
685,94,324,1271,0.0008558023072816033,0.0008558023072816033,2,"[5, 26]","[6366, 1]"
686,94,324,1271,0.0008562123072816053,4.100000000020103e-07,1,[5],[6164]
687,94,324,1271,0.0008565723072816071,3.6000000000176516e-07,1,[5],[6339]
688,94,324,1271,0.0008569423072816089,3.700000000018142e-07,1,[5],[6213]
689,94,324,1271,0.0008575123072816117,5.700000000027948e-07,1,[5],[6201]
690,94,324,1272,0.0008551047714939335,0.0008551047714939335,2,"[5, 26]","[6000, 347]"
691,94,324,1272,0.0008555847714939358,4.800000000023535e-07,2,"[5, 26]","[6115, 123]"
692,94,324,1272,0.000856014771493938,4.300000000021084e-07,2,"[5, 26]","[6142, 67]"
693,94,324,1272,0.0008565547714939406,5.400000000026477e-07,2,"[5, 26]","[6214, 12]"
694,94,324,1273,0.0008547435986541483,0.0008547435986541483,2,"[5, 26]","[5612, 698]"
695,94,324,1273,0.0008557535986541533,1.0100000000049522e-06,2,"[5, 26]","[5490, 714]"
696,94,325,1272,0.000855082604281671,0.000855082604281671,2,"[5, 26]","[5630, 696]"
697,94,325,1272,0.0008557926042816745,7.100000000034813e-07,2,"[5, 26]","[5920, 317]"
698,94,325,1273,0.000853816393030522,0.000853816393030522,2,"[5, 26]","[6098, 176]"
699,94,325,1273,0.0008542563930305242,4.400000000021574e-07,2,"[5, 26]","[5906, 377]"
700,94,325,1273,0.000854616393030526,3.6000000000176516e-07,2,"[5, 26]","[5757, 541]"
701,94,325,1273,0.0008549763930305277,3.6000000000176516e-07,2,"[5, 26]","[5561, 687]"
702,94,325,1273,0.00085544639303053,4.700000000023045e-07,2,"[5, 26]","[5440, 725]"
703,94,325,1274,0.0008527955036849367,0.0008527955036849367,1,[5],[6264]
704,94,325,1274,0.0008532355036849388,4.400000000021574e-07,1,[5],[6383]
705,94,325,1274,0.0008535755036849405,3.400000000016671e-07,2,"[5, 26]","[6139, 2]"
706,94,325,1274,0.0008539255036849422,3.500000000017161e-07,2,"[5, 26]","[6297, 6]"
707,94,325,1274,0.0008543455036849443,4.2000000000205935e-07,2,"[5, 26]","[6246, 15]"
708,94,325,1274,0.0008553655036849493,1.0200000000050013e-06,2,"[5, 26]","[6108, 52]"
709,94,325,1275,0.0008520351479256917,0.0008520351479256917,1,[5],[6264]
710,94,325,1275,0.0008525351479256941,5.000000000024516e-07,1,[5],[6266]
711,94,325,1275,0.0008529851479256963,4.5000000000220645e-07,1,[5],[6227]
712,94,325,1275,0.0008535951479256993,6.10000000002991e-07,1,[5],[6255]
713,94,325,1276,0.0008516575202549902,0.0008516575202549902,1,[5],[6292]
714,94,325,1276,0.0008529175202549963,1.260000000006178e-06,1,[5],[6215]
715,94,326,1274,0.0008536096587074468,0.0008536096587074468,1,[5],[6275]
716,94,326,1275,0.0008517506447887118,0.0008517506447887118,1,[5],[6360]
717,94,326,1275,0.0008522506447887142,5.000000000024516e-07,1,[5],[6159]
718,94,326,1275,0.0008527206447887165,4.700000000023045e-07,1,[5],[6282]
719,94,326,1275,0.0008533906447887198,6.700000000032852e-07,1,[5],[6222]
720,94,326,1276,0.0008505816179269192,0.0008505816179269192,1,[5],[6299]
721,94,326,1276,0.0008509716179269211,3.9000000000191225e-07,1,[5],[6311]
722,94,326,1276,0.0008512716179269225,3.0000000000147097e-07,1,[5],[6327]
723,94,326,1276,0.0008515416179269239,2.7000000000132387e-07,1,[5],[6159]
724,94,326,1276,0.0008518316179269253,2.9000000000142193e-07,1,[5],[6181]
725,94,326,1276,0.000852191617926927,3.6000000000176516e-07,1,[5],[6304]
726,94,326,1276,0.0008529116179269306,7.200000000035303e-07,1,[5],[6213]
727,94,326,1277,0.0008498530852946646,0.0008498530852946646,1,[5],[6340]
728,94,326,1277,0.0008501930852946663,3.400000000016671e-07,1,[5],[6291]
729,94,326,1277,0.0008504530852946675,2.6000000000127484e-07,1,[5],[6205]
730,94,326,1277,0.0008506830852946687,2.3000000000112774e-07,1,[5],[6266]
731,94,326,1277,0.0008509130852946698,2.3000000000112774e-07,1,[5],[6226]
732,94,326,1277,0.0008511730852946711,2.6000000000127484e-07,1,[5],[6270]
733,94,326,1277,0.0008515130852946727,3.400000000016671e-07,1,[5],[6194]
734,94,326,1278,0.0008495955044236594,0.0008495955044236594,1,[5],[6311]
735,94,326,1278,0.0008499855044236613,3.9000000000191225e-07,1,[5],[6337]
736,94,326,1278,0.0008503055044236629,3.2000000000156903e-07,1,[5],[6274]
737,94,326,1278,0.0008506555044236646,3.500000000017161e-07,1,[5],[6129]
738,94,326,1278,0.0008512055044236673,5.500000000026968e-07,1,[5],[6247]
739,94,326,1279,0.0008564064312779831,0.0008564064312779831,2,"[5, 29]","[3288, 2965]"
740,94,327,1277,0.000850356230424206,0.000850356230424206,1,[5],[6331]
741,94,327,1277,0.0008512562304242104,9.000000000044129e-07,1,[5],[6200]
742,94,327,1278,0.0008495701820713462,0.0008495701820713462,1,[5],[6301]
743,94,327,1278,0.0008499801820713482,4.100000000020103e-07,1,[5],[6276]
744,94,327,1278,0.00085034018207135,3.6000000000176516e-07,1,[5],[6190]
745,94,327,1278,0.0008508001820713522,4.600000000022555e-07,1,[5],[6244]
746,94,327,1278,0.000854020182071368,3.2200000000157884e-06,2,"[5, 29]","[4465, 1785]"
747,94,327,1278,0.0008558401820713769,1.8200000000089239e-06,1,[29],[6267]
748,94,327,1279,0.0008543824536392264,0.0008543824536392264,2,"[5, 29]","[4336, 1929]"
749,94,327,1279,0.0008559824536392343,1.6000000000078451e-06,1,[29],[6282]
750,94,327,1279,0.00085715245363924,1.1700000000057368e-06,1,[29],[6230]
751,94,327,1279,0.0008581824536392451,1.0300000000050503e-06,1,[29],[6225]
752,94,327,1279,0.0008592624536392504,1.0800000000052955e-06,1,[29],[6298]
753,94,327,1279,0.0008605124536392565,1.250000000006129e-06,1,[29],[6207]
754,94,327,1279,0.0008628124536392678,2.3000000000112774e-06,1,[29],[6250]
755,94,327,1280,0.000861156731603145,0.000861156731603145,2,"[5, 29]","[7, 6264]"
756,94,327,1280,0.0008630067316031541,1.850000000009071e-06,1,[29],[6254]
757,94,327,1280,0.0008649067316031634,1.9000000000093161e-06,1,[29],[6235]
758,94,328,1279,0.0008618248411055489,0.0008618248411055489,2,"[5, 29]","[64, 6195]"
759,94,328,1280,0.0008630874011809777,0.0008630874011809777,1,[29],[6285]
760,94,328,1280,0.0008646874011809855,1.6000000000078451e-06,1,[29],[6236]
761,94,328,1280,0.0008660574011809922,1.3700000000067174e-06,1,[29],[6280]
762,94,328,1280,0.0008675774011809997,1.5200000000074529e-06,1,[29],[6202]
763,94,328,1280,0.0008708274011810156,3.2500000000159355e-06,1,[29],[6249]
764,94,328,1281,0.0008674958744886874,0.0008674958744886874,1,[29],[6276]
765,94,328,1281,0.0008689058744886944,1.4100000000069135e-06,1,[29],[6275]
766,94,328,1281,0.0008700058744886997,1.1000000000053935e-06,1,[29],[6242]
767,94,328,1281,0.0008710458744887048,1.0400000000050993e-06,1,[29],[6219]
768,94,328,1281,0.0008722158744887106,1.1700000000057368e-06,1,[29],[6240]
769,94,328,1281,0.000873925874488719,1.7100000000083845e-06,1,[29],[6270]
770,94,328,1282,0.0008736587423399752,0.0008736587423399752,1,[29],[6270]
771,94,328,1282,0.0008755787423399846,1.920000000009414e-06,2,"[29, 32]","[6250, 6]"
772,94,328,1282,0.0008773987423399936,1.8200000000089239e-06,2,"[29, 32]","[5216, 1030]"
773,94,328,1282,0.0008802687423400076,2.8700000000140722e-06,2,"[29, 32]","[4727, 1501]"
774,94,328,1283,0.0008859334520159087,0.0008859334520159087,2,"[29, 32]","[5630, 620]"
775,94,329,1281,0.000873528021161089,0.000873528021161089,1,[29],[6251]
776,94,329,1282,0.0008753157764343675,0.0008753157764343675,2,"[29, 32]","[6268, 2]"
777,94,329,1282,0.0008767857764343747,1.4700000000072077e-06,2,"[29, 32]","[5703, 532]"
778,94,329,1282,0.0008777357764343794,9.500000000046581e-07,2,"[29, 32]","[4277, 2013]"
779,94,329,1282,0.0008786957764343841,9.60000000004707e-07,2,"[29, 32]","[4737, 1477]"
780,94,329,1282,0.0008799857764343904,1.2900000000063251e-06,2,"[29, 32]","[6047, 209]"
781,94,329,1282,0.0008819057764343998,1.920000000009414e-06,1,[29],[6249]
782,94,329,1283,0.0008795987274588546,0.0008795987274588546,2,"[29, 32]","[5273, 986]"
783,94,329,1283,0.0008811187274588621,1.5200000000074529e-06,2,"[29, 32]","[6290, 1]"
784,94,329,1283,0.0008822687274588677,1.1500000000056387e-06,1,[29],[6218]
785,94,329,1283,0.0008833287274588729,1.0600000000051974e-06,1,[29],[6266]
786,94,329,1283,0.0008843787274588781,1.0500000000051484e-06,1,[29],[6223]
787,94,329,1283,0.0008854687274588834,1.0900000000053445e-06,1,[29],[6243]
788,94,329,1283,0.0008867687274588898,1.3000000000063742e-06,2,"[29, 214]","[6259, 7]"
789,94,329,1283,0.0008885587274588986,1.7900000000087768e-06,3,"[29, 214, 215]","[6212, 49, 3]"
790,94,329,1284,0.0008873637246071256,0.0008873637246071256,4,"[29, 32, 214, 215]","[6248, 2, 26, 1]"
791,94,329,1284,0.0008896837246071369,2.3200000000113755e-06,3,"[29, 214, 215]","[6204, 21, 3]"
792,94,329,1284,0.0008927837246071521,3.1000000000152e-06,1,[29],[6255]
793,94,330,1283,0.0008861464221016455,0.0008861464221016455,2,"[29, 32]","[6242, 13]"
794,94,330,1283,0.0008892664221016608,3.120000000015298e-06,3,"[29, 214, 215]","[6221, 32, 2]"
795,94,330,1283,0.0008959664221016937,6.7000000000328516e-06,1,[29],[6241]
796,94,330,1284,0.0008891516325947726,0.0008891516325947726,2,"[29, 214]","[6246, 23]"
797,94,330,1284,0.0008906816325947801,1.530000000007502e-06,1,[29],[6271]
798,94,330,1284,0.0008918016325947856,1.1200000000054916e-06,1,[29],[6226]
799,94,330,1284,0.0008928116325947905,1.0100000000049522e-06,1,[29],[6277]
800,94,330,1284,0.0008937616325947952,9.500000000046581e-07,1,[29],[6252]
801,94,330,1284,0.0008947916325948003,1.0300000000050503e-06,1,[29],[6230]
802,94,330,1284,0.0008960016325948062,1.2100000000059329e-06,1,[29],[6257]
803,94,330,1284,0.0008977616325948148,1.7600000000086297e-06,1,[29],[6239]
804,94,330,1285,0.0008957219936499901,0.0008957219936499901,1,[29],[6258]
805,94,330,1285,0.0008977219936499999,2.0000000000098064e-06,1,[29],[6242]
806,94,330,1285,0.0008996619936500094,1.9400000000095122e-06,2,"[29, 218]","[6270, 2]"
807,94,330,1285,0.0009029619936500256,3.3000000000161806e-06,2,"[29, 218]","[6222, 9]"
808,94,331,1284,0.0008973949356207606,0.0008973949356207606,1,[29],[6250]
809,94,331,1284,0.0009028749356207875,5.48000000002687e-06,1,[29],[6250]
810,94,331,1285,0.0008984920668481741,0.0008984920668481741,1,[29],[6256]
811,94,331,1285,0.0008999820668481814,1.4900000000073058e-06,2,"[29, 218]","[6248, 1]"
812,94,331,1285,0.0009011420668481871,1.1600000000056877e-06,1,[29],[6287]
813,94,331,1285,0.000902152066848192,1.0100000000049522e-06,1,[29],[6214]
814,94,331,1285,0.0009032620668481975,1.1100000000054426e-06,1,[29],[6272]
815,94,331,1285,0.0009046720668482044,1.4100000000069135e-06,1,[29],[6228]
816,94,331,1285,0.0009070720668482162,2.4000000000117677e-06,1,[29],[6247]
817,94,331,1286,0.0009048707699821142,0.0009048707699821142,1,[29],[6259]
818,94,331,1286,0.0009072007699821256,2.3300000000114245e-06,1,[29],[6252]
819,94,332,1285,0.0009070241094795208,0.0009070241094795208,1,[29],[6262]
820,94,332,1286,0.0009070649947431118,0.0009070649947431118,1,[29],[6276]
821,94,332,1286,0.0009082049947431174,1.1400000000055897e-06,1,[29],[6260]
822,94,332,1286,0.000909144994743122,9.40000000004609e-07,1,[29],[6258]
823,94,332,1286,0.0009100949947431267,9.500000000046581e-07,1,[29],[6244]
824,94,332,1286,0.000911184994743132,1.0900000000053445e-06,1,[29],[6221]
825,94,332,1286,0.0009126949947431394,1.5100000000074039e-06,1,[29],[6256]
826,94,332,1287,0.0009135091442900831,0.0009135091442900831,1,[29],[6251]
827,94,333,1286,0.0009121631904924142,0.0009121631904924142,1,[29],[6263]
828,94,333,1286,0.0009140031904924232,1.840000000009022e-06,1,[29],[6240]
829,94,333,1286,0.000916003190492433,2.0000000000098064e-06,2,"[29, 38]","[6165, 92]"
830,94,333,1286,0.0009197931904924516,3.790000000018583e-06,4,"[29, 38, 40, 162]","[4609, 1574, 42, 20]"
831,94,333,1287,0.0009141389119904954,0.0009141389119904954,1,[29],[6277]
832,94,333,1287,0.0009155589119905023,1.4200000000069626e-06,2,"[29, 38]","[6178, 78]"
833,94,333,1287,0.0009165389119905071,9.800000000048052e-07,3,"[29, 38, 162]","[4992, 1231, 1]"
834,94,333,1287,0.000917318911990511,7.800000000038245e-07,3,"[29, 38, 162]","[3741, 2488, 19]"
835,94,333,1287,0.0009183689119905161,1.0500000000051484e-06,3,"[29, 38, 162]","[4375, 1827, 50]"
836,94,333,1287,0.0009200389119905243,1.6700000000081884e-06,4,"[29, 38, 40, 162]","[5776, 147, 330, 37]"
837,94,333,1287,0.0009216189119905321,1.580000000007747e-06,2,"[29, 40]","[4294, 1927]"
838,94,334,1286,0.0009234765313465234,0.0009234765313465234,4,"[29, 38, 40, 162]","[4939, 321, 981, 9]"
839,94,334,1287,0.0009184048376506399,0.0009184048376506399,3,"[29, 38, 162]","[5054, 1181, 30]"
840,94,334,1287,0.0009202348376506488,1.8300000000089729e-06,4,"[29, 38, 40, 162]","[5407, 20, 848, 14]"
841,94,334,1287,0.0009211748376506535,9.40000000004609e-07,2,"[29, 40]","[4115, 2139]"
842,94,334,1287,0.000922104837650658,9.3000000000456e-07,2,"[29, 40]","[5125, 1110]"
843,94,334,1287,0.0009231348376506631,1.0300000000050503e-06,2,"[29, 40]","[6095, 132]"
844,94,334,1287,0.0009242048376506683,1.0700000000052464e-06,1,[29],[6248]
845,94,334,1287,0.0009254248376506743,1.220000000005982e-06,1,[29],[6251]
846,94,334,1287,0.0009270748376506824,1.6500000000080903e-06,1,[29],[6259]
847,94,334,1288,0.0009246162557294274,0.0009246162557294274,4,"[29, 38, 40, 162]","[5975, 70, 221, 5]"
848,94,334,1288,0.0009264262557294363,1.8100000000088748e-06,1,[29],[6259]
849,94,334,1288,0.0009278462557294432,1.4200000000069626e-06,1,[29],[6246]
850,94,334,1288,0.00092923625572945,1.3900000000068155e-06,1,[29],[6261]
851,94,334,1288,0.0009308162557294578,1.580000000007747e-06,1,[29],[6236]
852,94,334,1288,0.000933716255729472,2.9000000000142193e-06,1,[29],[6230]
853,94,334,1289,0.0009377777428287072,0.0009377777428287072,1,[29],[6252]
854,94,334,1289,0.0009478077428287564,1.003000000004918e-05,5,"[29, 42, 135, 136, 140]","[5675, 538, 33, 1, 1]"
855,94,335,1287,0.0009303832996209493,0.0009303832996209493,2,"[29, 40]","[6166, 85]"
856,94,335,1288,0.0009287436053599864,0.0009287436053599864,2,"[29, 40]","[6244, 9]"
857,94,335,1288,0.0009304436053599948,1.7000000000083355e-06,1,[29],[6264]
858,94,335,1288,0.0009317436053600011,1.3000000000063742e-06,1,[29],[6247]
859,94,335,1288,0.0009329836053600072,1.24000000000608e-06,1,[29],[6261]
860,94,335,1288,0.0009345236053600148,1.540000000007551e-06,1,[29],[6265]
861,94,335,1288,0.0009366636053600253,2.140000000010493e-06,1,[29],[6211]
862,94,335,1288,0.0009403036053600431,3.6400000000178477e-06,1,[29],[6255]
863,94,335,1288,0.0009449336053600658,4.630000000022702e-06,3,"[29, 42, 135]","[4661, 1590, 4]"
864,94,335,1289,0.0009338687661144732,0.0009338687661144732,1,[29],[6258]
865,94,335,1289,0.0009359087661144832,2.0400000000100026e-06,1,[29],[6254]
866,94,335,1289,0.0009374787661144909,1.570000000007698e-06,1,[29],[6282]
867,94,335,1289,0.0009388287661144975,1.3500000000066193e-06,1,[29],[6243]
868,94,335,1289,0.0009399787661145032,1.1500000000056387e-06,1,[29],[6259]
869,94,335,1289,0.0009410887661145086,1.1100000000054426e-06,1,[29],[6226]
870,94,335,1289,0.000942178766114514,1.0900000000053445e-06,2,"[29, 42]","[6228, 3]"
871,94,335,1289,0.0009432487661145192,1.0700000000052464e-06,3,"[29, 42, 135]","[6089, 201, 1]"
872,94,335,1289,0.0009440787661145233,8.300000000040697e-07,3,"[29, 42, 135]","[4650, 1594, 11]"
873,94,335,1289,0.0009447187661145264,6.400000000031381e-07,4,"[29, 42, 135, 136]","[3229, 2934, 37, 2]"
874,94,335,1289,0.0009454187661145298,7.000000000034323e-07,4,"[29, 42, 135, 136]","[3358, 2858, 53, 1]"
875,94,335,1289,0.0009467487661145364,1.3300000000065213e-06,4,"[29, 42, 135, 136]","[4857, 1334, 40, 1]"
876,94,336,1289,0.0009443086917540301,0.0009443086917540301,3,"[29, 42, 135]","[5588, 676, 5]"
877,94,336,1289,0.0009459386917540381,1.6300000000079922e-06,4,"[29, 42, 135, 136]","[4727, 1544, 11, 1]"
878,94,336,1289,0.0009470586917540436,1.1200000000054916e-06,5,"[29, 42, 111, 118, 135]","[6165, 82, 1, 1, 2]"
879,94,336,1289,0.0009482686917540495,1.2100000000059329e-06,7,"[29, 42, 110, 111, 118, 140, 141]","[6179, 1, 3, 1, 1, 21, 9]"
880,94,336,1289,0.0009505886917540609,2.3200000000113755e-06,10,"[29, 110, 111, 114, 115, 118, 139, 140, 141, 142]","[4109, 6, 5, 43, 2, 1466, 189, 116, 312, 4]"
881,94,336,1290,0.000948078503862087,0.000948078503862087,7,"[29, 42, 110, 114, 118, 135, 141]","[6113, 141, 3, 1, 2, 2, 1]"
882,94,336,1290,0.0009494685038620938,1.3900000000068155e-06,7,"[29, 110, 111, 114, 118, 140, 141]","[6104, 22, 2, 24, 133, 4, 3]"
883,94,336,1290,0.000950518503862099,1.0500000000051484e-06,9,"[29, 111, 114, 115, 118, 131, 139, 140, 141]","[5060, 1, 91, 2, 1092, 1, 1, 1, 7]"
884,94,336,1290,0.0009519285038621059,1.4100000000069135e-06,6,"[29, 114, 115, 118, 131, 139]","[4128, 53, 1, 1944, 68, 1]"
885,94,336,1291,0.0009535029824622029,0.0009535029824622029,8,"[29, 110, 114, 115, 118, 129, 131, 220]","[6173, 1, 13, 1, 34, 2, 20, 13]"
886,94,337,1289,0.0009507279204385155,0.0009507279204385155,9,"[29, 42, 110, 114, 118, 139, 140, 141, 172]","[2854, 5, 5, 6, 3302, 5, 2, 2, 72]"
887,94,337,1289,0.0009515879204385197,8.600000000042168e-07,4,"[29, 114, 118, 131]","[131, 2, 6189, 4]"
888,94,337,1289,0.0009524379204385239,8.500000000041677e-07,3,"[29, 118, 131]","[36, 6189, 3]"
889,94,337,1290,0.0009499216499031907,0.0009499216499031907,7,"[29, 110, 111, 114, 115, 118, 172]","[5124, 11, 1, 7, 1, 519, 593]"
890,94,337,1290,0.0009508616499031953,9.40000000004609e-07,6,"[29, 110, 114, 115, 118, 131]","[3527, 2, 23, 1, 2702, 1]"
891,94,337,1290,0.0009515616499031987,7.000000000034323e-07,5,"[29, 114, 115, 118, 131]","[2735, 6, 1, 3521, 10]"
892,94,337,1290,0.0009523616499032026,8.000000000039226e-07,3,"[29, 118, 131]","[2577, 3652, 22]"
893,94,337,1290,0.0009541216499032113,1.7600000000086297e-06,4,"[29, 114, 118, 131]","[3520, 1, 2675, 25]"
894,94,337,1291,0.000952251611150611,0.000952251611150611,5,"[29, 114, 118, 131, 172]","[6095, 4, 76, 3, 86]"
895,94,337,1291,0.0009533616111506165,1.1100000000054426e-06,4,"[29, 118, 129, 131]","[6249, 22, 7, 4]"
896,94,337,1291,0.0009542216111506207,8.600000000042168e-07,4,"[29, 118, 129, 131]","[6194, 5, 8, 1]"
897,94,337,1291,0.0009550616111506248,8.400000000041187e-07,3,"[29, 118, 129]","[6237, 1, 9]"
898,94,337,1291,0.0009565116111506319,1.4500000000071097e-06,1,[29],[6257]
899,94,338,1289,0.000951977019264879,0.000951977019264879,3,"[29, 118, 172]","[7, 5361, 929]"
900,94,338,1289,0.0009528270192648831,8.500000000041677e-07,1,[118],[6236]
901,94,338,1290,0.0009403002532961018,0.0009403002532961018,1,[172],[6268]
902,94,338,1290,0.000952380253296161,1.2080000000059231e-05,3,"[29, 118, 172]","[197, 4921, 1140]"
903,94,338,1290,0.0009551702532961747,2.79000000001368e-06,2,"[29, 118]","[903, 5322]"
904,94,338,1291,0.0009553713811881219,0.0009553713811881219,3,"[29, 118, 172]","[5164, 116, 982]"
905,94,338,1291,0.0009564013811881269,1.0300000000050503e-06,1,[29],[6242]
906,94,338,1291,0.0009573013811881313,9.000000000044129e-07,1,[29],[6272]
907,94,338,1291,0.000958651381188138,1.3500000000066193e-06,1,[29],[6236]
908,94,339,1290,0.0009593872822823222,0.0009593872822823222,3,"[29, 118, 172]","[4301, 325, 1655]"
909,94,339,1291,0.0009581907572068467,0.0009581907572068467,3,"[29, 118, 172]","[6048, 2, 232]"
910,94,339,1291,0.0009590407572068509,8.500000000041677e-07,2,"[29, 50]","[6231, 1]"
911,94,339,1291,0.0009597207572068542,6.800000000033342e-07,2,"[29, 50]","[6329, 2]"
912,94,339,1291,0.0009607407572068592,1.0200000000050013e-06,2,"[29, 50]","[6158, 3]"
913,94,340,1290,0.0009597992458387426,0.0009597992458387426,2,"[29, 172]","[6280, 4]"
914,94,340,1291,0.0009591344254187619,0.0009591344254187619,1,[29],[6297]
915,94,340,1291,0.0009596044254187642,4.700000000023045e-07,1,[29],[6206]
916,94,340,1291,0.0009600544254187664,4.5000000000220645e-07,2,"[29, 50]","[6278, 2]"
917,94,340,1291,0.0009607644254187699,7.100000000034813e-07,2,"[29, 50]","[6242, 3]"
918,94,341,1301,0.0010108128393928235,0.0010108128393928235,1,[97],[6250]
919,94,341,1302,0.0010094301049232337,0.0010094301049232337,2,"[97, 240]","[6188, 160]"
920,94,341,1302,0.0010099701049232305,5.39999999996793e-07,1,[97],[6253]
921,94,341,1302,0.0010105301049232272,5.599999999966743e-07,1,[97],[6247]
922,94,341,1304,0.0010169585411935363,0.0010169585411935363,3,"[97, 226, 240]","[13, 6267, 4]"
923,94,342,1302,0.0010209088889746448,0.0010209088889746448,2,"[97, 227]","[5819, 432]"
924,94,346,1289,0.0010398350081992395,0.0010398350081992395,1,[145],[6264]
925,94,362,1327,0.0010140275402881044,0.0010140275402881044,2,"[173, 174]","[6251, 6]"
926,94,380,1319,0.0011979967876640824,0.0011979967876640824,1,[193],[6252]
