,event,pixel_x,pixel_y,reset_time,TSLR,nMCParticles,MC_TrackIDs,MC_Weights
0,48,214,1114,0.0006478786345506276,0.0006478786345506276,2,"[4, 25]","[5456, 869]"
1,48,214,1114,0.000648768634550632,8.900000000043639e-07,2,"[4, 25]","[3968, 2243]"
2,48,214,1115,0.000647273035275071,0.000647273035275071,2,"[4, 25]","[6081, 302]"
3,48,214,1115,0.0006475830352750725,3.1000000000152e-07,2,"[4, 25]","[5747, 507]"
4,48,214,1115,0.0006478230352750737,2.4000000000117677e-07,2,"[4, 25]","[5632, 684]"
5,48,214,1115,0.0006480330352750748,2.1000000000102968e-07,2,"[4, 25]","[5484, 861]"
6,48,214,1115,0.0006482330352750757,2.0000000000098064e-07,2,"[4, 25]","[5218, 976]"
7,48,214,1115,0.0006484330352750767,2.0000000000098064e-07,2,"[4, 25]","[5077, 1118]"
8,48,214,1115,0.0006486430352750777,2.1000000000102968e-07,2,"[4, 25]","[4917, 1197]"
9,48,214,1115,0.0006488830352750789,2.4000000000117677e-07,2,"[4, 25]","[5149, 1281]"
10,48,214,1115,0.0006491530352750802,2.7000000000132387e-07,2,"[4, 25]","[4952, 1243]"
11,48,214,1115,0.0006494730352750818,3.2000000000156903e-07,2,"[4, 25]","[4971, 1179]"
12,48,214,1115,0.0006499430352750841,4.700000000023045e-07,2,"[4, 25]","[5293, 922]"
13,48,214,1115,0.0006509830352750892,1.0400000000050993e-06,2,"[4, 25]","[5735, 499]"
14,48,215,1114,0.0006498787581421773,0.0006498787581421773,2,"[4, 25]","[1830, 4424]"
15,48,215,1115,0.0006483382219236783,0.0006483382219236783,2,"[4, 25]","[5319, 1008]"
16,48,215,1115,0.0006488682219236809,5.300000000025987e-07,2,"[4, 25]","[4564, 1748]"
17,48,215,1115,0.0006492482219236827,3.800000000018632e-07,2,"[4, 25]","[4212, 1978]"
18,48,215,1115,0.0006495682219236843,3.2000000000156903e-07,2,"[4, 25]","[4134, 2175]"
19,48,215,1115,0.0006498482219236857,2.800000000013729e-07,2,"[4, 25]","[4120, 2024]"
20,48,215,1115,0.000650128221923687,2.800000000013729e-07,2,"[4, 25]","[4444, 2003]"
21,48,215,1115,0.0006503882219236883,2.6000000000127484e-07,2,"[4, 25]","[4297, 1878]"
22,48,215,1115,0.0006506582219236896,2.7000000000132387e-07,2,"[4, 25]","[4480, 1727]"
23,48,215,1115,0.000650938221923691,2.800000000013729e-07,2,"[4, 25]","[4782, 1496]"
24,48,215,1115,0.0006512482219236925,3.1000000000152e-07,2,"[4, 25]","[4960, 1253]"
25,48,215,1115,0.0006516082219236943,3.6000000000176516e-07,2,"[4, 25]","[5291, 951]"
26,48,215,1115,0.0006520382219236964,4.300000000021084e-07,2,"[4, 25]","[5626, 557]"
27,48,215,1115,0.0006526482219236994,6.10000000002991e-07,2,"[4, 25]","[5994, 281]"
28,48,215,1115,0.0006540182219237061,1.3700000000067174e-06,3,"[4, 22, 25]","[6155, 1, 48]"
29,48,215,1116,0.0006505432517604819,0.0006505432517604819,2,"[4, 25]","[6181, 89]"
30,48,215,1116,0.0006514632517604864,9.20000000004511e-07,2,"[4, 25]","[6234, 26]"
31,48,215,1116,0.0006522932517604905,8.300000000040697e-07,2,"[4, 25]","[6251, 7]"
32,48,215,1116,0.0006533832517604958,1.0900000000053445e-06,2,"[4, 25]","[6241, 1]"
33,48,216,1114,0.000652237741005266,0.000652237741005266,2,"[4, 25]","[18, 6251]"
34,48,216,1115,0.0006511803274387151,0.0006511803274387151,2,"[4, 25]","[945, 5308]"
35,48,216,1115,0.0006518603274387185,6.800000000033342e-07,2,"[4, 25]","[1541, 4739]"
36,48,216,1115,0.0006524403274387213,5.800000000028439e-07,2,"[4, 25]","[2339, 3996]"
37,48,216,1115,0.0006530103274387241,5.700000000027948e-07,2,"[4, 25]","[3305, 2869]"
38,48,216,1115,0.0006536403274387272,6.30000000003089e-07,3,"[4, 22, 25]","[4662, 1, 1559]"
39,48,216,1115,0.0006543803274387308,7.400000000036284e-07,3,"[4, 22, 25]","[5707, 23, 562]"
40,48,216,1115,0.0006553603274387356,9.800000000048052e-07,4,"[4, 21, 22, 25]","[5802, 4, 332, 78]"
41,48,216,1116,0.0006529563438386563,0.0006529563438386563,2,"[4, 25]","[6176, 140]"
42,48,216,1116,0.0006536663438386598,7.100000000034813e-07,3,"[4, 22, 25]","[6204, 2, 7]"
43,48,216,1116,0.0006542063438386625,5.400000000026477e-07,3,"[4, 22, 25]","[6247, 42, 3]"
44,48,216,1116,0.0006546563438386647,4.5000000000220645e-07,4,"[4, 21, 22, 25]","[6030, 1, 215, 2]"
45,48,216,1116,0.0006550863438386668,4.300000000021084e-07,4,"[4, 21, 22, 25]","[5608, 7, 601, 1]"
46,48,216,1116,0.0006555163438386689,4.300000000021084e-07,3,"[4, 21, 22]","[5222, 37, 992]"
47,48,216,1116,0.000655956343838671,4.400000000021574e-07,3,"[4, 21, 22]","[5094, 164, 1044]"
48,48,216,1116,0.0006564763438386736,5.200000000025497e-07,3,"[4, 21, 22]","[4964, 528, 680]"
49,48,216,1116,0.0006573363438386778,8.600000000042168e-07,3,"[4, 21, 22]","[5123, 958, 178]"
50,48,217,1114,0.0006541544251700466,0.0006541544251700466,1,[25],[6260]
51,48,217,1115,0.000653191841260308,0.000653191841260308,2,"[4, 25]","[37, 6271]"
52,48,217,1115,0.000654021841260312,8.300000000040697e-07,3,"[4, 22, 25]","[167, 4, 6042]"
53,48,217,1115,0.0006551418412603175,1.1200000000054916e-06,4,"[4, 21, 22, 25]","[757, 2, 120, 5364]"
54,48,217,1115,0.0006578718412603309,2.7300000000133858e-06,4,"[4, 21, 22, 25]","[4061, 650, 324, 1203]"
55,48,217,1116,0.0006556048776074336,0.0006556048776074336,4,"[4, 21, 22, 25]","[4982, 188, 990, 134]"
56,48,217,1116,0.0006561648776074364,5.600000000027458e-07,4,"[4, 21, 22, 25]","[4919, 865, 556, 4]"
57,48,217,1116,0.0006565548776074383,3.9000000000191225e-07,4,"[4, 21, 22, 25]","[4774, 1233, 171, 2]"
58,48,217,1116,0.0006568948776074399,3.400000000016671e-07,3,"[4, 21, 22]","[4963, 1208, 47]"
59,48,217,1116,0.0006572348776074416,3.400000000016671e-07,3,"[4, 21, 22]","[5274, 932, 11]"
60,48,217,1116,0.0006575948776074434,3.6000000000176516e-07,2,"[4, 21]","[5826, 545]"
61,48,217,1116,0.0006579648776074452,3.700000000018142e-07,2,"[4, 21]","[5926, 207]"
62,48,217,1116,0.0006583748776074472,4.100000000020103e-07,2,"[4, 21]","[6275, 50]"
63,48,217,1116,0.0006588348776074495,4.600000000022555e-07,2,"[4, 21]","[6213, 6]"
64,48,217,1116,0.0006594048776074522,5.700000000027948e-07,1,[4],[6209]
65,48,217,1116,0.0006604648776074574,1.0600000000051974e-06,1,[4],[6243]
66,48,217,1117,0.0006595694705196855,0.0006595694705196855,3,"[4, 21, 22]","[6019, 210, 24]"
67,48,218,1114,0.0006563410570064069,0.0006563410570064069,1,[25],[6256]
68,48,218,1115,0.0006549938201820788,0.0006549938201820788,1,[25],[6283]
69,48,218,1115,0.0006558038201820828,8.100000000039716e-07,3,"[4, 21, 25]","[2, 1, 6274]"
70,48,218,1115,0.0006578438201820928,2.0400000000100026e-06,3,"[4, 21, 25]","[54, 7, 6129]"
71,48,218,1116,0.0006591233349881791,0.0006591233349881791,4,"[4, 21, 22, 25]","[6050, 53, 3, 180]"
72,48,218,1116,0.0006599433349881831,8.200000000040206e-07,1,[4],[6217]
73,48,218,1116,0.0006606633349881866,7.200000000035303e-07,1,[4],[6321]
74,48,218,1116,0.0006614533349881905,7.900000000038735e-07,1,[4],[6201]
75,48,218,1116,0.0006627333349881968,1.2800000000062761e-06,1,[4],[6241]
76,48,218,1117,0.0006602922362722401,0.0006602922362722401,2,"[4, 21]","[6289, 3]"
77,48,218,1117,0.0006610322362722437,7.400000000036284e-07,1,[4],[6219]
78,48,218,1117,0.0006616022362722465,5.700000000027948e-07,1,[4],[6351]
79,48,218,1117,0.0006621222362722491,5.200000000025497e-07,1,[4],[6182]
80,48,218,1117,0.0006626722362722518,5.500000000026968e-07,1,[4],[6252]
81,48,218,1117,0.0006633822362722552,7.100000000034813e-07,1,[4],[6204]
82,48,219,1115,0.0006565175670096657,0.0006565175670096657,1,[25],[6305]
83,48,219,1115,0.0006572375670096692,7.200000000035303e-07,1,[25],[6243]
84,48,219,1115,0.0006582675670096743,1.0300000000050503e-06,1,[25],[6210]
85,48,219,1117,0.0006627680067320652,0.0006627680067320652,1,[4],[6269]
86,48,219,1117,0.0006634480067320685,6.800000000033342e-07,1,[4],[6250]
87,48,219,1117,0.000663948006732071,5.000000000024516e-07,1,[4],[6319]
88,48,219,1117,0.0006643880067320731,4.400000000021574e-07,1,[4],[6234]
89,48,219,1117,0.0006648080067320752,4.2000000000205935e-07,1,[4],[6267]
90,48,219,1117,0.0006652580067320774,4.5000000000220645e-07,1,[4],[6205]
91,48,219,1117,0.00066578800673208,5.300000000025987e-07,1,[4],[6230]
92,48,219,1117,0.000666598006732084,8.100000000039716e-07,1,[4],[6236]
93,48,219,1118,0.0006659339959705544,0.0006659339959705544,1,[4],[6265]
94,48,220,1115,0.0006580177949201894,0.0006580177949201894,1,[25],[6256]
95,48,220,1115,0.0006587077949201927,6.900000000033832e-07,1,[25],[6266]
96,48,220,1115,0.0006595277949201968,8.200000000040206e-07,1,[25],[6254]
97,48,220,1117,0.0006660512148854386,0.0006660512148854386,1,[4],[6254]
98,48,220,1117,0.0006669112148854428,8.600000000042168e-07,1,[4],[6287]
99,48,220,1117,0.0006676612148854465,7.500000000036774e-07,1,[4],[6250]
100,48,220,1117,0.0006686212148854512,9.60000000004707e-07,1,[4],[6242]
101,48,220,1118,0.0006669465120259171,0.0006669465120259171,1,[4],[6284]
102,48,220,1118,0.000667746512025921,8.000000000039226e-07,1,[4],[6298]
103,48,220,1118,0.0006684465120259244,7.000000000034323e-07,1,[4],[6244]
104,48,220,1118,0.0006692765120259285,8.300000000040697e-07,1,[4],[6195]
105,48,221,1115,0.0006595700947156836,0.0006595700947156836,2,"[25, 26]","[6237, 40]"
106,48,221,1115,0.0006602000947156867,6.30000000003089e-07,3,"[25, 26, 185]","[5957, 313, 1]"
107,48,221,1115,0.0006608100947156897,6.10000000002991e-07,2,"[25, 26]","[5222, 994]"
108,48,221,1117,0.000670999179090157,0.000670999179090157,2,"[4, 25]","[6259, 1]"
109,48,221,1118,0.0006692631498992979,0.0006692631498992979,1,[4],[6265]
110,48,221,1118,0.0006699531498993012,6.900000000033832e-07,1,[4],[6318]
111,48,221,1118,0.0006704731498993038,5.200000000025497e-07,1,[4],[6228]
112,48,221,1118,0.0006709531498993061,4.800000000023535e-07,1,[4],[6301]
113,48,221,1118,0.0006714431498993085,4.900000000024026e-07,1,[4],[6161]
114,48,221,1118,0.0006720431498993115,6.000000000029419e-07,1,[4],[6293]
115,48,221,1118,0.000673363149899318,1.3200000000064722e-06,1,[4],[6194]
116,48,222,1115,0.0006608834460391809,0.0006608834460391809,4,"[25, 26, 184, 185]","[4427, 1875, 2, 1]"
117,48,222,1115,0.0006614434460391836,5.600000000027458e-07,4,"[25, 26, 184, 185]","[5122, 1096, 6, 6]"
118,48,222,1115,0.0006620334460391865,5.900000000028929e-07,4,"[25, 26, 184, 185]","[5839, 443, 4, 1]"
119,48,222,1118,0.0006718467959966314,0.0006718467959966314,1,[4],[6298]
120,48,222,1118,0.0006725267959966347,6.800000000033342e-07,1,[4],[6267]
121,48,222,1118,0.0006730867959966375,5.600000000027458e-07,1,[4],[6229]
122,48,222,1118,0.0006736967959966405,6.10000000002991e-07,1,[4],[6248]
123,48,222,1118,0.0006745067959966444,8.100000000039716e-07,1,[4],[6216]
124,48,222,1119,0.0006736546621969833,0.0006736546621969833,1,[4],[6253]
125,48,222,1119,0.0006749246621969895,1.270000000006227e-06,1,[4],[6263]
126,48,223,1115,0.0006622931202283533,0.0006622931202283533,3,"[25, 26, 184]","[6240, 8, 3]"
127,48,223,1115,0.0006629231202283564,6.30000000003089e-07,2,"[25, 26]","[6331, 1]"
128,48,223,1115,0.0006638331202283609,9.100000000044619e-07,1,[25],[6193]
129,48,223,1118,0.0006754372079187403,0.0006754372079187403,1,[4],[6282]
130,48,223,1119,0.0006752530347752085,0.0006752530347752085,1,[4],[6269]
131,48,223,1119,0.0006759730347752121,7.200000000035303e-07,1,[4],[6282]
132,48,223,1119,0.000676573034775215,6.000000000029419e-07,1,[4],[6302]
133,48,223,1119,0.0006771530347752179,5.800000000028439e-07,1,[4],[6168]
134,48,223,1119,0.0006778330347752212,6.800000000033342e-07,1,[4],[6229]
135,48,223,1119,0.0006791430347752276,1.3100000000064232e-06,1,[4],[6251]
136,48,224,1115,0.0006635442735470176,0.0006635442735470176,1,[25],[6295]
137,48,224,1115,0.0006642642735470211,7.200000000035303e-07,1,[25],[6244]
138,48,224,1116,0.0006649809228887723,0.0006649809228887723,1,[25],[6258]
139,48,224,1119,0.0006778253905233853,0.0006778253905233853,1,[4],[6288]
140,48,224,1119,0.0006785653905233889,7.400000000036284e-07,1,[4],[6299]
141,48,224,1119,0.0006791553905233918,5.900000000028929e-07,1,[4],[6270]
142,48,224,1119,0.0006797053905233945,5.500000000026968e-07,1,[4],[6194]
143,48,224,1119,0.0006803253905233975,6.2000000000304e-07,1,[4],[6242]
144,48,224,1119,0.0006812853905234023,9.60000000004707e-07,1,[4],[6239]
145,48,224,1120,0.0006800707655524529,0.0006800707655524529,1,[4],[6260]
146,48,224,1120,0.0006813007655524589,1.230000000006031e-06,1,[4],[6276]
147,48,225,1115,0.0006648587631177478,0.0006648587631177478,1,[25],[6312]
148,48,225,1115,0.0006660887631177538,1.230000000006031e-06,1,[25],[6198]
149,48,225,1116,0.0006652695801463166,0.0006652695801463166,1,[25],[6295]
150,48,225,1119,0.000681362338013019,0.000681362338013019,1,[4],[6286]
151,48,225,1119,0.000683212338013028,1.850000000009071e-06,1,[4],[6235]
152,48,225,1120,0.0006813837276740668,0.0006813837276740668,1,[4],[6264]
153,48,225,1120,0.0006820737276740701,6.900000000033832e-07,1,[4],[6303]
154,48,225,1120,0.0006826337276740729,5.600000000027458e-07,1,[4],[6235]
155,48,225,1120,0.0006831737276740755,5.400000000026477e-07,1,[4],[6233]
156,48,225,1120,0.0006837937276740786,6.2000000000304e-07,1,[4],[6279]
157,48,225,1120,0.000684693727674083,9.000000000044129e-07,1,[4],[6206]
158,48,226,1115,0.0006664865733140466,0.0006664865733140466,2,"[25, 30]","[6027, 247]"
159,48,226,1116,0.0006656879231754258,0.0006656879231754258,2,"[25, 30]","[6015, 249]"
160,48,226,1116,0.0006662779231754287,5.900000000028929e-07,2,"[25, 30]","[5746, 537]"
161,48,226,1120,0.0006841832151249659,0.0006841832151249659,1,[4],[6308]
162,48,226,1120,0.0006849332151249696,7.500000000036774e-07,1,[4],[6224]
163,48,226,1120,0.0006856032151249729,6.700000000032852e-07,1,[4],[6251]
164,48,226,1120,0.0006863432151249765,7.400000000036284e-07,1,[4],[6294]
165,48,226,1120,0.0006876332151249828,1.2900000000063251e-06,1,[4],[6192]
166,48,226,1121,0.0006861025432855979,0.0006861025432855979,1,[4],[6268]
167,48,226,1121,0.0006872925432856037,1.1900000000058348e-06,1,[4],[6280]
168,48,227,1116,0.0006659267266520742,0.0006659267266520742,2,"[25, 30]","[4232, 2102]"
169,48,227,1116,0.0006663167266520761,3.9000000000191225e-07,2,"[25, 30]","[4093, 2199]"
170,48,227,1116,0.0006666667266520778,3.500000000017161e-07,2,"[25, 30]","[4054, 2106]"
171,48,227,1116,0.0006672167266520805,5.500000000026968e-07,2,"[25, 30]","[4184, 2084]"
172,48,227,1120,0.000688067184381966,0.000688067184381966,1,[4],[6255]
173,48,227,1121,0.0006875200785864944,0.0006875200785864944,1,[4],[6321]
174,48,227,1121,0.0006882100785864977,6.900000000033832e-07,1,[4],[6258]
175,48,227,1121,0.0006887500785865004,5.400000000026477e-07,2,"[4, 20]","[6205, 1]"
176,48,227,1121,0.000689290078586503,5.400000000026477e-07,2,"[4, 20]","[6280, 20]"
177,48,227,1121,0.0006898600785865058,5.700000000027948e-07,2,"[4, 20]","[6002, 171]"
178,48,227,1121,0.0006905700785865093,7.100000000034813e-07,3,"[4, 19, 20]","[5165, 1, 1148]"
179,48,227,1121,0.0006922000785865173,1.6300000000079922e-06,3,"[4, 19, 20]","[3657, 28, 2502]"
180,48,228,1116,0.0006666110828110182,0.0006666110828110182,2,"[25, 30]","[6145, 187]"
181,48,228,1116,0.0006671910828110211,5.800000000028439e-07,3,"[25, 30, 174]","[6110, 88, 2]"
182,48,228,1121,0.000690013866740581,0.000690013866740581,2,"[4, 20]","[5680, 637]"
183,48,228,1121,0.0006906238667405839,6.10000000002991e-07,3,"[4, 19, 20]","[4302, 13, 1977]"
184,48,228,1121,0.0006911238667405864,5.000000000024516e-07,3,"[4, 19, 20]","[3966, 60, 2147]"
185,48,228,1121,0.0006917038667405892,5.800000000028439e-07,3,"[4, 19, 20]","[4267, 402, 1571]"
186,48,228,1121,0.000692473866740593,7.700000000037755e-07,3,"[4, 19, 20]","[4528, 1310, 412]"
187,48,228,1122,0.0006912025797280766,0.0006912025797280766,3,"[4, 19, 20]","[4063, 169, 2059]"
188,48,228,1122,0.0006920125797280805,8.100000000039716e-07,3,"[4, 19, 20]","[4196, 1450, 638]"
189,48,228,1122,0.0006926525797280837,6.400000000031381e-07,3,"[4, 19, 20]","[4239, 1938, 55]"
190,48,228,1122,0.0006934325797280875,7.800000000038245e-07,3,"[4, 19, 20]","[5127, 1117, 3]"
191,48,228,1122,0.0006951025797280957,1.6700000000081884e-06,3,"[4, 18, 19]","[6049, 3, 153]"
192,48,229,1116,0.0006673796671911533,0.0006673796671911533,3,"[25, 136, 174]","[6264, 1, 22]"
193,48,229,1116,0.000668339667191158,9.60000000004707e-07,3,"[25, 136, 174]","[6028, 4, 209]"
194,48,229,1117,0.0006682649826472889,0.0006682649826472889,3,"[25, 136, 174]","[5962, 8, 289]"
195,48,229,1122,0.0006933643169483996,0.0006933643169483996,3,"[4, 19, 20]","[5248, 1034, 19]"
196,48,229,1122,0.0006941443169484034,7.800000000038245e-07,3,"[4, 18, 19]","[6251, 2, 29]"
197,48,229,1122,0.0006947443169484064,6.000000000029419e-07,2,"[4, 18]","[6155, 39]"
198,48,229,1122,0.000695284316948409,5.400000000026477e-07,2,"[4, 18]","[6040, 329]"
199,48,229,1122,0.0006957643169484114,4.800000000023535e-07,2,"[4, 18]","[5048, 1153]"
200,48,229,1122,0.0006962343169484137,4.700000000023045e-07,2,"[4, 18]","[4215, 1946]"
201,48,229,1122,0.0006968443169484167,6.10000000002991e-07,2,"[4, 18]","[3879, 2428]"
202,48,229,1123,0.0006966965252548339,0.0006966965252548339,4,"[4, 17, 18, 19]","[4999, 2, 1260, 5]"
203,48,230,1116,0.0006687995738293031,0.0006687995738293031,3,"[25, 136, 174]","[6240, 8, 10]"
204,48,230,1117,0.0006680798207374469,0.0006680798207374469,4,"[25, 136, 161, 174]","[6262, 4, 1, 4]"
205,48,230,1117,0.0006689698207374513,8.900000000043639e-07,3,"[25, 161, 174]","[6232, 2, 11]"
206,48,230,1122,0.0006965429266747916,0.0006965429266747916,2,"[4, 18]","[4509, 1758]"
207,48,230,1122,0.0006977329266747974,1.1900000000058348e-06,4,"[4, 16, 17, 18]","[5264, 90, 180, 733]"
208,48,230,1122,0.000698882926674803,1.1500000000056387e-06,4,"[4, 16, 17, 18]","[4044, 932, 1260, 10]"
209,48,230,1123,0.0006974869664609668,0.0006974869664609668,4,"[4, 16, 17, 18]","[5422, 132, 175, 562]"
210,48,230,1123,0.00069813696646097,6.500000000031871e-07,4,"[4, 16, 17, 18]","[4358, 934, 981, 10]"
211,48,230,1123,0.0006985769664609721,4.400000000021574e-07,3,"[4, 16, 17]","[3620, 1432, 1254]"
212,48,230,1123,0.0006989869664609741,4.100000000020103e-07,3,"[4, 16, 17]","[3577, 1560, 1005]"
213,48,230,1123,0.0006994869664609766,5.000000000024516e-07,3,"[4, 16, 17]","[4308, 1230, 693]"
214,48,230,1123,0.0007002469664609803,7.600000000037264e-07,3,"[4, 16, 17]","[5576, 471, 221]"
215,48,231,1117,0.0006684875397362477,0.0006684875397362477,1,[25],[6250]
216,48,231,1117,0.0006690575397362505,5.700000000027948e-07,1,[25],[6315]
217,48,231,1117,0.0006702775397362565,1.220000000005982e-06,1,[25],[6185]
218,48,231,1123,0.0006999678542538834,0.0006999678542538834,3,"[4, 16, 17]","[5369, 586, 331]"
219,48,231,1123,0.0007008078542538875,8.400000000041187e-07,3,"[4, 16, 17]","[6213, 6, 1]"
220,48,231,1123,0.0007015778542538913,7.700000000037755e-07,1,[4],[6293]
221,48,231,1123,0.0007026478542538965,1.0700000000052464e-06,1,[4],[6217]
222,48,231,1124,0.000701776166172264,0.000701776166172264,3,"[4, 16, 17]","[6238, 18, 6]"
223,48,231,1124,0.0007027261661722686,9.500000000046581e-07,1,[4],[6297]
224,48,231,1124,0.0007038661661722742,1.1400000000055897e-06,1,[4],[6195]
225,48,232,1117,0.0006693177292033589,0.0006693177292033589,2,"[25, 142]","[6325, 18]"
226,48,232,1117,0.0006699877292033622,6.700000000032852e-07,5,"[25, 36, 128, 129, 142]","[6131, 5, 3, 1, 59]"
227,48,232,1118,0.0006706155227049432,0.0006706155227049432,5,"[25, 36, 128, 129, 142]","[6120, 56, 10, 1, 71]"
228,48,232,1124,0.0007033276413930223,0.0007033276413930223,1,[4],[6266]
229,48,232,1124,0.0007040676413930259,7.400000000036284e-07,1,[4],[6283]
230,48,232,1124,0.0007046876413930289,6.2000000000304e-07,1,[4],[6213]
231,48,232,1124,0.0007053576413930322,6.700000000032852e-07,1,[4],[6294]
232,48,232,1124,0.0007065076413930378,1.1500000000056387e-06,1,[4],[6217]
233,48,232,1125,0.0007061237007106466,0.0007061237007106466,1,[4],[6260]
234,48,233,1117,0.0006703935159656638,0.0006703935159656638,6,"[25, 36, 128, 129, 142, 158]","[4702, 897, 17, 2, 693, 3]"
235,48,233,1118,0.0006701315239748556,0.0006701315239748556,6,"[25, 36, 128, 129, 142, 158]","[3981, 2048, 5, 2, 219, 1]"
236,48,233,1118,0.0006706515239748582,5.200000000025497e-07,6,"[25, 36, 128, 129, 142, 158]","[3740, 2412, 6, 1, 120, 1]"
237,48,233,1118,0.0006713315239748615,6.800000000033342e-07,6,"[25, 36, 128, 129, 142, 158]","[4061, 2134, 1, 1, 62, 1]"
238,48,233,1124,0.0007069789228291698,0.0007069789228291698,1,[4],[6250]
239,48,233,1125,0.0007067744405983661,0.0007067744405983661,1,[4],[6294]
240,48,233,1125,0.0007074844405983696,7.100000000034813e-07,1,[4],[6229]
241,48,233,1125,0.0007081144405983727,6.30000000003089e-07,1,[4],[6256]
242,48,233,1125,0.0007087644405983759,6.500000000031871e-07,1,[4],[6228]
243,48,233,1125,0.0007098644405983813,1.1000000000053935e-06,1,[4],[6273]
244,48,233,1126,0.0007110388077973675,0.0007110388077973675,1,[4],[6258]
245,48,234,1117,0.0006723446290704296,0.0006723446290704296,3,"[25, 36, 142]","[4022, 2208, 26]"
246,48,234,1118,0.0006701803068311487,0.0006701803068311487,3,"[25, 36, 142]","[367, 5929, 7]"
247,48,234,1118,0.000670650306831151,4.700000000023045e-07,3,"[25, 36, 142]","[829, 5398, 7]"
248,48,234,1118,0.0006711603068311535,5.100000000025006e-07,3,"[25, 36, 142]","[1971, 4319, 3]"
249,48,234,1118,0.0006718503068311569,6.900000000033832e-07,2,"[25, 36]","[4525, 1702]"
250,48,234,1118,0.0006725503068311604,7.000000000034323e-07,2,"[25, 36]","[6110, 131]"
251,48,234,1118,0.0006732103068311636,6.600000000032361e-07,2,"[25, 36]","[6245, 3]"
252,48,234,1118,0.0006740903068311679,8.800000000043148e-07,1,[25],[6227]
253,48,234,1119,0.0006746935646709351,0.0006746935646709351,3,"[25, 36, 78]","[4952, 1313, 9]"
254,48,234,1125,0.0007095821398028712,0.0007095821398028712,1,[4],[6266]
255,48,234,1125,0.0007112521398028793,1.6700000000081884e-06,1,[4],[6256]
256,48,234,1126,0.0007102009874798222,0.0007102009874798222,1,[4],[6296]
257,48,234,1126,0.000710960987479826,7.600000000037264e-07,1,[4],[6287]
258,48,234,1126,0.0007116509874798293,6.900000000033832e-07,1,[4],[6190]
259,48,234,1126,0.0007125209874798336,8.700000000042658e-07,1,[4],[6228]
260,48,235,1118,0.0006699519245080499,0.0006699519245080499,1,[36],[6280]
261,48,235,1118,0.0006704619245080524,5.100000000025006e-07,2,"[25, 36]","[6, 6261]"
262,48,235,1118,0.000671191924508056,7.300000000035793e-07,2,"[25, 36]","[55, 6159]"
263,48,235,1118,0.0006736819245080682,2.490000000012209e-06,2,"[25, 36]","[5101, 1178]"
264,48,235,1118,0.0006753119245080762,1.6300000000079922e-06,4,"[25, 67, 72, 78]","[6225, 1, 1, 32]"
265,48,235,1118,0.0006761619245080803,8.500000000041677e-07,3,"[25, 72, 78]","[6210, 8, 53]"
266,48,235,1118,0.0006769419245080842,7.800000000038245e-07,4,"[25, 67, 78, 79]","[6171, 1, 16, 1]"
267,48,235,1119,0.0006737591497813422,0.0006737591497813422,2,"[25, 36]","[1135, 5123]"
268,48,235,1119,0.000675149149781349,1.3900000000068155e-06,3,"[25, 78, 79]","[6212, 82, 3]"
269,48,235,1119,0.0006757891497813521,6.400000000031381e-07,3,"[25, 78, 79]","[6149, 128, 1]"
270,48,235,1119,0.0006764291497813553,6.400000000031381e-07,3,"[25, 78, 79]","[6131, 98, 2]"
271,48,235,1126,0.0007125641643753081,0.0007125641643753081,1,[4],[6252]
272,48,235,1126,0.000713564164375313,1.0000000000049032e-06,1,[4],[6283]
273,48,235,1126,0.0007149441643753198,1.3800000000067664e-06,1,[4],[6223]
274,48,235,1127,0.000713863343445007,0.000713863343445007,1,[4],[6263]
275,48,235,1127,0.0007147533434450114,8.900000000043639e-07,1,[4],[6281]
276,48,235,1127,0.0007156433434450158,8.900000000043639e-07,1,[4],[6238]
277,48,236,1117,0.0006760704821400233,0.0006760704821400233,6,"[25, 36, 67, 68, 72, 75]","[6001, 179, 63, 5, 48, 3]"
278,48,236,1117,0.0006768104821400269,7.400000000036284e-07,4,"[25, 67, 72, 75]","[6168, 4, 28, 4]"
279,48,236,1118,0.0006693556781573316,0.0006693556781573316,1,[36],[6266]
280,48,236,1118,0.0006698956781573342,5.400000000026477e-07,1,[36],[6332]
281,48,236,1118,0.0006707756781573385,8.800000000043148e-07,1,[36],[6175]
282,48,236,1118,0.0006759356781573638,5.160000000025301e-06,7,"[25, 36, 67, 68, 72, 75, 78]","[5317, 868, 53, 3, 33, 2, 1]"
283,48,236,1118,0.0006764156781573662,4.800000000023535e-07,4,"[25, 67, 72, 75]","[6250, 6, 24, 1]"
284,48,236,1118,0.0006768956781573685,4.800000000023535e-07,4,"[25, 67, 72, 78]","[6239, 1, 14, 2]"
285,48,236,1118,0.0006787656781573777,1.870000000009169e-06,4,"[25, 42, 43, 72]","[5313, 712, 152, 4]"
286,48,236,1119,0.0006698656612687332,0.0006698656612687332,1,[36],[6259]
287,48,236,1119,0.0006765056612687658,6.640000000032557e-06,5,"[25, 36, 72, 78, 79]","[3060, 3188, 1, 5, 1]"
288,48,236,1127,0.0007156815032077116,0.0007156815032077116,1,[4],[6311]
289,48,236,1127,0.0007164915032077156,8.100000000039716e-07,1,[4],[6236]
290,48,236,1127,0.0007172515032077193,7.600000000037264e-07,1,[4],[6273]
291,48,236,1127,0.0007183115032077245,1.0600000000051974e-06,1,[4],[6183]
292,48,236,1128,0.0007177822914597033,0.0007177822914597033,1,[4],[6285]
293,48,236,1128,0.0007190822914597097,1.3000000000063742e-06,1,[4],[6230]
294,48,237,1118,0.0006688148161452051,0.0006688148161452051,3,"[36, 83, 124]","[6295, 12, 4]"
295,48,237,1118,0.0006695548161452088,7.400000000036284e-07,2,"[36, 124]","[6233, 1]"
296,48,237,1119,0.0006688665634903918,0.0006688665634903918,4,"[36, 83, 124, 164]","[6226, 26, 13, 1]"
297,48,237,1119,0.0006699865634903973,1.1200000000054916e-06,5,"[36, 83, 124, 125, 164]","[6231, 1, 4, 1, 1]"
298,48,237,1128,0.0007190180834255014,0.0007190180834255014,1,[4],[6276]
299,48,237,1128,0.0007197680834255051,7.500000000036774e-07,1,[4],[6287]
300,48,237,1128,0.0007203980834255082,6.30000000003089e-07,1,[4],[6207]
301,48,237,1128,0.0007210780834255115,6.800000000033342e-07,1,[4],[6291]
302,48,237,1128,0.0007220780834255164,1.0000000000049032e-06,1,[4],[6193]
303,48,237,1129,0.0007225033006237425,0.0007225033006237425,1,[4],[6265]
304,48,238,1118,0.0006682425943241443,0.0006682425943241443,4,"[36, 83, 124, 125]","[4180, 2089, 36, 1]"
305,48,238,1118,0.0006695125943241505,1.270000000006227e-06,4,"[36, 83, 124, 125]","[5454, 726, 23, 2]"
306,48,238,1119,0.0006678526874348815,0.0006678526874348815,4,"[36, 83, 124, 125]","[3204, 3066, 15, 1]"
307,48,238,1119,0.000668352687434884,5.000000000024516e-07,4,"[36, 83, 124, 125]","[4394, 1865, 19, 1]"
308,48,238,1119,0.0006690026874348871,6.500000000031871e-07,4,"[36, 83, 124, 125]","[5091, 1057, 37, 4]"
309,48,238,1128,0.0007222659975766383,0.0007222659975766383,1,[4],[6259]
310,48,238,1128,0.0007244059975766488,2.140000000010493e-06,1,[4],[6255]
311,48,238,1129,0.000722679659337844,0.000722679659337844,1,[4],[6267]
312,48,238,1129,0.000723489659337848,8.100000000039716e-07,1,[4],[6282]
313,48,238,1129,0.0007241496593378512,6.600000000032361e-07,2,"[4, 15]","[6236, 2]"
314,48,238,1129,0.0007248896593378549,7.400000000036284e-07,2,"[4, 15]","[6189, 57]"
315,48,238,1129,0.0007258696593378597,9.800000000048052e-07,2,"[4, 15]","[5231, 995]"
316,48,239,1118,0.0006686039695143836,0.0006686039695143836,3,"[36, 83, 124]","[4358, 1912, 1]"
317,48,239,1119,0.0006676477041807959,0.0006676477041807959,4,"[36, 83, 106, 107]","[4497, 1837, 1, 1]"
318,48,239,1119,0.000668087704180798,4.400000000021574e-07,3,"[36, 83, 106]","[4856, 1435, 2]"
319,48,239,1119,0.0006685877041808005,5.000000000024516e-07,4,"[36, 83, 107, 124]","[5094, 1081, 1, 2]"
320,48,239,1129,0.0007251695551283062,0.0007251695551283062,2,"[4, 15]","[5741, 580]"
321,48,239,1129,0.0007257895551283092,6.2000000000304e-07,2,"[4, 15]","[3887, 2370]"
322,48,239,1129,0.0007262395551283114,4.5000000000220645e-07,2,"[4, 15]","[3085, 3127]"
323,48,239,1129,0.0007267195551283138,4.800000000023535e-07,2,"[4, 15]","[3099, 3190]"
324,48,239,1129,0.0007274695551283175,7.500000000036774e-07,2,"[4, 15]","[3999, 2205]"
325,48,239,1130,0.0007262640504419141,0.0007262640504419141,2,"[4, 15]","[4031, 2279]"
326,48,239,1130,0.0007270340504419179,7.700000000037755e-07,2,"[4, 15]","[4387, 1808]"
327,48,239,1130,0.0007278840504419221,8.500000000041677e-07,2,"[4, 15]","[5807, 506]"
328,48,239,1130,0.0007291240504419281,1.24000000000608e-06,2,"[4, 15]","[6165, 30]"
329,48,240,1119,0.000667575320680764,0.000667575320680764,5,"[36, 83, 106, 107, 110]","[6110, 2, 8, 2, 137]"
330,48,240,1119,0.0006680353206807662,4.600000000022555e-07,5,"[36, 83, 106, 107, 110]","[6230, 3, 6, 1, 32]"
331,48,240,1119,0.0006686953206807694,6.600000000032361e-07,5,"[36, 83, 106, 107, 110]","[6216, 5, 9, 3, 9]"
332,48,240,1130,0.0007286369480367537,0.0007286369480367537,2,"[4, 15]","[6136, 136]"
333,48,240,1130,0.0007294569480367577,8.200000000040206e-07,1,[4],[6267]
334,48,240,1130,0.0007301669480367612,7.100000000034813e-07,1,[4],[6275]
335,48,240,1130,0.0007309769480367651,8.100000000039716e-07,1,[4],[6229]
336,48,240,1130,0.0007326869480367735,1.7100000000083845e-06,1,[4],[6216]
337,48,240,1131,0.0007317747794149422,0.0007317747794149422,1,[4],[6273]
338,48,241,1119,0.0006676329509882904,0.0006676329509882904,2,"[36, 110]","[5682, 594]"
339,48,241,1119,0.0006681429509882929,5.100000000025006e-07,2,"[36, 110]","[6207, 94]"
340,48,241,1119,0.000668962950988297,8.200000000040206e-07,2,"[36, 110]","[6177, 27]"
341,48,241,1120,0.0006689142795037533,0.0006689142795037533,2,"[36, 110]","[4796, 1459]"
342,48,241,1130,0.000732249994470644,0.000732249994470644,1,[4],[6276]
343,48,241,1131,0.000732454177368092,0.000732454177368092,1,[4],[6265]
344,48,241,1131,0.0007333141773680962,8.600000000042168e-07,1,[4],[6255]
345,48,241,1131,0.0007340541773680999,7.400000000036284e-07,1,[4],[6278]
346,48,241,1131,0.0007349141773681041,8.600000000042168e-07,1,[4],[6216]
347,48,242,1119,0.0006684337394159704,0.0006684337394159704,2,"[36, 110]","[6304, 17]"
348,48,242,1119,0.0006691237394159737,6.900000000033832e-07,1,[36],[6221]
349,48,242,1120,0.0006695786338065707,0.0006695786338065707,2,"[36, 110]","[6231, 25]"
350,48,242,1131,0.0007350253983455728,0.0007350253983455728,1,[4],[6305]
351,48,242,1131,0.0007359653983455774,9.40000000004609e-07,1,[4],[6242]
352,48,242,1131,0.0007368753983455819,9.100000000044619e-07,1,[4],[6216]
353,48,242,1131,0.0007388553983455916,1.9800000000097084e-06,1,[4],[6240]
354,48,242,1132,0.0007368785095046987,0.0007368785095046987,1,[4],[6257]
355,48,242,1132,0.0007381085095047047,1.230000000006031e-06,1,[4],[6253]
356,48,242,1132,0.0007403085095047155,2.200000000010787e-06,1,[4],[6241]
357,48,243,1119,0.0006692749799253954,0.0006692749799253954,2,"[36, 87]","[6213, 133]"
358,48,243,1119,0.0006698849799253984,6.10000000002991e-07,2,"[36, 87]","[6189, 4]"
359,48,243,1120,0.000670023240543205,0.000670023240543205,1,[36],[6281]
360,48,243,1132,0.0007384774488127405,0.0007384774488127405,1,[4],[6279]
361,48,243,1132,0.0007392874488127445,8.100000000039716e-07,1,[4],[6229]
362,48,243,1132,0.0007399374488127477,6.500000000031871e-07,1,[4],[6325]
363,48,243,1132,0.0007405874488127509,6.500000000031871e-07,1,[4],[6218]
364,48,243,1132,0.0007413674488127547,7.800000000038245e-07,1,[4],[6254]
365,48,243,1132,0.0007432274488127638,1.86000000000912e-06,1,[4],[6204]
366,48,243,1133,0.0007429159493908512,0.0007429159493908512,1,[4],[6259]
367,48,244,1118,0.0006674327936464303,0.0006674327936464303,2,"[36, 87]","[483, 5776]"
368,48,244,1118,0.0006685127936464356,1.0800000000052955e-06,2,"[36, 87]","[2771, 3474]"
369,48,244,1119,0.000666746040410827,0.000666746040410827,2,"[36, 87]","[48, 6237]"
370,48,244,1119,0.0006678560404108324,1.1100000000054426e-06,2,"[36, 87]","[1445, 4786]"
371,48,244,1119,0.0006685360404108358,6.800000000033342e-07,2,"[36, 87]","[3862, 2382]"
372,48,244,1119,0.0006690560404108383,5.200000000025497e-07,2,"[36, 87]","[5159, 1126]"
373,48,244,1119,0.0006695660404108408,5.100000000025006e-07,2,"[36, 87]","[5824, 437]"
374,48,244,1119,0.000670416040410845,8.500000000041677e-07,2,"[36, 87]","[6110, 111]"
375,48,244,1132,0.0007417730248430445,0.0007417730248430445,1,[4],[6275]
376,48,244,1132,0.0007429830248430505,1.2100000000059329e-06,1,[4],[6251]
377,48,244,1132,0.0007451930248430613,2.210000000010836e-06,1,[4],[6227]
378,48,244,1133,0.0007427096805342455,0.0007427096805342455,1,[4],[6254]
379,48,244,1133,0.0007436096805342499,9.000000000044129e-07,1,[4],[6300]
380,48,244,1133,0.0007443596805342536,7.500000000036774e-07,1,[4],[6210]
381,48,244,1133,0.0007452396805342579,8.800000000043148e-07,1,[4],[6273]
382,48,244,1133,0.0007483296805342731,3.090000000015151e-06,2,"[4, 14]","[6211, 2]"
383,48,245,1118,0.0006669742881301251,0.0006669742881301251,3,"[36, 87, 88]","[3941, 2059, 321]"
384,48,245,1118,0.0006676542881301284,6.800000000033342e-07,3,"[36, 87, 88]","[4807, 1267, 146]"
385,48,245,1118,0.0006686742881301334,1.0200000000050013e-06,3,"[36, 87, 88]","[4947, 1260, 29]"
386,48,245,1119,0.0006669766372791472,0.0006669766372791472,3,"[36, 87, 88]","[2570, 3646, 90]"
387,48,245,1119,0.0006677866372791512,8.100000000039716e-07,3,"[36, 87, 88]","[4591, 1624, 58]"
388,48,245,1119,0.0006689366372791568,1.1500000000056387e-06,3,"[36, 87, 88]","[4800, 1367, 5]"
389,48,245,1133,0.0007451705951102325,0.0007451705951102325,1,[4],[6279]
390,48,245,1133,0.0007460105951102367,8.400000000041187e-07,2,"[4, 14]","[6284, 1]"
391,48,245,1133,0.0007467105951102401,7.000000000034323e-07,2,"[4, 14]","[6197, 2]"
392,48,245,1133,0.0007474705951102438,7.600000000037264e-07,2,"[4, 14]","[6111, 135]"
393,48,245,1133,0.0007484705951102487,1.0000000000049032e-06,2,"[4, 14]","[5417, 835]"
394,48,245,1134,0.0007476278123174777,0.0007476278123174777,2,"[4, 14]","[6027, 258]"
395,48,245,1134,0.0007488678123174837,1.24000000000608e-06,2,"[4, 14]","[4668, 1563]"
396,48,246,1118,0.0006660942209757715,0.0006660942209757715,2,"[36, 88]","[5465, 828]"
397,48,246,1118,0.0006665342209757737,4.400000000021574e-07,3,"[36, 87, 88]","[4967, 1, 1296]"
398,48,246,1118,0.0006669342209757756,4.000000000019613e-07,2,"[36, 88]","[4699, 1620]"
399,48,246,1118,0.0006675042209757784,5.700000000027948e-07,2,"[36, 88]","[4581, 1599]"
400,48,246,1119,0.0006668905759689594,0.0006668905759689594,3,"[36, 87, 88]","[5149, 3, 1112]"
401,48,246,1133,0.0007490984562376543,0.0007490984562376543,2,"[4, 14]","[5000, 1280]"
402,48,246,1134,0.0007489673645259735,0.0007489673645259735,2,"[4, 14]","[4724, 1535]"
403,48,246,1134,0.0007499873645259785,1.0200000000050013e-06,2,"[4, 14]","[5999, 261]"
404,48,246,1134,0.0007508373645259827,8.500000000041677e-07,2,"[4, 14]","[6285, 9]"
405,48,246,1134,0.0007517373645259871,9.000000000044129e-07,1,[4],[6207]
406,48,246,1134,0.0007533873645259952,1.6500000000080903e-06,2,"[4, 13]","[6241, 6]"
407,48,247,1118,0.0006658244130905756,0.0006658244130905756,2,"[36, 88]","[6249, 19]"
408,48,247,1118,0.0006665744130905793,7.500000000036774e-07,2,"[36, 88]","[6140, 142]"
409,48,247,1119,0.0006654707012448855,0.0006654707012448855,2,"[36, 88]","[6297, 3]"
410,48,247,1119,0.0006659207012448878,4.5000000000220645e-07,2,"[36, 88]","[6202, 4]"
411,48,247,1119,0.0006664807012448905,5.600000000027458e-07,2,"[36, 88]","[6219, 36]"
412,48,247,1120,0.0006667686354391405,0.0006667686354391405,1,[36],[6257]
413,48,247,1134,0.0007523547515251987,0.0007523547515251987,2,"[4, 14]","[6265, 3]"
414,48,247,1134,0.0007534047515252039,1.0500000000051484e-06,2,"[4, 13]","[6194, 60]"
415,48,247,1134,0.0007542947515252082,8.900000000043639e-07,2,"[4, 13]","[5175, 1119]"
416,48,247,1134,0.0007550247515252118,7.300000000035793e-07,3,"[4, 12, 13]","[3331, 2, 2906]"
417,48,247,1134,0.0007565347515252192,1.5100000000074039e-06,3,"[4, 12, 13]","[3398, 229, 2582]"
418,48,247,1135,0.0007540888809772144,0.0007540888809772144,2,"[4, 13]","[5227, 1075]"
419,48,247,1135,0.0007547888809772179,7.000000000034323e-07,3,"[4, 12, 13]","[2856, 2, 3423]"
420,48,247,1135,0.000755418880977221,6.30000000003089e-07,3,"[4, 12, 13]","[2738, 54, 3442]"
421,48,247,1135,0.0007564688809772261,1.0500000000051484e-06,3,"[4, 12, 13]","[3813, 748, 1632]"
422,48,248,1119,0.000665811042217743,0.000665811042217743,1,[36],[6301]
423,48,248,1119,0.0006670910422177492,1.2800000000062761e-06,1,[36],[6203]
424,48,248,1120,0.0006654934127825211,0.0006654934127825211,1,[36],[6364]
425,48,248,1120,0.0006659234127825232,4.300000000021084e-07,1,[36],[6179]
426,48,248,1120,0.0006664434127825258,5.200000000025497e-07,1,[36],[6258]
427,48,248,1134,0.0007564787648203147,0.0007564787648203147,3,"[4, 12, 13]","[4402, 578, 1285]"
428,48,248,1135,0.000755776939643868,0.000755776939643868,3,"[4, 12, 13]","[4203, 555, 1534]"
429,48,248,1135,0.0007565169396438717,7.400000000036284e-07,3,"[4, 12, 13]","[4121, 2035, 117]"
430,48,248,1135,0.0007571069396438745,5.900000000028929e-07,3,"[4, 12, 13]","[4307, 1961, 8]"
431,48,248,1135,0.0007577169396438775,6.10000000002991e-07,3,"[4, 12, 13]","[5289, 925, 2]"
432,48,248,1135,0.0007584069396438809,6.900000000033832e-07,2,"[4, 12]","[6028, 175]"
433,48,248,1135,0.0007592969396438853,8.900000000043639e-07,2,"[4, 12]","[6277, 10]"
434,48,249,1135,0.0007593615339873621,0.0007593615339873621,3,"[4, 12, 13]","[6141, 118, 1]"
435,48,249,1135,0.0007604015339873672,1.0400000000050993e-06,1,[4],[6288]
436,48,249,1135,0.000761371533987372,9.700000000047561e-07,1,[4],[6216]
437,48,249,1135,0.0007630415339873801,1.6700000000081884e-06,1,[4],[6238]
438,48,249,1136,0.0007610392339499678,0.0007610392339499678,2,"[4, 12]","[6284, 5]"
439,48,249,1136,0.0007622292339499737,1.1900000000058348e-06,1,[4],[6211]
440,48,249,1136,0.0007636792339499808,1.4500000000071097e-06,1,[4],[6259]
441,48,250,1135,0.000765345816939206,0.000765345816939206,1,[4],[6254]
442,48,250,1136,0.0007631597195898264,0.0007631597195898264,1,[4],[6268]
443,48,250,1136,0.0007640497195898308,8.900000000043639e-07,1,[4],[6298]
444,48,250,1136,0.0007648097195898345,7.600000000037264e-07,1,[4],[6225]
445,48,250,1136,0.0007656497195898386,8.400000000041187e-07,1,[4],[6277]
446,48,250,1136,0.0007668797195898447,1.230000000006031e-06,1,[4],[6202]
447,48,251,1136,0.0007665924679846959,0.0007665924679846959,1,[4],[6306]
448,48,251,1136,0.0007676924679847013,1.1000000000053935e-06,1,[4],[6199]
449,48,251,1136,0.0007689524679847075,1.260000000006178e-06,1,[4],[6266]
450,48,251,1137,0.0007681228397993923,0.0007681228397993923,1,[4],[6290]
451,48,251,1137,0.0007694328397993988,1.3100000000064232e-06,1,[4],[6247]
452,48,251,1137,0.0007716828397994098,2.2500000000110322e-06,1,[4],[6222]
453,48,252,1136,0.0007736213799041434,0.0007736213799041434,1,[4],[6252]
454,48,252,1137,0.0007702455795797415,0.0007702455795797415,1,[4],[6292]
455,48,252,1137,0.0007711855795797461,9.40000000004609e-07,1,[4],[6272]
456,48,252,1137,0.00077196557957975,7.800000000038245e-07,1,[4],[6261]
457,48,252,1137,0.0007728055795797541,8.400000000041187e-07,1,[4],[6207]
458,48,252,1137,0.0007743855795797618,1.580000000007747e-06,1,[4],[6224]
459,48,253,1137,0.0007734514002684978,0.0007734514002684978,1,[4],[6264]
460,48,253,1137,0.0007745514002685032,1.1000000000053935e-06,1,[4],[6242]
461,48,253,1137,0.0007757614002685091,1.2100000000059329e-06,1,[4],[6291]
462,48,253,1138,0.0007750997914834719,0.0007750997914834719,1,[4],[6252]
463,48,253,1138,0.0007764497914834785,1.3500000000066193e-06,1,[4],[6255]
464,48,253,1138,0.0007801097914834964,3.6600000000179458e-06,2,"[4, 11]","[6162, 82]"
465,48,254,1137,0.0007791199287706473,0.0007791199287706473,2,"[4, 11]","[6090, 160]"
466,48,254,1138,0.0007771430180723651,0.0007771430180723651,1,[4],[6262]
467,48,254,1138,0.0007780730180723697,9.3000000000456e-07,2,"[4, 11]","[6192, 77]"
468,48,254,1138,0.000778763018072373,6.900000000033832e-07,2,"[4, 11]","[5501, 794]"
469,48,254,1138,0.0007793030180723757,5.400000000026477e-07,2,"[4, 11]","[4181, 1999]"
470,48,254,1138,0.0007798430180723783,5.400000000026477e-07,2,"[4, 11]","[3474, 2862]"
471,48,254,1138,0.000780593018072382,7.500000000036774e-07,2,"[4, 11]","[3750, 2452]"
472,48,255,1138,0.0007797511672030325,0.0007797511672030325,2,"[4, 11]","[3710, 2553]"
473,48,255,1138,0.0007807311672030373,9.800000000048052e-07,2,"[4, 11]","[4716, 1522]"
474,48,255,1138,0.0007817111672030421,9.800000000048052e-07,3,"[4, 10, 11]","[6117, 6, 142]"
475,48,255,1138,0.000782701167203047,9.900000000048542e-07,2,"[4, 10]","[6070, 177]"
476,48,255,1138,0.000783931167203053,1.230000000006031e-06,2,"[4, 10]","[4633, 1627]"
477,48,255,1139,0.0007820675470716557,0.0007820675470716557,3,"[4, 10, 11]","[5635, 31, 595]"
478,48,255,1139,0.0007832475470716615,1.1800000000057858e-06,2,"[4, 10]","[5065, 1245]"
479,48,255,1139,0.0007841475470716659,9.000000000044129e-07,2,"[4, 10]","[3606, 2609]"
480,48,256,1138,0.0007838234717768674,0.0007838234717768674,3,"[4, 10, 11]","[3125, 3141, 10]"
481,48,256,1138,0.0007855534717768758,1.7300000000084826e-06,2,"[4, 10]","[4204, 2045]"
482,48,256,1139,0.0007834861394785295,0.0007834861394785295,3,"[4, 10, 11]","[2593, 3723, 3]"
483,48,256,1139,0.0007841561394785328,6.700000000032852e-07,2,"[4, 10]","[2669, 3569]"
484,48,256,1139,0.0007848461394785362,6.900000000033832e-07,2,"[4, 10]","[4289, 1925]"
485,48,256,1139,0.0007855461394785396,7.000000000034323e-07,2,"[4, 10]","[5905, 400]"
486,48,256,1139,0.000786236139478543,6.900000000033832e-07,2,"[4, 10]","[6222, 25]"
487,48,256,1139,0.0007869561394785466,7.200000000035303e-07,2,"[4, 10]","[6209, 1]"
488,48,256,1139,0.0007879761394785516,1.0200000000050013e-06,1,[4],[6247]
489,48,257,1139,0.0007873568127388127,0.0007873568127388127,2,"[4, 10]","[6098, 165]"
490,48,257,1139,0.0007882768127388172,9.20000000004511e-07,1,[4],[6305]
491,48,257,1139,0.0007890368127388209,7.600000000037264e-07,2,"[4, 9]","[6250, 2]"
492,48,257,1139,0.0007898068127388247,7.700000000037755e-07,2,"[4, 9]","[6175, 34]"
493,48,257,1139,0.0007907468127388293,9.40000000004609e-07,2,"[4, 9]","[5855, 386]"
494,48,257,1140,0.0007898100238947063,0.0007898100238947063,3,"[4, 9, 10]","[6226, 32, 5]"
495,48,257,1140,0.0007913300238947137,1.5200000000074529e-06,2,"[4, 9]","[5347, 896]"
496,48,258,1139,0.000791202112210443,0.000791202112210443,2,"[4, 9]","[5027, 1244]"
497,48,258,1139,0.0007932821122104532,2.0800000000101987e-06,2,"[4, 9]","[5351, 895]"
498,48,258,1140,0.0007914694638129941,0.0007914694638129941,2,"[4, 9]","[4731, 1534]"
499,48,258,1140,0.0007926794638130001,1.2100000000059329e-06,2,"[4, 9]","[5651, 604]"
500,48,258,1140,0.000793679463813005,1.0000000000049032e-06,2,"[4, 9]","[6256, 17]"
501,48,258,1140,0.0007947394638130102,1.0600000000051974e-06,1,[4],[6234]
502,48,259,1140,0.0007949433557084007,0.0007949433557084007,2,"[4, 9]","[6238, 12]"
503,48,259,1140,0.0007959633557084057,1.0200000000050013e-06,1,[4],[6257]
504,48,259,1140,0.0007968633557084101,9.000000000044129e-07,1,[4],[6255]
505,48,259,1140,0.0007979233557084153,1.0600000000051974e-06,1,[4],[6287]
506,48,259,1141,0.0007981902796900138,0.0007981902796900138,1,[4],[6273]
507,48,260,1140,0.0007993247831950401,0.0007993247831950401,1,[4],[6282]
508,48,260,1140,0.0008018647831950525,2.540000000012454e-06,1,[4],[6224]
509,48,260,1141,0.0007995845977582179,0.0007995845977582179,1,[4],[6287]
510,48,260,1141,0.0008006345977582231,1.0500000000051484e-06,1,[4],[6233]
511,48,260,1141,0.0008015945977582278,9.60000000004707e-07,1,[4],[6295]
512,48,260,1141,0.0008027545977582335,1.1600000000056877e-06,1,[4],[6213]
513,48,261,1141,0.0008026675037559818,0.0008026675037559818,1,[4],[6282]
514,48,261,1141,0.0008037175037559869,1.0500000000051484e-06,1,[4],[6229]
515,48,261,1141,0.0008046175037559913,9.000000000044129e-07,1,[4],[6250]
516,48,261,1141,0.0008056775037559965,1.0600000000051974e-06,1,[4],[6266]
517,48,261,1142,0.0008058213993226971,0.0008058213993226971,1,[4],[6270]
518,48,262,1141,0.0008069952792368006,0.0008069952792368006,1,[4],[6259]
519,48,262,1141,0.0008096652792368137,2.6700000000130916e-06,1,[4],[6242]
520,48,262,1142,0.0008073050351405216,0.0008073050351405216,1,[4],[6260]
521,48,262,1142,0.0008083650351405268,1.0600000000051974e-06,1,[4],[6266]
522,48,262,1142,0.0008093250351405315,9.60000000004707e-07,1,[4],[6258]
523,48,262,1142,0.0008105150351405373,1.1900000000058348e-06,1,[4],[6228]
524,48,263,1142,0.000810370607271668,0.000810370607271668,1,[4],[6289]
525,48,263,1142,0.0008114806072716734,1.1100000000054426e-06,1,[4],[6267]
526,48,263,1142,0.0008124606072716782,9.800000000048052e-07,1,[4],[6228]
527,48,263,1142,0.0008135406072716835,1.0800000000052955e-06,1,[4],[6259]
528,48,263,1143,0.0008136649048495668,0.0008136649048495668,1,[4],[6267]
529,48,264,1142,0.0008147081066821869,0.0008147081066821869,1,[4],[6261]
530,48,264,1142,0.0008166781066821965,1.9700000000096593e-06,1,[4],[6246]
531,48,264,1143,0.0008151652964733402,0.0008151652964733402,1,[4],[6262]
532,48,264,1143,0.0008162752964733456,1.1100000000054426e-06,1,[4],[6258]
533,48,264,1143,0.0008172852964733506,1.0100000000049522e-06,1,[4],[6252]
534,48,264,1143,0.0008185152964733566,1.230000000006031e-06,1,[4],[6240]
535,48,265,1143,0.0008183051828792379,0.0008183051828792379,1,[4],[6256]
536,48,265,1143,0.000819355182879243,1.0500000000051484e-06,1,[4],[6291]
537,48,265,1143,0.0008202251828792473,8.700000000042658e-07,1,[4],[6248]
538,48,265,1143,0.0008211551828792518,9.3000000000456e-07,1,[4],[6229]
539,48,265,1143,0.0008225451828792587,1.3900000000068155e-06,1,[4],[6226]
540,48,265,1144,0.0008223646909724921,0.0008223646909724921,1,[4],[6257]
541,48,266,1143,0.0008225437849109494,0.0008225437849109494,1,[4],[6254]
542,48,266,1143,0.000824093784910957,1.5500000000076e-06,1,[4],[6246]
543,48,266,1143,0.0008280237849109763,3.93000000001927e-06,1,[4],[6251]
544,48,266,1144,0.0008234351030747532,0.0008234351030747532,1,[4],[6295]
545,48,266,1144,0.000824615103074759,1.1800000000057858e-06,1,[4],[6222]
546,48,266,1144,0.0008257551030747646,1.1400000000055897e-06,1,[4],[6273]
547,48,266,1144,0.0008275251030747733,1.7700000000086787e-06,1,[4],[6219]
548,48,267,1144,0.000826390971737701,0.000826390971737701,1,[4],[6284]
549,48,267,1144,0.0008274209717377061,1.0300000000050503e-06,1,[4],[6246]
550,48,267,1144,0.0008282909717377103,8.700000000042658e-07,1,[4],[6292]
551,48,267,1144,0.0008291609717377146,8.700000000042658e-07,1,[4],[6181]
552,48,267,1144,0.0008304009717377207,1.24000000000608e-06,1,[4],[6266]
553,48,267,1145,0.0008317521863841913,0.0008317521863841913,1,[4],[6256]
554,48,268,1144,0.000830398619448732,0.000830398619448732,1,[4],[6288]
555,48,268,1144,0.0008317586194487387,1.3600000000066684e-06,1,[4],[6225]
556,48,268,1144,0.0008336886194487481,1.930000000009463e-06,1,[4],[6251]
557,48,268,1145,0.0008317684638303542,0.0008317684638303542,1,[4],[6266]
558,48,268,1145,0.0008332284638303614,1.4600000000071587e-06,1,[4],[6241]
559,48,268,1145,0.0008347584638303689,1.530000000007502e-06,1,[4],[6250]
560,48,269,1145,0.0008346411484093541,0.0008346411484093541,1,[4],[6275]
561,48,269,1145,0.0008357011484093593,1.0600000000051974e-06,1,[4],[6234]
562,48,269,1145,0.0008365911484093637,8.900000000043639e-07,1,[4],[6260]
563,48,269,1145,0.0008375311484093683,9.40000000004609e-07,1,[4],[6249]
564,48,269,1145,0.0008388611484093748,1.3300000000065213e-06,1,[4],[6247]
565,48,269,1146,0.0008415541058338675,0.0008415541058338675,1,[4],[6250]
566,48,270,1145,0.000838720136913326,0.000838720136913326,1,[4],[6285]
567,48,270,1145,0.000840160136913333,1.4400000000070606e-06,1,[4],[6242]
568,48,270,1145,0.0008419001369133416,1.7400000000085316e-06,1,[4],[6234]
569,48,270,1146,0.0008402293323110612,0.0008402293323110612,1,[4],[6266]
570,48,270,1146,0.0008415693323110678,1.3400000000065703e-06,1,[4],[6234]
571,48,270,1146,0.0008430093323110748,1.4400000000070606e-06,1,[4],[6268]
572,48,271,1146,0.0008430542375239782,0.0008430542375239782,1,[4],[6280]
573,48,271,1146,0.0008441142375239834,1.0600000000051974e-06,1,[4],[6279]
574,48,271,1146,0.0008450242375239879,9.100000000044619e-07,1,[4],[6245]
575,48,271,1146,0.0008459642375239925,9.40000000004609e-07,1,[4],[6255]
576,48,271,1146,0.0008472742375239989,1.3100000000064232e-06,1,[4],[6207]
577,48,271,1147,0.0008496695459017906,0.0008496695459017906,1,[4],[6250]
578,48,272,1146,0.0008471614986585949,0.0008471614986585949,1,[4],[6282]
579,48,272,1146,0.000848601498658602,1.4400000000070606e-06,1,[4],[6237]
580,48,272,1146,0.0008503614986586106,1.7600000000086297e-06,1,[4],[6254]
581,48,272,1147,0.0008486661549733177,0.0008486661549733177,1,[4],[6289]
582,48,272,1147,0.0008499961549733242,1.3300000000065213e-06,1,[4],[6246]
583,48,272,1147,0.0008513961549733311,1.4000000000068645e-06,1,[4],[6245]
584,48,273,1147,0.0008515002030030442,0.0008515002030030442,1,[4],[6256]
585,48,273,1147,0.0008525902030030496,1.0900000000053445e-06,1,[4],[6318]
586,48,273,1147,0.0008535102030030541,9.20000000004511e-07,1,[4],[6228]
587,48,273,1147,0.0008544702030030588,9.60000000004707e-07,2,"[4, 8]","[6185, 22]"
588,48,273,1147,0.0008556402030030645,1.1700000000057368e-06,2,"[4, 8]","[5392, 866]"
589,48,273,1147,0.0008575202030030737,1.880000000009218e-06,2,"[4, 8]","[3064, 3176]"
590,48,273,1148,0.0008559725003571471,0.0008559725003571471,2,"[4, 8]","[4719, 1557]"
591,48,274,1147,0.0008553278036495508,0.0008553278036495508,2,"[4, 8]","[5355, 966]"
592,48,274,1147,0.0008561378036495548,8.100000000039716e-07,2,"[4, 8]","[3142, 3102]"
593,48,274,1147,0.0008569278036495586,7.900000000038735e-07,2,"[4, 8]","[3026, 3196]"
594,48,274,1147,0.0008583278036495655,1.4000000000068645e-06,2,"[4, 8]","[5018, 1195]"
595,48,274,1148,0.0008560740145017907,0.0008560740145017907,2,"[4, 8]","[2821, 3448]"
596,48,274,1148,0.0008570240145017953,9.500000000046581e-07,2,"[4, 8]","[2929, 3350]"
597,48,274,1148,0.0008582040145018011,1.1800000000057858e-06,2,"[4, 8]","[5450, 788]"
598,48,274,1148,0.0008594340145018072,1.230000000006031e-06,2,"[4, 8]","[6251, 10]"
599,48,274,1148,0.0008618640145018191,2.430000000011915e-06,1,[4],[6215]
600,48,275,1148,0.0008598170932099101,0.0008598170932099101,2,"[4, 8]","[6060, 191]"
601,48,275,1148,0.0008608970932099154,1.0800000000052955e-06,1,[4],[6287]
602,48,275,1148,0.0008618070932099198,9.100000000044619e-07,1,[4],[6246]
603,48,275,1148,0.0008627470932099245,9.40000000004609e-07,1,[4],[6239]
604,48,275,1148,0.0008641970932099316,1.4500000000071097e-06,1,[4],[6237]
605,48,275,1149,0.0008642352965271342,0.0008642352965271342,2,"[4, 8]","[6261, 1]"
606,48,276,1148,0.0008641030414726513,0.0008641030414726513,1,[4],[6279]
607,48,276,1148,0.00086586304147266,1.7600000000086297e-06,1,[4],[6240]
608,48,276,1149,0.0008650116494138697,0.0008650116494138697,1,[4],[6251]
609,48,276,1149,0.0008662216494138757,1.2100000000059329e-06,1,[4],[6299]
610,48,276,1149,0.0008672916494138809,1.0700000000052464e-06,1,[4],[6222]
611,48,276,1149,0.0008687016494138878,1.4100000000069135e-06,1,[4],[6234]
612,48,277,1149,0.0008681027996638996,0.0008681027996638996,1,[4],[6287]
613,48,277,1149,0.0008692227996639051,1.1200000000054916e-06,1,[4],[6278]
614,48,277,1149,0.0008701527996639096,9.3000000000456e-07,1,[4],[6194]
615,48,277,1149,0.0008712027996639148,1.0500000000051484e-06,1,[4],[6244]
616,48,277,1149,0.0008732427996639248,2.0400000000100026e-06,1,[4],[6248]
617,48,277,1150,0.0008715995736679843,0.0008715995736679843,1,[4],[6269]
618,48,278,1149,0.0008727331589920097,0.0008727331589920097,1,[4],[6282]
619,48,278,1149,0.0008753831589920226,2.6500000000129935e-06,1,[4],[6237]
620,48,278,1150,0.0008731023200041508,0.0008731023200041508,1,[4],[6252]
621,48,278,1150,0.0008742423200041564,1.1400000000055897e-06,1,[4],[6299]
622,48,278,1150,0.0008752023200041611,9.60000000004707e-07,1,[4],[6222]
623,48,278,1150,0.0008763123200041666,1.1100000000054426e-06,1,[4],[6246]
624,48,278,1150,0.0008791723200041806,2.860000000014023e-06,2,"[4, 7]","[6229, 2]"
625,48,279,1150,0.0008764620462932436,0.0008764620462932436,1,[4],[6268]
626,48,279,1150,0.0008776020462932492,1.1400000000055897e-06,1,[4],[6240]
627,48,279,1150,0.0008786520462932543,1.0500000000051484e-06,2,"[4, 7]","[6245, 21]"
628,48,279,1150,0.0008798220462932601,1.1700000000057368e-06,2,"[4, 7]","[5767, 469]"
629,48,279,1151,0.0008791513319594621,0.0008791513319594621,2,"[4, 7]","[6148, 122]"
630,48,279,1151,0.000880561331959469,1.4100000000069135e-06,2,"[4, 7]","[4435, 1817]"
631,48,279,1151,0.0008839513319594856,3.390000000016622e-06,2,"[4, 7]","[5244, 984]"
632,48,280,1150,0.0008812596644848701,0.0008812596644848701,2,"[4, 7]","[5074, 1181]"
633,48,280,1151,0.0008809407573690154,0.0008809407573690154,2,"[4, 7]","[4663, 1600]"
634,48,280,1151,0.0008821407573690212,1.2000000000058839e-06,2,"[4, 7]","[5949, 288]"
635,48,280,1151,0.000883110757369026,9.700000000047561e-07,2,"[4, 7]","[6247, 4]"
636,48,280,1151,0.0008841007573690308,9.900000000048542e-07,1,[4],[6269]
637,48,280,1151,0.0008853907573690372,1.2900000000063251e-06,1,[4],[6230]
638,48,281,1151,0.0008852129840751823,0.0008852129840751823,2,"[4, 7]","[6286, 13]"
639,48,281,1151,0.0008866129840751891,1.4000000000068645e-06,1,[4],[6221]
640,48,281,1151,0.0008881329840751966,1.5200000000074529e-06,1,[4],[6280]
641,48,281,1152,0.0008871671262578392,0.0008871671262578392,1,[4],[6257]
642,48,281,1152,0.0008885471262578459,1.3800000000067664e-06,1,[4],[6282]
643,48,281,1152,0.0008899171262578526,1.3700000000067174e-06,1,[4],[6232]
644,48,282,1152,0.0008899917853596215,0.0008899917853596215,1,[4],[6294]
645,48,282,1152,0.000891111785359627,1.1200000000054916e-06,2,"[4, 6]","[6116, 141]"
646,48,282,1152,0.000891921785359631,8.100000000039716e-07,2,"[4, 6]","[5147, 1091]"
647,48,282,1152,0.0008925617853596341,6.400000000031381e-07,2,"[4, 6]","[4049, 2227]"
648,48,282,1152,0.0008932817853596377,7.200000000035303e-07,2,"[4, 6]","[3850, 2363]"
649,48,282,1152,0.0008946417853596443,1.3600000000066684e-06,2,"[4, 6]","[5324, 910]"
650,48,282,1153,0.0008936112092205829,0.0008936112092205829,2,"[4, 6]","[4862, 1395]"
651,48,282,1153,0.0008974312092206016,3.82000000001873e-06,3,"[4, 5, 6]","[6134, 32, 85]"
652,48,283,1152,0.0008942738206418847,0.0008942738206418847,2,"[4, 6]","[4656, 1601]"
653,48,283,1152,0.0008965138206418957,2.240000000010983e-06,3,"[4, 5, 6]","[6253, 3, 9]"
654,48,283,1153,0.000895500569843687,0.000895500569843687,2,"[4, 6]","[5896, 380]"
655,48,283,1153,0.0008967605698436932,1.260000000006178e-06,2,"[4, 5]","[6209, 33]"
656,48,283,1153,0.0008976805698436977,9.20000000004511e-07,2,"[4, 5]","[5438, 802]"
657,48,283,1153,0.0008983305698437009,6.500000000031871e-07,2,"[4, 5]","[3719, 2545]"
658,48,283,1153,0.0008989205698437038,5.900000000028929e-07,2,"[4, 5]","[3065, 3198]"
659,48,283,1153,0.0008997305698437078,8.100000000039716e-07,2,"[4, 5]","[3543, 2673]"
660,48,284,1153,0.0008989451354689254,0.0008989451354689254,2,"[4, 5]","[4538, 1736]"
661,48,284,1153,0.0009001851354689315,1.24000000000608e-06,2,"[4, 5]","[5464, 764]"
662,48,284,1153,0.000901305135468937,1.1200000000054916e-06,2,"[4, 5]","[6284, 17]"
663,48,284,1153,0.0009024151354689424,1.1100000000054426e-06,1,[4],[6223]
664,48,284,1153,0.0009040851354689506,1.6700000000081884e-06,1,[4],[6227]
665,48,284,1154,0.0009020373193019835,0.0009020373193019835,2,"[4, 5]","[5917, 333]"
666,48,284,1154,0.0009036373193019913,1.6000000000078451e-06,1,[4],[6278]
667,48,284,1154,0.0009053273193019996,1.6900000000082864e-06,1,[4],[6239]
668,48,285,1153,0.0009060782447177468,0.0009060782447177468,2,"[4, 5]","[6251, 4]"
669,48,285,1154,0.0009048203068255573,0.0009048203068255573,1,[4],[6263]
670,48,285,1154,0.000905980306825563,1.1600000000056877e-06,1,[4],[6273]
671,48,285,1154,0.0009068903068255675,9.100000000044619e-07,1,[4],[6255]
672,48,285,1154,0.000907800306825572,9.100000000044619e-07,1,[4],[6270]
673,48,285,1154,0.000908840306825577,1.0400000000050993e-06,2,"[1, 4]","[15, 6199]"
674,48,285,1154,0.0009101403068255834,1.3000000000063742e-06,2,"[1, 4]","[1228, 5024]"
675,48,285,1155,0.000909643480737375,0.000909643480737375,2,"[1, 4]","[966, 5301]"
676,48,285,1155,0.000910473480737379,8.300000000040697e-07,2,"[1, 4]","[5095, 1197]"
677,48,285,1155,0.0009110534807373819,5.800000000028439e-07,2,"[1, 4]","[5818, 431]"
678,48,285,1155,0.0009124134807373885,1.3600000000066684e-06,2,"[1, 4]","[6019, 176]"
679,48,285,1156,0.0009117798721885919,0.0009117798721885919,2,"[1, 4]","[6247, 10]"
680,48,286,1154,0.0009094020357071521,0.0009094020357071521,2,"[1, 4]","[457, 5813]"
681,48,286,1154,0.0009102820357071564,8.800000000043148e-07,2,"[1, 4]","[3588, 2655]"
682,48,286,1154,0.0009108920357071594,6.10000000002991e-07,2,"[1, 4]","[5113, 1188]"
683,48,286,1155,0.0009097357734787789,0.0009097357734787789,2,"[1, 4]","[3872, 2404]"
684,48,286,1155,0.0009100857734787806,3.500000000017161e-07,2,"[1, 4]","[5707, 697]"
685,48,286,1155,0.0009103157734787818,2.3000000000112774e-07,2,"[1, 4]","[5887, 399]"
686,48,286,1155,0.0009104957734787826,1.8000000000088258e-07,2,"[1, 4]","[5803, 275]"
687,48,286,1155,0.0009106657734787835,1.7000000000083355e-07,2,"[1, 4]","[6186, 208]"
688,48,286,1155,0.0009108257734787843,1.6000000000078451e-07,2,"[1, 4]","[6194, 176]"
689,48,286,1155,0.000910985773478785,1.6000000000078451e-07,2,"[1, 4]","[6191, 142]"
690,48,286,1155,0.0009111457734787858,1.6000000000078451e-07,2,"[1, 4]","[5791, 125]"
691,48,286,1155,0.0009113357734787868,1.900000000009316e-07,2,"[1, 4]","[6124, 114]"
692,48,286,1155,0.0009115757734787879,2.4000000000117677e-07,2,"[1, 4]","[6207, 70]"
693,48,286,1155,0.0009119757734787899,4.000000000019613e-07,2,"[1, 4]","[6170, 44]"
694,48,286,1156,0.000910371168299792,0.000910371168299792,2,"[1, 4]","[6343, 9]"
695,48,286,1156,0.0009106811682997935,3.1000000000152e-07,2,"[1, 4]","[6257, 1]"
696,48,286,1156,0.0009109111682997946,2.3000000000112774e-07,2,"[1, 4]","[6366, 1]"
697,48,286,1156,0.0009111011682997955,1.900000000009316e-07,2,"[1, 4]","[6191, 1]"
698,48,286,1156,0.0009112811682997964,1.8000000000088258e-07,1,[1],[6399]
699,48,286,1156,0.0009114511682997972,1.7000000000083355e-07,1,[1],[6057]
700,48,286,1156,0.0009116411682997982,1.900000000009316e-07,1,[1],[6364]
701,48,286,1156,0.0009118411682997992,2.0000000000098064e-07,1,[1],[6223]
702,48,286,1156,0.0009120811682998003,2.4000000000117677e-07,1,[1],[6129]
703,48,286,1156,0.0009124611682998022,3.800000000018632e-07,1,[1],[6196]
704,48,286,1157,0.0009110295215475607,0.0009110295215475607,1,[1],[6355]
705,48,286,1157,0.0009113595215475623,3.3000000000161806e-07,1,[1],[6353]
706,48,286,1157,0.0009115995215475635,2.4000000000117677e-07,1,[1],[6275]
707,48,286,1157,0.0009117995215475645,2.0000000000098064e-07,1,[1],[6187]
708,48,286,1157,0.0009119995215475655,2.0000000000098064e-07,1,[1],[6243]
709,48,286,1157,0.0009122095215475665,2.1000000000102968e-07,1,[1],[6265]
710,48,286,1157,0.0009124495215475677,2.4000000000117677e-07,1,[1],[6165]
711,48,286,1157,0.0009127795215475693,3.3000000000161806e-07,1,[1],[6172]
712,48,286,1158,0.0009114906954515593,0.0009114906954515593,1,[1],[6319]
713,48,286,1158,0.000911830695451561,3.400000000016671e-07,1,[1],[6385]
714,48,286,1158,0.0009120806954515622,2.500000000012258e-07,1,[1],[6143]
715,48,286,1158,0.0009123106954515634,2.3000000000112774e-07,1,[1],[6297]
716,48,286,1158,0.0009125406954515645,2.3000000000112774e-07,1,[1],[6247]
717,48,286,1158,0.0009128106954515658,2.7000000000132387e-07,1,[1],[6287]
718,48,286,1158,0.0009132006954515677,3.9000000000191225e-07,1,[1],[6082]
719,48,286,1159,0.000911702139990579,0.000911702139990579,1,[1],[6329]
720,48,286,1159,0.0009120621399905808,3.6000000000176516e-07,1,[1],[6385]
721,48,286,1159,0.0009123321399905821,2.7000000000132387e-07,1,[1],[6105]
722,48,286,1159,0.0009126121399905835,2.800000000013729e-07,1,[1],[6311]
723,48,286,1159,0.0009129421399905851,3.3000000000161806e-07,1,[1],[6270]
724,48,286,1159,0.000913532139990588,5.900000000028929e-07,1,[1],[6153]
725,48,286,1160,0.0009117760236946373,0.0009117760236946373,1,[1],[6315]
726,48,286,1160,0.0009121660236946392,3.9000000000191225e-07,1,[1],[6191]
727,48,286,1160,0.0009125060236946409,3.400000000016671e-07,1,[1],[6331]
728,48,286,1160,0.0009128860236946427,3.800000000018632e-07,1,[1],[6232]
729,48,286,1160,0.0009137160236946468,8.300000000040697e-07,1,[1],[6201]
730,48,286,1161,0.0009118697504525998,0.0009118697504525998,1,[1],[6355]
731,48,286,1161,0.000912309750452602,4.400000000021574e-07,1,[1],[6186]
732,48,286,1161,0.0009127497504526042,4.400000000021574e-07,1,[1],[6320]
733,48,286,1161,0.0009136397504526085,8.900000000043639e-07,1,[1],[6149]
734,48,286,1162,0.0009120048348273331,0.0009120048348273331,1,[1],[6349]
735,48,286,1162,0.0009125448348273358,5.400000000026477e-07,1,[1],[6186]
736,48,286,1162,0.0009135248348273406,9.800000000048052e-07,1,[1],[6223]
737,48,286,1163,0.0009121683431972541,0.0009121683431972541,1,[1],[6253]
738,48,286,1163,0.0009129783431972581,8.100000000039716e-07,1,[1],[6257]
739,48,286,1164,0.0009124565241112044,0.0009124565241112044,1,[1],[6307]
740,48,286,1165,0.0009127886878797433,0.0009127886878797433,1,[1],[6259]
741,48,286,1166,0.0009130074981016932,0.0009130074981016932,1,[1],[6281]
742,48,287,1156,0.0009116968836137575,0.0009116968836137575,1,[1],[6263]
743,48,287,1157,0.0009117205097466861,0.0009117205097466861,1,[1],[6255]
744,48,287,1157,0.0009124305097466896,7.100000000034813e-07,1,[1],[6272]
745,48,287,1158,0.0009119004612127914,0.0009119004612127914,1,[1],[6296]
746,48,287,1158,0.0009124104612127939,5.100000000025006e-07,1,[1],[6312]
747,48,287,1158,0.0009129704612127966,5.600000000027458e-07,1,[1],[6142]
748,48,287,1159,0.0009118889670055981,0.0009118889670055981,1,[1],[6261]
749,48,287,1159,0.0009123289670056003,4.400000000021574e-07,1,[1],[6305]
750,48,287,1159,0.0009127389670056023,4.100000000020103e-07,1,[1],[6273]
751,48,287,1159,0.0009134089670056056,6.700000000032852e-07,1,[1],[6222]
752,48,287,1160,0.0009117979917270478,0.0009117979917270478,1,[1],[6270]
753,48,287,1160,0.0009121979917270498,4.000000000019613e-07,1,[1],[6255]
754,48,287,1160,0.0009125479917270515,3.500000000017161e-07,1,[1],[6275]
755,48,287,1160,0.0009129779917270536,4.300000000021084e-07,1,[1],[6274]
756,48,287,1161,0.000911690930386349,0.000911690930386349,1,[1],[6335]
757,48,287,1161,0.0009120609303863508,3.700000000018142e-07,1,[1],[6289]
758,48,287,1161,0.0009123609303863522,3.0000000000147097e-07,1,[1],[6264]
759,48,287,1161,0.0009126709303863538,3.1000000000152e-07,1,[1],[6253]
760,48,287,1161,0.0009130709303863557,4.000000000019613e-07,1,[1],[6176]
761,48,287,1162,0.0009116140134101364,0.0009116140134101364,1,[1],[6318]
762,48,287,1162,0.0009119640134101382,3.500000000017161e-07,1,[1],[6231]
763,48,287,1162,0.0009122440134101395,2.800000000013729e-07,1,[1],[6374]
764,48,287,1162,0.0009125040134101408,2.6000000000127484e-07,1,[1],[6083]
765,48,287,1162,0.0009128040134101423,3.0000000000147097e-07,1,[1],[6297]
766,48,287,1162,0.0009132940134101447,4.900000000024026e-07,1,[1],[6222]
767,48,287,1163,0.0009115931322362127,0.0009115931322362127,1,[1],[6287]
768,48,287,1163,0.0009119331322362144,3.400000000016671e-07,1,[1],[6406]
769,48,287,1163,0.0009121931322362156,2.6000000000127484e-07,1,[1],[6203]
770,48,287,1163,0.0009124431322362169,2.500000000012258e-07,1,[1],[6319]
771,48,287,1163,0.0009127131322362182,2.7000000000132387e-07,1,[1],[6208]
772,48,287,1163,0.0009130631322362199,3.500000000017161e-07,1,[1],[6080]
773,48,287,1164,0.0009116579184101774,0.0009116579184101774,1,[1],[6345]
774,48,287,1164,0.0009119979184101791,3.400000000016671e-07,1,[1],[6245]
775,48,287,1164,0.0009122679184101804,2.7000000000132387e-07,1,[1],[6377]
776,48,287,1164,0.0009125279184101817,2.6000000000127484e-07,1,[1],[6260]
777,48,287,1164,0.000912807918410183,2.800000000013729e-07,1,[1],[6120]
778,48,287,1164,0.000913207918410185,4.000000000019613e-07,1,[1],[6241]
779,48,287,1165,0.0009116622397896643,0.0009116622397896643,1,[1],[6385]
780,48,287,1165,0.000912002239789666,3.400000000016671e-07,1,[1],[6175]
781,48,287,1165,0.0009122722397896673,2.7000000000132387e-07,1,[1],[6192]
782,48,287,1165,0.0009125422397896686,2.7000000000132387e-07,1,[1],[6276]
783,48,287,1165,0.0009128422397896701,3.0000000000147097e-07,1,[1],[6315]
784,48,287,1165,0.0009132822397896722,4.400000000021574e-07,1,[1],[6157]
785,48,287,1166,0.0009116054917012753,0.0009116054917012753,1,[1],[6340]
786,48,287,1166,0.000911945491701277,3.400000000016671e-07,1,[1],[6369]
787,48,287,1166,0.0009122054917012782,2.6000000000127484e-07,1,[1],[6236]
788,48,287,1166,0.0009124454917012794,2.4000000000117677e-07,1,[1],[6076]
789,48,287,1166,0.0009127154917012807,2.7000000000132387e-07,1,[1],[6411]
790,48,287,1166,0.0009130454917012824,3.3000000000161806e-07,1,[1],[6096]
791,48,287,1167,0.0009115394744859817,0.0009115394744859817,1,[1],[6345]
792,48,287,1167,0.0009118794744859834,3.400000000016671e-07,1,[1],[6203]
793,48,287,1167,0.0009121494744859847,2.7000000000132387e-07,1,[1],[6439]
794,48,287,1167,0.0009123794744859858,2.3000000000112774e-07,1,[1],[6014]
795,48,287,1167,0.0009126494744859871,2.7000000000132387e-07,1,[1],[6396]
796,48,287,1167,0.0009129894744859888,3.400000000016671e-07,1,[1],[6151]
797,48,287,1168,0.0009114122824315065,0.0009114122824315065,1,[1],[6266]
798,48,287,1168,0.0009117722824315082,3.6000000000176516e-07,1,[1],[6409]
799,48,287,1168,0.0009120422824315096,2.7000000000132387e-07,1,[1],[6205]
800,48,287,1168,0.0009123022824315108,2.6000000000127484e-07,1,[1],[6256]
801,48,287,1168,0.0009125922824315123,2.9000000000142193e-07,1,[1],[6194]
802,48,287,1168,0.0009129922824315142,4.000000000019613e-07,1,[1],[6199]
803,48,287,1169,0.0009113458471206287,0.0009113458471206287,1,[1],[6367]
804,48,287,1169,0.0009116958471206304,3.500000000017161e-07,1,[1],[6139]
805,48,287,1169,0.0009119858471206318,2.9000000000142193e-07,1,[1],[6410]
806,48,287,1169,0.0009122658471206332,2.800000000013729e-07,1,[1],[6242]
807,48,287,1169,0.0009126058471206349,3.400000000016671e-07,1,[1],[6185]
808,48,287,1169,0.0009132658471206381,6.600000000032361e-07,1,[1],[6167]
809,48,287,1170,0.0009112557461285191,0.0009112557461285191,1,[1],[6302]
810,48,287,1170,0.000911625746128521,3.700000000018142e-07,1,[1],[6364]
811,48,287,1170,0.0009119157461285224,2.9000000000142193e-07,1,[1],[6172]
812,48,287,1170,0.0009122157461285238,3.0000000000147097e-07,1,[1],[6349]
813,48,287,1170,0.0009125857461285257,3.700000000018142e-07,1,[1],[6155]
814,48,287,1171,0.0009111535149197062,0.0009111535149197062,1,[1],[6289]
815,48,287,1171,0.0009115335149197081,3.800000000018632e-07,1,[1],[6299]
816,48,287,1171,0.0009118335149197095,3.0000000000147097e-07,1,[1],[6260]
817,48,287,1171,0.0009121435149197111,3.1000000000152e-07,1,[1],[6281]
818,48,287,1171,0.000912543514919713,4.000000000019613e-07,1,[1],[6203]
819,48,287,1172,0.0009110739894550853,0.0009110739894550853,1,[1],[6370]
820,48,287,1172,0.0009114539894550872,3.800000000018632e-07,1,[1],[6152]
821,48,287,1172,0.0009117739894550888,3.2000000000156903e-07,1,[1],[6320]
822,48,287,1172,0.0009121239894550905,3.500000000017161e-07,1,[1],[6265]
823,48,287,1172,0.000912633989455093,5.100000000025006e-07,1,[1],[6201]
824,48,287,1173,0.0009109685254231199,0.0009109685254231199,1,[1],[6281]
825,48,287,1173,0.0009113585254231218,3.9000000000191225e-07,1,[1],[6311]
826,48,287,1173,0.0009116885254231234,3.3000000000161806e-07,1,[1],[6281]
827,48,287,1173,0.0009120485254231252,3.6000000000176516e-07,1,[1],[6179]
828,48,287,1173,0.0009127185254231285,6.700000000032852e-07,1,[1],[6199]
829,48,287,1174,0.000910889687530962,0.000910889687530962,1,[1],[6264]
830,48,287,1174,0.000911309687530964,4.2000000000205935e-07,1,[1],[6384]
831,48,287,1174,0.0009116796875309658,3.700000000018142e-07,1,[1],[6239]
832,48,287,1174,0.0009121496875309681,4.700000000023045e-07,1,[1],[6144]
833,48,287,1175,0.0009107944805149449,0.0009107944805149449,1,[1],[6263]
834,48,287,1175,0.0009112444805149471,4.5000000000220645e-07,1,[1],[6335]
835,48,287,1175,0.0009116844805149493,4.400000000021574e-07,1,[1],[6237]
836,48,287,1175,0.0009125744805149537,8.900000000043639e-07,1,[1],[6186]
837,48,287,1176,0.0009107100518557088,0.0009107100518557088,1,[1],[6294]
838,48,287,1176,0.0009112100518557112,5.000000000024516e-07,1,[1],[6312]
839,48,287,1176,0.000911770051855714,5.600000000027458e-07,1,[1],[6202]
840,48,287,1177,0.000910642024859942,0.000910642024859942,1,[1],[6371]
841,48,287,1177,0.0009111820248599447,5.400000000026477e-07,1,[1],[6229]
842,48,287,1177,0.0009119520248599485,7.700000000037755e-07,1,[1],[6185]
843,48,287,1178,0.000910639530909987,0.000910639530909987,1,[1],[6342]
844,48,287,1178,0.0009112895309099901,6.500000000031871e-07,1,[1],[6172]
845,48,287,1179,0.0009106508695287109,0.0009106508695287109,1,[1],[6281]
846,48,287,1179,0.0009116408695287158,9.900000000048542e-07,1,[1],[6249]
847,48,287,1180,0.00091066536871273,0.00091066536871273,1,[1],[6313]
848,48,287,1181,0.000910734635820159,0.000910734635820159,1,[1],[6301]
849,48,287,1182,0.0009108351695227411,0.0009108351695227411,1,[1],[6252]
850,48,287,1183,0.0009110197033496395,0.0009110197033496395,1,[1],[6263]
851,48,288,1169,0.0009127258730568065,0.0009127258730568065,1,[1],[6256]
852,48,288,1170,0.000912312511210863,0.000912312511210863,1,[1],[6266]
853,48,288,1171,0.0009120297431206143,0.0009120297431206143,1,[1],[6296]
854,48,288,1172,0.0009117544609101087,0.0009117544609101087,1,[1],[6312]
855,48,288,1173,0.0009114800453474554,0.0009114800453474554,1,[1],[6325]
856,48,288,1173,0.0009124600453474602,9.800000000048052e-07,1,[1],[6187]
857,48,288,1174,0.0009112312953221966,0.0009112312953221966,1,[1],[6271]
858,48,288,1174,0.0009119412953222001,7.100000000034813e-07,1,[1],[6274]
859,48,288,1175,0.0009109468398977712,0.0009109468398977712,1,[1],[6274]
860,48,288,1175,0.000911526839897774,5.800000000028439e-07,1,[1],[6291]
861,48,288,1175,0.0009126168398977794,1.0900000000053445e-06,1,[1],[6191]
862,48,288,1176,0.0009106874588075486,0.0009106874588075486,1,[1],[6308]
863,48,288,1176,0.000911177458807551,4.900000000024026e-07,1,[1],[6257]
864,48,288,1176,0.0009117074588075536,5.300000000025987e-07,1,[1],[6279]
865,48,288,1177,0.0009104576952142643,0.0009104576952142643,1,[1],[6304]
866,48,288,1177,0.0009108976952142665,4.400000000021574e-07,1,[1],[6340]
867,48,288,1177,0.0009112876952142684,3.9000000000191225e-07,1,[1],[6128]
868,48,288,1177,0.0009118776952142713,5.900000000028929e-07,1,[1],[6237]
869,48,288,1178,0.0009102923443504116,0.0009102923443504116,1,[1],[6296]
870,48,288,1178,0.0009107023443504136,4.100000000020103e-07,1,[1],[6214]
871,48,288,1178,0.0009110723443504154,3.700000000018142e-07,1,[1],[6355]
872,48,288,1178,0.0009115223443504177,4.5000000000220645e-07,1,[1],[6200]
873,48,288,1179,0.000910182364538522,0.000910182364538522,1,[1],[6254]
874,48,288,1179,0.000910592364538524,4.100000000020103e-07,1,[1],[6318]
875,48,288,1179,0.0009109623645385259,3.700000000018142e-07,1,[1],[6316]
876,48,288,1179,0.000911402364538528,4.400000000021574e-07,1,[1],[6162]
877,48,288,1180,0.0009100437928995538,0.0009100437928995538,1,[1],[6258]
878,48,288,1180,0.0009104437928995557,4.000000000019613e-07,1,[1],[6338]
879,48,288,1180,0.0009107837928995574,3.400000000016671e-07,1,[1],[6187]
880,48,288,1180,0.0009111737928995593,3.9000000000191225e-07,1,[1],[6271]
881,48,288,1180,0.000912333792899565,1.1600000000056877e-06,1,[1],[6200]
882,48,288,1181,0.0009099447579126356,0.0009099447579126356,1,[1],[6324]
883,48,288,1181,0.0009103447579126376,4.000000000019613e-07,1,[1],[6352]
884,48,288,1181,0.0009106847579126393,3.400000000016671e-07,1,[1],[6203]
885,48,288,1181,0.0009110647579126411,3.800000000018632e-07,1,[1],[6158]
886,48,288,1181,0.0009120147579126458,9.500000000046581e-07,1,[1],[6227]
887,48,288,1182,0.0009098343242028817,0.0009098343242028817,1,[1],[6288]
888,48,288,1182,0.0009102343242028836,4.000000000019613e-07,1,[1],[6396]
889,48,288,1182,0.0009105643242028852,3.3000000000161806e-07,1,[1],[6246]
890,48,288,1182,0.000910924324202887,3.6000000000176516e-07,1,[1],[6075]
891,48,288,1182,0.0009116243242028904,7.000000000034323e-07,1,[1],[6265]
892,48,288,1183,0.0009097412970207606,0.0009097412970207606,1,[1],[6315]
893,48,288,1183,0.0009101312970207625,3.9000000000191225e-07,1,[1],[6249]
894,48,288,1183,0.0009104612970207641,3.3000000000161806e-07,1,[1],[6344]
895,48,288,1183,0.0009108012970207658,3.400000000016671e-07,1,[1],[6134]
896,48,288,1183,0.0009113812970207686,5.800000000028439e-07,1,[1],[6273]
897,48,288,1184,0.0009096697908407776,0.0009096697908407776,1,[1],[6341]
898,48,288,1184,0.0009100497908407795,3.800000000018632e-07,1,[1],[6316]
899,48,288,1184,0.0009103697908407811,3.2000000000156903e-07,1,[1],[6233]
900,48,288,1184,0.0009107197908407828,3.500000000017161e-07,1,[1],[6198]
901,48,288,1184,0.0009112997908407856,5.800000000028439e-07,1,[1],[6238]
902,48,288,1185,0.0009096281123219536,0.0009096281123219536,1,[1],[6370]
903,48,288,1185,0.0009100081123219555,3.800000000018632e-07,1,[1],[6291]
904,48,288,1185,0.000910318112321957,3.1000000000152e-07,1,[1],[6297]
905,48,288,1185,0.0009106481123219586,3.3000000000161806e-07,1,[1],[6129]
906,48,288,1185,0.0009111681123219612,5.200000000025497e-07,1,[1],[6206]
907,48,288,1186,0.0009096067230708388,0.0009096067230708388,2,"[1, 2]","[6231, 25]"
908,48,288,1186,0.0009099867230708406,3.800000000018632e-07,2,"[1, 2]","[6301, 15]"
909,48,288,1186,0.0009102967230708421,3.1000000000152e-07,2,"[1, 2]","[6249, 21]"
910,48,288,1186,0.0009106367230708438,3.400000000016671e-07,2,"[1, 2]","[6311, 16]"
911,48,288,1186,0.0009111167230708462,4.800000000023535e-07,2,"[1, 2]","[6064, 19]"
912,48,288,1187,0.0009095301481974471,0.0009095301481974471,2,"[1, 2]","[5273, 1003]"
913,48,288,1187,0.0009098901481974489,3.6000000000176516e-07,2,"[1, 2]","[5353, 897]"
914,48,288,1187,0.0009101701481974503,2.800000000013729e-07,2,"[1, 2]","[5403, 838]"
915,48,288,1187,0.0009104501481974516,2.800000000013729e-07,2,"[1, 2]","[5400, 848]"
916,48,288,1187,0.0009107801481974533,3.3000000000161806e-07,2,"[1, 2]","[5546, 777]"
917,48,288,1187,0.0009114001481974563,6.2000000000304e-07,2,"[1, 2]","[5424, 747]"
918,48,288,1188,0.0009098810156612301,0.0009098810156612301,2,"[1, 2]","[5242, 1037]"
919,48,288,1188,0.0009104410156612328,5.600000000027458e-07,2,"[1, 2]","[5367, 879]"
920,48,288,1188,0.0009113910156612375,9.500000000046581e-07,2,"[1, 2]","[5352, 893]"
