,event,pixel_x,pixel_y,reset_time,TSLR,nMCParticles,MC_TrackIDs,MC_Weights
0,42,21,1044,0.0006468095689079091,0.0006468095689079091,3,"[714, 742, 745]","[6190, 64, 3]"
1,42,21,1045,0.0006463268555153809,0.0006463268555153809,3,"[714, 742, 745]","[6183, 66, 4]"
2,42,29,1046,0.0006779346241072809,0.0006779346241072809,1,[713],[6287]
3,42,29,1046,0.000678784624107285,8.500000000041677e-07,1,[713],[6213]
4,42,29,1047,0.0006787682303659752,0.0006787682303659752,1,[713],[6269]
5,42,44,1068,0.0015209982886023317,0.0015209982886023317,2,"[1816, 1817]","[5602, 675]"
6,42,44,1068,0.0015222682886023241,1.2699999999924577e-06,2,"[1816, 1817]","[4573, 1675]"
7,42,44,1068,0.0015246182886023102,2.349999999986044e-06,2,"[1816, 1817]","[835, 5414]"
8,42,44,1068,0.0015262082886023007,1.5899999999905573e-06,1,[1817],[6230]
9,42,44,1069,0.001521857752520641,0.001521857752520641,2,"[1816, 1817]","[4403, 1863]"
10,42,44,1069,0.0015244577525206256,2.599999999984559e-06,2,"[1816, 1817]","[759, 5478]"
11,42,44,1069,0.0015254877525206195,1.029999999993883e-06,1,[1817],[6296]
12,42,44,1069,0.0015263477525206143,8.599999999948926e-07,1,[1817],[6212]
13,42,45,1068,0.001520630090119954,0.001520630090119954,2,"[1816, 1817]","[4841, 1409]"
14,42,45,1068,0.0015214400901199493,8.099999999951896e-07,2,"[1816, 1817]","[4446, 1838]"
15,42,45,1068,0.001522490090119943,1.0499999999937643e-06,2,"[1816, 1817]","[3211, 3028]"
16,42,45,1068,0.0015244700901199313,1.979999999988241e-06,2,"[1816, 1817]","[545, 5687]"
17,42,45,1068,0.0015269000901199168,2.4299999999855687e-06,2,"[1816, 1817]","[1, 6249]"
18,42,45,1069,0.0015207010798970438,0.0015207010798970438,2,"[1816, 1817]","[4024, 2284]"
19,42,45,1069,0.001521661079897038,9.599999999942987e-07,2,"[1816, 1817]","[3285, 2934]"
20,42,45,1069,0.0015236010798970266,1.9399999999884787e-06,2,"[1816, 1817]","[1464, 4783]"
21,42,45,1069,0.001525371079897016,1.7699999999894883e-06,2,"[1816, 1817]","[7, 6228]"
22,42,45,1069,0.001527751079897002,2.3799999999858656e-06,1,[1817],[6241]
23,42,62,1045,0.0007094162556883057,0.0007094162556883057,1,[146],[6269]
24,42,62,1046,0.0007091233900440837,0.0007091233900440837,1,[146],[6269]
25,42,63,1046,0.0007094163152373598,0.0007094163152373598,1,[146],[6260]
26,42,63,1046,0.0007100263152373628,6.10000000002991e-07,1,[146],[6308]
27,42,63,1046,0.0007107563152373664,7.300000000035793e-07,1,[146],[6236]
28,42,64,1034,0.000684352468933578,0.000684352468933578,1,[682],[6258]
29,42,64,1034,0.0006848324689335804,4.800000000023535e-07,1,[682],[6266]
30,42,64,1034,0.0006852324689335823,4.000000000019613e-07,1,[682],[6263]
31,42,64,1034,0.0006857124689335847,4.800000000023535e-07,1,[682],[6332]
32,42,64,1046,0.0007105476897184915,0.0007105476897184915,1,[146],[6277]
33,42,64,1046,0.0007111476897184944,6.000000000029419e-07,1,[146],[6282]
34,42,64,1046,0.0007119676897184984,8.200000000040206e-07,1,[146],[6232]
35,42,65,1046,0.00071161324885991,0.00071161324885991,1,[146],[6318]
36,42,65,1046,0.0007125232488599145,9.100000000044619e-07,2,"[146, 762]","[6200, 2]"
37,42,65,1047,0.0007123109576423859,0.0007123109576423859,2,"[146, 762]","[6260, 4]"
38,42,66,1046,0.0007122402810652575,0.0007122402810652575,3,"[145, 146, 802]","[77, 6219, 11]"
39,42,66,1047,0.000712133094871077,0.000712133094871077,4,"[145, 146, 802, 804]","[17, 6270, 8, 1]"
40,42,67,1046,0.0007108071815998085,0.0007108071815998085,5,"[145, 146, 802, 804, 805]","[6167, 34, 44, 4, 1]"
41,42,67,1046,0.000711317181599811,5.100000000025006e-07,4,"[145, 146, 802, 804]","[5919, 235, 218, 6]"
42,42,67,1046,0.0007117971815998133,4.800000000023535e-07,5,"[145, 146, 802, 804, 805]","[4644, 799, 770, 3, 1]"
43,42,67,1046,0.0007122871815998157,4.900000000024026e-07,5,"[145, 146, 802, 804, 805]","[3178, 1686, 1322, 2, 1]"
44,42,67,1046,0.0007128271815998184,5.400000000026477e-07,3,"[145, 146, 802]","[2420, 2326, 1484]"
45,42,67,1047,0.0007119268939210505,0.0007119268939210505,4,"[145, 146, 802, 804]","[3084, 2647, 527, 1]"
46,42,67,1047,0.0007125168939210533,5.900000000028929e-07,3,"[145, 146, 802]","[954, 4674, 674]"
47,42,67,1047,0.0007131568939210565,6.400000000031381e-07,3,"[145, 146, 802]","[986, 4765, 514]"
48,42,68,1046,0.0007108799229966886,0.0007108799229966886,5,"[145, 146, 802, 804, 805]","[6269, 5, 38, 8, 1]"
49,42,68,1046,0.0007114399229966914,5.600000000027458e-07,5,"[145, 146, 802, 804, 805]","[5911, 27, 274, 7, 5]"
50,42,68,1046,0.0007120699229966944,6.30000000003089e-07,5,"[145, 146, 802, 804, 805]","[4921, 359, 1004, 2, 1]"
51,42,68,1046,0.0007126799229966974,6.10000000002991e-07,3,"[145, 146, 802]","[3759, 1225, 1218]"
52,42,68,1046,0.0007132299229967001,5.500000000026968e-07,3,"[145, 146, 802]","[4035, 1505, 698]"
53,42,68,1046,0.000714009922996704,7.800000000038245e-07,3,"[145, 146, 802]","[4752, 1297, 207]"
54,42,68,1047,0.0007122696212376596,0.0007122696212376596,5,"[145, 146, 802, 804, 805]","[3572, 1944, 751, 2, 1]"
55,42,68,1047,0.0007127996212376622,5.300000000025987e-07,3,"[145, 146, 802]","[2191, 3640, 442]"
56,42,68,1047,0.000713169621237664,3.700000000018142e-07,3,"[145, 146, 802]","[2597, 3525, 167]"
57,42,68,1047,0.0007135296212376658,3.6000000000176516e-07,3,"[145, 146, 802]","[3116, 3059, 69]"
58,42,68,1047,0.0007140296212376682,5.000000000024516e-07,3,"[145, 146, 802]","[3578, 2633, 33]"
59,42,69,1047,0.0007131509082231849,0.0007131509082231849,3,"[145, 146, 802]","[2769, 3573, 2]"
60,42,69,1047,0.0007135609082231869,4.100000000020103e-07,2,"[145, 146]","[3195, 3125]"
61,42,69,1047,0.0007139409082231888,3.800000000018632e-07,2,"[145, 146]","[3254, 2849]"
62,42,69,1047,0.0007146409082231922,7.000000000034323e-07,2,"[145, 146]","[3563, 2704]"
63,42,72,966,0.0008120141827808469,0.0008120141827808469,1,[816],[6253]
64,42,73,966,0.0008119675079228044,0.0008119675079228044,1,[816],[6285]
65,42,112,1071,0.0007525072613908996,0.0007525072613908996,1,[839],[6256]
66,42,113,1071,0.0007512097302855486,0.0007512097302855486,1,[839],[6342]
67,42,113,1071,0.000751909730285552,7.000000000034323e-07,1,[839],[6212]
68,42,113,1072,0.0007516550201139157,0.0007516550201139157,1,[839],[6259]
69,42,120,1071,0.0007561970989341453,0.0007561970989341453,1,[808],[6261]
70,42,120,1071,0.0007576170989341522,1.4200000000069626e-06,1,[808],[6255]
71,42,120,1072,0.0007560685418210079,0.0007560685418210079,1,[808],[6251]
72,42,120,1072,0.000756708541821011,6.400000000031381e-07,1,[808],[6280]
73,42,120,1072,0.0007574385418210146,7.300000000035793e-07,1,[808],[6304]
74,42,121,1071,0.0007551107689271002,0.0007551107689271002,1,[808],[6302]
75,42,121,1071,0.0007555807689271025,4.700000000023045e-07,1,[808],[6307]
76,42,121,1071,0.0007559707689271044,3.9000000000191225e-07,1,[808],[6171]
77,42,121,1071,0.0007564307689271067,4.600000000022555e-07,1,[808],[6290]
78,42,121,1072,0.0007563374100248942,0.0007563374100248942,1,[808],[6260]
79,42,122,1070,0.0007551912138816499,0.0007551912138816499,1,[808],[6308]
80,42,122,1070,0.0007558412138816531,6.500000000031871e-07,1,[808],[6205]
81,42,122,1071,0.0007552182658096842,0.0007552182658096842,1,[808],[6254]
82,42,122,1071,0.0007561282658096886,9.100000000044619e-07,1,[808],[6250]
83,42,123,1070,0.0007553597285993331,0.0007553597285993331,1,[808],[6335]
84,42,123,1070,0.0007558797285993357,5.200000000025497e-07,1,[808],[6224]
85,42,123,1070,0.0007565697285993391,6.900000000033832e-07,1,[808],[6248]
86,42,124,1070,0.0007563793605255643,0.0007563793605255643,1,[808],[6310]
87,42,124,1070,0.0007570093605255674,6.30000000003089e-07,1,[808],[6227]
88,42,124,1070,0.000757939360525572,9.3000000000456e-07,1,[808],[6222]
89,42,125,1070,0.0007572290473341108,0.0007572290473341108,3,"[808, 856, 857]","[6263, 21, 1]"
90,42,125,1070,0.000757879047334114,6.500000000031871e-07,3,"[808, 856, 857]","[6263, 34, 3]"
91,42,145,1080,0.0007704382504271332,0.0007704382504271332,1,[899],[6277]
92,42,146,1080,0.0007706925921492165,0.0007706925921492165,1,[899],[6283]
93,42,158,1081,0.0007600533068854347,0.0007600533068854347,1,[898],[6297]
94,42,158,1082,0.0007597165614877109,0.0007597165614877109,1,[898],[6289]
95,42,158,1082,0.0007602765614877137,5.600000000027458e-07,1,[898],[6293]
96,42,158,1082,0.0007613265614877188,1.0500000000051484e-06,1,[898],[6180]
97,42,161,1084,0.0007441793333889508,0.0007441793333889508,2,"[928, 929]","[70, 6196]"
98,42,161,1085,0.0007438448886230895,0.0007438448886230895,2,"[928, 929]","[329, 5932]"
99,42,161,1085,0.0007448348886230944,9.900000000048542e-07,2,"[928, 929]","[1086, 5153]"
100,42,162,1085,0.0007441301228471594,0.0007441301228471594,2,"[928, 929]","[1538, 4803]"
101,42,162,1085,0.0007450501228471639,9.20000000004511e-07,2,"[928, 929]","[2374, 3790]"
102,42,174,1081,0.000785700785229399,0.000785700785229399,1,[862],[6251]
103,42,179,1092,0.0007786436894177908,0.0007786436894177908,3,"[860, 888, 889]","[6267, 9, 4]"
104,42,187,1154,0.0007626958916952833,0.0007626958916952833,1,[44],[6271]
105,42,187,1155,0.0007615667822473391,0.0007615667822473391,1,[44],[6293]
106,42,187,1155,0.0007625967822473442,1.0300000000050503e-06,1,[44],[6215]
107,42,188,1154,0.0007620386600329295,0.0007620386600329295,1,[44],[6250]
108,42,188,1155,0.0007607775685162103,0.0007607775685162103,1,[44],[6329]
109,42,188,1155,0.000761327568516213,5.500000000026968e-07,1,[44],[6266]
110,42,188,1155,0.0007620475685162165,7.200000000035303e-07,1,[44],[6170]
111,42,190,1142,0.001094102195347782,0.001094102195347782,2,"[1210, 1238]","[6212, 58]"
112,42,190,1142,0.001094772195347778,6.69999999996021e-07,1,[1210],[6292]
113,42,190,1142,0.0010952621953477751,4.8999999999709e-07,1,[1210],[6205]
114,42,190,1142,0.0010958421953477717,5.799999999965555e-07,1,[1210],[6246]
115,42,191,1141,0.0010935213903924962,0.0010935213903924962,2,"[1210, 1238]","[5938, 316]"
116,42,191,1142,0.00109000798468671,0.00109000798468671,2,"[1210, 1238]","[4492, 1761]"
117,42,191,1142,0.0010909479846867045,9.399999999944175e-07,2,"[1210, 1238]","[4685, 1597]"
118,42,191,1142,0.0010919379846866986,9.899999999941206e-07,2,"[1210, 1238]","[5845, 417]"
119,42,191,1142,0.0010930879846866917,1.1499999999931704e-06,2,"[1210, 1238]","[6193, 24]"
120,42,191,1142,0.0010942779846866847,1.1899999999929328e-06,1,[1210],[6254]
121,42,191,1142,0.0010952679846866788,9.899999999941206e-07,1,[1210],[6267]
122,42,191,1143,0.001094068862716553,0.001094068862716553,3,"[1210, 1238, 1865]","[5121, 1130, 3]"
123,42,192,1142,0.0010886195342141285,0.0010886195342141285,3,"[1210, 1238, 1865]","[5933, 131, 187]"
124,42,192,1142,0.0010897995342141215,1.1799999999929922e-06,2,"[1210, 1238]","[4832, 1419]"
125,42,192,1142,0.001091069534214114,1.2699999999924577e-06,2,"[1210, 1238]","[4015, 2247]"
126,42,192,1143,0.0010874292538120842,0.0010874292538120842,2,"[1210, 1865]","[4853, 1425]"
127,42,192,1143,0.0010887792538120762,1.3499999999919826e-06,2,"[1210, 1238]","[6178, 60]"
128,42,193,1142,0.0010885356646752864,0.0010885356646752864,3,"[1210, 1238, 1865]","[5134, 3, 1119]"
129,42,193,1143,0.0010848345410123482,0.0010848345410123482,2,"[1210, 1865]","[2340, 3913]"
130,42,193,1143,0.0010855745410123438,7.399999999956053e-07,2,"[1210, 1865]","[3354, 2921]"
131,42,193,1143,0.0010863045410123395,7.299999999956647e-07,2,"[1210, 1865]","[4989, 1272]"
132,42,193,1143,0.001087234541012334,9.299999999944769e-07,2,"[1210, 1865]","[5979, 235]"
133,42,194,1143,0.001083663982852533,0.001083663982852533,2,"[1210, 1865]","[6180, 79]"
134,42,194,1143,0.0010847039828525268,1.0399999999938236e-06,2,"[1210, 1865]","[5758, 484]"
135,42,194,1143,0.0010857639828525205,1.0599999999937049e-06,2,"[1210, 1865]","[5622, 645]"
136,42,194,1144,0.0010841208138825406,0.0010841208138825406,2,"[1210, 1865]","[6237, 30]"
137,42,195,1143,0.00108273293135187,0.00108273293135187,1,[1210],[6251]
138,42,195,1144,0.001080992730082055,0.001080992730082055,1,[1210],[6303]
139,42,195,1144,0.0010820227300820488,1.029999999993883e-06,1,[1210],[6224]
140,42,196,1095,0.0007667208737483599,0.0007667208737483599,2,"[958, 959]","[6251, 2]"
141,42,196,1144,0.0010794438773096948,0.0010794438773096948,2,"[45, 1210]","[33, 6219]"
142,42,196,1144,0.0010802938773096897,8.49999999994952e-07,1,[1210],[6315]
143,42,196,1144,0.0010814838773096826,1.1899999999929328e-06,1,[1210],[6190]
144,42,196,1145,0.0010816021421363189,0.0010816021421363189,2,"[45, 1210]","[6, 6243]"
145,42,197,1095,0.0007656068101015181,0.0007656068101015181,2,"[958, 959]","[6303, 4]"
146,42,197,1095,0.0007664168101015221,8.100000000039716e-07,2,"[958, 959]","[6191, 2]"
147,42,197,1144,0.0010783810540494695,0.0010783810540494695,3,"[45, 46, 1210]","[528, 22, 5702]"
148,42,197,1144,0.0010799410540494603,1.5599999999907355e-06,1,[1210],[6253]
149,42,197,1145,0.0010778324414148289,0.0010778324414148289,3,"[45, 46, 1210]","[113, 2, 6150]"
150,42,197,1145,0.0010790824414148214,1.2499999999925765e-06,1,[1210],[6256]
151,42,198,1145,0.0010760732235791076,0.0010760732235791076,3,"[45, 46, 1210]","[25, 12, 6256]"
152,42,198,1145,0.0010769132235791026,8.399999999950114e-07,1,[1210],[6218]
153,42,198,1145,0.001078013223579096,1.0999999999934673e-06,1,[1210],[6261]
154,42,199,1145,0.001074865726962834,0.001074865726962834,1,[1210],[6312]
155,42,199,1145,0.0010758657269628281,9.999999999940612e-07,1,[1210],[6235]
156,42,199,1146,0.0010748920362271077,0.0010748920362271077,1,[1210],[6255]
157,42,200,1145,0.0010745683908165602,0.0010745683908165602,1,[1210],[6261]
158,42,200,1146,0.0010728188055071676,0.0010728188055071676,1,[1210],[6265]
159,42,200,1146,0.001073768805507162,9.499999999943581e-07,1,[1210],[6271]
160,42,201,1146,0.0010712663125280243,0.0010712663125280243,1,[1210],[6304]
161,42,201,1146,0.0010721963125280187,9.299999999944769e-07,1,[1210],[6220]
162,42,201,1146,0.0010738863125280087,1.6899999999899634e-06,1,[1210],[6233]
163,42,202,1146,0.0010719565451517887,0.0010719565451517887,1,[1210],[6255]
164,42,203,1080,0.0007962713092509363,0.0007962713092509363,1,[103],[6285]
165,42,210,1128,0.0008547221553642317,0.0008547221553642317,2,"[988, 989]","[6272, 2]"
166,42,214,1146,0.001040217423202518,0.001040217423202518,4,"[1091, 1110, 1174, 1179]","[6250, 5, 1, 10]"
167,42,214,1146,0.0010416974232025091,1.4799999999912106e-06,2,"[1091, 1179]","[6248, 1]"
168,42,214,1146,0.0010428374232025024,1.1399999999932298e-06,1,[1091],[6248]
169,42,214,1146,0.0010438674232024962,1.029999999993883e-06,1,[1091],[6247]
170,42,214,1146,0.0010450374232024893,1.1699999999930516e-06,1,[1091],[6246]
171,42,214,1146,0.001047627423202474,2.5899999999846185e-06,1,[1091],[6244]
172,42,214,1147,0.0010362761835560118,0.0010362761835560118,4,"[1091, 1110, 1174, 1175]","[5224, 1045, 26, 2]"
173,42,214,1147,0.0010374761835560047,1.1999999999928734e-06,2,"[1091, 1110]","[6232, 8]"
174,42,214,1147,0.0010385161835559985,1.0399999999938236e-06,1,[1091],[6266]
175,42,214,1147,0.0010396761835559916,1.159999999993111e-06,2,"[1091, 1179]","[6224, 2]"
176,42,214,1147,0.0010413761835559815,1.699999999989904e-06,2,"[1091, 1179]","[6249, 1]"
177,42,214,1148,0.001035199816891597,0.001035199816891597,4,"[1091, 1110, 1174, 1175]","[4094, 2124, 34, 1]"
178,42,214,1148,0.001038399816891578,3.199999999980996e-06,3,"[1091, 1110, 1174]","[5902, 342, 12]"
179,42,215,1145,0.0010468542360023265,0.0010468542360023265,2,"[1091, 1115]","[6261, 1]"
180,42,215,1145,0.0010478542360023205,9.999999999940612e-07,1,[1091],[6242]
181,42,215,1146,0.0010449132520463642,0.0010449132520463642,3,"[1091, 1110, 1174]","[6239, 16, 1]"
182,42,215,1146,0.001046473252046355,1.5599999999907355e-06,1,[1091],[6290]
183,42,215,1147,0.0010352949457494058,0.0010352949457494058,3,"[1091, 1110, 1174]","[3821, 2408, 25]"
184,42,215,1147,0.0010380849457493893,2.7899999999834307e-06,4,"[1091, 1110, 1174, 1175]","[5959, 289, 5, 2]"
185,42,215,1148,0.0010331039712617963,0.0010331039712617963,2,"[1091, 1110]","[6081, 211]"
186,42,215,1148,0.0010338739712617917,7.699999999954271e-07,4,"[1091, 1110, 1174, 1175]","[4999, 1212, 7, 1]"
187,42,215,1148,0.0010345439712617878,6.69999999996021e-07,4,"[1091, 1110, 1174, 1175]","[4187, 2065, 16, 1]"
188,42,215,1148,0.0010354839712617822,9.399999999944175e-07,4,"[1091, 1110, 1174, 1175]","[4073, 2124, 21, 2]"
189,42,215,1149,0.0010339785875400555,0.0010339785875400555,2,"[1091, 1110]","[6194, 64]"
190,42,216,1145,0.0010470521040776986,0.0010470521040776986,2,"[1091, 1115]","[6007, 328]"
191,42,216,1145,0.001047652104077695,5.999999999964367e-07,2,"[1091, 1115]","[5914, 333]"
192,42,216,1145,0.0010482721040776914,6.199999999963179e-07,2,"[1091, 1115]","[5969, 274]"
193,42,216,1146,0.0010477055053833937,0.0010477055053833937,2,"[1091, 1115]","[5743, 511]"
194,42,216,1148,0.0010331130324284113,0.0010331130324284113,2,"[1091, 1110]","[6252, 11]"
195,42,216,1149,0.0010308636572654547,0.0010308636572654547,1,[1091],[6275]
196,42,216,1149,0.0010317236572654495,8.599999999948926e-07,1,[1091],[6246]
197,42,216,1149,0.001033173657265441,1.4499999999913887e-06,1,[1091],[6234]
198,42,217,1145,0.0010462649113119613,0.0010462649113119613,2,"[1091, 1115]","[5955, 322]"
199,42,217,1145,0.0010467449113119585,4.799999999971494e-07,2,"[1091, 1115]","[5466, 762]"
200,42,217,1145,0.001047144911311956,3.999999999976245e-07,2,"[1091, 1115]","[5215, 1057]"
201,42,217,1145,0.0010475649113119536,4.199999999975057e-07,2,"[1091, 1115]","[4925, 1342]"
202,42,217,1145,0.0010481349113119502,5.699999999966149e-07,2,"[1091, 1115]","[4739, 1496]"
203,42,217,1146,0.0010460948875257437,0.0010460948875257437,2,"[1091, 1115]","[6123, 168]"
204,42,217,1146,0.0010465848875257408,4.8999999999709e-07,2,"[1091, 1115]","[5817, 396]"
205,42,217,1146,0.0010470148875257382,4.299999999974463e-07,2,"[1091, 1115]","[5574, 713]"
206,42,217,1146,0.0010475248875257352,5.099999999969712e-07,2,"[1091, 1115]","[5091, 1156]"
207,42,217,1149,0.001029774693799527,0.001029774693799527,2,"[1091, 1200]","[6240, 45]"
208,42,217,1149,0.0010309146937995202,1.1399999999932298e-06,1,[1091],[6269]
209,42,217,1150,0.001029274287118675,0.001029274287118675,2,"[1091, 1200]","[6269, 19]"
210,42,217,1150,0.0010305142871186676,1.2399999999926359e-06,1,[1091],[6237]
211,42,218,1149,0.0010305879727917828,0.0010305879727917828,2,"[1091, 1200]","[5361, 894]"
212,42,218,1150,0.0010274111601552857,0.0010274111601552857,2,"[1091, 1200]","[5650, 637]"
213,42,218,1150,0.001028191160155281,7.799999999953677e-07,2,"[1091, 1200]","[6206, 10]"
214,42,218,1150,0.001029041160155276,8.49999999994952e-07,1,[1091],[6300]
215,42,219,1150,0.0010263928723949372,0.0010263928723949372,4,"[1091, 1197, 1198, 1200]","[6098, 4, 1, 197]"
216,42,219,1150,0.0010273328723949316,9.399999999944175e-07,4,"[1091, 1197, 1198, 1200]","[6163, 1, 1, 67]"
217,42,219,1151,0.0010262279623237524,0.0010262279623237524,4,"[1091, 1197, 1198, 1200]","[6251, 1, 2, 3]"
218,42,220,1112,0.0008179880119437236,0.0008179880119437236,1,[9],[6337]
219,42,220,1112,0.0008184080119437257,4.2000000000205935e-07,1,[9],[6214]
220,42,220,1112,0.0008188380119437278,4.300000000021084e-07,1,[9],[6282]
221,42,220,1112,0.0008197780119437324,9.40000000004609e-07,1,[9],[6181]
222,42,220,1113,0.0008183320793071525,0.0008183320793071525,1,[9],[6350]
223,42,220,1113,0.0008189020793071553,5.700000000027948e-07,1,[9],[6249]
224,42,220,1113,0.0008198020793071597,9.000000000044129e-07,1,[9],[6168]
225,42,220,1151,0.0010245860958147336,0.0010245860958147336,1,[1091],[6284]
226,42,220,1151,0.001025366095814729,7.799999999953677e-07,3,"[1091, 1197, 1198]","[6271, 1, 1]"
227,42,220,1151,0.0010268160958147204,1.4499999999913887e-06,3,"[1091, 1197, 1198]","[6200, 4, 1]"
228,42,221,1113,0.0008187424045652313,0.0008187424045652313,1,[9],[6286]
229,42,221,1113,0.0008193524045652343,6.10000000002991e-07,1,[9],[6283]
230,42,221,1113,0.0008202624045652387,9.100000000044619e-07,1,[9],[6190]
231,42,221,1114,0.000819531975008705,0.000819531975008705,1,[9],[6281]
232,42,221,1114,0.0008206719750087106,1.1400000000055897e-06,1,[9],[6231]
233,42,221,1151,0.0010238634095543974,0.0010238634095543974,1,[1091],[6271]
234,42,221,1151,0.0010249734095543908,1.109999999993408e-06,2,"[1091, 1198]","[6259, 1]"
235,42,221,1152,0.0010234510654568792,0.0010234510654568792,1,[1091],[6267]
236,42,221,1152,0.0010251110654568693,1.6599999999901416e-06,1,[1091],[6234]
237,42,222,1114,0.000819520588536025,0.000819520588536025,1,[9],[6318]
238,42,222,1114,0.0008200605885360277,5.400000000026477e-07,1,[9],[6237]
239,42,222,1114,0.0008209705885360322,9.100000000044619e-07,1,[9],[6215]
240,42,222,1152,0.0010220459639681146,0.0010220459639681146,1,[1091],[6265]
241,42,222,1152,0.0010227959639681102,7.499999999955459e-07,1,[1091],[6249]
242,42,222,1152,0.0010239559639681033,1.159999999993111e-06,1,[1091],[6243]
243,42,223,1114,0.0008196460552865767,0.0008196460552865767,1,[9],[6321]
244,42,223,1114,0.000820536055286581,8.900000000043639e-07,1,[9],[6179]
245,42,223,1115,0.0008197155765732043,0.0008197155765732043,1,[9],[6274]
246,42,223,1152,0.0010215761862342433,0.0010215761862342433,2,"[1037, 1091]","[6, 6290]"
247,42,223,1153,0.0010207898813064272,0.0010207898813064272,1,[1091],[6258]
248,42,223,1153,0.0010218598813064208,1.0699999999936455e-06,1,[1091],[6276]
249,42,224,1114,0.0008201342787058258,0.0008201342787058258,1,[9],[6275]
250,42,224,1115,0.0008190859756356527,0.0008190859756356527,1,[9],[6341]
251,42,224,1115,0.0008196859756356556,6.000000000029419e-07,1,[9],[6174]
252,42,224,1153,0.0010193746348320036,0.0010193746348320036,1,[1091],[6308]
253,42,224,1153,0.0010202346348319985,8.599999999948926e-07,1,[1091],[6238]
254,42,224,1153,0.0010216246348319902,1.389999999991745e-06,1,[1091],[6221]
255,42,225,1115,0.000818971239649695,0.000818971239649695,1,[9],[6304]
256,42,225,1115,0.0008196012396496981,6.30000000003089e-07,1,[9],[6247]
257,42,225,1153,0.0010177769789444324,0.0010177769789444324,2,"[1091, 1153]","[6249, 17]"
258,42,225,1153,0.0010187569789444266,9.7999999999418e-07,1,[1091],[6280]
259,42,225,1154,0.001019061423142557,0.001019061423142557,1,[1091],[6256]
260,42,226,1115,0.0008190717752855163,0.0008190717752855163,1,[9],[6318]
261,42,226,1115,0.0008197517752855197,6.800000000033342e-07,1,[9],[6199]
262,42,226,1153,0.0010161848090420628,0.0010161848090420628,2,"[1091, 1153]","[6276, 28]"
263,42,226,1153,0.0010172548090420564,1.0699999999936455e-06,1,[1091],[6249]
264,42,226,1154,0.0010167446837464353,0.0010167446837464353,2,"[1091, 1154]","[6258, 1]"
265,42,227,1115,0.0008191713299647323,0.0008191713299647323,1,[9],[6288]
266,42,227,1115,0.0008198213299647355,6.500000000031871e-07,1,[9],[6260]
267,42,227,1153,0.00101466187009306,0.00101466187009306,3,"[1091, 1151, 1154]","[6261, 11, 4]"
268,42,227,1153,0.0010160318700930518,1.3699999999918638e-06,1,[1091],[6226]
269,42,227,1154,0.0010146419720930507,0.0010146419720930507,3,"[1091, 1151, 1154]","[6132, 18, 105]"
270,42,227,1154,0.001016791972093038,2.1499999999872316e-06,1,[1091],[6245]
271,42,228,1115,0.0008193893854415245,0.0008193893854415245,2,"[9, 140]","[6325, 1]"
272,42,228,1115,0.0008199293854415272,5.400000000026477e-07,2,"[9, 140]","[6223, 1]"
273,42,228,1115,0.0008207593854415312,8.300000000040697e-07,2,"[9, 140]","[6212, 1]"
274,42,228,1153,0.0010132400392522066,0.0010132400392522066,4,"[1091, 1151, 1154, 1206]","[6239, 18, 9, 1]"
275,42,228,1154,0.0010126708681626648,0.0010126708681626648,4,"[1091, 1151, 1154, 1206]","[5676, 28, 567, 1]"
276,42,228,1154,0.0010139408681626573,1.2699999999924577e-06,1,[1091],[6259]
277,42,229,1115,0.0008200404436918725,0.0008200404436918725,3,"[9, 140, 141]","[6274, 5, 1]"
278,42,229,1115,0.0008211904436918781,1.1500000000056387e-06,4,"[9, 140, 141, 911]","[6208, 15, 1, 2]"
279,42,229,1116,0.0008203145718455343,0.0008203145718455343,3,"[9, 140, 141]","[6257, 13, 3]"
280,42,229,1153,0.0010119039918806267,0.0010119039918806267,5,"[1091, 1151, 1154, 1206, 1207]","[6263, 1, 1, 18, 1]"
281,42,229,1154,0.0010108974149679163,0.0010108974149679163,5,"[1091, 1151, 1154, 1206, 1207]","[6216, 1, 43, 29, 1]"
282,42,229,1154,0.00101194741496791,1.0499999999937643e-06,3,"[1091, 1206, 1207]","[6232, 7, 1]"
283,42,230,1116,0.0008205179625886374,0.0008205179625886374,5,"[9, 140, 911, 912, 978]","[6134, 3, 43, 1, 71]"
284,42,230,1116,0.0008210879625886402,5.700000000027948e-07,6,"[9, 140, 141, 911, 912, 978]","[6205, 5, 1, 69, 1, 30]"
285,42,230,1116,0.0008217679625886435,6.800000000033342e-07,5,"[9, 140, 911, 912, 978]","[6129, 2, 77, 2, 14]"
286,42,230,1153,0.0010114588549460886,0.0010114588549460886,3,"[1091, 1206, 1207]","[6226, 23, 2]"
287,42,230,1154,0.0010087367555890393,0.0010087367555890393,2,"[1091, 1206]","[6309, 1]"
288,42,230,1154,0.001009646755589034,9.099999999945957e-07,2,"[1091, 1206]","[6263, 1]"
289,42,230,1154,0.0010107667555890273,1.1199999999933485e-06,3,"[1091, 1206, 1207]","[6183, 17, 3]"
290,42,231,1115,0.0008200569911672524,0.0008200569911672524,5,"[9, 911, 978, 1029, 1030]","[32, 1, 6244, 15, 1]"
291,42,231,1115,0.0008206269911672552,5.700000000027948e-07,3,"[9, 911, 978]","[78, 3, 6204]"
292,42,231,1115,0.0008212669911672584,6.400000000031381e-07,3,"[9, 911, 978]","[150, 1, 6095]"
293,42,231,1116,0.0008211880924004375,0.0008211880924004375,5,"[9, 911, 912, 978, 981]","[4991, 33, 1, 1240, 1]"
294,42,231,1116,0.000821898092400441,7.100000000034813e-07,4,"[9, 911, 978, 981]","[5955, 26, 311, 3]"
295,42,231,1117,0.000822111230796594,0.000822111230796594,2,"[9, 911]","[6252, 14]"
296,42,231,1154,0.0010067224327743036,0.0010067224327743036,1,[1091],[6312]
297,42,231,1154,0.0010075724327742986,8.49999999994952e-07,1,[1091],[6245]
298,42,231,1154,0.0010084324327742935,8.599999999948926e-07,1,[1091],[6196]
299,42,232,1117,0.0008223857760468806,0.0008223857760468806,1,[9],[6328]
300,42,232,1117,0.000823075776046884,6.900000000033832e-07,2,"[9, 1044]","[6185, 3]"
301,42,232,1154,0.0010049497426640709,0.0010049497426640709,3,"[1091, 1876, 1975]","[6287, 2, 2]"
302,42,232,1154,0.0010058897426640653,9.399999999944175e-07,1,[1091],[6234]
303,42,232,1154,0.0010070897426640581,1.1999999999928734e-06,1,[1091],[6259]
304,42,232,1155,0.0010055375886200279,0.0010055375886200279,2,"[1091, 1876]","[6262, 6]"
305,42,233,1117,0.0008233338230048553,0.0008233338230048553,2,"[9, 1044]","[6082, 174]"
306,42,233,1117,0.0008240538230048589,7.200000000035303e-07,3,"[9, 1044, 1045]","[5600, 653, 1]"
307,42,233,1118,0.0008245774418367737,0.0008245774418367737,3,"[9, 1044, 1058]","[6255, 4, 12]"
308,42,233,1152,0.001005408691157085,0.001005408691157085,2,"[1975, 1976]","[6260, 4]"
309,42,233,1154,0.0010033140495141334,0.0010033140495141334,2,"[1091, 1876]","[5769, 483]"
310,42,233,1154,0.001004734049514125,1.419999999991567e-06,3,"[1091, 1876, 1975]","[6206, 47, 2]"
311,42,233,1155,0.0010027351954217277,0.0010027351954217277,2,"[1091, 1876]","[5794, 480]"
312,42,233,1155,0.001003865195421721,1.1299999999932892e-06,2,"[1091, 1876]","[6025, 218]"
313,42,234,1117,0.0008253287410719406,0.0008253287410719406,4,"[9, 91, 1028, 1044]","[5636, 29, 1, 612]"
314,42,234,1118,0.000824597462889385,0.000824597462889385,4,"[9, 91, 1044, 1058]","[6154, 113, 4, 3]"
315,42,234,1118,0.0008252774628893883,6.800000000033342e-07,3,"[9, 91, 1028]","[5845, 457, 2]"
316,42,234,1118,0.0008261874628893928,9.100000000044619e-07,3,"[9, 91, 1028]","[5122, 1030, 29]"
317,42,234,1154,0.0010022171978399544,0.0010022171978399544,2,"[1091, 1876]","[5353, 908]"
318,42,234,1155,0.0010007953178302429,0.0010007953178302429,3,"[1091, 1876, 1969]","[6223, 42, 14]"
319,42,234,1155,0.0010017153178302374,9.199999999945363e-07,2,"[1091, 1876]","[5763, 461]"
320,42,234,1155,0.0010026653178302318,9.499999999943581e-07,2,"[1091, 1876]","[5007, 1279]"
321,42,234,1157,0.0009919101502310816,0.0009919101502310816,1,[1969],[6324]
322,42,234,1157,0.000992530150231078,6.199999999963179e-07,1,[1969],[6267]
323,42,234,1157,0.0009933901502310728,8.599999999948926e-07,1,[1969],[6168]
324,42,235,1118,0.0008253813437030213,0.0008253813437030213,3,"[9, 91, 1028]","[4736, 1408, 113]"
325,42,235,1118,0.0008259513437030241,5.700000000027948e-07,3,"[9, 91, 1028]","[4824, 1337, 204]"
326,42,235,1118,0.0008265713437030271,6.2000000000304e-07,3,"[9, 91, 1028]","[4975, 974, 241]"
327,42,235,1119,0.000826663599168788,0.000826663599168788,3,"[9, 91, 1028]","[5144, 1108, 8]"
328,42,235,1155,0.0009987844536543918,0.0009987844536543918,3,"[1091, 1897, 1969]","[6196, 24, 42]"
329,42,235,1155,0.0009997244536543862,9.399999999944175e-07,2,"[1091, 1897]","[6295, 5]"
330,42,235,1155,0.0010009644536543788,1.2399999999926359e-06,3,"[1091, 1876, 1897]","[6202, 4, 1]"
331,42,235,1156,0.0009924993570271138,0.0009924993570271138,1,[1969],[6260]
332,42,235,1157,0.0009914360453967632,0.0009914360453967632,1,[1969],[6312]
333,42,235,1157,0.000992146045396759,7.099999999957834e-07,1,[1969],[6206]
334,42,236,1118,0.0008278114448066698,0.0008278114448066698,3,"[9, 91, 1028]","[6041, 70, 141]"
335,42,236,1119,0.0008270943018170234,0.0008270943018170234,2,"[9, 91]","[6250, 22]"
336,42,236,1119,0.000827834301817027,7.400000000036284e-07,1,[9],[6312]
337,42,236,1119,0.0008293043018170343,1.4700000000072077e-06,2,"[9, 89]","[6168, 6]"
338,42,236,1155,0.0009968388420272128,0.0009968388420272128,3,"[1091, 1897, 1969]","[6291, 3, 17]"
339,42,236,1155,0.0009977388420272075,8.999999999946551e-07,2,"[1091, 1897]","[6203, 11]"
340,42,236,1155,0.0009988588420272008,1.1199999999933485e-06,2,"[1091, 1897]","[6211, 29]"
341,42,237,1119,0.0008282534347296033,0.0008282534347296033,2,"[9, 89]","[6235, 51]"
342,42,237,1119,0.0008290334347296071,7.800000000038245e-07,2,"[9, 89]","[5948, 320]"
343,42,237,1120,0.0008291865679669648,0.0008291865679669648,2,"[9, 89]","[5336, 930]"
344,42,237,1120,0.0008308265679669728,1.6400000000080413e-06,2,"[9, 89]","[4210, 2027]"
345,42,237,1155,0.0009949067477896861,0.0009949067477896861,1,[1091],[6304]
346,42,237,1155,0.0009958067477896808,8.999999999946551e-07,1,[1091],[6223]
347,42,237,1155,0.0009969267477896741,1.1199999999933485e-06,1,[1091],[6256]
348,42,238,1119,0.0008305266721181223,0.0008305266721181223,2,"[9, 89]","[4385, 1870]"
349,42,238,1120,0.0008295219218301762,0.0008295219218301762,2,"[9, 89]","[4507, 1748]"
350,42,238,1120,0.0008301619218301793,6.400000000031381e-07,3,"[9, 88, 89]","[5032, 1, 1235]"
351,42,238,1120,0.0008309319218301831,7.700000000037755e-07,3,"[9, 88, 89]","[5673, 3, 588]"
352,42,238,1155,0.0009929507696321538,0.0009929507696321538,3,"[1091, 1871, 1872]","[6249, 11, 2]"
353,42,238,1155,0.0009938807696321483,9.299999999944769e-07,1,[1091],[6305]
354,42,238,1155,0.0009950207696321415,1.1399999999932298e-06,1,[1091],[6204]
355,42,239,1120,0.0008310625218977806,0.0008310625218977806,4,"[9, 88, 89, 984]","[5980, 244, 26, 22]"
356,42,239,1120,0.0008322425218977863,1.1800000000057858e-06,2,"[9, 88]","[5113, 1132]"
357,42,239,1121,0.0008314501288862326,0.0008314501288862326,3,"[9, 88, 89]","[5358, 904, 3]"
358,42,239,1121,0.0008322601288862366,8.100000000039716e-07,2,"[9, 88]","[4810, 1426]"
359,42,239,1155,0.0009909840814709883,0.0009909840814709883,2,"[1091, 1871]","[6283, 6]"
360,42,239,1155,0.000991864081470983,8.799999999947739e-07,3,"[1091, 1871, 1872]","[6235, 23, 2]"
361,42,239,1155,0.0009929040814709768,1.0399999999938236e-06,3,"[1091, 1871, 1872]","[6182, 22, 3]"
362,42,240,1121,0.0008320945721700842,0.0008320945721700842,2,"[9, 88]","[5531, 741]"
363,42,240,1121,0.0008327945721700877,7.000000000034323e-07,2,"[9, 88]","[5960, 298]"
364,42,240,1122,0.0008334931395347088,0.0008334931395347088,2,"[9, 88]","[6264, 15]"
365,42,240,1155,0.0009891141650196409,0.0009891141650196409,1,[1091],[6284]
366,42,240,1155,0.0009899941650196357,8.799999999947739e-07,1,[1091],[6261]
367,42,240,1155,0.0009911341650196289,1.1399999999932298e-06,1,[1091],[6246]
368,42,240,1156,0.0009903015248917673,0.0009903015248917673,1,[1091],[6264]
369,42,241,1122,0.0008333761642096147,0.0008333761642096147,2,"[9, 87]","[6310, 7]"
370,42,241,1122,0.0008340361642096179,6.600000000032361e-07,2,"[9, 87]","[6163, 46]"
371,42,241,1122,0.0008356961642096261,1.6600000000081393e-06,2,"[9, 87]","[6020, 204]"
372,42,241,1155,0.0009873659567087396,0.0009873659567087396,1,[1091],[6293]
373,42,241,1155,0.0009883359567087338,9.699999999942394e-07,1,[1091],[6267]
374,42,241,1155,0.0009899259567087244,1.5899999999905573e-06,1,[1091],[6204]
375,42,241,1156,0.0009879202523885382,0.0009879202523885382,1,[1091],[6265]
376,42,242,1122,0.0008346568590365117,0.0008346568590365117,2,"[9, 87]","[5305, 968]"
377,42,242,1123,0.0008343722191792969,0.0008343722191792969,2,"[9, 87]","[3917, 2374]"
378,42,242,1123,0.0008348922191792994,5.200000000025497e-07,2,"[9, 87]","[4214, 2022]"
379,42,242,1123,0.0008354622191793022,5.700000000027948e-07,2,"[9, 87]","[4902, 1397]"
380,42,242,1155,0.0009856647410909124,0.0009856647410909124,1,[1091],[6268]
381,42,242,1155,0.0009868247410909055,1.159999999993111e-06,1,[1091],[6275]
382,42,242,1156,0.0009856946323159373,0.0009856946323159373,1,[1091],[6273]
383,42,242,1156,0.000987264632315928,1.569999999990676e-06,1,[1091],[6238]
384,42,243,1123,0.0008355143331605024,0.0008355143331605024,3,"[9, 86, 87]","[5816, 3, 488]"
385,42,243,1123,0.0008364343331605069,9.20000000004511e-07,3,"[9, 86, 87]","[6166, 15, 37]"
386,42,243,1124,0.0008361520042932936,0.0008361520042932936,3,"[9, 86, 87]","[6118, 115, 17]"
387,42,243,1124,0.0008371820042932987,1.0300000000050503e-06,2,"[9, 86]","[5929, 321]"
388,42,243,1155,0.0009840434020901095,0.0009840434020901095,1,[1091],[6264]
389,42,243,1155,0.0009857634020900992,1.7199999999897853e-06,1,[1091],[6236]
390,42,243,1156,0.0009835742069220794,0.0009835742069220794,1,[1091],[6265]
391,42,243,1156,0.0009847042069220727,1.1299999999932892e-06,1,[1091],[6275]
392,42,244,1123,0.0008391289584570007,0.0008391289584570007,5,"[9, 86, 987, 1010, 1011]","[2350, 691, 3135, 116, 2]"
393,42,244,1123,0.0008397689584570038,6.400000000031381e-07,4,"[987, 1010, 1011, 1014]","[6095, 192, 2, 3]"
394,42,244,1123,0.000840408958457007,6.400000000031381e-07,3,"[987, 1010, 1014]","[6018, 164, 1]"
395,42,244,1124,0.0008362708600750914,0.0008362708600750914,2,"[9, 86]","[3323, 3048]"
396,42,244,1124,0.0008367208600750936,4.5000000000220645e-07,3,"[9, 86, 987]","[3409, 2744, 4]"
397,42,244,1124,0.0008371408600750957,4.2000000000205935e-07,3,"[9, 86, 987]","[3760, 2531, 35]"
398,42,244,1124,0.0008376508600750982,5.100000000025006e-07,3,"[9, 86, 987]","[4155, 1870, 147]"
399,42,244,1124,0.0008386608600751031,1.0100000000049522e-06,3,"[9, 86, 987]","[3734, 739, 1777]"
400,42,244,1124,0.0008401708600751105,1.5100000000074039e-06,7,"[9, 86, 987, 1010, 1011, 1014, 1015]","[431, 17, 5797, 8, 1, 4, 2]"
401,42,244,1125,0.0008376107904089293,0.0008376107904089293,3,"[9, 86, 987]","[4194, 1860, 241]"
402,42,244,1125,0.0008388407904089353,1.230000000006031e-06,3,"[9, 86, 987]","[4016, 173, 2020]"
403,42,244,1155,0.0009825507528918984,0.0009825507528918984,2,"[1091, 1926]","[6189, 63]"
404,42,244,1156,0.0009815427055052072,0.0009815427055052072,3,"[1091, 1926, 1927]","[6076, 216, 1]"
405,42,244,1156,0.0009824927055052015,9.499999999943581e-07,2,"[1091, 1926]","[6206, 1]"
406,42,244,1156,0.0009838927055051932,1.3999999999916857e-06,1,[1091],[6261]
407,42,245,1123,0.0008394265510514282,0.0008394265510514282,7,"[9, 86, 987, 1010, 1011, 1014, 1018]","[63, 157, 5942, 137, 1, 2, 47]"
408,42,245,1123,0.0008399565510514308,5.300000000025987e-07,4,"[987, 1010, 1014, 1015]","[6153, 133, 2, 2]"
409,42,245,1123,0.0008406165510514341,6.600000000032361e-07,4,"[987, 1010, 1011, 1014]","[6021, 114, 1, 3]"
410,42,245,1124,0.0008377725538393637,0.0008377725538393637,4,"[9, 86, 987, 1018]","[2589, 2269, 1366, 30]"
411,42,245,1124,0.0008385625538393675,7.900000000038735e-07,5,"[9, 86, 987, 1010, 1018]","[1925, 106, 4257, 1, 10]"
412,42,245,1124,0.0008392225538393708,6.600000000032361e-07,6,"[9, 86, 987, 1010, 1014, 1018]","[795, 3, 5440, 2, 3, 1]"
413,42,245,1124,0.0008399425538393743,7.200000000035303e-07,6,"[9, 86, 987, 1010, 1014, 1015]","[235, 2, 5958, 2, 6, 2]"
414,42,245,1125,0.0008377175051458501,0.0008377175051458501,4,"[9, 86, 987, 1018]","[3521, 377, 2405, 1]"
415,42,245,1125,0.0008381375051458522,4.2000000000205935e-07,3,"[9, 86, 987]","[3311, 16, 3013]"
416,42,245,1125,0.0008384675051458538,3.3000000000161806e-07,3,"[9, 86, 987]","[3141, 1, 3016]"
417,42,245,1125,0.0008388075051458555,3.400000000016671e-07,3,"[9, 86, 987]","[3306, 1, 3075]"
418,42,245,1125,0.0008392075051458575,4.000000000019613e-07,2,"[9, 987]","[3354, 2754]"
419,42,245,1125,0.0008401675051458622,9.60000000004707e-07,2,"[9, 987]","[3825, 2389]"
420,42,245,1155,0.0009812637505612286,0.0009812637505612286,3,"[1091, 1926, 1927]","[5944, 326, 1]"
421,42,245,1156,0.0009796596686421554,0.0009796596686421554,3,"[1091, 1926, 1927]","[5872, 395, 3]"
422,42,245,1156,0.0009804796686421506,8.199999999951302e-07,3,"[1091, 1926, 1927]","[5734, 513, 1]"
423,42,245,1156,0.0009814496686421448,9.699999999942394e-07,3,"[1091, 1926, 1927]","[5981, 264, 2]"
424,42,246,1125,0.0008383288158084184,0.0008383288158084184,3,"[9, 987, 1018]","[960, 5297, 1]"
425,42,246,1125,0.000838858815808421,5.300000000025987e-07,2,"[9, 987]","[1542, 4818]"
426,42,246,1125,0.0008393088158084232,4.5000000000220645e-07,3,"[9, 85, 987]","[1998, 1, 4236]"
427,42,246,1125,0.0008398388158084258,5.300000000025987e-07,3,"[9, 85, 987]","[2455, 2, 3697]"
428,42,246,1126,0.0008393582377839756,0.0008393582377839756,3,"[9, 85, 987]","[3801, 34, 2491]"
429,42,246,1126,0.0008398782377839781,5.200000000025497e-07,3,"[9, 85, 987]","[4032, 163, 2011]"
430,42,246,1126,0.0008403182377839803,4.400000000021574e-07,3,"[9, 85, 987]","[3952, 394, 1987]"
431,42,246,1126,0.0008408082377839827,4.900000000024026e-07,3,"[9, 85, 987]","[3755, 670, 1735]"
432,42,246,1126,0.0008435882377839963,2.780000000013631e-06,3,"[9, 85, 987]","[3403, 1302, 1520]"
433,42,246,1148,0.000786908982395252,0.000786908982395252,1,[59],[6314]
434,42,246,1156,0.0009779885713128164,0.0009779885713128164,1,[1091],[6298]
435,42,246,1156,0.0009788585713128113,8.699999999948332e-07,2,"[1091, 1926]","[6243, 9]"
436,42,246,1156,0.0009800385713128043,1.1799999999929922e-06,2,"[1091, 1926]","[6160, 65]"
437,42,247,1125,0.0008405215861531914,0.0008405215861531914,3,"[9, 85, 987]","[498, 31, 5721]"
438,42,247,1126,0.000839898591600521,0.000839898591600521,3,"[9, 85, 987]","[1438, 264, 4550]"
439,42,247,1126,0.0008403885916005234,4.900000000024026e-07,3,"[9, 85, 987]","[2113, 554, 3688]"
440,42,247,1126,0.0008407885916005254,4.000000000019613e-07,3,"[9, 85, 987]","[2386, 724, 3103]"
441,42,247,1126,0.0008412185916005275,4.300000000021084e-07,3,"[9, 85, 987]","[2895, 672, 2643]"
442,42,247,1126,0.000841928591600531,7.100000000034813e-07,3,"[9, 85, 987]","[3442, 621, 2182]"
443,42,247,1127,0.0008410026501992915,0.0008410026501992915,3,"[9, 85, 987]","[3205, 596, 2505]"
444,42,247,1127,0.0008417326501992951,7.300000000035793e-07,3,"[9, 85, 987]","[4616, 289, 1317]"
445,42,247,1127,0.0008429826501993012,1.250000000006129e-06,3,"[9, 85, 987]","[5709, 74, 441]"
446,42,247,1148,0.0007872522386353336,0.0007872522386353336,1,[59],[6276]
447,42,247,1156,0.0009763249667655749,0.0009763249667655749,2,"[1091, 1905]","[6315, 10]"
448,42,247,1156,0.0009771549667655726,8.299999999976729e-07,1,[1091],[6186]
449,42,247,1156,0.0009782449667655661,1.0899999999935267e-06,1,[1091],[6247]
450,42,248,1127,0.0008420682715270932,0.0008420682715270932,3,"[9, 85, 987]","[5999, 15, 262]"
451,42,248,1127,0.0008426682715270961,6.000000000029419e-07,3,"[9, 85, 987]","[6235, 1, 14]"
452,42,248,1127,0.0008433282715270994,6.600000000032361e-07,2,"[9, 987]","[6243, 2]"
453,42,248,1128,0.0008432661666303106,0.0008432661666303106,2,"[9, 987]","[6260, 1]"
454,42,248,1156,0.0009745843345269407,0.0009745843345269407,4,"[1091, 1905, 1920, 1921]","[5778, 485, 18, 1]"
455,42,248,1156,0.0009753843345269446,8.000000000039226e-07,4,"[1091, 1905, 1920, 1921]","[5970, 239, 11, 3]"
456,42,248,1156,0.0009763343345269493,9.500000000046581e-07,3,"[1091, 1905, 1920]","[6226, 55, 3]"
457,42,249,1127,0.0008450510880678249,0.0008450510880678249,1,[9],[6255]
458,42,249,1128,0.0008434968918085868,0.0008434968918085868,2,"[9, 1069]","[6248, 2]"
459,42,249,1128,0.0008440868918085897,5.900000000028929e-07,2,"[9, 1069]","[6330, 2]"
460,42,249,1128,0.0008447668918085931,6.800000000033342e-07,2,"[9, 1069]","[6183, 7]"
461,42,249,1156,0.000973032087252973,0.000973032087252973,2,"[1091, 1905]","[6255, 21]"
462,42,249,1156,0.0009738220872529769,7.900000000038735e-07,4,"[1091, 1905, 1920, 1921]","[6062, 158, 7, 1]"
463,42,249,1156,0.0009747320872529814,9.100000000044619e-07,4,"[1091, 1905, 1920, 1921]","[5871, 412, 17, 2]"
464,42,250,1128,0.0008449508078625775,0.0008449508078625775,2,"[9, 1069]","[6293, 5]"
465,42,250,1129,0.0008449989107886423,0.0008449989107886423,2,"[9, 1069]","[6288, 1]"
466,42,250,1129,0.0008456489107886455,6.500000000031871e-07,2,"[9, 1069]","[6232, 1]"
467,42,250,1129,0.0008466089107886502,9.60000000004707e-07,1,[9],[6231]
468,42,250,1156,0.0009713942763840179,0.0009713942763840179,3,"[1091, 1099, 1934]","[6074, 1, 235]"
469,42,250,1156,0.0009722042763840218,8.100000000039716e-07,2,"[1091, 1934]","[6223, 10]"
470,42,250,1156,0.0009732142763840268,1.0100000000049522e-06,3,"[1091, 1905, 1934]","[6209, 2, 1]"
471,42,251,1129,0.0008459764381746092,0.0008459764381746092,1,[9],[6261]
472,42,251,1129,0.0008467864381746132,8.100000000039716e-07,1,[9],[6265]
473,42,251,1130,0.0008466239304246013,0.0008466239304246013,1,[9],[6255]
474,42,251,1130,0.0008475639304246059,9.40000000004609e-07,1,[9],[6270]
475,42,251,1156,0.0009695099776326756,0.0009695099776326756,3,"[1091, 1099, 1934]","[4473, 1384, 426]"
476,42,251,1156,0.0009701799776326789,6.700000000032852e-07,3,"[1091, 1099, 1934]","[4990, 494, 800]"
477,42,251,1156,0.000970819977632682,6.400000000031381e-07,3,"[1091, 1099, 1934]","[5306, 146, 789]"
478,42,251,1156,0.0009719499776326875,1.1300000000055406e-06,3,"[1091, 1099, 1934]","[5785, 18, 402]"
479,42,252,1130,0.0008471981143678383,0.0008471981143678383,1,[9],[6320]
480,42,252,1130,0.0008478281143678414,6.30000000003089e-07,1,[9],[6180]
481,42,252,1130,0.0008486881143678456,8.600000000042168e-07,1,[9],[6262]
482,42,252,1131,0.0008485654928005321,0.0008485654928005321,1,[9],[6251]
483,42,252,1156,0.0009682696529907416,0.0009682696529907416,3,"[1091, 1099, 1934]","[5415, 885, 2]"
484,42,252,1156,0.0009688696529907445,6.000000000029419e-07,3,"[1091, 1099, 1934]","[4291, 1970, 11]"
485,42,252,1156,0.0009693596529907469,4.900000000024026e-07,3,"[1091, 1099, 1934]","[3740, 2488, 39]"
486,42,252,1156,0.00096997965299075,6.2000000000304e-07,3,"[1091, 1099, 1934]","[3675, 2436, 111]"
487,42,253,1131,0.0008486256529866754,0.0008486256529866754,1,[9],[6303]
488,42,253,1131,0.0008492956529866786,6.700000000032852e-07,1,[9],[6205]
489,42,253,1131,0.0008503056529866836,1.0100000000049522e-06,1,[9],[6248]
490,42,253,1150,0.0009520254891228835,0.0009520254891228835,3,"[1090, 2007, 2008]","[6248, 1, 2]"
491,42,253,1150,0.0009539954891228931,1.9700000000096593e-06,2,"[1090, 2004]","[6257, 1]"
492,42,253,1151,0.0009512457327144089,0.0009512457327144089,3,"[1090, 2007, 2008]","[6299, 5, 2]"
493,42,253,1151,0.0009518257327144117,5.800000000028439e-07,3,"[1090, 2007, 2008]","[6268, 7, 1]"
494,42,253,1151,0.0009524557327144148,6.30000000003089e-07,3,"[1090, 2007, 2008]","[6222, 4, 1]"
495,42,253,1151,0.0009532057327144185,7.500000000036774e-07,2,"[1090, 2004]","[6236, 13]"
496,42,253,1151,0.0009539557327144222,7.500000000036774e-07,2,"[1090, 2004]","[6188, 86]"
497,42,253,1151,0.0009548257327144264,8.700000000042658e-07,3,"[1090, 2004, 2012]","[5937, 234, 4]"
498,42,253,1152,0.0009538399627125804,0.0009538399627125804,4,"[1090, 2004, 2007, 2012]","[4855, 1394, 2, 2]"
499,42,253,1152,0.0009544499627125834,6.10000000002991e-07,3,"[1090, 2004, 2012]","[3140, 3111, 11]"
500,42,253,1152,0.0009548399627125853,3.9000000000191225e-07,4,"[1090, 2004, 2012, 2015]","[3191, 3037, 15, 1]"
501,42,253,1152,0.0009551999627125871,3.6000000000176516e-07,3,"[1090, 2004, 2012]","[3475, 2859, 21]"
502,42,253,1152,0.000955589962712589,3.9000000000191225e-07,3,"[1090, 2004, 2012]","[3533, 2624, 18]"
503,42,253,1152,0.000956209962712592,6.2000000000304e-07,4,"[1090, 2004, 2012, 2015]","[3831, 2365, 24, 4]"
504,42,253,1153,0.0009550045187810445,0.0009550045187810445,3,"[1090, 2004, 2012]","[1936, 4389, 9]"
505,42,253,1153,0.0009556045187810474,6.000000000029419e-07,4,"[1090, 2004, 2012, 2015]","[2947, 3305, 7, 1]"
506,42,253,1153,0.0009562945187810508,6.900000000033832e-07,4,"[1090, 2004, 2012, 2015]","[3584, 2591, 6, 1]"
507,42,253,1156,0.0009670013319186606,0.0009670013319186606,2,"[1091, 1099]","[6295, 1]"
508,42,253,1156,0.0009678713319186649,8.700000000042658e-07,2,"[1091, 1099]","[6192, 25]"
509,42,253,1156,0.000969721331918674,1.850000000009071e-06,2,"[1091, 1099]","[5731, 507]"
510,42,254,1131,0.0008503420673531373,0.0008503420673531373,1,[9],[6256]
511,42,254,1132,0.0008501806433801346,0.0008501806433801346,1,[9],[6321]
512,42,254,1132,0.000850870643380138,6.900000000033832e-07,1,[9],[6245]
513,42,254,1132,0.0008519306433801432,1.0600000000051974e-06,1,[9],[6196]
514,42,254,1151,0.000951141186717743,0.000951141186717743,3,"[1090, 2007, 2008]","[6287, 2, 1]"
515,42,254,1151,0.0009516711867177456,5.300000000025987e-07,1,[1090],[6324]
516,42,254,1151,0.0009522711867177486,6.000000000029419e-07,3,"[1090, 2004, 2007]","[6188, 1, 2]"
517,42,254,1151,0.0009552011867177629,2.9300000000143664e-06,5,"[1090, 2004, 2007, 2008, 2012]","[5752, 441, 1, 1, 1]"
518,42,254,1152,0.0009530605114638659,0.0009530605114638659,2,"[1090, 2004]","[6071, 180]"
519,42,254,1152,0.0009546305114638736,1.570000000007698e-06,4,"[1090, 2004, 2012, 2015]","[977, 5335, 2, 1]"
520,42,254,1152,0.0009554805114638777,8.500000000041677e-07,3,"[1090, 2004, 2012]","[1662, 4561, 12]"
521,42,254,1153,0.0009553781412704074,0.0009553781412704074,3,"[1090, 2004, 2012]","[2136, 4128, 1]"
522,42,254,1153,0.0009561781412704113,8.000000000039226e-07,3,"[1090, 2004, 2012]","[4550, 1725, 2]"
523,42,254,1153,0.0009570381412704155,8.600000000042168e-07,2,"[1090, 2004]","[5708, 550]"
524,42,254,1154,0.0009570416766872004,0.0009570416766872004,2,"[1090, 2004]","[6149, 125]"
525,42,254,1156,0.000965597647656612,0.000965597647656612,3,"[1091, 1930, 1948]","[6248, 22, 1]"
526,42,254,1156,0.0009665676476566168,9.700000000047561e-07,1,[1091],[6284]
527,42,255,1132,0.0008513370897998833,0.0008513370897998833,1,[9],[6308]
528,42,255,1132,0.0008524670897998889,1.1300000000055406e-06,1,[9],[6197]
529,42,255,1133,0.0008519161943496102,0.0008519161943496102,1,[9],[6288]
530,42,255,1133,0.0008527961943496145,8.800000000043148e-07,1,[9],[6256]
531,42,255,1153,0.0009581596801064812,0.0009581596801064812,2,"[1090, 2004]","[6192, 65]"
532,42,255,1154,0.0009572070086414703,0.0009572070086414703,1,[1090],[6283]
533,42,255,1154,0.0009579870086414741,7.800000000038245e-07,1,[1090],[6288]
534,42,255,1155,0.0009645209476062193,0.0009645209476062193,6,"[1090, 1091, 1930, 1931, 1948, 1949]","[922, 4676, 92, 1, 590, 2]"
535,42,255,1156,0.0009641592904367281,0.0009641592904367281,5,"[1090, 1091, 1930, 1931, 1948]","[1, 5485, 91, 3, 689]"
536,42,255,1156,0.0009651892904367331,1.0300000000050503e-06,5,"[1091, 1930, 1931, 1948, 1949]","[5854, 103, 1, 277, 1]"
537,42,256,1133,0.0008526886761014414,0.0008526886761014414,1,[9],[6313]
538,42,256,1133,0.0008534286761014451,7.400000000036284e-07,1,[9],[6235]
539,42,256,1134,0.0008538377332667418,0.0008538377332667418,1,[9],[6295]
540,42,256,1154,0.0009574777661336959,0.0009574777661336959,1,[1090],[6274]
541,42,256,1154,0.0009580877661336988,6.10000000002991e-07,1,[1090],[6256]
542,42,256,1154,0.0009593877661337052,1.3000000000063742e-06,1,[1090],[6223]
543,42,256,1155,0.0009624408178645727,0.0009624408178645727,4,"[1090, 1091, 1096, 1948]","[2655, 3438, 151, 50]"
544,42,256,1155,0.0009637908178645793,1.3500000000066193e-06,5,"[1091, 1096, 1930, 1948, 1949]","[5353, 13, 6, 854, 2]"
545,42,256,1156,0.000962998763510537,0.000962998763510537,5,"[1090, 1091, 1096, 1930, 1948]","[3, 5963, 4, 4, 330]"
546,42,256,1156,0.0009641087635105424,1.1100000000054426e-06,4,"[1091, 1930, 1948, 1949]","[4804, 12, 1412, 2]"
547,42,257,1134,0.000854148686651097,0.000854148686651097,1,[9],[6280]
548,42,257,1134,0.0008547986866511002,6.500000000031871e-07,1,[9],[6254]
549,42,257,1134,0.0008556586866511044,8.600000000042168e-07,1,[9],[6252]
550,42,257,1135,0.000856407739810293,0.000856407739810293,2,"[9, 79]","[6205, 49]"
551,42,257,1154,0.0009570201566599353,0.0009570201566599353,1,[1090],[6265]
552,42,257,1154,0.0009576901566599386,6.700000000032852e-07,2,"[1090, 2035]","[6268, 1]"
553,42,257,1154,0.000960420156659952,2.7300000000133858e-06,3,"[1090, 1091, 1096]","[5664, 53, 506]"
554,42,257,1155,0.0009598752307629941,0.0009598752307629941,3,"[1090, 1091, 1096]","[5003, 692, 565]"
555,42,257,1155,0.000960865230762999,9.900000000048542e-07,2,"[1091, 1096]","[3057, 3186]"
556,42,257,1155,0.000961475230763002,6.10000000002991e-07,2,"[1091, 1096]","[3048, 3281]"
557,42,257,1155,0.0009621652307630053,6.900000000033832e-07,2,"[1091, 1096]","[3482, 2688]"
558,42,257,1156,0.0009617809446878652,0.0009617809446878652,3,"[1090, 1091, 1096]","[9, 5687, 575]"
559,42,258,1134,0.0008561172102528828,0.0008561172102528828,2,"[9, 79]","[6192, 80]"
560,42,258,1135,0.0008556888128745132,0.0008556888128745132,3,"[9, 78, 79]","[5937, 2, 393]"
561,42,258,1135,0.000856258812874516,5.700000000027948e-07,3,"[9, 78, 79]","[5156, 3, 1049]"
562,42,258,1135,0.0008568388128745188,5.800000000028439e-07,4,"[9, 78, 79, 1085]","[4570, 28, 1635, 1]"
563,42,258,1143,0.0008379913302401712,0.0008379913302401712,1,[42],[6277]
564,42,258,1143,0.0008399413302401808,1.9500000000095613e-06,1,[42],[6245]
565,42,258,1154,0.0009565270867461874,0.0009565270867461874,2,"[1090, 2035]","[6199, 61]"
566,42,258,1154,0.0009573270867461913,8.000000000039226e-07,3,"[1090, 1091, 2035]","[6125, 2, 113]"
567,42,258,1154,0.0009614370867462114,4.110000000020152e-06,4,"[1090, 1091, 1096, 2035]","[3216, 475, 2480, 87]"
568,42,258,1155,0.000957189619339574,0.000957189619339574,3,"[1090, 1091, 2035]","[6133, 31, 93]"
569,42,258,1155,0.0009594196193395849,2.230000000010934e-06,5,"[1090, 1091, 1096, 2035, 2036]","[1786, 3848, 640, 46, 1]"
570,42,258,1155,0.0009600896193395882,6.700000000032852e-07,3,"[1090, 1091, 1096]","[1, 4018, 2256]"
571,42,258,1155,0.0009605796193395906,4.900000000024026e-07,2,"[1091, 1096]","[3166, 3052]"
572,42,258,1155,0.0009610896193395931,5.100000000025006e-07,2,"[1091, 1096]","[2640, 3630]"
573,42,258,1155,0.0009618696193395969,7.800000000038245e-07,2,"[1091, 1096]","[2021, 4158]"
574,42,258,1156,0.0009606977150899588,0.0009606977150899588,4,"[1090, 1091, 1096, 1965]","[59, 5073, 1145, 1]"
575,42,259,1135,0.0008567261072038523,0.0008567261072038523,3,"[9, 78, 79]","[4011, 1284, 993]"
576,42,259,1135,0.0008574161072038557,6.900000000033832e-07,3,"[9, 78, 79]","[3757, 2055, 485]"
577,42,259,1135,0.0008587561072038622,1.3400000000065703e-06,3,"[9, 78, 79]","[3705, 2305, 165]"
578,42,259,1136,0.0008570172671737303,0.0008570172671737303,3,"[9, 78, 79]","[3002, 3110, 239]"
579,42,259,1136,0.000857577267173733,5.600000000027458e-07,3,"[9, 78, 79]","[3195, 2927, 58]"
580,42,259,1136,0.0008581572671737358,5.800000000028439e-07,3,"[9, 78, 79]","[3822, 2404, 17]"
581,42,259,1142,0.0008390011857836899,0.0008390011857836899,1,[42],[6264]
582,42,259,1142,0.000841681185783703,2.6800000000131406e-06,1,[42],[6238]
583,42,259,1143,0.0008347820394076421,0.0008347820394076421,1,[42],[6334]
584,42,259,1143,0.0008354820394076456,7.000000000034323e-07,1,[42],[6251]
585,42,259,1143,0.000836192039407649,7.100000000034813e-07,1,[42],[6190]
586,42,259,1143,0.0008370720394076534,8.800000000043148e-07,1,[42],[6260]
587,42,259,1143,0.0008384520394076601,1.3800000000067664e-06,1,[42],[6230]
588,42,259,1143,0.0008400820394076681,1.6300000000079922e-06,1,[42],[6267]
589,42,259,1143,0.0008414520394076748,1.3700000000067174e-06,1,[42],[6262]
590,42,259,1154,0.0009566937384610103,0.0009566937384610103,6,"[1090, 1091, 2031, 2033, 2035, 2036]","[6071, 18, 1, 1, 169, 1]"
591,42,259,1155,0.0009561580224071225,0.0009561580224071225,5,"[1090, 1091, 1999, 2031, 2035]","[6133, 100, 1, 3, 27]"
592,42,259,1155,0.0009568980224071261,7.400000000036284e-07,7,"[1090, 1091, 1965, 1966, 2031, 2035, 2036]","[5638, 571, 1, 1, 5, 64, 1]"
593,42,259,1155,0.0009579180224071311,1.0200000000050013e-06,7,"[1090, 1091, 1965, 1966, 2031, 2035, 2036]","[2742, 3367, 6, 1, 2, 112, 2]"
594,42,259,1155,0.0009588580224071358,9.40000000004609e-07,7,"[1090, 1091, 1096, 1965, 2031, 2033, 2035]","[162, 6036, 9, 12, 1, 1, 15]"
595,42,259,1155,0.0009601880224071423,1.3300000000065213e-06,4,"[1091, 1096, 1965, 2035]","[5987, 248, 4, 1]"
596,42,259,1156,0.0009605485613088514,0.0009605485613088514,6,"[1090, 1091, 1096, 1965, 2031, 2035]","[797, 5345, 98, 12, 1, 1]"
597,42,260,1136,0.0008579050138187474,0.0008579050138187474,4,"[9, 78, 79, 1084]","[2941, 3370, 1, 2]"
598,42,260,1136,0.0008586950138187513,7.900000000038735e-07,2,"[9, 78]","[5340, 921]"
599,42,260,1136,0.0008596250138187559,9.3000000000456e-07,2,"[9, 78]","[6049, 143]"
600,42,260,1137,0.0008599681645446131,0.0008599681645446131,4,"[9, 78, 1079, 1084]","[6141, 107, 1, 2]"
601,42,260,1155,0.0009555435235934768,0.0009555435235934768,8,"[1090, 1091, 1935, 1936, 1942, 1944, 1999, 2031]","[5025, 802, 1, 1, 33, 14, 420, 2]"
602,42,260,1155,0.0009560435235934793,5.000000000024516e-07,5,"[1090, 1091, 1999, 2031, 2033]","[4787, 1360, 86, 4, 3]"
603,42,260,1155,0.0009564435235934813,4.000000000019613e-07,5,"[1090, 1091, 1999, 2031, 2033]","[4139, 2051, 23, 2, 1]"
604,42,260,1155,0.0009568835235934834,4.400000000021574e-07,7,"[1090, 1091, 1965, 1999, 2031, 2033, 2035]","[3344, 2959, 1, 8, 4, 3, 4]"
605,42,260,1155,0.0009574335235934861,5.500000000026968e-07,7,"[1090, 1091, 1965, 1966, 1999, 2031, 2033]","[2017, 4206, 3, 1, 1, 3, 1]"
606,42,260,1155,0.0009583535235934906,9.20000000004511e-07,5,"[1090, 1091, 1965, 1999, 2036]","[631, 5556, 17, 1, 1]"
607,42,260,1156,0.0009571921622902631,0.0009571921622902631,7,"[1090, 1091, 1935, 1936, 1942, 1999, 2033]","[4149, 2000, 2, 2, 5, 97, 1]"
608,42,261,1137,0.000860004696909963,0.000860004696909963,4,"[9, 78, 1079, 1080]","[6241, 1, 22, 2]"
609,42,261,1137,0.0008607446969099667,7.400000000036284e-07,2,"[9, 1079]","[6204, 69]"
610,42,261,1137,0.0008619146969099724,1.1700000000057368e-06,3,"[9, 1079, 1080]","[6164, 58, 1]"
611,42,261,1155,0.0009544313941505217,0.0009544313941505217,8,"[1090, 1091, 1935, 1936, 1942, 1944, 1945, 1999]","[2742, 1419, 14, 5, 42, 624, 4, 1403]"
612,42,261,1155,0.000954891394150524,4.600000000022555e-07,3,"[1090, 1091, 1999]","[3045, 1725, 1524]"
613,42,261,1155,0.0009552513941505258,3.6000000000176516e-07,3,"[1090, 1091, 1999]","[2884, 2142, 1321]"
614,42,261,1155,0.0009555813941505274,3.3000000000161806e-07,3,"[1090, 1091, 1999]","[2865, 2394, 977]"
615,42,261,1155,0.0009559513941505292,3.700000000018142e-07,3,"[1090, 1091, 1999]","[2602, 2850, 760]"
616,42,261,1155,0.0009564313941505315,4.800000000023535e-07,3,"[1090, 1091, 1999]","[2223, 3625, 371]"
617,42,261,1155,0.0009576713941505376,1.24000000000608e-06,3,"[1090, 1091, 1999]","[1311, 4768, 134]"
618,42,261,1156,0.0009556861425728733,0.0009556861425728733,7,"[1090, 1091, 1935, 1936, 1942, 1944, 1999]","[3604, 1431, 5, 3, 7, 38, 1166]"
619,42,262,1137,0.0008612998518230905,0.0008612998518230905,3,"[9, 1079, 1080]","[6238, 30, 3]"
620,42,262,1137,0.0008623398518230956,1.0400000000050993e-06,3,"[9, 1079, 1080]","[6253, 2, 1]"
621,42,262,1138,0.0008619030930882379,0.0008619030930882379,2,"[9, 1079]","[6315, 3]"
622,42,262,1138,0.0008628530930882425,9.500000000046581e-07,1,[9],[6202]
623,42,262,1155,0.0009533766590890824,0.0009533766590890824,6,"[1090, 1091, 1935, 1944, 1945, 1999]","[3320, 2649, 1, 272, 4, 16]"
624,42,262,1155,0.0009538766590890848,5.000000000024516e-07,3,"[1090, 1091, 1999]","[3406, 2822, 70]"
625,42,262,1155,0.0009542766590890868,4.000000000019613e-07,3,"[1090, 1091, 1999]","[3315, 2915, 125]"
626,42,262,1155,0.0009546466590890886,3.700000000018142e-07,3,"[1090, 1091, 1999]","[3130, 2826, 242]"
627,42,262,1155,0.0009550566590890906,4.100000000020103e-07,3,"[1090, 1091, 1999]","[2904, 3006, 335]"
628,42,262,1155,0.0009556666590890936,6.10000000002991e-07,3,"[1090, 1091, 1999]","[2605, 3120, 421]"
629,42,262,1156,0.0009551366335327116,0.0009551366335327116,4,"[1090, 1091, 1944, 1999]","[3788, 2273, 13, 180]"
630,42,263,1138,0.0008628105211031852,0.0008628105211031852,2,"[9, 70]","[6321, 26]"
631,42,263,1138,0.0008635105211031887,7.000000000034323e-07,1,[9],[6223]
632,42,263,1138,0.0008643805211031929,8.700000000042658e-07,1,[9],[6198]
633,42,263,1155,0.0009524312955606732,0.0009524312955606732,2,"[1090, 1091]","[3350, 2916]"
634,42,263,1155,0.0009529212955606756,4.900000000024026e-07,2,"[1090, 1091]","[3355, 2902]"
635,42,263,1155,0.0009533312955606776,4.100000000020103e-07,2,"[1090, 1091]","[3288, 3035]"
636,42,263,1155,0.0009537712955606797,4.400000000021574e-07,2,"[1090, 1091]","[3173, 3007]"
637,42,263,1155,0.0009544812955606832,7.100000000034813e-07,2,"[1090, 1091]","[3077, 3198]"
638,42,264,1138,0.0008649512049767052,0.0008649512049767052,2,"[9, 70]","[6117, 167]"
639,42,264,1139,0.0008649746382409075,0.0008649746382409075,2,"[9, 70]","[6269, 2]"
640,42,264,1139,0.0008658546382409118,8.800000000043148e-07,1,[9],[6241]
641,42,264,1155,0.0009539827123419521,0.0009539827123419521,2,"[1090, 1091]","[3183, 3071]"
642,42,265,1139,0.000866264817892346,0.000866264817892346,1,[9],[6283]
643,42,265,1139,0.0008670948178923501,8.300000000040697e-07,2,"[9, 10]","[6222, 2]"
644,42,265,1139,0.0008689948178923594,1.9000000000093161e-06,2,"[9, 10]","[6240, 5]"
645,42,265,1140,0.000867915213961486,0.000867915213961486,2,"[9, 10]","[6157, 127]"
646,42,266,1139,0.0008689332782575402,0.0008689332782575402,2,"[9, 10]","[5935, 317]"
647,42,266,1140,0.0008677761036823964,0.0008677761036823964,2,"[9, 10]","[3365, 2995]"
648,42,266,1140,0.000868296103682399,5.200000000025497e-07,2,"[9, 10]","[3180, 3014]"
649,42,266,1140,0.0008687361036824012,4.400000000021574e-07,2,"[9, 10]","[3542, 2667]"
650,42,266,1140,0.0008692761036824038,5.400000000026477e-07,2,"[9, 10]","[3868, 2391]"
651,42,267,1140,0.0008690360088048319,0.0008690360088048319,2,"[9, 10]","[1753, 4509]"
652,42,288,1178,0.0009121970679568424,0.0009121970679568424,2,"[1, 3]","[5967, 284]"
653,42,288,1179,0.0009108530905897599,0.0009108530905897599,2,"[1, 3]","[6259, 1]"
654,42,288,1180,0.0009104011481176221,0.0009104011481176221,1,[1],[6327]
655,42,288,1180,0.0009111711481176259,7.700000000037755e-07,1,[1],[6184]
656,42,288,1181,0.0009101087937497244,0.0009101087937497244,1,[1],[6330]
657,42,288,1181,0.0009106487937497271,5.400000000026477e-07,1,[1],[6240]
658,42,288,1181,0.0009114287937497309,7.800000000038245e-07,1,[1],[6181]
659,42,288,1182,0.0009099362795293592,0.0009099362795293592,1,[1],[6373]
660,42,288,1182,0.0009103762795293613,4.400000000021574e-07,1,[1],[6170]
661,42,288,1182,0.0009108162795293635,4.400000000021574e-07,1,[1],[6322]
662,42,288,1182,0.0009116862795293677,8.700000000042658e-07,1,[1],[6141]
663,42,288,1183,0.0009098099507501508,0.0009098099507501508,1,[1],[6333]
664,42,288,1183,0.0009102099507501528,4.000000000019613e-07,1,[1],[6258]
665,42,288,1183,0.0009105599507501545,3.500000000017161e-07,1,[1],[6200]
666,42,288,1183,0.0009109899507501566,4.300000000021084e-07,1,[1],[6244]
667,42,288,1184,0.000909734751480468,0.000909734751480468,1,[1],[6275]
668,42,288,1184,0.0009101347514804699,4.000000000019613e-07,1,[1],[6369]
669,42,288,1184,0.0009104647514804715,3.3000000000161806e-07,1,[1],[6180]
670,42,288,1184,0.0009108447514804734,3.800000000018632e-07,1,[1],[6225]
671,42,288,1184,0.0009117447514804778,9.000000000044129e-07,1,[1],[6215]
672,42,288,1185,0.0009096749445984898,0.0009096749445984898,1,[1],[6255]
673,42,288,1185,0.0009100649445984917,3.9000000000191225e-07,1,[1],[6366]
674,42,288,1185,0.0009103849445984933,3.2000000000156903e-07,1,[1],[6141]
675,42,288,1185,0.000910744944598495,3.6000000000176516e-07,1,[1],[6265]
676,42,288,1185,0.000911344944598498,6.000000000029419e-07,1,[1],[6240]
677,42,288,1186,0.0009096084348759845,0.0009096084348759845,2,"[1, 2]","[6110, 142]"
678,42,288,1186,0.0009099984348759864,3.9000000000191225e-07,2,"[1, 2]","[6276, 129]"
679,42,288,1186,0.000910308434875988,3.1000000000152e-07,2,"[1, 2]","[6003, 119]"
680,42,288,1186,0.0009106384348759896,3.3000000000161806e-07,2,"[1, 2]","[6148, 91]"
681,42,288,1186,0.0009111484348759921,5.100000000025006e-07,2,"[1, 2]","[6200, 95]"
682,42,288,1187,0.000909554770874194,0.000909554770874194,2,"[1, 2]","[5470, 849]"
683,42,288,1187,0.0009099247708741959,3.700000000018142e-07,2,"[1, 2]","[5473, 759]"
684,42,288,1187,0.0009102247708741973,3.0000000000147097e-07,2,"[1, 2]","[5542, 696]"
685,42,288,1187,0.0009105547708741989,3.3000000000161806e-07,2,"[1, 2]","[5635, 755]"
686,42,288,1187,0.000910974770874201,4.2000000000205935e-07,2,"[1, 2]","[5353, 721]"
687,42,288,1188,0.0009100132097425577,0.0009100132097425577,2,"[1, 2]","[6078, 209]"
688,42,288,1188,0.0009107232097425612,7.100000000034813e-07,2,"[1, 2]","[6090, 203]"
689,42,289,1171,0.0009120733244118058,0.0009120733244118058,1,[1],[6253]
690,42,289,1172,0.0009112247117674783,0.0009112247117674783,1,[1],[6265]
691,42,289,1173,0.0009108766580705423,0.0009108766580705423,1,[1],[6321]
692,42,289,1173,0.0009115366580705455,6.600000000032361e-07,1,[1],[6258]
693,42,289,1174,0.0009106457755616913,0.0009106457755616913,1,[1],[6354]
694,42,289,1174,0.0009111357755616937,4.900000000024026e-07,1,[1],[6186]
695,42,289,1174,0.0009117057755616965,5.700000000027948e-07,1,[1],[6279]
696,42,289,1175,0.0009104664669416806,0.0009104664669416806,1,[1],[6354]
697,42,289,1175,0.0009108864669416827,4.2000000000205935e-07,1,[1],[6264]
698,42,289,1175,0.0009112564669416845,3.700000000018142e-07,1,[1],[6175]
699,42,289,1175,0.000911776466941687,5.200000000025497e-07,1,[1],[6267]
700,42,289,1176,0.0009103035794490619,0.0009103035794490619,2,"[1, 3]","[6334, 5]"
701,42,289,1176,0.0009106835794490637,3.800000000018632e-07,2,"[1, 3]","[6349, 7]"
702,42,289,1176,0.0009109935794490653,3.1000000000152e-07,2,"[1, 3]","[6181, 4]"
703,42,289,1176,0.0009113235794490669,3.3000000000161806e-07,2,"[1, 3]","[6268, 7]"
704,42,289,1176,0.0009117935794490692,4.700000000023045e-07,2,"[1, 3]","[6145, 4]"
705,42,289,1177,0.0009101750551960969,0.0009101750551960969,2,"[1, 3]","[5934, 402]"
706,42,289,1177,0.0009105250551960986,3.500000000017161e-07,2,"[1, 3]","[5738, 430]"
707,42,289,1177,0.0009108050551961,2.800000000013729e-07,2,"[1, 3]","[5941, 407]"
708,42,289,1177,0.0009110750551961013,2.7000000000132387e-07,2,"[1, 3]","[5781, 392]"
709,42,289,1177,0.0009113850551961028,3.1000000000152e-07,2,"[1, 3]","[5902, 441]"
710,42,289,1177,0.0009118850551961053,5.000000000024516e-07,2,"[1, 3]","[5696, 460]"
711,42,289,1178,0.0009101171514107146,0.0009101171514107146,2,"[1, 3]","[5922, 394]"
712,42,289,1178,0.0009104771514107164,3.6000000000176516e-07,2,"[1, 3]","[5855, 429]"
713,42,289,1178,0.0009107671514107178,2.9000000000142193e-07,2,"[1, 3]","[5836, 472]"
714,42,289,1178,0.0009110471514107191,2.800000000013729e-07,2,"[1, 3]","[5641, 471]"
715,42,289,1178,0.0009113971514107209,3.500000000017161e-07,2,"[1, 3]","[5850, 540]"
716,42,289,1178,0.0009121771514107247,7.800000000038245e-07,2,"[1, 3]","[5561, 549]"
717,42,289,1179,0.0009100769151978377,0.0009100769151978377,2,"[1, 3]","[6343, 3]"
718,42,289,1179,0.0009104569151978395,3.800000000018632e-07,2,"[1, 3]","[6155, 3]"
719,42,289,1179,0.0009107769151978411,3.2000000000156903e-07,2,"[1, 3]","[6339, 5]"
720,42,289,1179,0.0009111269151978428,3.500000000017161e-07,2,"[1, 3]","[6242, 8]"
721,42,289,1179,0.0009116969151978456,5.700000000027948e-07,2,"[1, 3]","[6201, 8]"
722,42,289,1180,0.0009100113951214941,0.0009100113951214941,1,[1],[6329]
723,42,289,1180,0.0009104213951214961,4.100000000020103e-07,1,[1],[6191]
724,42,289,1180,0.000910801395121498,3.800000000018632e-07,1,[1],[6384]
725,42,289,1180,0.0009112713951215003,4.700000000023045e-07,1,[1],[6143]
726,42,289,1181,0.0009100460664901705,0.0009100460664901705,1,[1],[6253]
727,42,289,1181,0.0009105260664901729,4.800000000023535e-07,1,[1],[6253]
728,42,289,1181,0.0009110560664901755,5.300000000025987e-07,1,[1],[6343]
729,42,289,1182,0.0009101363022814622,0.0009101363022814622,1,[1],[6316]
730,42,289,1182,0.0009107463022814652,6.10000000002991e-07,1,[1],[6237]
731,42,289,1183,0.0009103489766337749,0.0009103489766337749,1,[1],[6285]
732,42,289,1183,0.000911788976633782,1.4400000000070606e-06,1,[1],[6222]
733,42,289,1184,0.0009107003953811783,0.0009107003953811783,1,[1],[6255]
734,42,289,1185,0.0009111841241002521,0.0009111841241002521,2,"[1, 2]","[6251, 1]"
735,42,290,1160,0.0009126541227970264,0.0009126541227970264,1,[1],[6258]
736,42,290,1161,0.0009121674471684707,0.0009121674471684707,1,[1],[6296]
737,42,290,1162,0.0009118416700515924,0.0009118416700515924,1,[1],[6311]
738,42,290,1163,0.0009115071040457294,0.0009115071040457294,1,[1],[6275]
739,42,290,1163,0.0009124271040457339,9.20000000004511e-07,1,[1],[6272]
740,42,290,1164,0.000911240643080839,0.000911240643080839,1,[1],[6259]
741,42,290,1164,0.0009118906430808422,6.500000000031871e-07,1,[1],[6249]
742,42,290,1165,0.0009110353053246118,0.0009110353053246118,1,[1],[6266]
743,42,290,1165,0.0009115553053246143,5.200000000025497e-07,1,[1],[6260]
744,42,290,1165,0.0009122253053246176,6.700000000032852e-07,1,[1],[6283]
745,42,290,1166,0.0009108868983016482,0.0009108868983016482,1,[1],[6265]
746,42,290,1166,0.0009113268983016504,4.400000000021574e-07,1,[1],[6246]
747,42,290,1166,0.0009117568983016525,4.300000000021084e-07,1,[1],[6294]
748,42,290,1166,0.000912476898301656,7.200000000035303e-07,1,[1],[6203]
749,42,290,1167,0.0009107891571739447,0.0009107891571739447,1,[1],[6361]
750,42,290,1167,0.0009111891571739467,4.000000000019613e-07,1,[1],[6295]
751,42,290,1167,0.0009115391571739484,3.500000000017161e-07,1,[1],[6202]
752,42,290,1167,0.0009119491571739504,4.100000000020103e-07,1,[1],[6198]
753,42,290,1168,0.0009107076535262177,0.0009107076535262177,1,[1],[6346]
754,42,290,1168,0.0009110876535262196,3.800000000018632e-07,1,[1],[6289]
755,42,290,1168,0.000911387653526221,3.0000000000147097e-07,1,[1],[6151]
756,42,290,1168,0.0009117076535262226,3.2000000000156903e-07,1,[1],[6263]
757,42,290,1168,0.0009121576535262248,4.5000000000220645e-07,1,[1],[6235]
758,42,290,1169,0.0009106277824470373,0.0009106277824470373,1,[1],[6308]
759,42,290,1169,0.000910977782447039,3.500000000017161e-07,1,[1],[6313]
760,42,290,1169,0.0009112577824470404,2.800000000013729e-07,1,[1],[6196]
761,42,290,1169,0.0009115377824470418,2.800000000013729e-07,1,[1],[6251]
762,42,290,1169,0.0009118677824470434,3.3000000000161806e-07,1,[1],[6220]
763,42,290,1169,0.0009124977824470465,6.30000000003089e-07,1,[1],[6223]
764,42,290,1170,0.0009105498154811489,0.0009105498154811489,1,[1],[6261]
765,42,290,1170,0.0009108998154811507,3.500000000017161e-07,1,[1],[6410]
766,42,290,1170,0.000911169815481152,2.7000000000132387e-07,1,[1],[6112]
767,42,290,1170,0.0009114298154811533,2.6000000000127484e-07,1,[1],[6392]
768,42,290,1170,0.0009117098154811546,2.800000000013729e-07,1,[1],[6106]
769,42,290,1170,0.0009121198154811566,4.100000000020103e-07,1,[1],[6293]
770,42,290,1171,0.0009105178597083829,0.0009105178597083829,1,[1],[6385]
771,42,290,1171,0.0009108578597083846,3.400000000016671e-07,1,[1],[6158]
772,42,290,1171,0.000911137859708386,2.800000000013729e-07,1,[1],[6356]
773,42,290,1171,0.0009114078597083873,2.7000000000132387e-07,1,[1],[6253]
774,42,290,1171,0.0009117178597083888,3.1000000000152e-07,1,[1],[6287]
775,42,290,1171,0.0009121978597083912,4.800000000023535e-07,1,[1],[6132]
776,42,290,1172,0.0009105080433317287,0.0009105080433317287,1,[1],[6371]
777,42,290,1172,0.0009108680433317305,3.6000000000176516e-07,1,[1],[6160]
778,42,290,1172,0.0009111680433317319,3.0000000000147097e-07,1,[1],[6265]
779,42,290,1172,0.0009114680433317334,3.0000000000147097e-07,1,[1],[6240]
780,42,290,1172,0.0009118580433317353,3.9000000000191225e-07,1,[1],[6260]
781,42,290,1173,0.0009105542570627085,0.0009105542570627085,1,[1],[6378]
782,42,290,1173,0.0009109542570627105,4.000000000019613e-07,1,[1],[6138]
783,42,290,1173,0.0009113142570627122,3.6000000000176516e-07,1,[1],[6296]
784,42,290,1173,0.0009117442570627144,4.300000000021084e-07,1,[1],[6192]
785,42,290,1174,0.0009106371479297395,0.0009106371479297395,1,[1],[6306]
786,42,290,1174,0.0009111371479297419,5.000000000024516e-07,1,[1],[6198]
787,42,290,1174,0.0009116871479297446,5.500000000026968e-07,1,[1],[6281]
788,42,290,1175,0.0009107935723877994,0.0009107935723877994,1,[1],[6329]
789,42,290,1175,0.0009115035723878029,7.100000000034813e-07,1,[1],[6212]
790,42,290,1176,0.0009110600157674477,0.0009110600157674477,2,"[1, 3]","[6290, 2]"
791,42,290,1177,0.0009117625642603238,0.0009117625642603238,2,"[1, 3]","[5890, 374]"
792,42,291,1154,0.0009135009814622645,0.0009135009814622645,2,"[1, 4]","[5190, 1141]"
793,42,291,1154,0.0009139809814622668,4.800000000023535e-07,2,"[1, 4]","[4918, 1370]"
794,42,291,1154,0.0009144909814622693,5.100000000025006e-07,2,"[1, 4]","[4645, 1548]"
795,42,291,1155,0.0009128417085317532,0.0009128417085317532,2,"[1, 4]","[6179, 106]"
796,42,291,1155,0.0009131417085317547,3.0000000000147097e-07,2,"[1, 4]","[6085, 130]"
797,42,291,1155,0.0009133717085317558,2.3000000000112774e-07,2,"[1, 4]","[6353, 170]"
798,42,291,1155,0.0009135517085317567,1.8000000000088258e-07,2,"[1, 4]","[5799, 222]"
799,42,291,1155,0.0009137317085317576,1.8000000000088258e-07,2,"[1, 4]","[6014, 248]"
800,42,291,1155,0.0009139117085317584,1.8000000000088258e-07,2,"[1, 4]","[6087, 294]"
801,42,291,1155,0.0009141017085317594,1.900000000009316e-07,2,"[1, 4]","[5901, 310]"
802,42,291,1155,0.0009143217085317604,2.200000000010787e-07,2,"[1, 4]","[5825, 377]"
803,42,291,1155,0.000914631708531762,3.1000000000152e-07,2,"[1, 4]","[5769, 475]"
804,42,291,1155,0.0009160517085317689,1.4200000000069626e-06,2,"[1, 4]","[5526, 631]"
805,42,291,1156,0.0009124314255318539,0.0009124314255318539,1,[1],[6347]
806,42,291,1156,0.0009127614255318555,3.3000000000161806e-07,1,[1],[6306]
807,42,291,1156,0.0009129914255318566,2.3000000000112774e-07,1,[1],[6256]
808,42,291,1156,0.0009131914255318576,2.0000000000098064e-07,2,"[1, 4]","[6249, 2]"
809,42,291,1156,0.0009133814255318586,1.900000000009316e-07,1,[1],[6281]
810,42,291,1156,0.0009135714255318595,1.900000000009316e-07,2,"[1, 4]","[6266, 2]"
811,42,291,1156,0.0009137814255318605,2.1000000000102968e-07,2,"[1, 4]","[6206, 2]"
812,42,291,1156,0.0009140414255318618,2.6000000000127484e-07,2,"[1, 4]","[6136, 4]"
813,42,291,1156,0.0009144714255318639,4.300000000021084e-07,2,"[1, 4]","[6216, 3]"
814,42,291,1157,0.000912055357517531,0.000912055357517531,1,[1],[6383]
815,42,291,1157,0.0009123653575175326,3.1000000000152e-07,1,[1],[6323]
816,42,291,1157,0.0009125953575175337,2.3000000000112774e-07,1,[1],[6267]
817,42,291,1157,0.0009127953575175347,2.0000000000098064e-07,1,[1],[6363]
818,42,291,1157,0.0009129853575175356,1.900000000009316e-07,1,[1],[6214]
819,42,291,1157,0.0009131753575175365,1.900000000009316e-07,1,[1],[5971]
820,42,291,1157,0.0009133953575175376,2.200000000010787e-07,1,[1],[6354]
821,42,291,1157,0.000913685357517539,2.9000000000142193e-07,1,[1],[6312]
822,42,291,1157,0.0009142453575175418,5.600000000027458e-07,1,[1],[6103]
823,42,291,1158,0.0009117944967956143,0.0009117944967956143,1,[1],[6308]
824,42,291,1158,0.0009121144967956158,3.2000000000156903e-07,1,[1],[6445]
825,42,291,1158,0.000912344496795617,2.3000000000112774e-07,1,[1],[6174]
826,42,291,1158,0.0009125444967956179,2.0000000000098064e-07,1,[1],[6119]
827,42,291,1158,0.0009127444967956189,2.0000000000098064e-07,1,[1],[6443]
828,42,291,1158,0.0009129544967956199,2.1000000000102968e-07,1,[1],[6196]
829,42,291,1158,0.0009131944967956211,2.4000000000117677e-07,1,[1],[6129]
830,42,291,1158,0.0009135644967956229,3.700000000018142e-07,1,[1],[6290]
831,42,291,1159,0.0009115609686676883,0.0009115609686676883,1,[1],[6284]
832,42,291,1159,0.00091189096866769,3.3000000000161806e-07,1,[1],[6402]
833,42,291,1159,0.0009121309686676911,2.4000000000117677e-07,1,[1],[6343]
834,42,291,1159,0.0009123409686676922,2.1000000000102968e-07,1,[1],[6161]
835,42,291,1159,0.0009125409686676931,2.0000000000098064e-07,1,[1],[6180]
836,42,291,1159,0.0009127709686676943,2.3000000000112774e-07,1,[1],[6328]
837,42,291,1159,0.0009130409686676956,2.7000000000132387e-07,1,[1],[6143]
838,42,291,1159,0.000913530968667698,4.900000000024026e-07,1,[1],[6193]
839,42,291,1160,0.0009113770863764911,0.0009113770863764911,1,[1],[6347]
840,42,291,1160,0.0009116970863764927,3.2000000000156903e-07,1,[1],[6177]
841,42,291,1160,0.0009119470863764939,2.500000000012258e-07,1,[1],[6430]
842,42,291,1160,0.000912157086376495,2.1000000000102968e-07,1,[1],[6186]
843,42,291,1160,0.000912377086376496,2.200000000010787e-07,1,[1],[6175]
844,42,291,1160,0.0009126170863764972,2.4000000000117677e-07,1,[1],[6273]
845,42,291,1160,0.0009129270863764987,3.1000000000152e-07,1,[1],[6209]
846,42,291,1160,0.0009137670863765029,8.400000000041187e-07,1,[1],[6204]
847,42,291,1161,0.0009112020778984967,0.0009112020778984967,1,[1],[6397]
848,42,291,1161,0.0009115320778984984,3.3000000000161806e-07,1,[1],[6212]
849,42,291,1161,0.0009117820778984996,2.500000000012258e-07,1,[1],[6370]
850,42,291,1161,0.0009120020778985007,2.200000000010787e-07,1,[1],[6142]
851,42,291,1161,0.0009122320778985018,2.3000000000112774e-07,1,[1],[6140]
852,42,291,1161,0.0009125120778985032,2.800000000013729e-07,1,[1],[6299]
853,42,291,1161,0.0009129220778985052,4.100000000020103e-07,1,[1],[6291]
854,42,291,1162,0.0009110459921205102,0.0009110459921205102,1,[1],[6266]
855,42,291,1162,0.0009113959921205119,3.500000000017161e-07,1,[1],[6387]
856,42,291,1162,0.0009116559921205132,2.6000000000127484e-07,1,[1],[6171]
857,42,291,1162,0.0009119059921205144,2.500000000012258e-07,1,[1],[6397]
858,42,291,1162,0.0009121659921205157,2.6000000000127484e-07,1,[1],[6154]
859,42,291,1162,0.0009125059921205173,3.400000000016671e-07,1,[1],[6181]
860,42,291,1162,0.0009135559921205225,1.0500000000051484e-06,1,[1],[6197]
861,42,291,1163,0.0009109237091088518,0.0009109237091088518,1,[1],[6281]
862,42,291,1163,0.0009112737091088535,3.500000000017161e-07,1,[1],[6292]
863,42,291,1163,0.0009115537091088549,2.800000000013729e-07,1,[1],[6383]
864,42,291,1163,0.0009118137091088562,2.6000000000127484e-07,1,[1],[6157]
865,42,291,1163,0.0009121137091088577,3.0000000000147097e-07,1,[1],[6174]
866,42,291,1163,0.00091258370910886,4.700000000023045e-07,1,[1],[6276]
867,42,291,1164,0.0009108285448558264,0.0009108285448558264,1,[1],[6327]
868,42,291,1164,0.0009111785448558281,3.500000000017161e-07,1,[1],[6176]
869,42,291,1164,0.0009114785448558296,3.0000000000147097e-07,1,[1],[6342]
870,42,291,1164,0.000911768544855831,2.9000000000142193e-07,1,[1],[6255]
871,42,291,1164,0.0009121285448558328,3.6000000000176516e-07,1,[1],[6236]
872,42,291,1164,0.0009131285448558377,1.0000000000049032e-06,1,[1],[6173]
873,42,291,1165,0.0009108346069428385,0.0009108346069428385,1,[1],[6300]
874,42,291,1165,0.0009112246069428404,3.9000000000191225e-07,1,[1],[6306]
875,42,291,1165,0.000911554606942842,3.3000000000161806e-07,1,[1],[6151]
876,42,291,1165,0.0009119246069428438,3.700000000018142e-07,1,[1],[6286]
877,42,291,1165,0.0009127046069428476,7.800000000038245e-07,1,[1],[6215]
878,42,291,1166,0.0009108769500115148,0.0009108769500115148,1,[1],[6327]
879,42,291,1166,0.0009113069500115169,4.300000000021084e-07,1,[1],[6200]
880,42,291,1166,0.0009117069500115189,4.000000000019613e-07,1,[1],[6244]
881,42,291,1166,0.0009123169500115219,6.10000000002991e-07,1,[1],[6230]
882,42,291,1167,0.000910977472898956,0.000910977472898956,1,[1],[6366]
883,42,291,1167,0.0009114774728989584,5.000000000024516e-07,1,[1],[6152]
884,42,291,1167,0.0009120874728989614,6.10000000002991e-07,1,[1],[6287]
885,42,291,1168,0.0009111326739166649,0.0009111326739166649,1,[1],[6274]
886,42,291,1168,0.0009118226739166683,6.900000000033832e-07,1,[1],[6259]
887,42,291,1169,0.0009113988185651351,0.0009113988185651351,1,[1],[6273]
888,42,291,1170,0.0009121629248892576,0.0009121629248892576,1,[1],[6251]
889,42,292,1154,0.0009134392214411209,0.0009134392214411209,2,"[1, 4]","[2507, 3767]"
890,42,292,1154,0.0009138392214411229,4.000000000019613e-07,2,"[1, 4]","[2097, 4168]"
891,42,292,1154,0.0009141792214411245,3.400000000016671e-07,2,"[1, 4]","[1922, 4319]"
892,42,292,1154,0.0009145792214411265,4.000000000019613e-07,2,"[1, 4]","[1674, 4677]"
893,42,292,1154,0.0009154392214411307,8.600000000042168e-07,2,"[1, 4]","[1390, 4730]"
894,42,292,1155,0.000913128431533404,0.000913128431533404,2,"[1, 4]","[5481, 804]"
895,42,292,1155,0.0009134984315334058,3.700000000018142e-07,2,"[1, 4]","[5081, 1231]"
896,42,292,1155,0.0009137984315334073,3.0000000000147097e-07,2,"[1, 4]","[4884, 1472]"
897,42,292,1155,0.0009140884315334087,2.9000000000142193e-07,2,"[1, 4]","[4369, 1752]"
898,42,292,1155,0.0009144484315334105,3.6000000000176516e-07,2,"[1, 4]","[4196, 2092]"
899,42,292,1155,0.0009151284315334138,6.800000000033342e-07,2,"[1, 4]","[3697, 2463]"
900,42,292,1156,0.0009130127655668819,0.0009130127655668819,2,"[1, 4]","[6275, 3]"
901,42,292,1156,0.0009135727655668846,5.600000000027458e-07,2,"[1, 4]","[6314, 8]"
902,42,292,1156,0.0009143227655668883,7.500000000036774e-07,2,"[1, 4]","[6189, 13]"
903,42,292,1157,0.0009128804555219725,0.0009128804555219725,1,[1],[6250]
904,42,292,1157,0.0009139504555219777,1.0700000000052464e-06,1,[1],[6254]
905,42,292,1158,0.0009129277887945839,0.0009129277887945839,1,[1],[6295]
906,42,292,1159,0.0009133674620701603,0.0009133674620701603,1,[1],[6256]
907,42,293,1154,0.0009137310183274362,0.0009137310183274362,2,"[1, 4]","[17, 6270]"
908,42,293,1154,0.0009141910183274385,4.600000000022555e-07,2,"[1, 4]","[12, 6325]"
909,42,293,1154,0.0009146410183274407,4.5000000000220645e-07,2,"[1, 4]","[11, 6138]"
910,42,293,1154,0.000916141018327448,1.5000000000073548e-06,2,"[1, 4]","[4, 6223]"
911,42,293,1155,0.000914381612932119,0.000914381612932119,2,"[1, 4]","[98, 6219]"
912,42,294,1154,0.0009138943386403729,0.0009138943386403729,1,[4],[6326]
913,42,294,1154,0.000914334338640375,4.400000000021574e-07,1,[4],[6326]
914,42,294,1154,0.0009147543386403771,4.2000000000205935e-07,1,[4],[6143]
915,42,294,1154,0.0009154443386403805,6.900000000033832e-07,1,[4],[6206]
916,42,294,1155,0.0009146696147134604,0.0009146696147134604,1,[4],[6292]
917,42,295,1154,0.0009140555888426426,0.0009140555888426426,2,"[4, 2053]","[6118, 167]"
918,42,295,1154,0.0009144855888426447,4.300000000021084e-07,2,"[4, 2053]","[6180, 106]"
919,42,295,1154,0.0009148655888426466,3.800000000018632e-07,2,"[4, 2053]","[6182, 108]"
920,42,295,1154,0.000915355588842649,4.900000000024026e-07,2,"[4, 2053]","[6027, 119]"
921,42,295,1155,0.0009147719539150034,0.0009147719539150034,2,"[4, 2053]","[6138, 143]"
922,42,296,1154,0.0009141113968289428,0.0009141113968289428,2,"[4, 2053]","[4824, 1467]"
923,42,296,1154,0.0009145113968289447,4.000000000019613e-07,2,"[4, 2053]","[5210, 1159]"
924,42,296,1154,0.0009148313968289463,3.2000000000156903e-07,2,"[4, 2053]","[5175, 918]"
925,42,296,1154,0.0009152013968289481,3.700000000018142e-07,2,"[4, 2053]","[5445, 909]"
926,42,296,1154,0.0009158113968289511,6.10000000002991e-07,2,"[4, 2053]","[5462, 724]"
927,42,296,1155,0.0009146853128228737,0.0009146853128228737,2,"[4, 2053]","[4985, 1272]"
928,42,296,1155,0.00091597531282288,1.2900000000063251e-06,2,"[4, 2053]","[5364, 881]"
929,42,297,1154,0.0009143592532081305,0.0009143592532081305,3,"[4, 2053, 2054]","[5963, 297, 60]"
930,42,297,1154,0.0009147692532081325,4.100000000020103e-07,3,"[4, 2053, 2054]","[5953, 180, 83]"
931,42,297,1154,0.0009151392532081343,3.700000000018142e-07,3,"[4, 2053, 2054]","[6139, 110, 73]"
932,42,297,1154,0.0009156092532081366,4.700000000023045e-07,3,"[4, 2053, 2054]","[6063, 91, 88]"
933,42,297,1155,0.000914965973490419,0.000914965973490419,3,"[4, 2053, 2054]","[5926, 234, 93]"
934,42,298,1154,0.0009144602549975316,0.0009144602549975316,2,"[4, 2054]","[5607, 714]"
935,42,298,1154,0.0009148502549975335,3.9000000000191225e-07,2,"[4, 2054]","[5515, 741]"
936,42,298,1154,0.0009151802549975352,3.3000000000161806e-07,2,"[4, 2054]","[5485, 711]"
937,42,298,1154,0.000915560254997537,3.800000000018632e-07,2,"[4, 2054]","[5523, 719]"
938,42,298,1154,0.0009163502549975409,7.900000000038735e-07,2,"[4, 2054]","[5575, 663]"
939,42,298,1155,0.0009148985030285318,0.0009148985030285318,2,"[4, 2054]","[5572, 700]"
940,42,298,1155,0.0009156785030285357,7.800000000038245e-07,2,"[4, 2054]","[5490, 752]"
941,42,299,1154,0.0009145728068558167,0.0009145728068558167,2,"[4, 2054]","[6129, 132]"
942,42,299,1154,0.0009149928068558188,4.2000000000205935e-07,2,"[4, 2054]","[6212, 104]"
943,42,299,1154,0.0009153628068558206,3.700000000018142e-07,2,"[4, 2054]","[6088, 85]"
944,42,299,1154,0.0009158328068558229,4.700000000023045e-07,2,"[4, 2054]","[6169, 85]"
945,42,299,1155,0.0009148467851845119,0.0009148467851845119,2,"[4, 2054]","[6237, 90]"
946,42,299,1155,0.0009154667851845149,6.2000000000304e-07,2,"[4, 2054]","[6138, 83]"
947,42,300,1154,0.0009146466787722732,0.0009146466787722732,1,[4],[6311]
948,42,300,1154,0.0009151066787722754,4.600000000022555e-07,2,"[4, 2054]","[6261, 1]"
949,42,300,1154,0.0009155466787722776,4.400000000021574e-07,1,[4],[6201]
950,42,300,1154,0.0009166766787722831,1.1300000000055406e-06,1,[4],[6232]
951,42,300,1155,0.0009147042300032438,0.0009147042300032438,1,[4],[6331]
952,42,300,1155,0.0009151842300032461,4.800000000023535e-07,1,[4],[6181]
953,42,300,1155,0.0009157342300032488,5.500000000026968e-07,1,[4],[6259]
954,42,301,1154,0.0009146652326923166,0.0009146652326923166,1,[4],[6316]
955,42,301,1154,0.0009151752326923191,5.100000000025006e-07,1,[4],[6316]
956,42,301,1154,0.0009157452326923219,5.700000000027948e-07,1,[4],[6190]
957,42,301,1155,0.0009145186139624063,0.0009145186139624063,1,[4],[6293]
958,42,301,1155,0.0009149286139624083,4.100000000020103e-07,1,[4],[6234]
959,42,301,1155,0.0009152986139624101,3.700000000018142e-07,1,[4],[6332]
960,42,301,1155,0.0009157586139624124,4.600000000022555e-07,1,[4],[6204]
961,42,302,1154,0.0009150409714713335,0.0009150409714713335,1,[4],[6314]
962,42,302,1154,0.0009158309714713374,7.900000000038735e-07,1,[4],[6200]
963,42,302,1155,0.0009145554595604942,0.0009145554595604942,1,[4],[6323]
964,42,302,1155,0.000914915459560496,3.6000000000176516e-07,1,[4],[6246]
965,42,302,1155,0.0009152054595604974,2.9000000000142193e-07,1,[4],[6356]
966,42,302,1155,0.0009154754595604987,2.7000000000132387e-07,2,"[4, 2057]","[6085, 1]"
967,42,302,1155,0.0009157954595605003,3.2000000000156903e-07,1,[4],[6338]
968,42,302,1155,0.0009162654595605026,4.700000000023045e-07,2,"[4, 2057]","[6242, 1]"
969,42,303,1154,0.0009157874916947544,0.0009157874916947544,2,"[4, 2057]","[6240, 59]"
970,42,303,1155,0.0009147334061600868,0.0009147334061600868,2,"[4, 2057]","[6330, 13]"
971,42,303,1155,0.0009150434061600884,3.1000000000152e-07,2,"[4, 2057]","[6270, 24]"
972,42,303,1155,0.0009152734061600895,2.3000000000112774e-07,2,"[4, 2057]","[6185, 40]"
973,42,303,1155,0.0009154734061600905,2.0000000000098064e-07,2,"[4, 2057]","[6133, 64]"
974,42,303,1155,0.0009156734061600914,2.0000000000098064e-07,2,"[4, 2057]","[6265, 107]"
975,42,303,1155,0.0009158634061600924,1.900000000009316e-07,2,"[4, 2057]","[5941, 139]"
976,42,303,1155,0.0009160934061600935,2.3000000000112774e-07,2,"[4, 2057]","[6067, 210]"
977,42,303,1155,0.0009164134061600951,3.2000000000156903e-07,2,"[4, 2057]","[5947, 339]"
978,42,303,1155,0.000917213406160099,8.000000000039226e-07,2,"[4, 2057]","[5183, 1005]"
979,42,304,1152,0.0009224527602257736,0.0009224527602257736,3,"[2057, 2228, 2232]","[6266, 1, 7]"
980,42,304,1152,0.000924562760225784,2.1100000000103458e-06,4,"[2057, 2227, 2228, 2232]","[6147, 4, 1, 76]"
981,42,304,1153,0.0009198823521296889,0.0009198823521296889,1,[2057],[6275]
982,42,304,1153,0.0009209323521296941,1.0500000000051484e-06,1,[2057],[6283]
983,42,304,1153,0.0009234523521297064,2.520000000012356e-06,3,"[2057, 2228, 2232]","[6190, 1, 2]"
984,42,304,1154,0.0009171314825865521,0.0009171314825865521,2,"[4, 2057]","[2998, 3259]"
985,42,304,1154,0.0009181814825865572,1.0500000000051484e-06,2,"[4, 2057]","[36, 6243]"
986,42,304,1154,0.0009190514825865615,8.700000000042658e-07,1,[2057],[6277]
987,42,304,1154,0.00092080148258657,1.7500000000085806e-06,1,[2057],[6187]
988,42,304,1155,0.0009151663139149819,0.0009151663139149819,2,"[4, 2057]","[6060, 190]"
989,42,304,1155,0.0009156063139149841,4.400000000021574e-07,2,"[4, 2057]","[5815, 440]"
990,42,304,1155,0.0009160263139149861,4.2000000000205935e-07,2,"[4, 2057]","[5397, 968]"
991,42,304,1155,0.0009165163139149885,4.900000000024026e-07,2,"[4, 2057]","[4110, 2100]"
992,42,304,1155,0.0009173263139149925,8.100000000039716e-07,2,"[4, 2057]","[1998, 4219]"
993,42,305,1149,0.0009290345476678896,0.0009290345476678896,2,"[2057, 2059]","[6226, 26]"
994,42,305,1150,0.0009259325046483532,0.0009259325046483532,2,"[2057, 2059]","[3323, 2958]"
995,42,305,1150,0.000926702504648357,7.700000000037755e-07,2,"[2057, 2059]","[4367, 1938]"
996,42,305,1150,0.0009274625046483607,7.600000000037264e-07,2,"[2057, 2059]","[5609, 618]"
997,42,305,1150,0.0009285825046483662,1.1200000000054916e-06,2,"[2057, 2059]","[6127, 78]"
998,42,305,1151,0.0009241353738422865,0.0009241353738422865,6,"[2057, 2059, 2227, 2228, 2232, 2233]","[6019, 139, 2, 2, 96, 3]"
999,42,305,1151,0.0009248253738422899,6.900000000033832e-07,4,"[2057, 2059, 2227, 2232]","[5324, 966, 2, 12]"
1000,42,305,1151,0.0009253253738422924,5.000000000024516e-07,3,"[2057, 2059, 2232]","[4459, 1846, 1]"
1001,42,305,1151,0.0009257553738422945,4.300000000021084e-07,2,"[2057, 2059]","[3777, 2439]"
1002,42,305,1151,0.0009262253738422968,4.700000000023045e-07,2,"[2057, 2059]","[3494, 2685]"
1003,42,305,1151,0.0009269653738423004,7.400000000036284e-07,2,"[2057, 2059]","[3876, 2373]"
1004,42,305,1152,0.0009223899340406442,0.0009223899340406442,3,"[2057, 2232, 2233]","[6223, 32, 1]"
1005,42,305,1152,0.0009232999340406487,9.100000000044619e-07,5,"[2057, 2227, 2228, 2232, 2233]","[6138, 4, 1, 154, 1]"
1006,42,305,1152,0.0009242799340406535,9.800000000048052e-07,6,"[2057, 2059, 2227, 2228, 2232, 2233]","[6028, 11, 6, 2, 191, 6]"
1007,42,305,1153,0.0009212651630694145,0.0009212651630694145,1,[2057],[6281]
1008,42,306,1146,0.0009351815066530433,0.0009351815066530433,2,"[2057, 2061]","[5883, 375]"
1009,42,306,1147,0.0009325639209422584,0.0009325639209422584,1,[2057],[6260]
1010,42,306,1147,0.0009336239209422636,1.0600000000051974e-06,2,"[2057, 2061]","[6289, 1]"
1011,42,306,1148,0.0009304456181096493,0.0009304456181096493,1,[2057],[6276]
1012,42,306,1148,0.0009312856181096534,8.400000000041187e-07,1,[2057],[6284]
1013,42,306,1148,0.000932215618109658,9.3000000000456e-07,1,[2057],[6202]
1014,42,306,1149,0.0009287668132346355,0.0009287668132346355,2,"[2057, 2059]","[6278, 11]"
1015,42,306,1149,0.0009296268132346397,8.600000000042168e-07,1,[2057],[6242]
1016,42,306,1149,0.0009307868132346454,1.1600000000056877e-06,1,[2057],[6231]
1017,42,306,1150,0.0009269555598551481,0.0009269555598551481,2,"[2057, 2059]","[2599, 3657]"
1018,42,306,1150,0.0009285955598551561,1.6400000000080413e-06,2,"[2057, 2059]","[6043, 203]"
1019,42,306,1151,0.0009257186056508878,0.0009257186056508878,4,"[2057, 2059, 2228, 2232]","[1539, 4749, 2, 8]"
1020,42,307,1145,0.0009369581820879594,0.0009369581820879594,3,"[2057, 2061, 2062]","[4660, 647, 978]"
1021,42,307,1145,0.0009377181820879631,7.600000000037264e-07,3,"[2057, 2061, 2062]","[3041, 17, 3192]"
1022,42,307,1145,0.0009384181820879666,7.000000000034323e-07,2,"[2057, 2062]","[2778, 3438]"
1023,42,307,1145,0.0009398681820879737,1.4500000000071097e-06,4,"[2057, 2062, 2209, 2210]","[4467, 1780, 7, 1]"
1024,42,307,1146,0.0009348436611180106,0.0009348436611180106,2,"[2057, 2061]","[5714, 553]"
1025,42,307,1146,0.0009356636611180146,8.200000000040206e-07,3,"[2057, 2061, 2062]","[4813, 1460, 1]"
1026,42,307,1146,0.0009365036611180187,8.400000000041187e-07,3,"[2057, 2061, 2062]","[4907, 1279, 55]"
1027,42,307,1146,0.0009377336611180247,1.230000000006031e-06,3,"[2057, 2061, 2062]","[5168, 264, 812]"
1028,42,307,1147,0.0009337103635295402,0.0009337103635295402,1,[2057],[6278]
1029,42,308,1144,0.0009412630943070371,0.0009412630943070371,4,"[2057, 2062, 2209, 2210]","[5508, 774, 9, 1]"
1030,42,308,1144,0.0009424030943070427,1.1400000000055897e-06,1,[2057],[6209]
1031,42,308,1144,0.0009437330943070492,1.3300000000065213e-06,1,[2057],[6262]
1032,42,308,1145,0.0009378399935463346,0.0009378399935463346,3,"[2057, 2061, 2062]","[1851, 31, 4407]"
1033,42,308,1145,0.0009388499935463396,1.0100000000049522e-06,4,"[2057, 2062, 2209, 2210]","[2778, 3443, 2, 1]"
1034,42,308,1145,0.0009400799935463456,1.230000000006031e-06,4,"[2057, 2062, 2209, 2210]","[5724, 553, 18, 4]"
1035,42,308,1145,0.0009412599935463514,1.1800000000057858e-06,4,"[2057, 2062, 2209, 2210]","[6198, 5, 12, 1]"
1036,42,309,1143,0.0009449887646229911,0.0009449887646229911,1,[2057],[6272]
1037,42,309,1143,0.0009460887646229965,1.1000000000053935e-06,1,[2057],[6257]
1038,42,309,1143,0.0009480387646230061,1.9500000000095613e-06,1,[2057],[6226]
1039,42,309,1144,0.0009434716094488701,0.0009434716094488701,3,"[2057, 2062, 2209]","[6286, 9, 1]"
1040,42,309,1144,0.0009449416094488774,1.4700000000072077e-06,1,[2057],[6222]
1041,42,310,1141,0.0009501354898054279,0.0009501354898054279,1,[2057],[6262]
1042,42,310,1141,0.0009522954898054385,2.160000000010591e-06,2,"[2057, 2161]","[6177, 62]"
1043,42,310,1142,0.0009476697940638345,0.0009476697940638345,1,[2057],[6288]
1044,42,310,1142,0.0009484497940638383,7.800000000038245e-07,1,[2057],[6271]
1045,42,310,1142,0.000949209794063842,7.600000000037264e-07,1,[2057],[6204]
1046,42,310,1142,0.0009506597940638491,1.4500000000071097e-06,1,[2057],[6258]
1047,42,310,1143,0.0009469883180688937,0.0009469883180688937,1,[2057],[6281]
1048,42,310,1143,0.000948688318068902,1.7000000000083355e-06,1,[2057],[6232]
1049,42,311,1137,0.0009650404286395698,0.0009650404286395698,1,[2057],[6255]
1050,42,311,1138,0.0009594400451739039,0.0009594400451739039,1,[2057],[6255]
1051,42,311,1138,0.0009616600451739148,2.220000000010885e-06,1,[2057],[6264]
1052,42,311,1139,0.0009554541249157104,0.0009554541249157104,3,"[2057, 2157, 2158]","[6252, 4, 1]"
1053,42,311,1139,0.0009567841249157169,1.3300000000065213e-06,1,[2057],[6288]
1054,42,311,1139,0.0009583341249157245,1.5500000000076e-06,1,[2057],[6236]
1055,42,311,1140,0.0009521944329841567,0.0009521944329841567,4,"[2057, 2157, 2158, 2161]","[6267, 17, 1, 30]"
1056,42,311,1140,0.0009531344329841613,9.40000000004609e-07,5,"[2057, 2157, 2158, 2161, 2164]","[6061, 49, 4, 70, 1]"
1057,42,311,1140,0.0009541644329841664,1.0300000000050503e-06,5,"[2057, 2157, 2158, 2161, 2164]","[6217, 27, 1, 27, 1]"
1058,42,311,1140,0.0009558044329841744,1.6400000000080413e-06,2,"[2057, 2157]","[6226, 1]"
1059,42,311,1141,0.0009505336531990877,0.0009505336531990877,3,"[2057, 2161, 2164]","[6309, 1, 1]"
1060,42,311,1141,0.0009514336531990922,9.000000000044129e-07,2,"[2057, 2161]","[6226, 15]"
1061,42,311,1141,0.0009525036531990974,1.0700000000052464e-06,4,"[2057, 2157, 2161, 2164]","[6029, 5, 170, 5]"
1062,42,311,1142,0.0009510993737514033,0.0009510993737514033,2,"[2057, 2161]","[6249, 1]"
1063,42,312,1136,0.0009662666971019027,0.0009662666971019027,3,"[2057, 2145, 2146]","[6260, 1, 1]"
1064,42,312,1136,0.0009677666971019101,1.5000000000073548e-06,2,"[2057, 2145]","[6251, 1]"
1065,42,312,1136,0.0009694666971019184,1.7000000000083355e-06,1,[2057],[6253]
1066,42,312,1137,0.0009623650525154214,0.0009623650525154214,1,[2057],[6286]
1067,42,312,1137,0.0009635350525154272,1.1700000000057368e-06,1,[2057],[6261]
1068,42,312,1137,0.000964525052515432,9.900000000048542e-07,1,[2057],[6237]
1069,42,312,1137,0.0009655750525154372,1.0500000000051484e-06,2,"[2057, 2146]","[6235, 4]"
1070,42,312,1137,0.0009673150525154457,1.7400000000085316e-06,3,"[2057, 2145, 2146]","[6230, 3, 1]"
1071,42,312,1138,0.0009592397891662447,0.0009592397891662447,1,[2057],[6263]
1072,42,312,1138,0.0009605097891662509,1.270000000006227e-06,1,[2057],[6289]
1073,42,312,1138,0.000961739789166257,1.230000000006031e-06,1,[2057],[6221]
1074,42,312,1138,0.0009655797891662758,3.840000000018828e-06,1,[2057],[6230]
1075,42,312,1139,0.0009564649573140116,0.0009564649573140116,2,"[2057, 2157]","[6249, 3]"
1076,42,312,1139,0.00095818495731402,1.7200000000084335e-06,1,[2057],[6276]
1077,42,312,1140,0.0009548878853758238,0.0009548878853758238,4,"[2057, 2157, 2158, 2161]","[6229, 22, 1, 9]"
1078,42,313,1130,0.0009871423370514756,0.0009871423370514756,2,"[2057, 2220]","[6204, 61]"
1079,42,313,1130,0.0009883623370514683,1.2199999999927547e-06,1,[2057],[6235]
1080,42,313,1131,0.000985713329601597,0.000985713329601597,1,[2057],[6286]
1081,42,313,1131,0.0009865033296015922,7.899999999953083e-07,1,[2057],[6245]
1082,42,313,1131,0.000987543329601586,1.0399999999938236e-06,1,[2057],[6240]
1083,42,313,1131,0.0009892833296015757,1.7399999999896665e-06,1,[2057],[6231]
1084,42,313,1132,0.0009843464474876937,0.0009843464474876937,2,"[2057, 2071]","[5677, 610]"
1085,42,313,1132,0.000985126447487689,7.799999999953677e-07,2,"[2057, 2071]","[6049, 171]"
1086,42,313,1132,0.0009861964474876827,1.0699999999936455e-06,2,"[2057, 2071]","[6251, 17]"
1087,42,313,1133,0.000980619274314139,0.000980619274314139,2,"[2057, 2070]","[6204, 69]"
1088,42,313,1133,0.0009819992743141308,1.3799999999918044e-06,2,"[2057, 2071]","[6265, 22]"
1089,42,313,1133,0.000982969274314125,9.699999999942394e-07,2,"[2057, 2071]","[5715, 542]"
1090,42,313,1133,0.0009836892743141207,7.199999999957241e-07,2,"[2057, 2071]","[4662, 1549]"
1091,42,313,1133,0.0009844092743141165,7.199999999957241e-07,2,"[2057, 2071]","[4372, 1890]"
1092,42,313,1134,0.0009756001598044765,0.0009756001598044765,2,"[2057, 2070]","[5805, 469]"
1093,42,313,1134,0.000976930159804479,1.3300000000026182e-06,2,"[2057, 2070]","[4577, 1673]"
1094,42,313,1134,0.0009782101598044715,1.2799999999923983e-06,2,"[2057, 2070]","[5835, 400]"
1095,42,313,1134,0.0009795201598044637,1.3099999999922202e-06,2,"[2057, 2070]","[6288, 8]"
1096,42,313,1134,0.0009810801598044545,1.5599999999907355e-06,1,[2057],[6228]
1097,42,313,1135,0.0009709583300087711,0.0009709583300087711,1,[2057],[6273]
1098,42,313,1135,0.0009721683300087771,1.2100000000059329e-06,1,[2057],[6281]
1099,42,313,1135,0.0009732283300087823,1.0600000000051974e-06,1,[2057],[6198]
1100,42,313,1135,0.0009744783300087884,1.250000000006129e-06,3,"[2057, 2070, 2150]","[6267, 6, 2]"
1101,42,313,1135,0.000976858330008797,2.3800000000085255e-06,3,"[2057, 2070, 2150]","[5160, 1064, 3]"
1102,42,313,1136,0.0009683103020700282,0.0009683103020700282,3,"[2057, 2145, 2146]","[6288, 1, 2]"
1103,42,313,1136,0.0009697803020700354,1.4700000000072077e-06,1,[2057],[6240]
1104,42,313,1136,0.0009714303020700435,1.6500000000080903e-06,1,[2057],[6226]
1105,42,314,1130,0.0009896037986508453,0.0009896037986508453,2,"[2057, 2220]","[6256, 1]"
1106,42,314,1131,0.0009890302413555262,0.0009890302413555262,1,[2057],[6261]
1107,42,314,1131,0.0009901302413555196,1.0999999999934673e-06,1,[2057],[6246]
1108,42,314,1131,0.0009916402413555107,1.5099999999910324e-06,1,[2057],[6252]
1109,42,314,1133,0.000981913967628843,0.000981913967628843,3,"[2057, 2070, 2071]","[6165, 94, 7]"
1110,42,314,1133,0.000985103967628824,3.1899999999810552e-06,2,"[2057, 2071]","[5107, 1127]"
1111,42,314,1134,0.0009760409585333384,0.0009760409585333384,3,"[2057, 2070, 2150]","[5044, 1249, 1]"
1112,42,314,1134,0.0009773309585333365,1.2899999999980852e-06,2,"[2057, 2070]","[4544, 1682]"
1113,42,314,1134,0.0009789809585333267,1.649999999990201e-06,2,"[2057, 2070]","[6060, 183]"
1114,42,314,1134,0.0009821009585333081,3.119999999981471e-06,2,"[2057, 2071]","[6237, 4]"
1115,42,314,1135,0.0009748940603952726,0.0009748940603952726,3,"[2057, 2070, 2150]","[6200, 47, 4]"
1116,42,314,1135,0.0009794340603952636,4.539999999991036e-06,3,"[2057, 2070, 2150]","[4733, 1516, 4]"
1117,42,315,1130,0.0009952158919324858,0.0009952158919324858,4,"[2057, 2110, 2114, 2119]","[6288, 1, 2, 1]"
1118,42,315,1130,0.0009964258919324786,1.209999999992814e-06,1,[2057],[6220]
1119,42,315,1131,0.0009911771323418662,0.0009911771323418662,1,[2057],[6278]
1120,42,315,1131,0.0009921971323418601,1.0199999999939424e-06,4,"[2057, 2114, 2119, 2120]","[6254, 1, 9, 2]"
1121,42,315,1131,0.0009933571323418532,1.159999999993111e-06,6,"[2057, 2110, 2111, 2114, 2119, 2120]","[6199, 1, 1, 18, 20, 1]"
1122,42,315,1131,0.0009945471323418462,1.1899999999929328e-06,6,"[2057, 2110, 2114, 2115, 2119, 2120]","[6199, 8, 51, 3, 5, 1]"
1123,42,315,1131,0.0009953171323418416,7.699999999954271e-07,4,"[2057, 2110, 2111, 2114]","[6225, 3, 2, 9]"
1124,42,315,1131,0.0009959971323418376,6.799999999959616e-07,2,"[2057, 2114]","[6282, 1]"
1125,42,315,1132,0.000994217643708813,0.000994217643708813,6,"[2057, 2110, 2111, 2114, 2119, 2120]","[6218, 1, 2, 12, 18, 4]"
1126,42,316,1131,0.0009942721525326012,0.0009942721525326012,7,"[2057, 2110, 2111, 2114, 2115, 2119, 2120]","[6190, 10, 5, 42, 1, 13, 1]"
1127,42,316,1131,0.0009960921525325904,1.8199999999891914e-06,4,"[2057, 2110, 2114, 2115]","[6228, 2, 16, 1]"
1128,42,328,1106,0.0010409497940691997,0.0010409497940691997,1,[2165],[6252]
1129,42,329,1106,0.0010398288710986806,0.0010398288710986806,1,[2165],[6297]
1130,42,342,1179,0.0010433838875124296,0.0010433838875124296,1,[2123],[6260]
1131,42,343,1179,0.0010409748903576004,0.0010409748903576004,1,[2123],[6285]
1132,42,343,1179,0.001041894890357595,9.199999999945363e-07,1,[2123],[6280]
1133,42,343,1179,0.0010425948903575908,6.999999999958428e-07,1,[2123],[6210]
1134,42,343,1180,0.001042182448421008,0.001042182448421008,1,[2123],[6253]
1135,42,344,1179,0.0010398660317317977,0.0010398660317317977,1,[2123],[6287]
1136,42,344,1179,0.001040836031731792,9.699999999942394e-07,1,[2123],[6222]
1137,42,344,1180,0.001039473844596634,0.001039473844596634,1,[2123],[6282]
1138,42,344,1180,0.0010401138445966301,6.399999999961992e-07,1,[2123],[6218]
1139,42,344,1180,0.0010412338445966235,1.1199999999933485e-06,1,[2123],[6275]
