,event,pixel_x,pixel_y,reset_time,TSLR,nMCParticles,MC_TrackIDs,MC_Weights
0,5,288,1169,0.0009089213253667281,0.0009089213253667281,1,[1],[6278]
1,5,288,1170,0.0009086230363121267,0.0009086230363121267,1,[1],[6260]
2,5,288,1171,0.0009085613955660226,0.0009085613955660226,1,[1],[6296]
3,5,288,1172,0.0009085677571782735,0.0009085677571782735,1,[1],[6253]
4,5,288,1172,0.0009093077571782771,7.400000000036284e-07,1,[1],[6285]
5,5,288,1173,0.0009085942497609399,0.0009085942497609399,1,[1],[6302]
6,5,288,1173,0.0009091642497609427,5.700000000027948e-07,1,[1],[6249]
7,5,288,1173,0.0009102242497609479,1.0600000000051974e-06,1,[1],[6208]
8,5,288,1174,0.0009086693686489447,0.0009086693686489447,1,[1],[6267]
9,5,288,1174,0.0009091693686489471,5.000000000024516e-07,1,[1],[6267]
10,5,288,1174,0.00090974936864895,5.800000000028439e-07,1,[1],[6293]
11,5,288,1175,0.0009087240458247215,0.0009087240458247215,1,[1],[6312]
12,5,288,1175,0.0009091740458247237,4.5000000000220645e-07,1,[1],[6288]
13,5,288,1175,0.0009096040458247258,4.300000000021084e-07,1,[1],[6214]
14,5,288,1175,0.0009103840458247296,7.800000000038245e-07,1,[1],[6203]
15,5,288,1176,0.0009088236147215983,0.0009088236147215983,1,[1],[6279]
16,5,288,1176,0.0009092436147216003,4.2000000000205935e-07,1,[1],[6292]
17,5,288,1176,0.0009096336147216023,3.9000000000191225e-07,1,[1],[6248]
18,5,288,1176,0.000910193614721605,5.600000000027458e-07,1,[1],[6194]
19,5,288,1177,0.0009089297217019781,0.0009089297217019781,2,"[1, 5]","[6360, 1]"
20,5,288,1177,0.00090932972170198,4.000000000019613e-07,1,[1],[6178]
21,5,288,1177,0.0009097097217019819,3.800000000018632e-07,2,"[1, 5]","[6345, 1]"
22,5,288,1177,0.0009101997217019843,4.900000000024026e-07,2,"[1, 5]","[6189, 1]"
23,5,288,1178,0.0009089904416089797,0.0009089904416089797,2,"[1, 5]","[6083, 192]"
24,5,288,1178,0.0009093904416089816,4.000000000019613e-07,2,"[1, 5]","[6098, 201]"
25,5,288,1178,0.0009097204416089833,3.3000000000161806e-07,3,"[1, 4, 5]","[5980, 1, 219]"
26,5,288,1178,0.0009101004416089851,3.800000000018632e-07,2,"[1, 5]","[6054, 215]"
27,5,288,1178,0.0009109304416089892,8.300000000040697e-07,2,"[1, 5]","[5950, 270]"
28,5,288,1179,0.0009090521562725277,0.0009090521562725277,3,"[1, 4, 5]","[5555, 61, 692]"
29,5,288,1179,0.0009094221562725295,3.700000000018142e-07,3,"[1, 4, 5]","[5603, 67, 632]"
30,5,288,1179,0.0009097321562725311,3.1000000000152e-07,3,"[1, 4, 5]","[5740, 70, 564]"
31,5,288,1179,0.0009100321562725325,3.0000000000147097e-07,3,"[1, 4, 5]","[5560, 61, 588]"
32,5,288,1179,0.0009104321562725345,4.000000000019613e-07,3,"[1, 4, 5]","[5474, 70, 568]"
33,5,288,1180,0.0009091212538392011,0.0009091212538392011,3,"[1, 4, 5]","[5330, 913, 27]"
34,5,288,1180,0.0009094812538392029,3.6000000000176516e-07,3,"[1, 4, 5]","[5390, 908, 27]"
35,5,288,1180,0.0009097612538392042,2.800000000013729e-07,3,"[1, 4, 5]","[5343, 796, 24]"
36,5,288,1180,0.0009100412538392056,2.800000000013729e-07,3,"[1, 4, 5]","[5516, 727, 28]"
37,5,288,1180,0.0009103812538392073,3.400000000016671e-07,3,"[1, 4, 5]","[5485, 722, 25]"
38,5,288,1180,0.0009110712538392107,6.900000000033832e-07,3,"[1, 4, 5]","[5547, 686, 20]"
39,5,288,1181,0.0009092449410298566,0.0009092449410298566,3,"[1, 3, 4]","[6028, 11, 230]"
40,5,288,1181,0.0009096149410298584,3.700000000018142e-07,3,"[1, 3, 4]","[6182, 12, 171]"
41,5,288,1181,0.0009099149410298599,3.0000000000147097e-07,3,"[1, 3, 4]","[6144, 12, 152]"
42,5,288,1181,0.0009102149410298614,3.0000000000147097e-07,3,"[1, 3, 4]","[5989, 8, 126]"
43,5,288,1181,0.0009106149410298633,4.000000000019613e-07,3,"[1, 3, 4]","[6167, 6, 122]"
44,5,288,1182,0.0009093246333597704,0.0009093246333597704,2,"[1, 3]","[5957, 387]"
45,5,288,1182,0.0009096846333597722,3.6000000000176516e-07,2,"[1, 3]","[5946, 416]"
46,5,288,1182,0.0009099646333597736,2.800000000013729e-07,2,"[1, 3]","[5737, 456]"
47,5,288,1182,0.0009102446333597749,2.800000000013729e-07,2,"[1, 3]","[5675, 521]"
48,5,288,1182,0.0009105846333597766,3.400000000016671e-07,2,"[1, 3]","[5713, 503]"
49,5,288,1182,0.00091128463335978,7.000000000034323e-07,2,"[1, 3]","[5658, 552]"
50,5,288,1183,0.000909422141467125,0.000909422141467125,2,"[1, 3]","[6139, 264]"
51,5,288,1183,0.0009097821414671268,3.6000000000176516e-07,2,"[1, 3]","[5906, 287]"
52,5,288,1183,0.0009100821414671283,3.0000000000147097e-07,2,"[1, 3]","[5955, 288]"
53,5,288,1183,0.0009103921414671298,3.1000000000152e-07,2,"[1, 3]","[5936, 303]"
54,5,288,1183,0.0009108221414671319,4.300000000021084e-07,2,"[1, 3]","[5933, 304]"
55,5,288,1184,0.0009094772320152838,0.0009094772320152838,3,"[1, 2, 3]","[6330, 30, 3]"
56,5,288,1184,0.0009098572320152857,3.800000000018632e-07,3,"[1, 2, 3]","[6245, 18, 1]"
57,5,288,1184,0.0009101672320152872,3.1000000000152e-07,3,"[1, 2, 3]","[6154, 24, 1]"
58,5,288,1184,0.0009104972320152888,3.3000000000161806e-07,3,"[1, 2, 3]","[6245, 32, 2]"
59,5,288,1184,0.0009109672320152911,4.700000000023045e-07,3,"[1, 2, 3]","[6166, 42, 2]"
60,5,288,1185,0.0009095028957814895,0.0009095028957814895,2,"[1, 2]","[5849, 524]"
61,5,288,1185,0.0009098628957814913,3.6000000000176516e-07,2,"[1, 2]","[5588, 591]"
62,5,288,1185,0.0009101628957814928,3.0000000000147097e-07,2,"[1, 2]","[5631, 635]"
63,5,288,1185,0.0009104628957814942,3.0000000000147097e-07,2,"[1, 2]","[5523, 688]"
64,5,288,1185,0.0009108328957814961,3.700000000018142e-07,2,"[1, 2]","[5564, 660]"
65,5,288,1186,0.0009095685862230588,0.0009095685862230588,2,"[1, 2]","[6158, 189]"
66,5,288,1186,0.0009099485862230607,3.800000000018632e-07,2,"[1, 2]","[5996, 182]"
67,5,288,1186,0.0009102785862230623,3.3000000000161806e-07,2,"[1, 2]","[6130, 237]"
68,5,288,1186,0.000910628586223064,3.500000000017161e-07,2,"[1, 2]","[5933, 233]"
69,5,288,1186,0.0009111985862230668,5.700000000027948e-07,2,"[1, 2]","[5944, 258]"
70,5,288,1187,0.0009095927823807637,0.0009095927823807637,1,[1],[6253]
71,5,288,1187,0.0009100027823807657,4.100000000020103e-07,1,[1],[6259]
72,5,288,1187,0.0009103427823807673,3.400000000016671e-07,1,[1],[6259]
73,5,288,1187,0.0009107327823807693,3.9000000000191225e-07,1,[1],[6310]
74,5,288,1187,0.0009117727823807744,1.0400000000050993e-06,1,[1],[6174]
75,5,288,1188,0.0009100082052901827,0.0009100082052901827,1,[1],[6323]
76,5,288,1188,0.0009107082052901861,7.000000000034323e-07,1,[1],[6194]
77,5,289,1154,0.0009094366154889083,0.0009094366154889083,2,"[1, 7]","[5948, 352]"
78,5,289,1155,0.0009090920369109846,0.0009090920369109846,2,"[1, 7]","[6276, 35]"
79,5,289,1155,0.0009098720369109884,7.800000000038245e-07,2,"[1, 7]","[6193, 48]"
80,5,289,1156,0.0009089740395592386,0.0009089740395592386,1,[1],[6272]
81,5,289,1156,0.0009097140395592422,7.400000000036284e-07,1,[1],[6233]
82,5,289,1157,0.0009087961752124665,0.0009087961752124665,1,[1],[6305]
83,5,289,1157,0.0009093961752124695,6.000000000029419e-07,1,[1],[6272]
84,5,289,1158,0.0009085320932404325,0.0009085320932404325,1,[1],[6253]
85,5,289,1158,0.000909042093240435,5.100000000025006e-07,1,[1],[6254]
86,5,289,1158,0.0009096220932404378,5.800000000028439e-07,1,[1],[6263]
87,5,289,1159,0.0009082767291390023,0.0009082767291390023,1,[1],[6280]
88,5,289,1159,0.0009087167291390044,4.400000000021574e-07,1,[1],[6244]
89,5,289,1159,0.0009091467291390065,4.300000000021084e-07,1,[1],[6290]
90,5,289,1159,0.0009098767291390101,7.300000000035793e-07,1,[1],[6186]
91,5,289,1160,0.0009080521891818362,0.0009080521891818362,1,[1],[6348]
92,5,289,1160,0.0009084721891818383,4.2000000000205935e-07,1,[1],[6226]
93,5,289,1160,0.0009088621891818402,3.9000000000191225e-07,1,[1],[6237]
94,5,289,1160,0.0009094021891818428,5.400000000026477e-07,1,[1],[6255]
95,5,289,1161,0.0009077914505156768,0.0009077914505156768,1,[1],[6297]
96,5,289,1161,0.0009081914505156787,4.000000000019613e-07,1,[1],[6313]
97,5,289,1161,0.0009085214505156803,3.3000000000161806e-07,1,[1],[6294]
98,5,289,1161,0.0009088814505156821,3.6000000000176516e-07,1,[1],[6130]
99,5,289,1161,0.0009095514505156854,6.700000000032852e-07,1,[1],[6230]
100,5,289,1162,0.000907592036485338,0.000907592036485338,1,[1],[6316]
101,5,289,1162,0.0009079820364853399,3.9000000000191225e-07,1,[1],[6344]
102,5,289,1162,0.0009082920364853414,3.1000000000152e-07,1,[1],[6222]
103,5,289,1162,0.0009086220364853431,3.3000000000161806e-07,1,[1],[6144]
104,5,289,1162,0.0009091020364853454,4.800000000023535e-07,1,[1],[6229]
105,5,289,1163,0.0009073920017414713,0.0009073920017414713,1,[1],[6260]
106,5,289,1163,0.0009077720017414731,3.800000000018632e-07,1,[1],[6400]
107,5,289,1163,0.0009080720017414746,3.0000000000147097e-07,1,[1],[6221]
108,5,289,1163,0.0009083720017414761,3.0000000000147097e-07,1,[1],[6143]
109,5,289,1163,0.0009087820017414781,4.100000000020103e-07,1,[1],[6323]
110,5,289,1164,0.0009072179806635637,0.0009072179806635637,1,[1],[6254]
111,5,289,1164,0.0009075879806635655,3.700000000018142e-07,1,[1],[6392]
112,5,289,1164,0.000907887980663567,3.0000000000147097e-07,1,[1],[6286]
113,5,289,1164,0.0009081779806635684,2.9000000000142193e-07,1,[1],[6081]
114,5,289,1164,0.0009085479806635702,3.700000000018142e-07,1,[1],[6346]
115,5,289,1165,0.0009070700443516744,0.0009070700443516744,1,[1],[6335]
116,5,289,1165,0.0009074400443516762,3.700000000018142e-07,1,[1],[6336]
117,5,289,1165,0.0009077400443516777,3.0000000000147097e-07,1,[1],[6200]
118,5,289,1165,0.0009080400443516792,3.0000000000147097e-07,1,[1],[6242]
119,5,289,1165,0.0009084300443516811,3.9000000000191225e-07,1,[1],[6172]
120,5,289,1166,0.0009070499421284367,0.0009070499421284367,1,[1],[6366]
121,5,289,1166,0.0009073999421284384,3.500000000017161e-07,1,[1],[6214]
122,5,289,1166,0.0009076799421284398,2.800000000013729e-07,1,[1],[6293]
123,5,289,1166,0.0009079599421284412,2.800000000013729e-07,1,[1],[6172]
124,5,289,1166,0.0009082999421284429,3.400000000016671e-07,1,[1],[6359]
125,5,289,1166,0.0009089199421284459,6.2000000000304e-07,1,[1],[6136]
126,5,289,1167,0.0009071616309689668,0.0009071616309689668,1,[1],[6278]
127,5,289,1167,0.0009075116309689685,3.500000000017161e-07,1,[1],[6311]
128,5,289,1167,0.0009077816309689699,2.7000000000132387e-07,1,[1],[6264]
129,5,289,1167,0.0009080416309689711,2.6000000000127484e-07,1,[1],[6204]
130,5,289,1167,0.0009083316309689726,2.9000000000142193e-07,1,[1],[6266]
131,5,289,1167,0.0009087616309689747,4.300000000021084e-07,1,[1],[6205]
132,5,289,1168,0.0009073086922074359,0.0009073086922074359,1,[1],[6324]
133,5,289,1168,0.0009076586922074376,3.500000000017161e-07,1,[1],[6263]
134,5,289,1168,0.000907928692207439,2.7000000000132387e-07,1,[1],[6214]
135,5,289,1168,0.0009081886922074402,2.6000000000127484e-07,1,[1],[6377]
136,5,289,1168,0.0009084686922074416,2.800000000013729e-07,1,[1],[6129]
137,5,289,1168,0.0009088886922074437,4.2000000000205935e-07,1,[1],[6270]
138,5,289,1169,0.0009075057323773873,0.0009075057323773873,1,[1],[6404]
139,5,289,1169,0.000907855732377389,3.500000000017161e-07,1,[1],[6297]
140,5,289,1169,0.0009081257323773904,2.7000000000132387e-07,1,[1],[6198]
141,5,289,1169,0.0009083857323773916,2.6000000000127484e-07,1,[1],[6163]
142,5,289,1169,0.0009086957323773932,3.1000000000152e-07,1,[1],[6313]
143,5,289,1169,0.0009091757323773955,4.800000000023535e-07,1,[1],[6139]
144,5,289,1170,0.0009076958210086802,0.0009076958210086802,1,[1],[6283]
145,5,289,1170,0.000908055821008682,3.6000000000176516e-07,1,[1],[6260]
146,5,289,1170,0.0009083458210086834,2.9000000000142193e-07,1,[1],[6251]
147,5,289,1170,0.0009086358210086848,2.9000000000142193e-07,1,[1],[6275]
148,5,289,1170,0.0009089858210086866,3.500000000017161e-07,1,[1],[6265]
149,5,289,1170,0.0009097658210086904,7.800000000038245e-07,1,[1],[6169]
150,5,289,1171,0.0009079333674995325,0.0009079333674995325,1,[1],[6328]
151,5,289,1171,0.0009083233674995344,3.9000000000191225e-07,1,[1],[6216]
152,5,289,1171,0.000908653367499536,3.3000000000161806e-07,1,[1],[6371]
153,5,289,1171,0.0009090033674995378,3.500000000017161e-07,1,[1],[6207]
154,5,289,1171,0.0009095933674995407,5.900000000028929e-07,1,[1],[6165]
155,5,289,1172,0.000908193419357745,0.000908193419357745,1,[1],[6316]
156,5,289,1172,0.000908603419357747,4.100000000020103e-07,1,[1],[6291]
157,5,289,1172,0.0009089634193577488,3.6000000000176516e-07,1,[1],[6187]
158,5,289,1172,0.000909423419357751,4.600000000022555e-07,1,[1],[6254]
159,5,289,1173,0.0009084062363960406,0.0009084062363960406,1,[1],[6317]
160,5,289,1173,0.0009088562363960428,4.5000000000220645e-07,1,[1],[6319]
161,5,289,1173,0.0009092762363960449,4.2000000000205935e-07,1,[1],[6181]
162,5,289,1173,0.0009100062363960484,7.300000000035793e-07,1,[1],[6222]
163,5,289,1174,0.0009086401018126609,0.0009086401018126609,1,[1],[6289]
164,5,289,1174,0.0009091401018126633,5.000000000024516e-07,1,[1],[6277]
165,5,289,1174,0.000909680101812666,5.400000000026477e-07,1,[1],[6201]
166,5,289,1175,0.0009088468895748585,0.0009088468895748585,1,[1],[6292]
167,5,289,1175,0.0009093768895748611,5.300000000025987e-07,1,[1],[6223]
168,5,289,1175,0.0009100768895748645,7.000000000034323e-07,1,[1],[6254]
169,5,289,1176,0.0009090711289572813,0.0009090711289572813,1,[1],[6293]
170,5,289,1176,0.0009097111289572844,6.400000000031381e-07,1,[1],[6230]
171,5,289,1177,0.0009093601697280902,0.0009093601697280902,2,"[1, 5]","[6271, 1]"
172,5,289,1177,0.0009103101697280949,9.500000000046581e-07,1,[1],[6238]
173,5,289,1178,0.0009096038564194517,0.0009096038564194517,2,"[1, 5]","[6118, 138]"
174,5,289,1179,0.0009098346580076978,0.0009098346580076978,3,"[1, 4, 5]","[5580, 55, 645]"
175,5,289,1180,0.0009100529722960139,0.0009100529722960139,3,"[1, 4, 5]","[5438, 820, 38]"
176,5,289,1181,0.0009104607923468881,0.0009104607923468881,3,"[1, 3, 4]","[6109, 6, 167]"
177,5,289,1182,0.000910764696531861,0.000910764696531861,2,"[1, 3]","[5825, 442]"
178,5,290,1154,0.0009083654824622026,0.0009083654824622026,2,"[1, 7]","[5179, 1182]"
179,5,290,1154,0.0009086654824622041,3.0000000000147097e-07,2,"[1, 7]","[5127, 1071]"
180,5,290,1154,0.0009088854824622052,2.200000000010787e-07,2,"[1, 7]","[5245, 1119]"
181,5,290,1154,0.0009090754824622061,1.900000000009316e-07,2,"[1, 7]","[5303, 1116]"
182,5,290,1154,0.0009092454824622069,1.7000000000083355e-07,2,"[1, 7]","[5020, 1039]"
183,5,290,1154,0.0009094254824622078,1.8000000000088258e-07,2,"[1, 7]","[5300, 1073]"
184,5,290,1154,0.0009096154824622088,1.900000000009316e-07,2,"[1, 7]","[5058, 1006]"
185,5,290,1154,0.0009098454824622099,2.3000000000112774e-07,2,"[1, 7]","[5273, 977]"
186,5,290,1154,0.0009101754824622115,3.3000000000161806e-07,2,"[1, 7]","[5227, 971]"
187,5,290,1155,0.0009083201590514559,0.0009083201590514559,2,"[1, 7]","[5745, 542]"
188,5,290,1155,0.0009086101590514574,2.9000000000142193e-07,2,"[1, 7]","[6025, 418]"
189,5,290,1155,0.0009088101590514583,2.0000000000098064e-07,2,"[1, 7]","[5968, 402]"
190,5,290,1155,0.0009089701590514591,1.6000000000078451e-07,2,"[1, 7]","[5611, 360]"
191,5,290,1155,0.0009091201590514599,1.5000000000073548e-07,2,"[1, 7]","[5827, 394]"
192,5,290,1155,0.0009092701590514606,1.5000000000073548e-07,2,"[1, 7]","[6071, 383]"
193,5,290,1155,0.0009094201590514613,1.5000000000073548e-07,2,"[1, 7]","[5948, 387]"
194,5,290,1155,0.0009095701590514621,1.5000000000073548e-07,2,"[1, 7]","[5798, 294]"
195,5,290,1155,0.0009097401590514629,1.7000000000083355e-07,2,"[1, 7]","[5806, 324]"
196,5,290,1155,0.000909960159051464,2.200000000010787e-07,2,"[1, 7]","[5905, 314]"
197,5,290,1155,0.0009103001590514656,3.400000000016671e-07,2,"[1, 7]","[6046, 318]"
198,5,290,1156,0.0009083099570407852,0.0009083099570407852,2,"[1, 7]","[6272, 11]"
199,5,290,1156,0.0009086199570407867,3.1000000000152e-07,2,"[1, 7]","[6385, 7]"
200,5,290,1156,0.0009088399570407878,2.200000000010787e-07,2,"[1, 7]","[6204, 8]"
201,5,290,1156,0.0009090299570407887,1.900000000009316e-07,2,"[1, 7]","[6293, 8]"
202,5,290,1156,0.0009092099570407896,1.8000000000088258e-07,2,"[1, 7]","[6109, 9]"
203,5,290,1156,0.0009093999570407906,1.900000000009316e-07,2,"[1, 7]","[6265, 8]"
204,5,290,1156,0.0009096099570407916,2.1000000000102968e-07,2,"[1, 7]","[6200, 14]"
205,5,290,1156,0.000909889957040793,2.800000000013729e-07,2,"[1, 7]","[6326, 9]"
206,5,290,1156,0.0009104399570407957,5.500000000026968e-07,2,"[1, 7]","[6162, 6]"
207,5,290,1157,0.000908276289753053,0.000908276289753053,1,[1],[6392]
208,5,290,1157,0.0009085962897530546,3.2000000000156903e-07,1,[1],[6241]
209,5,290,1157,0.0009088262897530557,2.3000000000112774e-07,1,[1],[6211]
210,5,290,1157,0.0009090362897530567,2.1000000000102968e-07,1,[1],[6237]
211,5,290,1157,0.0009092462897530578,2.1000000000102968e-07,1,[1],[6312]
212,5,290,1157,0.0009094762897530589,2.3000000000112774e-07,1,[1],[6300]
213,5,290,1157,0.0009097562897530603,2.800000000013729e-07,1,[1],[6081]
214,5,290,1157,0.0009103662897530632,6.10000000002991e-07,1,[1],[6265]
215,5,290,1158,0.0009082218850675901,0.0009082218850675901,1,[1],[6310]
216,5,290,1158,0.0009085618850675918,3.400000000016671e-07,1,[1],[6232]
217,5,290,1158,0.0009088318850675931,2.7000000000132387e-07,1,[1],[6430]
218,5,290,1158,0.0009090718850675943,2.4000000000117677e-07,1,[1],[6097]
219,5,290,1158,0.0009093418850675956,2.7000000000132387e-07,1,[1],[6356]
220,5,290,1158,0.0009096718850675973,3.3000000000161806e-07,1,[1],[6087]
221,5,290,1158,0.0009107418850676025,1.0700000000052464e-06,1,[1],[6245]
222,5,290,1159,0.0009081072275781614,0.0009081072275781614,1,[1],[6315]
223,5,290,1159,0.0009084672275781632,3.6000000000176516e-07,1,[1],[6222]
224,5,290,1159,0.0009087572275781646,2.9000000000142193e-07,1,[1],[6234]
225,5,290,1159,0.0009090572275781661,3.0000000000147097e-07,1,[1],[6418]
226,5,290,1159,0.0009094072275781678,3.500000000017161e-07,1,[1],[6130]
227,5,290,1159,0.000910267227578172,8.600000000042168e-07,1,[1],[6196]
228,5,290,1160,0.0009080253191472024,0.0009080253191472024,1,[1],[6330]
229,5,290,1160,0.0009084253191472044,4.000000000019613e-07,1,[1],[6309]
230,5,290,1160,0.0009087753191472061,3.500000000017161e-07,1,[1],[6268]
231,5,290,1160,0.0009092053191472082,4.300000000021084e-07,1,[1],[6212]
232,5,290,1161,0.0009079090450258412,0.0009079090450258412,1,[1],[6318]
233,5,290,1161,0.0009083490450258433,4.400000000021574e-07,1,[1],[6316]
234,5,290,1161,0.0009087590450258453,4.100000000020103e-07,1,[1],[6162]
235,5,290,1161,0.0009094490450258487,6.900000000033832e-07,1,[1],[6214]
236,5,290,1162,0.0009077927733668051,0.0009077927733668051,1,[1],[6253]
237,5,290,1162,0.0009082927733668075,5.000000000024516e-07,1,[1],[6354]
238,5,290,1162,0.00090880277336681,5.100000000025006e-07,1,[1],[6174]
239,5,290,1163,0.000907708559224891,0.000907708559224891,1,[1],[6290]
240,5,290,1163,0.0009082585592248937,5.500000000026968e-07,1,[1],[6241]
241,5,290,1163,0.0009090485592248976,7.900000000038735e-07,1,[1],[6240]
242,5,290,1164,0.0009076778504548652,0.0009076778504548652,1,[1],[6321]
243,5,290,1164,0.0009083778504548687,7.000000000034323e-07,1,[1],[6242]
244,5,290,1165,0.0009076177469501739,0.0009076177469501739,1,[1],[6291]
245,5,290,1165,0.0009085177469501783,9.000000000044129e-07,1,[1],[6219]
246,5,290,1166,0.0009077643269064246,0.0009077643269064246,1,[1],[6306]
247,5,290,1167,0.0009082920696763705,0.0009082920696763705,1,[1],[6269]
248,5,291,1154,0.0009092539270422594,0.0009092539270422594,2,"[1, 7]","[1960, 4357]"
249,5,291,1155,0.0009087375355200159,0.0009087375355200159,2,"[1, 7]","[959, 5381]"
250,5,291,1155,0.0009092575355200184,5.200000000025497e-07,2,"[1, 7]","[1309, 4868]"
251,5,291,1155,0.0009099375355200218,6.800000000033342e-07,2,"[1, 7]","[1600, 4642]"
252,5,292,1155,0.0009090980060290674,0.0009090980060290674,1,[7],[6306]
253,5,292,1156,0.000908743222623681,0.000908743222623681,1,[7],[6317]
254,5,292,1156,0.0009095832226236852,8.400000000041187e-07,2,"[1, 7]","[1, 6222]"
255,5,293,1156,0.0009087219249534152,0.0009087219249534152,1,[7],[6252]
256,5,293,1156,0.000909891924953421,1.1700000000057368e-06,1,[7],[6260]
257,5,293,1157,0.0009086739962256564,0.0009086739962256564,1,[7],[6280]
258,5,294,1157,0.0009084194328376669,0.0009084194328376669,1,[7],[6261]
259,5,294,1157,0.0009092194328376708,8.000000000039226e-07,1,[7],[6273]
260,5,294,1158,0.0009087180725083458,0.0009087180725083458,1,[7],[6303]
261,5,295,1158,0.0009081594593905856,0.0009081594593905856,1,[7],[6303]
262,5,295,1158,0.0009088294593905889,6.700000000032852e-07,1,[7],[6214]
263,5,295,1159,0.0009090345255023778,0.0009090345255023778,1,[7],[6270]
264,5,296,1159,0.0009079740186619255,0.0009079740186619255,1,[7],[6280]
265,5,296,1159,0.0009086340186619287,6.600000000032361e-07,1,[7],[6228]
266,5,297,1159,0.0009087361946349528,0.0009087361946349528,1,[7],[6256]
267,5,297,1160,0.0009077342871823466,0.0009077342871823466,1,[7],[6327]
268,5,297,1160,0.0009083142871823494,5.800000000028439e-07,1,[7],[6242]
269,5,298,1160,0.0009080023080180328,0.0009080023080180328,1,[7],[6311]
270,5,298,1161,0.0009076012072576628,0.0009076012072576628,1,[7],[6320]
271,5,298,1161,0.000908241207257666,6.400000000031381e-07,1,[7],[6238]
272,5,299,1161,0.0009076145584308169,0.0009076145584308169,1,[7],[6308]
273,5,299,1161,0.0009084845584308212,8.700000000042658e-07,1,[7],[6206]
274,5,299,1162,0.0009075312328863707,0.0009075312328863707,1,[7],[6295]
275,5,299,1162,0.000908411232886375,8.800000000043148e-07,1,[7],[6217]
276,5,300,1162,0.0009073023258624192,0.0009073023258624192,1,[7],[6276]
277,5,300,1162,0.0009079423258624223,6.400000000031381e-07,1,[7],[6232]
278,5,300,1163,0.0009075582260254214,0.0009075582260254214,1,[7],[6279]
279,5,301,1163,0.0009070497784076297,0.0009070497784076297,2,"[7, 8]","[6274, 2]"
280,5,301,1163,0.0009076197784076325,5.700000000027948e-07,2,"[7, 8]","[6259, 3]"
281,5,301,1163,0.0009087997784076383,1.1800000000057858e-06,2,"[7, 8]","[6210, 4]"
282,5,301,1164,0.0009077669473731159,0.0009077669473731159,2,"[7, 8]","[6170, 115]"
283,5,302,1163,0.0009086812530075604,0.0009086812530075604,2,"[7, 8]","[5874, 381]"
284,5,302,1164,0.0009067165821773958,0.0009067165821773958,2,"[7, 8]","[4646, 1686]"
285,5,302,1164,0.000907166582177398,4.5000000000220645e-07,2,"[7, 8]","[4527, 1753]"
286,5,302,1164,0.0009076265821774003,4.600000000022555e-07,2,"[7, 8]","[4427, 1781]"
287,5,302,1164,0.0009089065821774066,1.2800000000062761e-06,2,"[7, 8]","[4405, 1775]"
288,5,302,1165,0.0009081206700048205,0.0009081206700048205,2,"[7, 8]","[4669, 1585]"
289,5,303,1164,0.0009071500385296887,0.0009071500385296887,2,"[7, 8]","[4321, 1947]"
290,5,303,1165,0.0009067613543984949,0.0009067613543984949,2,"[7, 8]","[5950, 312]"
291,5,303,1165,0.0009073413543984977,5.800000000028439e-07,2,"[7, 8]","[5953, 352]"
292,5,303,1165,0.0009086413543985041,1.3000000000063742e-06,2,"[7, 8]","[5772, 414]"
293,5,304,1165,0.0009071291048860773,0.0009071291048860773,2,"[7, 8]","[6280, 5]"
294,5,304,1166,0.0009067956860388865,0.0009067956860388865,1,[7],[6271]
295,5,304,1166,0.0009075056860388899,7.100000000034813e-07,1,[7],[6250]
296,5,305,1166,0.0009068625195296359,0.0009068625195296359,1,[7],[6325]
297,5,305,1166,0.0009078525195296408,9.900000000048542e-07,1,[7],[6194]
298,5,305,1167,0.0009068150789714373,0.0009068150789714373,1,[7],[6301]
299,5,305,1167,0.0009078150789714422,1.0000000000049032e-06,1,[7],[6203]
300,5,306,1167,0.000906652245761491,0.000906652245761491,2,"[7, 9]","[6279, 6]"
301,5,306,1167,0.0009073422457614944,6.900000000033832e-07,2,"[7, 9]","[6247, 3]"
302,5,306,1168,0.0009069113454931771,0.0009069113454931771,2,"[7, 9]","[6029, 246]"
303,5,307,1168,0.000906444660967518,0.000906444660967518,2,"[7, 9]","[5237, 1093]"
304,5,307,1168,0.0009069646609675205,5.200000000025497e-07,2,"[7, 9]","[5075, 1193]"
305,5,307,1168,0.0009076546609675239,6.900000000033832e-07,2,"[7, 9]","[4963, 1198]"
306,5,307,1169,0.0009069956240394636,0.0009069956240394636,2,"[7, 9]","[5136, 1121]"
307,5,308,1169,0.0009064782850098691,0.0009064782850098691,2,"[7, 9]","[6264, 75]"
308,5,308,1169,0.000907088285009872,6.10000000002991e-07,2,"[7, 9]","[6121, 77]"
309,5,309,1169,0.000908014253306045,0.000908014253306045,3,"[7, 10, 11]","[6138, 49, 69]"
310,5,309,1170,0.000906147141979165,0.000906147141979165,4,"[7, 10, 11, 513]","[3399, 1811, 1141, 1]"
311,5,309,1170,0.0009066071419791673,4.600000000022555e-07,4,"[7, 10, 11, 513]","[4183, 1073, 954, 1]"
312,5,309,1170,0.0009070471419791694,4.400000000021574e-07,3,"[7, 10, 11]","[4606, 757, 867]"
313,5,309,1170,0.0009078771419791735,8.300000000040697e-07,3,"[7, 10, 11]","[4916, 562, 736]"
314,5,309,1171,0.000906193120183757,0.000906193120183757,5,"[7, 10, 11, 513, 514]","[1058, 4582, 628, 5, 3]"
315,5,309,1171,0.0009070631201837612,8.700000000042658e-07,5,"[7, 10, 11, 513, 514]","[2212, 3177, 852, 2, 1]"
316,5,310,1170,0.0009060408657429642,0.0009060408657429642,3,"[7, 10, 11]","[1329, 2303, 2621]"
317,5,310,1170,0.0009065508657429667,5.100000000025006e-07,4,"[7, 10, 11, 514]","[2094, 1565, 2699, 1]"
318,5,310,1170,0.0009070708657429692,5.200000000025497e-07,3,"[7, 10, 11]","[2536, 1185, 2472]"
319,5,310,1171,0.0009057507482665054,0.0009057507482665054,4,"[7, 10, 11, 513]","[1421, 4192, 701, 3]"
320,5,310,1171,0.0009061507482665073,4.000000000019613e-07,5,"[7, 10, 11, 513, 514]","[2207, 3222, 859, 2, 1]"
321,5,310,1171,0.0009064707482665089,3.2000000000156903e-07,4,"[7, 10, 11, 513]","[2892, 2555, 818, 4]"
322,5,310,1171,0.0009067907482665105,3.2000000000156903e-07,5,"[7, 10, 11, 513, 514]","[3407, 1918, 884, 3, 1]"
323,5,310,1171,0.0009071907482665124,4.000000000019613e-07,5,"[7, 10, 11, 513, 514]","[3915, 1488, 767, 2, 1]"
324,5,311,1171,0.0009067445401550196,0.0009067445401550196,4,"[7, 10, 11, 513]","[5877, 273, 141, 1]"
325,5,311,1172,0.0009064986073832097,0.0009064986073832097,2,"[7, 10]","[6330, 7]"
326,5,311,1172,0.0009071386073832129,6.400000000031381e-07,2,"[7, 10]","[6164, 5]"
327,5,312,1172,0.0009066477881743763,0.0009066477881743763,1,[7],[6296]
328,5,312,1172,0.0009076277881743811,9.800000000048052e-07,1,[7],[6240]
329,5,312,1173,0.0009065776520530665,0.0009065776520530665,1,[7],[6314]
330,5,312,1173,0.0009073576520530703,7.800000000038245e-07,1,[7],[6214]
331,5,313,1173,0.0009065360194664047,0.0009065360194664047,1,[7],[6311]
332,5,313,1173,0.0009072460194664082,7.100000000034813e-07,1,[7],[6238]
333,5,313,1174,0.00090669381470662,0.00090669381470662,1,[7],[6276]
334,5,313,1174,0.0009081738147066272,1.4800000000072568e-06,1,[7],[6229]
335,5,314,1174,0.0009064639022126407,0.0009064639022126407,1,[7],[6347]
336,5,314,1174,0.0009070839022126437,6.2000000000304e-07,1,[7],[6197]
337,5,314,1175,0.0009068420477250209,0.0009068420477250209,1,[7],[6262]
338,5,315,1175,0.0009064090417851246,0.0009064090417851246,2,"[7, 12]","[6260, 27]"
339,5,315,1175,0.0009069990417851275,5.900000000028929e-07,2,"[7, 12]","[6262, 9]"
340,5,315,1176,0.0009070003740786172,0.0009070003740786172,4,"[7, 12, 508, 509]","[5390, 886, 1, 1]"
341,5,316,1176,0.0009058694161373354,0.0009058694161373354,4,"[7, 12, 508, 509]","[2074, 4178, 3, 1]"
342,5,316,1176,0.0009063294161373377,4.600000000022555e-07,4,"[7, 12, 508, 509]","[3444, 2893, 5, 1]"
343,5,316,1176,0.0009067294161373396,4.000000000019613e-07,4,"[7, 12, 508, 509]","[3981, 2185, 3, 2]"
344,5,316,1176,0.000907199416137342,4.700000000023045e-07,3,"[7, 12, 508]","[4537, 1690, 5]"
345,5,316,1177,0.0009067897678331405,0.0009067897678331405,3,"[7, 12, 508]","[3444, 2806, 5]"
346,5,317,1176,0.0009069515770003005,0.0009069515770003005,4,"[7, 12, 508, 509]","[4600, 1686, 4, 2]"
347,5,317,1177,0.0009063154668014837,0.0009063154668014837,3,"[7, 12, 508]","[5995, 334, 1]"
348,5,317,1177,0.0009068854668014865,5.700000000027948e-07,3,"[7, 12, 509]","[6082, 165, 1]"
349,5,317,1177,0.0009078954668014915,1.0100000000049522e-06,2,"[7, 12]","[6088, 91]"
350,5,318,1177,0.0009069541335576938,0.0009069541335576938,1,[7],[6254]
351,5,318,1178,0.0009063243075511936,0.0009063243075511936,1,[7],[6265]
352,5,318,1178,0.0009069443075511967,6.2000000000304e-07,1,[7],[6289]
353,5,319,1178,0.0009066854740651416,0.0009066854740651416,1,[7],[6292]
354,5,319,1179,0.0009063112649551784,0.0009063112649551784,1,[7],[6345]
355,5,319,1179,0.0009069712649551816,6.600000000032361e-07,1,[7],[6201]
356,5,320,1179,0.0009065002680906241,0.0009065002680906241,1,[7],[6296]
357,5,320,1179,0.0009078702680906308,1.3700000000067174e-06,1,[7],[6220]
358,5,320,1180,0.0009063223941593113,0.0009063223941593113,1,[7],[6280]
359,5,320,1180,0.000907072394159315,7.500000000036774e-07,1,[7],[6246]
360,5,321,1180,0.0009063274447691002,0.0009063274447691002,1,[7],[6292]
361,5,321,1180,0.0009071674447691043,8.400000000041187e-07,1,[7],[6234]
362,5,321,1181,0.0009063678024396583,0.0009063678024396583,2,"[7, 13]","[6250, 24]"
363,5,321,1181,0.000907337802439663,9.700000000047561e-07,2,"[7, 13]","[6228, 28]"
364,5,322,1181,0.0009061677124030985,0.0009061677124030985,2,"[7, 13]","[5695, 667]"
365,5,322,1181,0.0009067977124031016,6.30000000003089e-07,2,"[7, 13]","[5540, 626]"
366,5,322,1182,0.0009062553209784707,0.0009062553209784707,2,"[7, 13]","[4635, 1662]"
367,5,322,1182,0.0009070953209784748,8.400000000041187e-07,2,"[7, 13]","[4571, 1671]"
368,5,323,1182,0.0009060370250040621,0.0009060370250040621,2,"[7, 13]","[5825, 476]"
369,5,323,1182,0.000906617025004065,5.800000000028439e-07,2,"[7, 13]","[5647, 590]"
370,5,323,1183,0.0009064516695268216,0.0009064516695268216,2,"[7, 13]","[6226, 25]"
371,5,324,1183,0.0009058833230117096,0.0009058833230117096,1,[7],[6274]
372,5,324,1183,0.0009064833230117126,6.000000000029419e-07,1,[7],[6302]
373,5,324,1183,0.0009080133230117201,1.530000000007502e-06,1,[7],[6174]
374,5,324,1184,0.0009066787818740901,0.0009066787818740901,2,"[7, 14]","[6259, 23]"
375,5,325,1184,0.0009057079028525807,0.0009057079028525807,2,"[7, 14]","[5605, 699]"
376,5,325,1184,0.0009061979028525831,4.900000000024026e-07,2,"[7, 14]","[5429, 863]"
377,5,325,1184,0.0009067579028525859,5.600000000027458e-07,2,"[7, 14]","[5113, 1082]"
378,5,325,1185,0.0009062673751818021,0.0009062673751818021,2,"[7, 14]","[3813, 2452]"
379,5,326,1184,0.0009062246145683276,0.0009062246145683276,2,"[7, 14]","[4641, 1612]"
380,5,326,1185,0.0009056271157336814,0.0009056271157336814,2,"[7, 14]","[5507, 829]"
381,5,326,1185,0.0009061171157336838,4.900000000024026e-07,2,"[7, 14]","[5111, 1100]"
382,5,326,1185,0.0009066471157336864,5.300000000025987e-07,2,"[7, 14]","[4814, 1459]"
383,5,327,1185,0.0009061593208434094,0.0009061593208434094,2,"[7, 14]","[6256, 20]"
384,5,327,1186,0.0009057364372114733,0.0009057364372114733,1,[7],[6262]
385,5,327,1186,0.0009063664372114764,6.30000000003089e-07,1,[7],[6278]
386,5,328,1186,0.000905943509754462,0.000905943509754462,1,[7],[6258]
387,5,328,1186,0.0009070635097544675,1.1200000000054916e-06,1,[7],[6250]
388,5,328,1187,0.0009058351931869404,0.0009058351931869404,1,[7],[6274]
389,5,328,1187,0.0009065951931869441,7.600000000037264e-07,1,[7],[6240]
390,5,329,1187,0.000905799018839916,0.000905799018839916,1,[7],[6316]
391,5,329,1187,0.0009065190188399195,7.200000000035303e-07,1,[7],[6202]
392,5,329,1188,0.0009059948265916498,0.0009059948265916498,1,[7],[6285]
393,5,329,1188,0.0009078148265916587,1.8200000000089239e-06,1,[7],[6215]
394,5,330,1188,0.000905715694088832,0.000905715694088832,1,[7],[6311]
395,5,330,1188,0.000906335694088835,6.2000000000304e-07,1,[7],[6258]
396,5,330,1189,0.0009062105490201033,0.0009062105490201033,1,[7],[6298]
397,5,331,1189,0.000905654835054968,0.000905654835054968,2,"[7, 15]","[6267, 58]"
398,5,331,1189,0.0009062248350549708,5.700000000027948e-07,2,"[7, 15]","[6188, 58]"
399,5,331,1189,0.0009072748350549759,1.0500000000051484e-06,2,"[7, 15]","[6138, 52]"
400,5,331,1190,0.0009066395475859189,0.0009066395475859189,2,"[7, 15]","[5683, 587]"
401,5,332,1189,0.0009066669977025888,0.0009066669977025888,2,"[7, 15]","[5298, 969]"
402,5,332,1190,0.0009055738560190442,0.0009055738560190442,2,"[7, 15]","[4864, 1410]"
403,5,332,1190,0.0009060638560190466,4.900000000024026e-07,2,"[7, 15]","[5038, 1282]"
404,5,332,1190,0.0009066238560190493,5.600000000027458e-07,2,"[7, 15]","[4925, 1231]"
405,5,333,1190,0.0009062095390821245,0.0009062095390821245,2,"[7, 15]","[6009, 301]"
406,5,333,1191,0.0009058409932494832,0.0009058409932494832,2,"[7, 15]","[6310, 11]"
407,5,333,1191,0.0009064809932494863,6.400000000031381e-07,2,"[7, 15]","[6224, 9]"
408,5,334,1191,0.0009060570017664269,0.0009060570017664269,1,[7],[6279]
409,5,334,1191,0.000907107001766432,1.0500000000051484e-06,1,[7],[6235]
410,5,334,1192,0.0009060577554470009,0.0009060577554470009,1,[7],[6263]
411,5,334,1192,0.0009069677554470054,9.100000000044619e-07,1,[7],[6266]
412,5,335,1192,0.0009059945334716513,0.0009059945334716513,2,"[7, 16]","[6246, 13]"
413,5,335,1192,0.0009066545334716546,6.600000000032361e-07,2,"[7, 16]","[6272, 5]"
414,5,335,1193,0.0009063388230901384,0.0009063388230901384,3,"[7, 16, 17]","[5543, 686, 23]"
415,5,336,1193,0.0009052861465595044,0.0009052861465595044,3,"[7, 16, 17]","[1176, 5059, 122]"
416,5,336,1193,0.0009057461465595066,4.600000000022555e-07,3,"[7, 16, 17]","[2398, 3560, 252]"
417,5,336,1193,0.0009061161465595084,3.700000000018142e-07,3,"[7, 16, 17]","[3360, 2574, 399]"
418,5,336,1193,0.0009064761465595102,3.6000000000176516e-07,3,"[7, 16, 17]","[3980, 1686, 483]"
419,5,336,1193,0.0009069761465595127,5.000000000024516e-07,3,"[7, 16, 17]","[4483, 1236, 512]"
420,5,336,1194,0.0009058705072831868,0.0009058705072831868,3,"[7, 16, 17]","[1504, 4336, 463]"
421,5,336,1194,0.0009068305072831915,9.60000000004707e-07,3,"[7, 16, 17]","[3438, 1769, 1008]"
422,5,337,1193,0.0009061840045769432,0.0009061840045769432,3,"[7, 16, 17]","[2441, 3289, 534]"
423,5,337,1193,0.0009081440045769528,1.9600000000096103e-06,3,"[7, 16, 17]","[4499, 955, 782]"
424,5,337,1194,0.0009060812610394072,0.0009060812610394072,3,"[7, 16, 17]","[4608, 1246, 406]"
425,5,337,1194,0.0009066412610394099,5.600000000027458e-07,3,"[7, 16, 17]","[5647, 303, 349]"
426,5,337,1194,0.0009072912610394131,6.500000000031871e-07,3,"[7, 16, 17]","[5807, 100, 293]"
427,5,338,1194,0.0009068627562020759,0.0009068627562020759,3,"[7, 16, 17]","[6277, 6, 2]"
428,5,338,1195,0.0009066462583065119,0.0009066462583065119,1,[7],[6279]
429,5,338,1195,0.0009073362583065153,6.900000000033832e-07,2,"[7, 18]","[6280, 1]"
430,5,339,1195,0.0009068615948657788,0.0009068615948657788,2,"[7, 18]","[6162, 93]"
431,5,339,1195,0.0009076415948657827,7.800000000038245e-07,2,"[7, 18]","[6136, 122]"
432,5,339,1196,0.0009070649716384797,0.0009070649716384797,2,"[7, 18]","[5505, 810]"
433,5,339,1196,0.0009080449716384845,9.800000000048052e-07,2,"[7, 18]","[5428, 765]"
434,5,340,1196,0.0009069966705474857,0.0009069966705474857,2,"[7, 18]","[5004, 1333]"
435,5,340,1196,0.0009075266705474883,5.300000000025987e-07,2,"[7, 18]","[5169, 1004]"
436,5,340,1196,0.0009082266705474917,7.000000000034323e-07,2,"[7, 18]","[5532, 733]"
437,5,340,1197,0.0009079742871756818,0.0009079742871756818,2,"[7, 18]","[6058, 225]"
438,5,341,1197,0.0009076448825546967,0.0009076448825546967,2,"[7, 18]","[6337, 3]"
439,5,341,1197,0.0009082248825546996,5.800000000028439e-07,2,"[7, 18]","[6221, 1]"
440,5,341,1197,0.0009092048825547044,9.800000000048052e-07,2,"[7, 18]","[6208, 1]"
441,5,342,1197,0.0009087791462162079,0.0009087791462162079,1,[7],[6277]
442,5,342,1198,0.0009082694401627284,0.0009082694401627284,2,"[7, 19]","[6294, 2]"
443,5,342,1198,0.0009088794401627314,6.10000000002991e-07,2,"[7, 19]","[6305, 3]"
444,5,343,1198,0.0009088860981619708,0.0009088860981619708,2,"[7, 19]","[5937, 371]"
445,5,343,1198,0.0009100660981619766,1.1800000000057858e-06,2,"[7, 19]","[5253, 946]"
446,5,343,1199,0.000908841083339838,0.000908841083339838,2,"[7, 19]","[5133, 1118]"
447,5,343,1199,0.0009094010833398408,5.600000000027458e-07,2,"[7, 19]","[4748, 1520]"
448,5,343,1199,0.0009101510833398445,7.500000000036774e-07,2,"[7, 19]","[4514, 1722]"
449,5,344,1199,0.0009092555894733861,0.0009092555894733861,2,"[7, 19]","[5166, 1103]"
450,5,344,1199,0.0009098955894733892,6.400000000031381e-07,2,"[7, 19]","[5336, 904]"
451,5,344,1200,0.0009098736945790203,0.0009098736945790203,2,"[7, 19]","[6215, 97]"
452,5,344,1200,0.000911223694579027,1.3500000000066193e-06,2,"[7, 19]","[6163, 29]"
453,5,345,1200,0.0009100629110842627,0.0009100629110842627,2,"[7, 19]","[6350, 1]"
454,5,345,1200,0.0009106829110842658,6.2000000000304e-07,1,[7],[6183]
455,5,345,1200,0.0009122229110842733,1.540000000007551e-06,1,[7],[6219]
456,5,345,1201,0.0009111183146148703,0.0009111183146148703,1,[7],[6276]
457,5,346,1201,0.0009108195351706994,0.0009108195351706994,1,[7],[6297]
458,5,346,1201,0.0009114195351707024,6.000000000029419e-07,1,[7],[6210]
459,5,346,1201,0.000912359535170707,9.40000000004609e-07,1,[7],[6246]
460,5,347,1201,0.0009119678420045223,0.0009119678420045223,1,[7],[6262]
461,5,347,1202,0.0009116673381245557,0.0009116673381245557,1,[7],[6305]
462,5,347,1202,0.0009123173381245589,6.500000000031871e-07,1,[7],[6201]
463,5,348,1202,0.0009123849708704961,0.0009123849708704961,1,[7],[6251]
464,5,348,1202,0.0009136349708705022,1.250000000006129e-06,1,[7],[6250]
465,5,348,1203,0.0009126076023911833,0.0009126076023911833,1,[7],[6333]
466,5,348,1203,0.0009134276023911874,8.200000000040206e-07,1,[7],[6183]
467,5,349,1203,0.0009130572578692011,0.0009130572578692011,1,[7],[6274]
468,5,349,1203,0.0009138172578692049,7.600000000037264e-07,1,[7],[6250]
469,5,349,1204,0.0009137352684678517,0.0009137352684678517,1,[7],[6314]
470,5,349,1204,0.0009150352684678581,1.3000000000063742e-06,1,[7],[6199]
471,5,350,1204,0.000913971615694478,0.000913971615694478,1,[7],[6263]
472,5,350,1204,0.0009146116156944811,6.400000000031381e-07,1,[7],[6292]
473,5,350,1204,0.0009156616156944863,1.0500000000051484e-06,1,[7],[6218]
474,5,350,1205,0.0009150257607995541,0.0009150257607995541,1,[7],[6260]
475,5,351,1205,0.0009150193865321724,0.0009150193865321724,1,[7],[6276]
476,5,351,1205,0.0009156293865321754,6.10000000002991e-07,1,[7],[6266]
477,5,351,1205,0.0009164693865321795,8.400000000041187e-07,1,[7],[6239]
478,5,351,1206,0.0009165229613046447,0.0009165229613046447,1,[7],[6265]
479,5,352,1205,0.000916988797291942,0.000916988797291942,1,[7],[6256]
480,5,352,1206,0.0009160802543201412,0.0009160802543201412,1,[7],[6334]
481,5,352,1206,0.0009166802543201442,6.000000000029419e-07,1,[7],[6269]
482,5,352,1206,0.0009174802543201481,8.000000000039226e-07,1,[7],[6179]
483,5,353,1206,0.0009173997468814775,0.0009173997468814775,1,[7],[6293]
484,5,353,1207,0.0009171922532899237,0.0009171922532899237,1,[7],[6301]
485,5,353,1207,0.0009178422532899269,6.500000000031871e-07,1,[7],[6201]
486,5,353,1207,0.0009189622532899324,1.1200000000054916e-06,1,[7],[6255]
487,5,354,1207,0.0009181402918076547,0.0009181402918076547,1,[7],[6275]
488,5,354,1207,0.0009197302918076625,1.5900000000077961e-06,1,[7],[6228]
489,5,354,1208,0.0009183091836295865,0.0009183091836295865,1,[7],[6286]
490,5,354,1208,0.0009189991836295899,6.900000000033832e-07,1,[7],[6293]
491,5,355,1208,0.0009189986339700381,0.0009189986339700381,1,[7],[6286]
492,5,355,1208,0.0009197686339700419,7.700000000037755e-07,1,[7],[6235]
493,5,355,1209,0.0009195495506922301,0.0009195495506922301,1,[7],[6295]
494,5,355,1209,0.0009204195506922343,8.700000000042658e-07,1,[7],[6260]
495,5,356,1209,0.0009199563668792762,0.0009199563668792762,1,[7],[6293]
496,5,356,1209,0.0009206163668792794,6.600000000032361e-07,1,[7],[6220]
497,5,356,1209,0.0009216963668792847,1.0800000000052955e-06,1,[7],[6241]
498,5,356,1210,0.0009208567827941591,0.0009208567827941591,1,[7],[6281]
499,5,357,1210,0.0009210045633230435,0.0009210045633230435,2,"[7, 20]","[6251, 7]"
500,5,357,1210,0.0009216145633230465,6.10000000002991e-07,2,"[7, 20]","[6282, 31]"
501,5,357,1210,0.0009224145633230504,8.000000000039226e-07,2,"[7, 20]","[6114, 87]"
502,5,357,1211,0.0009222887010551943,0.0009222887010551943,2,"[7, 20]","[5758, 518]"
503,5,358,1210,0.0009221644485229102,0.0009221644485229102,2,"[7, 20]","[4053, 2229]"
504,5,358,1211,0.000921689814367019,0.000921689814367019,2,"[7, 20]","[3424, 2889]"
505,5,358,1211,0.0009220698143670208,3.800000000018632e-07,2,"[7, 20]","[3221, 3134]"
506,5,358,1211,0.0009223498143670222,2.800000000013729e-07,2,"[7, 20]","[3056, 3091]"
507,5,358,1211,0.0009226198143670235,2.7000000000132387e-07,2,"[7, 20]","[3127, 3161]"
508,5,358,1211,0.000922909814367025,2.9000000000142193e-07,2,"[7, 20]","[3034, 3222]"
509,5,358,1211,0.0009232698143670267,3.6000000000176516e-07,2,"[7, 20]","[3037, 3158]"
510,5,358,1211,0.0009243098143670318,1.0400000000050993e-06,2,"[7, 20]","[3192, 3020]"
511,5,358,1212,0.000923266757293951,0.000923266757293951,2,"[7, 20]","[4203, 2084]"
512,5,359,1211,0.0009222645593624721,0.0009222645593624721,2,"[7, 20]","[1657, 4626]"
513,5,359,1211,0.0009228745593624751,6.10000000002991e-07,2,"[7, 20]","[2639, 3652]"
514,5,359,1211,0.0009235645593624785,6.900000000033832e-07,2,"[7, 20]","[3614, 2590]"
515,5,359,1212,0.0009230196677993663,0.0009230196677993663,2,"[7, 20]","[5574, 689]"
516,5,359,1212,0.0009235896677993691,5.700000000027948e-07,2,"[7, 20]","[6037, 229]"
517,5,359,1212,0.0009242196677993722,6.30000000003089e-07,2,"[7, 20]","[6176, 86]"
518,5,360,1212,0.0009240297619060243,0.0009240297619060243,2,"[7, 20]","[6286, 5]"
519,5,360,1212,0.0009250697619060294,1.0400000000050993e-06,1,[7],[6224]
520,5,360,1213,0.0009242355643839472,0.0009242355643839472,1,[7],[6315]
521,5,360,1213,0.0009248655643839502,6.30000000003089e-07,1,[7],[6278]
522,5,360,1213,0.000925835564383955,9.700000000047561e-07,1,[7],[6182]
523,5,361,1213,0.0009249185680507762,0.0009249185680507762,1,[7],[6304]
524,5,361,1213,0.0009256485680507798,7.300000000035793e-07,1,[7],[6225]
525,5,361,1214,0.0009254588199905503,0.0009254588199905503,1,[7],[6271]
526,5,361,1214,0.0009262688199905542,8.100000000039716e-07,1,[7],[6268]
527,5,362,1214,0.000925927075532385,0.000925927075532385,1,[7],[6277]
528,5,362,1214,0.0009265470755323881,6.2000000000304e-07,1,[7],[6281]
529,5,362,1214,0.0009272870755323917,7.400000000036284e-07,1,[7],[6221]
530,5,362,1215,0.0009268325220782856,0.0009268325220782856,1,[7],[6290]
531,5,362,1215,0.0009280925220782918,1.260000000006178e-06,1,[7],[6224]
532,5,363,1215,0.0009270992836783457,0.0009270992836783457,1,[7],[6295]
533,5,363,1215,0.0009276592836783484,5.600000000027458e-07,1,[7],[6232]
534,5,363,1215,0.0009282392836783513,5.800000000028439e-07,1,[7],[6303]
535,5,363,1216,0.0009285292788850189,0.0009285292788850189,1,[7],[6260]
536,5,364,1215,0.0009287792153469059,0.0009287792153469059,1,[7],[6262]
537,5,364,1216,0.0009283141120823915,0.0009283141120823915,1,[7],[6301]
538,5,364,1216,0.0009288941120823944,5.800000000028439e-07,1,[7],[6303]
539,5,364,1216,0.0009294841120823972,5.900000000028929e-07,1,[7],[6177]
540,5,365,1216,0.0009295358983425528,0.0009295358983425528,1,[7],[6274]
541,5,365,1216,0.0009307858983425589,1.250000000006129e-06,1,[7],[6226]
542,5,365,1217,0.0009297057996788098,0.0009297057996788098,1,[7],[6267]
543,5,365,1217,0.0009303257996788128,6.2000000000304e-07,1,[7],[6290]
544,5,365,1217,0.0009310457996788164,7.200000000035303e-07,1,[7],[6225]
545,5,366,1217,0.0009304928534961626,0.0009304928534961626,1,[7],[6259]
546,5,366,1217,0.0009311228534961657,6.30000000003089e-07,1,[7],[6276]
547,5,366,1217,0.0009318928534961695,7.700000000037755e-07,1,[7],[6224]
548,5,366,1218,0.0009313386321524828,0.0009313386321524828,1,[7],[6250]
549,5,366,1218,0.0009323586321524878,1.0200000000050013e-06,1,[7],[6284]
550,5,367,1218,0.0009317316684902301,0.0009317316684902301,1,[7],[6347]
551,5,367,1218,0.0009322816684902328,5.500000000026968e-07,1,[7],[6239]
552,5,367,1218,0.0009328316684902355,5.500000000026968e-07,1,[7],[6247]
553,5,367,1218,0.0009340516684902414,1.220000000005982e-06,1,[7],[6176]
554,5,367,1219,0.0009338510308072433,0.0009338510308072433,1,[7],[6250]
555,5,368,1218,0.0009332692692886217,0.0009332692692886217,1,[7],[6268]
556,5,368,1219,0.000933158011874996,0.000933158011874996,1,[7],[6296]
557,5,368,1219,0.000933758011874999,6.000000000029419e-07,1,[7],[6293]
558,5,368,1219,0.0009344480118750023,6.900000000033832e-07,1,[7],[6173]
559,5,369,1219,0.0009340633131086242,0.0009340633131086242,1,[7],[6294]
560,5,369,1219,0.0009348133131086278,7.500000000036774e-07,1,[7],[6265]
561,5,369,1220,0.0009346145951810918,0.0009346145951810918,1,[7],[6275]
562,5,369,1220,0.0009354245951810957,8.100000000039716e-07,1,[7],[6247]
563,5,370,1220,0.0009351419487917954,0.0009351419487917954,1,[7],[6272]
564,5,370,1220,0.0009357219487917982,5.800000000028439e-07,1,[7],[6269]
565,5,370,1220,0.0009364019487918015,6.800000000033342e-07,1,[7],[6215]
566,5,370,1221,0.0009363114827257038,0.0009363114827257038,1,[7],[6298]
567,5,371,1220,0.0009371790969786761,0.0009371790969786761,1,[7],[6253]
568,5,371,1221,0.0009362913412638216,0.0009362913412638216,1,[7],[6321]
569,5,371,1221,0.0009368213412638242,5.300000000025987e-07,1,[7],[6256]
570,5,371,1221,0.0009373313412638267,5.100000000025006e-07,1,[7],[6242]
571,5,371,1221,0.0009383313412638316,1.0000000000049032e-06,1,[7],[6196]
572,5,371,1222,0.0009385807988882537,0.0009385807988882537,1,[7],[6263]
573,5,372,1221,0.0009374975368404798,0.0009374975368404798,1,[7],[6308]
574,5,372,1221,0.0009391375368404878,1.6400000000080413e-06,1,[7],[6193]
575,5,372,1222,0.0009375165196324772,0.0009375165196324772,1,[7],[6305]
576,5,372,1222,0.00093808651963248,5.700000000027948e-07,1,[7],[6260]
577,5,372,1222,0.000938696519632483,6.10000000002991e-07,1,[7],[6191]
578,5,373,1222,0.0009383923692144017,0.0009383923692144017,1,[7],[6305]
579,5,373,1222,0.0009391423692144054,7.500000000036774e-07,1,[7],[6230]
580,5,373,1223,0.0009389072876631576,0.0009389072876631576,1,[7],[6252]
581,5,373,1223,0.0009396572876631613,7.500000000036774e-07,1,[7],[6260]
582,5,374,1223,0.0009394652197296434,0.0009394652197296434,1,[7],[6301]
583,5,374,1223,0.0009400552197296463,5.900000000028929e-07,1,[7],[6264]
584,5,374,1223,0.0009407052197296495,6.500000000031871e-07,1,[7],[6239]
585,5,374,1224,0.0009405577114562873,0.0009405577114562873,1,[7],[6274]
586,5,375,1223,0.0009415801289837372,0.0009415801289837372,1,[7],[6265]
587,5,375,1224,0.0009406119418773595,0.0009406119418773595,1,[7],[6338]
588,5,375,1224,0.000941121941877362,5.100000000025006e-07,1,[7],[6206]
589,5,375,1224,0.0009416119418773644,4.900000000024026e-07,1,[7],[6228]
590,5,375,1224,0.0009425219418773688,9.100000000044619e-07,1,[7],[6254]
591,5,376,1224,0.0009415293967656281,0.0009415293967656281,1,[7],[6319]
592,5,376,1224,0.0009422793967656318,7.500000000036774e-07,1,[7],[6211]
593,5,376,1225,0.0009417475690894115,0.0009417475690894115,1,[7],[6261]
594,5,376,1225,0.0009423675690894145,6.2000000000304e-07,1,[7],[6320]
595,5,376,1225,0.0009432075690894187,8.400000000041187e-07,1,[7],[6189]
596,5,377,1225,0.0009422820633672216,0.0009422820633672216,1,[7],[6323]
597,5,377,1225,0.0009427920633672241,5.100000000025006e-07,1,[7],[6227]
598,5,377,1225,0.0009433220633672267,5.300000000025987e-07,1,[7],[6229]
599,5,377,1226,0.0009434953366739546,0.0009434953366739546,1,[7],[6271]
600,5,378,1225,0.0009435503324145885,0.0009435503324145885,1,[7],[6299]
601,5,378,1226,0.0009432205178711263,0.0009432205178711263,1,[7],[6250]
602,5,378,1226,0.0009437505178711289,5.300000000025987e-07,1,[7],[6280]
603,5,378,1226,0.0009443005178711316,5.500000000026968e-07,1,[7],[6231]
604,5,379,1226,0.0009438684493185558,0.0009438684493185558,1,[7],[6338]
605,5,379,1226,0.0009444384493185586,5.700000000027948e-07,1,[7],[6253]
606,5,379,1226,0.0009450684493185617,6.30000000003089e-07,1,[7],[6215]
607,5,379,1227,0.0009444364926328293,0.0009444364926328293,1,[7],[6307]
608,5,379,1227,0.0009452364926328332,8.000000000039226e-07,1,[7],[6237]
609,5,380,1226,0.0009457791430815916,0.0009457791430815916,1,[7],[6258]
610,5,380,1227,0.0009445836000045698,0.0009445836000045698,1,[7],[6255]
611,5,380,1227,0.0009450636000045722,4.800000000023535e-07,1,[7],[6393]
612,5,380,1227,0.0009454936000045743,4.300000000021084e-07,1,[7],[6210]
613,5,380,1227,0.000946053600004577,5.600000000027458e-07,1,[7],[6185]
614,5,381,1227,0.0009455309560795975,0.0009455309560795975,1,[7],[6281]
615,5,381,1227,0.0009463109560796014,7.800000000038245e-07,1,[7],[6226]
616,5,381,1228,0.0009457340082903384,0.0009457340082903384,1,[7],[6322]
617,5,381,1228,0.0009463140082903413,5.800000000028439e-07,1,[7],[6225]
618,5,381,1228,0.0009470140082903447,7.000000000034323e-07,1,[7],[6270]
619,5,382,1228,0.0009463143671126981,0.0009463143671126981,1,[7],[6291]
620,5,382,1228,0.0009468343671127006,5.200000000025497e-07,1,[7],[6240]
621,5,382,1228,0.0009473443671127031,5.100000000025006e-07,1,[7],[6321]
622,5,382,1228,0.0009481743671127072,8.300000000040697e-07,1,[7],[6149]
623,5,382,1229,0.0009473083542921368,0.0009473083542921368,1,[7],[6291]
624,5,382,1229,0.0009486783542921435,1.3700000000067174e-06,1,[7],[6210]
625,5,383,1228,0.0009479087019845435,0.0009479087019845435,1,[7],[6289]
626,5,383,1229,0.0009474428104945171,0.0009474428104945171,1,[7],[6291]
627,5,383,1229,0.0009479328104945196,4.900000000024026e-07,1,[7],[6245]
628,5,383,1229,0.0009483728104945217,4.400000000021574e-07,1,[7],[6258]
629,5,383,1229,0.0009489128104945244,5.400000000026477e-07,1,[7],[6251]
630,5,384,1229,0.0009484017951485125,0.0009484017951485125,1,[7],[6300]
631,5,384,1229,0.0009490117951485155,6.10000000002991e-07,1,[7],[6265]
632,5,384,1229,0.0009497417951485191,7.300000000035793e-07,1,[7],[6202]
633,5,384,1230,0.0009488091016766931,0.0009488091016766931,1,[7],[6293]
634,5,384,1230,0.0009494191016766961,6.10000000002991e-07,1,[7],[6319]
635,5,384,1230,0.0009501091016766995,6.900000000033832e-07,1,[7],[6144]
636,5,385,1230,0.0009493856957282389,0.0009493856957282389,1,[7],[6255]
637,5,385,1230,0.0009498956957282414,5.100000000025006e-07,1,[7],[6362]
638,5,385,1230,0.0009503456957282436,4.5000000000220645e-07,1,[7],[6263]
639,5,385,1230,0.0009509256957282464,5.800000000028439e-07,1,[7],[6177]
640,5,385,1231,0.000950888753346387,0.000950888753346387,1,[7],[6295]
641,5,386,1230,0.0009506787146760126,0.0009506787146760126,1,[7],[6302]
642,5,386,1230,0.0009517387146760178,1.0600000000051974e-06,1,[7],[6206]
643,5,386,1231,0.0009506500644633875,0.0009506500644633875,1,[7],[6308]
644,5,386,1231,0.0009511800644633901,5.300000000025987e-07,1,[7],[6217]
645,5,386,1231,0.0009517000644633926,5.200000000025497e-07,2,"[7, 21]","[6271, 3]"
646,5,386,1231,0.0009526300644633972,9.3000000000456e-07,2,"[7, 21]","[6213, 13]"
647,5,387,1231,0.0009512891007331547,0.0009512891007331547,2,"[7, 21]","[6223, 41]"
648,5,387,1231,0.000951749100733157,4.600000000022555e-07,2,"[7, 21]","[6119, 153]"
649,5,387,1231,0.0009521191007331588,3.700000000018142e-07,2,"[7, 21]","[5954, 296]"
650,5,387,1231,0.0009524991007331606,3.800000000018632e-07,2,"[7, 21]","[5842, 453]"
651,5,387,1231,0.0009529991007331631,5.000000000024516e-07,2,"[7, 21]","[5535, 679]"
652,5,387,1232,0.0009524210086838485,0.0009524210086838485,2,"[7, 21]","[5830, 481]"
653,5,388,1231,0.000952462812727015,0.000952462812727015,2,"[7, 21]","[5670, 629]"
654,5,388,1231,0.0009531228127270182,6.600000000032361e-07,2,"[7, 21]","[5622, 609]"
655,5,388,1231,0.0009540628127270228,9.40000000004609e-07,2,"[7, 21]","[5812, 427]"
656,5,388,1232,0.0009526315863524812,0.0009526315863524812,2,"[7, 21]","[5779, 481]"
657,5,388,1232,0.000953201586352484,5.700000000027948e-07,2,"[7, 21]","[5924, 328]"
658,5,388,1232,0.0009537815863524869,5.800000000028439e-07,2,"[7, 21]","[6082, 203]"
659,5,388,1232,0.0009552015863524938,1.4200000000069626e-06,2,"[7, 21]","[6154, 55]"
660,5,389,1232,0.0009534341498683051,0.0009534341498683051,2,"[7, 21]","[6250, 7]"
661,5,389,1232,0.0009539141498683075,4.800000000023535e-07,1,[7],[6291]
662,5,389,1232,0.0009543241498683095,4.100000000020103e-07,1,[7],[6334]
663,5,389,1232,0.0009547441498683115,4.2000000000205935e-07,1,[7],[6147]
664,5,389,1232,0.0009554041498683148,6.600000000032361e-07,1,[7],[6263]
665,5,390,1232,0.0009544522721316752,0.0009544522721316752,1,[7],[6336]
666,5,390,1232,0.0009549722721316778,5.200000000025497e-07,1,[7],[6200]
667,5,390,1232,0.0009554722721316802,5.000000000024516e-07,1,[7],[6290]
668,5,390,1232,0.0009562222721316839,7.500000000036774e-07,1,[7],[6187]
669,5,390,1233,0.00095504087970642,0.00095504087970642,1,[7],[6326]
670,5,390,1233,0.0009556908797064232,6.500000000031871e-07,1,[7],[6251]
671,5,390,1233,0.0009568008797064286,1.1100000000054426e-06,1,[7],[6190]
672,5,391,1232,0.0009559208964016689,0.0009559208964016689,1,[7],[6314]
673,5,391,1233,0.0009553500984597345,0.0009553500984597345,1,[7],[6324]
674,5,391,1233,0.0009557700984597366,4.2000000000205935e-07,1,[7],[6336]
675,5,391,1233,0.0009561100984597382,3.400000000016671e-07,1,[7],[6188]
676,5,391,1233,0.0009564600984597399,3.500000000017161e-07,1,[7],[6198]
677,5,391,1233,0.0009569100984597421,4.5000000000220645e-07,1,[7],[6278]
678,5,392,1233,0.0009560106121705011,0.0009560106121705011,1,[7],[6330]
679,5,392,1233,0.0009564506121705033,4.400000000021574e-07,1,[7],[6216]
680,5,392,1233,0.0009568306121705051,3.800000000018632e-07,1,[7],[6347]
681,5,392,1233,0.0009572706121705073,4.400000000021574e-07,1,[7],[6212]
682,5,392,1234,0.0009564894002720306,0.0009564894002720306,1,[7],[6280]
683,5,392,1234,0.0009570694002720335,5.800000000028439e-07,1,[7],[6258]
684,5,392,1234,0.0009578694002720374,8.000000000039226e-07,1,[7],[6227]
685,5,393,1233,0.0009571627152603545,0.0009571627152603545,1,[7],[6294]
686,5,393,1234,0.0009565993008070393,0.0009565993008070393,1,[7],[6298]
687,5,393,1234,0.0009569793008070411,3.800000000018632e-07,1,[7],[6335]
688,5,393,1234,0.0009572793008070426,3.0000000000147097e-07,1,[7],[6301]
689,5,393,1234,0.000957559300807044,2.800000000013729e-07,1,[7],[6179]
690,5,393,1234,0.0009578893008070456,3.3000000000161806e-07,1,[7],[6186]
691,5,393,1234,0.0009584093008070481,5.200000000025497e-07,1,[7],[6232]
692,5,394,1234,0.0009570537065590489,0.0009570537065590489,1,[7],[6267]
693,5,394,1234,0.000957473706559051,4.2000000000205935e-07,1,[7],[6412]
694,5,394,1234,0.0009578237065590527,3.500000000017161e-07,1,[7],[6179]
695,5,394,1234,0.0009582137065590546,3.9000000000191225e-07,1,[7],[6176]
696,5,394,1234,0.0009591337065590591,9.20000000004511e-07,1,[7],[6244]
697,5,394,1235,0.0009571820899554668,0.0009571820899554668,1,[7],[6310]
698,5,394,1235,0.0009575720899554687,3.9000000000191225e-07,1,[7],[6254]
699,5,394,1235,0.0009579020899554703,3.3000000000161806e-07,1,[7],[6276]
700,5,394,1235,0.000958252089955472,3.500000000017161e-07,1,[7],[6250]
701,5,394,1235,0.0009587920899554747,5.400000000026477e-07,1,[7],[6180]
702,5,395,1234,0.0009599176384096582,0.0009599176384096582,1,[7],[6250]
703,5,395,1235,0.0009571990873706623,0.0009571990873706623,1,[7],[6338]
704,5,395,1235,0.000957539087370664,3.400000000016671e-07,1,[7],[6289]
705,5,395,1235,0.0009577990873706652,2.6000000000127484e-07,1,[7],[6309]
706,5,395,1235,0.0009580290873706664,2.3000000000112774e-07,1,[7],[6209]
707,5,395,1235,0.0009582590873706675,2.3000000000112774e-07,1,[7],[6248]
708,5,395,1235,0.0009585290873706688,2.7000000000132387e-07,1,[7],[6248]
709,5,395,1235,0.0009589090873706707,3.800000000018632e-07,1,[7],[6216]
710,5,395,1235,0.0009642890873706971,5.380000000026379e-06,2,"[7, 24]","[4731, 1412]"
711,5,395,1236,0.0009576513378909031,0.0009576513378909031,1,[7],[6362]
712,5,395,1236,0.0009581513378909055,5.000000000024516e-07,1,[7],[6219]
713,5,395,1236,0.0009587113378909083,5.600000000027458e-07,1,[7],[6176]
714,5,395,1236,0.0009637313378909329,5.020000000024614e-06,2,"[7, 24]","[4077, 2168]"
715,5,396,1235,0.0009588933593030289,0.0009588933593030289,1,[7],[6261]
716,5,396,1235,0.0009633333593030507,4.44000000002177e-06,2,"[7, 24]","[822, 5435]"
717,5,396,1236,0.0009588678492935273,0.0009588678492935273,1,[7],[6253]
718,5,396,1236,0.0009627978492935466,3.93000000001927e-06,2,"[7, 24]","[954, 5325]"
719,5,397,1235,0.0009625876913790381,0.0009625876913790381,3,"[7, 24, 445]","[21, 6255, 4]"
720,5,397,1236,0.0009624783050558433,0.0009624783050558433,3,"[7, 24, 445]","[22, 6279, 7]"
721,5,398,1235,0.0009615532406814876,0.0009615532406814876,5,"[24, 436, 440, 441, 445]","[5306, 3, 1, 3, 937]"
722,5,398,1235,0.0009628932406814942,1.3400000000065703e-06,3,"[24, 441, 445]","[5706, 3, 548]"
723,5,398,1236,0.0009619355360917099,0.0009619355360917099,4,"[24, 436, 440, 445]","[5274, 2, 2, 985]"
724,5,399,1235,0.0009605455614251062,0.0009605455614251062,4,"[24, 436, 437, 445]","[3991, 481, 1, 1832]"
725,5,399,1235,0.0009610655614251088,5.200000000025497e-07,4,"[24, 436, 441, 445]","[3647, 244, 1, 2312]"
726,5,399,1235,0.0009616155614251115,5.500000000026968e-07,4,"[24, 436, 440, 445]","[3594, 157, 1, 2578]"
727,5,399,1236,0.0009609389058582016,0.0009609389058582016,6,"[24, 436, 437, 440, 441, 445]","[2973, 247, 2, 1, 1, 3093]"
728,5,399,1236,0.0009618489058582061,9.100000000044619e-07,5,"[24, 436, 440, 441, 445]","[2760, 96, 1, 1, 3370]"
729,5,400,1235,0.0009598242776692425,0.0009598242776692425,5,"[24, 407, 436, 437, 445]","[4713, 5, 309, 2, 1249]"
730,5,400,1235,0.0009603542776692451,5.300000000025987e-07,4,"[24, 407, 436, 445]","[3856, 2, 469, 1962]"
731,5,400,1235,0.0009608342776692474,4.800000000023535e-07,4,"[24, 436, 437, 445]","[3274, 486, 1, 2452]"
732,5,400,1235,0.0009615442776692509,7.100000000034813e-07,4,"[24, 436, 437, 445]","[2742, 505, 2, 2978]"
733,5,400,1236,0.0009603204340790976,0.0009603204340790976,5,"[24, 407, 436, 445, 476]","[2155, 1, 254, 3875, 2]"
734,5,400,1236,0.0009610904340791014,7.700000000037755e-07,3,"[24, 436, 445]","[1467, 309, 4512]"
735,5,401,1235,0.0009590724756867356,0.0009590724756867356,6,"[24, 32, 407, 408, 445, 476]","[5579, 13, 49, 1, 653, 2]"
736,5,401,1235,0.0009596024756867382,5.300000000025987e-07,7,"[24, 32, 407, 408, 436, 445, 476]","[4901, 3, 27, 2, 3, 1263, 4]"
737,5,401,1235,0.0009601424756867408,5.400000000026477e-07,6,"[24, 407, 408, 436, 445, 476]","[4233, 26, 1, 8, 2028, 4]"
738,5,401,1235,0.0009610524756867453,9.100000000044619e-07,5,"[24, 407, 436, 445, 476]","[2997, 13, 22, 3191, 4]"
739,5,401,1236,0.0009596814581914722,0.0009596814581914722,8,"[24, 407, 408, 436, 445, 466, 476, 477]","[1591, 12, 1, 3, 4646, 6, 13, 3]"
740,5,401,1236,0.0009604214581914758,7.400000000036284e-07,6,"[24, 407, 436, 445, 476, 477]","[873, 3, 4, 5415, 18, 3]"
741,5,402,1235,0.0009583575804089126,0.0009583575804089126,5,"[24, 32, 407, 445, 466]","[4689, 1222, 8, 412, 11]"
742,5,402,1235,0.0009588775804089152,5.200000000025497e-07,4,"[24, 32, 407, 445]","[4918, 714, 28, 568]"
743,5,402,1235,0.0009594075804089178,5.300000000025987e-07,6,"[24, 32, 407, 408, 445, 476]","[4890, 424, 28, 2, 864, 2]"
744,5,402,1235,0.0009604875804089231,1.0800000000052955e-06,7,"[24, 32, 407, 408, 445, 476, 477]","[4272, 154, 32, 1, 1762, 5, 1]"
745,5,402,1236,0.0009580016865553189,0.0009580016865553189,5,"[24, 32, 407, 445, 466]","[176, 126, 1, 4718, 1248]"
746,5,402,1236,0.0009588016865553228,8.000000000039226e-07,6,"[24, 32, 407, 445, 466, 476]","[537, 144, 3, 5283, 331, 4]"
747,5,402,1236,0.0009594716865553261,6.700000000032852e-07,7,"[24, 32, 407, 408, 445, 466, 476]","[521, 78, 2, 1, 5541, 53, 6]"
748,5,402,1236,0.0009604316865553308,9.60000000004707e-07,7,"[24, 32, 407, 445, 466, 476, 477]","[398, 21, 5, 5790, 4, 16, 2]"
749,5,402,1237,0.0009568098510355418,0.0009568098510355418,2,"[445, 466]","[5950, 344]"
750,5,402,1237,0.0009577798510355466,9.700000000047561e-07,2,"[445, 466]","[5106, 1102]"
751,5,403,1234,0.0009590542538969987,0.0009590542538969987,5,"[24, 32, 394, 398, 407]","[5318, 949, 1, 3, 1]"
752,5,403,1235,0.0009575338496194617,0.0009575338496194617,9,"[24, 32, 390, 391, 394, 398, 405, 445, 466]","[3380, 2900, 4, 1, 9, 3, 1, 44, 12]"
753,5,403,1235,0.0009579738496194639,4.400000000021574e-07,9,"[24, 32, 390, 391, 394, 395, 398, 445, 466]","[3056, 3115, 1, 1, 6, 1, 1, 69, 8]"
754,5,403,1235,0.0009583338496194656,3.6000000000176516e-07,8,"[24, 32, 390, 394, 395, 398, 445, 466]","[2973, 3084, 1, 16, 1, 1, 76, 6]"
755,5,403,1235,0.0009587438496194676,4.100000000020103e-07,7,"[24, 32, 390, 394, 395, 445, 466]","[2994, 3151, 1, 12, 2, 104, 5]"
756,5,403,1235,0.0009595038496194714,7.600000000037264e-07,5,"[24, 32, 394, 445, 466]","[3063, 2958, 8, 201, 3]"
757,5,403,1236,0.0009575261862137678,0.0009575261862137678,6,"[24, 32, 390, 394, 445, 466]","[134, 1846, 5, 12, 2752, 1501]"
758,5,403,1236,0.0009582061862137711,6.800000000033342e-07,7,"[24, 32, 390, 394, 395, 445, 466]","[241, 2561, 3, 11, 1, 2482, 1019]"
759,5,403,1236,0.0009591361862137757,9.3000000000456e-07,6,"[24, 32, 390, 394, 445, 466]","[317, 2534, 1, 18, 2877, 462]"
760,5,403,1237,0.0009567611188941148,0.0009567611188941148,3,"[32, 445, 466]","[4, 5700, 574]"
761,5,403,1237,0.0009575311188941186,7.700000000037755e-07,3,"[32, 445, 466]","[16, 4689, 1523]"
762,5,403,1237,0.0009605311188941333,3.0000000000147097e-06,3,"[32, 445, 466]","[57, 4159, 2028]"
763,5,404,1234,0.0009578975955060173,0.0009578975955060173,6,"[24, 32, 34, 390, 398, 411]","[5982, 144, 37, 1, 77, 9]"
764,5,404,1235,0.0009568529035659815,0.0009568529035659815,10,"[24, 32, 34, 97, 390, 391, 394, 398, 405, 411]","[3863, 2402, 33, 2, 9, 1, 1, 31, 2, 22]"
765,5,404,1235,0.0009572829035659836,4.300000000021084e-07,9,"[24, 32, 34, 390, 394, 398, 405, 411, 466]","[3044, 3007, 17, 7, 9, 45, 2, 5, 1]"
766,5,404,1235,0.0009576429035659854,3.6000000000176516e-07,9,"[24, 32, 34, 390, 394, 395, 398, 411, 445]","[2744, 3491, 8, 12, 8, 1, 45, 5, 1]"
767,5,404,1235,0.0009580029035659871,3.6000000000176516e-07,8,"[24, 32, 34, 390, 394, 395, 398, 411]","[2366, 3846, 6, 9, 6, 1, 28, 1]"
768,5,404,1235,0.0009584629035659894,4.600000000022555e-07,9,"[24, 32, 390, 391, 394, 395, 398, 411, 445]","[2004, 4153, 11, 1, 16, 1, 26, 1, 1]"
769,5,404,1236,0.0009572634932977761,0.0009572634932977761,12,"[24, 32, 34, 97, 390, 391, 394, 395, 398, 411, 445, 466]","[188, 5999, 3, 1, 13, 2, 5, 1, 1, 1, 23, 25]"
770,5,404,1236,0.0009578234932977788,5.600000000027458e-07,9,"[24, 32, 390, 391, 394, 398, 405, 445, 466]","[126, 6086, 11, 2, 6, 1, 1, 29, 16]"
771,5,404,1236,0.0009584234932977818,6.000000000029419e-07,7,"[24, 32, 390, 391, 394, 445, 466]","[88, 6090, 10, 2, 9, 32, 14]"
772,5,405,1234,0.0009568855622503807,0.0009568855622503807,7,"[24, 32, 34, 97, 98, 398, 411]","[4929, 2, 1260, 83, 3, 9, 8]"
773,5,405,1235,0.0009562200371221149,0.0009562200371221149,8,"[24, 32, 34, 93, 97, 98, 398, 411]","[4569, 94, 1509, 1, 106, 1, 3, 8]"
774,5,405,1235,0.0009567900371221177,5.700000000027948e-07,8,"[24, 32, 34, 97, 98, 390, 398, 411]","[4000, 275, 1902, 58, 1, 1, 11, 9]"
775,5,405,1235,0.0009574000371221207,6.10000000002991e-07,7,"[24, 32, 34, 97, 390, 398, 411]","[3583, 605, 2050, 22, 1, 22, 10]"
776,5,406,1234,0.000956827760913777,0.000956827760913777,5,"[24, 34, 93, 97, 98]","[3886, 2270, 1, 101, 1]"
777,5,406,1234,0.0009581877609137837,1.3600000000066684e-06,3,"[24, 34, 97]","[582, 5642, 21]"
778,5,406,1235,0.0009552844780199527,0.0009552844780199527,4,"[24, 34, 93, 97]","[6144, 149, 2, 25]"
779,5,406,1235,0.0009559344780199558,6.500000000031871e-07,6,"[24, 34, 93, 94, 97, 98]","[5116, 1037, 3, 1, 56, 1]"
780,5,406,1235,0.0009564644780199584,5.300000000025987e-07,5,"[24, 34, 93, 97, 98]","[3322, 2893, 1, 57, 1]"
781,5,406,1235,0.0009568944780199605,4.300000000021084e-07,7,"[24, 32, 34, 93, 94, 97, 98]","[1696, 1, 4475, 1, 1, 30, 1]"
782,5,406,1235,0.0009573144780199626,4.2000000000205935e-07,5,"[24, 32, 34, 93, 97]","[775, 1, 5545, 1, 22]"
783,5,406,1235,0.0009577644780199648,4.5000000000220645e-07,4,"[24, 32, 34, 97]","[312, 3, 5842, 8]"
784,5,406,1235,0.0009585944780199689,8.300000000040697e-07,5,"[24, 32, 34, 97, 398]","[98, 2, 6141, 3, 1]"
785,5,407,1235,0.0009541286474376216,0.0009541286474376216,2,"[24, 55]","[6255, 6]"
786,5,407,1235,0.0009549886474376258,8.600000000042168e-07,3,"[24, 34, 93]","[6269, 5, 1]"
787,5,407,1235,0.0009564286474376329,1.4400000000070606e-06,5,"[24, 34, 93, 94, 97]","[5652, 573, 1, 4, 1]"
788,5,407,1235,0.000958498647437643,2.0700000000101497e-06,4,"[24, 34, 93, 97]","[432, 5798, 1, 5]"
789,5,407,1236,0.0009539183343344518,0.0009539183343344518,3,"[24, 55, 56]","[6108, 135, 40]"
790,5,408,1235,0.0009546750298781823,0.0009546750298781823,2,"[24, 55]","[6254, 3]"
791,5,408,1236,0.000951354465890643,0.000951354465890643,3,"[24, 55, 56]","[6226, 41, 26]"
792,5,408,1236,0.0009523044658906476,9.500000000046581e-07,1,[24],[6218]
793,5,408,1236,0.0009530444658906513,7.400000000036284e-07,1,[24],[6278]
794,5,408,1236,0.0009543044658906574,1.260000000006178e-06,1,[24],[6213]
795,5,408,1237,0.0009438892123966168,0.0009438892123966168,4,"[24, 55, 56, 80]","[6187, 4, 40, 34]"
796,5,408,1237,0.0009469992123966321,3.110000000015249e-06,1,[24],[6237]
797,5,408,1237,0.0009527592123966603,5.7600000000282425e-06,1,[24],[6253]
798,5,408,1238,0.0009402792708295651,0.0009402792708295651,2,"[24, 80]","[6164, 87]"
799,5,408,1238,0.0009418592708295728,1.580000000007747e-06,1,[24],[6272]
800,5,408,1238,0.0009434492708295806,1.5900000000077961e-06,1,[24],[6257]
801,5,408,1239,0.000936878913417141,0.000936878913417141,3,"[24, 76, 78]","[5941, 276, 39]"
802,5,409,1236,0.0009488981531749224,0.0009488981531749224,1,[24],[6266]
803,5,409,1236,0.0009504981531749302,1.6000000000078451e-06,1,[24],[6264]
804,5,409,1236,0.000951878153174937,1.3800000000067664e-06,1,[24],[6223]
805,5,409,1237,0.000944116736003594,0.000944116736003594,2,"[24, 80]","[6230, 45]"
806,5,409,1237,0.0009456567360036015,1.540000000007551e-06,1,[24],[6269]
807,5,409,1237,0.0009467967360036071,1.1400000000055897e-06,1,[24],[6266]
808,5,409,1237,0.0009479367360036127,1.1400000000055897e-06,1,[24],[6199]
809,5,409,1237,0.0009493067360036194,1.3700000000067174e-06,1,[24],[6262]
810,5,409,1237,0.0009515567360036304,2.2500000000110322e-06,1,[24],[6234]
811,5,409,1238,0.0009381398430084201,0.0009381398430084201,3,"[24, 76, 80]","[6191, 1, 94]"
812,5,409,1238,0.0009391598430084251,1.0200000000050013e-06,1,[24],[6263]
813,5,409,1238,0.0009402298430084303,1.0700000000052464e-06,1,[24],[6222]
814,5,409,1238,0.0009419098430084386,1.6800000000082374e-06,1,[24],[6249]
815,5,409,1238,0.0009444698430084511,2.5600000000125522e-06,1,[24],[6247]
816,5,409,1239,0.0009311568743051871,0.0009311568743051871,3,"[24, 76, 80]","[3795, 2477, 1]"
817,5,409,1239,0.0009319668743051911,8.100000000039716e-07,1,[24],[6255]
818,5,409,1239,0.0009327068743051947,7.400000000036284e-07,1,[24],[6305]
819,5,409,1239,0.0009336168743051992,9.100000000044619e-07,1,[24],[6197]
820,5,409,1239,0.0009347868743052049,1.1700000000057368e-06,1,[24],[6233]
821,5,409,1239,0.0009359568743052106,1.1700000000057368e-06,1,[24],[6268]
822,5,409,1239,0.0009369768743052156,1.0200000000050013e-06,1,[24],[6235]
823,5,409,1239,0.0009379968743052206,1.0200000000050013e-06,1,[24],[6285]
824,5,409,1239,0.0009401268743052311,2.130000000010444e-06,1,[24],[6202]
825,5,409,1240,0.0007050318608000307,0.0007050318608000307,1,[76],[6259]
826,5,409,1240,0.0009321018608011441,0.00022707000000111337,2,"[24, 76]","[5600, 646]"
827,5,409,1240,0.0009341118608011539,2.0100000000098555e-06,1,[24],[6263]
828,5,410,1239,0.0009320870957168616,0.0009320870957168616,3,"[24, 76, 81]","[6129, 147, 2]"
829,5,509,1236,0.0008805698847366256,0.0008805698847366256,1,[102],[6279]
830,5,509,1236,0.0008817798847366316,1.2100000000059329e-06,1,[102],[6235]
831,5,510,1236,0.0008808487115893308,0.0008808487115893308,1,[102],[6313]
832,5,510,1236,0.0008818287115893356,9.800000000048052e-07,1,[102],[6233]
833,5,510,1237,0.0008810403413644722,0.0008810403413644722,1,[102],[6299]
834,5,510,1237,0.0008814903413644744,4.5000000000220645e-07,1,[102],[6326]
835,5,510,1237,0.0008818803413644763,3.9000000000191225e-07,1,[102],[6206]
836,5,510,1237,0.000882430341364479,5.500000000026968e-07,1,[102],[6252]
837,5,510,1238,0.0008824283741836739,0.0008824283741836739,1,[102],[6266]
