,event,pixel_x,pixel_y,reset_time,TSLR,nMCParticles,MC_TrackIDs,MC_Weights
0,73,287,1154,0.0009080203076224214,0.0009080203076224214,2,"[1, 4]","[5501, 781]"
1,73,287,1154,0.0009084203076224234,4.000000000019613e-07,2,"[1, 4]","[5596, 721]"
2,73,287,1154,0.0009087703076224251,3.500000000017161e-07,2,"[1, 4]","[5573, 749]"
3,73,287,1154,0.0009091803076224271,4.100000000020103e-07,2,"[1, 4]","[5455, 683]"
4,73,287,1155,0.0009080514455933063,0.0009080514455933063,2,"[1, 4]","[6178, 158]"
5,73,287,1155,0.0009084514455933082,4.000000000019613e-07,2,"[1, 4]","[5990, 202]"
6,73,287,1155,0.00090881144559331,3.6000000000176516e-07,2,"[1, 4]","[6162, 211]"
7,73,287,1155,0.0009092314455933121,4.2000000000205935e-07,2,"[1, 4]","[5919, 212]"
8,73,287,1156,0.0009082326757092173,0.0009082326757092173,2,"[1, 4]","[6322, 3]"
9,73,287,1156,0.0009086926757092196,4.600000000022555e-07,2,"[1, 4]","[6221, 5]"
10,73,287,1156,0.000909182675709222,4.900000000024026e-07,2,"[1, 4]","[6244, 3]"
11,73,287,1157,0.000908352214868762,0.000908352214868762,1,[1],[6289]
12,73,287,1157,0.0009088222148687643,4.700000000023045e-07,1,[1],[6342]
13,73,287,1157,0.0009092622148687664,4.400000000021574e-07,1,[1],[6131]
14,73,287,1157,0.0009102422148687712,9.800000000048052e-07,1,[1],[6242]
15,73,287,1158,0.000908519704671035,0.000908519704671035,1,[1],[6370]
16,73,287,1158,0.000908929704671037,4.100000000020103e-07,1,[1],[6183]
17,73,287,1158,0.0009093097046710388,3.800000000018632e-07,1,[1],[6290]
18,73,287,1158,0.0009097997046710412,4.900000000024026e-07,1,[1],[6221]
19,73,287,1159,0.0009086499605818669,0.0009086499605818669,1,[1],[6323]
20,73,287,1159,0.0009090499605818688,4.000000000019613e-07,1,[1],[6216]
21,73,287,1159,0.0009094199605818706,3.700000000018142e-07,1,[1],[6334]
22,73,287,1159,0.0009098499605818727,4.300000000021084e-07,1,[1],[6143]
23,73,287,1160,0.0009087422066895187,0.0009087422066895187,1,[1],[6342]
24,73,287,1160,0.0009091522066895207,4.100000000020103e-07,1,[1],[6293]
25,73,287,1160,0.0009095322066895226,3.800000000018632e-07,1,[1],[6149]
26,73,287,1160,0.0009100422066895251,5.100000000025006e-07,1,[1],[6244]
27,73,287,1161,0.0009087828462545542,0.0009087828462545542,1,[1],[6250]
28,73,287,1161,0.0009092128462545563,4.300000000021084e-07,1,[1],[6358]
29,73,287,1161,0.0009096028462545582,3.9000000000191225e-07,1,[1],[6159]
30,73,287,1161,0.0009102028462545611,6.000000000029419e-07,1,[1],[6269]
31,73,287,1162,0.000908879433462078,0.000908879433462078,1,[1],[6255]
32,73,287,1162,0.0009093594334620803,4.800000000023535e-07,1,[1],[6248]
33,73,287,1162,0.000909899433462083,5.400000000026477e-07,1,[1],[6315]
34,73,287,1163,0.0009089927525787443,0.0009089927525787443,1,[1],[6322]
35,73,287,1163,0.0009095327525787469,5.400000000026477e-07,1,[1],[6197]
36,73,287,1163,0.0009104827525787516,9.500000000046581e-07,1,[1],[6248]
37,73,287,1164,0.0009090739815349396,0.0009090739815349396,1,[1],[6325]
38,73,287,1164,0.000909763981534943,6.900000000033832e-07,1,[1],[6186]
39,73,287,1165,0.0009091657468448928,0.0009091657468448928,1,[1],[6306]
40,73,287,1165,0.0009101157468448974,9.500000000046581e-07,1,[1],[6225]
41,73,287,1166,0.0009092852689682435,0.0009092852689682435,1,[1],[6319]
42,73,287,1167,0.0009094687516895257,0.0009094687516895257,1,[1],[6261]
43,73,287,1168,0.000909715205290233,0.000909715205290233,1,[1],[6260]
44,73,287,1169,0.0009100061868671709,0.0009100061868671709,1,[1],[6250]
45,73,288,1154,0.0009077764800814907,0.0009077764800814907,2,"[1, 4]","[5078, 1232]"
46,73,288,1154,0.0009080864800814923,3.1000000000152e-07,2,"[1, 4]","[4961, 1368]"
47,73,288,1154,0.0009083064800814933,2.200000000010787e-07,2,"[1, 4]","[4779, 1342]"
48,73,288,1154,0.0009085064800814943,2.0000000000098064e-07,2,"[1, 4]","[4933, 1376]"
49,73,288,1154,0.0009086964800814952,1.900000000009316e-07,2,"[1, 4]","[4833, 1469]"
50,73,288,1154,0.0009088964800814962,2.0000000000098064e-07,2,"[1, 4]","[4978, 1403]"
51,73,288,1154,0.0009091264800814974,2.3000000000112774e-07,2,"[1, 4]","[4736, 1473]"
52,73,288,1154,0.0009094264800814988,3.0000000000147097e-07,2,"[1, 4]","[4509, 1562]"
53,73,288,1154,0.0009108164800815056,1.3900000000068155e-06,2,"[1, 4]","[4545, 1675]"
54,73,288,1155,0.0009077236973806716,0.0009077236973806716,2,"[1, 4]","[5631, 737]"
55,73,288,1155,0.000908013697380673,2.9000000000142193e-07,2,"[1, 4]","[5315, 861]"
56,73,288,1155,0.000908223697380674,2.1000000000102968e-07,2,"[1, 4]","[5342, 893]"
57,73,288,1155,0.0009084036973806749,1.8000000000088258e-07,2,"[1, 4]","[5361, 1113]"
58,73,288,1155,0.0009085636973806757,1.6000000000078451e-07,2,"[1, 4]","[5223, 1140]"
59,73,288,1155,0.0009087136973806764,1.5000000000073548e-07,2,"[1, 4]","[4796, 1237]"
60,73,288,1155,0.0009088736973806772,1.6000000000078451e-07,2,"[1, 4]","[5064, 1322]"
61,73,288,1155,0.0009090436973806781,1.7000000000083355e-07,2,"[1, 4]","[4838, 1406]"
62,73,288,1155,0.000909243697380679,2.0000000000098064e-07,2,"[1, 4]","[4766, 1478]"
63,73,288,1155,0.0009095036973806803,2.6000000000127484e-07,2,"[1, 4]","[4427, 1603]"
64,73,288,1155,0.0009100836973806832,5.800000000028439e-07,2,"[1, 4]","[4277, 1954]"
65,73,288,1156,0.0009078624276005895,0.0009078624276005895,2,"[1, 4]","[6141, 111]"
66,73,288,1156,0.0009081924276005912,3.3000000000161806e-07,2,"[1, 4]","[6261, 181]"
67,73,288,1156,0.0009084324276005923,2.4000000000117677e-07,2,"[1, 4]","[6100, 212]"
68,73,288,1156,0.0009086424276005934,2.1000000000102968e-07,2,"[1, 4]","[6009, 272]"
69,73,288,1156,0.0009088424276005943,2.0000000000098064e-07,2,"[1, 4]","[5975, 319]"
70,73,288,1156,0.0009090524276005954,2.1000000000102968e-07,2,"[1, 4]","[5766, 330]"
71,73,288,1156,0.0009093124276005967,2.6000000000127484e-07,2,"[1, 4]","[5784, 456]"
72,73,288,1156,0.0009097324276005987,4.2000000000205935e-07,2,"[1, 4]","[5566, 573]"
73,73,288,1157,0.0009080851067184749,0.0009080851067184749,2,"[1, 4]","[6400, 5]"
74,73,288,1157,0.0009084251067184765,3.400000000016671e-07,2,"[1, 4]","[6309, 7]"
75,73,288,1157,0.0009086751067184778,2.500000000012258e-07,2,"[1, 4]","[6127, 7]"
76,73,288,1157,0.0009089151067184789,2.4000000000117677e-07,2,"[1, 4]","[6209, 13]"
77,73,288,1157,0.0009091651067184802,2.500000000012258e-07,2,"[1, 4]","[6334, 16]"
78,73,288,1157,0.0009094751067184817,3.1000000000152e-07,2,"[1, 4]","[6068, 15]"
79,73,288,1157,0.0009100951067184847,6.2000000000304e-07,2,"[1, 4]","[6222, 27]"
80,73,288,1158,0.0009083402759960635,0.0009083402759960635,1,[1],[6272]
81,73,288,1158,0.0009087002759960652,3.6000000000176516e-07,1,[1],[6262]
82,73,288,1158,0.0009090002759960667,3.0000000000147097e-07,1,[1],[6406]
83,73,288,1158,0.0009092802759960681,2.800000000013729e-07,1,[1],[6180]
84,73,288,1158,0.0009096202759960697,3.400000000016671e-07,2,"[1, 4]","[6174, 1]"
85,73,288,1158,0.0009103002759960731,6.800000000033342e-07,1,[1],[6250]
86,73,288,1159,0.0009085977395370175,0.0009085977395370175,1,[1],[6367]
87,73,288,1159,0.0009089677395370193,3.700000000018142e-07,1,[1],[6184]
88,73,288,1159,0.0009092877395370209,3.2000000000156903e-07,1,[1],[6226]
89,73,288,1159,0.0009096177395370225,3.3000000000161806e-07,1,[1],[6238]
90,73,288,1159,0.0009101577395370251,5.400000000026477e-07,1,[1],[6297]
91,73,288,1160,0.000908693120027375,0.000908693120027375,1,[1],[6353]
92,73,288,1160,0.000909093120027377,4.000000000019613e-07,1,[1],[6342]
93,73,288,1160,0.0009094231200273786,3.3000000000161806e-07,1,[1],[6055]
94,73,288,1160,0.0009098231200273805,4.000000000019613e-07,1,[1],[6278]
95,73,288,1160,0.0009110031200273863,1.1800000000057858e-06,1,[1],[6230]
96,73,288,1161,0.000908699907726085,0.000908699907726085,1,[1],[6257]
97,73,288,1161,0.0009090899077260869,3.9000000000191225e-07,1,[1],[6275]
98,73,288,1161,0.0009094199077260885,3.3000000000161806e-07,1,[1],[6267]
99,73,288,1161,0.0009097799077260902,3.6000000000176516e-07,1,[1],[6216]
100,73,288,1161,0.0009104699077260936,6.900000000033832e-07,1,[1],[6264]
101,73,288,1162,0.0009087230091502861,0.0009087230091502861,1,[1],[6311]
102,73,288,1162,0.000909123009150288,4.000000000019613e-07,1,[1],[6352]
103,73,288,1162,0.0009094430091502896,3.2000000000156903e-07,1,[1],[6092]
104,73,288,1162,0.0009098230091502915,3.800000000018632e-07,1,[1],[6290]
105,73,288,1162,0.0009106430091502955,8.200000000040206e-07,1,[1],[6217]
106,73,288,1163,0.0009086758354308192,0.0009086758354308192,1,[1],[6250]
107,73,288,1163,0.0009090658354308211,3.9000000000191225e-07,1,[1],[6380]
108,73,288,1163,0.0009093758354308226,3.1000000000152e-07,1,[1],[6317]
109,73,288,1163,0.0009096958354308242,3.2000000000156903e-07,1,[1],[6156]
110,73,288,1163,0.0009101558354308265,4.600000000022555e-07,1,[1],[6186]
111,73,288,1164,0.0009086333957975338,0.0009086333957975338,1,[1],[6281]
112,73,288,1164,0.0009090033957975356,3.700000000018142e-07,1,[1],[6272]
113,73,288,1164,0.000909293395797537,2.9000000000142193e-07,1,[1],[6311]
114,73,288,1164,0.0009095933957975385,3.0000000000147097e-07,1,[1],[6209]
115,73,288,1164,0.0009099733957975404,3.800000000018632e-07,1,[1],[6188]
116,73,288,1165,0.0009085840047150964,0.0009085840047150964,1,[1],[6339]
117,73,288,1165,0.0009089340047150981,3.500000000017161e-07,1,[1],[6177]
118,73,288,1165,0.0009092240047150995,2.9000000000142193e-07,1,[1],[6417]
119,73,288,1165,0.0009094940047151009,2.7000000000132387e-07,1,[1],[6140]
120,73,288,1165,0.0009098340047151025,3.400000000016671e-07,1,[1],[6277]
121,73,288,1165,0.0009105040047151058,6.700000000032852e-07,1,[1],[6150]
122,73,288,1166,0.000908547538781877,0.000908547538781877,1,[1],[6311]
123,73,288,1166,0.0009088975387818787,3.500000000017161e-07,1,[1],[6290]
124,73,288,1166,0.00090916753878188,2.7000000000132387e-07,1,[1],[6170]
125,73,288,1166,0.0009094375387818813,2.7000000000132387e-07,1,[1],[6268]
126,73,288,1166,0.0009097475387818829,3.1000000000152e-07,1,[1],[6390]
127,73,288,1166,0.0009102475387818853,5.000000000024516e-07,1,[1],[6137]
128,73,288,1167,0.000908534177593339,0.000908534177593339,1,[1],[6382]
129,73,288,1167,0.0009088841775933407,3.500000000017161e-07,1,[1],[6327]
130,73,288,1167,0.000909144177593342,2.6000000000127484e-07,1,[1],[6104]
131,73,288,1167,0.0009094141775933433,2.7000000000132387e-07,1,[1],[6364]
132,73,288,1167,0.0009097141775933448,3.0000000000147097e-07,1,[1],[6111]
133,73,288,1167,0.0009101841775933471,4.700000000023045e-07,1,[1],[6292]
134,73,288,1168,0.0009085203370962254,0.0009085203370962254,1,[1],[6362]
135,73,288,1168,0.0009088703370962271,3.500000000017161e-07,1,[1],[6291]
136,73,288,1168,0.0009091403370962284,2.7000000000132387e-07,1,[1],[6243]
137,73,288,1168,0.0009094003370962297,2.6000000000127484e-07,1,[1],[6170]
138,73,288,1168,0.0009097003370962312,3.0000000000147097e-07,1,[1],[6185]
139,73,288,1168,0.0009101603370962334,4.600000000022555e-07,1,[1],[6331]
140,73,288,1169,0.0009085254313023872,0.0009085254313023872,1,[1],[6290]
141,73,288,1169,0.000908885431302389,3.6000000000176516e-07,1,[1],[6413]
142,73,288,1169,0.0009091554313023903,2.7000000000132387e-07,1,[1],[6089]
143,73,288,1169,0.0009094254313023916,2.7000000000132387e-07,1,[1],[6352]
144,73,288,1169,0.0009097354313023932,3.1000000000152e-07,1,[1],[6196]
145,73,288,1169,0.0009102754313023958,5.400000000026477e-07,1,[1],[6225]
146,73,288,1170,0.0009085255695158212,0.0009085255695158212,1,[1],[6258]
147,73,288,1170,0.000908885569515823,3.6000000000176516e-07,1,[1],[6371]
148,73,288,1170,0.0009091655695158243,2.800000000013729e-07,1,[1],[6239]
149,73,288,1170,0.0009094355695158257,2.7000000000132387e-07,1,[1],[6151]
150,73,288,1170,0.0009097755695158273,3.400000000016671e-07,1,[1],[6378]
151,73,288,1170,0.0009103855695158303,6.10000000002991e-07,1,[1],[6131]
152,73,288,1171,0.0009085555578335699,0.0009085555578335699,1,[1],[6253]
153,73,288,1171,0.0009089255578335718,3.700000000018142e-07,1,[1],[6407]
154,73,288,1171,0.0009092055578335731,2.800000000013729e-07,1,[1],[6166]
155,73,288,1171,0.0009094955578335745,2.9000000000142193e-07,1,[1],[6272]
156,73,288,1171,0.0009098355578335762,3.400000000016671e-07,1,[1],[6212]
157,73,288,1171,0.0009106755578335803,8.400000000041187e-07,1,[1],[6203]
158,73,288,1172,0.0009085993664079093,0.0009085993664079093,1,[1],[6318]
159,73,288,1172,0.000908959366407911,3.6000000000176516e-07,1,[1],[6194]
160,73,288,1172,0.0009092593664079125,3.0000000000147097e-07,1,[1],[6406]
161,73,288,1172,0.0009095493664079139,2.9000000000142193e-07,1,[1],[6225]
162,73,288,1172,0.0009099093664079157,3.6000000000176516e-07,1,[1],[6198]
163,73,288,1172,0.0009110493664079213,1.1400000000055897e-06,1,[1],[6161]
164,73,288,1173,0.0009086784079934237,0.0009086784079934237,1,[1],[6342]
165,73,288,1173,0.0009090384079934254,3.6000000000176516e-07,1,[1],[6236]
166,73,288,1173,0.0009093284079934268,2.9000000000142193e-07,1,[1],[6268]
167,73,288,1173,0.0009096184079934283,2.9000000000142193e-07,1,[1],[6307]
168,73,288,1173,0.0009099484079934299,3.3000000000161806e-07,1,[1],[6151]
169,73,288,1173,0.000910778407993434,8.300000000040697e-07,1,[1],[6203]
170,73,288,1174,0.0009087941046950243,0.0009087941046950243,1,[1],[6311]
171,73,288,1174,0.0009091641046950262,3.700000000018142e-07,1,[1],[6393]
172,73,288,1174,0.0009094641046950276,3.0000000000147097e-07,1,[1],[6236]
173,73,288,1174,0.000909754104695029,2.9000000000142193e-07,1,[1],[6110]
174,73,288,1174,0.0009101241046950309,3.700000000018142e-07,1,[1],[6258]
175,73,288,1175,0.0009089272978555547,0.0009089272978555547,1,[1],[6341]
176,73,288,1175,0.0009092872978555565,3.6000000000176516e-07,1,[1],[6247]
177,73,288,1175,0.0009095872978555579,3.0000000000147097e-07,1,[1],[6350]
178,73,288,1175,0.0009098872978555594,3.0000000000147097e-07,1,[1],[6144]
179,73,288,1175,0.0009102772978555613,3.9000000000191225e-07,1,[1],[6285]
180,73,288,1176,0.0009090565680082406,0.0009090565680082406,1,[1],[6255]
181,73,288,1176,0.0009094165680082424,3.6000000000176516e-07,1,[1],[6283]
182,73,288,1176,0.0009097065680082438,2.9000000000142193e-07,1,[1],[6252]
183,73,288,1176,0.0009100065680082452,3.0000000000147097e-07,1,[1],[6282]
184,73,288,1176,0.0009103865680082471,3.800000000018632e-07,1,[1],[6193]
185,73,288,1177,0.0009091990458385603,0.0009091990458385603,1,[1],[6296]
186,73,288,1177,0.0009095690458385622,3.700000000018142e-07,1,[1],[6268]
187,73,288,1177,0.0009098790458385637,3.1000000000152e-07,1,[1],[6311]
188,73,288,1177,0.0009101990458385652,3.2000000000156903e-07,1,[1],[6280]
189,73,288,1177,0.0009106390458385674,4.400000000021574e-07,1,[1],[6114]
190,73,288,1178,0.0009093170151671264,0.0009093170151671264,1,[1],[6289]
191,73,288,1178,0.0009096870151671282,3.700000000018142e-07,1,[1],[6211]
192,73,288,1178,0.0009099970151671298,3.1000000000152e-07,1,[1],[6325]
193,73,288,1178,0.0009103270151671314,3.3000000000161806e-07,1,[1],[6309]
194,73,288,1178,0.0009107670151671335,4.400000000021574e-07,1,[1],[6198]
195,73,288,1179,0.0009094560399709171,0.0009094560399709171,1,[1],[6357]
196,73,288,1179,0.0009098260399709189,3.700000000018142e-07,1,[1],[6143]
197,73,288,1179,0.0009101360399709204,3.1000000000152e-07,1,[1],[6272]
198,73,288,1179,0.0009104760399709221,3.400000000016671e-07,1,[1],[6345]
199,73,288,1179,0.0009109560399709244,4.800000000023535e-07,1,[1],[6160]
200,73,288,1180,0.000909493293218888,0.000909493293218888,1,[1],[6277]
201,73,288,1180,0.0009098732932188899,3.800000000018632e-07,1,[1],[6361]
202,73,288,1180,0.0009101732932188913,3.0000000000147097e-07,1,[1],[6206]
203,73,288,1180,0.0009104832932188929,3.1000000000152e-07,1,[1],[6216]
204,73,288,1180,0.0009109032932188949,4.2000000000205935e-07,1,[1],[6199]
205,73,288,1181,0.0009095368206410142,0.0009095368206410142,2,"[1, 2]","[6268, 36]"
206,73,288,1181,0.000909906820641016,3.700000000018142e-07,2,"[1, 2]","[6312, 39]"
207,73,288,1181,0.0009102068206410175,3.0000000000147097e-07,2,"[1, 2]","[6271, 33]"
208,73,288,1181,0.000910506820641019,3.0000000000147097e-07,2,"[1, 2]","[6070, 41]"
209,73,288,1181,0.0009109068206410209,4.000000000019613e-07,2,"[1, 2]","[6233, 50]"
210,73,288,1182,0.0009095390118490649,0.0009095390118490649,2,"[1, 2]","[5777, 558]"
211,73,288,1182,0.0009098990118490667,3.6000000000176516e-07,2,"[1, 2]","[5609, 604]"
212,73,288,1182,0.0009101890118490681,2.9000000000142193e-07,2,"[1, 2]","[5712, 652]"
213,73,288,1182,0.0009104490118490694,2.6000000000127484e-07,2,"[1, 2]","[5464, 655]"
214,73,288,1182,0.000910769011849071,3.2000000000156903e-07,2,"[1, 2]","[5617, 698]"
215,73,288,1182,0.0009113390118490737,5.700000000027948e-07,2,"[1, 2]","[5430, 767]"
216,73,288,1183,0.000909615930420419,0.000909615930420419,2,"[1, 2]","[6171, 178]"
217,73,288,1183,0.0009099759304204208,3.6000000000176516e-07,2,"[1, 2]","[6080, 162]"
218,73,288,1183,0.0009102759304204222,3.0000000000147097e-07,2,"[1, 2]","[5997, 170]"
219,73,288,1183,0.0009105859304204238,3.1000000000152e-07,2,"[1, 2]","[6082, 201]"
220,73,288,1183,0.0009109959304204258,4.100000000020103e-07,2,"[1, 2]","[6119, 183]"
221,73,288,1184,0.0009096514351680986,0.0009096514351680986,1,[1],[6250]
222,73,288,1184,0.0009100314351681005,3.800000000018632e-07,1,[1],[6365]
223,73,288,1184,0.000910341435168102,3.1000000000152e-07,1,[1],[6280]
224,73,288,1184,0.0009106714351681036,3.3000000000161806e-07,1,[1],[6253]
225,73,288,1184,0.0009111314351681059,4.600000000022555e-07,1,[1],[6128]
226,73,288,1185,0.000909677187419943,0.000909677187419943,1,[1],[6385]
227,73,288,1185,0.0009100571874199448,3.800000000018632e-07,1,[1],[6159]
228,73,288,1185,0.0009103771874199464,3.2000000000156903e-07,1,[1],[6230]
229,73,288,1185,0.0009107271874199481,3.500000000017161e-07,1,[1],[6269]
230,73,288,1185,0.000911307187419951,5.800000000028439e-07,1,[1],[6219]
231,73,288,1186,0.0009096381101252805,0.0009096381101252805,1,[1],[6346]
232,73,288,1186,0.0009100181101252823,3.800000000018632e-07,1,[1],[6213]
233,73,288,1186,0.0009103281101252839,3.1000000000152e-07,1,[1],[6249]
234,73,288,1186,0.0009106681101252855,3.400000000016671e-07,1,[1],[6307]
235,73,288,1186,0.000911168110125288,5.000000000024516e-07,1,[1],[6147]
236,73,288,1187,0.0009096130527643489,0.0009096130527643489,1,[1],[6342]
237,73,288,1187,0.0009100030527643508,3.9000000000191225e-07,1,[1],[6197]
238,73,288,1187,0.0009103330527643524,3.3000000000161806e-07,1,[1],[6378]
239,73,288,1187,0.0009106730527643541,3.400000000016671e-07,1,[1],[6124]
240,73,288,1187,0.0009112430527643569,5.700000000027948e-07,1,[1],[6221]
241,73,288,1188,0.0009099834017742402,0.0009099834017742402,1,[1],[6299]
242,73,288,1188,0.0009106334017742434,6.500000000031871e-07,1,[1],[6220]
243,73,289,1155,0.0009089568531790622,0.0009089568531790622,2,"[1, 4]","[913, 5405]"
244,73,289,1155,0.0009101868531790682,1.230000000006031e-06,2,"[1, 4]","[381, 5803]"
245,73,289,1156,0.0009089118116208187,0.0009089118116208187,2,"[1, 4]","[861, 5397]"
246,73,289,1156,0.0009095018116208216,5.900000000028929e-07,2,"[1, 4]","[324, 5919]"
247,73,289,1156,0.0009106618116208273,1.1600000000056877e-06,2,"[1, 4]","[125, 6127]"
248,73,289,1157,0.0009101732391633765,0.0009101732391633765,2,"[1, 4]","[995, 5276]"
249,73,290,1156,0.0009103357706861437,0.0009103357706861437,1,[4],[6266]
250,73,290,1157,0.00090940893343201,0.00090940893343201,1,[4],[6262]
251,73,290,1157,0.0009100589334320132,6.500000000031871e-07,1,[4],[6314]
252,73,290,1158,0.0009100518884047991,0.0009100518884047991,2,"[4, 5]","[6260, 1]"
253,73,291,1158,0.0009099322110882191,0.0009099322110882191,2,"[4, 5]","[6301, 33]"
254,73,291,1158,0.000910722211088223,7.900000000038735e-07,2,"[4, 5]","[6117, 70]"
255,73,291,1159,0.0009101143380769526,0.0009101143380769526,2,"[4, 5]","[5442, 864]"
256,73,291,1159,0.0009107343380769556,6.2000000000304e-07,2,"[4, 5]","[4975, 1230]"
257,73,292,1159,0.0009105437380711929,0.0009105437380711929,2,"[4, 5]","[4906, 1360]"
258,73,292,1160,0.0009104942808164995,0.0009104942808164995,3,"[4, 5, 6]","[5912, 360, 17]"
259,73,292,1160,0.0009111542808165027,6.600000000032361e-07,3,"[4, 5, 6]","[5920, 300, 38]"
260,73,292,1161,0.0009117835932391048,0.0009117835932391048,3,"[4, 5, 6]","[5492, 1, 771]"
261,73,293,1160,0.0009122162054291737,0.0009122162054291737,3,"[4, 5, 6]","[5544, 6, 700]"
262,73,293,1161,0.000910715691343874,0.000910715691343874,2,"[4, 6]","[4417, 1898]"
263,73,293,1161,0.0009111756913438762,4.600000000022555e-07,2,"[4, 6]","[4172, 2087]"
264,73,293,1161,0.0009116356913438785,4.600000000022555e-07,2,"[4, 6]","[4089, 2087]"
265,73,293,1161,0.0009130856913438856,1.4500000000071097e-06,2,"[4, 6]","[4000, 2252]"
266,73,293,1162,0.0009113893375213674,0.0009113893375213674,2,"[4, 6]","[5512, 787]"
267,73,294,1162,0.0009113807383659365,0.0009113807383659365,2,"[4, 6]","[6200, 97]"
268,73,294,1162,0.0009121607383659403,7.800000000038245e-07,2,"[4, 6]","[6139, 68]"
269,73,294,1163,0.0009116273219627335,0.0009116273219627335,1,[4],[6293]
270,73,294,1163,0.0009124573219627376,8.300000000040697e-07,1,[4],[6236]
271,73,295,1163,0.0009120582683324909,0.0009120582683324909,1,[4],[6285]
272,73,295,1164,0.0009118986254904817,0.0009118986254904817,1,[4],[6280]
273,73,295,1164,0.0009125386254904849,6.400000000031381e-07,1,[4],[6244]
274,73,296,1164,0.000913223283469432,0.000913223283469432,1,[4],[6262]
275,73,296,1165,0.000912270288720458,0.000912270288720458,1,[4],[6279]
276,73,296,1165,0.000912890288720461,6.2000000000304e-07,1,[4],[6264]
277,73,296,1166,0.0009129829193824698,0.0009129829193824698,1,[4],[6289]
278,73,297,1166,0.0009127683287118297,0.0009127683287118297,1,[4],[6279]
279,73,297,1166,0.0009135483287118335,7.800000000038245e-07,1,[4],[6254]
280,73,297,1167,0.0009130464135043622,0.0009130464135043622,1,[4],[6260]
281,73,297,1167,0.0009139464135043666,9.000000000044129e-07,1,[4],[6240]
282,73,298,1167,0.000913386654336871,0.000913386654336871,1,[4],[6300]
283,73,298,1168,0.0009133088165963401,0.0009133088165963401,1,[4],[6257]
284,73,298,1168,0.0009139588165963433,6.500000000031871e-07,2,"[4, 7]","[6257, 4]"
285,73,299,1168,0.0009143716109113996,0.0009143716109113996,2,"[4, 7]","[6167, 94]"
286,73,299,1169,0.0009136079840887054,0.0009136079840887054,2,"[4, 7]","[5213, 1086]"
287,73,299,1169,0.0009141079840887078,5.000000000024516e-07,2,"[4, 7]","[4616, 1655]"
288,73,299,1169,0.0009146379840887104,5.300000000025987e-07,2,"[4, 7]","[4119, 2117]"
289,73,299,1170,0.0009142310559154686,0.0009142310559154686,2,"[4, 7]","[4604, 1672]"
290,73,299,1170,0.0009161610559154781,1.930000000009463e-06,2,"[4, 7]","[4112, 2112]"
291,73,300,1170,0.0009141887833699266,0.0009141887833699266,2,"[4, 7]","[5961, 313]"
292,73,300,1170,0.0009149887833699305,8.000000000039226e-07,2,"[4, 7]","[5970, 314]"
293,73,300,1171,0.0009145072812822159,0.0009145072812822159,1,[4],[6339]
294,73,300,1171,0.0009156172812822213,1.1100000000054426e-06,1,[4],[6185]
295,73,301,1171,0.0009149188777634915,0.0009149188777634915,1,[4],[6271]
296,73,301,1172,0.000914753324717292,0.000914753324717292,1,[4],[6256]
297,73,301,1172,0.0009154633247172955,7.100000000034813e-07,1,[4],[6281]
298,73,301,1173,0.0009165630211636226,0.0009165630211636226,1,[4],[6255]
299,73,302,1173,0.0009151607087118554,0.0009151607087118554,2,"[4, 8]","[6222, 101]"
300,73,302,1173,0.0009158607087118588,7.000000000034323e-07,2,"[4, 8]","[6101, 129]"
301,73,302,1174,0.0009154719259138355,0.0009154719259138355,3,"[4, 8, 9]","[4696, 1529, 49]"
302,73,302,1174,0.0009163519259138398,8.800000000043148e-07,3,"[4, 8, 9]","[4818, 1333, 86]"
303,73,303,1174,0.0009153005698727826,0.0009153005698727826,3,"[4, 8, 9]","[3418, 2220, 628]"
304,73,303,1174,0.0009158205698727852,5.200000000025497e-07,3,"[4, 8, 9]","[3753, 1759, 733]"
305,73,303,1174,0.0009164505698727883,6.30000000003089e-07,3,"[4, 8, 9]","[3888, 1494, 875]"
306,73,303,1175,0.0009154416702304541,0.0009154416702304541,3,"[4, 8, 9]","[3768, 400, 2177]"
307,73,303,1175,0.0009158916702304563,4.5000000000220645e-07,3,"[4, 8, 9]","[3959, 218, 2033]"
308,73,303,1175,0.0009163316702304584,4.400000000021574e-07,3,"[4, 8, 9]","[4225, 145, 1950]"
309,73,303,1175,0.000917051670230462,7.200000000035303e-07,3,"[4, 8, 9]","[4360, 84, 1689]"
310,73,304,1175,0.0009162122063539092,0.0009162122063539092,3,"[4, 8, 9]","[4893, 16, 1402]"
311,73,304,1176,0.0009161264889874094,0.0009161264889874094,2,"[4, 9]","[6302, 59]"
312,73,304,1176,0.0009166964889874122,5.700000000027948e-07,2,"[4, 9]","[6184, 24]"
313,73,304,1176,0.000917676488987417,9.800000000048052e-07,2,"[4, 9]","[6191, 3]"
314,73,304,1177,0.000917052698231898,0.000917052698231898,1,[4],[6277]
315,73,305,1177,0.0009166343195814465,0.0009166343195814465,1,[4],[6295]
316,73,305,1177,0.0009172643195814496,6.30000000003089e-07,1,[4],[6230]
317,73,305,1178,0.0009170835603330023,0.0009170835603330023,1,[4],[6261]
318,73,305,1178,0.0009180235603330069,9.40000000004609e-07,1,[4],[6241]
319,73,306,1178,0.0009172630999845046,0.0009172630999845046,1,[4],[6278]
320,73,306,1178,0.0009182030999845092,9.40000000004609e-07,1,[4],[6245]
321,73,306,1179,0.0009173745454569109,0.0009173745454569109,1,[4],[6272]
322,73,306,1179,0.0009179945454569139,6.2000000000304e-07,1,[4],[6250]
323,73,307,1179,0.0009181502542035516,0.0009181502542035516,1,[4],[6275]
324,73,307,1180,0.0009177763968044511,0.0009177763968044511,1,[4],[6279]
325,73,307,1180,0.0009183563968044539,5.800000000028439e-07,1,[4],[6308]
326,73,307,1180,0.0009192863968044585,9.3000000000456e-07,1,[4],[6179]
327,73,307,1181,0.0009186625036941515,0.0009186625036941515,2,"[4, 10]","[6261, 1]"
328,73,308,1181,0.000918272050766494,0.000918272050766494,2,"[4, 10]","[6072, 215]"
329,73,308,1181,0.000918872050766497,6.000000000029419e-07,2,"[4, 10]","[5934, 285]"
330,73,308,1181,0.0009206220507665055,1.7500000000085806e-06,2,"[4, 10]","[5848, 398]"
331,73,308,1182,0.0009185491712408664,0.0009185491712408664,2,"[4, 10]","[4577, 1724]"
332,73,308,1182,0.0009191891712408695,6.400000000031381e-07,2,"[4, 10]","[4561, 1675]"
333,73,309,1182,0.0009186200339493739,0.0009186200339493739,2,"[4, 10]","[3566, 2718]"
334,73,309,1182,0.0009191900339493767,5.700000000027948e-07,2,"[4, 10]","[4265, 1976]"
335,73,309,1182,0.000920070033949381,8.800000000043148e-07,2,"[4, 10]","[4778, 1470]"
336,73,309,1183,0.0009190893185045868,0.0009190893185045868,2,"[4, 10]","[5914, 356]"
337,73,309,1183,0.0009197493185045901,6.600000000032361e-07,2,"[4, 10]","[6188, 115]"
338,73,310,1183,0.0009198344794321375,0.0009198344794321375,2,"[4, 10]","[6297, 10]"
339,73,310,1184,0.0009196252559388866,0.0009196252559388866,1,[4],[6266]
340,73,310,1184,0.0009202252559388895,6.000000000029419e-07,1,[4],[6247]
341,73,310,1184,0.0009214152559388954,1.1900000000058348e-06,1,[4],[6244]
342,73,310,1185,0.0009210356723168518,0.0009210356723168518,1,[4],[6253]
343,73,311,1184,0.0009213670675676824,0.0009213670675676824,1,[4],[6253]
344,73,311,1185,0.0009201976650789588,0.0009201976650789588,1,[4],[6285]
345,73,311,1185,0.0009208076650789618,6.10000000002991e-07,1,[4],[6217]
346,73,311,1185,0.0009221976650789686,1.3900000000068155e-06,1,[4],[6251]
347,73,311,1186,0.0009209196202285793,0.0009209196202285793,1,[4],[6266]
348,73,312,1186,0.0009208540189157782,0.0009208540189157782,1,[4],[6256]
349,73,312,1186,0.0009215740189157817,7.200000000035303e-07,1,[4],[6255]
350,73,312,1187,0.0009212366760144686,0.0009212366760144686,1,[4],[6328]
351,73,312,1187,0.0009220466760144725,8.100000000039716e-07,1,[4],[6218]
352,73,313,1187,0.0009216087136213025,0.0009216087136213025,1,[4],[6250]
353,73,313,1187,0.0009228987136213089,1.2900000000063251e-06,1,[4],[6259]
354,73,313,1188,0.0009216910462161778,0.0009216910462161778,1,[4],[6290]
355,73,313,1188,0.0009223310462161809,6.400000000031381e-07,1,[4],[6234]
356,73,314,1188,0.0009225795261699184,0.0009225795261699184,1,[4],[6284]
357,73,314,1189,0.0009221955432640384,0.0009221955432640384,1,[4],[6271]
358,73,314,1189,0.0009227855432640413,5.900000000028929e-07,1,[4],[6300]
359,73,314,1189,0.0009238655432640465,1.0800000000052955e-06,1,[4],[6195]
360,73,314,1190,0.0009233114852580349,0.0009233114852580349,1,[4],[6286]
361,73,315,1190,0.0009228520880844095,0.0009228520880844095,1,[4],[6292]
362,73,315,1190,0.0009235220880844128,6.700000000032852e-07,1,[4],[6216]
363,73,315,1191,0.0009234296901094543,0.0009234296901094543,1,[4],[6280]
364,73,316,1191,0.0009234300336945674,0.0009234300336945674,1,[4],[6314]
365,73,316,1191,0.0009243100336945717,8.800000000043148e-07,1,[4],[6189]
366,73,316,1192,0.0009235376171115992,0.0009235376171115992,1,[4],[6255]
367,73,316,1192,0.0009242576171116028,7.200000000035303e-07,1,[4],[6257]
368,73,317,1192,0.00092410358512425,0.00092410358512425,1,[4],[6300]
369,73,317,1193,0.0009238492809924802,0.0009238492809924802,1,[4],[6266]
370,73,317,1193,0.0009244692809924832,6.2000000000304e-07,1,[4],[6304]
371,73,317,1194,0.0009250279246445675,0.0009250279246445675,1,[4],[6252]
372,73,318,1194,0.0009242326774267721,0.0009242326774267721,1,[4],[6296]
373,73,318,1194,0.0009248526774267751,6.2000000000304e-07,1,[4],[6269]
374,73,318,1195,0.0009247976721995191,0.0009247976721995191,1,[4],[6303]
375,73,319,1195,0.0009247170830866415,0.0009247170830866415,2,"[4, 11]","[6276, 6]"
376,73,319,1195,0.0009255170830866455,8.000000000039226e-07,2,"[4, 11]","[6204, 17]"
377,73,319,1196,0.0009248804243320622,0.0009248804243320622,2,"[4, 11]","[5968, 381]"
378,73,319,1196,0.0009255404243320654,6.600000000032361e-07,2,"[4, 11]","[5514, 697]"
379,73,320,1196,0.000925210427101455,0.000925210427101455,2,"[4, 11]","[4952, 1301]"
380,73,320,1196,0.0009261504271014596,9.40000000004609e-07,2,"[4, 11]","[4506, 1744]"
381,73,320,1197,0.0009251189074512589,0.0009251189074512589,2,"[4, 11]","[5597, 672]"
382,73,320,1197,0.0009256689074512616,5.500000000026968e-07,2,"[4, 11]","[5712, 600]"
383,73,320,1197,0.0009263789074512651,7.100000000034813e-07,2,"[4, 11]","[5664, 538]"
384,73,320,1198,0.0009263078108769061,0.0009263078108769061,2,"[4, 11]","[6265, 10]"
385,73,320,1439,0.0010583987938075962,0.0010583987938075962,1,[83],[6266]
386,73,320,1439,0.0010591587938075916,7.599999999954865e-07,2,"[83, 84]","[6263, 1]"
387,73,320,1440,0.0010583007960225748,0.0010583007960225748,1,[83],[6267]
388,73,320,1440,0.0010588507960225715,5.499999999967337e-07,1,[83],[6233]
389,73,320,1440,0.0010595607960225673,7.099999999957834e-07,1,[83],[6316]
390,73,321,1197,0.0009267599897389502,0.0009267599897389502,2,"[4, 11]","[6200, 57]"
391,73,321,1198,0.0009256221769771199,0.0009256221769771199,1,[4],[6321]
392,73,321,1198,0.0009262221769771228,6.000000000029419e-07,1,[4],[6209]
393,73,321,1199,0.0009261105242464866,0.0009261105242464866,1,[4],[6260]
394,73,321,1199,0.0009273005242464924,1.1900000000058348e-06,1,[4],[6249]
395,73,321,1439,0.001059029404609074,0.001059029404609074,2,"[83, 84]","[6281, 1]"
396,73,322,1199,0.0009261841987209382,0.0009261841987209382,1,[4],[6307]
397,73,322,1199,0.0009270341987209423,8.500000000041677e-07,1,[4],[6208]
398,73,322,1200,0.0009263114346478294,0.0009263114346478294,1,[4],[6298]
399,73,322,1200,0.0009269514346478326,6.400000000031381e-07,1,[4],[6205]
400,73,323,1200,0.0009270188450673085,0.0009270188450673085,1,[4],[6258]
401,73,323,1201,0.000926677221053695,0.000926677221053695,1,[4],[6329]
402,73,323,1201,0.0009272572210536978,5.800000000028439e-07,1,[4],[6252]
403,73,323,1201,0.0009281772210537023,9.20000000004511e-07,1,[4],[6176]
404,73,323,1202,0.0009274767299356606,0.0009274767299356606,1,[4],[6267]
405,73,324,1202,0.0009271644677863454,0.0009271644677863454,1,[4],[6257]
406,73,324,1202,0.0009278244677863487,6.600000000032361e-07,1,[4],[6303]
407,73,324,1203,0.0009275204803193289,0.0009275204803193289,1,[4],[6287]
408,73,324,1203,0.000928340480319333,8.200000000040206e-07,1,[4],[6242]
409,73,325,1203,0.000927865810827178,0.000927865810827178,2,"[4, 12]","[6253, 2]"
410,73,325,1204,0.000927864671021313,0.000927864671021313,3,"[4, 12, 13]","[5960, 308, 6]"
411,73,325,1204,0.0009285146710213162,6.500000000031871e-07,3,"[4, 12, 13]","[5710, 508, 26]"
412,73,325,1205,0.000928657860469684,0.000928657860469684,3,"[4, 12, 13]","[4115, 1673, 491]"
413,73,326,1204,0.0009288529563918566,0.0009288529563918566,3,"[4, 12, 13]","[4919, 1111, 257]"
414,73,326,1205,0.0009281248177842203,0.0009281248177842203,3,"[4, 12, 13]","[4378, 908, 976]"
415,73,326,1205,0.0009285948177842226,4.700000000023045e-07,3,"[4, 12, 13]","[4270, 751, 1307]"
416,73,326,1205,0.0009290448177842249,4.5000000000220645e-07,3,"[4, 12, 13]","[4083, 593, 1533]"
417,73,326,1205,0.0009299448177842293,9.000000000044129e-07,3,"[4, 12, 13]","[3912, 462, 1836]"
418,73,326,1206,0.000928803517276494,0.000928803517276494,3,"[4, 12, 13]","[5726, 44, 527]"
419,73,326,1206,0.0009298135172764989,1.0100000000049522e-06,3,"[4, 12, 13]","[5741, 15, 462]"
420,73,327,1206,0.0009289810955954107,0.0009289810955954107,2,"[4, 13]","[6236, 49]"
421,73,327,1206,0.0009299410955954154,9.60000000004707e-07,2,"[4, 13]","[6195, 25]"
422,73,327,1207,0.0009291235043293842,0.0009291235043293842,1,[4],[6307]
423,73,327,1207,0.0009297835043293874,6.600000000032361e-07,1,[4],[6260]
424,73,328,1207,0.0009300231579830841,0.0009300231579830841,1,[4],[6258]
425,73,328,1208,0.0009295965291396344,0.0009295965291396344,1,[4],[6312]
426,73,328,1208,0.0009302065291396374,6.10000000002991e-07,1,[4],[6218]
427,73,328,1209,0.0009302765910988942,0.0009302765910988942,1,[4],[6282]
428,73,329,1209,0.000930237584436197,0.000930237584436197,1,[4],[6273]
429,73,329,1209,0.0009310375844362009,8.000000000039226e-07,1,[4],[6252]
430,73,329,1210,0.0009304973953217296,0.0009304973953217296,1,[4],[6254]
431,73,329,1210,0.000931187395321733,6.900000000033832e-07,1,[4],[6262]
432,73,330,1210,0.0009311939161786008,0.0009311939161786008,1,[4],[6273]
433,73,330,1211,0.0009309301376639564,0.0009309301376639564,1,[4],[6329]
434,73,330,1211,0.0009315501376639594,6.2000000000304e-07,1,[4],[6272]
435,73,330,1212,0.0009317014892140456,0.0009317014892140456,1,[4],[6288]
436,73,331,1212,0.0009313782397239127,0.0009313782397239127,1,[4],[6312]
437,73,331,1212,0.0009319982397239157,6.2000000000304e-07,1,[4],[6254]
438,73,331,1213,0.0009316515845092887,0.0009316515845092887,1,[4],[6345]
439,73,331,1213,0.0009322915845092918,6.400000000031381e-07,1,[4],[6202]
440,73,332,1213,0.0009320789852993838,0.0009320789852993838,1,[4],[6308]
441,73,332,1214,0.0009319345805371951,0.0009319345805371951,1,[4],[6304]
442,73,332,1214,0.0009324645805371977,5.300000000025987e-07,1,[4],[6239]
443,73,332,1214,0.000933154580537201,6.900000000033832e-07,1,[4],[6228]
444,73,332,1215,0.000932744973659269,0.000932744973659269,1,[4],[6275]
445,73,333,1215,0.0009323735203121844,0.0009323735203121844,1,[4],[6284]
446,73,333,1215,0.0009329635203121873,5.900000000028929e-07,1,[4],[6242]
447,73,333,1215,0.0009339735203121923,1.0100000000049522e-06,1,[4],[6224]
448,73,333,1216,0.0009327217377373126,0.0009327217377373126,1,[4],[6261]
449,73,333,1216,0.000933421737737316,7.000000000034323e-07,1,[4],[6314]
450,73,334,1216,0.0009330309320508377,0.0009330309320508377,1,[4],[6284]
451,73,334,1216,0.0009341609320508433,1.1300000000055406e-06,1,[4],[6225]
452,73,334,1217,0.0009329973739507401,0.0009329973739507401,1,[4],[6261]
453,73,334,1217,0.0009335673739507429,5.700000000027948e-07,1,[4],[6308]
454,73,334,1217,0.0009344373739507472,8.700000000042658e-07,1,[4],[6203]
455,73,334,1218,0.0009339125597620132,0.0009339125597620132,1,[4],[6270]
456,73,335,1217,0.0009350525887262811,0.0009350525887262811,1,[4],[6251]
457,73,335,1218,0.0009333762122906262,0.0009333762122906262,1,[4],[6270]
458,73,335,1218,0.0009339762122906292,6.000000000029419e-07,1,[4],[6293]
459,73,335,1219,0.0009336329147521768,0.0009336329147521768,1,[4],[6318]
460,73,335,1219,0.00093428291475218,6.500000000031871e-07,1,[4],[6197]
461,73,336,1219,0.0009340925115223614,0.0009340925115223614,1,[4],[6278]
462,73,336,1220,0.0009338291059778022,0.0009338291059778022,1,[4],[6317]
463,73,336,1220,0.0009343691059778049,5.400000000026477e-07,1,[4],[6300]
464,73,336,1220,0.0009351191059778085,7.500000000036774e-07,1,[4],[6148]
465,73,336,1221,0.0009343739326279268,0.0009343739326279268,1,[4],[6268]
466,73,336,1221,0.0009360739326279351,1.7000000000083355e-06,1,[4],[6233]
467,73,337,1221,0.0009342948312030274,0.0009342948312030274,1,[4],[6256]
468,73,337,1221,0.0009350048312030309,7.100000000034813e-07,1,[4],[6272]
469,73,337,1222,0.0009343741346273078,0.0009343741346273078,1,[4],[6265]
470,73,337,1222,0.0009349541346273106,5.800000000028439e-07,1,[4],[6247]
471,73,337,1222,0.0009359941346273157,1.0400000000050993e-06,1,[4],[6249]
472,73,337,1223,0.000935480929049995,0.000935480929049995,1,[4],[6254]
473,73,338,1222,0.0009353262314725501,0.0009353262314725501,1,[4],[6275]
474,73,338,1223,0.0009346309885207429,0.0009346309885207429,1,[4],[6344]
475,73,338,1223,0.0009351709885207455,5.400000000026477e-07,1,[4],[6244]
476,73,338,1223,0.0009359309885207493,7.600000000037264e-07,1,[4],[6196]
477,73,338,1224,0.0009347895575850249,0.0009347895575850249,2,"[4, 14]","[6277, 2]"
478,73,338,1224,0.000935409557585028,6.2000000000304e-07,1,[4],[6312]
479,73,339,1224,0.0009350970181419559,0.0009350970181419559,2,"[4, 14]","[6255, 12]"
480,73,339,1224,0.0009362870181419617,1.1900000000058348e-06,2,"[4, 14]","[6239, 7]"
481,73,339,1225,0.0009347727032477203,0.0009347727032477203,2,"[4, 14]","[5473, 885]"
482,73,339,1225,0.0009352227032477225,4.5000000000220645e-07,2,"[4, 14]","[5227, 965]"
483,73,339,1225,0.0009356527032477246,4.300000000021084e-07,2,"[4, 14]","[5134, 1096]"
484,73,339,1225,0.0009363827032477282,7.300000000035793e-07,2,"[4, 14]","[5054, 1173]"
485,73,339,1226,0.0009348739101575431,0.0009348739101575431,2,"[4, 14]","[3042, 3225]"
486,73,339,1226,0.0009353239101575453,4.5000000000220645e-07,2,"[4, 14]","[3132, 3142]"
487,73,339,1226,0.0009357539101575474,4.300000000021084e-07,2,"[4, 14]","[3094, 3153]"
488,73,339,1226,0.000936473910157551,7.200000000035303e-07,2,"[4, 14]","[3189, 3041]"
489,73,339,1331,0.0009325245772159791,0.0009325245772159791,2,"[182, 202]","[6253, 10]"
490,73,339,1331,0.0009334645772159837,9.40000000004609e-07,2,"[182, 202]","[6217, 25]"
491,73,339,1332,0.0009321960366718648,0.0009321960366718648,2,"[182, 202]","[5616, 711]"
492,73,339,1332,0.0009326260366718669,4.300000000021084e-07,2,"[182, 202]","[5420, 859]"
493,73,339,1332,0.0009330060366718688,3.800000000018632e-07,2,"[182, 202]","[5163, 988]"
494,73,339,1332,0.0009335060366718712,5.000000000024516e-07,2,"[182, 202]","[4986, 1315]"
495,73,339,1333,0.0009325546797806101,0.0009325546797806101,2,"[182, 202]","[4122, 2130]"
496,73,339,1333,0.0009330946797806127,5.400000000026477e-07,2,"[182, 202]","[3914, 2437]"
497,73,339,1333,0.000933764679780616,6.700000000032852e-07,2,"[182, 202]","[3406, 2761]"
498,73,340,1226,0.0009349325132212304,0.0009349325132212304,2,"[4, 14]","[3598, 2716]"
499,73,340,1226,0.0009354025132212327,4.700000000023045e-07,2,"[4, 14]","[3786, 2450]"
500,73,340,1226,0.000935872513221235,4.700000000023045e-07,2,"[4, 14]","[3875, 2397]"
501,73,340,1226,0.0009382125132212464,2.3400000000114735e-06,2,"[4, 14]","[4113, 2065]"
502,73,340,1227,0.0009351888953667559,0.0009351888953667559,2,"[4, 14]","[5726, 579]"
503,73,340,1227,0.0009357188953667585,5.300000000025987e-07,2,"[4, 14]","[5838, 363]"
504,73,340,1227,0.0009363888953667618,6.700000000032852e-07,2,"[4, 14]","[6011, 265]"
505,73,340,1228,0.0009361079428350853,0.0009361079428350853,2,"[4, 14]","[6250, 2]"
506,73,341,1227,0.0009365398903395804,0.0009365398903395804,2,"[4, 14]","[6239, 21]"
507,73,341,1228,0.0009355052264360854,0.0009355052264360854,1,[4],[6285]
508,73,341,1228,0.0009360852264360882,5.800000000028439e-07,1,[4],[6256]
509,73,341,1228,0.0009373252264360943,1.24000000000608e-06,1,[4],[6210]
510,73,341,1229,0.0009356908671897448,0.0009356908671897448,1,[4],[6285]
511,73,341,1229,0.000936340867189748,6.500000000031871e-07,1,[4],[6215]
512,73,342,1229,0.0009361591236529438,0.0009361591236529438,1,[4],[6254]
513,73,342,1230,0.000935828692558943,0.000935828692558943,1,[4],[6325]
514,73,342,1230,0.0009363686925589457,5.400000000026477e-07,1,[4],[6175]
515,73,342,1230,0.0009371386925589494,7.700000000037755e-07,1,[4],[6252]
516,73,342,1231,0.0009362211695711795,0.0009362211695711795,1,[4],[6254]
517,73,342,1231,0.0009370811695711837,8.600000000042168e-07,1,[4],[6280]
518,73,342,1332,0.0009511866880953625,0.0009511866880953625,1,[169],[6266]
519,73,343,1231,0.0009363452543192678,0.0009363452543192678,1,[4],[6326]
520,73,343,1231,0.0009371152543192716,7.700000000037755e-07,1,[4],[6213]
521,73,343,1232,0.0009362900524968364,0.0009362900524968364,1,[4],[6284]
522,73,343,1232,0.000936810052496839,5.200000000025497e-07,1,[4],[6259]
523,73,343,1232,0.000937430052496842,6.2000000000304e-07,1,[4],[6230]
524,73,343,1233,0.000936992955189808,0.000936992955189808,1,[4],[6284]
525,73,344,1233,0.000936726496689057,0.000936726496689057,1,[4],[6278]
526,73,344,1233,0.00093734649668906,6.2000000000304e-07,1,[4],[6289]
527,73,344,1234,0.0009368798488854138,0.0009368798488854138,1,[4],[6270]
528,73,344,1234,0.0009374698488854167,5.900000000028929e-07,1,[4],[6279]
529,73,344,1234,0.0009385898488854222,1.1200000000054916e-06,1,[4],[6204]
530,73,344,1235,0.000937929201027803,0.000937929201027803,1,[4],[6265]
531,73,345,1234,0.0009379173661196473,0.0009379173661196473,1,[4],[6258]
532,73,345,1235,0.0009371913088716132,0.0009371913088716132,1,[4],[6266]
533,73,345,1235,0.0009377913088716161,6.000000000029419e-07,1,[4],[6249]
534,73,345,1236,0.0009374052186425033,0.0009374052186425033,2,"[4, 15]","[6229, 57]"
535,73,345,1236,0.0009380452186425064,6.400000000031381e-07,2,"[4, 15]","[6195, 90]"
536,73,345,1237,0.0009384065344140838,0.0009384065344140838,2,"[4, 15]","[5243, 1027]"
537,73,346,1236,0.0009379109217067679,0.0009379109217067679,2,"[4, 15]","[5797, 462]"
538,73,346,1237,0.0009374548025757965,0.0009374548025757965,2,"[4, 15]","[5122, 1211]"
539,73,346,1237,0.0009379048025757987,4.5000000000220645e-07,2,"[4, 15]","[4958, 1306]"
540,73,346,1237,0.0009383448025758009,4.400000000021574e-07,2,"[4, 15]","[4774, 1458]"
541,73,346,1237,0.0009390848025758045,7.400000000036284e-07,2,"[4, 15]","[4642, 1529]"
542,73,346,1238,0.0009378157504996264,0.0009378157504996264,2,"[4, 15]","[6056, 217]"
543,73,346,1238,0.0009384457504996294,6.30000000003089e-07,2,"[4, 15]","[6119, 192]"
544,73,347,1238,0.0009381620953036581,0.0009381620953036581,2,"[4, 15]","[6295, 15]"
545,73,347,1238,0.000939772095303666,1.6100000000078942e-06,2,"[4, 15]","[6180, 17]"
546,73,347,1239,0.0009379564807821557,0.0009379564807821557,1,[4],[6341]
547,73,347,1239,0.0009384664807821582,5.100000000025006e-07,1,[4],[6241]
548,73,347,1239,0.0009390664807821612,6.000000000029419e-07,1,[4],[6237]
549,73,347,1240,0.0009383753420178799,0.0009383753420178799,1,[4],[6304]
550,73,347,1240,0.0009391853420178839,8.100000000039716e-07,1,[4],[6201]
551,73,348,1240,0.0009384751542475359,0.0009384751542475359,1,[4],[6315]
552,73,348,1240,0.0009393251542475401,8.500000000041677e-07,1,[4],[6235]
553,73,348,1241,0.0009384306871629154,0.0009384306871629154,1,[4],[6316]
554,73,348,1241,0.000938950687162918,5.200000000025497e-07,1,[4],[6279]
555,73,348,1241,0.0009395506871629209,6.000000000029419e-07,1,[4],[6208]
556,73,348,1242,0.0009389771635711811,0.0009389771635711811,1,[4],[6301]
557,73,348,1242,0.0009399871635711861,1.0100000000049522e-06,1,[4],[6206]
558,73,349,1242,0.0009389338262538713,0.0009389338262538713,2,"[4, 16]","[6310, 1]"
559,73,349,1242,0.0009396438262538748,7.100000000034813e-07,2,"[4, 16]","[6229, 1]"
560,73,349,1243,0.0009389933373207482,0.0009389933373207482,3,"[4, 16, 17]","[6140, 166, 1]"
561,73,349,1243,0.0009394933373207507,5.000000000024516e-07,3,"[4, 16, 17]","[5952, 276, 4]"
562,73,349,1243,0.0009400533373207534,5.600000000027458e-07,3,"[4, 16, 17]","[5914, 316, 4]"
563,73,349,1244,0.0009394247401468479,0.0009394247401468479,3,"[4, 16, 17]","[4977, 968, 317]"
564,73,349,1244,0.0009401147401468513,6.900000000033832e-07,3,"[4, 16, 17]","[4987, 958, 367]"
565,73,350,1243,0.0009402481741186824,0.0009402481741186824,3,"[4, 16, 17]","[5159, 1071, 32]"
566,73,350,1244,0.0009392456930814645,0.0009392456930814645,3,"[4, 16, 17]","[4669, 914, 710]"
567,73,350,1244,0.0009397056930814668,4.600000000022555e-07,3,"[4, 16, 17]","[4663, 862, 736]"
568,73,350,1244,0.0009401456930814689,4.400000000021574e-07,3,"[4, 16, 17]","[4751, 751, 698]"
569,73,350,1244,0.0009410056930814731,8.600000000042168e-07,3,"[4, 16, 17]","[4899, 616, 754]"
570,73,350,1245,0.000939344900480974,0.000939344900480974,3,"[4, 16, 17]","[5546, 39, 679]"
571,73,350,1245,0.0009397949004809762,4.5000000000220645e-07,3,"[4, 16, 17]","[5723, 23, 587]"
572,73,350,1245,0.0009402149004809783,4.2000000000205935e-07,3,"[4, 16, 17]","[5663, 29, 515]"
573,73,350,1245,0.0009408749004809815,6.600000000032361e-07,3,"[4, 16, 17]","[5766, 10, 468]"
574,73,350,1246,0.0009397775397794187,0.0009397775397794187,3,"[4, 17, 18]","[6165, 14, 125]"
575,73,350,1246,0.0009406375397794229,8.600000000042168e-07,3,"[4, 17, 18]","[6099, 5, 94]"
576,73,351,1245,0.0009411899023108576,0.0009411899023108576,4,"[4, 16, 17, 18]","[6155, 1, 103, 1]"
577,73,351,1246,0.0009395728524874595,0.0009395728524874595,2,"[4, 18]","[5683, 591]"
578,73,351,1246,0.0009401228524874622,5.500000000026968e-07,2,"[4, 18]","[5797, 486]"
579,73,351,1246,0.000940892852487466,7.700000000037755e-07,3,"[4, 17, 18]","[5763, 1, 429]"
580,73,351,1247,0.0009392493057864479,0.0009392493057864479,2,"[4, 18]","[3894, 2377]"
581,73,351,1247,0.0009396293057864497,3.800000000018632e-07,2,"[4, 18]","[4204, 2073]"
582,73,351,1247,0.0009399493057864513,3.2000000000156903e-07,2,"[4, 18]","[4456, 1882]"
583,73,351,1247,0.000940289305786453,3.400000000016671e-07,2,"[4, 18]","[4564, 1714]"
584,73,351,1247,0.0009407493057864552,4.600000000022555e-07,2,"[4, 18]","[4580, 1523]"
585,73,351,1248,0.0009396442890203158,0.0009396442890203158,2,"[4, 18]","[5846, 479]"
586,73,351,1248,0.0009402742890203189,6.30000000003089e-07,2,"[4, 18]","[5848, 402]"
587,73,351,1306,0.0009870943375902864,0.0009870943375902864,3,"[101, 116, 117]","[6045, 217, 7]"
588,73,351,1307,0.000988271911591186,0.000988271911591186,4,"[101, 116, 117, 118]","[5064, 1190, 11, 2]"
589,73,352,1247,0.0009409817642777247,0.0009409817642777247,2,"[4, 18]","[5245, 1009]"
590,73,352,1248,0.0009396762077791791,0.0009396762077791791,2,"[4, 18]","[6260, 57]"
591,73,352,1248,0.0009403262077791823,6.500000000031871e-07,2,"[4, 18]","[6175, 49]"
592,73,352,1249,0.0009394378093694224,0.0009394378093694224,1,[4],[6348]
593,73,352,1249,0.0009399078093694247,4.700000000023045e-07,1,[4],[6256]
594,73,352,1249,0.000940377809369427,4.700000000023045e-07,1,[4],[6205]
595,73,352,1250,0.0009395562798845703,0.0009395562798845703,1,[4],[6261]
596,73,352,1250,0.0009401362798845731,5.800000000028439e-07,1,[4],[6316]
597,73,352,1250,0.0009410662798845777,9.3000000000456e-07,1,[4],[6180]
598,73,352,1251,0.0009402963093248603,0.0009402963093248603,1,[4],[6258]
599,73,352,1297,0.0009554214313347702,0.0009554214313347702,3,"[22, 33, 68]","[5851, 412, 2]"
600,73,352,1297,0.0009572514313347792,1.8300000000089729e-06,2,"[22, 33]","[5365, 876]"
601,73,352,1298,0.0009545680531528666,0.0009545680531528666,5,"[22, 33, 68, 77, 78]","[3676, 2263, 300, 18, 3]"
602,73,352,1298,0.0009551980531528697,6.30000000003089e-07,4,"[22, 33, 68, 77]","[4990, 1272, 5, 6]"
603,73,352,1298,0.0009557480531528724,5.500000000026968e-07,3,"[22, 33, 77]","[5240, 998, 2]"
604,73,352,1298,0.0009565180531528761,7.700000000037755e-07,2,"[22, 33]","[5369, 905]"
605,73,352,1306,0.0009864440256917735,0.0009864440256917735,4,"[101, 116, 117, 118]","[6210, 90, 5, 1]"
606,73,352,1306,0.0009871740256917692,7.299999999956647e-07,3,"[101, 116, 117]","[5712, 488, 19]"
607,73,352,1306,0.0009879640256917645,7.899999999953083e-07,4,"[101, 116, 117, 118]","[5034, 1200, 30, 2]"
608,73,352,1307,0.0009874521159008974,0.0009874521159008974,4,"[101, 116, 117, 118]","[5239, 1009, 28, 2]"
609,73,352,1307,0.0009889821159008883,1.5299999999909136e-06,4,"[101, 116, 117, 118]","[4206, 1991, 26, 2]"
610,73,353,1250,0.0009398857443268676,0.0009398857443268676,1,[4],[6308]
611,73,353,1250,0.0009414457443268753,1.560000000007649e-06,1,[4],[6195]
612,73,353,1251,0.0009394956107455582,0.0009394956107455582,1,[4],[6345]
613,73,353,1251,0.0009399856107455606,4.900000000024026e-07,1,[4],[6214]
614,73,353,1251,0.0009405556107455634,5.700000000027948e-07,1,[4],[6238]
615,73,353,1252,0.0009395069723012118,0.0009395069723012118,1,[4],[6343]
616,73,353,1252,0.0009400069723012142,5.000000000024516e-07,1,[4],[6298]
617,73,353,1252,0.0009405369723012168,5.300000000025987e-07,1,[4],[6130]
618,73,353,1253,0.0009399924156917342,0.0009399924156917342,1,[4],[6278]
619,73,353,1253,0.0009414924156917416,1.5000000000073548e-06,1,[4],[6228]
620,73,353,1296,0.0009584466483713903,0.0009584466483713903,2,"[22, 33]","[6284, 23]"
621,73,353,1297,0.0009552632494700677,0.0009552632494700677,4,"[22, 33, 68, 77]","[5100, 1151, 3, 1]"
622,73,353,1297,0.000956143249470072,8.800000000043148e-07,2,"[22, 33]","[4494, 1813]"
623,73,353,1297,0.0009569132494700758,7.700000000037755e-07,2,"[22, 33]","[4813, 1386]"
624,73,353,1297,0.0009576532494700794,7.400000000036284e-07,2,"[22, 33]","[5844, 478]"
625,73,353,1297,0.0009584132494700831,7.600000000037264e-07,2,"[22, 33]","[6096, 85]"
626,73,353,1298,0.0009537376435274831,0.0009537376435274831,4,"[22, 33, 68, 77]","[469, 4360, 1431, 17]"
627,73,353,1298,0.0009545076435274869,7.700000000037755e-07,5,"[22, 33, 68, 77, 78]","[1969, 4080, 191, 32, 1]"
628,73,353,1298,0.0009550676435274896,5.600000000027458e-07,5,"[22, 33, 68, 77, 78]","[2557, 3607, 20, 21, 2]"
629,73,353,1298,0.0009556276435274924,5.600000000027458e-07,4,"[22, 33, 68, 77]","[2825, 3497, 2, 6]"
630,73,353,1298,0.0009562676435274955,6.400000000031381e-07,3,"[22, 33, 77]","[2917, 3286, 3]"
631,73,353,1298,0.0009574676435275014,1.2000000000058839e-06,2,"[22, 33]","[3873, 2348]"
632,73,353,1299,0.0009525304425657654,0.0009525304425657654,2,"[33, 68]","[5333, 973]"
633,73,353,1299,0.0009531004425657682,5.700000000027948e-07,4,"[22, 33, 68, 77]","[2, 5006, 1196, 2]"
634,73,353,1299,0.0009537804425657716,6.800000000033342e-07,4,"[22, 33, 68, 77]","[13, 5061, 1198, 13]"
635,73,354,1252,0.0009403759712695947,0.0009403759712695947,1,[4],[6280]
636,73,354,1253,0.0009397010212063522,0.0009397010212063522,1,[4],[6335]
637,73,354,1253,0.0009402410212063549,5.400000000026477e-07,1,[4],[6208]
638,73,354,1253,0.0009409910212063586,7.500000000036774e-07,1,[4],[6223]
639,73,354,1254,0.000939656137848089,0.000939656137848089,1,[4],[6261]
640,73,354,1254,0.0009401161378480913,4.600000000022555e-07,1,[4],[6304]
641,73,354,1254,0.0009405661378480935,4.5000000000220645e-07,1,[4],[6264]
642,73,354,1254,0.0009416661378480989,1.1000000000053935e-06,1,[4],[6182]
643,73,354,1255,0.0009400729662896579,0.0009400729662896579,1,[4],[6327]
644,73,354,1255,0.0009409229662896621,8.500000000041677e-07,1,[4],[6217]
645,73,354,1292,0.0009539010623779203,0.0009539010623779203,4,"[22, 122, 123, 124]","[4208, 1848, 152, 46]"
646,73,354,1293,0.0009535893221859687,0.0009535893221859687,5,"[22, 122, 123, 124, 150]","[3730, 1289, 1280, 6, 1]"
647,73,354,1293,0.0009546293221859738,1.0400000000050993e-06,6,"[22, 122, 145, 146, 150, 151]","[4020, 2178, 1, 2, 1, 1]"
648,73,354,1293,0.0009558693221859799,1.24000000000608e-06,5,"[22, 122, 145, 150, 151]","[2948, 3297, 4, 4, 2]"
649,73,354,1294,0.0009550410884117648,0.0009550410884117648,7,"[22, 122, 123, 145, 146, 150, 151]","[4634, 1455, 171, 1, 1, 1, 1]"
650,73,354,1294,0.000955911088411769,8.700000000042658e-07,3,"[22, 122, 150]","[5283, 989, 1]"
651,73,354,1294,0.0009570010884117744,1.0900000000053445e-06,2,"[22, 122]","[5953, 291]"
652,73,354,1295,0.0009567720907178443,0.0009567720907178443,3,"[22, 122, 123]","[6270, 6, 1]"
653,73,354,1295,0.0009575920907178483,8.200000000040206e-07,1,[22],[6241]
654,73,354,1296,0.0009580474379558707,0.0009580474379558707,2,"[22, 33]","[6254, 3]"
655,73,354,1296,0.000959127437955876,1.0800000000052955e-06,1,[22],[6272]
656,73,354,1297,0.0009588503750969913,0.0009588503750969913,2,"[22, 33]","[5987, 283]"
657,73,354,1299,0.0009529798252073919,0.0009529798252073919,2,"[33, 68]","[6152, 140]"
658,73,354,1300,0.0009523498757232831,0.0009523498757232831,1,[33],[6366]
659,73,354,1300,0.0009528298757232854,4.800000000023535e-07,2,"[33, 68]","[6204, 2]"
660,73,354,1300,0.0009533398757232879,5.100000000025006e-07,2,"[33, 68]","[6248, 5]"
661,73,354,1301,0.0009529823882732561,0.0009529823882732561,1,[33],[6298]
662,73,355,1254,0.0009408847186848416,0.0009408847186848416,1,[4],[6263]
663,73,355,1255,0.000939858171458347,0.000939858171458347,1,[4],[6291]
664,73,355,1255,0.0009403981714583496,5.400000000026477e-07,1,[4],[6324]
665,73,355,1255,0.0009410481714583528,6.500000000031871e-07,1,[4],[6196]
666,73,355,1256,0.00093976474965868,0.00093976474965868,1,[4],[6359]
667,73,355,1256,0.0009401947496586821,4.300000000021084e-07,1,[4],[6221]
668,73,355,1256,0.0009405947496586841,4.000000000019613e-07,1,[4],[6316]
669,73,355,1256,0.0009411347496586867,5.400000000026477e-07,1,[4],[6115]
670,73,355,1257,0.000940199871928187,0.000940199871928187,1,[4],[6325]
671,73,355,1257,0.0009409698719281907,7.700000000037755e-07,1,[4],[6210]
672,73,355,1289,0.000950234207494249,0.000950234207494249,1,[22],[6295]
673,73,355,1290,0.0009498989351605925,0.0009498989351605925,1,[22],[6283]
674,73,355,1290,0.0009508989351605974,1.0000000000049032e-06,1,[22],[6219]
675,73,355,1291,0.000950023524008826,0.000950023524008826,2,"[22, 122]","[6249, 1]"
676,73,355,1291,0.0009508035240088298,7.800000000038245e-07,2,"[22, 122]","[6268, 11]"
677,73,355,1292,0.000951133728517312,0.000951133728517312,4,"[22, 52, 122, 123]","[5918, 3, 376, 15]"
678,73,355,1292,0.0009518337285173154,7.000000000034323e-07,2,"[22, 122]","[4622, 1602]"
679,73,355,1292,0.0009523837285173181,5.500000000026968e-07,2,"[22, 122]","[3640, 2650]"
680,73,355,1292,0.0009529537285173209,5.700000000027948e-07,2,"[22, 122]","[2853, 3367]"
681,73,355,1292,0.000953783728517325,8.300000000040697e-07,2,"[22, 122]","[2300, 3923]"
682,73,355,1293,0.0009525700754293227,0.0009525700754293227,3,"[22, 122, 123]","[3151, 2991, 108]"
683,73,355,1293,0.0009531900754293258,6.2000000000304e-07,2,"[22, 122]","[2856, 3414]"
684,73,355,1293,0.0009536700754293281,4.800000000023535e-07,3,"[22, 122, 146]","[2547, 3732, 1]"
685,73,355,1293,0.0009541000754293303,4.300000000021084e-07,3,"[22, 122, 150]","[2177, 4149, 2]"
686,73,355,1293,0.0009545000754293322,4.000000000019613e-07,5,"[22, 122, 145, 146, 151]","[1723, 4481, 2, 1, 1]"
687,73,355,1293,0.0009549000754293342,4.000000000019613e-07,5,"[22, 122, 145, 150, 151]","[1288, 5002, 4, 3, 3]"
688,73,355,1293,0.0009553700754293365,4.700000000023045e-07,6,"[22, 122, 145, 146, 150, 151]","[953, 5226, 3, 1, 3, 1]"
689,73,355,1293,0.0009564000754293415,1.0300000000050503e-06,4,"[22, 122, 145, 150]","[741, 5433, 3, 3]"
690,73,355,1294,0.0009547005283481467,0.0009547005283481467,7,"[22, 122, 123, 145, 146, 150, 151]","[2275, 3978, 15, 3, 1, 2, 1]"
691,73,355,1294,0.0009556205283481512,9.20000000004511e-07,6,"[22, 122, 145, 146, 150, 151]","[2341, 3887, 4, 1, 3, 1]"
692,73,355,1300,0.0009528826182354673,0.0009528826182354673,1,[33],[6293]
693,73,355,1301,0.000953216233098385,0.000953216233098385,1,[33],[6255]
694,73,356,1256,0.0009408185788953404,0.0009408185788953404,1,[4],[6277]
695,73,356,1257,0.0009399772242580104,0.0009399772242580104,1,[4],[6275]
696,73,356,1257,0.0009404872242580129,5.100000000025006e-07,1,[4],[6319]
697,73,356,1257,0.0009410672242580158,5.800000000028439e-07,1,[4],[6218]
698,73,356,1258,0.0009399469725753905,0.0009399469725753905,1,[4],[6296]
699,73,356,1258,0.0009403869725753927,4.400000000021574e-07,1,[4],[6263]
700,73,356,1258,0.0009407969725753947,4.100000000020103e-07,1,[4],[6312]
701,73,356,1258,0.0009413969725753977,6.000000000029419e-07,1,[4],[6134]
702,73,356,1259,0.0009404170219783309,0.0009404170219783309,2,"[4, 19]","[6311, 15]"
703,73,356,1259,0.0009411470219783344,7.300000000035793e-07,2,"[4, 19]","[6204, 26]"
704,73,356,1284,0.000949781808849245,0.000949781808849245,4,"[22, 28, 165, 166]","[4305, 1967, 14, 3]"
705,73,356,1285,0.000949702218421348,0.000949702218421348,4,"[22, 28, 165, 166]","[6189, 64, 12, 1]"
706,73,356,1286,0.0009494770836768995,0.0009494770836768995,1,[22],[6281]
707,73,356,1286,0.0009503470836769038,8.700000000042658e-07,1,[22],[6230]
708,73,356,1287,0.0009494422382123023,0.0009494422382123023,1,[22],[6270]
709,73,356,1287,0.0009501022382123055,6.600000000032361e-07,1,[22],[6308]
710,73,356,1288,0.0009495752331434042,0.0009495752331434042,2,"[22, 53]","[6293, 7]"
711,73,356,1288,0.0009502752331434077,7.000000000034323e-07,1,[22],[6263]
712,73,356,1289,0.0009498269547128875,0.0009498269547128875,2,"[22, 53]","[6245, 9]"
713,73,356,1289,0.0009510569547128935,1.230000000006031e-06,1,[22],[6255]
714,73,356,1290,0.0009504799496422975,0.0009504799496422975,1,[22],[6268]
715,73,357,1258,0.0009413649208554787,0.0009413649208554787,2,"[4, 56]","[6235, 16]"
716,73,357,1259,0.0009403598055870502,0.0009403598055870502,3,"[4, 19, 56]","[6052, 132, 69]"
717,73,357,1259,0.0009408898055870528,5.300000000025987e-07,2,"[4, 19]","[6063, 188]"
718,73,357,1259,0.0009415898055870562,7.000000000034323e-07,2,"[4, 19]","[6019, 241]"
719,73,357,1260,0.000940366111607784,0.000940366111607784,3,"[4, 19, 56]","[4922, 1421, 2]"
720,73,357,1260,0.0009407461116077858,3.800000000018632e-07,2,"[4, 19]","[4752, 1452]"
721,73,357,1260,0.0009410561116077874,3.1000000000152e-07,2,"[4, 19]","[4947, 1408]"
722,73,357,1260,0.0009413661116077889,3.1000000000152e-07,2,"[4, 19]","[4794, 1358]"
723,73,357,1260,0.0009417661116077908,4.000000000019613e-07,2,"[4, 19]","[4979, 1328]"
724,73,357,1261,0.0009410044085914233,0.0009410044085914233,2,"[4, 19]","[5517, 803]"
725,73,357,1261,0.0009415744085914261,5.700000000027948e-07,2,"[4, 19]","[5780, 450]"
726,73,357,1261,0.0009423344085914299,7.600000000037264e-07,2,"[4, 19]","[5940, 289]"
727,73,357,1282,0.0009492995344303443,0.0009492995344303443,2,"[22, 28]","[6269, 8]"
728,73,357,1283,0.0009491118615142577,0.0009491118615142577,2,"[22, 28]","[5312, 1045]"
729,73,357,1283,0.0009496618615142604,5.500000000026968e-07,3,"[22, 28, 165]","[4964, 1213, 1]"
730,73,357,1283,0.0009505018615142645,8.400000000041187e-07,2,"[22, 28]","[4812, 1408]"
731,73,357,1284,0.0009489610654601824,0.0009489610654601824,3,"[22, 28, 165]","[4629, 1680, 12]"
732,73,357,1284,0.0009493810654601845,4.2000000000205935e-07,3,"[22, 28, 165]","[4409, 1772, 6]"
733,73,357,1284,0.0009497810654601864,4.000000000019613e-07,4,"[22, 28, 165, 166]","[4457, 1914, 8, 1]"
734,73,357,1284,0.0009502910654601889,5.100000000025006e-07,3,"[22, 28, 165]","[4152, 1955, 12]"
735,73,357,1285,0.0009494526405821062,0.0009494526405821062,4,"[22, 28, 165, 166]","[6193, 112, 17, 1]"
736,73,357,1285,0.0009505526405821116,1.1000000000053935e-06,4,"[22, 28, 165, 166]","[6074, 109, 16, 1]"
737,73,357,1286,0.0009503666540385189,0.0009503666540385189,1,[22],[6266]
738,73,358,1260,0.0009415908763263232,0.0009415908763263232,3,"[4, 19, 56]","[5168, 1099, 9]"
739,73,358,1261,0.0009411063581632793,0.0009411063581632793,2,"[4, 19]","[6086, 168]"
740,73,358,1261,0.0009416063581632818,5.000000000024516e-07,2,"[4, 19]","[6200, 56]"
741,73,358,1261,0.0009421063581632843,5.000000000024516e-07,2,"[4, 19]","[6202, 47]"
742,73,358,1262,0.000941380161434044,0.000941380161434044,2,"[4, 19]","[6260, 1]"
743,73,358,1262,0.0009418101614340461,4.300000000021084e-07,1,[4],[6364]
744,73,358,1262,0.0009421801614340479,3.700000000018142e-07,1,[4],[6166]
745,73,358,1262,0.0009426501614340502,4.700000000023045e-07,1,[4],[6280]
746,73,358,1263,0.0009421832723564459,0.0009421832723564459,1,[4],[6287]
747,73,358,1263,0.0009429932723564498,8.100000000039716e-07,1,[4],[6229]
748,73,358,1279,0.0009489774921178646,0.0009489774921178646,2,"[22, 178]","[6247, 3]"
749,73,358,1280,0.0009485907575859044,0.0009485907575859044,3,"[22, 178, 179]","[6227, 78, 2]"
750,73,358,1280,0.000949320757585908,7.300000000035793e-07,2,"[22, 178]","[6128, 92]"
751,73,358,1281,0.0009487569259525325,0.0009487569259525325,3,"[22, 178, 179]","[6199, 80, 3]"
752,73,358,1281,0.0009495369259525363,7.800000000038245e-07,3,"[22, 178, 179]","[6167, 60, 2]"
753,73,358,1282,0.0009493718318672143,0.0009493718318672143,3,"[22, 28, 178]","[6255, 3, 1]"
754,73,359,1262,0.000942542947206525,0.000942542947206525,1,[4],[6288]
755,73,359,1263,0.0009420272983887638,0.0009420272983887638,1,[4],[6281]
756,73,359,1263,0.000942477298388766,4.5000000000220645e-07,1,[4],[6258]
757,73,359,1263,0.0009428972983887681,4.2000000000205935e-07,1,[4],[6291]
758,73,359,1263,0.000943497298388771,6.000000000029419e-07,1,[4],[6233]
759,73,359,1264,0.0009423516588150651,0.0009423516588150651,1,[4],[6301]
760,73,359,1264,0.0009427816588150672,4.300000000021084e-07,1,[4],[6333]
761,73,359,1264,0.000943141658815069,3.6000000000176516e-07,1,[4],[6181]
762,73,359,1264,0.0009435616588150711,4.2000000000205935e-07,1,[4],[6252]
763,73,359,1264,0.0009445516588150759,9.900000000048542e-07,1,[4],[6189]
764,73,359,1265,0.0009433248534994409,0.0009433248534994409,1,[4],[6280]
765,73,359,1265,0.0009443548534994459,1.0300000000050503e-06,1,[4],[6221]
766,73,359,1277,0.0009487617055413392,0.0009487617055413392,2,"[22, 25]","[6303, 7]"
767,73,359,1278,0.0009483507081389049,0.0009483507081389049,1,[22],[6317]
768,73,359,1278,0.0009490107081389081,6.600000000032361e-07,1,[22],[6252]
769,73,359,1279,0.0009485657896922923,0.0009485657896922923,1,[22],[6270]
770,73,359,1279,0.0009495357896922971,9.700000000047561e-07,1,[22],[6235]
771,73,360,1264,0.0009431809669089558,0.0009431809669089558,1,[4],[6295]
772,73,360,1264,0.0009444709669089622,1.2900000000063251e-06,1,[4],[6219]
773,73,360,1265,0.000942958695315097,0.000942958695315097,1,[4],[6256]
774,73,360,1265,0.000943368695315099,4.100000000020103e-07,1,[4],[6301]
775,73,360,1265,0.0009437286953151008,3.6000000000176516e-07,1,[4],[6304]
776,73,360,1265,0.0009441386953151028,4.100000000020103e-07,1,[4],[6202]
777,73,360,1265,0.0009457886953151109,1.6500000000080903e-06,1,[4],[6187]
778,73,360,1266,0.000943028315865614,0.000943028315865614,1,[4],[6348]
779,73,360,1266,0.000943438315865616,4.100000000020103e-07,1,[4],[6166]
780,73,360,1266,0.0009438183158656179,3.800000000018632e-07,1,[4],[6264]
781,73,360,1266,0.0009443083158656203,4.900000000024026e-07,1,[4],[6246]
782,73,360,1267,0.0009438021323218094,0.0009438021323218094,1,[4],[6271]
783,73,360,1274,0.0009494635542179953,0.0009494635542179953,3,"[22, 24, 25]","[4930, 1340, 2]"
784,73,360,1275,0.0009483543461745823,0.0009483543461745823,3,"[22, 24, 25]","[5631, 9, 667]"
785,73,360,1275,0.0009491543461745862,8.000000000039226e-07,3,"[22, 24, 25]","[5526, 24, 648]"
786,73,360,1276,0.0009480884000762118,0.0009480884000762118,2,"[22, 25]","[4690, 1572]"
787,73,360,1276,0.0009485984000762143,5.100000000025006e-07,2,"[22, 25]","[4774, 1594]"
788,73,360,1276,0.0009491284000762169,5.300000000025987e-07,2,"[22, 25]","[4663, 1482]"
789,73,360,1277,0.0009484913849848553,0.0009484913849848553,2,"[22, 25]","[6165, 124]"
790,73,360,1277,0.0009496213849848608,1.1300000000055406e-06,2,"[22, 25]","[6065, 149]"
791,73,361,1266,0.0009431243836407118,0.0009431243836407118,1,[4],[6305]
792,73,361,1266,0.0009436543836407144,5.300000000025987e-07,1,[4],[6229]
793,73,361,1266,0.0009443443836407178,6.900000000033832e-07,1,[4],[6220]
794,73,361,1267,0.0009426445406566527,0.0009426445406566527,1,[4],[6285]
795,73,361,1267,0.0009430145406566545,3.700000000018142e-07,1,[4],[6365]
796,73,361,1267,0.0009432945406566559,2.800000000013729e-07,1,[4],[6139]
797,73,361,1267,0.0009435745406566572,2.800000000013729e-07,1,[4],[6306]
798,73,361,1267,0.0009438945406566588,3.2000000000156903e-07,1,[4],[6294]
799,73,361,1267,0.0009444045406566613,5.100000000025006e-07,1,[4],[6123]
800,73,361,1268,0.0009426424794075942,0.0009426424794075942,1,[4],[6266]
801,73,361,1268,0.0009430824794075963,4.400000000021574e-07,1,[4],[6254]
802,73,361,1268,0.0009434824794075983,4.000000000019613e-07,1,[4],[6327]
803,73,361,1268,0.000944022479407601,5.400000000026477e-07,1,[4],[6213]
804,73,361,1269,0.0009439574686415416,0.0009439574686415416,1,[4],[6253]
805,73,361,1272,0.0009498385493316663,0.0009498385493316663,2,"[22, 24]","[6246, 11]"
806,73,361,1273,0.0009483721837689531,0.0009483721837689531,2,"[22, 24]","[5557, 772]"
807,73,361,1273,0.0009490021837689562,6.30000000003089e-07,2,"[22, 24]","[4863, 1319]"
808,73,361,1274,0.0009481485970508208,0.0009481485970508208,2,"[22, 24]","[5157, 1156]"
809,73,361,1274,0.0009486285970508231,4.800000000023535e-07,3,"[22, 24, 25]","[4445, 1842, 1]"
810,73,361,1274,0.0009490985970508254,4.700000000023045e-07,3,"[22, 24, 25]","[3850, 2342, 1]"
811,73,361,1274,0.00095002859705083,9.3000000000456e-07,2,"[22, 24]","[2986, 3233]"
812,73,361,1275,0.0009485343283865477,0.0009485343283865477,3,"[22, 24, 25]","[5952, 83, 230]"
813,73,362,1267,0.0009437466878400795,0.0009437466878400795,1,[4],[6267]
814,73,362,1268,0.0009424244548609715,0.0009424244548609715,1,[4],[6319]
815,73,362,1268,0.0009428144548609734,3.9000000000191225e-07,1,[4],[6236]
816,73,362,1268,0.000943144454860975,3.3000000000161806e-07,1,[4],[6231]
817,73,362,1268,0.0009435044548609767,3.6000000000176516e-07,1,[4],[6286]
818,73,362,1268,0.0009440844548609796,5.800000000028439e-07,1,[4],[6239]
819,73,362,1269,0.0009418123562708492,0.0009418123562708492,1,[4],[6298]
820,73,362,1269,0.0009421623562708509,3.500000000017161e-07,1,[4],[6267]
821,73,362,1269,0.0009424223562708522,2.6000000000127484e-07,1,[4],[6375]
822,73,362,1269,0.0009426423562708533,2.200000000010787e-07,1,[4],[6095]
823,73,362,1269,0.0009428723562708544,2.3000000000112774e-07,1,[4],[6359]
824,73,362,1269,0.0009431123562708556,2.4000000000117677e-07,1,[4],[6109]
825,73,362,1269,0.0009434323562708571,3.2000000000156903e-07,1,[4],[6380]
826,73,362,1269,0.0009440923562708604,6.600000000032361e-07,1,[4],[6154]
827,73,362,1270,0.0009420047801943519,0.0009420047801943519,1,[4],[6287]
828,73,362,1270,0.0009425647801943547,5.600000000027458e-07,1,[4],[6256]
829,73,362,1270,0.0009433547801943585,7.900000000038735e-07,1,[4],[6259]
830,73,362,1270,0.0009493347801943879,5.980000000029321e-06,2,"[4, 22]","[1637, 4593]"
831,73,362,1271,0.0009485161621272145,0.0009485161621272145,2,"[4, 22]","[478, 5802]"
832,73,362,1271,0.0009492761621272182,7.600000000037264e-07,1,[22],[6280]
833,73,362,1272,0.0009484725002075946,0.0009484725002075946,1,[22],[6281]
834,73,362,1272,0.0009492325002075984,7.600000000037264e-07,1,[22],[6264]
835,73,362,1273,0.0009492599385005717,0.0009492599385005717,2,"[22, 24]","[6025, 238]"
836,73,363,1269,0.0009420855723448466,0.0009420855723448466,1,[4],[6255]
837,73,363,1269,0.0009426755723448495,5.900000000028929e-07,1,[4],[6277]
838,73,363,1269,0.000943605572344854,9.3000000000456e-07,1,[4],[6224]
839,73,363,1270,0.0009418227004990474,0.0009418227004990474,1,[4],[6327]
840,73,363,1270,0.0009423027004990497,4.800000000023535e-07,1,[4],[6260]
841,73,363,1270,0.0009428027004990522,5.000000000024516e-07,1,[4],[6191]
842,73,363,1270,0.0009479227004990773,5.1200000000251045e-06,2,"[4, 22]","[5485, 755]"
843,73,363,1270,0.0009496427004990857,1.7200000000084335e-06,1,[22],[6246]
844,73,363,1271,0.000949351840688533,0.000949351840688533,2,"[4, 22]","[854, 5417]"
