,event,pixel_x,pixel_y,reset_time,TSLR,nMCParticles,MC_TrackIDs,MC_Weights
0,17,287,1154,0.0009126644331336301,0.0009126644331336301,2,"[1, 6]","[3195, 3055]"
1,17,287,1155,0.0009105610130716305,0.0009105610130716305,2,"[1, 6]","[5946, 319]"
2,17,287,1155,0.0009108910130716321,3.3000000000161806e-07,2,"[1, 6]","[5881, 431]"
3,17,287,1155,0.0009111410130716334,2.500000000012258e-07,2,"[1, 6]","[5973, 496]"
4,17,287,1155,0.0009113510130716344,2.1000000000102968e-07,2,"[1, 6]","[5491, 541]"
5,17,287,1155,0.0009115710130716355,2.200000000010787e-07,2,"[1, 6]","[5785, 597]"
6,17,287,1155,0.0009118210130716367,2.500000000012258e-07,2,"[1, 6]","[5472, 698]"
7,17,287,1155,0.0009121610130716384,3.400000000016671e-07,2,"[1, 6]","[5388, 827]"
8,17,287,1156,0.000910381808009326,0.000910381808009326,2,"[1, 6]","[6334, 2]"
9,17,287,1156,0.0009106818080093275,3.0000000000147097e-07,2,"[1, 6]","[6374, 10]"
10,17,287,1156,0.0009109018080093286,2.200000000010787e-07,2,"[1, 6]","[6273, 12]"
11,17,287,1156,0.0009110918080093295,1.900000000009316e-07,2,"[1, 6]","[6264, 18]"
12,17,287,1156,0.0009112618080093304,1.7000000000083355e-07,2,"[1, 6]","[6160, 16]"
13,17,287,1156,0.0009114418080093312,1.8000000000088258e-07,2,"[1, 6]","[6307, 19]"
14,17,287,1156,0.0009116418080093322,2.0000000000098064e-07,2,"[1, 6]","[6197, 10]"
15,17,287,1156,0.0009118718080093333,2.3000000000112774e-07,2,"[1, 6]","[6052, 26]"
16,17,287,1156,0.0009122418080093352,3.700000000018142e-07,2,"[1, 6]","[6210, 24]"
17,17,287,1157,0.0009103209572620509,0.0009103209572620509,1,[1],[6332]
18,17,287,1157,0.0009106409572620525,3.2000000000156903e-07,1,[1],[6168]
19,17,287,1157,0.0009108909572620537,2.500000000012258e-07,1,[1],[6464]
20,17,287,1157,0.0009111009572620548,2.1000000000102968e-07,1,[1],[6119]
21,17,287,1157,0.0009113209572620558,2.200000000010787e-07,1,[1],[6385]
22,17,287,1157,0.000911550957262057,2.3000000000112774e-07,1,[1],[6079]
23,17,287,1157,0.0009118709572620585,3.2000000000156903e-07,1,[1],[6283]
24,17,287,1157,0.0009127009572620626,8.300000000040697e-07,1,[1],[6170]
25,17,287,1158,0.000910308883117167,0.000910308883117167,1,[1],[6257]
26,17,287,1158,0.0009106588831171688,3.500000000017161e-07,1,[1],[6392]
27,17,287,1158,0.0009109288831171701,2.7000000000132387e-07,1,[1],[6348]
28,17,287,1158,0.0009111688831171713,2.4000000000117677e-07,1,[1],[6066]
29,17,287,1158,0.0009114388831171726,2.7000000000132387e-07,1,[1],[6263]
30,17,287,1158,0.0009117988831171743,3.6000000000176516e-07,1,[1],[6224]
31,17,287,1159,0.0009103407234022131,0.0009103407234022131,1,[1],[6282]
32,17,287,1159,0.0009107207234022149,3.800000000018632e-07,1,[1],[6393]
33,17,287,1159,0.0009110107234022164,2.9000000000142193e-07,1,[1],[6117]
34,17,287,1159,0.0009113107234022178,3.0000000000147097e-07,1,[1],[6234]
35,17,287,1159,0.0009117107234022198,4.000000000019613e-07,1,[1],[6302]
36,17,287,1160,0.0009104589415039863,0.0009104589415039863,1,[1],[6343]
37,17,287,1160,0.0009108689415039883,4.100000000020103e-07,1,[1],[6210]
38,17,287,1160,0.0009112389415039901,3.700000000018142e-07,1,[1],[6205]
39,17,287,1160,0.0009117289415039925,4.900000000024026e-07,1,[1],[6317]
40,17,287,1161,0.0009105895160078035,0.0009105895160078035,1,[1],[6264]
41,17,287,1161,0.0009110795160078059,4.900000000024026e-07,1,[1],[6262]
42,17,287,1161,0.0009116095160078085,5.300000000025987e-07,1,[1],[6293]
43,17,287,1162,0.0009106487881088926,0.0009106487881088926,1,[1],[6276]
44,17,287,1162,0.0009112087881088954,5.600000000027458e-07,1,[1],[6279]
45,17,287,1162,0.0009121187881088998,9.100000000044619e-07,1,[1],[6216]
46,17,287,1163,0.0009107200407728616,0.0009107200407728616,1,[1],[6274]
47,17,287,1163,0.0009113600407728647,6.400000000031381e-07,1,[1],[6278]
48,17,287,1164,0.0009107708878995267,0.0009107708878995267,1,[1],[6279]
49,17,287,1164,0.0009115308878995304,7.600000000037264e-07,1,[1],[6267]
50,17,287,1165,0.0009108199408810139,0.0009108199408810139,1,[1],[6275]
51,17,287,1165,0.0009117299408810184,9.100000000044619e-07,1,[1],[6265]
52,17,287,1166,0.0009109135257767966,0.0009109135257767966,1,[1],[6263]
53,17,287,1166,0.0009127935257768058,1.880000000009218e-06,1,[1],[6239]
54,17,287,1167,0.0009110079768410984,0.0009110079768410984,1,[1],[6321]
55,17,287,1168,0.0009110835018324697,0.0009110835018324697,2,"[1, 4]","[6249, 2]"
56,17,287,1169,0.0009110638364584666,0.0009110638364584666,2,"[1, 4]","[5974, 295]"
57,17,287,1170,0.0009111232227628444,0.0009111232227628444,2,"[1, 4]","[5936, 356]"
58,17,287,1171,0.0009111810889998879,0.0009111810889998879,2,"[1, 4]","[6256, 5]"
59,17,287,1172,0.0009112870017891392,0.0009112870017891392,1,[1],[6267]
60,17,287,1173,0.0009115116574480293,0.0009115116574480293,1,[1],[6258]
61,17,287,1174,0.0009119379461636585,0.0009119379461636585,1,[1],[6250]
62,17,288,1154,0.000911887754874464,0.000911887754874464,2,"[1, 6]","[1189, 5132]"
63,17,288,1154,0.0009125577548744673,6.700000000032852e-07,2,"[1, 6]","[279, 5983]"
64,17,288,1154,0.000913517754874472,9.60000000004707e-07,2,"[1, 6]","[54, 6128]"
65,17,288,1155,0.0009109044625808811,0.0009109044625808811,2,"[1, 6]","[5599, 759]"
66,17,288,1155,0.0009113444625808832,4.400000000021574e-07,2,"[1, 6]","[5133, 1145]"
67,17,288,1155,0.0009117444625808852,4.000000000019613e-07,2,"[1, 6]","[4527, 1603]"
68,17,288,1155,0.0009123044625808879,5.600000000027458e-07,2,"[1, 6]","[3919, 2361]"
69,17,288,1156,0.000910758287407882,0.000910758287407882,2,"[1, 6]","[6274, 14]"
70,17,288,1156,0.0009111982874078842,4.400000000021574e-07,2,"[1, 6]","[6186, 27]"
71,17,288,1156,0.0009116182874078862,4.2000000000205935e-07,2,"[1, 6]","[6270, 25]"
72,17,288,1156,0.0009123282874078897,7.100000000034813e-07,2,"[1, 6]","[6158, 55]"
73,17,288,1157,0.0009106860060808236,0.0009106860060808236,1,[1],[6304]
74,17,288,1157,0.000911176006080826,4.900000000024026e-07,1,[1],[6257]
75,17,288,1157,0.0009117160060808287,5.400000000026477e-07,1,[1],[6248]
76,17,288,1158,0.0009105329953474267,0.0009105329953474267,1,[1],[6358]
77,17,288,1158,0.0009109629953474288,4.300000000021084e-07,1,[1],[6198]
78,17,288,1158,0.0009113829953474309,4.2000000000205935e-07,1,[1],[6320]
79,17,288,1158,0.0009120529953474341,6.700000000032852e-07,1,[1],[6157]
80,17,288,1159,0.0009104238646540256,0.0009104238646540256,1,[1],[6343]
81,17,288,1159,0.0009108238646540276,4.000000000019613e-07,1,[1],[6328]
82,17,288,1159,0.0009111638646540292,3.400000000016671e-07,1,[1],[6132]
83,17,288,1159,0.0009115638646540312,4.000000000019613e-07,1,[1],[6258]
84,17,288,1160,0.0009103882137867416,0.0009103882137867416,1,[1],[6274]
85,17,288,1160,0.0009107682137867435,3.800000000018632e-07,1,[1],[6293]
86,17,288,1160,0.0009110982137867451,3.3000000000161806e-07,1,[1],[6364]
87,17,288,1160,0.0009114382137867468,3.400000000016671e-07,1,[1],[6114]
88,17,288,1160,0.0009119782137867494,5.400000000026477e-07,1,[1],[6229]
89,17,288,1161,0.0009103725815916022,0.0009103725815916022,1,[1],[6267]
90,17,288,1161,0.0009107425815916041,3.700000000018142e-07,1,[1],[6293]
91,17,288,1161,0.0009110525815916056,3.1000000000152e-07,1,[1],[6305]
92,17,288,1161,0.0009113725815916072,3.2000000000156903e-07,1,[1],[6225]
93,17,288,1161,0.0009118325815916094,4.600000000022555e-07,1,[1],[6213]
94,17,288,1162,0.0009103231840253079,0.0009103231840253079,1,[1],[6341]
95,17,288,1162,0.0009106831840253097,3.6000000000176516e-07,1,[1],[6327]
96,17,288,1162,0.0009109731840253111,2.9000000000142193e-07,1,[1],[6144]
97,17,288,1162,0.0009112731840253126,3.0000000000147097e-07,1,[1],[6355]
98,17,288,1162,0.0009116231840253143,3.500000000017161e-07,1,[1],[6225]
99,17,288,1162,0.0009128531840253203,1.230000000006031e-06,1,[1],[6110]
100,17,288,1163,0.0009102706768435652,0.0009102706768435652,1,[1],[6290]
101,17,288,1163,0.0009106306768435669,3.6000000000176516e-07,1,[1],[6342]
102,17,288,1163,0.0009109106768435683,2.800000000013729e-07,1,[1],[6255]
103,17,288,1163,0.0009111806768435696,2.7000000000132387e-07,1,[1],[6206]
104,17,288,1163,0.0009114906768435711,3.1000000000152e-07,1,[1],[6260]
105,17,288,1163,0.0009120306768435738,5.400000000026477e-07,1,[1],[6173]
106,17,288,1164,0.0009102602038944799,0.0009102602038944799,1,[1],[6374]
107,17,288,1164,0.0009106102038944817,3.500000000017161e-07,1,[1],[6287]
108,17,288,1164,0.000910880203894483,2.7000000000132387e-07,1,[1],[6124]
109,17,288,1164,0.0009111602038944844,2.800000000013729e-07,1,[1],[6389]
110,17,288,1164,0.0009114702038944859,3.1000000000152e-07,1,[1],[6087]
111,17,288,1164,0.0009120202038944886,5.500000000026968e-07,1,[1],[6286]
112,17,288,1165,0.0009102216241004175,0.0009102216241004175,1,[1],[6350]
113,17,288,1165,0.0009105716241004192,3.500000000017161e-07,1,[1],[6324]
114,17,288,1165,0.0009108416241004206,2.7000000000132387e-07,1,[1],[6099]
115,17,288,1165,0.0009111116241004219,2.7000000000132387e-07,1,[1],[6329]
116,17,288,1165,0.0009114116241004234,3.0000000000147097e-07,1,[1],[6272]
117,17,288,1165,0.0009118616241004256,4.5000000000220645e-07,1,[1],[6185]
118,17,288,1166,0.0009102336679801572,0.0009102336679801572,1,[1],[6388]
119,17,288,1166,0.0009105936679801589,3.6000000000176516e-07,1,[1],[6243]
120,17,288,1166,0.0009108736679801603,2.800000000013729e-07,1,[1],[6333]
121,17,288,1166,0.0009111336679801616,2.6000000000127484e-07,1,[1],[6123]
122,17,288,1166,0.0009114436679801631,3.1000000000152e-07,1,[1],[6214]
123,17,288,1166,0.0009119536679801656,5.100000000025006e-07,1,[1],[6257]
124,17,288,1167,0.0009102250649413236,0.0009102250649413236,1,[1],[6366]
125,17,288,1167,0.0009105750649413253,3.500000000017161e-07,1,[1],[6237]
126,17,288,1167,0.0009108550649413266,2.800000000013729e-07,1,[1],[6369]
127,17,288,1167,0.0009111150649413279,2.6000000000127484e-07,1,[1],[6057]
128,17,288,1167,0.0009114150649413294,3.0000000000147097e-07,1,[1],[6222]
129,17,288,1167,0.0009118750649413316,4.600000000022555e-07,1,[1],[6280]
130,17,288,1168,0.0009102097687680084,0.0009102097687680084,2,"[1, 4]","[6276, 2]"
131,17,288,1168,0.0009105597687680101,3.500000000017161e-07,2,"[1, 4]","[6395, 6]"
132,17,288,1168,0.0009108297687680114,2.7000000000132387e-07,2,"[1, 4]","[6160, 2]"
133,17,288,1168,0.0009110897687680127,2.6000000000127484e-07,2,"[1, 4]","[6263, 4]"
134,17,288,1168,0.0009113897687680142,3.0000000000147097e-07,2,"[1, 4]","[6275, 2]"
135,17,288,1168,0.0009118097687680162,4.2000000000205935e-07,1,[1],[6121]
136,17,288,1169,0.0009101648339210704,0.0009101648339210704,2,"[1, 4]","[6023, 314]"
137,17,288,1169,0.0009105048339210721,3.400000000016671e-07,2,"[1, 4]","[5921, 317]"
138,17,288,1169,0.0009107748339210734,2.7000000000132387e-07,2,"[1, 4]","[6072, 298]"
139,17,288,1169,0.0009110248339210746,2.500000000012258e-07,2,"[1, 4]","[5935, 325]"
140,17,288,1169,0.000911294833921076,2.7000000000132387e-07,2,"[1, 4]","[5846, 286]"
141,17,288,1169,0.0009116548339210777,3.6000000000176516e-07,2,"[1, 4]","[5909, 284]"
142,17,288,1170,0.0009101330058374956,0.0009101330058374956,2,"[1, 4]","[6061, 344]"
143,17,288,1170,0.0009104730058374972,3.400000000016671e-07,2,"[1, 4]","[5873, 346]"
144,17,288,1170,0.0009107430058374986,2.7000000000132387e-07,2,"[1, 4]","[5922, 366]"
145,17,288,1170,0.0009109830058374997,2.4000000000117677e-07,2,"[1, 4]","[5839, 332]"
146,17,288,1170,0.0009112630058375011,2.800000000013729e-07,2,"[1, 4]","[5962, 389]"
147,17,288,1170,0.0009116330058375029,3.700000000018142e-07,2,"[1, 4]","[5790, 358]"
148,17,288,1171,0.0009100773511488209,0.0009100773511488209,2,"[1, 4]","[6276, 3]"
149,17,288,1171,0.0009104373511488226,3.6000000000176516e-07,2,"[1, 4]","[6366, 3]"
150,17,288,1171,0.000910707351148824,2.7000000000132387e-07,2,"[1, 4]","[6310, 4]"
151,17,288,1171,0.0009109673511488252,2.6000000000127484e-07,2,"[1, 4]","[6269, 4]"
152,17,288,1171,0.0009112573511488267,2.9000000000142193e-07,2,"[1, 4]","[6055, 5]"
153,17,288,1171,0.000911737351148829,4.800000000023535e-07,2,"[1, 4]","[6207, 3]"
154,17,288,1172,0.0009099894866510191,0.0009099894866510191,1,[1],[6314]
155,17,288,1172,0.0009103394866510208,3.500000000017161e-07,1,[1],[6263]
156,17,288,1172,0.0009106194866510222,2.800000000013729e-07,1,[1],[6410]
157,17,288,1172,0.0009108794866510235,2.6000000000127484e-07,1,[1],[6024]
158,17,288,1172,0.000911189486651025,3.1000000000152e-07,1,[1],[6420]
159,17,288,1172,0.0009116694866510274,4.800000000023535e-07,1,[1],[6119]
160,17,288,1173,0.0009099174007802734,0.0009099174007802734,1,[1],[6312]
161,17,288,1173,0.0009102774007802752,3.6000000000176516e-07,1,[1],[6248]
162,17,288,1173,0.0009105574007802766,2.800000000013729e-07,1,[1],[6321]
163,17,288,1173,0.000910837400780278,2.800000000013729e-07,1,[1],[6176]
164,17,288,1173,0.0009111874007802797,3.500000000017161e-07,1,[1],[6292]
165,17,288,1173,0.0009119074007802832,7.200000000035303e-07,1,[1],[6177]
166,17,288,1174,0.0009098356242166785,0.0009098356242166785,1,[1],[6401]
167,17,288,1174,0.0009101956242166802,3.6000000000176516e-07,1,[1],[6242]
168,17,288,1174,0.0009104856242166816,2.9000000000142193e-07,1,[1],[6276]
169,17,288,1174,0.000910765624216683,2.800000000013729e-07,1,[1],[6244]
170,17,288,1174,0.0009111156242166847,3.500000000017161e-07,1,[1],[6210]
171,17,288,1174,0.0009119456242166888,8.300000000040697e-07,1,[1],[6130]
172,17,288,1175,0.0009097474412080498,0.0009097474412080498,1,[1],[6270]
173,17,288,1175,0.0009101174412080516,3.700000000018142e-07,1,[1],[6362]
174,17,288,1175,0.000910397441208053,2.800000000013729e-07,1,[1],[6213]
175,17,288,1175,0.0009106774412080544,2.800000000013729e-07,1,[1],[6158]
176,17,288,1175,0.0009110274412080561,3.500000000017161e-07,1,[1],[6417]
177,17,288,1175,0.0009117874412080598,7.600000000037264e-07,1,[1],[6086]
178,17,288,1176,0.0009097010196697458,0.0009097010196697458,1,[1],[6377]
179,17,288,1176,0.0009100510196697475,3.500000000017161e-07,1,[1],[6150]
180,17,288,1176,0.000910341019669749,2.9000000000142193e-07,1,[1],[6401]
181,17,288,1176,0.0009106210196697503,2.800000000013729e-07,1,[1],[6114]
182,17,288,1176,0.0009109810196697521,3.6000000000176516e-07,1,[1],[6345]
183,17,288,1176,0.0009118710196697565,8.900000000043639e-07,1,[1],[6122]
184,17,288,1177,0.0009096575220239338,0.0009096575220239338,1,[1],[6298]
185,17,288,1177,0.0009100275220239356,3.700000000018142e-07,1,[1],[6391]
186,17,288,1177,0.000910317522023937,2.9000000000142193e-07,1,[1],[6230]
187,17,288,1177,0.0009106175220239385,3.0000000000147097e-07,1,[1],[6120]
188,17,288,1177,0.0009109975220239403,3.800000000018632e-07,1,[1],[6307]
189,17,288,1178,0.0009096387554739195,0.0009096387554739195,1,[1],[6280]
190,17,288,1178,0.0009100087554739213,3.700000000018142e-07,1,[1],[6411]
191,17,288,1178,0.0009102887554739227,2.800000000013729e-07,1,[1],[6105]
192,17,288,1178,0.0009105887554739241,3.0000000000147097e-07,1,[1],[6385]
193,17,288,1178,0.0009109487554739259,3.6000000000176516e-07,1,[1],[6141]
194,17,288,1179,0.0009096399952250162,0.0009096399952250162,1,[1],[6397]
195,17,288,1179,0.0009099999952250179,3.6000000000176516e-07,1,[1],[6117]
196,17,288,1179,0.0009102999952250194,3.0000000000147097e-07,1,[1],[6276]
197,17,288,1179,0.0009106099952250209,3.1000000000152e-07,1,[1],[6219]
198,17,288,1179,0.000911029995225023,4.2000000000205935e-07,1,[1],[6269]
199,17,288,1180,0.0009096389575019307,0.0009096389575019307,1,[1],[6289]
200,17,288,1180,0.0009100189575019325,3.800000000018632e-07,1,[1],[6396]
201,17,288,1180,0.000910328957501934,3.1000000000152e-07,1,[1],[6263]
202,17,288,1180,0.0009106489575019356,3.2000000000156903e-07,1,[1],[6117]
203,17,288,1180,0.000911128957501938,4.800000000023535e-07,1,[1],[6257]
204,17,288,1181,0.000909603592845532,0.000909603592845532,2,"[1, 3]","[6194, 80]"
205,17,288,1181,0.0009099835928455339,3.800000000018632e-07,2,"[1, 3]","[6152, 79]"
206,17,288,1181,0.0009102935928455354,3.1000000000152e-07,2,"[1, 3]","[6317, 73]"
207,17,288,1181,0.0009106035928455369,3.1000000000152e-07,2,"[1, 3]","[6131, 76]"
208,17,288,1181,0.000911033592845539,4.300000000021084e-07,2,"[1, 3]","[6115, 74]"
209,17,288,1182,0.0009095169409684821,0.0009095169409684821,3,"[1, 2, 3]","[5593, 73, 598]"
210,17,288,1182,0.0009098669409684839,3.500000000017161e-07,3,"[1, 2, 3]","[5678, 51, 686]"
211,17,288,1182,0.0009101369409684852,2.7000000000132387e-07,3,"[1, 2, 3]","[5470, 53, 607]"
212,17,288,1182,0.0009103969409684865,2.6000000000127484e-07,3,"[1, 2, 3]","[5512, 47, 674]"
213,17,288,1182,0.0009106869409684879,2.9000000000142193e-07,3,"[1, 2, 3]","[5583, 32, 640]"
214,17,288,1182,0.00091112694096849,4.400000000021574e-07,3,"[1, 2, 3]","[5532, 19, 669]"
215,17,288,1183,0.0009094457145626128,0.0009094457145626128,3,"[1, 2, 3]","[5443, 741, 86]"
216,17,288,1183,0.0009097957145626145,3.500000000017161e-07,3,"[1, 2, 3]","[5630, 664, 75]"
217,17,288,1183,0.0009100557145626158,2.6000000000127484e-07,3,"[1, 2, 3]","[5386, 640, 85]"
218,17,288,1183,0.0009103157145626171,2.6000000000127484e-07,3,"[1, 2, 3]","[5707, 572, 94]"
219,17,288,1183,0.0009105957145626184,2.800000000013729e-07,3,"[1, 2, 3]","[5650, 564, 89]"
220,17,288,1183,0.0009109857145626203,3.9000000000191225e-07,3,"[1, 2, 3]","[5546, 551, 92]"
221,17,288,1184,0.0009094941731902741,0.0009094941731902741,2,"[1, 2]","[6119, 151]"
222,17,288,1184,0.000909874173190276,3.800000000018632e-07,2,"[1, 2]","[6212, 135]"
223,17,288,1184,0.0009101741731902775,3.0000000000147097e-07,2,"[1, 2]","[6081, 160]"
224,17,288,1184,0.000910484173190279,3.1000000000152e-07,2,"[1, 2]","[6120, 142]"
225,17,288,1184,0.0009109141731902811,4.300000000021084e-07,3,"[1, 2, 3]","[6008, 138, 1]"
226,17,288,1185,0.0009095191040108499,0.0009095191040108499,1,[1],[6290]
227,17,288,1185,0.0009099091040108518,3.9000000000191225e-07,1,[1],[6353]
228,17,288,1185,0.0009102291040108533,3.2000000000156903e-07,1,[1],[6243]
229,17,288,1185,0.000910569104010855,3.400000000016671e-07,1,[1],[6263]
230,17,288,1185,0.0009110891040108576,5.200000000025497e-07,1,[1],[6109]
231,17,288,1186,0.0009095367341899489,0.0009095367341899489,1,[1],[6284]
232,17,288,1186,0.0009099167341899508,3.800000000018632e-07,1,[1],[6233]
233,17,288,1186,0.0009102367341899524,3.2000000000156903e-07,1,[1],[6329]
234,17,288,1186,0.000910576734189954,3.400000000016671e-07,1,[1],[6193]
235,17,288,1186,0.0009110967341899566,5.200000000025497e-07,1,[1],[6228]
236,17,288,1187,0.0009095948150490681,0.0009095948150490681,1,[1],[6393]
237,17,288,1187,0.0009099648150490699,3.700000000018142e-07,1,[1],[6266]
238,17,288,1187,0.0009102848150490714,3.2000000000156903e-07,1,[1],[6102]
239,17,288,1187,0.0009106348150490732,3.500000000017161e-07,1,[1],[6326]
240,17,288,1187,0.000911214815049076,5.800000000028439e-07,1,[1],[6183]
241,17,288,1188,0.000909950494456869,0.000909950494456869,1,[1],[6301]
242,17,288,1188,0.0009106304944568723,6.800000000033342e-07,1,[1],[6250]
243,17,289,1153,0.0009133909579409539,0.0009133909579409539,1,[6],[6317]
244,17,289,1153,0.0009141309579409575,7.400000000036284e-07,1,[6],[6191]
245,17,289,1154,0.0009130933726810094,0.0009130933726810094,2,"[1, 6]","[4, 6280]"
246,17,290,1152,0.0009147790689368137,0.0009147790689368137,1,[6],[6278]
247,17,290,1152,0.0009156290689368179,8.500000000041677e-07,1,[6],[6233]
248,17,290,1153,0.0009142716770404992,0.0009142716770404992,1,[6],[6278]
249,17,290,1153,0.0009153616770405046,1.0900000000053445e-06,1,[6],[6223]
250,17,291,1151,0.0009162024883401368,0.0009162024883401368,1,[6],[6322]
251,17,291,1151,0.000917252488340142,1.0500000000051484e-06,1,[6],[6190]
252,17,291,1152,0.0009154820388609621,0.0009154820388609621,1,[6],[6304]
253,17,291,1152,0.0009163420388609663,8.600000000042168e-07,1,[6],[6230]
254,17,292,1150,0.0009176190580483562,0.0009176190580483562,1,[6],[6250]
255,17,292,1150,0.0009198790580483673,2.2600000000110813e-06,1,[6],[6251]
256,17,292,1151,0.0009167166899234694,0.0009167166899234694,1,[6],[6330]
257,17,292,1151,0.0009174866899234732,7.700000000037755e-07,1,[6],[6202]
258,17,293,1149,0.0009191540927379042,0.0009191540927379042,1,[6],[6251]
259,17,293,1150,0.0009179770666821402,0.0009179770666821402,1,[6],[6278]
260,17,293,1150,0.0009186870666821437,7.100000000034813e-07,1,[6],[6237]
261,17,294,1148,0.0009206462223122901,0.0009206462223122901,2,"[6, 7]","[5665, 612]"
262,17,294,1149,0.000919259060541065,0.000919259060541065,2,"[6, 7]","[6256, 4]"
263,17,294,1149,0.0009199190605410682,6.600000000032361e-07,2,"[6, 7]","[6246, 21]"
264,17,294,1149,0.0009209390605410732,1.0200000000050013e-06,2,"[6, 7]","[6136, 105]"
265,17,295,1147,0.0009221599637305277,0.0009221599637305277,2,"[6, 7]","[5275, 977]"
266,17,295,1148,0.000920257517900332,0.000920257517900332,2,"[6, 7]","[3673, 2670]"
267,17,295,1148,0.0009207475179003344,4.900000000024026e-07,2,"[6, 7]","[3719, 2455]"
268,17,295,1148,0.0009212075179003366,4.600000000022555e-07,2,"[6, 7]","[4213, 2100]"
269,17,295,1148,0.0009218775179003399,6.700000000032852e-07,2,"[6, 7]","[4740, 1443]"
270,17,295,1149,0.0009215075323210435,0.0009215075323210435,2,"[6, 7]","[5041, 1211]"
271,17,296,1147,0.0009218227754913996,0.0009218227754913996,2,"[6, 7]","[6178, 97]"
272,17,296,1147,0.0009224827754914028,6.600000000032361e-07,2,"[6, 7]","[6263, 4]"
273,17,296,1147,0.0009234527754914076,9.700000000047561e-07,1,[6],[6220]
274,17,296,1148,0.000922136487610992,0.000922136487610992,2,"[6, 7]","[5194, 1073]"
275,17,297,1146,0.0009231050827030072,0.0009231050827030072,1,[6],[6262]
276,17,297,1146,0.0009237750827030105,6.700000000032852e-07,1,[6],[6338]
277,17,297,1146,0.0009248450827030158,1.0700000000052464e-06,1,[6],[6168]
278,17,297,1147,0.0009233249406639319,0.0009233249406639319,1,[6],[6266]
279,17,298,1145,0.0009244005867115995,0.0009244005867115995,1,[6],[6251]
280,17,298,1145,0.000925120586711603,7.200000000035303e-07,1,[6],[6311]
281,17,298,1146,0.0009243747475863632,0.0009243747475863632,1,[6],[6264]
282,17,299,1144,0.0009257086796859037,0.0009257086796859037,1,[6],[6322]
283,17,299,1144,0.0009264386796859073,7.300000000035793e-07,1,[6],[6212]
284,17,299,1145,0.0009254346128877004,0.0009254346128877004,1,[6],[6277]
285,17,300,1143,0.0009270480628872119,0.0009270480628872119,1,[6],[6311]
286,17,300,1143,0.000927888062887216,8.400000000041187e-07,1,[6],[6221]
287,17,300,1144,0.0009265716901120973,0.0009265716901120973,1,[6],[6259]
288,17,300,1144,0.0009277116901121029,1.1400000000055897e-06,1,[6],[6267]
289,17,301,1142,0.0009283763512297858,0.0009283763512297858,1,[6],[6313]
290,17,301,1142,0.0009293063512297903,9.3000000000456e-07,1,[6],[6223]
291,17,301,1143,0.0009277610900411819,0.0009277610900411819,1,[6],[6315]
292,17,301,1143,0.0009286610900411863,9.000000000044129e-07,1,[6],[6188]
293,17,302,1141,0.0009297465151491548,0.0009297465151491548,1,[6],[6258]
294,17,302,1141,0.0009311165151491616,1.3700000000067174e-06,1,[6],[6242]
295,17,302,1142,0.0009289731088219459,0.0009289731088219459,1,[6],[6266]
296,17,302,1142,0.0009297831088219498,8.100000000039716e-07,1,[6],[6290]
297,17,303,1140,0.00093115439068048,0.00093115439068048,1,[6],[6278]
298,17,303,1141,0.0009301529000959628,0.0009301529000959628,1,[6],[6322]
299,17,303,1141,0.0009308729000959663,7.200000000035303e-07,1,[6],[6203]
300,17,304,1139,0.0009327373837640001,0.0009327373837640001,1,[6],[6271]
301,17,304,1140,0.00093139428419091,0.00093139428419091,1,[6],[6267]
302,17,304,1140,0.0009321342841909136,7.400000000036284e-07,1,[6],[6289]
303,17,305,1138,0.000934653310138731,0.000934653310138731,1,[6],[6256]
304,17,305,1139,0.0009325870755864592,0.0009325870755864592,1,[6],[6284]
305,17,305,1139,0.0009332270755864623,6.400000000031381e-07,1,[6],[6269]
306,17,305,1139,0.0009341470755864669,9.20000000004511e-07,1,[6],[6226]
307,17,306,1138,0.0009337815019261004,0.0009337815019261004,1,[6],[6258]
308,17,306,1138,0.0009344315019261035,6.500000000031871e-07,1,[6],[6315]
309,17,306,1138,0.0009353615019261081,9.3000000000456e-07,1,[6],[6209]
310,17,306,1139,0.0009342192118337799,0.0009342192118337799,1,[6],[6285]
311,17,307,1137,0.0009350809263103302,0.0009350809263103302,1,[6],[6252]
312,17,307,1137,0.0009358009263103338,7.200000000035303e-07,1,[6],[6273]
313,17,307,1138,0.0009349392976818329,0.0009349392976818329,1,[6],[6250]
314,17,308,1136,0.000936462550936202,0.000936462550936202,1,[6],[6297]
315,17,308,1136,0.0009374025509362066,9.40000000004609e-07,1,[6],[6204]
316,17,308,1137,0.0009359002767235505,0.0009359002767235505,1,[6],[6310]
317,17,308,1137,0.000936820276723555,9.20000000004511e-07,1,[6],[6225]
318,17,309,1135,0.0009379349619810663,0.0009379349619810663,1,[6],[6262]
319,17,309,1136,0.0009369691169801459,0.0009369691169801459,1,[6],[6266]
320,17,309,1136,0.0009376791169801494,7.100000000034813e-07,1,[6],[6253]
321,17,310,1134,0.0009396758529083603,0.0009396758529083603,1,[6],[6251]
322,17,310,1135,0.0009381305599546174,0.0009381305599546174,1,[6],[6303]
323,17,310,1135,0.0009387805599546206,6.500000000031871e-07,1,[6],[6211]
324,17,310,1135,0.0009397005599546251,9.20000000004511e-07,1,[6],[6263]
325,17,311,1134,0.0009393339121628394,0.0009393339121628394,1,[6],[6264]
326,17,311,1134,0.0009399839121628426,6.500000000031871e-07,1,[6],[6309]
327,17,311,1134,0.0009408439121628468,8.600000000042168e-07,1,[6],[6178]
328,17,311,1135,0.0009402135072775682,0.0009402135072775682,1,[6],[6255]
329,17,312,1133,0.0009405936580823498,0.0009405936580823498,2,"[6, 8]","[6333, 3]"
330,17,312,1133,0.0009412736580823531,6.800000000033342e-07,2,"[6, 8]","[6161, 41]"
331,17,312,1133,0.0009423936580823586,1.1200000000054916e-06,2,"[6, 8]","[5996, 224]"
332,17,312,1134,0.0009406415744098184,0.0009406415744098184,1,[6],[6297]
333,17,313,1132,0.0009417030331119623,0.0009417030331119623,2,"[6, 8]","[4043, 2237]"
334,17,313,1132,0.0009422830331119651,5.800000000028439e-07,2,"[6, 8]","[4107, 2129]"
335,17,313,1132,0.0009430130331119687,7.300000000035793e-07,2,"[6, 8]","[4454, 1805]"
336,17,313,1133,0.0009414780411330424,0.0009414780411330424,2,"[6, 8]","[5641, 631]"
337,17,313,1133,0.0009423580411330467,8.800000000043148e-07,2,"[6, 8]","[4954, 1277]"
338,17,314,1131,0.000943237859306373,0.000943237859306373,2,"[6, 8]","[6275, 40]"
339,17,314,1131,0.0009451078593063822,1.870000000009169e-06,2,"[6, 8]","[6184, 2]"
340,17,314,1132,0.0009424812272635044,0.0009424812272635044,2,"[6, 8]","[5742, 573]"
341,17,314,1132,0.0009432412272635081,7.600000000037264e-07,2,"[6, 8]","[6066, 172]"
342,17,315,1130,0.000944632281678885,0.000944632281678885,1,[6],[6302]
343,17,315,1131,0.0009435076073472919,0.0009435076073472919,1,[6],[6316]
344,17,315,1131,0.0009441876073472953,6.800000000033342e-07,1,[6],[6261]
345,17,316,1129,0.0009467177837812184,0.0009467177837812184,1,[6],[6250]
346,17,316,1130,0.0009445175715554107,0.0009445175715554107,1,[6],[6280]
347,17,316,1130,0.0009451575715554139,6.400000000031381e-07,1,[6],[6220]
348,17,316,1130,0.0009462575715554192,1.1000000000053935e-06,1,[6],[6270]
349,17,317,1129,0.0009456008441830419,0.0009456008441830419,1,[6],[6274]
350,17,317,1129,0.0009462508441830451,6.500000000031871e-07,1,[6],[6243]
351,17,317,1129,0.000947450844183051,1.2000000000058839e-06,1,[6],[6234]
352,17,317,1130,0.0009460782320250114,0.0009460782320250114,1,[6],[6272]
353,17,318,1128,0.0009467434123440098,0.0009467434123440098,2,"[6, 9]","[6284, 23]"
354,17,318,1128,0.0009474534123440133,7.100000000034813e-07,2,"[6, 9]","[6145, 110]"
355,17,318,1129,0.0009466744511605264,0.0009466744511605264,1,[6],[6303]
356,17,319,1127,0.000947730993859587,0.000947730993859587,2,"[6, 9]","[4931, 1334]"
357,17,319,1127,0.0009484209938595904,6.900000000033832e-07,2,"[6, 9]","[5290, 1032]"
358,17,319,1128,0.0009473962662034988,0.0009473962662034988,2,"[6, 9]","[5418, 893]"
359,17,319,1128,0.0009481362662035024,7.400000000036284e-07,2,"[6, 9]","[4894, 1297]"
360,17,320,1126,0.000949026085773065,0.000949026085773065,1,[6],[6290]
361,17,320,1126,0.0009499960857730698,9.700000000047561e-07,1,[6],[6225]
362,17,320,1127,0.0009483299041028669,0.0009483299041028669,2,"[6, 9]","[6034, 253]"
363,17,320,1127,0.0009490399041028704,7.100000000034813e-07,2,"[6, 9]","[6144, 70]"
364,17,321,1125,0.0009501564434488396,0.0009501564434488396,2,"[6, 10]","[5806, 453]"
365,17,321,1125,0.0009512064434488447,1.0500000000051484e-06,2,"[6, 10]","[5400, 867]"
366,17,321,1126,0.0009493575906871667,0.0009493575906871667,2,"[6, 10]","[6314, 6]"
367,17,321,1126,0.0009500075906871699,6.500000000031871e-07,2,"[6, 10]","[6186, 13]"
368,17,321,1126,0.0009511575906871755,1.1500000000056387e-06,2,"[6, 10]","[6202, 33]"
369,17,322,1124,0.0009510871978096422,0.0009510871978096422,2,"[6, 10]","[3887, 2367]"
370,17,322,1124,0.0009524271978096488,1.3400000000065703e-06,2,"[6, 10]","[5600, 647]"
371,17,322,1125,0.0009501291070656675,0.0009501291070656675,2,"[6, 10]","[3915, 2402]"
372,17,322,1125,0.0009506091070656699,4.800000000023535e-07,2,"[6, 10]","[4028, 2217]"
373,17,322,1125,0.0009510591070656721,4.5000000000220645e-07,2,"[6, 10]","[4235, 2072]"
374,17,322,1125,0.0009516791070656751,6.2000000000304e-07,2,"[6, 10]","[4520, 1661]"
375,17,323,1123,0.0009527334590867246,0.0009527334590867246,2,"[6, 10]","[6250, 2]"
376,17,323,1124,0.0009515044238206774,0.0009515044238206774,2,"[6, 10]","[6019, 248]"
377,17,323,1124,0.0009521644238206806,6.600000000032361e-07,2,"[6, 10]","[6293, 23]"
378,17,323,1124,0.0009531344238206854,9.700000000047561e-07,2,"[6, 10]","[6196, 1]"
379,17,324,1122,0.0009539294225368163,0.0009539294225368163,1,[6],[6281]
380,17,324,1123,0.0009526257940724659,0.0009526257940724659,1,[6],[6285]
381,17,324,1123,0.0009532757940724691,6.500000000031871e-07,1,[6],[6255]
382,17,324,1123,0.0009543157940724742,1.0400000000050993e-06,1,[6],[6224]
383,17,325,1121,0.0009551224815440986,0.0009551224815440986,1,[6],[6268]
384,17,325,1122,0.0009537393866034732,0.0009537393866034732,1,[6],[6258]
385,17,325,1122,0.0009543993866034764,6.600000000032361e-07,1,[6],[6283]
386,17,325,1122,0.0009553893866034813,9.900000000048542e-07,1,[6],[6219]
387,17,326,1120,0.000956378648942294,0.000956378648942294,1,[6],[6257]
388,17,326,1121,0.0009548381437373236,0.0009548381437373236,1,[6],[6274]
389,17,326,1121,0.0009554881437373268,6.500000000031871e-07,1,[6],[6304]
390,17,326,1121,0.0009564181437373314,9.3000000000456e-07,1,[6],[6184]
391,17,327,1119,0.0009576935099385152,0.0009576935099385152,1,[6],[6267]
392,17,327,1120,0.0009559463542732289,0.0009559463542732289,1,[6],[6322]
393,17,327,1120,0.000956596354273232,6.500000000031871e-07,1,[6],[6261]
394,17,327,1120,0.0009575463542732367,9.500000000046581e-07,1,[6],[6188]
395,17,327,1121,0.0009569051115485376,0.0009569051115485376,1,[6],[6265]
396,17,328,1118,0.0009589232798696321,0.0009589232798696321,1,[6],[6267]
397,17,328,1119,0.0009570734824121165,0.0009570734824121165,1,[6],[6344]
398,17,328,1119,0.0009577134824121196,6.400000000031381e-07,1,[6],[6202]
399,17,328,1119,0.0009587734824121248,1.0600000000051974e-06,1,[6],[6214]
400,17,328,1120,0.0009578328139034498,0.0009578328139034498,1,[6],[6255]
401,17,329,1117,0.0009595453761323132,0.0009595453761323132,2,"[6, 11]","[6120, 148]"
402,17,329,1118,0.0009581550714529763,0.0009581550714529763,1,[6],[6292]
403,17,329,1118,0.0009587850714529794,6.30000000003089e-07,2,"[6, 11]","[6245, 2]"
404,17,329,1118,0.0009596250714529835,8.400000000041187e-07,2,"[6, 11]","[6218, 5]"
405,17,329,1119,0.0009589762483164443,0.0009589762483164443,1,[6],[6263]
406,17,330,1116,0.000960299369045233,0.000960299369045233,2,"[6, 11]","[5091, 1169]"
407,17,330,1117,0.0009592011999814819,0.0009592011999814819,2,"[6, 11]","[5606, 737]"
408,17,330,1117,0.0009597411999814846,5.400000000026477e-07,2,"[6, 11]","[5126, 1093]"
409,17,330,1117,0.0009602811999814872,5.400000000026477e-07,2,"[6, 11]","[5059, 1235]"
410,17,330,1118,0.0009601434504869537,0.0009601434504869537,2,"[6, 11]","[6152, 109]"
411,17,331,1115,0.0009614953586648749,0.0009614953586648749,2,"[6, 11]","[6262, 1]"
412,17,331,1116,0.0009603737647322569,0.0009603737647322569,2,"[6, 11]","[6140, 199]"
413,17,331,1116,0.0009609737647322599,6.000000000029419e-07,2,"[6, 11]","[6138, 40]"
414,17,331,1116,0.0009617637647322638,7.900000000038735e-07,2,"[6, 11]","[6270, 12]"
415,17,331,1117,0.0009617235797864923,0.0009617235797864923,2,"[6, 11]","[5556, 694]"
416,17,332,1114,0.0009624892173286159,0.0009624892173286159,1,[6],[6285]
417,17,332,1114,0.0009641092173286238,1.6200000000079432e-06,1,[6],[6221]
418,17,332,1115,0.0009615383038013582,0.0009615383038013582,1,[6],[6267]
419,17,332,1115,0.0009621883038013613,6.500000000031871e-07,1,[6],[6297]
420,17,332,1115,0.0009631083038013659,9.20000000004511e-07,1,[6],[6196]
421,17,333,1113,0.0009635010293786083,0.0009635010293786083,1,[6],[6267]
422,17,333,1113,0.0009645710293786136,1.0700000000052464e-06,1,[6],[6250]
423,17,333,1114,0.0009626856213556664,0.0009626856213556664,1,[6],[6263]
424,17,333,1114,0.0009633456213556696,6.600000000032361e-07,1,[6],[6244]
425,17,333,1114,0.0009645656213556756,1.220000000005982e-06,1,[6],[6251]
426,17,334,1112,0.0009645420268829891,0.0009645420268829891,1,[6],[6296]
427,17,334,1112,0.0009654320268829935,8.900000000043639e-07,1,[6],[6242]
428,17,334,1113,0.000963854902844328,0.000963854902844328,1,[6],[6301]
429,17,334,1113,0.0009645549028443315,7.000000000034323e-07,1,[6],[6264]
430,17,335,1111,0.000965659890137124,0.000965659890137124,1,[6],[6283]
431,17,335,1111,0.0009665598901371284,9.000000000044129e-07,1,[6],[6235]
432,17,335,1112,0.0009649989060412443,0.0009649989060412443,1,[6],[6316]
433,17,335,1112,0.0009657689060412481,7.700000000037755e-07,1,[6],[6226]
434,17,336,1110,0.0009666746986919287,0.0009666746986919287,1,[6],[6307]
435,17,336,1110,0.0009674046986919323,7.300000000035793e-07,1,[6],[6238]
436,17,336,1111,0.0009662808520569082,0.0009662808520569082,1,[6],[6291]
437,17,336,1111,0.000967250852056913,9.700000000047561e-07,1,[6],[6226]
438,17,337,1109,0.0009677187808413903,0.0009677187808413903,1,[6],[6276]
439,17,337,1109,0.0009684087808413936,6.900000000033832e-07,1,[6],[6270]
440,17,337,1109,0.0009701387808414021,1.7300000000084826e-06,1,[6],[6206]
441,17,337,1110,0.0009674466611174027,0.0009674466611174027,1,[6],[6271]
442,17,337,1110,0.0009688366611174096,1.3900000000068155e-06,1,[6],[6233]
443,17,338,1108,0.0009687681437839915,0.0009687681437839915,1,[6],[6254]
444,17,338,1108,0.0009694281437839947,6.600000000032361e-07,1,[6],[6287]
445,17,338,1108,0.0009704181437839996,9.900000000048542e-07,1,[6],[6235]
446,17,338,1109,0.0009686804083288448,0.0009686804083288448,1,[6],[6288]
447,17,339,1106,0.0009708327852724056,0.0009708327852724056,2,"[6, 12]","[3443, 2846]"
448,17,339,1106,0.0009719827852724113,1.1500000000056387e-06,2,"[6, 12]","[2894, 3317]"
449,17,339,1107,0.0009698257225460692,0.0009698257225460692,2,"[6, 12]","[6080, 171]"
450,17,339,1107,0.0009704157225460721,5.900000000028929e-07,2,"[6, 12]","[5722, 602]"
451,17,339,1107,0.0009710457225460752,6.30000000003089e-07,2,"[6, 12]","[5055, 1163]"
452,17,339,1108,0.0009700102416852841,0.0009700102416852841,2,"[6, 12]","[6286, 2]"
453,17,340,1105,0.0009723674204545009,0.0009723674204545009,2,"[6, 12]","[6162, 110]"
454,17,340,1106,0.0009707490535788578,0.0009707490535788578,2,"[6, 12]","[4661, 1638]"
455,17,340,1106,0.0009712890535788605,5.400000000026477e-07,2,"[6, 12]","[5066, 1257]"
456,17,340,1106,0.0009718390535788632,5.500000000026968e-07,2,"[6, 12]","[5327, 886]"
457,17,340,1107,0.0009710611724693112,0.0009710611724693112,2,"[6, 12]","[4880, 1433]"
458,17,341,1104,0.0009732438650243613,0.0009732438650243613,1,[6],[6278]
459,17,341,1105,0.0009719577355004182,0.0009719577355004182,2,"[6, 12]","[6314, 1]"
460,17,341,1105,0.0009725677355004212,6.10000000002991e-07,1,[6],[6219]
461,17,341,1105,0.0009733977355004253,8.300000000040697e-07,1,[6],[6231]
462,17,341,1106,0.0009727502121587339,0.0009727502121587339,2,"[6, 12]","[6230, 33]"
463,17,342,1103,0.0009741541091024858,0.0009741541091024858,1,[6],[6287]
464,17,342,1104,0.0009729991988470908,0.0009729991988470908,1,[6],[6284]
465,17,342,1104,0.0009736291988470939,6.30000000003089e-07,1,[6],[6289]
466,17,342,1104,0.000974459198847098,8.300000000040697e-07,1,[6],[6189]
467,17,342,1105,0.0009747253990432974,0.0009747253990432974,1,[6],[6250]
468,17,343,1102,0.0009751072866118866,0.0009751072866118866,1,[6],[6269]
469,17,343,1103,0.0009740578228589828,0.0009740578228589828,1,[6],[6289]
470,17,343,1103,0.000974707822858986,6.500000000031871e-07,1,[6],[6249]
471,17,343,1103,0.0009756878228589908,9.800000000048052e-07,1,[6],[6234]
472,17,344,1101,0.0009760695926181759,0.0009760695926181759,1,[6],[6287]
473,17,344,1101,0.0009774395926181732,1.3699999999972848e-06,1,[6],[6218]
474,17,344,1102,0.000975145826112079,0.000975145826112079,1,[6],[6252]
475,17,344,1102,0.0009758258261120823,6.800000000033342e-07,1,[6],[6328]
476,17,344,1102,0.0009770058261120832,1.1800000000009069e-06,1,[6],[6170]
477,17,345,1100,0.000977129639415313,0.000977129639415313,1,[6],[6296]
478,17,345,1100,0.000978139639415307,1.0099999999940018e-06,1,[6],[6213]
479,17,345,1101,0.0009762535221395326,0.0009762535221395326,1,[6],[6278]
480,17,345,1101,0.000976903522139532,6.499999999993924e-07,1,[6],[6257]
481,17,345,1101,0.0009778235221395266,9.199999999945363e-07,1,[6],[6218]
482,17,346,1099,0.0009782103868822107,0.0009782103868822107,1,[6],[6267]
483,17,346,1099,0.0009790803868822055,8.699999999948332e-07,1,[6],[6247]
484,17,346,1100,0.0009774611803912443,0.0009774611803912443,1,[6],[6295]
485,17,346,1100,0.0009781411803912402,6.799999999959616e-07,1,[6],[6262]
486,17,346,1100,0.0009792811803912334,1.1399999999932298e-06,1,[6],[6197]
487,17,347,1098,0.0009793355818460098,0.0009793355818460098,1,[6],[6319]
488,17,347,1098,0.000980145581846005,8.099999999951896e-07,1,[6],[6235]
489,17,347,1099,0.0009786642908954084,0.0009786642908954084,1,[6],[6295]
490,17,347,1099,0.000979394290895404,7.299999999956647e-07,1,[6],[6247]
491,17,348,1097,0.0009804965942845933,0.0009804965942845933,1,[6],[6266]
492,17,348,1097,0.0009813065942845885,8.099999999951896e-07,1,[6],[6267]
493,17,348,1098,0.0009799383738955448,0.0009799383738955448,1,[6],[6256]
494,17,348,1098,0.0009807883738955398,8.49999999994952e-07,1,[6],[6245]
495,17,349,1096,0.000981600982512712,0.000981600982512712,1,[6],[6322]
496,17,349,1096,0.0009823909825127073,7.899999999953083e-07,1,[6],[6179]
497,17,349,1097,0.0009810830364087187,0.0009810830364087187,1,[6],[6294]
498,17,349,1097,0.0009819330364087137,8.49999999994952e-07,1,[6],[6257]
499,17,350,1095,0.00098271719735705,0.00098271719735705,1,[6],[6298]
500,17,350,1095,0.0009835171973570451,7.99999999995249e-07,1,[6],[6220]
501,17,350,1096,0.0009822019956824911,0.0009822019956824911,1,[6],[6281]
502,17,350,1096,0.000983071995682486,8.699999999948332e-07,1,[6],[6279]
503,17,351,1094,0.0009837850088991163,0.0009837850088991163,2,"[6, 13]","[5724, 555]"
504,17,351,1094,0.0009844150088991126,6.299999999962586e-07,2,"[6, 13]","[4932, 1301]"
505,17,351,1094,0.0009850750088991086,6.599999999960804e-07,2,"[6, 13]","[4076, 2184]"
506,17,351,1095,0.0009833584285016141,0.0009833584285016141,2,"[6, 13]","[6280, 36]"
507,17,351,1095,0.0009841984285016091,8.399999999950114e-07,2,"[6, 13]","[5932, 262]"
508,17,352,1093,0.0009849549594503012,0.0009849549594503012,2,"[6, 13]","[5988, 277]"
509,17,352,1093,0.000985664959450297,7.099999999957834e-07,2,"[6, 13]","[6125, 148]"
510,17,352,1094,0.000984267287838177,0.000984267287838177,2,"[6, 13]","[4892, 1398]"
511,17,352,1094,0.0009848172878381737,5.499999999967337e-07,2,"[6, 13]","[4601, 1616]"
512,17,352,1094,0.0009853772878381704,5.599999999966743e-07,2,"[6, 13]","[4417, 1853]"
513,17,353,1092,0.0009863386231455436,0.0009863386231455436,1,[6],[6250]
514,17,353,1092,0.0009871886231455386,8.49999999994952e-07,1,[6],[6267]
515,17,353,1093,0.0009855590373557888,0.0009855590373557888,2,"[6, 13]","[6305, 8]"
516,17,353,1093,0.000986209037355785,6.499999999961398e-07,1,[6],[6259]
517,17,353,1093,0.0009870690373557799,8.599999999948926e-07,2,"[6, 13]","[6182, 1]"
518,17,354,1091,0.0009876915566477882,0.0009876915566477882,1,[6],[6296]
519,17,354,1091,0.0009889415566477807,1.2499999999925765e-06,1,[6],[6217]
520,17,354,1092,0.0009867330384763385,0.0009867330384763385,1,[6],[6264]
521,17,354,1092,0.0009873530384763348,6.199999999963179e-07,1,[6],[6289]
522,17,354,1092,0.0009880530384763307,6.999999999958428e-07,1,[6],[6239]
523,17,355,1090,0.0009893375213483918,0.0009893375213483918,1,[6],[6250]
524,17,355,1091,0.00098805450559918,0.00098805450559918,1,[6],[6292]
525,17,355,1091,0.0009887045055991762,6.499999999961398e-07,1,[6],[6215]
526,17,355,1091,0.0009895345055991713,8.299999999950708e-07,1,[6],[6264]
527,17,356,1089,0.0009912559980554936,0.0009912559980554936,2,"[6, 14]","[6279, 1]"
528,17,356,1090,0.0009893775708416867,0.0009893775708416867,1,[6],[6308]
529,17,356,1090,0.000990007570841683,6.299999999962586e-07,1,[6],[6259]
530,17,356,1090,0.0009907075708416788,6.999999999958428e-07,1,[6],[6228]
531,17,356,1091,0.0009906777364185708,0.0009906777364185708,1,[6],[6255]
532,17,357,1088,0.000992950967350486,0.000992950967350486,3,"[6, 14, 15]","[4785, 1298, 173]"
533,17,357,1089,0.0009907733145568959,0.0009907733145568959,2,"[6, 14]","[6264, 55]"
534,17,357,1089,0.0009913833145568922,6.099999999963773e-07,3,"[6, 14, 15]","[6012, 211, 1]"
535,17,357,1089,0.0009920433145568883,6.599999999960804e-07,3,"[6, 14, 15]","[5752, 473, 8]"
536,17,357,1090,0.0009910956506865847,0.0009910956506865847,2,"[6, 14]","[6256, 3]"
537,17,358,1088,0.0009919933992103961,0.0009919933992103961,3,"[6, 14, 15]","[4580, 1205, 541]"
538,17,358,1088,0.000992503399210393,5.099999999969712e-07,3,"[6, 14, 15]","[4468, 682, 1125]"
539,17,358,1088,0.0009929433992103905,4.399999999973869e-07,3,"[6, 14, 15]","[4383, 361, 1470]"
540,17,358,1088,0.0009934733992103873,5.299999999968524e-07,3,"[6, 14, 15]","[4436, 199, 1610]"
541,17,358,1089,0.0009918828083736151,0.0009918828083736151,3,"[6, 14, 15]","[5386, 842, 42]"
542,17,358,1089,0.000992912808373609,1.029999999993883e-06,3,"[6, 14, 15]","[4954, 1021, 289]"
543,17,359,1087,0.0009936443427609556,0.0009936443427609556,3,"[6, 14, 15]","[6056, 1, 272]"
544,17,359,1087,0.0009943643427609513,7.199999999957241e-07,2,"[6, 15]","[6138, 38]"
545,17,359,1087,0.0009954943427609446,1.1299999999932892e-06,2,"[6, 15]","[6247, 8]"
546,17,359,1088,0.0009930300285216891,0.0009930300285216891,3,"[6, 14, 15]","[5124, 62, 1121]"
547,17,359,1088,0.0009938000285216846,7.699999999954271e-07,3,"[6, 14, 15]","[5563, 8, 646]"
548,17,360,1086,0.0009951839652636183,0.0009951839652636183,1,[6],[6316]
549,17,360,1086,0.0009960339652636133,8.49999999994952e-07,1,[6],[6220]
550,17,360,1087,0.0009944566887379247,0.0009944566887379247,2,"[6, 15]","[6258, 2]"
551,17,360,1087,0.0009951966887379203,7.399999999956053e-07,1,[6],[6247]
552,17,361,1085,0.0009967763735910084,0.0009967763735910084,1,[6],[6299]
553,17,361,1085,0.0009979063735910017,1.1299999999932892e-06,1,[6],[6219]
554,17,361,1086,0.0009958075363124478,0.0009958075363124478,1,[6],[6310]
555,17,361,1086,0.0009964875363124438,6.799999999959616e-07,1,[6],[6258]
556,17,361,1086,0.000997447536312438,9.599999999942987e-07,1,[6],[6204]
557,17,362,1084,0.000998292117090831,0.000998292117090831,2,"[6, 16]","[6024, 270]"
558,17,362,1084,0.000999302117090825,1.0099999999940018e-06,2,"[6, 16]","[4823, 1395]"
559,17,362,1085,0.0009971460320345688,0.0009971460320345688,2,"[6, 16]","[6326, 2]"
560,17,362,1085,0.000997776032034565,6.299999999962586e-07,2,"[6, 16]","[6224, 17]"
561,17,362,1085,0.0009984960320345607,7.199999999957241e-07,2,"[6, 16]","[6179, 65]"
562,17,363,1083,0.000999618974810402,0.000999618974810402,3,"[6, 16, 17]","[5242, 1055, 7]"
563,17,363,1083,0.0010010289748103936,1.4099999999916263e-06,3,"[6, 16, 17]","[5373, 772, 53]"
564,17,363,1084,0.0009983842124410905,0.0009983842124410905,2,"[6, 16]","[5275, 997]"
565,17,363,1084,0.0009988542124410877,4.6999999999720876e-07,2,"[6, 16]","[4650, 1701]"
566,17,363,1084,0.0009992242124410855,3.6999999999780264e-07,2,"[6, 16]","[4218, 2023]"
567,17,363,1084,0.0009995842124410834,3.5999999999786203e-07,2,"[6, 16]","[3882, 2389]"
568,17,363,1084,0.0010000242124410808,4.399999999973869e-07,3,"[6, 16, 17]","[3546, 2648, 2]"
569,17,363,1085,0.0009993364706557212,0.0009993364706557212,2,"[6, 16]","[5358, 897]"
570,17,364,1082,0.0010010399836275514,0.0010010399836275514,2,"[6, 17]","[4298, 1994]"
571,17,364,1083,0.0009997589457055294,0.0009997589457055294,3,"[6, 16, 17]","[5922, 72, 291]"
572,17,364,1083,0.0010002689457055264,5.099999999969712e-07,3,"[6, 16, 17]","[5657, 28, 632]"
573,17,364,1083,0.0010007189457055237,4.4999999999732754e-07,3,"[6, 16, 17]","[5409, 13, 802]"
574,17,364,1083,0.0010012589457055205,5.39999999996793e-07,3,"[6, 16, 17]","[5184, 11, 1053]"
575,17,364,1084,0.0010000983532910143,0.0010000983532910143,3,"[6, 16, 17]","[5622, 613, 24]"
576,17,365,1081,0.0010044393793324422,0.0010044393793324422,2,"[6, 17]","[6227, 23]"
577,17,365,1082,0.0010009791607240995,0.0010009791607240995,2,"[6, 17]","[5135, 1123]"
578,17,365,1082,0.0010015491607240962,5.699999999966149e-07,2,"[6, 17]","[5905, 433]"
579,17,365,1082,0.001002079160724093,5.299999999968524e-07,2,"[6, 17]","[6015, 172]"
580,17,365,1082,0.001002939160724088,8.599999999948926e-07,2,"[6, 17]","[6161, 59]"
581,17,365,1083,0.0010009780136999798,0.0010009780136999798,2,"[6, 17]","[4857, 1430]"
582,17,365,1083,0.0010024080136999713,1.4299999999915075e-06,2,"[6, 17]","[5433, 794]"
583,17,366,1081,0.001002393140203215,0.001002393140203215,1,[6],[6264]
584,17,366,1081,0.0010029731402032116,5.799999999965555e-07,1,[6],[6261]
585,17,366,1081,0.001003583140203208,6.099999999963773e-07,1,[6],[6254]
586,17,366,1082,0.0010022680867415022,0.0010022680867415022,2,"[6, 17]","[6291, 20]"
587,17,366,1082,0.0010034980867414949,1.2299999999926953e-06,1,[6],[6202]
588,17,367,1080,0.0010037912349839231,0.0010037912349839231,2,"[6, 18]","[6308, 1]"
589,17,367,1080,0.0010044012349839195,6.099999999963773e-07,2,"[6, 18]","[6245, 1]"
590,17,367,1080,0.0010050512349839157,6.499999999961398e-07,2,"[6, 18]","[6191, 7]"
591,17,367,1081,0.001003357858824688,0.001003357858824688,1,[6],[6309]
592,17,367,1081,0.0010041178588246836,7.599999999954865e-07,1,[6],[6252]
593,17,368,1079,0.0010052323981878152,0.0010052323981878152,2,"[6, 18]","[5192, 1137]"
594,17,368,1079,0.001005762398187812,5.299999999968524e-07,2,"[6, 18]","[4493, 1697]"
595,17,368,1079,0.0010062523981878091,4.8999999999709e-07,2,"[6, 18]","[4280, 1954]"
596,17,368,1079,0.0010070223981878046,7.699999999954271e-07,2,"[6, 18]","[4176, 2082]"
597,17,368,1080,0.0010045836054538944,0.0010045836054538944,2,"[6, 18]","[6256, 62]"
598,17,368,1080,0.0010052036054538907,6.199999999963179e-07,2,"[6, 18]","[5984, 257]"
599,17,368,1080,0.001005813605453887,6.099999999963773e-07,2,"[6, 18]","[5600, 610]"
600,17,369,1078,0.0010068069604598298,0.0010068069604598298,2,"[6, 18]","[5990, 268]"
601,17,369,1078,0.0010077069604598244,8.999999999946551e-07,2,"[6, 18]","[6235, 41]"
602,17,369,1079,0.001005707059972349,0.001005707059972349,2,"[6, 18]","[4818, 1494]"
603,17,369,1079,0.001006207059972346,4.999999999970306e-07,2,"[6, 18]","[5081, 1185]"
604,17,369,1079,0.0010066470599723433,4.399999999973869e-07,2,"[6, 18]","[5386, 894]"
605,17,369,1079,0.0010071570599723403,5.099999999969712e-07,2,"[6, 18]","[5635, 585]"
606,17,370,1077,0.001008545542243142,0.001008545542243142,1,[6],[6288]
607,17,370,1078,0.0010071424783071729,0.0010071424783071729,2,"[6, 18]","[6308, 2]"
608,17,370,1078,0.0010076724783071697,5.299999999968524e-07,1,[6],[6227]
609,17,370,1078,0.001008132478307167,4.5999999999726815e-07,1,[6],[6302]
610,17,370,1078,0.0010086824783071637,5.499999999967337e-07,1,[6],[6204]
611,17,370,1079,0.001008267043721849,0.001008267043721849,2,"[6, 18]","[6224, 28]"
612,17,371,1076,0.0010112762810089047,0.0010112762810089047,1,[6],[6260]
613,17,371,1077,0.0010085954319999258,0.0010085954319999258,1,[6],[6350]
614,17,371,1077,0.0010091454319999225,5.499999999967337e-07,1,[6],[6294]
615,17,371,1077,0.0010096254319999197,4.799999999971494e-07,1,[6],[6157]
616,17,371,1077,0.0010102654319999159,6.399999999961992e-07,1,[6],[6209]
617,17,371,1078,0.0010087340891538144,0.0010087340891538144,1,[6],[6268]
618,17,372,1076,0.0010102042525882583,0.0010102042525882583,1,[6],[6311]
619,17,372,1076,0.0010107742525882549,5.699999999966149e-07,1,[6],[6190]
620,17,372,1076,0.0010113342525882515,5.599999999966743e-07,1,[6],[6308]
621,17,372,1076,0.001012264252588246,9.299999999944769e-07,1,[6],[6221]
622,17,372,1077,0.0010099342659836076,0.0010099342659836076,1,[6],[6280]
623,17,372,1077,0.001010874265983602,9.399999999944175e-07,1,[6],[6240]
624,17,373,1075,0.0010117354347837003,0.0010117354347837003,1,[6],[6316]
625,17,373,1075,0.0010123354347836967,5.999999999964367e-07,1,[6],[6208]
626,17,373,1075,0.0010129354347836932,5.999999999964367e-07,1,[6],[6263]
627,17,373,1075,0.0010143954347836845,1.4599999999913293e-06,1,[6],[6219]
628,17,373,1076,0.0010111456913001076,0.0010111456913001076,1,[6],[6258]
629,17,373,1076,0.0010118256913001036,6.799999999959616e-07,1,[6],[6295]
630,17,373,1076,0.0010126656913000986,8.399999999950114e-07,1,[6],[6210]
631,17,374,1074,0.0010134496649204646,0.0010134496649204646,1,[6],[6263]
632,17,374,1074,0.0010141396649204605,6.899999999959022e-07,1,[6],[6299]
633,17,374,1074,0.001014899664920456,7.599999999954865e-07,1,[6],[6196]
634,17,374,1075,0.0010126281784596715,0.0010126281784596715,1,[6],[6317]
635,17,374,1075,0.0010132681784596677,6.399999999961992e-07,1,[6],[6187]
636,17,374,1075,0.0010139581784596636,6.899999999959022e-07,1,[6],[6249]
637,17,375,1073,0.0010152705383713314,0.0010152705383713314,1,[6],[6278]
638,17,375,1073,0.001016010538371327,7.399999999956053e-07,1,[6],[6274]
639,17,375,1073,0.001016840538371322,8.299999999950708e-07,1,[6],[6201]
640,17,375,1074,0.0010142994537147311,0.0010142994537147311,1,[6],[6325]
641,17,375,1074,0.0010149394537147273,6.399999999961992e-07,1,[6],[6219]
642,17,375,1074,0.0010156094537147233,6.69999999996021e-07,1,[6],[6238]
643,17,376,1072,0.001017379910356696,0.001017379910356696,1,[6],[6296]
644,17,376,1072,0.0010180999103566917,7.199999999957241e-07,1,[6],[6217]
645,17,376,1072,0.001018869910356687,7.699999999954271e-07,1,[6],[6271]
646,17,376,1073,0.001016133228671974,0.001016133228671974,1,[6],[6270]
647,17,376,1073,0.0010167632286719702,6.299999999962586e-07,1,[6],[6247]
648,17,376,1073,0.0010173332286719668,5.699999999966149e-07,1,[6],[6305]
649,17,376,1073,0.0010180132286719628,6.799999999959616e-07,1,[6],[6214]
650,17,377,1071,0.0010195159053337825,0.0010195159053337825,1,[6],[6262]
651,17,377,1071,0.0010204059053337772,8.899999999947145e-07,1,[6],[6291]
652,17,377,1072,0.0010181155063001147,0.0010181155063001147,1,[6],[6305]
653,17,377,1072,0.0010186855063001113,5.699999999966149e-07,1,[6],[6339]
654,17,377,1072,0.0010191355063001086,4.4999999999732754e-07,1,[6],[6192]
655,17,377,1072,0.0010196055063001058,4.6999999999720876e-07,1,[6],[6188]
656,17,377,1072,0.0010202855063001018,6.799999999959616e-07,1,[6],[6283]
657,17,377,1073,0.0010195145527906733,0.0010195145527906733,1,[6],[6252]
658,17,378,1070,0.0010221051558607559,0.0010221051558607559,1,[6],[6260]
659,17,378,1071,0.001020019724364253,0.001020019724364253,1,[6],[6270]
660,17,378,1071,0.00102053972436425,5.199999999969118e-07,1,[6],[6257]
661,17,378,1071,0.0010209597243642475,4.199999999975057e-07,1,[6],[6319]
662,17,378,1071,0.0010213597243642451,3.999999999976245e-07,1,[6],[6221]
663,17,378,1071,0.0010218597243642422,4.999999999970306e-07,1,[6],[6262]
664,17,378,1071,0.0010227797243642367,9.199999999945363e-07,1,[6],[6173]
665,17,378,1072,0.001020362612919635,0.001020362612919635,1,[6],[6250]
666,17,379,1022,0.0010121473353071158,0.0010121473353071158,1,[21],[6251]
667,17,379,1022,0.0010136473353071068,1.4999999999910918e-06,2,"[21, 95]","[6259, 1]"
668,17,379,1023,0.0010113445493064796,0.0010113445493064796,1,[21],[6326]
669,17,379,1023,0.001011944549306476,5.999999999964367e-07,1,[21],[6195]
670,17,379,1023,0.0010125845493064722,6.399999999961992e-07,1,[21],[6261]
671,17,379,1023,0.0010135245493064667,9.399999999944175e-07,1,[21],[6263]
672,17,379,1023,0.0010145245493064607,9.999999999940612e-07,1,[21],[6223]
673,17,379,1070,0.0010220711370196364,0.0010220711370196364,1,[6],[6337]
674,17,379,1070,0.001022651137019633,5.799999999965555e-07,1,[6],[6267]
675,17,379,1070,0.0010231211370196301,4.6999999999720876e-07,1,[6],[6183]
676,17,379,1070,0.001023631137019627,5.099999999969712e-07,1,[6],[6239]
677,17,379,1070,0.0010243711370196227,7.399999999956053e-07,1,[6],[6260]
678,17,379,1071,0.0010215380282853168,0.0010215380282853168,1,[6],[6306]
679,17,379,1071,0.0010222580282853125,7.199999999957241e-07,1,[6],[6260]
680,17,379,1071,0.001023018028285308,7.599999999954865e-07,1,[6],[6202]
681,17,380,1022,0.0010152628878115704,0.0010152628878115704,3,"[21, 82, 83]","[6184, 86, 1]"
682,17,380,1023,0.001014036362402064,0.001014036362402064,3,"[21, 82, 83]","[6261, 17, 1]"
683,17,380,1023,0.0010147563624020597,7.199999999957241e-07,1,[21],[6234]
684,17,380,1023,0.0010156663624020543,9.099999999945957e-07,1,[21],[6277]
685,17,380,1069,0.0010241634796235646,0.0010241634796235646,1,[6],[6311]
686,17,380,1069,0.0010247534796235611,5.899999999964961e-07,1,[6],[6234]
687,17,380,1069,0.001025283479623558,5.299999999968524e-07,1,[6],[6296]
688,17,380,1069,0.0010259334796235541,6.499999999961398e-07,1,[6],[6223]
689,17,380,1070,0.0010232007635151046,0.0010232007635151046,1,[6],[6283]
690,17,380,1070,0.0010237407635151014,5.39999999996793e-07,1,[6],[6351]
691,17,380,1070,0.001024150763515099,4.099999999975651e-07,1,[6],[6163]
692,17,380,1070,0.0010245807635150964,4.299999999974463e-07,1,[6],[6318]
693,17,380,1070,0.0010250907635150934,5.099999999969712e-07,1,[6],[6190]
694,17,380,1070,0.0010264007635150856,1.3099999999922202e-06,1,[6],[6196]
695,17,381,1023,0.0010142592862396776,0.0010142592862396776,3,"[21, 82, 83]","[6268, 25, 1]"
696,17,381,1023,0.0010149792862396733,7.199999999957241e-07,1,[21],[6282]
697,17,381,1068,0.0010261100725537937,0.0010261100725537937,1,[6],[6297]
698,17,381,1068,0.0010267000725537902,5.899999999964961e-07,1,[6],[6255]
699,17,381,1068,0.0010272700725537868,5.699999999966149e-07,1,[6],[6231]
700,17,381,1068,0.0010281400725537816,8.699999999948332e-07,1,[6],[6219]
701,17,381,1069,0.001024906961772464,0.001024906961772464,1,[6],[6315]
702,17,381,1069,0.0010253769617724613,4.6999999999720876e-07,1,[6],[6226]
703,17,381,1069,0.0010257269617724592,3.499999999979214e-07,1,[6],[6252]
704,17,381,1069,0.0010260469617724573,3.199999999980996e-07,1,[6],[6369]
705,17,381,1069,0.0010263769617724554,3.299999999980402e-07,1,[6],[6222]
706,17,381,1069,0.001026756961772453,3.7999999999774325e-07,1,[6],[6154]
707,17,381,1069,0.0010273469617724496,5.899999999964961e-07,1,[6],[6263]
708,17,381,1070,0.001025564847696314,0.001025564847696314,1,[6],[6269]
709,17,382,1023,0.0010137948062309556,0.0010137948062309556,4,"[21, 82, 87, 88]","[6270, 1, 4, 1]"
710,17,382,1023,0.0010145248062309513,7.299999999956647e-07,2,"[21, 87]","[6294, 1]"
711,17,382,1024,0.0010160157983781556,0.0010160157983781556,3,"[21, 40, 87]","[6235, 11, 4]"
712,17,382,1065,0.001031388740337341,0.001031388740337341,1,[21],[6257]
713,17,382,1066,0.001031353214551974,0.001031353214551974,2,"[6, 21]","[12, 6252]"
714,17,382,1067,0.0010290539159936473,0.0010290539159936473,2,"[6, 21]","[6259, 7]"
715,17,382,1067,0.0010318639159936306,2.809999999983312e-06,2,"[6, 21]","[506, 5751]"
716,17,382,1067,0.0010334339159936213,1.569999999990676e-06,1,[21],[6227]
717,17,382,1068,0.0010265176479218167,0.0010265176479218167,1,[6],[6263]
718,17,382,1068,0.001026957647921814,4.399999999973869e-07,1,[6],[6244]
719,17,382,1068,0.0010272776479218122,3.199999999980996e-07,1,[6],[6262]
720,17,382,1068,0.0010275576479218105,2.7999999999833713e-07,1,[6],[6297]
721,17,382,1068,0.001027827647921809,2.699999999983965e-07,1,[6],[6252]
722,17,382,1068,0.0010281176479218072,2.8999999999827775e-07,1,[6],[6283]
723,17,382,1068,0.001028467647921805,3.499999999979214e-07,1,[6],[6222]
724,17,382,1068,0.0010290776479218015,6.099999999963773e-07,1,[6],[6187]
725,17,382,1068,0.0010329276479217786,3.849999999977136e-06,2,"[6, 21]","[2262, 3984]"
726,17,382,1069,0.0010266764071895946,0.0010266764071895946,1,[6],[6251]
727,17,382,1069,0.0010276464071895888,9.699999999942394e-07,1,[6],[6276]
728,17,383,1023,0.0010135467048275513,0.0010135467048275513,4,"[21, 40, 87, 88]","[6249, 2, 36, 5]"
729,17,383,1024,0.0010127585499235768,0.0010127585499235768,4,"[21, 40, 87, 88]","[5804, 498, 14, 2]"
730,17,383,1024,0.0010134485499235727,6.899999999959022e-07,4,"[21, 40, 87, 88]","[5917, 318, 20, 1]"
731,17,383,1025,0.0010126844212879657,0.0010126844212879657,6,"[21, 37, 40, 87, 91, 92]","[4188, 1, 2097, 1, 3, 1]"
732,17,383,1025,0.001013794421287959,1.109999999993408e-06,4,"[21, 37, 40, 91]","[4369, 1, 1849, 1]"
733,17,383,1036,0.0010134819863745553,0.0010134819863745553,1,[21],[6268]
734,17,383,1037,0.0010139102638035294,0.0010139102638035294,1,[21],[6300]
735,17,383,1038,0.0010145089990332967,0.0010145089990332967,1,[21],[6260]
736,17,383,1039,0.001015177892744137,0.001015177892744137,1,[21],[6289]
737,17,383,1040,0.0010158225126110385,0.0010158225126110385,1,[21],[6267]
738,17,383,1041,0.001016457921368571,0.001016457921368571,2,"[21, 123]","[6239, 16]"
739,17,383,1042,0.0010171885168247861,0.0010171885168247861,3,"[21, 123, 124]","[6217, 35, 2]"
740,17,383,1043,0.0010181140915510852,0.0010181140915510852,3,"[21, 123, 126]","[6233, 1, 18]"
741,17,383,1044,0.0010195604817702295,0.0010195604817702295,2,"[21, 126]","[6139, 122]"
742,17,383,1056,0.001023584616955941,0.001023584616955941,2,"[21, 27]","[3929, 2330]"
743,17,383,1057,0.0010241361589188092,0.0010241361589188092,2,"[21, 27]","[5066, 1208]"
744,17,383,1058,0.0010247014080983293,0.0010247014080983293,3,"[21, 25, 27]","[6233, 11, 6]"
745,17,383,1059,0.0010249871752051126,0.0010249871752051126,2,"[21, 25]","[5232, 1060]"
746,17,383,1059,0.001025747175205108,7.599999999954865e-07,2,"[21, 25]","[4635, 1649]"
747,17,383,1060,0.0010255268434878689,0.0010255268434878689,2,"[21, 25]","[4964, 1362]"
748,17,383,1060,0.0010262768434878644,7.499999999955459e-07,2,"[21, 25]","[5337, 851]"
749,17,383,1061,0.001026244344893614,0.001026244344893614,3,"[21, 25, 214]","[6298, 21, 3]"
750,17,383,1061,0.0010269843448936096,7.399999999956053e-07,3,"[21, 214, 218]","[6203, 6, 1]"
751,17,383,1062,0.0010268795441635212,0.0010268795441635212,3,"[21, 214, 218]","[6258, 36, 1]"
752,17,383,1062,0.001027599544163517,7.199999999957241e-07,3,"[21, 214, 218]","[6223, 11, 1]"
753,17,383,1063,0.0010276891389745875,0.0010276891389745875,2,"[21, 214]","[6316, 1]"
754,17,383,1063,0.0010284291389745831,7.399999999956053e-07,2,"[21, 214]","[6202, 1]"
755,17,383,1064,0.001028608594731386,0.001028608594731386,1,[21],[6274]
756,17,383,1064,0.0010293385947313816,7.299999999956647e-07,1,[21],[6241]
757,17,383,1064,0.0010313785947313695,2.039999999987885e-06,1,[21],[6235]
758,17,383,1065,0.001029634536069972,0.001029634536069972,1,[21],[6316]
759,17,383,1065,0.0010305045360699669,8.699999999948332e-07,1,[21],[6198]
760,17,383,1066,0.0010308225630005841,0.0010308225630005841,2,"[6, 21]","[1, 6264]"
761,17,383,1066,0.0010323025630005753,1.4799999999912106e-06,1,[21],[6237]
762,17,383,1067,0.0010317818330022198,0.0010317818330022198,2,"[6, 21]","[1559, 4731]"
763,17,383,1068,0.0010287120934034581,0.0010287120934034581,1,[6],[6252]
764,17,384,1024,0.0010135109726041476,0.0010135109726041476,4,"[21, 40, 87, 92]","[5464, 781, 10, 1]"
765,17,384,1025,0.0010122897220237116,0.0010122897220237116,5,"[21, 37, 40, 91, 92]","[5115, 53, 1129, 3, 2]"
766,17,384,1025,0.0010128297220237084,5.39999999996793e-07,5,"[21, 37, 40, 91, 92]","[5010, 57, 1192, 2, 2]"
767,17,384,1025,0.0010134597220237047,6.299999999962586e-07,5,"[21, 37, 40, 91, 92]","[5023, 44, 1159, 1, 2]"
768,17,384,1026,0.001012157150703358,0.001012157150703358,3,"[21, 37, 40]","[5390, 842, 72]"
769,17,384,1026,0.0010127371507033546,5.799999999965555e-07,3,"[21, 37, 40]","[5174, 1005, 98]"
770,17,384,1026,0.0010135371507033499,7.99999999995249e-07,5,"[21, 37, 40, 91, 92]","[4879, 1176, 112, 1, 1]"
771,17,384,1027,0.0010130670315745855,0.0010130670315745855,2,"[21, 37]","[5430, 828]"
772,17,384,1032,0.001010258901773353,0.001010258901773353,2,"[21, 186]","[5941, 327]"
773,17,384,1033,0.0010100603945314833,0.0010100603945314833,2,"[21, 186]","[5543, 732]"
774,17,384,1033,0.0010108703945314785,8.099999999951896e-07,2,"[21, 186]","[6171, 97]"
775,17,384,1034,0.0010104745530663255,0.0010104745530663255,4,"[21, 119, 120, 186]","[6288, 1, 2, 29]"
776,17,384,1034,0.0010111745530663214,6.999999999958428e-07,3,"[21, 119, 120]","[6183, 2, 3]"
777,17,384,1035,0.0010115027497165996,0.0010115027497165996,3,"[21, 119, 120]","[6291, 2, 3]"
778,17,384,1035,0.001012452749716594,9.499999999943581e-07,2,"[21, 120]","[6206, 2]"
779,17,384,1036,0.0010127821105305704,0.0010127821105305704,1,[21],[6299]
780,17,384,1036,0.0010149221105305577,2.139999999987291e-06,1,[21],[6206]
781,17,384,1037,0.001013633326261227,0.001013633326261227,1,[21],[6252]
782,17,384,1038,0.001014246112828638,0.001014246112828638,1,[21],[6256]
783,17,384,1039,0.001014881074379163,0.001014881074379163,1,[21],[6251]
784,17,384,1040,0.001015523843670992,0.001015523843670992,1,[21],[6304]
785,17,384,1041,0.0010161856468679053,0.0010161856468679053,3,"[21, 123, 124]","[6273, 25, 2]"
786,17,384,1042,0.0010168267175428103,0.0010168267175428103,3,"[21, 123, 124]","[6251, 40, 2]"
787,17,384,1042,0.0010179767175428035,1.1499999999931704e-06,3,"[21, 123, 124]","[6191, 18, 2]"
788,17,384,1043,0.001017652609847392,0.001017652609847392,3,"[21, 123, 126]","[6234, 2, 21]"
789,17,384,1043,0.001018652609847386,9.999999999940612e-07,2,"[21, 126]","[6188, 68]"
790,17,384,1044,0.0010185897974049132,0.0010185897974049132,3,"[21, 126, 127]","[6113, 152, 4]"
791,17,384,1044,0.0010196597974049069,1.0699999999936455e-06,3,"[21, 126, 127]","[6178, 74, 3]"
792,17,384,1045,0.0010194386230586879,0.0010194386230586879,5,"[21, 31, 126, 132, 133]","[6269, 6, 4, 9, 1]"
793,17,384,1045,0.0010203186230586826,8.799999999947739e-07,4,"[21, 31, 132, 133]","[6184, 30, 22, 1]"
794,17,384,1046,0.001020024007074665,0.001020024007074665,5,"[21, 30, 31, 132, 133]","[5076, 2, 1224, 23, 3]"
795,17,384,1046,0.0010206040070746616,5.799999999965555e-07,5,"[21, 30, 31, 132, 133]","[4754, 11, 1485, 9, 1]"
796,17,384,1046,0.0010212540070746578,6.499999999961398e-07,5,"[21, 30, 31, 132, 133]","[4689, 23, 1452, 10, 1]"
797,17,384,1047,0.001020549607482177,0.001020549607482177,3,"[21, 30, 31]","[3460, 730, 2080]"
798,17,384,1047,0.0010211096074821736,5.599999999966743e-07,3,"[21, 30, 31]","[3926, 1230, 1170]"
799,17,384,1047,0.0010216596074821703,5.499999999967337e-07,3,"[21, 30, 31]","[4187, 1424, 643]"
800,17,384,1048,0.0010211984364604455,0.0010211984364604455,3,"[21, 30, 31]","[4587, 1689, 44]"
801,17,384,1048,0.001021798436460442,5.999999999964367e-07,3,"[21, 30, 31]","[5030, 1182, 6]"
802,17,384,1048,0.0010227184364604365,9.199999999945363e-07,3,"[21, 30, 31]","[5349, 862, 2]"
803,17,384,1049,0.0010215542991576791,0.0010215542991576791,2,"[21, 30]","[6253, 30]"
804,17,384,1049,0.001022254299157675,6.999999999958428e-07,2,"[21, 30]","[6225, 12]"
805,17,384,1050,0.0010217130478639314,0.0010217130478639314,1,[21],[6303]
806,17,384,1050,0.0010224330478639271,7.199999999957241e-07,1,[21],[6253]
807,17,384,1051,0.001021838430026345,0.001021838430026345,2,"[21, 29]","[6003, 315]"
808,17,384,1051,0.001022498430026341,6.599999999960804e-07,2,"[21, 29]","[5810, 438]"
809,17,384,1052,0.0010218952027561464,0.0010218952027561464,2,"[21, 29]","[4972, 1343]"
810,17,384,1052,0.001022455202756143,5.599999999966743e-07,2,"[21, 29]","[4923, 1377]"
811,17,384,1052,0.0010232152027561385,7.599999999954865e-07,2,"[21, 29]","[4777, 1372]"
812,17,384,1053,0.001022265986591646,0.001022265986591646,2,"[21, 29]","[6146, 164]"
813,17,384,1053,0.0010229859865916416,7.199999999957241e-07,2,"[21, 29]","[6077, 126]"
814,17,384,1054,0.001022507768084037,0.001022507768084037,1,[21],[6311]
815,17,384,1054,0.0010232577680840326,7.499999999955459e-07,1,[21],[6196]
816,17,384,1055,0.0010227573387279656,0.0010227573387279656,2,"[21, 27]","[6243, 55]"
817,17,384,1055,0.001023537338727961,7.799999999953677e-07,2,"[21, 27]","[6089, 140]"
818,17,384,1056,0.001022898442580014,0.001022898442580014,2,"[21, 27]","[5003, 1280]"
819,17,384,1056,0.0010234684425800107,5.699999999966149e-07,2,"[21, 27]","[4424, 1856]"
820,17,384,1056,0.0010241284425800067,6.599999999960804e-07,2,"[21, 27]","[3768, 2428]"
821,17,384,1057,0.001023466282442413,0.001023466282442413,2,"[21, 27]","[5080, 1213]"
822,17,384,1057,0.0010242862824424081,8.199999999951302e-07,2,"[21, 27]","[5182, 1025]"
823,17,384,1058,0.0010245627260945078,0.0010245627260945078,3,"[21, 25, 27]","[6269, 8, 16]"
824,17,384,1059,0.0010254001425241083,0.0010254001425241083,2,"[21, 25]","[5466, 823]"
825,17,384,1060,0.0010264299675985763,0.0010264299675985763,2,"[21, 25]","[5354, 923]"
826,17,384,1061,0.0010287150014332365,0.0010287150014332365,5,"[21, 25, 214, 218, 219]","[6040, 7, 9, 195, 3]"
827,17,385,1026,0.0010123580613149365,0.0010123580613149365,3,"[21, 37, 40]","[5218, 1103, 2]"
828,17,385,1026,0.0010133080613149309,9.499999999943581e-07,3,"[21, 37, 40]","[4606, 1594, 4]"
829,17,385,1027,0.0010117919541271754,0.0010117919541271754,2,"[21, 37]","[6175, 112]"
830,17,385,1027,0.0010125019541271712,7.099999999957834e-07,2,"[21, 37]","[5917, 338]"
831,17,385,1028,0.0010109843839151505,0.0010109843839151505,2,"[21, 37]","[6252, 1]"
832,17,385,1028,0.0010117943839151457,8.099999999951896e-07,1,[21],[6285]
833,17,385,1029,0.0010101174044831532,0.0010101174044831532,1,[21],[6289]
834,17,385,1029,0.0010109074044831485,7.899999999953083e-07,1,[21],[6277]
835,17,385,1030,0.0010095949492591803,0.0010095949492591803,1,[21],[6277]
836,17,385,1030,0.0010102249492591766,6.299999999962586e-07,1,[21],[6260]
837,17,385,1031,0.0010096675436792807,0.0010096675436792807,2,"[21, 186]","[6286, 1]"
838,17,385,1031,0.0010103175436792769,6.499999999961398e-07,1,[21],[6297]
839,17,385,1032,0.0010099705173951046,0.0010099705173951046,2,"[21, 186]","[6215, 82]"
840,17,385,1032,0.0010108405173950995,8.699999999948332e-07,2,"[21, 186]","[6227, 15]"
841,17,385,1033,0.0010104568113043601,0.0010104568113043601,2,"[21, 186]","[6101, 188]"
842,17,387,984,0.0010079430054805247,0.0010079430054805247,4,"[136, 170, 171, 172]","[5923, 347, 4, 1]"
843,17,387,984,0.0010090530054805182,1.109999999993408e-06,3,"[136, 170, 171]","[6100, 129, 4]"
844,17,387,985,0.001007873218299371,0.001007873218299371,4,"[136, 170, 171, 172]","[4916, 1331, 38, 1]"
845,17,388,983,0.0010089101522459825,0.0010089101522459825,2,"[136, 170]","[6262, 2]"
846,17,388,984,0.0010076202266415886,0.0010076202266415886,3,"[136, 170, 171]","[5607, 701, 12]"
847,17,388,984,0.0010081902266415852,5.699999999966149e-07,3,"[136, 170, 171]","[5915, 340, 10]"
848,17,388,984,0.0010086602266415824,4.6999999999720876e-07,3,"[136, 170, 171]","[6035, 161, 4]"
849,17,388,984,0.0010092202266415791,5.599999999966743e-07,4,"[136, 137, 170, 171]","[6191, 1, 59, 1]"
850,17,388,985,0.0010072232578493168,0.0010072232578493168,4,"[136, 137, 170, 171]","[4464, 2, 1798, 19]"
851,17,388,985,0.001007863257849313,6.399999999961992e-07,5,"[136, 137, 170, 171, 172]","[4406, 1, 1854, 33, 1]"
852,17,393,975,0.0009931549340701441,0.0009931549340701441,3,"[140, 141, 168]","[4630, 1, 1673]"
853,17,393,975,0.000994024934070139,8.699999999948332e-07,3,"[140, 141, 168]","[5600, 1, 621]"
854,17,393,976,0.0009953026439630832,0.0009953026439630832,3,"[140, 141, 168]","[5433, 3, 816]"
855,17,394,975,0.000992705792377122,0.000992705792377122,2,"[140, 168]","[4508, 1818]"
856,17,394,975,0.000993385792377118,6.799999999959616e-07,2,"[140, 168]","[4832, 1376]"
857,17,394,975,0.0009946257923771106,1.2399999999926359e-06,2,"[140, 168]","[5365, 869]"
858,17,394,976,0.0009945357884138255,0.0009945357884138255,2,"[140, 168]","[4949, 1309]"
