,event,pixel_x,pixel_y,reset_time,TSLR,nMCParticles,MC_TrackIDs,MC_Weights
0,46,243,1076,0.0011267923170389814,0.0011267923170389814,1,[242],[6253]
1,46,250,1142,0.000780592113780733,0.000780592113780733,1,[149],[6261]
2,46,251,1142,0.0007800780530080748,0.0007800780530080748,1,[149],[6338]
3,46,251,1142,0.0007806380530080776,5.600000000027458e-07,1,[149],[6260]
4,46,251,1142,0.000781328053008081,6.900000000033832e-07,2,"[149, 152]","[6181, 12]"
5,46,263,1076,0.0011421362199724458,0.0011421362199724458,2,"[188, 211]","[3256, 3015]"
6,46,263,1077,0.0011412179157487827,0.0011412179157487827,2,"[188, 211]","[4969, 1317]"
7,46,263,1077,0.0011417079157487798,4.8999999999709e-07,2,"[188, 211]","[5616, 649]"
8,46,263,1077,0.0011421279157487773,4.199999999975057e-07,2,"[188, 211]","[5727, 474]"
9,46,263,1077,0.0011426479157487742,5.199999999969118e-07,2,"[188, 211]","[5869, 413]"
10,46,263,1078,0.0011411673247239146,0.0011411673247239146,2,"[188, 211]","[6231, 19]"
11,46,263,1078,0.00114194732472391,7.799999999953677e-07,2,"[188, 211]","[6231, 26]"
12,46,264,1076,0.0011388260366915173,0.0011388260366915173,2,"[188, 211]","[1, 6264]"
13,46,264,1076,0.0011401060366915097,1.2799999999923983e-06,2,"[188, 211]","[40, 6231]"
14,46,264,1076,0.001141256036691503,1.1499999999931704e-06,2,"[188, 211]","[981, 5235]"
15,46,264,1076,0.0011424960366914956,1.2399999999926359e-06,2,"[188, 211]","[3420, 2838]"
16,46,264,1077,0.0011405098091916152,0.0011405098091916152,2,"[188, 211]","[1564, 4694]"
17,46,264,1077,0.0011411198091916116,6.099999999963773e-07,2,"[188, 211]","[4536, 1842]"
18,46,264,1077,0.0011414998091916094,3.7999999999774325e-07,2,"[188, 211]","[5161, 1133]"
19,46,264,1077,0.0011418198091916075,3.199999999980996e-07,2,"[188, 211]","[5435, 831]"
20,46,264,1077,0.0011421398091916056,3.199999999980996e-07,2,"[188, 211]","[5571, 644]"
21,46,264,1077,0.0011425198091916033,3.7999999999774325e-07,2,"[188, 211]","[5638, 506]"
22,46,264,1077,0.0011432798091915988,7.599999999954865e-07,2,"[188, 211]","[5807, 413]"
23,46,264,1078,0.0011403536446865786,0.0011403536446865786,2,"[188, 211]","[6272, 26]"
24,46,264,1078,0.001140783644686576,4.299999999974463e-07,2,"[188, 211]","[6277, 17]"
25,46,264,1078,0.0011411136446865741,3.299999999980402e-07,2,"[188, 211]","[6212, 14]"
26,46,264,1078,0.0011414036446865724,2.8999999999827775e-07,2,"[188, 211]","[6201, 10]"
27,46,264,1078,0.0011417136446865706,3.0999999999815897e-07,2,"[188, 211]","[6296, 16]"
28,46,264,1078,0.0011420836446865684,3.6999999999780264e-07,2,"[188, 211]","[6249, 14]"
29,46,264,1078,0.0011427336446865645,6.499999999961398e-07,2,"[188, 211]","[6163, 22]"
30,46,264,1079,0.0011395465093086011,0.0011395465093086011,2,"[188, 243]","[6349, 5]"
31,46,264,1079,0.0011399965093085984,4.4999999999732754e-07,1,[188],[6239]
32,46,264,1079,0.0011403465093085964,3.499999999979214e-07,1,[188],[6327]
33,46,264,1079,0.0011406765093085944,3.299999999980402e-07,1,[188],[6157]
34,46,264,1079,0.0011410465093085922,3.6999999999780264e-07,1,[188],[6316]
35,46,264,1079,0.0011415265093085894,4.799999999971494e-07,1,[188],[6136]
36,46,264,1080,0.0011388156956414067,0.0011388156956414067,2,"[188, 243]","[6286, 9]"
37,46,264,1080,0.0011393856956414033,5.699999999966149e-07,1,[188],[6206]
38,46,264,1080,0.0011399056956414003,5.199999999969118e-07,1,[188],[6250]
39,46,264,1080,0.0011405856956413962,6.799999999959616e-07,1,[188],[6257]
40,46,264,1081,0.0011384019622919515,0.0011384019622919515,1,[188],[6301]
41,46,264,1081,0.0011394319622919453,1.029999999993883e-06,1,[188],[6237]
42,46,265,1075,0.001135374107999682,0.001135374107999682,2,"[211, 213]","[6262, 4]"
43,46,265,1075,0.0011375441079996692,2.169999999987113e-06,1,[211],[6239]
44,46,265,1076,0.0011361095613432784,0.0011361095613432784,1,[211],[6274]
45,46,265,1076,0.0011372595613432716,1.1499999999931704e-06,1,[211],[6243]
46,46,265,1076,0.0011384395613432646,1.1799999999929922e-06,1,[211],[6262]
47,46,265,1076,0.0011416195613432457,3.1799999999811146e-06,2,"[188, 211]","[43, 6179]"
48,46,265,1079,0.0011403765902477279,0.0011403765902477279,2,"[188, 243]","[6288, 5]"
49,46,265,1080,0.0011387245890246065,0.0011387245890246065,2,"[188, 243]","[6270, 5]"
50,46,265,1080,0.0011394545890246021,7.299999999956647e-07,1,[188],[6262]
51,46,265,1080,0.0011403545890245968,8.999999999946551e-07,1,[188],[6230]
52,46,265,1081,0.0011374510869198455,0.0011374510869198455,1,[188],[6268]
53,46,265,1081,0.0011379710869198424,5.199999999969118e-07,1,[188],[6340]
54,46,265,1081,0.00113839108691984,4.199999999975057e-07,1,[188],[6158]
55,46,265,1081,0.001138871086919837,4.799999999971494e-07,1,[188],[6343]
56,46,265,1081,0.0011396510869198324,7.799999999953677e-07,1,[188],[6166]
57,46,265,1082,0.001136647378775676,0.001136647378775676,1,[188],[6307]
58,46,265,1082,0.001137147378775673,4.999999999970306e-07,1,[188],[6275]
59,46,265,1082,0.0011375673787756705,4.199999999975057e-07,1,[188],[6234]
60,46,265,1082,0.0011380173787756678,4.4999999999732754e-07,1,[188],[6189]
61,46,265,1082,0.0011387573787756634,7.399999999956053e-07,1,[188],[6248]
62,46,265,1083,0.0011364422997050252,0.0011364422997050252,1,[188],[6272]
63,46,265,1083,0.0011373422997050199,8.999999999946551e-07,1,[188],[6234]
64,46,265,1166,0.0010909586867343954,0.0010909586867343954,1,[227],[6252]
65,46,266,1074,0.0011309723994157898,0.0011309723994157898,2,"[211, 213]","[4380, 1883]"
66,46,266,1075,0.0011320061446850871,0.0011320061446850871,2,"[211, 213]","[5771, 480]"
67,46,266,1075,0.0011330961446850806,1.0899999999935267e-06,2,"[211, 213]","[6288, 10]"
68,46,266,1075,0.001134056144685075,9.599999999942987e-07,1,[211],[6210]
69,46,266,1075,0.001135386144685067,1.3299999999921014e-06,1,[211],[6243]
70,46,266,1076,0.0011358010639938001,0.0011358010639938001,2,"[211, 213]","[6259, 3]"
71,46,266,1082,0.0011369164582114152,0.0011369164582114152,1,[188],[6301]
72,46,266,1082,0.0011380164582114086,1.0999999999934673e-06,1,[188],[6207]
73,46,266,1083,0.001135541103750224,0.001135541103750224,1,[188],[6270]
74,46,266,1083,0.0011360711037502209,5.299999999968524e-07,1,[188],[6288]
75,46,266,1083,0.0011365311037502181,4.5999999999726815e-07,1,[188],[6236]
76,46,266,1083,0.0011371111037502147,5.799999999965555e-07,1,[188],[6264]
77,46,266,1084,0.0011347531429113044,0.0011347531429113044,1,[188],[6263]
78,46,266,1084,0.001135313142911301,5.599999999966743e-07,1,[188],[6306]
79,46,266,1084,0.001135813142911298,4.999999999970306e-07,1,[188],[6264]
80,46,266,1084,0.0011364731429112942,6.599999999960804e-07,1,[188],[6215]
81,46,266,1085,0.0011342625588638764,0.0011342625588638764,1,[188],[6296]
82,46,266,1085,0.0011354525588638694,1.1899999999929328e-06,1,[188],[6238]
83,46,267,1073,0.0011274925885751213,0.0011274925885751213,2,"[211, 292]","[6226, 35]"
84,46,267,1073,0.0011291125885751116,1.6199999999903791e-06,2,"[211, 213]","[6208, 61]"
85,46,267,1074,0.0011286614254294271,0.0011286614254294271,2,"[211, 213]","[6182, 103]"
86,46,267,1074,0.0011295014254294221,8.399999999950114e-07,2,"[211, 213]","[5309, 977]"
87,46,267,1074,0.0011301514254294183,6.499999999961398e-07,2,"[211, 213]","[4040, 2226]"
88,46,267,1074,0.0011308214254294143,6.69999999996021e-07,2,"[211, 213]","[3197, 2983]"
89,46,267,1074,0.0011325214254294042,1.699999999989904e-06,2,"[211, 213]","[3804, 2429]"
90,46,267,1075,0.0011312274447027096,0.0011312274447027096,2,"[211, 213]","[4801, 1477]"
91,46,267,1075,0.0011338774447026939,2.649999999984262e-06,2,"[211, 213]","[6016, 210]"
92,46,267,1084,0.0011349502244918206,0.0011349502244918206,1,[188],[6278]
93,46,267,1084,0.0011363102244918125,1.3599999999919232e-06,1,[188],[6227]
94,46,267,1085,0.0011330388517332458,0.0011330388517332458,2,"[188, 208]","[6262, 1]"
95,46,267,1085,0.0011337388517332417,6.999999999958428e-07,1,[188],[6306]
96,46,267,1085,0.0011343188517332382,5.799999999965555e-07,1,[188],[6188]
97,46,267,1085,0.001135038851733234,7.199999999957241e-07,1,[188],[6305]
98,46,267,1086,0.0011306959179094146,0.0011306959179094146,3,"[188, 208, 253]","[6207, 63, 1]"
99,46,267,1086,0.00113147591790941,7.799999999953677e-07,1,[188],[6245]
100,46,267,1086,0.0011320759179094064,5.999999999964367e-07,1,[188],[6300]
101,46,267,1086,0.001132645917909403,5.699999999966149e-07,1,[188],[6232]
102,46,267,1086,0.0011332659179093994,6.199999999963179e-07,1,[188],[6247]
103,46,267,1086,0.0011342759179093934,1.0099999999940018e-06,1,[188],[6207]
104,46,267,1087,0.0011283953257563498,0.0011283953257563498,5,"[188, 206, 207, 208, 253]","[5370, 1, 82, 858, 2]"
105,46,267,1087,0.001129195325756345,7.99999999995249e-07,2,"[188, 208]","[5419, 795]"
106,46,267,1087,0.0011299153257563407,7.199999999957241e-07,2,"[188, 208]","[5977, 326]"
107,46,267,1087,0.0011306553257563363,7.399999999956053e-07,2,"[188, 208]","[6138, 63]"
108,46,267,1087,0.0011317753257563297,1.1199999999933485e-06,2,"[188, 208]","[6220, 6]"
109,46,267,1088,0.0011262313676284603,0.0011262313676284603,5,"[188, 206, 207, 208, 253]","[5028, 364, 873, 2, 5]"
110,46,267,1088,0.0011273613676284536,1.1299999999932892e-06,4,"[188, 206, 207, 208]","[5593, 3, 582, 68]"
111,46,267,1088,0.0011285113676284468,1.1499999999931704e-06,3,"[188, 207, 208]","[5543, 58, 657]"
112,46,267,1089,0.001124735358717586,0.001124735358717586,4,"[188, 205, 206, 207]","[5141, 249, 844, 23]"
113,46,267,1089,0.0011267153587175742,1.979999999988241e-06,3,"[188, 206, 207]","[5183, 511, 557]"
114,46,268,1071,0.001109240763930151,0.001109240763930151,4,"[211, 215, 310, 314]","[5455, 790, 4, 1]"
115,46,268,1071,0.0011213007639300793,1.2059999999928378e-05,2,"[211, 327]","[6222, 34]"
116,46,268,1072,0.0011032599345924103,0.0011032599345924103,2,"[211, 292]","[6270, 1]"
117,46,268,1072,0.0011048599345924008,1.599999999990498e-06,2,"[211, 215]","[6118, 112]"
118,46,268,1072,0.0011068899345923887,2.0299999999879442e-06,4,"[211, 215, 310, 311]","[4902, 1344, 6, 3]"
119,46,268,1072,0.001121989934592299,1.5099999999910324e-05,2,"[211, 215]","[6080, 171]"
120,46,268,1072,0.0011242799345922855,2.2899999999864e-06,1,[211],[6260]
121,46,268,1072,0.001125369934592279,1.0899999999935267e-06,1,[211],[6272]
122,46,268,1072,0.0011273399345922673,1.9699999999883006e-06,1,[211],[6221]
123,46,268,1073,0.001124896396373257,0.001124896396373257,2,"[211, 215]","[6205, 72]"
124,46,268,1073,0.0011263063963732486,1.4099999999916263e-06,1,[211],[6235]
125,46,268,1073,0.001127406396373242,1.0999999999934673e-06,1,[211],[6250]
126,46,268,1074,0.001131671086754342,0.001131671086754342,2,"[211, 213]","[5480, 770]"
127,46,268,1086,0.0011317179149807463,0.0011317179149807463,2,"[188, 208]","[6230, 55]"
128,46,268,1087,0.0011283918304049677,0.0011283918304049677,5,"[188, 206, 207, 208, 253]","[5458, 7, 122, 711, 1]"
129,46,268,1087,0.0011294018304049617,1.0099999999940018e-06,2,"[188, 208]","[5450, 777]"
130,46,268,1087,0.0011305918304049547,1.1899999999929328e-06,2,"[188, 208]","[6007, 224]"
131,46,268,1088,0.0011251070461393653,0.0011251070461393653,4,"[188, 205, 206, 207]","[4237, 4, 1816, 224]"
132,46,268,1088,0.0011259770461393601,8.699999999948332e-07,3,"[188, 206, 207]","[4867, 443, 970]"
133,46,268,1088,0.0011267170461393557,7.399999999956053e-07,4,"[188, 206, 207, 208]","[5193, 63, 944, 5]"
134,46,268,1088,0.0011275370461393509,8.199999999951302e-07,4,"[188, 206, 207, 208]","[5690, 2, 468, 104]"
135,46,268,1088,0.0011286270461393444,1.0899999999935267e-06,3,"[188, 207, 208]","[5619, 92, 554]"
136,46,268,1089,0.0011227186549872584,0.0011227186549872584,3,"[188, 205, 206]","[5176, 1015, 87]"
137,46,268,1089,0.001123468654987254,7.499999999955459e-07,3,"[188, 205, 206]","[5424, 265, 628]"
138,46,268,1089,0.001123978654987251,5.099999999969712e-07,4,"[188, 205, 206, 207]","[4701, 56, 1425, 2]"
139,46,268,1089,0.0011244286549872483,4.4999999999732754e-07,4,"[188, 205, 206, 207]","[4459, 17, 1871, 10]"
140,46,268,1089,0.0011248586549872457,4.299999999974463e-07,4,"[188, 205, 206, 207]","[4228, 2, 1862, 53]"
141,46,268,1089,0.0011253486549872428,4.8999999999709e-07,3,"[188, 206, 207]","[4390, 1752, 123]"
142,46,268,1089,0.0011260586549872386,7.099999999957834e-07,3,"[188, 206, 207]","[4732, 1066, 433]"
143,46,268,1090,0.0011206963690041398,0.0011206963690041398,2,"[188, 205]","[6047, 206]"
144,46,268,1090,0.0011213563690041358,6.599999999960804e-07,2,"[188, 205]","[5381, 952]"
145,46,268,1090,0.001121836369004133,4.799999999971494e-07,2,"[188, 205]","[4639, 1560]"
146,46,268,1090,0.0011222763690041304,4.399999999973869e-07,3,"[188, 205, 206]","[4377, 1913, 3]"
147,46,268,1090,0.0011227363690041276,4.5999999999726815e-07,3,"[188, 205, 206]","[4225, 1957, 7]"
148,46,268,1090,0.001123366369004124,6.299999999962586e-07,3,"[188, 205, 206]","[4646, 1550, 57]"
149,46,268,1090,0.0011247863690041155,1.419999999991567e-06,4,"[188, 205, 206, 207]","[5126, 624, 480, 1]"
150,46,268,1091,0.0011190195053074753,0.0011190195053074753,1,[188],[6255]
151,46,268,1091,0.0011199395053074698,9.199999999945363e-07,2,"[188, 205]","[6293, 3]"
152,46,268,1091,0.0011208195053074646,8.799999999947739e-07,2,"[188, 205]","[6172, 54]"
153,46,268,1091,0.001122429505307455,1.6099999999904385e-06,2,"[188, 205]","[5379, 847]"
154,46,268,1092,0.0011180182009257837,0.0011180182009257837,1,[188],[6257]
155,46,269,1070,0.0011156322149483773,0.0011156322149483773,3,"[211, 215, 314]","[5214, 8, 1033]"
156,46,269,1071,0.0011072311212105236,0.0011072311212105236,5,"[211, 215, 310, 311, 314]","[5024, 1211, 14, 3, 3]"
157,46,269,1071,0.0011094711212105103,2.239999999986697e-06,3,"[211, 215, 314]","[6151, 65, 55]"
158,46,269,1071,0.0011108211212105023,1.3499999999919826e-06,2,"[211, 314]","[6239, 4]"
159,46,269,1071,0.0011119911212104953,1.1699999999930516e-06,1,[211],[6262]
160,46,269,1071,0.0011131911212104882,1.1999999999928734e-06,1,[211],[6222]
161,46,269,1071,0.0011146711212104794,1.4799999999912106e-06,1,[211],[6251]
162,46,269,1071,0.0011161411212104707,1.46999999999127e-06,1,[211],[6287]
163,46,269,1071,0.001117441121210463,1.2999999999922796e-06,1,[211],[6231]
164,46,269,1071,0.0011187011212104555,1.259999999992517e-06,1,[211],[6263]
165,46,269,1071,0.0011199911212104478,1.289999999992339e-06,1,[211],[6219]
166,46,269,1071,0.0011214011212104394,1.4099999999916263e-06,1,[211],[6247]
167,46,269,1071,0.001123161121210429,1.7599999999895477e-06,1,[211],[6256]
168,46,269,1072,0.0011037188126472083,0.0011037188126472083,2,"[211, 215]","[6289, 2]"
169,46,269,1072,0.0011051588126471997,1.4399999999914481e-06,4,"[211, 215, 310, 311]","[5918, 315, 4, 1]"
170,46,269,1072,0.0011063788126471925,1.2199999999927547e-06,4,"[211, 215, 310, 311]","[4775, 1434, 11, 3]"
171,46,269,1072,0.0011079288126471833,1.5499999999907949e-06,4,"[211, 215, 310, 311]","[5504, 748, 1, 1]"
172,46,269,1072,0.0011097288126471726,1.7999999999893102e-06,2,"[211, 215]","[6232, 14]"
173,46,269,1072,0.0011151288126471405,5.3999999999679305e-06,1,[211],[6248]
174,46,269,1072,0.001120938812647106,5.8099999999654955e-06,1,[211],[6252]
175,46,269,1072,0.0011232288126470924,2.2899999999864e-06,1,[211],[6255]
176,46,269,1072,0.0011248588126470827,1.6299999999903197e-06,1,[211],[6255]
177,46,269,1073,0.001127123441192756,0.001127123441192756,3,"[211, 215, 310]","[6128, 120, 1]"
178,46,269,1090,0.0011214435916420964,0.0011214435916420964,2,"[188, 205]","[6023, 228]"
179,46,269,1090,0.0011244035916420788,2.959999999982421e-06,3,"[188, 205, 206]","[4965, 1211, 73]"
180,46,269,1091,0.0011184661967179688,0.0011184661967179688,1,[188],[6253]
181,46,269,1091,0.0011194861967179627,1.0199999999939424e-06,1,[188],[6262]
182,46,269,1091,0.001120606196717956,1.1199999999933485e-06,2,"[188, 205]","[6276, 6]"
183,46,269,1092,0.0011158993747388032,0.0011158993747388032,1,[188],[6257]
184,46,269,1092,0.0011167293747387983,8.299999999950708e-07,1,[188],[6346]
185,46,269,1092,0.001117439374738794,7.099999999957834e-07,1,[188],[6197]
186,46,269,1092,0.0011182493747387892,8.099999999951896e-07,1,[188],[6232]
187,46,269,1092,0.001120129374738778,1.879999999988835e-06,1,[188],[6227]
188,46,269,1093,0.001113383522824131,0.001113383522824131,1,[188],[6294]
189,46,269,1093,0.0011142735228241256,8.899999999947145e-07,1,[188],[6282]
190,46,269,1093,0.0011150135228241212,7.399999999956053e-07,1,[188],[6219]
191,46,269,1093,0.0011157735228241167,7.599999999954865e-07,1,[188],[6282]
192,46,269,1093,0.00111690352282411,1.1299999999932892e-06,1,[188],[6197]
193,46,269,1094,0.0011112813139511786,0.0011112813139511786,1,[188],[6264]
194,46,269,1094,0.0011123613139511722,1.079999999993586e-06,1,[188],[6298]
195,46,269,1094,0.0011134513139511657,1.0899999999935267e-06,1,[188],[6193]
196,46,269,1095,0.0011097128995469537,0.0011097128995469537,2,"[188, 221]","[6270, 3]"
197,46,269,1095,0.0011131628995469333,3.449999999979511e-06,1,[188],[6227]
198,46,269,1096,0.0011086854737980439,0.0011086854737980439,2,"[188, 221]","[4187, 2064]"
199,46,269,1097,0.0010867844336565778,0.0010867844336565778,1,[221],[6271]
200,46,270,1071,0.0011134994572976843,0.0011134994572976843,3,"[211, 215, 314]","[6176, 44, 40]"
201,46,270,1071,0.0011166294572976657,3.1299999999814115e-06,1,[211],[6251]
202,46,270,1093,0.0011142164452919762,0.0011142164452919762,1,[188],[6257]
203,46,270,1094,0.0011105577274546157,0.0011105577274546157,1,[188],[6253]
204,46,270,1094,0.0011116577274546092,1.0999999999934673e-06,1,[188],[6260]
205,46,270,1094,0.0011128177274546023,1.159999999993111e-06,1,[188],[6242]
206,46,270,1095,0.0011074437933847633,0.0011074437933847633,2,"[188, 221]","[6266, 2]"
207,46,270,1095,0.0011083837933847577,9.399999999944175e-07,1,[188],[6235]
208,46,270,1095,0.0011091537933847532,7.699999999954271e-07,1,[188],[6277]
209,46,270,1095,0.0011099837933847482,8.299999999950708e-07,1,[188],[6238]
210,46,270,1095,0.0011113237933847403,1.339999999992042e-06,1,[188],[6252]
211,46,270,1096,0.0011046708946707356,0.0011046708946707356,2,"[188, 221]","[5857, 393]"
212,46,270,1096,0.00110560089467073,9.299999999944769e-07,1,[188],[6296]
213,46,270,1096,0.0011063308946707257,7.299999999956647e-07,1,[188],[6268]
214,46,270,1096,0.0011070908946707212,7.599999999954865e-07,1,[188],[6223]
215,46,270,1096,0.0011080908946707153,9.999999999940612e-07,1,[188],[6220]
216,46,270,1097,0.0011018199760344197,0.0011018199760344197,3,"[188, 204, 221]","[4243, 99, 1932]"
217,46,270,1097,0.0011030099760344126,1.1899999999929328e-06,1,[188],[6226]
218,46,270,1097,0.0011039999760344068,9.899999999941206e-07,1,[188],[6297]
219,46,270,1097,0.0011052299760343995,1.2299999999926953e-06,1,[188],[6232]
220,46,270,1098,0.001099921286823586,0.001099921286823586,3,"[188, 204, 221]","[4722, 1345, 212]"
221,46,270,1098,0.001101611286823576,1.6899999999899634e-06,2,"[188, 204]","[5926, 324]"
222,46,270,1099,0.0011027010258751805,0.0011027010258751805,3,"[188, 203, 204]","[5422, 25, 803]"
223,46,271,1096,0.0011064740597642516,0.0011064740597642516,3,"[188, 204, 221]","[6257, 2, 4]"
224,46,271,1097,0.001101678605792768,0.001101678605792768,3,"[188, 204, 221]","[5299, 980, 4]"
225,46,271,1097,0.0011031586057927592,1.4799999999912106e-06,2,"[188, 204]","[6224, 4]"
226,46,271,1097,0.0011055086057927452,2.349999999986044e-06,1,[188],[6239]
227,46,271,1098,0.0010983412612679388,0.0010983412612679388,3,"[188, 203, 204]","[4933, 3, 1320]"
228,46,271,1098,0.0010990012612679349,6.599999999960804e-07,2,"[188, 204]","[3402, 2852]"
229,46,271,1098,0.001099501261267932,4.999999999970306e-07,2,"[188, 204]","[3248, 3082]"
230,46,271,1098,0.001099991261267929,4.8999999999709e-07,2,"[188, 204]","[3579, 2675]"
231,46,271,1098,0.0011006012612679254,6.099999999963773e-07,2,"[188, 204]","[4228, 1985]"
232,46,271,1098,0.0011016312612679192,1.029999999993883e-06,2,"[188, 204]","[5464, 766]"
233,46,271,1099,0.0010956011906223745,0.0010956011906223745,2,"[188, 203]","[5360, 911]"
234,46,271,1099,0.0010966211906223685,1.0199999999939424e-06,3,"[188, 203, 204]","[6218, 62, 3]"
235,46,271,1099,0.0010974211906223637,7.99999999995249e-07,3,"[188, 203, 204]","[6151, 3, 86]"
236,46,271,1099,0.001098231190622359,8.099999999951896e-07,2,"[188, 204]","[5628, 590]"
237,46,271,1099,0.0010991011906223537,8.699999999948332e-07,2,"[188, 204]","[4409, 1845]"
238,46,271,1099,0.0011008811906223432,1.779999999989429e-06,2,"[188, 204]","[3578, 2659]"
239,46,271,1100,0.0010933172545637578,0.0010933172545637578,2,"[188, 203]","[6049, 237]"
240,46,271,1100,0.0010942072545637525,8.899999999947145e-07,2,"[188, 203]","[5044, 1180]"
241,46,271,1100,0.0010949872545637479,7.799999999953677e-07,2,"[188, 203]","[4725, 1545]"
242,46,271,1100,0.0010960672545637414,1.079999999993586e-06,2,"[188, 203]","[5366, 874]"
243,46,271,1101,0.001091790424571467,0.001091790424571467,1,[188],[6280]
244,46,271,1101,0.0010939204245714543,2.1299999999873503e-06,2,"[188, 203]","[6138, 96]"
245,46,272,1099,0.001097747354322814,0.001097747354322814,3,"[188, 203, 204]","[5537, 691, 28]"
246,46,272,1100,0.0010929067827009512,0.0010929067827009512,2,"[188, 203]","[6198, 65]"
247,46,272,1100,0.0010940967827009441,1.1899999999929328e-06,2,"[188, 203]","[5356, 908]"
248,46,272,1100,0.001095446782700936,1.3499999999919826e-06,2,"[188, 203]","[4536, 1699]"
249,46,272,1101,0.0010898265479797286,0.0010898265479797286,1,[188],[6295]
250,46,272,1101,0.001090756547979723,9.299999999944769e-07,1,[188],[6248]
251,46,272,1101,0.0010915765479797182,8.199999999951302e-07,1,[188],[6258]
252,46,272,1101,0.0010925665479797123,9.899999999941206e-07,2,"[188, 203]","[6212, 1]"
253,46,272,1102,0.001087324738090502,0.001087324738090502,1,[188],[6271]
254,46,272,1102,0.0010883047380904963,9.7999999999418e-07,1,[188],[6243]
255,46,272,1102,0.001089184738090491,8.799999999947739e-07,1,[188],[6261]
256,46,272,1102,0.0010902547380904847,1.0699999999936455e-06,1,[188],[6259]
257,46,272,1103,0.0010850544706512266,0.0010850544706512266,2,"[188, 202]","[6245, 13]"
258,46,272,1103,0.0010862044706512197,1.1499999999931704e-06,1,[188],[6261]
259,46,272,1103,0.0010874844706512121,1.2799999999923983e-06,1,[188],[6263]
260,46,272,1104,0.0010832252819122836,0.0010832252819122836,3,"[188, 201, 202]","[5470, 3, 795]"
261,46,272,1104,0.0010858152819122682,2.5899999999846185e-06,1,[188],[6235]
262,46,273,1102,0.0010893029359058846,0.0010893029359058846,1,[188],[6252]
263,46,273,1103,0.0010847042886280769,0.0010847042886280769,2,"[188, 202]","[6207, 65]"
264,46,273,1103,0.0010862442886280677,1.5399999999908542e-06,1,[188],[6263]
265,46,273,1104,0.0010809472685064235,0.0010809472685064235,3,"[188, 201, 202]","[3789, 53, 2410]"
266,46,273,1104,0.0010818572685064181,9.099999999945957e-07,2,"[188, 202]","[4397, 1895]"
267,46,273,1104,0.0010827472685064129,8.899999999947145e-07,2,"[188, 202]","[5666, 543]"
268,46,273,1104,0.0010837772685064067,1.029999999993883e-06,2,"[188, 202]","[6217, 55]"
269,46,273,1105,0.0010785644602257932,0.0010785644602257932,3,"[188, 201, 202]","[5234, 1028, 2]"
270,46,273,1105,0.0010793844602257883,8.199999999951302e-07,3,"[188, 201, 202]","[5180, 1032, 95]"
271,46,273,1105,0.0010800544602257843,6.69999999996021e-07,3,"[188, 201, 202]","[5275, 390, 608]"
272,46,273,1105,0.001080634460225781,5.799999999965555e-07,3,"[188, 201, 202]","[4640, 78, 1533]"
273,46,273,1105,0.0010812244602257774,5.899999999964961e-07,3,"[188, 201, 202]","[4073, 10, 2096]"
274,46,273,1105,0.0010821044602257722,8.799999999947739e-07,2,"[188, 202]","[4097, 2137]"
275,46,273,1106,0.001076506112898809,0.001076506112898809,2,"[188, 201]","[6296, 2]"
276,46,273,1106,0.0010775061128988031,9.999999999940612e-07,2,"[188, 201]","[6144, 122]"
277,46,273,1106,0.0010784061128987978,8.999999999946551e-07,2,"[188, 201]","[5527, 659]"
278,46,273,1106,0.0010795861128987908,1.1799999999929922e-06,3,"[188, 201, 202]","[4902, 1349, 2]"
279,46,273,1107,0.001074450098094985,0.001074450098094985,1,[188],[6298]
280,46,273,1107,0.0010762200980949745,1.7699999999894883e-06,1,[188],[6213]
281,46,273,1108,0.0010744705344885733,0.0010744705344885733,2,"[188, 200]","[6248, 2]"
282,46,274,1105,0.001080588664771136,0.001080588664771136,3,"[188, 201, 202]","[5044, 898, 309]"
283,46,274,1106,0.0010766131338353325,0.0010766131338353325,2,"[188, 201]","[6275, 1]"
284,46,274,1106,0.0010786031338353207,1.9899999999881818e-06,2,"[188, 201]","[5875, 365]"
285,46,274,1107,0.001072922230107597,0.001072922230107597,1,[188],[6294]
286,46,274,1107,0.0010740622301075903,1.1399999999932298e-06,1,[188],[6269]
287,46,274,1107,0.0010751922301075836,1.1299999999932892e-06,1,[188],[6205]
288,46,274,1108,0.0010698434096487002,0.0010698434096487002,2,"[188, 200]","[6269, 5]"
289,46,274,1108,0.0010708334096486943,9.899999999941206e-07,1,[188],[6272]
290,46,274,1108,0.0010716934096486892,8.599999999948926e-07,1,[188],[6277]
291,46,274,1108,0.0010726834096486833,9.899999999941206e-07,1,[188],[6212]
292,46,274,1108,0.0010759734096486638,3.2899999999804613e-06,1,[188],[6217]
293,46,274,1109,0.001066877605963715,0.001066877605963715,2,"[188, 200]","[4640, 1610]"
294,46,274,1109,0.001068037605963708,1.159999999993111e-06,2,"[188, 200]","[6154, 127]"
295,46,274,1109,0.0010690076059637022,9.699999999942394e-07,2,"[188, 200]","[6244, 6]"
296,46,274,1109,0.0010702076059636951,1.1999999999928734e-06,1,[188],[6221]
297,46,274,1110,0.0010649160350764575,0.0010649160350764575,2,"[188, 200]","[5899, 383]"
298,46,274,1110,0.0010660660350764507,1.1499999999931704e-06,2,"[188, 200]","[4236, 1986]"
299,46,274,1110,0.0010676660350764412,1.599999999990498e-06,2,"[188, 200]","[4829, 1418]"
300,46,274,1111,0.001064047796199086,0.001064047796199086,2,"[188, 200]","[6251, 1]"
301,46,275,1109,0.0010668251537045755,0.0010668251537045755,2,"[188, 200]","[4343, 1914]"
302,46,275,1109,0.0010688351537045636,2.009999999988063e-06,2,"[188, 200]","[6062, 184]"
303,46,275,1110,0.0010635326372848647,0.0010635326372848647,2,"[188, 200]","[6272, 5]"
304,46,275,1110,0.001064672637284858,1.1399999999932298e-06,2,"[188, 200]","[5995, 256]"
305,46,275,1110,0.0010655926372848525,9.199999999945363e-07,2,"[188, 200]","[4912, 1391]"
306,46,275,1110,0.0010665926372848465,9.999999999940612e-07,2,"[188, 200]","[4100, 2090]"
307,46,275,1111,0.0010601372949332697,0.0010601372949332697,1,[188],[6295]
308,46,275,1111,0.0010611572949332636,1.0199999999939424e-06,1,[188],[6254]
309,46,275,1111,0.0010620272949332585,8.699999999948332e-07,1,[188],[6226]
310,46,275,1111,0.0010630172949332526,9.899999999941206e-07,1,[188],[6275]
311,46,275,1111,0.0010648272949332419,1.8099999999892508e-06,2,"[188, 200]","[6181, 22]"
312,46,275,1112,0.0010571678227164157,0.0010571678227164157,1,[188],[6294]
313,46,275,1112,0.0010582378227164094,1.0699999999936455e-06,1,[188],[6229]
314,46,275,1112,0.0010591678227164039,9.299999999944769e-07,1,[188],[6250]
315,46,275,1112,0.001060307822716397,1.1399999999932298e-06,1,[188],[6249]
316,46,275,1113,0.0010543506961300975,0.0010543506961300975,1,[188],[6288]
317,46,275,1113,0.00105561069613009,1.259999999992517e-06,1,[188],[6249]
318,46,275,1113,0.001057110696130081,1.4999999999910918e-06,1,[188],[6224]
319,46,275,1114,0.0010520548241200113,0.0010520548241200113,1,[188],[6251]
320,46,275,1114,0.0010541748241199988,2.1199999999874097e-06,1,[188],[6254]
321,46,275,1115,0.0010507015020093087,0.0010507015020093087,2,"[188, 199]","[6244, 7]"
322,46,276,1112,0.001057993465431071,0.001057993465431071,1,[188],[6269]
323,46,276,1113,0.0010538419449566054,0.0010538419449566054,1,[188],[6279]
324,46,276,1113,0.0010551719449565975,1.3299999999921014e-06,1,[188],[6239]
325,46,276,1113,0.0010570219449565865,1.8499999999890132e-06,1,[188],[6244]
326,46,276,1114,0.0010503225305684824,0.0010503225305684824,2,"[188, 199]","[6275, 1]"
327,46,276,1114,0.001051402530568476,1.079999999993586e-06,1,[188],[6238]
328,46,276,1114,0.0010523825305684702,9.7999999999418e-07,1,[188],[6281]
329,46,276,1114,0.001053592530568463,1.209999999992814e-06,1,[188],[6230]
330,46,276,1115,0.0010470182151056996,0.0010470182151056996,2,"[188, 199]","[6083, 191]"
331,46,276,1115,0.0010480182151056936,9.999999999940612e-07,1,[188],[6232]
332,46,276,1115,0.0010488482151056887,8.299999999950708e-07,1,[188],[6261]
333,46,276,1115,0.0010497282151056835,8.799999999947739e-07,1,[188],[6254]
334,46,276,1115,0.0010510182151056758,1.289999999992339e-06,1,[188],[6254]
335,46,276,1116,0.0010436508518433488,0.0010436508518433488,3,"[188, 198, 199]","[4122, 6, 2191]"
336,46,276,1116,0.0010444108518433443,7.599999999954865e-07,2,"[188, 199]","[3779, 2483]"
337,46,276,1116,0.00104513085184334,7.199999999957241e-07,2,"[188, 199]","[4899, 1339]"
338,46,276,1116,0.0010459108518433354,7.799999999953677e-07,2,"[188, 199]","[5851, 347]"
339,46,276,1116,0.00104682085184333,9.099999999945957e-07,2,"[188, 199]","[6206, 34]"
340,46,276,1116,0.0010484108518433205,1.5899999999905573e-06,2,"[188, 199]","[6250, 1]"
341,46,276,1117,0.0010411015498950167,0.0010411015498950167,2,"[188, 198]","[5184, 1077]"
342,46,276,1117,0.0010422515498950099,1.1499999999931704e-06,3,"[188, 198, 199]","[6116, 75, 51]"
343,46,276,1117,0.0010432015498950042,9.499999999943581e-07,3,"[188, 198, 199]","[5721, 4, 588]"
344,46,276,1117,0.001044091549894999,8.899999999947145e-07,2,"[188, 199]","[4452, 1774]"
345,46,276,1117,0.0010459915498949876,1.8999999999887163e-06,2,"[188, 199]","[4453, 1757]"
346,46,276,1118,0.0010387030974928447,0.0010387030974928447,2,"[188, 198]","[6188, 62]"
347,46,276,1118,0.001040013097492837,1.3099999999922202e-06,2,"[188, 198]","[5362, 922]"
348,46,276,1118,0.0010415930974928276,1.5799999999906167e-06,2,"[188, 198]","[5040, 1187]"
349,46,276,1119,0.001036537040286172,0.001036537040286172,1,[188],[6255]
350,46,276,1119,0.0010403270402861496,3.789999999977492e-06,2,"[188, 198]","[6203, 45]"
351,46,276,1120,0.001036028772759299,0.001036028772759299,1,[188],[6254]
352,46,277,1116,0.0010446348848016447,0.0010446348848016447,3,"[188, 198, 199]","[3429, 15, 2820]"
353,46,277,1117,0.0010415838453597503,0.0010415838453597503,3,"[188, 198, 199]","[5252, 1005, 1]"
354,46,277,1117,0.0010435838453597384,1.9999999999881224e-06,3,"[188, 198, 199]","[5648, 20, 603]"
355,46,277,1118,0.0010381470032878963,0.0010381470032878963,2,"[188, 198]","[6263, 9]"
356,46,277,1118,0.0010394870032878884,1.339999999992042e-06,2,"[188, 198]","[5870, 378]"
357,46,277,1118,0.0010411370032878786,1.649999999990201e-06,2,"[188, 198]","[4915, 1320]"
358,46,277,1119,0.0010346801237027454,0.0010346801237027454,1,[188],[6291]
359,46,277,1119,0.0010358001237027387,1.1199999999933485e-06,1,[188],[6251]
360,46,277,1119,0.0010368701237027324,1.0699999999936455e-06,1,[188],[6223]
361,46,277,1119,0.0010387201237027214,1.8499999999890132e-06,2,"[188, 198]","[6238, 2]"
362,46,277,1120,0.0010314920605566731,0.0010314920605566731,1,[188],[6259]
363,46,277,1120,0.0010325520605566668,1.0599999999937049e-06,1,[188],[6311]
364,46,277,1120,0.0010334520605566615,8.999999999946551e-07,1,[188],[6215]
365,46,277,1120,0.001034562060556655,1.109999999993408e-06,1,[188],[6216]
366,46,277,1121,0.0010284884664742183,0.0010284884664742183,2,"[188, 197]","[6204, 73]"
367,46,277,1121,0.0010295284664742122,1.0399999999938236e-06,1,[188],[6275]
368,46,277,1121,0.0010304484664742067,9.199999999945363e-07,1,[188],[6207]
369,46,277,1121,0.0010315884664742,1.1399999999932298e-06,1,[188],[6249]
370,46,277,1122,0.0010254558184619562,0.0010254558184619562,2,"[188, 197]","[4743, 1526]"
371,46,277,1122,0.0010264758184619501,1.0199999999939424e-06,2,"[188, 197]","[5103, 1172]"
372,46,277,1122,0.001027505818461944,1.029999999993883e-06,2,"[188, 197]","[6031, 179]"
373,46,277,1122,0.0010289958184619352,1.4899999999911512e-06,1,[188],[6257]
374,46,277,1123,0.0010234683436128225,0.0010234683436128225,2,"[188, 197]","[6285, 9]"
375,46,277,1123,0.0010249783436128135,1.5099999999910324e-06,2,"[188, 197]","[5706, 514]"
376,46,277,1124,0.001021102794758808,0.001021102794758808,1,[188],[6253]
377,46,277,1125,0.0010202509801477684,0.0010202509801477684,1,[188],[6257]
378,46,278,1121,0.0010309009055732518,0.0010309009055732518,2,"[188, 197]","[6192, 71]"
379,46,278,1122,0.0010257502275699253,0.0010257502275699253,2,"[188, 197]","[4714, 1565]"
380,46,278,1122,0.001027640227569914,1.8899999999887757e-06,2,"[188, 197]","[5501, 728]"
381,46,278,1123,0.0010227830995858207,0.0010227830995858207,1,[188],[6276]
382,46,278,1123,0.001024233099585812,1.4499999999913887e-06,2,"[188, 197]","[6137, 98]"
383,46,278,1123,0.0010263130995857997,2.0799999999876473e-06,2,"[188, 197]","[4920, 1332]"
384,46,278,1124,0.0010194241191294753,0.0010194241191294753,1,[188],[6297]
385,46,278,1124,0.0010205041191294689,1.079999999993586e-06,1,[188],[6232]
386,46,278,1124,0.0010216141191294623,1.109999999993408e-06,1,[188],[6243]
387,46,278,1125,0.00101640972469447,0.00101640972469447,1,[188],[6276]
388,46,278,1125,0.0010173797246944643,9.699999999942394e-07,1,[188],[6233]
389,46,278,1125,0.001018269724694459,8.899999999947145e-07,1,[188],[6263]
390,46,278,1125,0.0010193697246944525,1.0999999999934673e-06,1,[188],[6242]
391,46,278,1126,0.0010135724976388747,0.0010135724976388747,1,[188],[6267]
392,46,278,1126,0.0010145524976388689,9.7999999999418e-07,1,[188],[6284]
393,46,278,1126,0.0010154124976388638,8.599999999948926e-07,1,[188],[6204]
394,46,278,1126,0.0010164724976388575,1.0599999999937049e-06,1,[188],[6267]
395,46,278,1127,0.0010108283880795857,0.0010108283880795857,1,[188],[6253]
396,46,278,1127,0.0010118583880795796,1.029999999993883e-06,1,[188],[6256]
397,46,278,1127,0.0010128283880795738,9.699999999942394e-07,1,[188],[6243]
398,46,278,1127,0.0010142883880795651,1.4599999999913293e-06,1,[188],[6263]
399,46,278,1128,0.0010082520390031048,0.0010082520390031048,3,"[188, 195, 196]","[6143, 1, 132]"
400,46,278,1128,0.0010094520390030977,1.1999999999928734e-06,1,[188],[6260]
401,46,278,1128,0.0010108120390030896,1.3599999999919232e-06,1,[188],[6232]
402,46,278,1129,0.0010056342712983233,0.0010056342712983233,4,"[188, 194, 195, 196]","[4882, 148, 143, 1112]"
403,46,278,1129,0.0010069542712983154,1.3199999999921608e-06,2,"[188, 196]","[4986, 1231]"
404,46,278,1130,0.0010038187879363976,0.0010038187879363976,4,"[188, 194, 195, 196]","[3967, 1123, 1181, 6]"
405,46,279,1127,0.0010119328096826136,0.0010119328096826136,1,[188],[6275]
406,46,279,1128,0.001008151015331783,0.001008151015331783,3,"[188, 194, 196]","[6061, 1, 204]"
407,46,279,1128,0.0010097910153317733,1.6399999999902604e-06,1,[188],[6234]
408,46,279,1129,0.0010046380621642897,0.0010046380621642897,4,"[188, 194, 195, 196]","[4580, 1047, 402, 223]"
409,46,279,1129,0.001005608062164284,9.699999999942394e-07,4,"[188, 194, 195, 196]","[4930, 63, 10, 1271]"
410,46,279,1129,0.0010064980621642787,8.899999999947145e-07,3,"[188, 195, 196]","[4850, 1, 1398]"
411,46,279,1129,0.0010079980621642698,1.4999999999910918e-06,2,"[188, 196]","[5824, 405]"
412,46,279,1130,0.0010020581442984765,0.0010020581442984765,3,"[188, 194, 195]","[5753, 407, 144]"
413,46,279,1130,0.0010027781442984722,7.199999999957241e-07,3,"[188, 194, 195]","[3793, 1753, 725]"
414,46,279,1130,0.0010032681442984693,4.8999999999709e-07,3,"[188, 194, 195]","[2903, 2416, 922]"
415,46,279,1130,0.0010037081442984667,4.399999999973869e-07,4,"[188, 194, 195, 196]","[2808, 2546, 879, 1]"
416,46,279,1130,0.0010042181442984637,5.099999999969712e-07,4,"[188, 194, 195, 196]","[3084, 2385, 743, 15]"
417,46,279,1130,0.0010051181442984583,8.999999999946551e-07,4,"[188, 194, 195, 196]","[4102, 1624, 337, 191]"
418,46,279,1131,0.000999382744610685,0.000999382744610685,1,[188],[6267]
419,46,279,1131,0.001000382744610679,9.999999999940612e-07,1,[188],[6244]
420,46,279,1131,0.0010013427446106734,9.599999999942987e-07,3,"[188, 194, 195]","[6247, 9, 1]"
421,46,279,1131,0.0010027027446106653,1.3599999999919232e-06,3,"[188, 194, 195]","[5726, 363, 149]"
422,46,279,1132,0.0009968449360751384,0.0009968449360751384,1,[188],[6268]
423,46,279,1132,0.000997934936075132,1.0899999999935267e-06,1,[188],[6232]
424,46,279,1132,0.0009990649360751252,1.1299999999932892e-06,1,[188],[6256]
425,46,279,1133,0.0009946085486188631,0.0009946085486188631,1,[188],[6279]
426,46,279,1133,0.0009960285486188547,1.419999999991567e-06,1,[188],[6245]
427,46,279,1134,0.0009929078318345439,0.0009929078318345439,1,[188],[6261]
428,46,280,1132,0.0009977340809644122,0.0009977340809644122,1,[188],[6253]
429,46,280,1133,0.0009940824315968087,0.0009940824315968087,1,[188],[6269]
430,46,280,1133,0.0009956724315967993,1.5899999999905573e-06,1,[188],[6235]
431,46,280,1134,0.000990976979852137,0.000990976979852137,1,[188],[6301]
432,46,280,1134,0.00099213697985213,1.159999999993111e-06,1,[188],[6200]
433,46,280,1134,0.0009934269798521223,1.289999999992339e-06,1,[188],[6260]
434,46,280,1135,0.0009879237943791856,0.0009879237943791856,1,[188],[6267]
435,46,280,1135,0.0009889237943791797,9.999999999940612e-07,1,[188],[6306]
436,46,280,1135,0.0009898337943791743,9.099999999945957e-07,1,[188],[6241]
437,46,280,1135,0.000991213794379166,1.3799999999918044e-06,1,[188],[6210]
438,46,280,1136,0.000985351493539651,0.000985351493539651,1,[188],[6283]
439,46,280,1136,0.0009864314935396446,1.079999999993586e-06,1,[188],[6217]
440,46,280,1136,0.000987521493539638,1.0899999999935267e-06,1,[188],[6275]
441,46,280,1137,0.0009832515718082933,0.0009832515718082933,1,[188],[6280]
442,46,280,1137,0.0009848915718082836,1.6399999999902604e-06,1,[188],[6236]
443,46,280,1138,0.0009825277431458354,0.0009825277431458354,1,[188],[6262]
444,46,281,1136,0.0009858859314530947,0.0009858859314530947,1,[188],[6269]
445,46,281,1137,0.000982141667329588,0.000982141667329588,1,[188],[6298]
446,46,281,1137,0.0009834016673295806,1.259999999992517e-06,1,[188],[6223]
447,46,281,1137,0.0009852216673295697,1.8199999999891914e-06,1,[188],[6248]
448,46,281,1138,0.0009790232423028198,0.0009790232423028198,1,[188],[6262]
449,46,281,1138,0.0009800432423028138,1.0199999999939424e-06,1,[188],[6240]
450,46,281,1138,0.000981023242302808,9.7999999999418e-07,1,[188],[6279]
451,46,281,1138,0.0009824132423027997,1.389999999991745e-06,1,[188],[6233]
452,46,281,1139,0.0009763041661599794,0.0009763041661599794,1,[188],[6275]
453,46,281,1139,0.000977324166159976,1.019999999996653e-06,1,[188],[6282]
454,46,281,1139,0.0009782641661599705,9.399999999944175e-07,1,[188],[6207]
455,46,281,1139,0.0009796541661599622,1.389999999991745e-06,1,[188],[6245]
456,46,281,1140,0.0009739638111518643,0.0009739638111518643,2,"[188, 193]","[6065, 224]"
457,46,281,1140,0.0009752238111518705,1.260000000006178e-06,1,[188],[6212]
458,46,281,1140,0.0009771038111518738,1.880000000003255e-06,1,[188],[6255]
459,46,281,1141,0.0009719381222252923,0.0009719381222252923,2,"[188, 193]","[4522, 1748]"
460,46,282,1139,0.0009780561258311928,0.0009780561258311928,2,"[188, 193]","[6253, 1]"
461,46,282,1140,0.0009732214538560427,0.0009732214538560427,2,"[188, 193]","[5141, 1116]"
462,46,282,1140,0.0009747614538560503,1.540000000007551e-06,2,"[188, 193]","[6274, 3]"
463,46,282,1141,0.0009702389128981018,0.0009702389128981018,2,"[188, 193]","[5630, 677]"
464,46,282,1141,0.0009709589128981054,7.200000000035303e-07,2,"[188, 193]","[3704, 2500]"
465,46,282,1141,0.0009715189128981081,5.600000000027458e-07,2,"[188, 193]","[3336, 2922]"
466,46,282,1141,0.0009721689128981113,6.500000000031871e-07,2,"[188, 193]","[3659, 2572]"
467,46,282,1141,0.0009735489128981181,1.3800000000067664e-06,2,"[188, 193]","[5295, 966]"
468,46,282,1142,0.0009675902983836669,0.0009675902983836669,1,[188],[6271]
469,46,282,1142,0.0009685902983836718,1.0000000000049032e-06,1,[188],[6275]
470,46,282,1142,0.0009695702983836766,9.800000000048052e-07,2,"[188, 193]","[6222, 9]"
471,46,282,1142,0.0009711302983836843,1.560000000007649e-06,2,"[188, 193]","[5638, 596]"
472,46,282,1143,0.0009652962323293879,0.0009652962323293879,1,[188],[6271]
473,46,282,1143,0.0009665062323293938,1.2100000000059329e-06,1,[188],[6258]
474,46,282,1143,0.0009682362323294023,1.7300000000084826e-06,1,[188],[6223]
475,46,282,1144,0.0009637118507783786,0.0009637118507783786,2,"[188, 192]","[6145, 107]"
476,46,283,1143,0.0009651959505701619,0.0009651959505701619,1,[188],[6266]
477,46,283,1143,0.0009681759505701765,2.9800000000146116e-06,1,[188],[6236]
478,46,283,1144,0.0009617257567200054,0.0009617257567200054,2,"[188, 192]","[5601, 670]"
479,46,283,1144,0.000962865756720011,1.1400000000055897e-06,2,"[188, 192]","[6246, 34]"
480,46,283,1144,0.0009641357567200172,1.270000000006227e-06,1,[188],[6206]
481,46,283,1145,0.00095884422798745,0.00095884422798745,2,"[188, 192]","[6270, 47]"
482,46,283,1145,0.0009597742279874546,9.3000000000456e-07,2,"[188, 192]","[5570, 641]"
483,46,283,1145,0.0009605142279874582,7.400000000036284e-07,2,"[188, 192]","[4686, 1603]"
484,46,283,1145,0.0009613842279874625,8.700000000042658e-07,2,"[188, 192]","[4537, 1674]"
485,46,283,1146,0.0009563063366227362,0.0009563063366227362,1,[188],[6309]
486,46,283,1146,0.0009573963366227415,1.0900000000053445e-06,1,[188],[6258]
487,46,283,1146,0.0009585363366227471,1.1400000000055897e-06,1,[188],[6204]
488,46,283,1147,0.0009542307233054008,0.0009542307233054008,1,[188],[6267]
489,46,283,1147,0.0009560007233054095,1.7700000000086787e-06,1,[188],[6246]
490,46,283,1148,0.0009536087026421717,0.0009536087026421717,1,[188],[6250]
491,46,284,1146,0.000956748423964864,0.000956748423964864,1,[188],[6266]
492,46,284,1147,0.0009530520947656543,0.0009530520947656543,1,[188],[6279]
493,46,284,1147,0.0009543020947656605,1.250000000006129e-06,1,[188],[6244]
494,46,284,1147,0.000956052094765669,1.7500000000085806e-06,1,[188],[6238]
495,46,284,1148,0.0009499817059460198,0.0009499817059460198,1,[188],[6281]
496,46,284,1148,0.0009509717059460246,9.900000000048542e-07,1,[188],[6242]
497,46,284,1148,0.0009519317059460293,9.60000000004707e-07,1,[188],[6278]
498,46,284,1148,0.0009533517059460363,1.4200000000069626e-06,1,[188],[6220]
499,46,284,1149,0.0009472439471207128,0.0009472439471207128,2,"[188, 191]","[6279, 7]"
500,46,284,1149,0.0009482639471207178,1.0200000000050013e-06,1,[188],[6248]
501,46,284,1149,0.0009492139471207224,9.500000000046581e-07,1,[188],[6218]
502,46,284,1149,0.0009506939471207297,1.4800000000072568e-06,1,[188],[6255]
503,46,284,1150,0.0009445758001006124,0.0009445758001006124,2,"[188, 191]","[4921, 1368]"
504,46,284,1150,0.0009458558001006187,1.2800000000062761e-06,2,"[188, 191]","[6150, 106]"
505,46,284,1150,0.0009472858001006257,1.4300000000070116e-06,1,[188],[6222]
506,46,284,1151,0.0009428355716972832,0.0009428355716972832,2,"[188, 191]","[6005, 273]"
507,46,284,1151,0.0009448555716972931,2.0200000000099045e-06,2,"[188, 191]","[4593, 1629]"
508,46,285,1149,0.0009492126414537558,0.0009492126414537558,2,"[188, 191]","[6243, 12]"
509,46,285,1150,0.0009440066866540718,0.0009440066866540718,2,"[188, 191]","[4713, 1539]"
510,46,285,1150,0.000945476686654079,1.4700000000072077e-06,2,"[188, 191]","[5719, 541]"
511,46,285,1151,0.0009408312478526012,0.0009408312478526012,1,[188],[6269]
512,46,285,1151,0.0009418612478526063,1.0300000000050503e-06,2,"[188, 191]","[6265, 14]"
513,46,285,1151,0.0009427312478526105,8.700000000042658e-07,2,"[188, 191]","[5894, 312]"
514,46,285,1151,0.0009436912478526153,9.60000000004707e-07,2,"[188, 191]","[5028, 1248]"
515,46,285,1152,0.0009377491943688194,0.0009377491943688194,2,"[188, 190]","[6158, 97]"
516,46,285,1152,0.000938689194368824,9.40000000004609e-07,1,[188],[6277]
517,46,285,1152,0.000939489194368828,8.000000000039226e-07,1,[188],[6243]
518,46,285,1152,0.0009403391943688321,8.500000000041677e-07,1,[188],[6282]
519,46,285,1152,0.0009417691943688391,1.4300000000070116e-06,1,[188],[6205]
520,46,285,1153,0.0009346162296873755,0.0009346162296873755,2,"[188, 190]","[3598, 2686]"
521,46,285,1153,0.0009355362296873801,9.20000000004511e-07,2,"[188, 190]","[4693, 1537]"
522,46,285,1153,0.0009364362296873845,9.000000000044129e-07,2,"[188, 190]","[6019, 259]"
523,46,285,1153,0.0009374162296873893,9.800000000048052e-07,2,"[188, 190]","[6203, 11]"
524,46,285,1153,0.0009394662296873993,2.0500000000100516e-06,1,[188],[6245]
525,46,285,1154,0.0009330400265074292,0.0009330400265074292,2,"[188, 190]","[6231, 37]"
526,46,285,1154,0.0009346000265074368,1.560000000007649e-06,2,"[188, 190]","[4820, 1453]"
527,46,285,1155,0.0009299179866622218,0.0009299179866622218,1,[188],[6264]
528,46,286,1153,0.0009348222303214454,0.0009348222303214454,2,"[188, 190]","[3591, 2673]"
529,46,286,1153,0.0009364922303214536,1.6700000000081884e-06,2,"[188, 190]","[5028, 1227]"
530,46,286,1154,0.0009313184949599073,0.0009313184949599073,1,[188],[6277]
531,46,286,1154,0.0009330484949599157,1.7300000000084826e-06,2,"[188, 190]","[6181, 59]"
532,46,286,1154,0.0009345784949599232,1.530000000007502e-06,2,"[188, 190]","[5009, 1259]"
533,46,286,1155,0.0009264302149424001,0.0009264302149424001,1,[188],[6251]
534,46,286,1155,0.0009277402149424066,1.3100000000064232e-06,1,[188],[6289]
535,46,286,1155,0.0009288202149424119,1.0800000000052955e-06,1,[188],[6236]
536,46,286,1155,0.0009299602149424175,1.1400000000055897e-06,1,[188],[6225]
537,46,286,1155,0.0009316602149424258,1.7000000000083355e-06,1,[188],[6255]
538,46,286,1156,0.0009218214515379489,0.0009218214515379489,1,[188],[6267]
539,46,286,1156,0.0009230814515379551,1.260000000006178e-06,1,[188],[6245]
540,46,286,1156,0.0009240914515379601,1.0100000000049522e-06,1,[188],[6243]
541,46,286,1156,0.0009251114515379651,1.0200000000050013e-06,1,[188],[6274]
542,46,286,1156,0.000926331451537971,1.220000000005982e-06,1,[188],[6254]
543,46,286,1156,0.0009296414515379873,3.3100000000162296e-06,1,[188],[6217]
544,46,286,1157,0.0009175124608374275,0.0009175124608374275,1,[188],[6261]
545,46,286,1157,0.0009188124608374338,1.3000000000063742e-06,1,[188],[6273]
546,46,286,1157,0.0009198824608374391,1.0700000000052464e-06,1,[188],[6230]
547,46,286,1157,0.0009210024608374446,1.1200000000054916e-06,1,[188],[6257]
548,46,286,1157,0.0009226124608374525,1.6100000000078942e-06,1,[188],[6253]
549,46,286,1158,0.000913434473982987,0.000913434473982987,1,[188],[6267]
550,46,286,1158,0.0009149044739829943,1.4700000000072077e-06,1,[188],[6247]
551,46,286,1158,0.0009162544739830009,1.3500000000066193e-06,1,[188],[6257]
552,46,286,1158,0.0009181344739830101,1.880000000009218e-06,1,[188],[6245]
553,46,286,1159,0.0009097125935554339,0.0009097125935554339,1,[188],[6261]
554,46,286,1159,0.0009117225935554437,2.0100000000098555e-06,1,[188],[6267]
555,46,286,1159,0.0009155325935554624,3.8100000000186813e-06,1,[188],[6228]
556,46,286,1160,0.0009067122595028533,0.0009067122595028533,3,"[3, 188, 189]","[35, 6167, 63]"
557,46,286,1161,0.0009043520357431994,0.0009043520357431994,3,"[3, 188, 189]","[2000, 3465, 785]"
558,46,287,1157,0.0009192600270785589,0.0009192600270785589,1,[188],[6255]
559,46,287,1158,0.0009133558679838458,0.0009133558679838458,1,[188],[6262]
560,46,287,1158,0.0009153358679838556,1.9800000000097084e-06,1,[188],[6256]
561,46,287,1158,0.0009195758679838763,4.24000000002079e-06,1,[188],[6233]
562,46,287,1159,0.0009081389989435982,0.0009081389989435982,1,[188],[6268]
563,46,287,1159,0.0009095989989436053,1.4600000000071587e-06,1,[188],[6246]
564,46,287,1159,0.0009109389989436119,1.3400000000065703e-06,1,[188],[6260]
565,46,287,1159,0.000912788998943621,1.850000000009071e-06,1,[188],[6243]
566,46,287,1160,0.0009031175799153897,0.0009031175799153897,3,"[3, 188, 189]","[367, 5337, 550]"
567,46,287,1160,0.0009044675799153964,1.3500000000066193e-06,1,[188],[6288]
568,46,287,1160,0.0009055575799154017,1.0900000000053445e-06,1,[188],[6258]
569,46,287,1160,0.000906637579915407,1.0800000000052955e-06,1,[188],[6209]
570,46,287,1160,0.0009081175799154143,1.4800000000072568e-06,1,[188],[6256]
571,46,287,1161,0.0008993470913189952,0.0008993470913189952,3,"[3, 188, 189]","[5359, 829, 76]"
572,46,287,1161,0.0008997470913189972,4.000000000019613e-07,3,"[3, 188, 189]","[5076, 1081, 246]"
573,46,287,1161,0.0009000470913189987,3.0000000000147097e-07,3,"[3, 188, 189]","[4625, 1161, 394]"
574,46,287,1161,0.000900327091319,2.800000000013729e-07,3,"[3, 188, 189]","[4266, 1411, 599]"
575,46,287,1161,0.0009006070913190014,2.800000000013729e-07,3,"[3, 188, 189]","[3719, 1602, 848]"
576,46,287,1161,0.0009009470913190031,3.400000000016671e-07,3,"[3, 188, 189]","[3100, 2058, 1101]"
577,46,287,1161,0.0009014070913190053,4.600000000022555e-07,3,"[3, 188, 189]","[2063, 2903, 1328]"
578,46,287,1161,0.0009021270913190089,7.200000000035303e-07,3,"[3, 188, 189]","[862, 4331, 1021]"
579,46,287,1161,0.0009033470913190148,1.220000000005982e-06,3,"[3, 188, 189]","[75, 5972, 170]"
580,46,287,1162,0.000899433437030404,0.000899433437030404,3,"[3, 188, 189]","[6053, 316, 17]"
581,46,287,1162,0.0008997634370304056,3.3000000000161806e-07,3,"[3, 188, 189]","[5949, 247, 33]"
582,46,287,1162,0.0009000034370304068,2.4000000000117677e-07,3,"[3, 188, 189]","[5969, 251, 34]"
583,46,287,1162,0.0009002134370304078,2.1000000000102968e-07,3,"[3, 188, 189]","[6104, 206, 37]"
584,46,287,1162,0.0009003934370304087,1.8000000000088258e-07,3,"[3, 188, 189]","[5792, 217, 58]"
585,46,287,1162,0.0009005734370304096,1.8000000000088258e-07,3,"[3, 188, 189]","[5966, 188, 71]"
586,46,287,1162,0.0009007534370304105,1.8000000000088258e-07,3,"[3, 188, 189]","[6011, 187, 98]"
587,46,287,1162,0.0009009534370304114,2.0000000000098064e-07,3,"[3, 188, 189]","[6143, 185, 101]"
588,46,287,1162,0.0009011634370304125,2.1000000000102968e-07,3,"[3, 188, 189]","[5764, 158, 108]"
589,46,287,1162,0.0009014334370304138,2.7000000000132387e-07,3,"[3, 188, 189]","[6033, 186, 106]"
590,46,287,1162,0.0009018234370304157,3.9000000000191225e-07,3,"[3, 188, 189]","[5868, 212, 120]"
591,46,287,1163,0.0009006902552460626,0.0009006902552460626,2,"[3, 188]","[6362, 2]"
592,46,287,1163,0.0009011202552460647,4.300000000021084e-07,1,[3],[6179]
593,46,287,1163,0.0009014602552460663,3.400000000016671e-07,1,[3],[6350]
594,46,287,1163,0.0009017702552460679,3.1000000000152e-07,1,[3],[6201]
595,46,287,1163,0.0009021102552460695,3.400000000016671e-07,1,[3],[6190]
596,46,287,1163,0.0009025702552460718,4.600000000022555e-07,1,[3],[6262]
597,46,287,1164,0.0009023035496266574,0.0009023035496266574,1,[3],[6308]
598,46,287,1164,0.0009029935496266607,6.900000000033832e-07,1,[3],[6242]
599,46,287,1164,0.0009039435496266654,9.500000000046581e-07,1,[3],[6236]
600,46,287,1165,0.0009053759935155055,0.0009053759935155055,1,[3],[6250]
601,46,288,1161,0.0009007669742961537,0.0009007669742961537,3,"[3, 188, 189]","[5109, 914, 250]"
602,46,288,1162,0.0009001704416826063,0.0009001704416826063,3,"[3, 188, 189]","[6158, 123, 16]"
603,46,288,1162,0.0009007004416826089,5.300000000025987e-07,3,"[3, 188, 189]","[6129, 72, 21]"
604,46,288,1162,0.0009012004416826114,5.000000000024516e-07,3,"[3, 188, 189]","[6198, 47, 28]"
605,46,288,1162,0.0009019104416826149,7.100000000034813e-07,3,"[3, 188, 189]","[6175, 42, 20]"
606,46,288,1163,0.0009009180917371204,0.0009009180917371204,1,[3],[6254]
607,46,288,1163,0.0009013580917371226,4.400000000021574e-07,1,[3],[6364]
608,46,288,1163,0.0009016880917371242,3.3000000000161806e-07,1,[3],[6268]
609,46,288,1163,0.0009019880917371257,3.0000000000147097e-07,1,[3],[6132]
610,46,288,1163,0.0009023180917371273,3.3000000000161806e-07,1,[3],[6348]
611,46,288,1163,0.0009027280917371293,4.100000000020103e-07,1,[3],[6269]
612,46,288,1163,0.0009035180917371332,7.900000000038735e-07,1,[3],[6127]
613,46,288,1164,0.0009019315552990564,0.0009019315552990564,1,[3],[6318]
614,46,288,1164,0.0009023315552990584,4.000000000019613e-07,1,[3],[6240]
615,46,288,1164,0.0009026215552990598,2.9000000000142193e-07,1,[3],[6241]
616,46,288,1164,0.0009028815552990611,2.6000000000127484e-07,1,[3],[6375]
617,46,288,1164,0.0009031115552990622,2.3000000000112774e-07,1,[3],[6087]
618,46,288,1164,0.0009033515552990634,2.4000000000117677e-07,1,[3],[6378]
619,46,288,1164,0.0009036115552990647,2.6000000000127484e-07,1,[3],[6242]
620,46,288,1164,0.0009039115552990661,3.0000000000147097e-07,1,[3],[6284]
621,46,288,1164,0.0009043715552990684,4.600000000022555e-07,1,[3],[6183]
622,46,288,1165,0.0009031299248454612,0.0009031299248454612,1,[3],[6361]
623,46,288,1165,0.0009035199248454631,3.9000000000191225e-07,1,[3],[6245]
624,46,288,1165,0.0009037999248454645,2.800000000013729e-07,1,[3],[6193]
625,46,288,1165,0.0009040499248454657,2.500000000012258e-07,1,[3],[6492]
626,46,288,1165,0.0009042799248454668,2.3000000000112774e-07,1,[3],[6125]
627,46,288,1165,0.000904509924845468,2.3000000000112774e-07,1,[3],[6236]
628,46,288,1165,0.0009047699248454692,2.6000000000127484e-07,1,[3],[6207]
629,46,288,1165,0.0009050699248454707,3.0000000000147097e-07,1,[3],[6149]
630,46,288,1165,0.000905539924845473,4.700000000023045e-07,1,[3],[6243]
631,46,288,1166,0.0009044345640528891,0.0009044345640528891,1,[3],[6256]
632,46,288,1166,0.0009048845640528913,4.5000000000220645e-07,1,[3],[6344]
633,46,288,1166,0.0009052145640528929,3.3000000000161806e-07,1,[3],[6216]
634,46,288,1166,0.0009055245640528945,3.1000000000152e-07,1,[3],[6299]
635,46,288,1166,0.000905844564052896,3.2000000000156903e-07,1,[3],[6300]
636,46,288,1166,0.0009062145640528978,3.700000000018142e-07,1,[3],[6132]
637,46,288,1166,0.0009068045640529007,5.900000000028929e-07,1,[3],[6235]
638,46,288,1167,0.0009059627061591426,0.0009059627061591426,1,[3],[6296]
639,46,288,1167,0.0009065227061591454,5.600000000027458e-07,1,[3],[6241]
640,46,288,1167,0.0009070227061591478,5.000000000024516e-07,1,[3],[6225]
641,46,288,1167,0.000907682706159151,6.600000000032361e-07,1,[3],[6300]
642,46,288,1168,0.0009078001741118258,0.0009078001741118258,2,"[1, 3]","[26, 6234]"
643,46,288,1168,0.0009089801741118316,1.1800000000057858e-06,2,"[1, 3]","[198, 6049]"
644,46,288,1169,0.000909667592833959,0.000909667592833959,3,"[1, 3, 8]","[3998, 2264, 2]"
645,46,288,1170,0.000909643588544848,0.000909643588544848,2,"[1, 3]","[6260, 6]"
646,46,288,1171,0.0009094215101828905,0.0009094215101828905,1,[1],[6270]
647,46,288,1172,0.0009093104787128908,0.0009093104787128908,1,[1],[6282]
648,46,288,1172,0.0009106904787128976,1.3800000000067664e-06,1,[1],[6221]
649,46,288,1173,0.0009091506247004489,0.0009091506247004489,1,[1],[6283]
650,46,288,1173,0.0009099006247004526,7.500000000036774e-07,1,[1],[6236]
651,46,288,1174,0.0009090250449505867,0.0009090250449505867,1,[1],[6345]
652,46,288,1174,0.0009095850449505894,5.600000000027458e-07,1,[1],[6195]
653,46,288,1174,0.0009106750449505948,1.0900000000053445e-06,1,[1],[6211]
654,46,288,1175,0.0009089209542639122,0.0009089209542639122,2,"[1, 2]","[6118, 136]"
655,46,288,1175,0.0009093809542639144,4.600000000022555e-07,2,"[1, 2]","[6078, 175]"
656,46,288,1175,0.0009098709542639168,4.900000000024026e-07,2,"[1, 2]","[6097, 182]"
657,46,288,1176,0.0009088387388653207,0.0009088387388653207,2,"[1, 2]","[5563, 724]"
658,46,288,1176,0.0009092487388653227,4.100000000020103e-07,2,"[1, 2]","[5530, 745]"
659,46,288,1176,0.0009096187388653246,3.700000000018142e-07,2,"[1, 2]","[5597, 762]"
660,46,288,1176,0.0009100587388653267,4.400000000021574e-07,2,"[1, 2]","[5401, 781]"
661,46,288,1177,0.0009089136493600104,0.0009089136493600104,2,"[1, 2]","[6222, 80]"
662,46,288,1177,0.0009093236493600125,4.100000000020103e-07,2,"[1, 2]","[6279, 50]"
663,46,288,1177,0.0009096836493600142,3.6000000000176516e-07,2,"[1, 2]","[6084, 65]"
664,46,288,1177,0.0009101436493600165,4.600000000022555e-07,2,"[1, 2]","[6228, 53]"
665,46,288,1178,0.0009089745429605168,0.0009089745429605168,1,[1],[6341]
666,46,288,1178,0.0009093645429605187,3.9000000000191225e-07,1,[1],[6161]
667,46,288,1178,0.0009097245429605205,3.6000000000176516e-07,1,[1],[6357]
668,46,288,1178,0.0009101445429605226,4.2000000000205935e-07,1,[1],[6220]
669,46,288,1179,0.0009090663885170931,0.0009090663885170931,1,[1],[6352]
670,46,288,1179,0.000909456388517095,3.9000000000191225e-07,1,[1],[6210]
671,46,288,1179,0.0009097863885170966,3.3000000000161806e-07,1,[1],[6296]
672,46,288,1179,0.0009101563885170984,3.700000000018142e-07,1,[1],[6160]
673,46,288,1179,0.0009110463885171028,8.900000000043639e-07,1,[1],[6247]
674,46,288,1180,0.000909122492752635,0.000909122492752635,1,[1],[6291]
675,46,288,1180,0.0009095024927526368,3.800000000018632e-07,1,[1],[6378]
676,46,288,1180,0.0009098124927526384,3.1000000000152e-07,1,[1],[6162]
677,46,288,1180,0.00091015249275264,3.400000000016671e-07,1,[1],[6187]
678,46,288,1180,0.0009106824927526426,5.300000000025987e-07,1,[1],[6307]
679,46,288,1181,0.0009092277282092603,0.0009092277282092603,1,[1],[6356]
680,46,288,1181,0.0009095977282092621,3.700000000018142e-07,1,[1],[6150]
681,46,288,1181,0.0009099177282092637,3.2000000000156903e-07,1,[1],[6340]
682,46,288,1181,0.0009102477282092653,3.3000000000161806e-07,1,[1],[6269]
683,46,288,1181,0.0009107477282092678,5.000000000024516e-07,1,[1],[6197]
684,46,288,1182,0.0009093249831522696,0.0009093249831522696,1,[1],[6387]
685,46,288,1182,0.0009097049831522715,3.800000000018632e-07,1,[1],[6202]
686,46,288,1182,0.0009100249831522731,3.2000000000156903e-07,1,[1],[6224]
687,46,288,1182,0.0009103549831522747,3.3000000000161806e-07,1,[1],[6270]
688,46,288,1182,0.0009108649831522772,5.100000000025006e-07,1,[1],[6214]
689,46,288,1183,0.0009093796857065329,0.0009093796857065329,1,[1],[6305]
690,46,288,1183,0.0009097596857065347,3.800000000018632e-07,1,[1],[6340]
691,46,288,1183,0.0009100796857065363,3.2000000000156903e-07,1,[1],[6249]
692,46,288,1183,0.0009104096857065379,3.3000000000161806e-07,1,[1],[6238]
693,46,288,1183,0.0009108696857065402,4.600000000022555e-07,1,[1],[6148]
694,46,288,1184,0.0009094629738790476,0.0009094629738790476,1,[1],[6317]
695,46,288,1184,0.0009098429738790495,3.800000000018632e-07,1,[1],[6197]
696,46,288,1184,0.000910162973879051,3.2000000000156903e-07,1,[1],[6293]
697,46,288,1184,0.0009105129738790527,3.500000000017161e-07,1,[1],[6287]
698,46,288,1184,0.0009110529738790554,5.400000000026477e-07,1,[1],[6212]
699,46,288,1185,0.0009095327508697219,0.0009095327508697219,1,[1],[6364]
700,46,288,1185,0.0009099127508697237,3.800000000018632e-07,1,[1],[6174]
701,46,288,1185,0.0009102427508697254,3.3000000000161806e-07,1,[1],[6342]
702,46,288,1185,0.0009106027508697271,3.6000000000176516e-07,1,[1],[6244]
703,46,288,1185,0.0009112127508697301,6.10000000002991e-07,1,[1],[6143]
704,46,288,1186,0.0009095557412357085,0.0009095557412357085,1,[1],[6354]
705,46,288,1186,0.0009099357412357104,3.800000000018632e-07,1,[1],[6267]
706,46,288,1186,0.0009102557412357119,3.2000000000156903e-07,1,[1],[6234]
707,46,288,1186,0.0009105957412357136,3.400000000016671e-07,1,[1],[6250]
708,46,288,1186,0.0009111657412357164,5.700000000027948e-07,1,[1],[6159]
709,46,288,1187,0.0009095764669903328,0.0009095764669903328,1,[1],[6316]
710,46,288,1187,0.0009099664669903348,3.9000000000191225e-07,1,[1],[6333]
711,46,288,1187,0.0009102964669903364,3.3000000000161806e-07,1,[1],[6241]
712,46,288,1187,0.0009106564669903381,3.6000000000176516e-07,1,[1],[6141]
713,46,288,1187,0.0009113164669903414,6.600000000032361e-07,1,[1],[6256]
714,46,288,1188,0.000909975446245427,0.000909975446245427,1,[1],[6267]
715,46,288,1188,0.0009106254462454302,6.500000000031871e-07,1,[1],[6246]
716,46,289,1162,0.0009315554025935797,0.0009315554025935797,2,"[3, 164]","[131, 6124]"
717,46,289,1162,0.0009335854025935897,2.0300000000099535e-06,1,[164],[6245]
718,46,289,1163,0.0009324159248673495,0.0009324159248673495,2,"[3, 164]","[661, 5609]"
719,46,289,1165,0.0009047107289312689,0.0009047107289312689,1,[3],[6300]
720,46,289,1166,0.0009051746562737875,0.0009051746562737875,1,[3],[6307]
721,46,289,1166,0.0009057746562737904,6.000000000029419e-07,1,[3],[6244]
722,46,289,1166,0.0009063746562737934,6.000000000029419e-07,1,[3],[6213]
723,46,289,1166,0.0009086846562738047,2.3100000000113264e-06,1,[3],[6237]
724,46,289,1167,0.0009060537328743508,0.0009060537328743508,1,[3],[6264]
725,46,289,1167,0.0009065337328743532,4.800000000023535e-07,1,[3],[6358]
726,46,289,1167,0.0009069237328743551,3.9000000000191225e-07,1,[3],[6286]
727,46,289,1167,0.0009072937328743569,3.700000000018142e-07,1,[3],[6222]
728,46,289,1167,0.000907733732874359,4.400000000021574e-07,2,"[1, 3]","[1, 6178]"
729,46,289,1167,0.0009085637328743631,8.300000000040697e-07,2,"[1, 3]","[1, 6192]"
730,46,289,1168,0.0009072005495259225,0.0009072005495259225,2,"[1, 3]","[4, 6325]"
731,46,289,1168,0.0009076405495259247,4.400000000021574e-07,3,"[1, 3, 8]","[38, 6138, 1]"
732,46,289,1168,0.0009079805495259264,3.400000000016671e-07,2,"[1, 3]","[103, 6225]"
733,46,289,1168,0.0009082805495259278,3.0000000000147097e-07,2,"[1, 3]","[202, 6090]"
734,46,289,1168,0.0009085705495259292,2.9000000000142193e-07,3,"[1, 3, 8]","[354, 5806, 1]"
735,46,289,1168,0.0009089105495259309,3.400000000016671e-07,3,"[1, 3, 8]","[580, 5792, 4]"
736,46,289,1168,0.0009093505495259331,4.400000000021574e-07,3,"[1, 3, 8]","[932, 5163, 6]"
737,46,289,1169,0.0009082735601130385,0.0009082735601130385,3,"[1, 3, 8]","[2883, 3419, 3]"
738,46,289,1169,0.0009086535601130404,3.800000000018632e-07,3,"[1, 3, 8]","[3902, 2435, 2]"
739,46,289,1169,0.0009089435601130418,2.9000000000142193e-07,3,"[1, 3, 8]","[4361, 1953, 9]"
740,46,289,1169,0.0009092035601130431,2.6000000000127484e-07,3,"[1, 3, 8]","[4483, 1678, 3]"
741,46,289,1169,0.0009094835601130445,2.800000000013729e-07,3,"[1, 3, 8]","[4795, 1416, 4]"
742,46,289,1169,0.0009098535601130463,3.700000000018142e-07,3,"[1, 3, 8]","[5006, 1193, 5]"
743,46,289,1170,0.0009085506799967261,0.0009085506799967261,2,"[1, 3]","[6269, 32]"
744,46,289,1170,0.0009089106799967278,3.6000000000176516e-07,2,"[1, 3]","[6206, 29]"
745,46,289,1170,0.0009092006799967293,2.9000000000142193e-07,2,"[1, 3]","[6311, 21]"
746,46,289,1170,0.0009094806799967306,2.800000000013729e-07,2,"[1, 3]","[6246, 14]"
747,46,289,1170,0.0009098106799967323,3.3000000000161806e-07,2,"[1, 3]","[6276, 11]"
748,46,289,1170,0.0009104306799967353,6.2000000000304e-07,2,"[1, 3]","[6120, 9]"
749,46,289,1171,0.0009086392896901222,0.0009086392896901222,1,[1],[6263]
750,46,289,1171,0.000909009289690124,3.700000000018142e-07,1,[1],[6434]
751,46,289,1171,0.0009092892896901254,2.800000000013729e-07,1,[1],[6116]
752,46,289,1171,0.0009095692896901268,2.800000000013729e-07,1,[1],[6257]
753,46,289,1171,0.0009099192896901285,3.500000000017161e-07,1,[1],[6186]
754,46,289,1171,0.0009109392896901335,1.0200000000050013e-06,1,[1],[6252]
755,46,289,1172,0.0009087327061767042,0.0009087327061767042,1,[1],[6266]
756,46,289,1172,0.0009091227061767061,3.9000000000191225e-07,1,[1],[6239]
757,46,289,1172,0.0009094527061767078,3.3000000000161806e-07,1,[1],[6392]
758,46,289,1172,0.0009098027061767095,3.500000000017161e-07,1,[1],[6236]
759,46,289,1172,0.0009103927061767124,5.900000000028929e-07,1,[1],[6144]
760,46,289,1173,0.000908785849118313,0.000908785849118313,1,[1],[6251]
761,46,289,1173,0.0009091958491183151,4.100000000020103e-07,1,[1],[6389]
762,46,289,1173,0.0009095558491183168,3.6000000000176516e-07,1,[1],[6267]
763,46,289,1173,0.000910005849118319,4.5000000000220645e-07,1,[1],[6138]
764,46,289,1174,0.0009088628309740742,0.0009088628309740742,1,[1],[6336]
765,46,289,1174,0.0009093228309740765,4.600000000022555e-07,1,[1],[6252]
766,46,289,1174,0.0009097528309740786,4.300000000021084e-07,1,[1],[6166]
767,46,289,1174,0.0009106728309740831,9.20000000004511e-07,2,"[1, 2]","[6260, 1]"
768,46,289,1175,0.0009089523795722749,0.0009089523795722749,2,"[1, 2]","[6213, 124]"
769,46,289,1175,0.0009094423795722773,4.900000000024026e-07,2,"[1, 2]","[6134, 144]"
770,46,289,1175,0.0009099823795722799,5.400000000026477e-07,2,"[1, 2]","[6029, 139]"
771,46,289,1176,0.0009090411609754078,0.0009090411609754078,2,"[1, 2]","[5592, 727]"
772,46,289,1176,0.0009095711609754104,5.300000000025987e-07,2,"[1, 2]","[5521, 777]"
773,46,289,1176,0.0009102611609754138,6.900000000033832e-07,2,"[1, 2]","[5358, 815]"
774,46,289,1177,0.0009092670908391768,0.0009092670908391768,2,"[1, 2]","[6243, 87]"
775,46,289,1177,0.0009099870908391804,7.200000000035303e-07,2,"[1, 2]","[6146, 96]"
776,46,289,1178,0.0009094657608962666,0.0009094657608962666,1,[1],[6303]
777,46,289,1178,0.0009104857608962716,1.0200000000050013e-06,1,[1],[6220]
778,46,289,1179,0.0009097312082333097,0.0009097312082333097,1,[1],[6300]
779,46,289,1180,0.0009100239840049864,0.0009100239840049864,1,[1],[6287]
780,46,289,1181,0.0009105137663422559,0.0009105137663422559,1,[1],[6253]
781,46,290,1162,0.0009297011431835532,0.0009297011431835532,1,[164],[6281]
782,46,290,1162,0.0009303011431835562,6.000000000029419e-07,1,[164],[6256]
783,46,290,1162,0.0009309511431835594,6.500000000031871e-07,1,[164],[6215]
784,46,290,1162,0.0009317611431835633,8.100000000039716e-07,1,[164],[6256]
785,46,290,1162,0.0009325211431835671,7.600000000037264e-07,1,[164],[6333]
786,46,290,1162,0.0009333411431835711,8.200000000040206e-07,1,[164],[6208]
787,46,290,1163,0.0009315168400618677,0.0009315168400618677,1,[164],[6272]
788,46,290,1163,0.0009333368400618766,1.8200000000089239e-06,1,[164],[6246]
789,46,311,1071,0.0006065482571190798,0.0006065482571190798,1,[268],[6289]
790,46,311,1071,0.0006071782571190829,6.30000000003089e-07,1,[268],[6272]
791,46,312,1071,0.0006057427452115843,0.0006057427452115843,1,[268],[6349]
792,46,312,1071,0.0006061527452115863,4.100000000020103e-07,1,[268],[6203]
793,46,312,1071,0.0006065727452115884,4.2000000000205935e-07,1,[268],[6225]
794,46,312,1071,0.0006073627452115923,7.900000000038735e-07,1,[268],[6237]
795,46,312,1072,0.0006065965706901799,0.0006065965706901799,1,[268],[6259]
