,event,pixel_x,pixel_y,reset_time,TSLR,nMCParticles,MC_TrackIDs,MC_Weights
0,89,288,1162,0.0009132830972075797,0.0009132830972075797,1,[1],[6269]
1,89,288,1163,0.0009128376308670002,0.0009128376308670002,1,[1],[6297]
2,89,288,1164,0.0009125535371801881,0.0009125535371801881,1,[1],[6319]
3,89,288,1164,0.0009138035371801942,1.250000000006129e-06,1,[1],[6193]
4,89,288,1165,0.0009122429104148849,0.0009122429104148849,1,[1],[6267]
5,89,288,1165,0.0009130529104148889,8.100000000039716e-07,1,[1],[6282]
6,89,288,1166,0.00091192522392706,0.00091192522392706,1,[1],[6302]
7,89,288,1166,0.0009125652239270631,6.400000000031381e-07,1,[1],[6212]
8,89,288,1167,0.0009115841711866234,0.0009115841711866234,1,[1],[6265]
9,89,288,1167,0.0009121641711866262,5.800000000028439e-07,1,[1],[6291]
10,89,288,1167,0.0009132641711866316,1.1000000000053935e-06,1,[1],[6204]
11,89,288,1168,0.0009112433666150023,0.0009112433666150023,2,"[1, 3]","[6231, 55]"
12,89,288,1168,0.0009117333666150047,4.900000000024026e-07,2,"[1, 3]","[6181, 51]"
13,89,288,1168,0.0009123033666150075,5.700000000027948e-07,2,"[1, 3]","[6239, 41]"
14,89,288,1169,0.0009109114807259386,0.0009109114807259386,2,"[1, 3]","[5735, 558]"
15,89,288,1169,0.0009113514807259407,4.400000000021574e-07,2,"[1, 3]","[5659, 556]"
16,89,288,1169,0.0009117714807259428,4.2000000000205935e-07,2,"[1, 3]","[5797, 593]"
17,89,288,1169,0.0009123914807259458,6.2000000000304e-07,2,"[1, 3]","[5621, 527]"
18,89,288,1170,0.0009107448374828907,0.0009107448374828907,2,"[1, 3]","[6216, 90]"
19,89,288,1170,0.0009111848374828928,4.400000000021574e-07,2,"[1, 3]","[6074, 120]"
20,89,288,1170,0.000911624837482895,4.400000000021574e-07,2,"[1, 3]","[6229, 136]"
21,89,288,1170,0.0009124048374828988,7.800000000038245e-07,2,"[1, 3]","[5979, 176]"
22,89,288,1171,0.0009105856271454693,0.0009105856271454693,2,"[1, 2]","[6259, 70]"
23,89,288,1171,0.0009109856271454713,4.000000000019613e-07,2,"[1, 2]","[6132, 59]"
24,89,288,1171,0.0009113556271454731,3.700000000018142e-07,2,"[1, 2]","[6249, 42]"
25,89,288,1171,0.0009118356271454755,4.800000000023535e-07,2,"[1, 2]","[6185, 53]"
26,89,288,1172,0.0009104335972405932,0.0009104335972405932,2,"[1, 2]","[5802, 483]"
27,89,288,1172,0.0009108135972405951,3.800000000018632e-07,2,"[1, 2]","[5718, 533]"
28,89,288,1172,0.0009111235972405966,3.1000000000152e-07,2,"[1, 2]","[5652, 647]"
29,89,288,1172,0.0009114535972405982,3.3000000000161806e-07,2,"[1, 2]","[5628, 656]"
30,89,288,1172,0.0009119335972406006,4.800000000023535e-07,2,"[1, 2]","[5477, 736]"
31,89,288,1173,0.0009103962960337886,0.0009103962960337886,2,"[1, 2]","[6238, 83]"
32,89,288,1173,0.0009107762960337904,3.800000000018632e-07,2,"[1, 2]","[6066, 118]"
33,89,288,1173,0.0009111162960337921,3.400000000016671e-07,2,"[1, 2]","[6235, 127]"
34,89,288,1173,0.0009114662960337938,3.500000000017161e-07,2,"[1, 2]","[6048, 168]"
35,89,288,1173,0.0009121362960337971,6.700000000032852e-07,2,"[1, 2]","[6004, 185]"
36,89,288,1174,0.0009103155701401413,0.0009103155701401413,1,[1],[6280]
37,89,288,1174,0.0009107155701401433,4.000000000019613e-07,1,[1],[6387]
38,89,288,1174,0.0009110355701401449,3.2000000000156903e-07,1,[1],[6107]
39,89,288,1174,0.0009114055701401467,3.700000000018142e-07,1,[1],[6337]
40,89,288,1174,0.0009120955701401501,6.900000000033832e-07,1,[1],[6140]
41,89,288,1175,0.0009102081572394618,0.0009102081572394618,1,[1],[6295]
42,89,288,1175,0.0009105981572394637,3.9000000000191225e-07,1,[1],[6302]
43,89,288,1175,0.0009109181572394653,3.2000000000156903e-07,1,[1],[6256]
44,89,288,1175,0.000911268157239467,3.500000000017161e-07,1,[1],[6258]
45,89,288,1175,0.0009118381572394698,5.700000000027948e-07,1,[1],[6145]
46,89,288,1176,0.0009101349928564201,0.0009101349928564201,1,[1],[6392]
47,89,288,1176,0.0009105049928564219,3.700000000018142e-07,1,[1],[6177]
48,89,288,1176,0.0009108149928564234,3.1000000000152e-07,1,[1],[6290]
49,89,288,1176,0.0009111249928564249,3.1000000000152e-07,1,[1],[6261]
50,89,288,1176,0.000911554992856427,4.300000000021084e-07,1,[1],[6181]
51,89,288,1177,0.0009100502298282647,0.0009100502298282647,1,[1],[6314]
52,89,288,1177,0.0009104202298282666,3.700000000018142e-07,1,[1],[6214]
53,89,288,1177,0.000910720229828268,3.0000000000147097e-07,1,[1],[6257]
54,89,288,1177,0.0009110202298282695,3.0000000000147097e-07,1,[1],[6219]
55,89,288,1177,0.0009114202298282715,4.000000000019613e-07,1,[1],[6360]
56,89,288,1178,0.0009099987106449392,0.0009099987106449392,1,[1],[6370]
57,89,288,1178,0.0009103687106449411,3.700000000018142e-07,1,[1],[6342]
58,89,288,1178,0.0009106587106449425,2.9000000000142193e-07,1,[1],[6100]
59,89,288,1178,0.000910958710644944,3.0000000000147097e-07,1,[1],[6269]
60,89,288,1178,0.0009113387106449458,3.800000000018632e-07,1,[1],[6209]
61,89,288,1179,0.0009099974134306908,0.0009099974134306908,1,[1],[6257]
62,89,288,1179,0.0009103774134306926,3.800000000018632e-07,1,[1],[6297]
63,89,288,1179,0.0009106974134306942,3.2000000000156903e-07,1,[1],[6356]
64,89,288,1179,0.0009110174134306958,3.2000000000156903e-07,1,[1],[6184]
65,89,288,1179,0.0009115074134306982,4.900000000024026e-07,1,[1],[6219]
66,89,288,1180,0.000909949252820619,0.000909949252820619,1,[1],[6298]
67,89,288,1180,0.0009103292528206209,3.800000000018632e-07,1,[1],[6364]
68,89,288,1180,0.0009106392528206224,3.1000000000152e-07,1,[1],[6164]
69,89,288,1180,0.000910969252820624,3.3000000000161806e-07,1,[1],[6310]
70,89,288,1180,0.0009114592528206264,4.900000000024026e-07,1,[1],[6191]
71,89,288,1181,0.0009099225719467914,0.0009099225719467914,1,[1],[6359]
72,89,288,1181,0.0009103025719467933,3.800000000018632e-07,1,[1],[6258]
73,89,288,1181,0.0009106225719467949,3.2000000000156903e-07,1,[1],[6293]
74,89,288,1181,0.0009109625719467965,3.400000000016671e-07,1,[1],[6147]
75,89,288,1181,0.0009115325719467993,5.700000000027948e-07,1,[1],[6234]
76,89,288,1182,0.0009098539643918252,0.0009098539643918252,1,[1],[6267]
77,89,288,1182,0.0009102539643918271,4.000000000019613e-07,1,[1],[6373]
78,89,288,1182,0.0009105739643918287,3.2000000000156903e-07,1,[1],[6130]
79,89,288,1182,0.0009109439643918305,3.700000000018142e-07,1,[1],[6353]
80,89,288,1182,0.0009116039643918337,6.600000000032361e-07,1,[1],[6127]
81,89,288,1183,0.0009097777311471183,0.0009097777311471183,1,[1],[6359]
82,89,288,1183,0.0009101677311471202,3.9000000000191225e-07,1,[1],[6305]
83,89,288,1183,0.0009104877311471218,3.2000000000156903e-07,1,[1],[6137]
84,89,288,1183,0.0009108477311471235,3.6000000000176516e-07,1,[1],[6280]
85,89,288,1183,0.0009114877311471267,6.400000000031381e-07,1,[1],[6204]
86,89,288,1184,0.0009096768883212059,0.0009096768883212059,1,[1],[6311]
87,89,288,1184,0.0009100768883212078,4.000000000019613e-07,1,[1],[6363]
88,89,288,1184,0.0009103968883212094,3.2000000000156903e-07,1,[1],[6131]
89,89,288,1184,0.0009107668883212112,3.700000000018142e-07,1,[1],[6336]
90,89,288,1184,0.0009114268883212145,6.600000000032361e-07,1,[1],[6133]
91,89,288,1185,0.0009096313612913256,0.0009096313612913256,1,[1],[6269]
92,89,288,1185,0.0009100113612913274,3.800000000018632e-07,1,[1],[6235]
93,89,288,1185,0.000910331361291329,3.2000000000156903e-07,1,[1],[6370]
94,89,288,1185,0.0009106713612913307,3.400000000016671e-07,1,[1],[6177]
95,89,288,1185,0.0009112213612913334,5.500000000026968e-07,1,[1],[6217]
96,89,288,1186,0.0009096010846470426,0.0009096010846470426,1,[1],[6327]
97,89,288,1186,0.0009099810846470445,3.800000000018632e-07,1,[1],[6207]
98,89,288,1186,0.0009103010846470461,3.2000000000156903e-07,1,[1],[6352]
99,89,288,1186,0.0009106310846470477,3.3000000000161806e-07,1,[1],[6163]
100,89,288,1186,0.0009111410846470502,5.100000000025006e-07,1,[1],[6250]
101,89,288,1187,0.0009096011618428185,0.0009096011618428185,1,[1],[6346]
102,89,288,1187,0.0009099911618428204,3.9000000000191225e-07,1,[1],[6315]
103,89,288,1187,0.0009103111618428219,3.2000000000156903e-07,1,[1],[6176]
104,89,288,1187,0.0009106511618428236,3.400000000016671e-07,1,[1],[6217]
105,89,288,1187,0.0009112111618428263,5.600000000027458e-07,1,[1],[6198]
106,89,288,1188,0.0009099672041898469,0.0009099672041898469,1,[1],[6314]
107,89,288,1188,0.00091060720418985,6.400000000031381e-07,1,[1],[6224]
108,89,289,1154,0.0009138206429771622,0.0009138206429771622,2,"[1, 5]","[5851, 428]"
109,89,289,1154,0.0009144406429771652,6.2000000000304e-07,2,"[1, 5]","[5610, 623]"
110,89,289,1155,0.0009131095423023695,0.0009131095423023695,2,"[1, 5]","[6275, 25]"
111,89,289,1155,0.0009134995423023714,3.9000000000191225e-07,2,"[1, 5]","[6302, 47]"
112,89,289,1155,0.0009137995423023729,3.0000000000147097e-07,2,"[1, 5]","[6130, 52]"
113,89,289,1155,0.0009140895423023743,2.9000000000142193e-07,2,"[1, 5]","[6134, 93]"
114,89,289,1155,0.0009144495423023761,3.6000000000176516e-07,2,"[1, 5]","[6092, 139]"
115,89,289,1155,0.0009152595423023801,8.100000000039716e-07,2,"[1, 5]","[5984, 243]"
116,89,289,1156,0.0009127005887068773,0.0009127005887068773,1,[1],[6372]
117,89,289,1156,0.0009130705887068791,3.700000000018142e-07,1,[1],[6330]
118,89,289,1156,0.0009133605887068805,2.9000000000142193e-07,1,[1],[6119]
119,89,289,1156,0.000913650588706882,2.9000000000142193e-07,1,[1],[6376]
120,89,289,1156,0.0009139705887068835,3.2000000000156903e-07,2,"[1, 5]","[6089, 1]"
121,89,289,1156,0.0009145605887068864,5.900000000028929e-07,2,"[1, 5]","[6263, 1]"
122,89,289,1157,0.0009123512128390251,0.0009123512128390251,1,[1],[6350]
123,89,289,1157,0.0009127012128390268,3.500000000017161e-07,1,[1],[6322]
124,89,289,1157,0.0009129712128390281,2.7000000000132387e-07,1,[1],[6246]
125,89,289,1157,0.0009132312128390294,2.6000000000127484e-07,1,[1],[6263]
126,89,289,1157,0.0009135112128390308,2.800000000013729e-07,1,[1],[6167]
127,89,289,1157,0.0009139212128390328,4.100000000020103e-07,1,[1],[6235]
128,89,289,1158,0.0009121430970935937,0.0009121430970935937,1,[1],[6294]
129,89,289,1158,0.0009124830970935954,3.400000000016671e-07,1,[1],[6241]
130,89,289,1158,0.0009127530970935967,2.7000000000132387e-07,1,[1],[6430]
131,89,289,1158,0.0009130030970935979,2.500000000012258e-07,1,[1],[6242]
132,89,289,1158,0.0009132630970935992,2.6000000000127484e-07,1,[1],[6121]
133,89,289,1158,0.0009136030970936009,3.400000000016671e-07,1,[1],[6288]
134,89,289,1159,0.000912056755303235,0.000912056755303235,1,[1],[6384]
135,89,289,1159,0.0009123867553032366,3.3000000000161806e-07,1,[1],[6207]
136,89,289,1159,0.0009126367553032378,2.500000000012258e-07,1,[1],[6354]
137,89,289,1159,0.0009128667553032389,2.3000000000112774e-07,1,[1],[6197]
138,89,289,1159,0.00091309675530324,2.3000000000112774e-07,1,[1],[6183]
139,89,289,1159,0.0009133767553032414,2.800000000013729e-07,1,[1],[6193]
140,89,289,1159,0.0009138467553032437,4.700000000023045e-07,1,[1],[6244]
141,89,289,1160,0.0009120421370284824,0.0009120421370284824,1,[1],[6349]
142,89,289,1160,0.000912372137028484,3.3000000000161806e-07,1,[1],[6201]
143,89,289,1160,0.0009126221370284852,2.500000000012258e-07,1,[1],[6360]
144,89,289,1160,0.0009128421370284863,2.200000000010787e-07,1,[1],[6114]
145,89,289,1160,0.0009130721370284874,2.3000000000112774e-07,1,[1],[6336]
146,89,289,1160,0.0009133421370284887,2.7000000000132387e-07,1,[1],[6309]
147,89,289,1160,0.0009137321370284907,3.9000000000191225e-07,1,[1],[6122]
148,89,289,1161,0.0009120603484377622,0.0009120603484377622,1,[1],[6301]
149,89,289,1161,0.0009124003484377638,3.400000000016671e-07,1,[1],[6359]
150,89,289,1161,0.0009126503484377651,2.500000000012258e-07,1,[1],[6267]
151,89,289,1161,0.0009128803484377662,2.3000000000112774e-07,1,[1],[6278]
152,89,289,1161,0.0009131203484377674,2.4000000000117677e-07,1,[1],[6250]
153,89,289,1161,0.0009133903484377687,2.7000000000132387e-07,1,[1],[6070]
154,89,289,1161,0.000913850348437771,4.600000000022555e-07,1,[1],[6254]
155,89,289,1162,0.0009120495643057435,0.0009120495643057435,1,[1],[6297]
156,89,289,1162,0.0009123895643057451,3.400000000016671e-07,1,[1],[6222]
157,89,289,1162,0.0009126495643057464,2.6000000000127484e-07,1,[1],[6287]
158,89,289,1162,0.0009128895643057476,2.4000000000117677e-07,1,[1],[6264]
159,89,289,1162,0.0009131395643057488,2.500000000012258e-07,1,[1],[6252]
160,89,289,1162,0.0009134495643057503,3.1000000000152e-07,1,[1],[6260]
161,89,289,1162,0.0009140695643057534,6.2000000000304e-07,1,[1],[6187]
162,89,289,1163,0.0009120003500971208,0.0009120003500971208,1,[1],[6383]
163,89,289,1163,0.0009123403500971225,3.400000000016671e-07,1,[1],[6293]
164,89,289,1163,0.0009126003500971238,2.6000000000127484e-07,1,[1],[6098]
165,89,289,1163,0.000912850350097125,2.500000000012258e-07,1,[1],[6363]
166,89,289,1163,0.0009131103500971263,2.6000000000127484e-07,1,[1],[6193]
167,89,289,1163,0.000913460350097128,3.500000000017161e-07,1,[1],[6272]
168,89,289,1164,0.0009118852841120052,0.0009118852841120052,1,[1],[6251]
169,89,289,1164,0.0009122352841120069,3.500000000017161e-07,1,[1],[6345]
170,89,289,1164,0.0009125052841120082,2.7000000000132387e-07,1,[1],[6324]
171,89,289,1164,0.0009127552841120094,2.500000000012258e-07,1,[1],[6118]
172,89,289,1164,0.0009130352841120108,2.800000000013729e-07,1,[1],[6220]
173,89,289,1164,0.0009134252841120127,3.9000000000191225e-07,1,[1],[6285]
174,89,289,1165,0.0009117178256134104,0.0009117178256134104,1,[1],[6281]
175,89,289,1165,0.0009120778256134121,3.6000000000176516e-07,1,[1],[6288]
176,89,289,1165,0.0009123578256134135,2.800000000013729e-07,1,[1],[6220]
177,89,289,1165,0.0009126378256134149,2.800000000013729e-07,1,[1],[6230]
178,89,289,1165,0.0009129678256134165,3.3000000000161806e-07,1,[1],[6237]
179,89,289,1165,0.0009135778256134195,6.10000000002991e-07,1,[1],[6293]
180,89,289,1166,0.000911528599748101,0.000911528599748101,1,[1],[6287]
181,89,289,1166,0.0009119085997481029,3.800000000018632e-07,1,[1],[6271]
182,89,289,1166,0.0009122185997481044,3.1000000000152e-07,1,[1],[6291]
183,89,289,1166,0.000912538599748106,3.2000000000156903e-07,1,[1],[6190]
184,89,289,1166,0.0009129885997481082,4.5000000000220645e-07,1,[1],[6250]
185,89,289,1167,0.000911337606921536,0.000911337606921536,1,[1],[6351]
186,89,289,1167,0.000911737606921538,4.000000000019613e-07,1,[1],[6274]
187,89,289,1167,0.0009120776069215397,3.400000000016671e-07,1,[1],[6166]
188,89,289,1167,0.0009124576069215415,3.800000000018632e-07,1,[1],[6256]
189,89,289,1167,0.0009132976069215457,8.400000000041187e-07,1,[1],[6221]
190,89,289,1168,0.0009110722365529897,0.0009110722365529897,2,"[1, 3]","[6219, 42]"
191,89,289,1168,0.0009114822365529917,4.100000000020103e-07,2,"[1, 3]","[6289, 37]"
192,89,289,1168,0.0009118422365529935,3.6000000000176516e-07,2,"[1, 3]","[6287, 28]"
193,89,289,1168,0.0009122522365529955,4.100000000020103e-07,2,"[1, 3]","[6127, 29]"
194,89,289,1169,0.0009108602575514462,0.0009108602575514462,2,"[1, 3]","[5745, 564]"
195,89,289,1169,0.0009112702575514482,4.100000000020103e-07,2,"[1, 3]","[5787, 529]"
196,89,289,1169,0.0009116202575514499,3.500000000017161e-07,2,"[1, 3]","[5678, 503]"
197,89,289,1169,0.000912050257551452,4.300000000021084e-07,2,"[1, 3]","[5756, 534]"
198,89,289,1170,0.000910794468152022,0.000910794468152022,2,"[1, 3]","[6156, 115]"
199,89,289,1170,0.0009112644681520243,4.700000000023045e-07,2,"[1, 3]","[6136, 119]"
200,89,289,1170,0.0009117644681520267,5.000000000024516e-07,2,"[1, 3]","[6132, 189]"
201,89,289,1171,0.0009107707958315576,0.0009107707958315576,2,"[1, 2]","[6226, 25]"
202,89,289,1171,0.0009113007958315602,5.300000000025987e-07,2,"[1, 2]","[6228, 26]"
203,89,289,1171,0.0009120307958315638,7.300000000035793e-07,3,"[1, 2, 3]","[6224, 37, 1]"
204,89,289,1172,0.000910774148538286,0.000910774148538286,2,"[1, 2]","[5790, 480]"
205,89,289,1172,0.0009113641485382889,5.900000000028929e-07,2,"[1, 2]","[5748, 551]"
206,89,289,1173,0.0009109187587162203,0.0009109187587162203,2,"[1, 2]","[6192, 131]"
207,89,289,1173,0.0009119087587162252,9.900000000048542e-07,2,"[1, 2]","[6013, 181]"
208,89,289,1174,0.0009110551659694729,0.0009110551659694729,1,[1],[6310]
209,89,289,1175,0.000911168404963121,0.000911168404963121,1,[1],[6281]
210,89,289,1176,0.0009113824056929761,0.0009113824056929761,1,[1],[6269]
211,89,289,1177,0.000911606371530558,0.000911606371530558,1,[1],[6261]
212,89,290,1154,0.0009135114313281435,0.0009135114313281435,2,"[1, 5]","[5278, 1032]"
213,89,290,1154,0.0009138914313281454,3.800000000018632e-07,2,"[1, 5]","[4922, 1415]"
214,89,290,1154,0.0009141914313281469,3.0000000000147097e-07,2,"[1, 5]","[4443, 1771]"
215,89,290,1154,0.0009145014313281484,3.1000000000152e-07,2,"[1, 5]","[4317, 1968]"
216,89,290,1154,0.0009148714313281502,3.700000000018142e-07,2,"[1, 5]","[3864, 2334]"
217,89,290,1154,0.0009159414313281555,1.0700000000052464e-06,2,"[1, 5]","[3181, 2985]"
218,89,290,1155,0.0009129759094869955,0.0009129759094869955,2,"[1, 5]","[6186, 107]"
219,89,290,1155,0.0009133059094869971,3.3000000000161806e-07,2,"[1, 5]","[6183, 235]"
220,89,290,1155,0.0009135359094869982,2.3000000000112774e-07,2,"[1, 5]","[5789, 293]"
221,89,290,1155,0.0009137459094869993,2.1000000000102968e-07,2,"[1, 5]","[6002, 464]"
222,89,290,1155,0.0009139359094870002,1.900000000009316e-07,2,"[1, 5]","[5648, 573]"
223,89,290,1155,0.0009141359094870012,2.0000000000098064e-07,2,"[1, 5]","[5702, 628]"
224,89,290,1155,0.0009143459094870022,2.1000000000102968e-07,2,"[1, 5]","[5265, 864]"
225,89,290,1155,0.0009146059094870035,2.6000000000127484e-07,2,"[1, 5]","[5083, 1164]"
226,89,290,1155,0.0009149959094870054,3.9000000000191225e-07,2,"[1, 5]","[4524, 1598]"
227,89,290,1156,0.0009127106984397535,0.0009127106984397535,1,[1],[6303]
228,89,290,1156,0.0009130806984397553,3.700000000018142e-07,1,[1],[6379]
229,89,290,1156,0.0009133606984397567,2.800000000013729e-07,1,[1],[6294]
230,89,290,1156,0.0009136206984397579,2.6000000000127484e-07,2,"[1, 5]","[6144, 2]"
231,89,290,1156,0.0009139206984397594,3.0000000000147097e-07,2,"[1, 5]","[6211, 10]"
232,89,290,1156,0.0009143606984397616,4.400000000021574e-07,2,"[1, 5]","[6170, 14]"
233,89,290,1157,0.0009125200355003085,0.0009125200355003085,1,[1],[6328]
234,89,290,1157,0.0009129300355003105,4.100000000020103e-07,1,[1],[6265]
235,89,290,1157,0.0009132800355003123,3.500000000017161e-07,1,[1],[6173]
236,89,290,1157,0.0009137000355003143,4.2000000000205935e-07,1,[1],[6329]
237,89,290,1158,0.0009124649057765332,0.0009124649057765332,1,[1],[6350]
238,89,290,1158,0.0009129349057765355,4.700000000023045e-07,1,[1],[6287]
239,89,290,1158,0.0009134249057765379,4.900000000024026e-07,1,[1],[6121]
240,89,290,1159,0.0009125559643160066,0.0009125559643160066,1,[1],[6319]
241,89,290,1159,0.0009131759643160097,6.2000000000304e-07,1,[1],[6271]
242,89,290,1160,0.0009128406452882151,0.0009128406452882151,1,[1],[6270]
243,89,290,1161,0.0009141498626141756,0.0009141498626141756,1,[1],[6250]
244,89,291,1154,0.0009151218604506252,0.0009151218604506252,2,"[1, 5]","[442, 5832]"
245,89,291,1155,0.0009145069484999451,0.0009145069484999451,2,"[1, 5]","[695, 5610]"
246,89,291,1155,0.0009151769484999484,6.700000000032852e-07,2,"[1, 5]","[116, 6098]"
247,89,292,1155,0.000914821378776019,0.000914821378776019,1,[5],[6258]
248,89,292,1155,0.000915421378776022,6.000000000029419e-07,1,[5],[6340]
249,89,292,1155,0.0009166713787760281,1.250000000006129e-06,1,[5],[6158]
250,89,293,1155,0.0009154252882691519,0.0009154252882691519,1,[5],[6299]
251,89,293,1155,0.0009168452882691589,1.4200000000069626e-06,1,[5],[6202]
252,89,293,1156,0.0009155719704730176,0.0009155719704730176,1,[5],[6274]
253,89,294,1156,0.0009155710502652318,0.0009155710502652318,1,[5],[6333]
254,89,294,1156,0.0009161610502652347,5.900000000028929e-07,1,[5],[6231]
255,89,294,1156,0.0009179410502652434,1.7800000000087277e-06,1,[5],[6190]
256,89,295,1156,0.0009159488922183362,0.0009159488922183362,1,[5],[6328]
257,89,295,1156,0.0009165988922183394,6.500000000031871e-07,2,"[5, 6]","[6201, 1]"
258,89,295,1157,0.0009169913289206589,0.0009169913289206589,2,"[5, 6]","[6252, 7]"
259,89,296,1156,0.0009168442659585708,0.0009168442659585708,2,"[5, 6]","[6136, 149]"
260,89,296,1157,0.0009163916127941208,0.0009163916127941208,2,"[5, 6]","[5715, 604]"
261,89,296,1157,0.000917041612794124,6.500000000031871e-07,2,"[5, 6]","[5306, 880]"
262,89,297,1157,0.0009164779155671842,0.0009164779155671842,2,"[5, 6]","[4257, 2097]"
263,89,297,1157,0.0009169579155671866,4.800000000023535e-07,2,"[5, 6]","[4204, 2070]"
264,89,297,1157,0.000917447915567189,4.900000000024026e-07,2,"[5, 6]","[4268, 1959]"
265,89,298,1157,0.000917387114504076,0.000917387114504076,2,"[5, 6]","[6045, 252]"
266,89,298,1158,0.0009175598990514504,0.0009175598990514504,2,"[5, 6]","[6215, 44]"
267,89,299,1158,0.0009176071553114373,0.0009176071553114373,1,[5],[6312]
268,89,299,1158,0.0009182871553114406,6.800000000033342e-07,1,[5],[6199]
269,89,300,1158,0.0009181274353318353,0.0009181274353318353,1,[5],[6263]
270,89,300,1158,0.0009191474353318403,1.0200000000050013e-06,1,[5],[6248]
271,89,300,1159,0.0009187855907257066,0.0009187855907257066,1,[5],[6264]
272,89,301,1159,0.0009185510029787929,0.0009185510029787929,1,[5],[6317]
273,89,301,1159,0.0009193010029787965,7.500000000036774e-07,1,[5],[6213]
274,89,302,1159,0.0009189305176305658,0.0009189305176305658,1,[5],[6261]
275,89,302,1159,0.0009197205176305697,7.900000000038735e-07,1,[5],[6250]
276,89,303,1159,0.0009200137604946261,0.0009200137604946261,1,[5],[6269]
277,89,303,1160,0.0009195341427954114,0.0009195341427954114,1,[5],[6270]
278,89,303,1160,0.0009205041427954162,9.700000000047561e-07,1,[5],[6246]
279,89,304,1160,0.000919779173194329,0.000919779173194329,1,[5],[6294]
280,89,304,1160,0.0009204791731943324,7.000000000034323e-07,2,"[5, 7]","[6207, 1]"
281,89,305,1160,0.0009205213011646725,0.0009205213011646725,2,"[5, 7]","[6150, 127]"
282,89,305,1161,0.0009204054126028626,0.0009204054126028626,2,"[5, 7]","[5002, 1272]"
283,89,305,1161,0.0009212754126028668,8.700000000042658e-07,2,"[5, 7]","[4850, 1425]"
284,89,306,1161,0.0009203002253856593,0.0009203002253856593,3,"[5, 7, 8]","[3322, 3019, 2]"
285,89,306,1161,0.0009207602253856616,4.600000000022555e-07,3,"[5, 7, 8]","[3827, 2389, 4]"
286,89,306,1161,0.0009212102253856638,4.5000000000220645e-07,3,"[5, 7, 8]","[4277, 2027, 11]"
287,89,306,1161,0.0009219602253856675,7.500000000036774e-07,3,"[5, 7, 8]","[4617, 1479, 27]"
288,89,307,1161,0.0009210885266547315,0.0009210885266547315,3,"[5, 7, 8]","[5548, 284, 474]"
289,89,307,1161,0.0009218285266547351,7.400000000036284e-07,3,"[5, 7, 8]","[5278, 66, 879]"
290,89,307,1162,0.0009211314155934244,0.0009211314155934244,3,"[5, 7, 8]","[3585, 54, 2656]"
291,89,307,1162,0.000921661415593427,5.300000000025987e-07,3,"[5, 7, 8]","[3137, 10, 3073]"
292,89,307,1162,0.0009222914155934301,6.30000000003089e-07,3,"[5, 7, 8]","[2712, 6, 3525]"
293,89,308,1162,0.000921255638578855,0.000921255638578855,2,"[5, 8]","[4420, 1894]"
294,89,308,1162,0.0009217456385788574,4.900000000024026e-07,2,"[5, 8]","[4689, 1525]"
295,89,308,1162,0.0009222456385788599,5.000000000024516e-07,2,"[5, 8]","[5024, 1262]"
296,89,309,1162,0.0009219070808107252,0.0009219070808107252,2,"[5, 8]","[6293, 21]"
297,89,309,1162,0.0009226470808107288,7.400000000036284e-07,2,"[5, 8]","[6208, 2]"
298,89,309,1163,0.0009225561158140421,0.0009225561158140421,2,"[5, 8]","[6294, 2]"
299,89,310,1162,0.0009236384778002297,0.0009236384778002297,3,"[5, 9, 10]","[6135, 116, 1]"
300,89,310,1163,0.0009222394560223102,0.0009222394560223102,3,"[5, 9, 10]","[6056, 280, 15]"
301,89,310,1163,0.0009228194560223131,5.800000000028439e-07,3,"[5, 9, 10]","[5699, 477, 12]"
302,89,310,1163,0.0009238094560223179,9.900000000048542e-07,3,"[5, 9, 10]","[5502, 699, 10]"
303,89,311,1163,0.0009222441208247842,0.0009222441208247842,3,"[5, 9, 10]","[3094, 912, 2276]"
304,89,311,1163,0.0009227241208247866,4.800000000023535e-07,3,"[5, 9, 10]","[3759, 1236, 1320]"
305,89,311,1163,0.0009231641208247887,4.400000000021574e-07,3,"[5, 9, 10]","[3818, 1350, 1056]"
306,89,311,1163,0.0009238741208247922,7.100000000034813e-07,3,"[5, 9, 10]","[4059, 1387, 736]"
307,89,311,1164,0.0009228853806841949,0.0009228853806841949,3,"[5, 9, 10]","[3274, 499, 2524]"
308,89,312,1163,0.0009222238304908406,0.0009222238304908406,3,"[5, 9, 10]","[722, 41, 5488]"
309,89,312,1163,0.0009229338304908441,7.100000000034813e-07,3,"[5, 9, 10]","[2182, 101, 4059]"
310,89,312,1163,0.0009240538304908496,1.1200000000054916e-06,3,"[5, 9, 10]","[4025, 124, 2025]"
311,89,312,1164,0.0009224153669545273,0.0009224153669545273,3,"[5, 9, 10]","[1843, 15, 4444]"
312,89,312,1164,0.0009230153669545303,6.000000000029419e-07,3,"[5, 9, 10]","[4218, 12, 2021]"
313,89,312,1164,0.000923575366954533,5.600000000027458e-07,3,"[5, 9, 10]","[5332, 16, 897]"
314,89,313,1164,0.0009232940749047873,0.0009232940749047873,2,"[5, 10]","[6041, 300]"
315,89,313,1164,0.0009239240749047904,6.30000000003089e-07,2,"[5, 10]","[6217, 6]"
316,89,313,1165,0.0009249968954822654,0.0009249968954822654,2,"[5, 10]","[6251, 2]"
317,89,314,1164,0.0009241868447482612,0.0009241868447482612,1,[5],[6289]
318,89,314,1165,0.000923853097686175,0.000923853097686175,1,[5],[6306]
319,89,314,1165,0.0009246130976861787,7.600000000037264e-07,1,[5],[6236]
320,89,315,1165,0.0009240677080457651,0.0009240677080457651,1,[5],[6326]
321,89,315,1165,0.0009246677080457681,6.000000000029419e-07,1,[5],[6239]
322,89,315,1165,0.0009263377080457763,1.6700000000081884e-06,1,[5],[6187]
323,89,316,1165,0.0009247378711338576,0.0009247378711338576,1,[5],[6250]
324,89,316,1166,0.000924733486563361,0.000924733486563361,1,[5],[6307]
325,89,316,1166,0.0009257334865633659,1.0000000000049032e-06,1,[5],[6207]
326,89,317,1166,0.0009248220053410481,0.0009248220053410481,1,[5],[6309]
327,89,317,1166,0.0009254020053410509,5.800000000028439e-07,2,"[5, 11]","[6196, 5]"
328,89,317,1166,0.0009265420053410565,1.1400000000055897e-06,3,"[5, 11, 12]","[6226, 17, 1]"
329,89,318,1166,0.0009253093846632416,0.0009253093846632416,4,"[5, 11, 12, 13]","[5564, 607, 92, 40]"
330,89,318,1166,0.0009261093846632455,8.000000000039226e-07,4,"[5, 11, 12, 13]","[5208, 761, 169, 95]"
331,89,318,1167,0.0009253681534931431,0.0009253681534931431,4,"[5, 11, 12, 13]","[4587, 1185, 295, 270]"
332,89,318,1167,0.0009260081534931462,6.400000000031381e-07,5,"[5, 11, 12, 13, 262]","[4109, 1099, 462, 503, 1]"
333,89,319,1166,0.0009262433425308757,0.0009262433425308757,4,"[5, 11, 12, 13]","[3410, 1115, 978, 753]"
334,89,319,1167,0.0009252973102331658,0.0009252973102331658,6,"[5, 11, 12, 13, 262, 263]","[3619, 858, 931, 927, 5, 2]"
335,89,319,1167,0.0009257073102331678,4.100000000020103e-07,6,"[5, 11, 12, 13, 262, 263]","[3617, 578, 860, 1193, 6, 2]"
336,89,319,1167,0.0009260473102331695,3.400000000016671e-07,6,"[5, 11, 12, 13, 262, 263]","[3609, 419, 878, 1348, 4, 2]"
337,89,319,1167,0.0009264173102331713,3.700000000018142e-07,6,"[5, 11, 12, 13, 262, 263]","[3555, 294, 799, 1565, 3, 2]"
338,89,319,1167,0.0009270273102331743,6.10000000002991e-07,6,"[5, 11, 12, 13, 262, 263]","[3562, 196, 683, 1786, 3, 1]"
339,89,320,1167,0.0009261393868080746,0.0009261393868080746,4,"[5, 11, 12, 13]","[5810, 17, 155, 269]"
340,89,320,1167,0.0009269493868080786,8.100000000039716e-07,4,"[5, 11, 12, 13]","[6055, 3, 69, 173]"
341,89,320,1168,0.0009268145147677761,0.0009268145147677761,4,"[5, 12, 13, 262]","[6215, 10, 49, 1]"
342,89,321,1168,0.0009266679187215254,0.0009266679187215254,1,[5],[6305]
343,89,321,1168,0.0009273579187215288,6.900000000033832e-07,1,[5],[6195]
344,89,322,1168,0.000927113523584171,0.000927113523584171,1,[5],[6278]
345,89,322,1168,0.0009278135235841745,7.000000000034323e-07,1,[5],[6264]
346,89,322,1169,0.0009284022467424114,0.0009284022467424114,1,[5],[6265]
347,89,323,1168,0.0009282447072641232,0.0009282447072641232,1,[5],[6265]
348,89,323,1169,0.00092775986896274,0.00092775986896274,1,[5],[6347]
349,89,323,1169,0.0009285298689627438,7.700000000037755e-07,1,[5],[6191]
350,89,324,1169,0.0009280454164414044,0.0009280454164414044,1,[5],[6297]
351,89,324,1169,0.0009286954164414076,6.500000000031871e-07,1,[5],[6216]
352,89,325,1169,0.0009289168871565958,0.0009289168871565958,1,[5],[6315]
353,89,325,1170,0.0009288427170400749,0.0009288427170400749,1,[5],[6284]
354,89,325,1170,0.0009298927170400801,1.0500000000051484e-06,1,[5],[6237]
355,89,326,1170,0.0009290169166565191,0.0009290169166565191,1,[5],[6269]
356,89,326,1170,0.0009296669166565223,6.500000000031871e-07,1,[5],[6318]
357,89,327,1170,0.0009296889439612834,0.0009296889439612834,1,[5],[6260]
358,89,327,1170,0.0009310089439612899,1.3200000000064722e-06,1,[5],[6255]
359,89,327,1171,0.0009299992884136537,0.0009299992884136537,1,[5],[6289]
360,89,328,1171,0.0009300420631713053,0.0009300420631713053,1,[5],[6323]
361,89,328,1171,0.0009307220631713086,6.800000000033342e-07,1,[5],[6200]
362,89,329,1171,0.0009306431469719575,0.0009306431469719575,1,[5],[6255]
363,89,329,1171,0.0009316131469719622,9.700000000047561e-07,1,[5],[6267]
364,89,329,1172,0.0009314153695879684,0.0009314153695879684,1,[5],[6254]
365,89,330,1171,0.000932387461184902,0.000932387461184902,1,[5],[6254]
366,89,330,1172,0.0009311240877550985,0.0009311240877550985,1,[5],[6258]
367,89,330,1172,0.000931844087755102,7.200000000035303e-07,1,[5],[6319]
368,89,331,1172,0.0009315921710952449,0.0009315921710952449,1,[5],[6334]
369,89,331,1172,0.0009323021710952484,7.100000000034813e-07,1,[5],[6225]
370,89,331,1173,0.0009330888672310258,0.0009330888672310258,1,[5],[6251]
371,89,332,1172,0.0009327013439042691,0.0009327013439042691,1,[5],[6274]
372,89,332,1173,0.0009322759937694903,0.0009322759937694903,2,"[5, 14]","[6271, 6]"
373,89,332,1173,0.0009330759937694942,8.000000000039226e-07,2,"[5, 14]","[6233, 20]"
374,89,333,1173,0.0009325389164158434,0.0009325389164158434,2,"[5, 14]","[5317, 1033]"
375,89,333,1173,0.000933078916415846,5.400000000026477e-07,2,"[5, 14]","[4997, 1240]"
376,89,333,1173,0.0009337389164158493,6.600000000032361e-07,2,"[5, 14]","[4794, 1389]"
377,89,333,1174,0.0009335894056753405,0.0009335894056753405,2,"[5, 14]","[3479, 2799]"
378,89,334,1173,0.0009331964604548685,0.0009331964604548685,2,"[5, 14]","[4272, 1994]"
379,89,334,1173,0.0009341564604548732,9.60000000004707e-07,2,"[5, 14]","[5012, 1233]"
380,89,334,1174,0.0009332673353551713,0.0009332673353551713,2,"[5, 14]","[4374, 1879]"
381,89,334,1174,0.0009340773353551752,8.100000000039716e-07,2,"[5, 14]","[5354, 908]"
382,89,335,1174,0.0009337577282501337,0.0009337577282501337,3,"[5, 14, 257]","[6203, 19, 51]"
383,89,335,1174,0.0009344077282501369,6.500000000031871e-07,2,"[5, 14]","[6274, 4]"
384,89,336,1174,0.0009344740845259913,0.0009344740845259913,2,"[5, 257]","[6255, 48]"
385,89,336,1174,0.000935434084525996,9.60000000004707e-07,1,[5],[6215]
386,89,336,1175,0.000934936172309261,0.000934936172309261,3,"[5, 257, 258]","[5610, 667, 9]"
387,89,337,1175,0.0009350223543561931,0.0009350223543561931,2,"[5, 257]","[6322, 11]"
388,89,337,1175,0.0009357123543561965,6.900000000033832e-07,1,[5],[6227]
389,89,338,1175,0.0009355515479664891,0.0009355515479664891,1,[5],[6282]
390,89,338,1175,0.0009363015479664928,7.500000000036774e-07,1,[5],[6276]
391,89,338,1176,0.0009371054327045551,0.0009371054327045551,1,[5],[6262]
392,89,339,1175,0.0009366390858080862,0.0009366390858080862,1,[5],[6281]
393,89,339,1176,0.0009363275521178624,0.0009363275521178624,1,[5],[6294]
394,89,339,1176,0.0009372175521178668,8.900000000043639e-07,1,[5],[6228]
395,89,340,1176,0.0009366907945071763,0.0009366907945071763,1,[5],[6264]
396,89,340,1176,0.0009373607945071796,6.700000000032852e-07,1,[5],[6307]
397,89,341,1176,0.0009374981296076973,0.0009374981296076973,1,[5],[6260]
398,89,341,1177,0.0009377734909274472,0.0009377734909274472,1,[5],[6301]
399,89,342,1177,0.0009379695058699252,0.0009379695058699252,1,[5],[6346]
400,89,342,1177,0.0009386195058699284,6.500000000031871e-07,1,[5],[6166]
401,89,343,1177,0.0009386160363570893,0.0009386160363570893,1,[5],[6287]
402,89,343,1177,0.0009393460363570929,7.300000000035793e-07,1,[5],[6266]
403,89,343,1178,0.0009397359957215723,0.0009397359957215723,1,[5],[6256]
404,89,344,1177,0.0009398798594556257,0.0009398798594556257,1,[5],[6253]
405,89,344,1178,0.000939568820832938,0.000939568820832938,1,[5],[6266]
406,89,344,1178,0.0009403488208329418,7.800000000038245e-07,1,[5],[6278]
407,89,345,1178,0.0009400900624436146,0.0009400900624436146,1,[5],[6341]
408,89,345,1178,0.0009407200624436177,6.30000000003089e-07,1,[5],[6194]
409,89,345,1178,0.0009418200624436231,1.1000000000053935e-06,1,[5],[6234]
410,89,346,1178,0.0009409813284560404,0.0009409813284560404,1,[5],[6296]
411,89,346,1178,0.0009419713284560452,9.900000000048542e-07,1,[5],[6205]
412,89,346,1179,0.0009414218207905717,0.0009414218207905717,1,[5],[6299]
413,89,347,1179,0.0009416528376589256,0.0009416528376589256,2,"[5, 15]","[6238, 18]"
414,89,347,1179,0.0009423128376589288,6.600000000032361e-07,2,"[5, 15]","[6233, 78]"
415,89,347,1179,0.0009437328376589358,1.4200000000069626e-06,2,"[5, 15]","[5876, 314]"
416,89,348,1179,0.0009421979445074262,0.0009421979445074262,2,"[5, 15]","[4997, 1316]"
417,89,348,1179,0.0009427179445074288,5.200000000025497e-07,2,"[5, 15]","[4437, 1889]"
418,89,348,1179,0.0009432179445074312,5.000000000024516e-07,2,"[5, 15]","[4044, 2081]"
419,89,348,1179,0.0009445179445074376,1.3000000000063742e-06,2,"[5, 15]","[4090, 2146]"
420,89,348,1180,0.0009429586489139518,0.0009429586489139518,2,"[5, 15]","[3288, 3009]"
421,89,349,1179,0.0009431894357907172,0.0009431894357907172,2,"[5, 15]","[4890, 1421]"
422,89,349,1179,0.0009442194357907222,1.0300000000050503e-06,2,"[5, 15]","[5687, 522]"
423,89,349,1180,0.0009434045229813235,0.0009434045229813235,2,"[5, 15]","[5105, 1199]"
424,89,349,1180,0.0009443945229813284,9.900000000048542e-07,2,"[5, 15]","[5991, 247]"
425,89,350,1179,0.0009460158925720779,0.0009460158925720779,2,"[5, 15]","[6250, 4]"
426,89,350,1180,0.0009440732728334105,0.0009440732728334105,2,"[5, 15]","[6311, 3]"
427,89,350,1180,0.0009447732728334139,7.000000000034323e-07,1,[5],[6271]
428,89,350,1180,0.0009466532728334232,1.880000000009218e-06,1,[5],[6166]
429,89,351,1180,0.0009448286560304627,0.0009448286560304627,1,[5],[6291]
430,89,351,1180,0.0009454586560304658,6.30000000003089e-07,1,[5],[6209]
431,89,351,1180,0.0009464086560304704,9.500000000046581e-07,1,[5],[6254]
432,89,352,1180,0.0009457681216865278,0.0009457681216865278,1,[5],[6308]
433,89,352,1180,0.0009465981216865318,8.300000000040697e-07,1,[5],[6220]
434,89,352,1181,0.0009465012200896493,0.0009465012200896493,1,[5],[6283]
435,89,353,1180,0.0009470762865715753,0.0009470762865715753,1,[5],[6269]
436,89,353,1181,0.0009467618129917451,0.0009467618129917451,1,[5],[6305]
437,89,353,1181,0.0009475918129917491,8.300000000040697e-07,1,[5],[6217]
438,89,354,1181,0.000947380940644765,0.000947380940644765,1,[5],[6256]
439,89,354,1181,0.0009480209406447682,6.400000000031381e-07,1,[5],[6271]
440,89,354,1181,0.0009489909406447729,9.700000000047561e-07,1,[5],[6253]
441,89,355,1181,0.0009482440307504776,0.0009482440307504776,1,[5],[6281]
442,89,355,1181,0.0009489640307504811,7.200000000035303e-07,1,[5],[6261]
443,89,355,1182,0.0009506390697586093,0.0009506390697586093,1,[5],[6250]
444,89,356,1181,0.0009491961399094895,0.0009491961399094895,2,"[5, 16]","[6258, 2]"
445,89,356,1181,0.0009502361399094946,1.0400000000050993e-06,2,"[5, 16]","[6258, 6]"
446,89,356,1182,0.0009495134981045151,0.0009495134981045151,2,"[5, 16]","[6280, 4]"
447,89,357,1181,0.0009503886940708581,0.0009503886940708581,2,"[5, 16]","[5670, 618]"
448,89,357,1182,0.0009498675642487249,0.0009498675642487249,2,"[5, 16]","[5710, 601]"
449,89,357,1182,0.0009504575642487277,5.900000000028929e-07,2,"[5, 16]","[5168, 1040]"
450,89,357,1182,0.0009512475642487316,7.900000000038735e-07,2,"[5, 16]","[5007, 1267]"
451,89,358,1182,0.0009505302270991719,0.0009505302270991719,2,"[5, 16]","[5147, 1175]"
452,89,358,1182,0.0009511202270991748,5.900000000028929e-07,2,"[5, 16]","[5559, 693]"
453,89,358,1182,0.0009517902270991781,6.700000000032852e-07,2,"[5, 16]","[5865, 355]"
454,89,359,1182,0.0009515248890943223,0.0009515248890943223,2,"[5, 16]","[6292, 18]"
455,89,359,1182,0.0009521948890943256,6.700000000032852e-07,1,[5],[6231]
456,89,359,1182,0.0009533648890943313,1.1700000000057368e-06,1,[5],[6214]
457,89,360,1182,0.0009525683124847909,0.0009525683124847909,1,[5],[6280]
458,89,360,1182,0.0009534583124847952,8.900000000043639e-07,1,[5],[6224]
459,89,360,1183,0.0009531244780515386,0.0009531244780515386,1,[5],[6300]
460,89,361,1182,0.0009538451130828607,0.0009538451130828607,1,[5],[6284]
461,89,361,1183,0.0009535417828787558,0.0009535417828787558,1,[5],[6277]
462,89,361,1183,0.00095440178287876,8.600000000042168e-07,1,[5],[6267]
463,89,362,1183,0.0009542286552350613,0.0009542286552350613,1,[5],[6280]
464,89,362,1183,0.0009548986552350646,6.700000000032852e-07,1,[5],[6248]
465,89,362,1183,0.0009559786552350699,1.0800000000052955e-06,1,[5],[6222]
466,89,363,1183,0.0009550668700094693,0.0009550668700094693,1,[5],[6310]
467,89,363,1183,0.0009557468700094726,6.800000000033342e-07,1,[5],[6269]
468,89,363,1183,0.000956846870009478,1.1000000000053935e-06,1,[5],[6186]
469,89,364,1183,0.0009560345944684324,0.0009560345944684324,1,[5],[6343]
470,89,364,1183,0.000956774594468436,7.400000000036284e-07,1,[5],[6176]
471,89,364,1184,0.000957015048445057,0.000957015048445057,1,[5],[6276]
472,89,365,1183,0.0009571302375256582,0.0009571302375256582,1,[5],[6258]
473,89,365,1183,0.0009590302375256675,1.9000000000093161e-06,1,[5],[6243]
474,89,365,1184,0.0009571853189496228,0.0009571853189496228,1,[5],[6279]
475,89,365,1184,0.000958235318949628,1.0500000000051484e-06,1,[5],[6227]
476,89,366,1183,0.0009588453706815651,0.0009588453706815651,1,[5],[6251]
477,89,366,1184,0.0009578069426562315,0.0009578069426562315,1,[5],[6294]
478,89,366,1184,0.0009584869426562348,6.800000000033342e-07,1,[5],[6223]
479,89,366,1184,0.0009600269426562423,1.540000000007551e-06,1,[5],[6233]
480,89,367,1184,0.0009585778404076894,0.0009585778404076894,1,[5],[6318]
481,89,367,1184,0.0009592078404076924,6.30000000003089e-07,1,[5],[6213]
482,89,367,1184,0.0009599978404076963,7.900000000038735e-07,2,"[5, 17]","[6242, 4]"
483,89,368,1184,0.000959443794587766,0.000959443794587766,3,"[5, 17, 18]","[5999, 271, 3]"
484,89,368,1184,0.0009600537945877689,6.10000000002991e-07,3,"[5, 17, 18]","[5595, 666, 10]"
485,89,368,1184,0.0009607737945877725,7.200000000035303e-07,4,"[5, 17, 18, 19]","[5145, 1053, 35, 2]"
486,89,368,1185,0.000960725690996117,0.000960725690996117,4,"[5, 17, 18, 19]","[4989, 1240, 20, 2]"
487,89,369,1184,0.0009601818362823373,0.0009601818362823373,4,"[5, 17, 18, 19]","[4049, 1708, 529, 53]"
488,89,369,1184,0.00096074183628234,5.600000000027458e-07,4,"[5, 17, 18, 19]","[3878, 1333, 858, 179]"
489,89,369,1184,0.0009613718362823431,6.30000000003089e-07,4,"[5, 17, 18, 19]","[3891, 953, 993, 399]"
490,89,369,1185,0.0009604851923513576,0.0009604851923513576,4,"[5, 17, 18, 19]","[3619, 1717, 782, 159]"
491,89,369,1185,0.0009612451923513613,7.600000000037264e-07,4,"[5, 17, 18, 19]","[3899, 964, 909, 489]"
492,89,370,1184,0.0009612484955857664,0.0009612484955857664,4,"[5, 17, 18, 19]","[4090, 81, 1150, 932]"
493,89,370,1184,0.0009623084955857716,1.0600000000051974e-06,4,"[5, 17, 18, 19]","[4725, 10, 397, 1115]"
494,89,370,1185,0.0009611601494318002,0.0009611601494318002,4,"[5, 17, 18, 19]","[4630, 56, 747, 860]"
495,89,370,1185,0.0009617901494318033,6.30000000003089e-07,4,"[5, 17, 18, 19]","[5059, 6, 313, 871]"
496,89,370,1185,0.0009627301494318079,9.40000000004609e-07,3,"[5, 18, 19]","[5528, 108, 572]"
497,89,371,1185,0.0009620239004168744,0.0009620239004168744,3,"[5, 18, 19]","[6250, 11, 46]"
498,89,371,1185,0.0009626539004168775,6.30000000003089e-07,3,"[5, 19, 20]","[6240, 9, 1]"
499,89,371,1185,0.0009635039004168817,8.500000000041677e-07,3,"[5, 19, 20]","[6232, 1, 4]"
500,89,372,1185,0.0009627992134800447,0.0009627992134800447,2,"[5, 20]","[6165, 125]"
501,89,372,1185,0.0009633692134800475,5.700000000027948e-07,2,"[5, 20]","[5892, 438]"
502,89,372,1185,0.0009639492134800503,5.800000000028439e-07,2,"[5, 20]","[5321, 843]"
503,89,373,1185,0.0009634134565933114,0.0009634134565933114,2,"[5, 20]","[3900, 2356]"
504,89,373,1185,0.0009638634565933136,4.5000000000220645e-07,2,"[5, 20]","[3561, 2734]"
505,89,373,1185,0.0009642334565933155,3.700000000018142e-07,2,"[5, 20]","[3576, 2679]"
506,89,373,1185,0.0009646334565933174,4.000000000019613e-07,2,"[5, 20]","[3496, 2707]"
507,89,373,1185,0.0009653334565933208,7.000000000034323e-07,2,"[5, 20]","[3802, 2452]"
508,89,373,1186,0.0009645173110839761,0.0009645173110839761,2,"[5, 20]","[4339, 1936]"
509,89,374,1185,0.0009646418989265401,0.0009646418989265401,2,"[5, 20]","[5500, 807]"
510,89,374,1185,0.0009655018989265443,8.600000000042168e-07,2,"[5, 20]","[6005, 243]"
511,89,374,1186,0.0009650814095583185,0.0009650814095583185,2,"[5, 20]","[6103, 156]"
512,89,374,1186,0.000966821409558327,1.7400000000085316e-06,2,"[5, 20]","[6224, 17]"
513,89,375,1185,0.0009660487530108866,0.0009660487530108866,1,[5],[6252]
514,89,375,1186,0.0009655094305501058,0.0009655094305501058,1,[5],[6262]
515,89,375,1186,0.0009662094305501092,7.000000000034323e-07,1,[5],[6276]
516,89,376,1186,0.0009661025724029286,0.0009661025724029286,1,[5],[6275]
517,89,376,1186,0.0009667025724029315,6.000000000029419e-07,1,[5],[6292]
518,89,376,1186,0.0009674325724029351,7.300000000035793e-07,1,[5],[6190]
519,89,377,1186,0.0009668427630732213,0.0009668427630732213,2,"[5, 21]","[6264, 5]"
520,89,377,1186,0.0009674727630732244,6.30000000003089e-07,2,"[5, 21]","[6312, 22]"
521,89,377,1186,0.0009683627630732288,8.900000000043639e-07,2,"[5, 21]","[6099, 58]"
522,89,377,1187,0.0009685270178931901,0.0009685270178931901,2,"[5, 21]","[6107, 143]"
523,89,378,1186,0.0009676631228878606,0.0009676631228878606,2,"[5, 21]","[5470, 796]"
524,89,378,1186,0.0009683831228878641,7.200000000035303e-07,2,"[5, 21]","[5237, 1040]"
525,89,378,1187,0.0009678641171093746,0.0009678641171093746,2,"[5, 21]","[4908, 1345]"
526,89,378,1187,0.0009686741171093786,8.100000000039716e-07,2,"[5, 21]","[4784, 1481]"
527,89,379,1186,0.000968899505269549,0.000968899505269549,2,"[5, 21]","[5447, 803]"
528,89,379,1187,0.0009683264051554206,0.0009683264051554206,2,"[5, 21]","[5444, 865]"
529,89,379,1187,0.0009689264051554236,6.000000000029419e-07,2,"[5, 21]","[5995, 277]"
530,89,379,1187,0.0009696364051554271,7.100000000034813e-07,2,"[5, 21]","[6099, 117]"
531,89,380,1187,0.000969048141658413,0.000969048141658413,2,"[5, 21]","[6313, 2]"
532,89,380,1187,0.0009696181416584158,5.700000000027948e-07,1,[5],[6257]
533,89,380,1187,0.0009702281416584188,6.10000000002991e-07,1,[5],[6208]
534,89,381,1187,0.0009699369790314472,0.0009699369790314472,1,[5],[6317]
535,89,381,1187,0.0009706469790314507,7.100000000034813e-07,1,[5],[6190]
536,89,381,1188,0.0009705125572547811,0.0009705125572547811,1,[5],[6262]
537,89,382,1187,0.0009711979083848547,0.0009711979083848547,1,[5],[6282]
538,89,382,1188,0.0009708170363693719,0.0009708170363693719,1,[5],[6301]
539,89,382,1188,0.0009714870363693752,6.700000000032852e-07,1,[5],[6284]
540,89,383,1188,0.0009713440747115186,0.0009713440747115186,1,[5],[6290]
541,89,383,1188,0.0009719040747115214,5.600000000027458e-07,1,[5],[6232]
542,89,383,1188,0.0009725340747115245,6.30000000003089e-07,1,[5],[6270]
543,89,384,1188,0.0009721016236110132,0.0009721016236110132,1,[5],[6267]
544,89,384,1188,0.0009727816236110165,6.800000000033342e-07,1,[5],[6328]
545,89,384,1189,0.0009728650488983986,0.0009728650488983986,1,[5],[6261]
546,89,385,1188,0.0009732610797227988,0.0009732610797227988,1,[5],[6286]
547,89,385,1189,0.0009729646945245442,0.0009729646945245442,1,[5],[6314]
548,89,385,1189,0.0009736546945245476,6.900000000033832e-07,1,[5],[6259]
549,89,386,1189,0.0009734767517686168,0.0009734767517686168,3,"[5, 22, 23]","[6242, 16, 2]"
550,89,386,1189,0.0009740267517686195,5.500000000026968e-07,3,"[5, 22, 23]","[6235, 62, 7]"
551,89,386,1189,0.0009746067517686223,5.800000000028439e-07,3,"[5, 22, 23]","[6162, 88, 10]"
552,89,386,1358,0.0007313755467645063,0.0007313755467645063,6,"[158, 159, 161, 206, 208, 209]","[5307, 563, 180, 214, 4, 3]"
553,89,386,1358,0.0007317855467645083,4.100000000020103e-07,5,"[158, 159, 206, 208, 209]","[5935, 44, 279, 3, 3]"
554,89,386,1358,0.00073211554676451,3.3000000000161806e-07,4,"[158, 159, 206, 209]","[6089, 20, 246, 1]"
555,89,386,1358,0.0007324555467645116,3.400000000016671e-07,4,"[158, 159, 206, 208]","[5901, 13, 216, 2]"
556,89,386,1358,0.0007329955467645143,5.400000000026477e-07,4,"[158, 159, 206, 209]","[6051, 5, 189, 2]"
557,89,386,1359,0.0007332752587318099,0.0007332752587318099,5,"[158, 159, 161, 206, 208]","[4662, 1519, 38, 34, 2]"
558,89,386,1361,0.0007269770183844529,0.0007269770183844529,2,"[159, 182]","[6161, 114]"
559,89,386,1361,0.0007277470183844567,7.700000000037755e-07,2,"[159, 182]","[6216, 39]"
560,89,386,1361,0.0007286070183844609,8.600000000042168e-07,2,"[159, 182]","[6224, 9]"
561,89,386,1362,0.0007265972021368174,0.0007265972021368174,2,"[159, 182]","[6231, 28]"
562,89,386,1362,0.000727337202136821,7.400000000036284e-07,2,"[159, 182]","[6223, 33]"
563,89,387,1189,0.0009739184765570791,0.0009739184765570791,3,"[5, 22, 23]","[3716, 2397, 212]"
564,89,387,1189,0.0009743484765570812,4.300000000021084e-07,3,"[5, 22, 23]","[3496, 2504, 344]"
565,89,387,1189,0.0009746984765570829,3.500000000017161e-07,3,"[5, 22, 23]","[3386, 2325, 407]"
566,89,387,1189,0.0009750884765570848,3.9000000000191225e-07,3,"[5, 22, 23]","[3395, 2416, 445]"
567,89,387,1189,0.0009757184765570879,6.30000000003089e-07,3,"[5, 22, 23]","[3473, 2215, 519]"
568,89,387,1190,0.0009744941308952067,0.0009744941308952067,3,"[5, 22, 23]","[3825, 1803, 698]"
569,89,387,1190,0.0009752141308952102,7.200000000035303e-07,3,"[5, 22, 23]","[3921, 1534, 799]"
570,89,387,1357,0.000731875341437621,0.000731875341437621,4,"[158, 159, 161, 206]","[2342, 3266, 195, 476]"
571,89,387,1358,0.0007292643930120657,0.0007292643930120657,2,"[159, 161]","[4446, 1902]"
572,89,387,1358,0.0007298643930120686,6.000000000029419e-07,4,"[158, 159, 161, 206]","[8, 3420, 2739, 2]"
573,89,387,1358,0.0007304843930120717,6.2000000000304e-07,4,"[158, 159, 161, 206]","[113, 4204, 1929, 41]"
574,89,387,1358,0.000731154393012075,6.700000000032852e-07,4,"[158, 159, 161, 206]","[1194, 4183, 522, 402]"
575,89,387,1358,0.0007316643930120775,5.100000000025006e-07,4,"[158, 159, 161, 206]","[3134, 2122, 38, 883]"
576,89,387,1358,0.0007321243930120797,4.600000000022555e-07,4,"[158, 159, 161, 206]","[4153, 1016, 2, 1156]"
577,89,387,1358,0.0007327643930120828,6.400000000031381e-07,4,"[158, 159, 206, 209]","[4530, 480, 1159, 1]"
578,89,387,1359,0.0007279943898445315,0.0007279943898445315,2,"[159, 161]","[6369, 3]"
579,89,387,1359,0.0007285543898445342,5.600000000027458e-07,2,"[159, 161]","[6153, 65]"
580,89,387,1359,0.0007292343898445376,6.800000000033342e-07,2,"[159, 161]","[5777, 422]"
581,89,387,1359,0.00073176438984455,2.530000000012405e-06,4,"[158, 159, 161, 206]","[296, 4461, 1414, 41]"
582,89,387,1360,0.0007279647510183373,0.0007279647510183373,1,[159],[6288]
583,89,387,1360,0.0007283947510183394,4.300000000021084e-07,1,[159],[6280]
584,89,387,1360,0.0007288547510183416,4.600000000022555e-07,1,[159],[6231]
585,89,387,1361,0.0007280107276765217,0.0007280107276765217,1,[159],[6310]
586,89,387,1361,0.0007286507276765248,6.400000000031381e-07,1,[159],[6275]
587,89,388,1189,0.000974514060948535,0.000974514060948535,3,"[5, 22, 23]","[1825, 4004, 469]"
588,89,388,1189,0.0009751840609485382,6.700000000032852e-07,3,"[5, 22, 23]","[3000, 2742, 494]"
589,89,388,1189,0.0009764640609485445,1.2800000000062761e-06,3,"[5, 22, 23]","[4384, 1440, 401]"
590,89,388,1190,0.0009747643805567124,0.0009747643805567124,3,"[5, 22, 23]","[4035, 1635, 592]"
591,89,388,1190,0.000975304380556715,5.400000000026477e-07,3,"[5, 22, 23]","[5191, 674, 377]"
592,89,388,1190,0.0009758543805567177,5.500000000026968e-07,3,"[5, 22, 23]","[5697, 359, 227]"
593,89,388,1190,0.0009775643805567153,1.7099999999975425e-06,3,"[5, 22, 23]","[6028, 91, 94]"
594,89,388,1358,0.0007312913638103982,0.0007312913638103982,4,"[158, 159, 161, 206]","[108, 4104, 2038, 12]"
595,89,389,1190,0.0009755530031120924,0.0009755530031120924,3,"[5, 22, 23]","[6303, 31, 11]"
596,89,389,1190,0.0009761130031120951,5.600000000027458e-07,3,"[5, 22, 23]","[6250, 1, 1]"
597,89,389,1190,0.0009767230031120964,6.100000000012562e-07,1,[5],[6157]
598,89,389,1191,0.000977337794634167,0.000977337794634167,1,[5],[6261]
599,89,390,1190,0.0009765160444040152,0.0009765160444040152,1,[5],[6308]
600,89,390,1190,0.0009776060444040091,1.0899999999939604e-06,1,[5],[6214]
601,89,390,1191,0.0009765935595813238,0.0009765935595813238,1,[5],[6329]
602,89,390,1191,0.0009773235595813194,7.299999999956647e-07,2,"[5, 24]","[6192, 4]"
603,89,391,1191,0.0009769596091200549,0.0009769596091200549,2,"[5, 24]","[6030, 264]"
604,89,391,1191,0.0009774696091200518,5.099999999969712e-07,2,"[5, 24]","[5796, 457]"
605,89,391,1191,0.000977939609120049,4.6999999999720876e-07,2,"[5, 24]","[5590, 625]"
606,89,391,1191,0.0009786796091200446,7.399999999956053e-07,2,"[5, 24]","[5422, 825]"
607,89,392,1191,0.0009776923858631204,0.0009776923858631204,2,"[5, 24]","[4826, 1440]"
608,89,392,1191,0.000978272385863117,5.799999999965555e-07,2,"[5, 24]","[5193, 1090]"
609,89,392,1191,0.0009789923858631127,7.199999999957241e-07,2,"[5, 24]","[5528, 714]"
610,89,392,1192,0.0009781002262272303,0.0009781002262272303,2,"[5, 24]","[5694, 620]"
611,89,392,1192,0.0009787702262272263,6.69999999996021e-07,2,"[5, 24]","[5975, 283]"
612,89,392,1192,0.000979680226227221,9.099999999945957e-07,2,"[5, 24]","[6133, 89]"
613,89,393,1191,0.0009806307930428815,0.0009806307930428815,2,"[5, 24]","[6178, 74]"
614,89,393,1192,0.0009786975036815773,0.0009786975036815773,2,"[5, 24]","[6315, 14]"
615,89,393,1192,0.0009792175036815742,5.199999999969118e-07,2,"[5, 24]","[6251, 3]"
616,89,393,1192,0.0009796775036815715,4.5999999999726815e-07,2,"[5, 24]","[6255, 1]"
617,89,393,1192,0.000980277503681568,5.999999999964367e-07,1,[5],[6194]
618,89,394,1192,0.0009797328755452035,0.0009797328755452035,1,[5],[6312]
619,89,394,1192,0.0009803828755451996,6.499999999961398e-07,1,[5],[6230]
620,89,394,1192,0.0009812528755451945,8.699999999948332e-07,1,[5],[6210]
621,89,394,1193,0.0009803001142015119,0.0009803001142015119,1,[5],[6271]
622,89,394,1193,0.0009811901142015066,8.899999999947145e-07,1,[5],[6263]
623,89,395,1192,0.0009817446622445887,0.0009817446622445887,1,[5],[6253]
624,89,395,1193,0.0009808099622435492,0.0009808099622435492,1,[5],[6260]
625,89,395,1193,0.000981349962243546,5.39999999996793e-07,1,[5],[6240]
626,89,395,1193,0.0009818699622435429,5.199999999969118e-07,1,[5],[6300]
627,89,395,1193,0.0009827499622435377,8.799999999947739e-07,2,"[5, 25]","[6222, 1]"
628,89,396,1193,0.0009817431784041057,0.0009817431784041057,2,"[5, 25]","[6304, 12]"
629,89,396,1193,0.0009823031784041024,5.599999999966743e-07,2,"[5, 25]","[6243, 39]"
630,89,396,1193,0.0009828431784040992,5.39999999996793e-07,2,"[5, 25]","[6049, 117]"
631,89,396,1194,0.0009825373612391312,0.0009825373612391312,2,"[5, 25]","[6136, 162]"
632,89,396,1194,0.000983757361239124,1.2199999999927547e-06,2,"[5, 25]","[5683, 523]"
633,89,397,1193,0.0009829105801757282,0.0009829105801757282,3,"[5, 25, 26]","[5263, 1028, 12]"
634,89,397,1193,0.0009838305801757228,9.199999999945363e-07,3,"[5, 25, 26]","[4814, 1349, 52]"
635,89,397,1194,0.0009826383310057875,0.0009826383310057875,3,"[5, 25, 26]","[5126, 1104, 88]"
636,89,397,1194,0.0009830883310057849,4.4999999999732754e-07,3,"[5, 25, 26]","[4987, 1106, 217]"
637,89,397,1194,0.0009834583310057827,3.6999999999780264e-07,4,"[5, 25, 26, 27]","[4802, 1077, 377, 1]"
638,89,397,1194,0.0009838583310057803,3.999999999976245e-07,3,"[5, 25, 26]","[4673, 930, 524]"
639,89,397,1194,0.0009845283310057763,6.69999999996021e-07,3,"[5, 25, 26]","[4737, 746, 790]"
640,89,398,1194,0.0009831717795603272,0.0009831717795603272,4,"[5, 25, 26, 27]","[4396, 245, 1609, 17]"
641,89,398,1194,0.0009835817795603248,4.099999999975651e-07,4,"[5, 25, 26, 27]","[4298, 121, 1868, 24]"
642,89,398,1194,0.000983901779560323,3.199999999980996e-07,4,"[5, 25, 26, 27]","[4492, 66, 1733, 49]"
643,89,398,1194,0.000984211779560321,3.0999999999815897e-07,4,"[5, 25, 26, 27]","[4364, 49, 1627, 57]"
644,89,398,1194,0.0009845917795603188,3.7999999999774325e-07,4,"[5, 25, 26, 27]","[4554, 23, 1574, 102]"
645,89,398,1194,0.0009853617795603142,7.699999999954271e-07,4,"[5, 25, 26, 27]","[4778, 13, 1307, 149]"
646,89,398,1195,0.0009839338235198677,0.0009839338235198677,4,"[5, 25, 26, 27]","[3473, 13, 2657, 136]"
647,89,398,1195,0.0009848338235198624,8.999999999946551e-07,5,"[5, 25, 26, 27, 28]","[4020, 5, 1854, 363, 1]"
648,89,399,1194,0.0009841149140297398,0.0009841149140297398,5,"[5, 26, 27, 28, 29]","[5115, 499, 666, 13, 1]"
649,89,399,1194,0.0009847349140297361,6.199999999963179e-07,5,"[5, 26, 27, 28, 29]","[5201, 181, 855, 41, 2]"
650,89,399,1194,0.0009856449140297307,9.099999999945957e-07,5,"[5, 26, 27, 28, 29]","[5157, 81, 841, 115, 4]"
651,89,399,1195,0.0009841145963591026,0.0009841145963591026,5,"[5, 26, 27, 28, 29]","[4814, 254, 1159, 75, 2]"
652,89,399,1195,0.0009845945963590998,4.799999999971494e-07,5,"[5, 26, 27, 28, 29]","[4833, 84, 1153, 183, 5]"
653,89,399,1195,0.0009850345963590972,4.399999999973869e-07,5,"[5, 26, 27, 28, 29]","[5012, 43, 932, 297, 10]"
654,89,399,1195,0.0009856145963590937,5.799999999965555e-07,5,"[5, 26, 27, 28, 29]","[4929, 14, 717, 488, 39]"
655,89,400,1194,0.0009861737215499733,0.0009861737215499733,5,"[5, 26, 27, 28, 29]","[4824, 1, 285, 964, 190]"
656,89,400,1195,0.000984521206895081,0.000984521206895081,4,"[5, 27, 28, 29]","[4830, 203, 950, 344]"
657,89,400,1195,0.0009849112068950787,3.8999999999768387e-07,4,"[5, 27, 28, 29]","[4660, 83, 1068, 453]"
658,89,400,1195,0.000985221206895077,3.0999999999815897e-07,4,"[5, 27, 28, 29]","[4572, 65, 1162, 552]"
659,89,400,1195,0.0009855112068950752,2.8999999999827775e-07,4,"[5, 27, 28, 29]","[4365, 40, 1140, 557]"
660,89,400,1195,0.0009858512068950732,3.399999999979808e-07,4,"[5, 27, 28, 29]","[4472, 31, 1178, 616]"
661,89,400,1195,0.0009864112068950698,5.599999999966743e-07,4,"[5, 27, 28, 29]","[4403, 14, 1185, 613]"
662,89,400,1196,0.0009861097556596104,0.0009861097556596104,4,"[5, 27, 28, 29]","[4604, 13, 782, 856]"
663,89,401,1195,0.0009852277635522663,0.0009852277635522663,3,"[5, 28, 29]","[5284, 273, 753]"
664,89,401,1195,0.0009857377635522633,5.099999999969712e-07,3,"[5, 28, 29]","[5477, 169, 578]"
665,89,401,1195,0.00098629776355226,5.599999999966743e-07,3,"[5, 28, 29]","[5714, 125, 464]"
666,89,401,1196,0.0009856124349236024,0.0009856124349236024,3,"[5, 28, 29]","[5923, 42, 358]"
667,89,401,1196,0.0009862524349235986,6.399999999961992e-07,3,"[5, 28, 29]","[5990, 12, 183]"
668,89,401,1269,0.0008561967871782487,0.0008561967871782487,3,"[213, 214, 231]","[4995, 222, 1035]"
669,89,402,1195,0.0009866032984054876,0.0009866032984054876,2,"[5, 29]","[6241, 13]"
670,89,402,1196,0.0009857208762641925,0.0009857208762641925,2,"[5, 29]","[6318, 1]"
671,89,402,1196,0.00098616087626419,4.399999999973869e-07,1,[5],[6272]
672,89,402,1196,0.0009865508762641876,3.8999999999768387e-07,1,[5],[6275]
673,89,402,1196,0.0009870308762641848,4.799999999971494e-07,1,[5],[6207]
674,89,402,1268,0.0008541894485103614,0.0008541894485103614,3,"[213, 214, 231]","[4579, 1521, 204]"
675,89,402,1268,0.0008555494485103681,1.3600000000066684e-06,3,"[213, 214, 231]","[4911, 749, 545]"
676,89,402,1269,0.0008536565838384323,0.0008536565838384323,3,"[213, 214, 231]","[5230, 102, 965]"
677,89,402,1269,0.0008541365838384347,4.800000000023535e-07,3,"[213, 214, 231]","[4231, 94, 1931]"
678,89,402,1269,0.0008545165838384365,3.800000000018632e-07,3,"[213, 214, 231]","[3860, 49, 2421]"
679,89,402,1269,0.0008548865838384383,3.700000000018142e-07,3,"[213, 214, 231]","[3677, 33, 2458]"
680,89,402,1269,0.0008553065838384404,4.2000000000205935e-07,3,"[213, 214, 231]","[4111, 13, 2110]"
681,89,402,1269,0.0008559365838384435,6.30000000003089e-07,3,"[213, 214, 231]","[4945, 6, 1331]"
682,89,403,1196,0.000986151195422759,0.000986151195422759,1,[5],[6339]
683,89,403,1196,0.0009866111954227562,4.5999999999726815e-07,1,[5],[6199]
684,89,403,1196,0.0009870511954227536,4.399999999973869e-07,1,[5],[6233]
685,89,403,1196,0.0009877511954227494,6.999999999958428e-07,1,[5],[6264]
686,89,403,1197,0.0009866464837428725,0.0009866464837428725,1,[5],[6258]
687,89,403,1197,0.0009874764837428675,8.299999999950708e-07,1,[5],[6305]
688,89,403,1249,0.0008874007018733468,0.0008874007018733468,1,[119],[6265]
689,89,404,1196,0.00098709747861662,0.00098709747861662,1,[5],[6302]
690,89,404,1197,0.0009866051053289966,0.0009866051053289966,1,[5],[6260]
691,89,404,1197,0.000987055105328994,4.4999999999732754e-07,1,[5],[6272]
692,89,404,1197,0.0009874451053289916,3.8999999999768387e-07,1,[5],[6318]
693,89,404,1197,0.0009879251053289888,4.799999999971494e-07,1,[5],[6157]
694,89,405,1197,0.0009870304168811898,0.0009870304168811898,1,[5],[6312]
695,89,405,1197,0.0009874804168811871,4.4999999999732754e-07,1,[5],[6344]
696,89,405,1197,0.0009878704168811848,3.8999999999768387e-07,1,[5],[6202]
697,89,405,1197,0.000988350416881182,4.799999999971494e-07,1,[5],[6202]
698,89,405,1198,0.0009878073503650957,0.0009878073503650957,1,[5],[6254]
699,89,405,1198,0.0009890073503650886,1.1999999999928734e-06,1,[5],[6256]
700,89,406,1197,0.0009880075608176238,0.0009880075608176238,1,[5],[6260]
701,89,406,1197,0.0009889075608176185,8.999999999946551e-07,1,[5],[6281]
702,89,406,1198,0.0009878088091334499,0.0009878088091334499,1,[5],[6337]
703,89,406,1198,0.0009882488091334473,4.399999999973869e-07,1,[5],[6179]
704,89,406,1198,0.0009886488091334449,3.999999999976245e-07,1,[5],[6347]
705,89,406,1198,0.0009891088091334421,4.5999999999726815e-07,1,[5],[6250]
706,89,406,1227,0.0009451817057080323,0.0009451817057080323,4,"[86, 99, 132, 133]","[5154, 1125, 1, 4]"
707,89,406,1227,0.000946351705708038,1.1700000000057368e-06,3,"[86, 99, 133]","[6140, 78, 1]"
708,89,406,1228,0.0009430923575266163,0.0009430923575266163,3,"[86, 99, 132]","[5989, 283, 1]"
709,89,406,1228,0.0009438723575266201,7.800000000038245e-07,3,"[86, 99, 132]","[5021, 1231, 1]"
710,89,406,1228,0.0009445423575266234,6.700000000032852e-07,3,"[86, 99, 132]","[4716, 1574, 5]"
711,89,406,1228,0.0009454623575266279,9.20000000004511e-07,4,"[86, 99, 132, 133]","[5099, 1114, 9, 3]"
712,89,406,1229,0.0009406681974950501,0.0009406681974950501,1,[86],[6275]
713,89,406,1229,0.0009416981974950552,1.0300000000050503e-06,1,[86],[6234]
714,89,406,1229,0.0009428181974950607,1.1200000000054916e-06,2,"[86, 99]","[6266, 6]"
715,89,406,1230,0.0009382716755844578,0.0009382716755844578,3,"[86, 112, 113]","[6250, 14, 5]"
716,89,406,1230,0.000939341675584463,1.0700000000052464e-06,3,"[86, 112, 113]","[6240, 6, 2]"
717,89,406,1230,0.0009406716755844696,1.3300000000065213e-06,1,[86],[6255]
718,89,406,1231,0.0009368527746091509,0.0009368527746091509,1,[86],[6282]
719,89,406,1231,0.0009375827746091544,7.300000000035793e-07,2,"[86, 112]","[6275, 1]"
720,89,406,1231,0.0009398427746091655,2.2600000000110813e-06,2,"[86, 112]","[6185, 7]"
721,89,406,1232,0.0009363630317811938,0.0009363630317811938,1,[86],[6299]
722,89,406,1232,0.0009370930317811974,7.300000000035793e-07,1,[86],[6263]
723,89,407,1198,0.0009883530990168917,0.0009883530990168917,2,"[5, 30]","[6316, 3]"
724,89,407,1198,0.000988793099016889,4.399999999973869e-07,2,"[5, 30]","[6344, 7]"
725,89,407,1198,0.000989153099016887,3.5999999999786203e-07,2,"[5, 30]","[6152, 15]"
726,89,407,1198,0.0009895430990168846,3.8999999999768387e-07,2,"[5, 30]","[6203, 23]"
727,89,407,1198,0.000990153099016881,6.099999999963773e-07,2,"[5, 30]","[6183, 38]"
728,89,407,1199,0.0009894047768757867,0.0009894047768757867,2,"[5, 30]","[6204, 50]"
729,89,407,1226,0.0009473310613049662,0.0009473310613049662,1,[86],[6274]
730,89,407,1226,0.0009482710613049709,9.40000000004609e-07,1,[86],[6227]
731,89,407,1227,0.0009462742325866483,0.0009462742325866483,3,"[86, 99, 132]","[6116, 176, 1]"
732,89,407,1227,0.0009479242325866564,1.6500000000080903e-06,2,"[86, 99]","[6212, 1]"
733,89,407,1228,0.0009473001988047459,0.0009473001988047459,2,"[86, 99]","[5564, 686]"
734,89,407,1230,0.0009398054935220134,0.0009398054935220134,3,"[86, 112, 113]","[6245, 6, 2]"
735,89,407,1232,0.0009372021510196901,0.0009372021510196901,1,[86],[6262]
736,89,407,1233,0.000936432525160109,0.000936432525160109,1,[86],[6273]
737,89,407,1233,0.0009371625251601126,7.300000000035793e-07,1,[86],[6305]
738,89,407,1234,0.0009371327887535028,0.0009371327887535028,1,[86],[6304]
739,89,408,1198,0.000989189653303401,0.000989189653303401,2,"[5, 30]","[5959, 382]"
740,89,408,1198,0.000989719653303398,5.299999999968524e-07,2,"[5, 30]","[5641, 538]"
741,89,408,1198,0.0009902796533033946,5.599999999966743e-07,2,"[5, 30]","[5747, 567]"
742,89,408,1199,0.0009892477761547073,0.0009892477761547073,2,"[5, 30]","[5640, 645]"
743,89,408,1199,0.0009897077761547046,4.5999999999726815e-07,2,"[5, 30]","[5640, 723]"
744,89,408,1199,0.0009900977761547023,3.8999999999768387e-07,2,"[5, 30]","[5500, 629]"
745,89,408,1199,0.0009905577761546995,4.5999999999726815e-07,2,"[5, 30]","[5673, 593]"
746,89,408,1233,0.0009368740465283735,0.0009368740465283735,1,[86],[6265]
747,89,408,1233,0.0009380240465283791,1.1500000000056387e-06,1,[86],[6246]
748,89,408,1234,0.000936809920230519,0.000936809920230519,1,[86],[6264]
749,89,408,1234,0.0009375399202305226,7.300000000035793e-07,1,[86],[6278]
750,89,409,1198,0.0009903582336799786,0.0009903582336799786,2,"[5, 30]","[5790, 494]"
751,89,409,1198,0.0009921782336799678,1.8199999999891914e-06,2,"[5, 30]","[6116, 105]"
752,89,409,1199,0.0009897112189141593,0.0009897112189141593,2,"[5, 30]","[5926, 371]"
753,89,409,1199,0.0009901112189141569,3.999999999976245e-07,2,"[5, 30]","[6052, 179]"
754,89,409,1199,0.000990421218914155,3.0999999999815897e-07,2,"[5, 30]","[6289, 103]"
755,89,409,1199,0.0009907012189141534,2.7999999999833713e-07,2,"[5, 30]","[6052, 69]"
756,89,409,1199,0.0009910112189141515,3.0999999999815897e-07,2,"[5, 30]","[6346, 50]"
757,89,409,1199,0.0009914012189141492,3.8999999999768387e-07,2,"[5, 30]","[6156, 30]"
758,89,409,1199,0.0009923912189141433,9.899999999941206e-07,2,"[5, 30]","[6132, 9]"
759,89,409,1207,0.0009823663646124398,0.0009823663646124398,1,[33],[6279]
760,89,409,1233,0.0009361495366478961,0.0009361495366478961,1,[86],[6307]
761,89,409,1233,0.0009369495366479,8.000000000039226e-07,1,[86],[6223]
762,89,409,1234,0.0009360963618598476,0.0009360963618598476,1,[86],[6316]
763,89,409,1234,0.0009369063618598516,8.100000000039716e-07,1,[86],[6198]
764,89,410,1199,0.0009903792060500902,0.0009903792060500902,2,"[5, 30]","[6284, 2]"
765,89,410,1199,0.000990749206050088,3.6999999999780264e-07,1,[5],[6386]
766,89,410,1199,0.0009910192060500864,2.699999999983965e-07,2,"[5, 33]","[6156, 1]"
767,89,410,1199,0.000991269206050085,2.499999999985153e-07,2,"[5, 33]","[6410, 1]"
768,89,410,1199,0.0009915092060500835,2.399999999985747e-07,2,"[5, 33]","[6109, 8]"
769,89,410,1199,0.0009917892060500818,2.7999999999833713e-07,2,"[5, 33]","[6274, 13]"
770,89,410,1199,0.0009921392060500797,3.499999999979214e-07,2,"[5, 33]","[6157, 25]"
771,89,410,1199,0.0009929692060500748,8.299999999950708e-07,2,"[5, 33]","[6116, 62]"
772,89,410,1200,0.0009915886683939071,0.0009915886683939071,2,"[5, 33]","[5742, 511]"
773,89,410,1202,0.000988384384962394,0.000988384384962394,3,"[33, 36, 39]","[2838, 3399, 18]"
774,89,410,1203,0.0009866410962045835,0.0009866410962045835,3,"[33, 36, 39]","[4744, 9, 1519]"
775,89,410,1204,0.0009856928015792605,0.0009856928015792605,3,"[33, 39, 232]","[5535, 723, 2]"
776,89,410,1205,0.0009846786566915654,0.0009846786566915654,3,"[33, 39, 232]","[6260, 3, 3]"
777,89,410,1206,0.0009824725676857258,0.0009824725676857258,1,[33],[6252]
778,89,410,1206,0.0009833225676857207,8.49999999994952e-07,1,[33],[6282]
779,89,410,1207,0.0009817536065079495,0.0009817536065079495,1,[33],[6263]
780,89,410,1207,0.000982323606507946,5.699999999966149e-07,1,[33],[6350]
781,89,410,1207,0.0009828636065079429,5.39999999996793e-07,1,[33],[6174]
782,89,410,1207,0.0009839736065079363,1.109999999993408e-06,1,[33],[6220]
783,89,410,1245,0.0008948415407912983,0.0008948415407912983,2,"[117, 128]","[6214, 58]"
784,89,410,1245,0.000895591540791302,7.500000000036774e-07,2,"[117, 128]","[6273, 10]"
785,89,410,1246,0.0008950708817444972,0.0008950708817444972,3,"[117, 128, 129]","[6180, 93, 6]"
786,89,411,1199,0.0009909864193187055,0.0009909864193187055,2,"[5, 33]","[6250, 93]"
787,89,411,1199,0.0009913564193187033,3.6999999999780264e-07,2,"[5, 33]","[6131, 142]"
788,89,411,1199,0.0009916264193187017,2.699999999983965e-07,2,"[5, 33]","[5969, 170]"
789,89,411,1199,0.0009918864193187002,2.599999999984559e-07,2,"[5, 33]","[6262, 254]"
790,89,411,1199,0.0009921364193186987,2.499999999985153e-07,2,"[5, 33]","[5805, 322]"
791,89,411,1199,0.000992426419318697,2.8999999999827775e-07,2,"[5, 33]","[5668, 504]"
792,89,411,1199,0.0009928464193186945,4.199999999975057e-07,2,"[5, 33]","[5409, 833]"
793,89,411,1200,0.0009911132540916941,0.0009911132540916941,2,"[5, 33]","[2393, 3890]"
794,89,411,1200,0.000991633254091691,5.199999999969118e-07,2,"[5, 33]","[3419, 2865]"
795,89,411,1200,0.0009920532540916886,4.199999999975057e-07,2,"[5, 33]","[3533, 2723]"
796,89,411,1200,0.0009925132540916858,4.5999999999726815e-07,2,"[5, 33]","[3315, 2883]"
797,89,411,1200,0.0009934232540916804,9.099999999945957e-07,2,"[5, 33]","[2688, 3548]"
798,89,411,1201,0.000989454804912146,0.000989454804912146,2,"[33, 36]","[4779, 1503]"
799,89,411,1201,0.0009903848049121404,9.299999999944769e-07,3,"[5, 33, 36]","[4, 6157, 70]"
800,89,411,1201,0.0009914148049121343,1.029999999993883e-06,3,"[5, 33, 36]","[10, 6269, 1]"
801,89,411,1202,0.0009875171473945395,0.0009875171473945395,3,"[33, 36, 39]","[4401, 1827, 47]"
802,89,411,1202,0.0009880771473945362,5.599999999966743e-07,2,"[33, 36]","[3413, 2882]"
803,89,411,1202,0.0009885471473945334,4.6999999999720876e-07,2,"[33, 36]","[3199, 3029]"
804,89,411,1202,0.00098910714739453,5.599999999966743e-07,2,"[33, 36]","[3623, 2655]"
805,89,411,1202,0.000990297147394523,1.1899999999929328e-06,2,"[33, 36]","[4827, 1361]"
806,89,411,1203,0.000985864691821333,0.000985864691821333,2,"[33, 39]","[4336, 1954]"
807,89,411,1203,0.0009866346918213284,7.699999999954271e-07,3,"[33, 36, 39]","[5301, 16, 904]"
808,89,411,1203,0.0009874746918213234,8.399999999950114e-07,3,"[33, 36, 39]","[5846, 233, 200]"
809,89,411,1203,0.0009891146918213137,1.6399999999902604e-06,3,"[33, 36, 39]","[4819, 1376, 16]"
810,89,411,1204,0.0009851326595751173,0.0009851326595751173,2,"[33, 39]","[5657, 613]"
811,89,411,1204,0.0009857326595751137,5.999999999964367e-07,2,"[33, 39]","[5402, 839]"
812,89,411,1204,0.000986542659575109,8.099999999951896e-07,2,"[33, 39]","[5449, 806]"
813,89,411,1205,0.0009843867269744126,0.0009843867269744126,3,"[33, 39, 232]","[6288, 1, 3]"
814,89,411,1205,0.0009852567269744074,8.699999999948332e-07,2,"[33, 39]","[6209, 9]"
815,89,411,1206,0.0009830758995284347,0.0009830758995284347,1,[33],[6283]
816,89,411,1206,0.0009844958995284263,1.419999999991567e-06,2,"[33, 232]","[6219, 1]"
817,89,411,1207,0.000984247371841512,0.000984247371841512,1,[33],[6253]
818,89,411,1245,0.0008952926396770786,0.0008952926396770786,3,"[117, 128, 129]","[6235, 35, 1]"
819,89,411,1246,0.0008956266772993475,0.0008956266772993475,3,"[117, 128, 129]","[6209, 50, 2]"
820,89,412,1199,0.0009926350358448023,0.0009926350358448023,2,"[5, 33]","[5468, 790]"
821,89,412,1200,0.0009925058010456108,0.0009925058010456108,2,"[5, 33]","[2519, 3755]"
