,event,pixel_x,pixel_y,reset_time,TSLR,nMCParticles,MC_TrackIDs,MC_Weights
0,60,124,1023,0.0009291023577970416,0.0009291023577970416,1,[86],[6268]
1,60,158,1124,0.001030494072041853,0.001030494072041853,1,[5],[6260]
2,60,158,1124,0.0010317040720418458,1.209999999992814e-06,1,[5],[6256]
3,60,158,1124,0.0010376840720418103,5.979999999964486e-06,2,"[5, 19]","[791, 5454]"
4,60,158,1125,0.0010300418510840706,0.0010300418510840706,1,[5],[6293]
5,60,158,1125,0.001030651851084067,6.099999999963773e-07,1,[5],[6223]
6,60,158,1125,0.001031501851084062,8.49999999994952e-07,1,[5],[6267]
7,60,159,1123,0.0010382468715141439,0.0010382468715141439,2,"[5, 19]","[104, 6163]"
8,60,159,1124,0.001030146978017104,0.001030146978017104,1,[5],[6286]
9,60,159,1124,0.0010310369780170987,8.899999999947145e-07,1,[5],[6240]
10,60,159,1124,0.0010367669780170646,5.729999999965971e-06,2,"[5, 19]","[2731, 3514]"
11,60,159,1124,0.0010374369780170607,6.69999999996021e-07,1,[19],[6307]
12,60,159,1124,0.001038066978017057,6.299999999962586e-07,1,[19],[6237]
13,60,159,1125,0.0010289694580764477,0.0010289694580764477,1,[5],[6293]
14,60,159,1125,0.0010293594580764454,3.8999999999768387e-07,1,[5],[6353]
15,60,159,1125,0.0010296494580764436,2.8999999999827775e-07,1,[5],[6270]
16,60,159,1125,0.0010298994580764421,2.499999999985153e-07,1,[5],[6308]
17,60,159,1125,0.0010301394580764407,2.399999999985747e-07,1,[5],[6132]
18,60,159,1125,0.0010303994580764392,2.599999999984559e-07,1,[5],[6190]
19,60,159,1125,0.0010307094580764373,3.0999999999815897e-07,1,[5],[6220]
20,60,159,1125,0.0010311894580764345,4.799999999971494e-07,1,[5],[6252]
21,60,159,1125,0.001037839458076395,6.649999999960507e-06,2,"[5, 19]","[3597, 2644]"
22,60,159,1126,0.0010294152273228852,0.0010294152273228852,1,[5],[6278]
23,60,159,1126,0.0010310352273228756,1.6199999999903791e-06,1,[5],[6222]
24,60,160,1123,0.0010376413680460432,0.0010376413680460432,2,"[5, 19]","[4, 6273]"
25,60,160,1123,0.0010382313680460397,5.899999999964961e-07,1,[19],[6273]
26,60,160,1123,0.0010391213680460345,8.899999999947145e-07,1,[19],[6217]
27,60,160,1124,0.0010380369532054373,0.0010380369532054373,2,"[5, 19]","[1301, 4976]"
28,60,160,1125,0.0010286443515399068,0.0010286443515399068,1,[5],[6273]
29,60,160,1125,0.0010292043515399034,5.599999999966743e-07,1,[5],[6243]
30,60,160,1125,0.0010297343515399003,5.299999999968524e-07,1,[5],[6240]
31,60,160,1125,0.001030614351539895,8.799999999947739e-07,1,[5],[6245]
32,60,160,1126,0.0010278471483061158,0.0010278471483061158,1,[5],[6251]
33,60,160,1126,0.0010282871483061132,4.399999999973869e-07,1,[5],[6269]
34,60,160,1126,0.001028637148306111,3.499999999979214e-07,1,[5],[6398]
35,60,160,1126,0.0010289571483061092,3.199999999980996e-07,1,[5],[6173]
36,60,160,1126,0.001029317148306107,3.5999999999786203e-07,1,[5],[6200]
37,60,160,1126,0.0010298671483061038,5.499999999967337e-07,1,[5],[6262]
38,60,161,1122,0.0010382169868167687,0.0010382169868167687,1,[19],[6267]
39,60,161,1122,0.0010388969868167647,6.799999999959616e-07,1,[19],[6318]
40,60,161,1123,0.0010383954585792368,0.0010383954585792368,1,[19],[6306]
41,60,161,1126,0.0010272925993774478,0.0010272925993774478,1,[5],[6252]
42,60,161,1126,0.0010278025993774448,5.099999999969712e-07,1,[5],[6373]
43,60,161,1126,0.0010282225993774423,4.199999999975057e-07,1,[5],[6192]
44,60,161,1126,0.0010287125993774394,4.8999999999709e-07,1,[5],[6278]
45,60,161,1126,0.0010299325993774321,1.2199999999927547e-06,1,[5],[6160]
46,60,161,1127,0.0010267875013274291,0.0010267875013274291,1,[5],[6305]
47,60,161,1127,0.0010272875013274262,4.999999999970306e-07,1,[5],[6245]
48,60,161,1127,0.0010277275013274236,4.399999999973869e-07,1,[5],[6287]
49,60,161,1127,0.0010282675013274204,5.39999999996793e-07,1,[5],[6218]
50,60,162,1121,0.0010391214522782132,0.0010391214522782132,3,"[19, 255, 256]","[6220, 42, 1]"
51,60,162,1121,0.0010407814522782033,1.6599999999901416e-06,3,"[19, 255, 256]","[6172, 73, 2]"
52,60,162,1122,0.001038769043928027,0.001038769043928027,2,"[19, 255]","[6278, 2]"
53,60,162,1122,0.0010399590439280199,1.1899999999929328e-06,2,"[19, 255]","[6241, 10]"
54,60,162,1127,0.0010260281737238346,0.0010260281737238346,1,[5],[6323]
55,60,162,1127,0.0010264881737238319,4.5999999999726815e-07,1,[5],[6294]
56,60,162,1127,0.0010268581737238297,3.6999999999780264e-07,1,[5],[6237]
57,60,162,1127,0.0010272281737238275,3.6999999999780264e-07,1,[5],[6206]
58,60,162,1127,0.0010277281737238245,4.999999999970306e-07,1,[5],[6233]
59,60,162,1128,0.0010260289543069913,0.0010260289543069913,1,[5],[6311]
60,60,162,1128,0.001026768954306987,7.399999999956053e-07,1,[5],[6219]
61,60,163,1120,0.001041472478904489,0.001041472478904489,5,"[19, 255, 256, 260, 261]","[6139, 33, 2, 75, 4]"
62,60,163,1121,0.0010392861484711333,0.0010392861484711333,4,"[19, 255, 256, 260]","[6211, 97, 1, 6]"
63,60,163,1121,0.0010399761484711292,6.899999999959022e-07,4,"[19, 255, 256, 260]","[6082, 94, 2, 8]"
64,60,163,1127,0.0010262388692601813,0.0010262388692601813,1,[5],[6297]
65,60,163,1128,0.0010248888139429602,0.0010248888139429602,1,[5],[6296]
66,60,163,1128,0.0010253488139429574,4.5999999999726815e-07,1,[5],[6334]
67,60,163,1128,0.0010256988139429554,3.499999999979214e-07,1,[5],[6161]
68,60,163,1128,0.0010260688139429532,3.6999999999780264e-07,1,[5],[6354]
69,60,163,1128,0.0010265188139429505,4.4999999999732754e-07,1,[5],[6130]
70,60,163,1129,0.0010255349677822645,0.0010255349677822645,1,[5],[6280]
71,60,164,1120,0.0010401980040740993,0.0010401980040740993,4,"[19, 255, 260, 261]","[6124, 3, 132, 2]"
72,60,164,1120,0.0010410780040740941,8.799999999947739e-07,3,"[19, 260, 261]","[6177, 84, 2]"
73,60,164,1121,0.001040540246552112,0.001040540246552112,4,"[19, 255, 256, 260]","[6213, 13, 1, 50]"
74,60,164,1128,0.0010247719191741466,0.0010247719191741466,1,[5],[6292]
75,60,164,1128,0.001025551919174142,7.799999999953677e-07,1,[5],[6255]
76,60,164,1129,0.0010239782770761993,0.0010239782770761993,1,[5],[6271]
77,60,164,1129,0.0010244682770761964,4.8999999999709e-07,1,[5],[6246]
78,60,164,1129,0.0010249082770761937,4.399999999973869e-07,1,[5],[6239]
79,60,164,1129,0.0010254882770761903,5.799999999965555e-07,1,[5],[6294]
80,60,165,1119,0.001042214284448241,0.001042214284448241,1,[19],[6264]
81,60,165,1120,0.0010407781397472487,0.0010407781397472487,2,"[19, 260]","[6270, 15]"
82,60,165,1120,0.0010416381397472436,8.599999999948926e-07,2,"[19, 260]","[6262, 6]"
83,60,165,1129,0.0010236344454594229,0.0010236344454594229,2,"[5, 16]","[6265, 1]"
84,60,165,1129,0.0010241844454594196,5.499999999967337e-07,1,[5],[6338]
85,60,165,1129,0.001024774445459416,5.899999999964961e-07,1,[5],[6216]
86,60,165,1130,0.0010234217872484351,0.0010234217872484351,2,"[5, 16]","[6215, 38]"
87,60,165,1130,0.0010239917872484317,5.699999999966149e-07,2,"[5, 16]","[6233, 22]"
88,60,165,1130,0.0010246917872484276,6.999999999958428e-07,2,"[5, 16]","[6253, 9]"
89,60,166,1119,0.00104186313441413,0.00104186313441413,1,[19],[6283]
90,60,166,1119,0.0010428531344141242,9.899999999941206e-07,1,[19],[6259]
91,60,166,1120,0.001042653975757528,0.001042653975757528,1,[19],[6253]
92,60,166,1130,0.0010228326251149568,0.0010228326251149568,2,"[5, 16]","[5644, 641]"
93,60,166,1130,0.0010232726251149541,4.399999999973869e-07,2,"[5, 16]","[5682, 556]"
94,60,166,1130,0.001023642625114952,3.6999999999780264e-07,2,"[5, 16]","[5936, 431]"
95,60,166,1130,0.0010240526251149495,4.099999999975651e-07,2,"[5, 16]","[5832, 347]"
96,60,166,1130,0.0010249326251149443,8.799999999947739e-07,2,"[5, 16]","[5918, 268]"
97,60,166,1131,0.00102337356808441,0.00102337356808441,3,"[5, 16, 64]","[5492, 778, 1]"
98,60,167,1119,0.0010427355543072118,0.0010427355543072118,1,[19],[6305]
99,60,167,1119,0.0010436255543072065,8.899999999947145e-07,1,[19],[6228]
100,60,167,1130,0.00102297451433453,0.00102297451433453,2,"[5, 16]","[5816, 479]"
101,60,167,1130,0.001023824514334525,8.49999999994952e-07,2,"[5, 16]","[5586, 651]"
102,60,167,1131,0.0010223751131742274,0.0010223751131742274,2,"[5, 16]","[6226, 70]"
103,60,167,1131,0.0010228751131742245,4.999999999970306e-07,2,"[5, 16]","[6054, 166]"
104,60,167,1131,0.0010233651131742216,4.8999999999709e-07,2,"[5, 16]","[6088, 253]"
105,60,167,1131,0.0010243451131742157,9.7999999999418e-07,2,"[5, 16]","[5814, 338]"
106,60,168,1118,0.0010443097254750754,0.0010443097254750754,1,[19],[6282]
107,60,168,1118,0.0010458097254750665,1.4999999999910918e-06,1,[19],[6232]
108,60,168,1119,0.0010442567392979392,0.0010442567392979392,1,[19],[6299]
109,60,168,1131,0.0010218192689923074,0.0010218192689923074,1,[5],[6306]
110,60,168,1131,0.001022369268992304,5.499999999967337e-07,1,[5],[6291]
111,60,168,1131,0.0010229392689923007,5.699999999966149e-07,2,"[5, 16]","[6241, 1]"
112,60,168,1132,0.0010219762752645813,0.0010219762752645813,2,"[5, 62]","[6208, 91]"
113,60,168,1132,0.0010239362752645696,1.95999999998836e-06,1,[5],[6204]
114,60,169,1099,0.0009586371322257582,0.0009586371322257582,1,[198],[6317]
115,60,169,1099,0.000959627132225763,9.900000000048542e-07,1,[198],[6196]
116,60,169,1118,0.0010450306241823412,0.0010450306241823412,1,[19],[6280]
117,60,169,1118,0.0010458806241823361,8.49999999994952e-07,1,[19],[6266]
118,60,169,1131,0.0010218424428240398,0.0010218424428240398,1,[5],[6267]
119,60,169,1132,0.001020722121084079,0.001020722121084079,1,[5],[6314]
120,60,169,1132,0.0010212821210840756,5.599999999966743e-07,1,[5],[6235]
121,60,169,1132,0.0010218521210840722,5.699999999966149e-07,1,[5],[6261]
122,60,169,1132,0.001023742121084061,1.8899999999887757e-06,1,[5],[6193]
123,60,170,1099,0.0009586658878002577,0.0009586658878002577,1,[198],[6331]
124,60,170,1099,0.0009595058878002618,8.400000000041187e-07,1,[198],[6194]
125,60,170,1107,0.0010003064476701432,0.0010003064476701432,2,"[19, 41]","[6277, 9]"
126,60,170,1117,0.0010469637877052959,0.0010469637877052959,1,[19],[6269]
127,60,170,1118,0.0010462722456568636,0.0010462722456568636,1,[19],[6276]
128,60,170,1118,0.0010478622456568541,1.5899999999905573e-06,1,[19],[6225]
129,60,170,1132,0.0010198542428826475,0.0010198542428826475,1,[5],[6309]
130,60,170,1132,0.0010203842428826444,5.299999999968524e-07,1,[5],[6220]
131,60,170,1132,0.0010208942428826414,5.099999999969712e-07,1,[5],[6258]
132,60,170,1132,0.0010216942428826366,7.99999999995249e-07,1,[5],[6217]
133,60,170,1133,0.00102014780009835,0.00102014780009835,1,[5],[6299]
134,60,171,1107,0.0009999064964158588,0.0009999064964158588,2,"[19, 41]","[6055, 242]"
135,60,171,1107,0.0010004764964158554,5.699999999966149e-07,2,"[19, 41]","[5786, 557]"
136,60,171,1107,0.0010010264964158521,5.499999999967337e-07,2,"[19, 41]","[5254, 926]"
137,60,171,1107,0.0010018064964158475,7.799999999953677e-07,2,"[19, 41]","[4964, 1224]"
138,60,171,1108,0.0010008239089889456,0.0010008239089889456,2,"[19, 41]","[3552, 2703]"
139,60,171,1108,0.0010015239089889414,6.999999999958428e-07,2,"[19, 41]","[3896, 2352]"
140,60,171,1108,0.0010023839089889363,8.599999999948926e-07,2,"[19, 41]","[4839, 1412]"
141,60,171,1117,0.0010473459020252129,0.0010473459020252129,4,"[19, 28, 212, 213]","[6250, 3, 4, 32]"
142,60,171,1117,0.0010482559020252075,9.099999999945957e-07,1,[19],[6215]
143,60,171,1132,0.0010194736301444825,0.0010194736301444825,1,[5],[6256]
144,60,171,1132,0.0010204836301444765,1.0099999999940018e-06,1,[5],[6279]
145,60,171,1133,0.0010187147133318812,0.0010187147133318812,1,[5],[6323]
146,60,171,1133,0.0010192847133318778,5.699999999966149e-07,1,[5],[6225]
147,60,171,1133,0.0010198547133318744,5.699999999966149e-07,1,[5],[6244]
148,60,171,1133,0.0010212047133318664,1.3499999999919826e-06,1,[5],[6216]
149,60,172,1107,0.0010142114621208946,0.0010142114621208946,6,"[19, 41, 45, 138, 167, 168]","[3114, 1717, 1, 1290, 124, 5]"
150,60,172,1108,0.0010016895023786361,0.0010016895023786361,2,"[19, 41]","[3647, 2618]"
151,60,172,1108,0.0010029895023786284,1.2999999999922796e-06,2,"[19, 41]","[5682, 586]"
152,60,172,1108,0.001006269502378609,3.2799999999805207e-06,2,"[19, 41]","[6201, 21]"
153,60,172,1108,0.0010127895023785702,6.519999999961279e-06,4,"[19, 138, 167, 168]","[3960, 2321, 5, 1]"
154,60,172,1108,0.0010137395023785646,9.499999999943581e-07,3,"[19, 138, 167]","[27, 6173, 32]"
155,60,172,1108,0.0010145695023785596,8.299999999950708e-07,5,"[19, 138, 139, 167, 168]","[16, 6219, 6, 16, 1]"
156,60,172,1108,0.0010167695023785466,2.1999999999869346e-06,4,"[19, 138, 139, 167]","[25, 5822, 362, 10]"
157,60,172,1109,0.001003113302167268,0.001003113302167268,3,"[19, 41, 60]","[6123, 120, 14]"
158,60,172,1109,0.0010043133021672608,1.1999999999928734e-06,1,[19],[6264]
159,60,172,1109,0.0010055833021672532,1.2699999999924577e-06,1,[19],[6258]
160,60,172,1109,0.0010073533021672427,1.7699999999894883e-06,1,[19],[6235]
161,60,172,1109,0.0010127933021672104,5.439999999967693e-06,2,"[19, 138]","[5744, 493]"
162,60,172,1109,0.0010166133021671877,3.819999999977314e-06,4,"[19, 138, 139, 167]","[374, 3878, 1999, 1]"
163,60,172,1110,0.001023411528276811,0.001023411528276811,9,"[19, 36, 39, 60, 105, 108, 113, 138, 139]","[5130, 4, 178, 538, 1, 8, 1, 28, 372]"
164,60,172,1111,0.0010245760355147506,0.0010245760355147506,7,"[19, 36, 39, 60, 108, 113, 114]","[5466, 487, 6, 254, 54, 3, 3]"
165,60,172,1111,0.0010257360355147437,1.159999999993111e-06,5,"[19, 36, 108, 113, 114]","[4722, 1520, 6, 2, 1]"
166,60,172,1111,0.001027356035514734,1.6199999999903791e-06,3,"[19, 34, 36]","[5576, 76, 590]"
167,60,172,1111,0.0010301860355147172,2.829999999983193e-06,4,"[19, 33, 34, 36]","[3731, 836, 1663, 7]"
168,60,172,1112,0.001027245479363227,0.001027245479363227,6,"[19, 33, 34, 36, 60, 113]","[5330, 4, 127, 809, 1, 2]"
169,60,172,1112,0.0010285154793632195,1.2699999999924577e-06,4,"[19, 33, 34, 36]","[4115, 309, 1832, 1]"
170,60,172,1112,0.0010292954793632149,7.799999999953677e-07,3,"[19, 33, 34]","[3192, 1441, 1591]"
171,60,172,1112,0.00103010547936321,8.099999999951896e-07,3,"[19, 33, 34]","[3538, 2129, 634]"
172,60,172,1112,0.0010311554793632038,1.0499999999937643e-06,3,"[19, 33, 34]","[4966, 1171, 86]"
173,60,172,1112,0.001033315479363191,2.159999999987172e-06,5,"[19, 33, 34, 171, 189]","[6144, 83, 1, 1, 2]"
174,60,172,1113,0.001031974074195995,0.001031974074195995,6,"[19, 33, 34, 36, 171, 176]","[5524, 529, 198, 3, 10, 9]"
175,60,172,1113,0.0010332540741959874,1.2799999999923983e-06,5,"[19, 33, 171, 172, 189]","[6132, 1, 95, 3, 11]"
176,60,172,1113,0.0010343540741959809,1.0999999999934673e-06,4,"[19, 171, 172, 189]","[6145, 64, 3, 28]"
177,60,172,1113,0.0010357840741959724,1.4299999999915075e-06,4,"[19, 171, 175, 189]","[6243, 8, 1, 3]"
178,60,172,1114,0.0010356939018943117,0.0010356939018943117,4,"[19, 171, 176, 189]","[5968, 156, 161, 6]"
179,60,172,1114,0.001037003901894304,1.3099999999922202e-06,2,"[19, 175]","[6207, 48]"
180,60,172,1114,0.0010382339018942966,1.2299999999926953e-06,2,"[19, 175]","[6130, 81]"
181,60,172,1114,0.0010397439018942876,1.5099999999910324e-06,2,"[19, 175]","[6255, 7]"
182,60,172,1115,0.0010397055509700848,0.0010397055509700848,5,"[19, 171, 175, 176, 191]","[6197, 1, 19, 55, 13]"
183,60,172,1115,0.001041035550970077,1.3299999999921014e-06,1,[19],[6254]
184,60,172,1115,0.0010422355509700698,1.1999999999928734e-06,1,[19],[6238]
185,60,172,1115,0.001043715550970061,1.4799999999912106e-06,3,"[19, 28, 213]","[6238, 9, 3]"
186,60,172,1115,0.0010460355509700472,2.319999999986222e-06,5,"[19, 28, 212, 213, 246]","[4734, 667, 117, 716, 11]"
187,60,172,1116,0.001044099512990381,0.001044099512990381,5,"[19, 28, 191, 212, 213]","[6041, 88, 75, 5, 46]"
188,60,172,1116,0.001045279512990374,1.1799999999929922e-06,4,"[19, 28, 212, 213]","[4288, 1041, 198, 759]"
189,60,172,1116,0.0010460595129903694,7.799999999953677e-07,5,"[19, 28, 212, 213, 246]","[3113, 1201, 635, 1288, 31]"
190,60,172,1116,0.001046969512990364,9.099999999945957e-07,5,"[19, 28, 212, 213, 246]","[3689, 561, 928, 880, 139]"
191,60,172,1116,0.0010482395129903564,1.2699999999924577e-06,6,"[19, 28, 212, 213, 231, 246]","[5536, 53, 319, 139, 1, 235]"
192,60,172,1117,0.0010478944407181167,0.0010478944407181167,7,"[19, 28, 191, 212, 213, 230, 246]","[5598, 184, 11, 262, 186, 2, 18]"
193,60,172,1117,0.0010487344407181117,8.399999999950114e-07,4,"[19, 212, 230, 246]","[6288, 3, 4, 5]"
194,60,172,1117,0.001050354440718102,1.6199999999903791e-06,3,"[19, 230, 231]","[6181, 6, 2]"
195,60,172,1133,0.0010177112871532024,0.0010177112871532024,1,[5],[6265]
196,60,172,1133,0.0010182512871531992,5.39999999996793e-07,1,[5],[6273]
197,60,172,1133,0.0010187312871531963,4.799999999971494e-07,1,[5],[6315]
198,60,172,1133,0.0010193512871531927,6.199999999963179e-07,1,[5],[6191]
199,60,172,1134,0.0010190126923069356,0.0010190126923069356,1,[5],[6266]
200,60,173,1108,0.0010091173227509142,0.0010091173227509142,2,"[19, 41]","[6249, 20]"
201,60,173,1108,0.0010119973227508971,2.8799999999828962e-06,2,"[19, 138]","[6021, 212]"
202,60,173,1108,0.0010135073227508882,1.5099999999910324e-06,3,"[19, 138, 167]","[2042, 4209, 2]"
203,60,173,1108,0.0010144673227508825,9.599999999942987e-07,4,"[19, 138, 139, 167]","[826, 5465, 22, 4]"
204,60,173,1108,0.001015227322750878,7.599999999954865e-07,3,"[19, 138, 139]","[439, 5642, 168]"
205,60,173,1108,0.0010159773227508735,7.499999999955459e-07,3,"[19, 138, 139]","[277, 5285, 652]"
206,60,173,1108,0.0010172673227508658,1.289999999992339e-06,3,"[19, 138, 139]","[256, 4447, 1518]"
207,60,173,1109,0.0010066129554394496,0.0010066129554394496,1,[19],[6275]
208,60,173,1109,0.001008412955439439,1.7999999999893102e-06,1,[19],[6250]
209,60,173,1109,0.0010097929554394307,1.3799999999918044e-06,1,[19],[6242]
210,60,173,1109,0.0010110329554394234,1.2399999999926359e-06,2,"[19, 138]","[6251, 1]"
211,60,173,1109,0.0010123929554394153,1.3599999999919232e-06,2,"[19, 138]","[6112, 145]"
212,60,173,1109,0.0010137029554394075,1.3099999999922202e-06,3,"[19, 138, 139]","[5283, 971, 7]"
213,60,173,1109,0.0010147629554394012,1.0599999999937049e-06,3,"[19, 138, 139]","[4407, 1490, 345]"
214,60,173,1109,0.0010154229554393973,6.599999999960804e-07,3,"[19, 138, 139]","[2799, 1866, 1644]"
215,60,173,1109,0.0010158729554393946,4.4999999999732754e-07,3,"[19, 138, 139]","[1934, 1779, 2452]"
216,60,173,1109,0.0010162729554393922,3.999999999976245e-07,3,"[19, 138, 139]","[1652, 1724, 2928]"
217,60,173,1109,0.0010166929554393897,4.199999999975057e-07,3,"[19, 138, 139]","[1648, 1722, 2862]"
218,60,173,1109,0.0010172529554393864,5.599999999966743e-07,4,"[19, 105, 138, 139]","[2104, 1, 1661, 2537]"
219,60,173,1109,0.0010184629554393792,1.209999999992814e-06,5,"[19, 39, 105, 138, 139]","[3794, 6, 23, 1047, 1290]"
220,60,173,1109,0.0010209229554393646,2.4599999999853905e-06,5,"[19, 39, 105, 138, 139]","[4950, 1210, 19, 34, 35]"
221,60,173,1110,0.0010167868348929042,0.0010167868348929042,5,"[19, 60, 105, 138, 139]","[4772, 15, 1, 110, 1375]"
222,60,173,1110,0.0010188968348928916,2.109999999987469e-06,5,"[19, 39, 105, 138, 139]","[5683, 140, 35, 77, 330]"
223,60,173,1110,0.001020016834892885,1.1199999999933485e-06,3,"[19, 39, 105]","[4981, 1277, 9]"
224,60,173,1110,0.0010208768348928799,8.599999999948926e-07,2,"[19, 39]","[4823, 1408]"
225,60,173,1110,0.0010218368348928742,9.599999999942987e-07,3,"[19, 39, 108]","[5797, 474, 1]"
226,60,173,1110,0.001023196834892866,1.3599999999919232e-06,5,"[19, 36, 39, 108, 109]","[6147, 2, 34, 12, 1]"
227,60,173,1111,0.001023053315582888,0.001023053315582888,6,"[19, 36, 39, 60, 108, 139]","[6115, 4, 121, 12, 22, 1]"
228,60,173,1111,0.00102441331558288,1.3599999999919232e-06,6,"[19, 36, 108, 109, 113, 114]","[5829, 306, 95, 5, 3, 4]"
229,60,173,1111,0.0010255433155828733,1.1299999999932892e-06,4,"[19, 36, 108, 113]","[4964, 1250, 17, 5]"
230,60,173,1111,0.001027423315582862,1.879999999988835e-06,5,"[19, 33, 34, 36, 113]","[5447, 1, 67, 735, 1]"
231,60,173,1112,0.0010276685192584804,0.0010276685192584804,6,"[19, 33, 34, 36, 108, 109]","[5244, 9, 300, 706, 3, 1]"
232,60,173,1112,0.001029258519258471,1.5899999999905573e-06,3,"[19, 33, 34]","[3379, 893, 1971]"
233,60,173,1112,0.0010309585192584609,1.699999999989904e-06,3,"[19, 33, 34]","[3903, 1824, 534]"
234,60,173,1113,0.0010338418319831995,0.0010338418319831995,7,"[19, 33, 34, 36, 171, 172, 189]","[5854, 266, 103, 2, 23, 1, 10]"
235,60,173,1114,0.0010390402388286083,0.0010390402388286083,7,"[19, 33, 171, 172, 175, 176, 189]","[6192, 1, 17, 2, 45, 2, 1]"
236,60,173,1115,0.0010425528948213654,0.0010425528948213654,3,"[19, 175, 191]","[6244, 1, 11]"
237,60,173,1115,0.0010475928948213355,5.039999999970068e-06,5,"[19, 28, 212, 213, 246]","[5047, 634, 288, 147, 129]"
238,60,173,1116,0.0010452992287148099,0.0010452992287148099,6,"[19, 28, 191, 212, 213, 246]","[5079, 854, 86, 147, 103, 2]"
239,60,173,1116,0.0010466692287148017,1.3699999999918638e-06,5,"[19, 28, 212, 213, 246]","[3822, 1082, 1019, 217, 90]"
240,60,173,1116,0.0010485392287147906,1.8699999999888944e-06,6,"[19, 28, 212, 213, 230, 246]","[5339, 84, 521, 40, 2, 275]"
241,60,173,1133,0.0010171561213115192,0.0010171561213115192,1,[5],[6316]
242,60,173,1133,0.001017876121311515,7.199999999957241e-07,1,[5],[6222]
243,60,173,1133,0.001019556121311505,1.6799999999900228e-06,1,[5],[6213]
244,60,173,1134,0.0010167987106827015,0.0010167987106827015,1,[5],[6260]
245,60,173,1134,0.001017548710682697,7.499999999955459e-07,1,[5],[6278]
246,60,174,1109,0.001013278605086249,0.001013278605086249,3,"[19, 138, 139]","[6255, 8, 1]"
247,60,174,1109,0.0010154086050862363,2.1299999999873503e-06,3,"[19, 138, 139]","[5756, 320, 174]"
248,60,174,1109,0.0010171186050862261,1.7099999999898446e-06,4,"[19, 105, 138, 139]","[4003, 3, 1259, 1000]"
249,60,174,1110,0.0010195687541163223,0.0010195687541163223,5,"[19, 39, 105, 138, 139]","[5822, 233, 26, 45, 124]"
250,60,174,1133,0.0010176115128485625,0.0010176115128485625,1,[5],[6256]
251,60,174,1134,0.001015684248776146,0.001015684248776146,1,[5],[6314]
252,60,174,1134,0.0010162242487761427,5.39999999996793e-07,1,[5],[6284]
253,60,174,1134,0.0010167242487761398,4.999999999970306e-07,1,[5],[6224]
254,60,174,1134,0.0010174542487761354,7.299999999956647e-07,1,[5],[6203]
255,60,175,1134,0.0010150403279713322,0.0010150403279713322,1,[5],[6312]
256,60,175,1134,0.0010156603279713285,6.199999999963179e-07,1,[5],[6220]
257,60,175,1134,0.001016420327971324,7.599999999954865e-07,1,[5],[6263]
258,60,175,1135,0.0010151208600248523,0.0010151208600248523,1,[5],[6274]
259,60,175,1135,0.001016690860024843,1.569999999990676e-06,1,[5],[6227]
260,60,176,1134,0.001015081943075226,0.001015081943075226,1,[5],[6278]
261,60,176,1135,0.0010138664867849422,0.0010138664867849422,1,[5],[6338]
262,60,176,1135,0.0010144564867849387,5.899999999964961e-07,1,[5],[6238]
263,60,176,1135,0.0010150464867849352,5.899999999964961e-07,1,[5],[6202]
264,60,177,1135,0.0010130738003999783,0.0010130738003999783,1,[5],[6331]
265,60,177,1135,0.0010136638003999747,5.899999999964961e-07,1,[5],[6194]
266,60,177,1135,0.0010143238003999708,6.599999999960804e-07,1,[5],[6276]
267,60,177,1136,0.001013384310229938,0.001013384310229938,1,[5],[6292]
268,60,178,1135,0.0010128588210614037,0.0010128588210614037,1,[5],[6297]
269,60,178,1136,0.0010118816140901083,0.0010118816140901083,1,[5],[6344]
270,60,178,1136,0.0010124916140901046,6.099999999963773e-07,1,[5],[6217]
271,60,178,1136,0.0010131616140901007,6.69999999996021e-07,1,[5],[6230]
272,60,179,1136,0.0010109827449578353,0.0010109827449578353,1,[5],[6289]
273,60,179,1136,0.0010115927449578317,6.099999999963773e-07,1,[5],[6256]
274,60,179,1136,0.001012232744957828,6.399999999961992e-07,1,[5],[6279]
275,60,179,1137,0.0010115005720251322,0.0010115005720251322,1,[5],[6269]
276,60,180,1136,0.001010609232991576,0.001010609232991576,1,[5],[6301]
277,60,180,1136,0.001012319232991566,1.7099999999898446e-06,1,[5],[6206]
278,60,180,1137,0.0010097376944583484,0.0010097376944583484,1,[5],[6276]
279,60,180,1137,0.0010104076944583444,6.69999999996021e-07,1,[5],[6318]
280,60,180,1137,0.0010112076944583397,7.99999999995249e-07,1,[5],[6206]
281,60,181,1137,0.0010087786032199246,0.0010087786032199246,1,[5],[6286]
282,60,181,1137,0.0010093686032199211,5.899999999964961e-07,1,[5],[6281]
283,60,181,1137,0.0010099686032199176,5.999999999964367e-07,1,[5],[6223]
284,60,181,1138,0.0010100459221316798,0.0010100459221316798,1,[5],[6259]
285,60,182,1137,0.0010082303854354344,0.0010082303854354344,1,[5],[6311]
286,60,182,1137,0.0010090803854354293,8.49999999994952e-07,1,[5],[6197]
287,60,182,1138,0.0010078988165763878,0.0010078988165763878,1,[5],[6252]
288,60,182,1138,0.001008718816576383,8.199999999951302e-07,1,[5],[6274]
289,60,183,1137,0.0010085842104885854,0.0010085842104885854,2,"[5, 15]","[6217, 35]"
290,60,183,1138,0.001006767438217332,0.001006767438217332,2,"[5, 15]","[5918, 357]"
291,60,183,1138,0.0010073374382173286,5.699999999966149e-07,2,"[5, 15]","[6112, 173]"
292,60,183,1138,0.0010078874382173253,5.499999999967337e-07,2,"[5, 15]","[6134, 65]"
293,60,183,1138,0.0010093174382173168,1.4299999999915075e-06,2,"[5, 15]","[6224, 19]"
294,60,184,1138,0.0010059965405879207,0.0010059965405879207,2,"[5, 15]","[5555, 771]"
295,60,184,1138,0.0010064965405879177,4.999999999970306e-07,2,"[5, 15]","[5269, 1011]"
296,60,184,1138,0.001006956540587915,4.5999999999726815e-07,2,"[5, 15]","[5143, 1063]"
297,60,184,1138,0.0010076665405879108,7.099999999957834e-07,2,"[5, 15]","[5233, 976]"
298,60,184,1139,0.001006847604338886,0.001006847604338886,2,"[5, 15]","[5437, 830]"
299,60,185,1138,0.0010056416188466925,0.0010056416188466925,2,"[5, 15]","[6232, 49]"
300,60,185,1138,0.0010063316188466884,6.899999999959022e-07,2,"[5, 15]","[6115, 155]"
301,60,185,1139,0.0010057192172472323,0.0010057192172472323,2,"[5, 15]","[6283, 10]"
302,60,185,1139,0.0010067592172472262,1.0399999999938236e-06,2,"[5, 15]","[6110, 99]"
303,60,186,1138,0.0010054529851184304,0.0010054529851184304,1,[5],[6281]
304,60,186,1139,0.0010048393668194015,0.0010048393668194015,1,[5],[6267]
305,60,186,1139,0.0010054893668193976,6.499999999961398e-07,1,[5],[6247]
306,60,186,1139,0.0010066893668193905,1.1999999999928734e-06,1,[5],[6237]
307,60,187,1139,0.0010040639227885445,0.0010040639227885445,1,[5],[6303]
308,60,187,1139,0.0010046139227885412,5.499999999967337e-07,1,[5],[6287]
309,60,187,1139,0.0010052139227885377,5.999999999964367e-07,1,[5],[6171]
310,60,188,1139,0.0010034305060247785,0.0010034305060247785,1,[5],[6290]
311,60,188,1139,0.0010039705060247753,5.39999999996793e-07,1,[5],[6262]
312,60,188,1139,0.001004540506024772,5.699999999966149e-07,1,[5],[6245]
313,60,189,1139,0.0010029074462747315,0.0010029074462747315,1,[5],[6315]
314,60,189,1139,0.0010035474462747277,6.399999999961992e-07,1,[5],[6197]
315,60,189,1139,0.0010045674462747217,1.0199999999939424e-06,1,[5],[6259]
316,60,189,1140,0.0010033531886121066,0.0010033531886121066,1,[5],[6273]
317,60,190,1139,0.0010025706231603514,0.0010025706231603514,1,[5],[6255]
318,60,190,1139,0.001003820623160344,1.2499999999925765e-06,1,[5],[6252]
319,60,190,1140,0.0010021961696375084,0.0010021961696375084,1,[5],[6288]
320,60,190,1140,0.001002946169637504,7.499999999955459e-07,1,[5],[6277]
321,60,191,1139,0.0010029677185675221,0.0010029677185675221,1,[5],[6258]
322,60,191,1140,0.001001370018432845,0.001001370018432845,1,[5],[6281]
323,60,191,1140,0.0010019300184328417,5.599999999966743e-07,1,[5],[6259]
324,60,191,1140,0.0010025900184328378,6.599999999960804e-07,1,[5],[6268]
325,60,192,1140,0.0010006862597463527,0.0010006862597463527,1,[5],[6280]
326,60,192,1140,0.0010012462597463493,5.599999999966743e-07,1,[5],[6235]
327,60,192,1140,0.0010018362597463458,5.899999999964961e-07,1,[5],[6247]
328,60,193,1140,0.0010002149398364443,0.0010002149398364443,1,[5],[6258]
329,60,193,1140,0.0010009149398364401,6.999999999958428e-07,1,[5],[6289]
330,60,193,1141,0.0010005946555387678,0.0010005946555387678,1,[5],[6254]
331,60,194,1140,0.0010000950239167096,0.0010000950239167096,1,[5],[6287]
332,60,194,1141,0.0009995813634985336,0.0009995813634985336,1,[5],[6311]
333,60,194,1141,0.0010003913634985288,8.099999999951896e-07,1,[5],[6218]
334,60,195,1141,0.0009988229197140453,0.0009988229197140453,1,[5],[6251]
335,60,195,1141,0.0009994429197140416,6.199999999963179e-07,1,[5],[6328]
336,60,195,1141,0.0010002729197140367,8.299999999950708e-07,1,[5],[6203]
337,60,196,1141,0.0009982578038424434,0.0009982578038424434,2,"[5, 14]","[6139, 176]"
338,60,196,1141,0.0009988778038424397,6.199999999963179e-07,2,"[5, 14]","[6211, 20]"
339,60,196,1141,0.0009997278038424346,8.49999999994952e-07,2,"[5, 14]","[6198, 14]"
340,60,197,1141,0.0009975333611923088,0.0009975333611923088,2,"[5, 14]","[3567, 2701]"
341,60,197,1141,0.0009981233611923053,5.899999999964961e-07,2,"[5, 14]","[4503, 1764]"
342,60,197,1141,0.0009988033611923013,6.799999999959616e-07,2,"[5, 14]","[5039, 1226]"
343,60,197,1142,0.000997211141871256,0.000997211141871256,2,"[5, 14]","[1752, 4507]"
344,60,197,1142,0.000997741141871253,5.299999999968524e-07,2,"[5, 14]","[2320, 3962]"
345,60,197,1142,0.00099824114187125,4.999999999970306e-07,2,"[5, 14]","[2839, 3381]"
346,60,197,1142,0.000999251141871244,1.0099999999940018e-06,2,"[5, 14]","[3339, 2906]"
347,60,198,1141,0.000997521747826491,0.000997521747826491,2,"[5, 14]","[4323, 1976]"
348,60,198,1141,0.000998511747826485,9.899999999941206e-07,2,"[5, 14]","[4034, 2186]"
349,60,198,1142,0.0009969811204213071,0.0009969811204213071,2,"[5, 14]","[4528, 1752]"
350,60,198,1142,0.0009974711204213042,4.8999999999709e-07,2,"[5, 14]","[4065, 2166]"
351,60,198,1142,0.0009979511204213014,4.799999999971494e-07,2,"[5, 14]","[3816, 2540]"
352,60,198,1142,0.0009987511204212966,7.99999999995249e-07,2,"[5, 14]","[3417, 2723]"
353,60,199,1142,0.0009965839258991337,0.0009965839258991337,2,"[5, 14]","[6285, 13]"
354,60,199,1142,0.0009971639258991303,5.799999999965555e-07,2,"[5, 14]","[6181, 36]"
355,60,199,1142,0.0009979539258991256,7.899999999953083e-07,2,"[5, 14]","[6172, 68]"
356,60,200,1142,0.0009961935411083693,0.0009961935411083693,1,[5],[6310]
357,60,200,1142,0.0009968635411083653,6.69999999996021e-07,1,[5],[6255]
358,60,200,1143,0.0009969519213162252,0.0009969519213162252,1,[5],[6266]
359,60,201,1142,0.0009960869261739448,0.0009960869261739448,1,[5],[6257]
360,60,201,1143,0.0009956905281465265,0.0009956905281465265,1,[5],[6315]
361,60,201,1143,0.0009965905281465212,8.999999999946551e-07,1,[5],[6214]
362,60,202,1143,0.0009949606510214332,0.0009949606510214332,1,[5],[6290]
363,60,202,1143,0.0009955506510214297,5.899999999964961e-07,1,[5],[6299]
364,60,202,1143,0.0009963206510214251,7.699999999954271e-07,1,[5],[6208]
365,60,203,1143,0.00099444084431773,0.00099444084431773,1,[5],[6280]
366,60,203,1143,0.0009950308443177265,5.899999999964961e-07,1,[5],[6294]
367,60,203,1143,0.0009958308443177217,7.99999999995249e-07,1,[5],[6221]
368,60,204,1143,0.0009941081995799004,0.0009941081995799004,1,[5],[6251]
369,60,204,1143,0.0009949081995798957,7.99999999995249e-07,1,[5],[6282]
370,60,204,1144,0.0009942272874896255,0.0009942272874896255,1,[5],[6296]
371,60,205,1143,0.0009941990862769787,0.0009941990862769787,1,[5],[6255]
372,60,205,1144,0.0009933389745726115,0.0009933389745726115,1,[5],[6295]
373,60,205,1144,0.0009940089745726075,6.69999999996021e-07,1,[5],[6267]
374,60,206,1144,0.0009927525960992864,0.0009927525960992864,1,[5],[6320]
375,60,206,1144,0.0009933825960992827,6.299999999962586e-07,1,[5],[6258]
376,60,206,1144,0.000994352596099277,9.699999999942394e-07,1,[5],[6186]
377,60,207,1144,0.0009920850393258956,0.0009920850393258956,1,[5],[6251]
378,60,207,1144,0.0009927850393258914,6.999999999958428e-07,1,[5],[6306]
379,60,208,1144,0.0009915195205679286,0.0009915195205679286,1,[5],[6256]
380,60,208,1144,0.0009924095205679233,8.899999999947145e-07,1,[5],[6277]
381,60,208,1145,0.0009919112985723542,0.0009919112985723542,1,[5],[6278]
382,60,209,1144,0.0009910974015081234,0.0009910974015081234,1,[5],[6283]
383,60,209,1145,0.000990786753239119,0.000990786753239119,1,[5],[6265]
384,60,209,1145,0.0009919467532391122,1.159999999993111e-06,1,[5],[6260]
385,60,210,1144,0.0009911916362921231,0.0009911916362921231,1,[5],[6261]
386,60,210,1145,0.0009898460989727158,0.0009898460989727158,1,[5],[6264]
387,60,210,1145,0.0009905960989727114,7.499999999955459e-07,1,[5],[6257]
388,60,211,1145,0.0009889983119088434,0.0009889983119088434,2,"[5, 13]","[5829, 426]"
389,60,211,1145,0.0009896483119088396,6.499999999961398e-07,2,"[5, 13]","[6123, 177]"
390,60,211,1145,0.0009905583119088342,9.099999999945957e-07,2,"[5, 13]","[6135, 81]"
391,60,212,1145,0.0009881789681996953,0.0009881789681996953,2,"[5, 13]","[5046, 1290]"
392,60,212,1145,0.0009886989681996922,5.199999999969118e-07,2,"[5, 13]","[4469, 1747]"
393,60,212,1145,0.0009891989681996892,4.999999999970306e-07,2,"[5, 13]","[4328, 1885]"
394,60,212,1145,0.0009902089681996832,1.0099999999940018e-06,2,"[5, 13]","[4353, 1890]"
395,60,213,1145,0.000987553011805226,0.000987553011805226,2,"[5, 13]","[6219, 64]"
396,60,213,1145,0.0009882930118052216,7.399999999956053e-07,2,"[5, 13]","[5982, 268]"
397,60,213,1146,0.0009888888524324775,0.0009888888524324775,2,"[5, 13]","[6078, 172]"
398,60,214,1145,0.000986826885019187,0.000986826885019187,1,[5],[6263]
399,60,214,1145,0.0009878068850191811,9.7999999999418e-07,1,[5],[6278]
400,60,214,1146,0.0009873306583617805,0.0009873306583617805,1,[5],[6262]
401,60,215,1145,0.0009861617881433465,0.0009861617881433465,1,[5],[6274]
402,60,215,1145,0.0009878317881433366,1.6699999999900822e-06,1,[5],[6228]
403,60,215,1146,0.0009861840684690954,0.0009861840684690954,1,[5],[6262]
404,60,216,1145,0.0009855980701830175,0.0009855980701830175,1,[5],[6288]
405,60,216,1146,0.0009851378165250588,0.0009851378165250588,1,[5],[6326]
406,60,216,1146,0.0009862278165250523,1.0899999999935267e-06,1,[5],[6187]
407,60,217,1145,0.000985208496069405,0.000985208496069405,1,[5],[6258]
408,60,217,1146,0.0009840407514955182,0.0009840407514955182,1,[5],[6313]
409,60,217,1146,0.0009848607514955133,8.199999999951302e-07,1,[5],[6201]
410,60,218,1146,0.0009829548150725863,0.0009829548150725863,1,[5],[6267]
411,60,218,1146,0.0009836548150725822,6.999999999958428e-07,1,[5],[6238]
412,60,218,1146,0.0009846648150725762,1.0099999999940018e-06,1,[5],[6248]
413,60,219,1146,0.0009819378995643794,0.0009819378995643794,1,[5],[6277]
414,60,219,1146,0.0009825978995643754,6.599999999960804e-07,1,[5],[6263]
415,60,219,1146,0.0009834178995643706,8.199999999951302e-07,1,[5],[6215]
416,60,220,1146,0.0009809427601781071,0.0009809427601781071,1,[5],[6261]
417,60,220,1146,0.0009815827601781033,6.399999999961992e-07,1,[5],[6246]
418,60,220,1146,0.0009823927601780985,8.099999999951896e-07,1,[5],[6261]
419,60,221,1146,0.0009799817542389642,0.0009799817542389642,1,[5],[6301]
420,60,221,1146,0.0009806417542389603,6.599999999960804e-07,1,[5],[6264]
421,60,221,1146,0.0009814817542389553,8.399999999950114e-07,1,[5],[6217]
422,60,222,1146,0.000979049186106702,0.000979049186106702,2,"[5, 12]","[6266, 2]"
423,60,222,1146,0.0009797591861066977,7.099999999957834e-07,1,[5],[6240]
424,60,222,1146,0.0009809591861066906,1.1999999999928734e-06,1,[5],[6269]
425,60,222,1147,0.0009804258693467565,0.0009804258693467565,2,"[5, 12]","[6260, 3]"
426,60,223,1146,0.0009780820112505271,0.0009780820112505271,2,"[5, 12]","[5616, 698]"
427,60,223,1146,0.0009788420112505226,7.599999999954865e-07,2,"[5, 12]","[5952, 260]"
428,60,223,1147,0.000978628449364395,0.000978628449364395,2,"[5, 12]","[5570, 709]"
429,60,224,1146,0.0009772696824677806,0.0009772696824677806,2,"[5, 12]","[5227, 1084]"
430,60,224,1146,0.0009780296824677761,7.599999999954865e-07,2,"[5, 12]","[4535, 1692]"
431,60,224,1147,0.0009774049455334988,0.0009774049455334988,2,"[5, 12]","[5243, 1028]"
432,60,224,1147,0.0009786249455334916,1.2199999999927547e-06,2,"[5, 12]","[4529, 1721]"
433,60,225,1146,0.0009767249619655942,0.0009767249619655942,2,"[5, 12]","[6242, 29]"
434,60,225,1147,0.0009764416580333771,0.0009764416580333771,2,"[5, 12]","[6310, 8]"
435,60,225,1147,0.0009778816580333699,1.4399999999927492e-06,2,"[5, 12]","[6067, 123]"
436,60,226,1146,0.0009762641062068671,0.0009762641062068671,1,[5],[6260]
437,60,226,1147,0.000975365521465401,0.000975365521465401,1,[5],[6253]
438,60,226,1147,0.0009762955214654055,9.3000000000456e-07,1,[5],[6288]
439,60,227,1147,0.0009743316432306111,0.0009743316432306111,2,"[5, 11]","[6258, 21]"
440,60,227,1147,0.000975121643230615,7.900000000038735e-07,1,[5],[6250]
441,60,228,1147,0.0009729553178945289,0.0009729553178945289,2,"[5, 11]","[3307, 3002]"
442,60,228,1147,0.0009736453178945323,6.900000000033832e-07,2,"[5, 11]","[5340, 856]"
443,60,228,1147,0.0009744153178945361,7.700000000037755e-07,2,"[5, 11]","[6076, 197]"
444,60,229,1147,0.0009720190002834632,0.0009720190002834632,2,"[5, 11]","[3142, 3124]"
445,60,229,1147,0.0009724790002834655,4.600000000022555e-07,2,"[5, 11]","[3169, 3155]"
446,60,229,1147,0.0009728690002834674,3.9000000000191225e-07,2,"[5, 11]","[3265, 2905]"
447,60,229,1147,0.0009733290002834696,4.600000000022555e-07,2,"[5, 11]","[3749, 2506]"
448,60,229,1147,0.0009744090002834749,1.0800000000052955e-06,2,"[5, 11]","[4513, 1727]"
449,60,229,1148,0.0009736342878964904,0.0009736342878964904,2,"[5, 11]","[2240, 4017]"
450,60,230,1147,0.0009714959570444523,0.0009714959570444523,2,"[5, 11]","[6195, 84]"
451,60,230,1147,0.0009721759570444557,6.800000000033342e-07,2,"[5, 11]","[5961, 308]"
452,60,230,1147,0.0009731659570444605,9.900000000048542e-07,2,"[5, 11]","[5469, 754]"
453,60,231,1147,0.0009706274503690533,0.0009706274503690533,1,[5],[6290]
454,60,231,1147,0.000971377450369057,7.500000000036774e-07,1,[5],[6215]
455,60,232,1147,0.0009697768631954491,0.0009697768631954491,1,[5],[6315]
456,60,232,1147,0.0009706168631954533,8.400000000041187e-07,1,[5],[6208]
457,60,232,1148,0.0009706151450856661,0.0009706151450856661,1,[5],[6279]
458,60,233,1147,0.0009689774505832326,0.0009689774505832326,1,[5],[6277]
459,60,233,1147,0.0009701074505832381,1.1300000000055406e-06,1,[5],[6258]
460,60,233,1148,0.0009692471754041112,0.0009692471754041112,1,[5],[6259]
461,60,234,1147,0.0009682115599981822,0.0009682115599981822,1,[5],[6259]
462,60,234,1148,0.0009680805451666777,0.0009680805451666777,1,[5],[6284]
463,60,234,1148,0.0009698005451666861,1.7200000000084335e-06,1,[5],[6221]
464,60,235,1147,0.0009676098227449581,0.0009676098227449581,2,"[5, 10]","[6237, 13]"
465,60,235,1148,0.0009669912825669476,0.0009669912825669476,2,"[5, 10]","[6204, 49]"
466,60,235,1148,0.0009679812825669525,9.900000000048542e-07,1,[5],[6270]
467,60,236,1147,0.0009667979837859213,0.0009667979837859213,2,"[5, 10]","[5117, 1147]"
468,60,236,1148,0.0009654224917381373,0.0009654224917381373,2,"[5, 10]","[2742, 3581]"
469,60,236,1148,0.0009661324917381407,7.100000000034813e-07,2,"[5, 10]","[4726, 1540]"
470,60,236,1148,0.0009668924917381445,7.600000000037264e-07,2,"[5, 10]","[5676, 494]"
471,60,237,1147,0.0009671493114737081,0.0009671493114737081,2,"[5, 10]","[4561, 1690]"
472,60,237,1148,0.0009647902003350892,0.0009647902003350892,2,"[5, 10]","[4115, 2200]"
473,60,237,1148,0.0009653402003350919,5.500000000026968e-07,2,"[5, 10]","[3973, 2238]"
474,60,237,1148,0.0009659102003350947,5.700000000027948e-07,2,"[5, 10]","[4222, 2027]"
475,60,238,1148,0.0009639961729706364,0.0009639961729706364,2,"[5, 10]","[6281, 7]"
476,60,238,1148,0.00096473617297064,7.400000000036284e-07,2,"[5, 10]","[6181, 44]"
477,60,239,1148,0.000963003092666554,0.000963003092666554,1,[5],[6306]
478,60,239,1148,0.0009637330926665576,7.300000000035793e-07,1,[5],[6202]
479,60,239,1148,0.0009659130926665683,2.180000000010689e-06,1,[5],[6242]
480,60,240,1148,0.0009620614816595735,0.0009620614816595735,1,[5],[6270]
481,60,240,1148,0.0009628814816595775,8.200000000040206e-07,1,[5],[6251]
482,60,240,1149,0.0009635825262223018,0.0009635825262223018,1,[5],[6250]
483,60,241,1148,0.0009612012155994073,0.0009612012155994073,1,[5],[6258]
484,60,241,1148,0.0009623312155994129,1.1300000000055406e-06,1,[5],[6269]
485,60,241,1149,0.0009615069976891041,0.0009615069976891041,1,[5],[6262]
486,60,242,1148,0.0009604791553466063,0.0009604791553466063,1,[5],[6266]
487,60,242,1149,0.0009601664026999654,0.0009601664026999654,1,[5],[6284]
488,60,242,1149,0.0009616164026999725,1.4500000000071097e-06,1,[5],[6223]
489,60,243,1148,0.0009600538664647905,0.0009600538664647905,1,[5],[6266]
490,60,243,1149,0.0009589797145262703,0.0009589797145262703,1,[5],[6267]
491,60,243,1149,0.0009598797145262747,9.000000000044129e-07,1,[5],[6274]
492,60,244,1149,0.000957862282685966,0.000957862282685966,1,[5],[6259]
493,60,244,1149,0.0009586222826859697,7.600000000037264e-07,1,[5],[6307]
494,60,245,1149,0.0009568381755338935,0.0009568381755338935,2,"[5, 9]","[6288, 2]"
495,60,245,1149,0.000957548175533897,7.100000000034813e-07,1,[5],[6234]
496,60,245,1149,0.0009588781755339035,1.3300000000065213e-06,1,[5],[6236]
497,60,246,1149,0.0009558060328728918,0.0009558060328728918,2,"[5, 9]","[5725, 566]"
498,60,246,1149,0.0009565260328728953,7.200000000035303e-07,2,"[5, 9]","[6094, 138]"
499,60,246,1149,0.0009578160328729017,1.2900000000063251e-06,2,"[5, 9]","[6198, 33]"
500,60,247,1149,0.0009548336674747593,0.0009548336674747593,2,"[5, 9]","[5226, 1060]"
501,60,247,1149,0.0009555336674747627,7.000000000034323e-07,2,"[5, 9]","[4713, 1544]"
502,60,247,1149,0.0009567536674747687,1.220000000005982e-06,2,"[5, 9]","[4828, 1397]"
503,60,247,1150,0.0009557998165814577,0.0009557998165814577,2,"[5, 9]","[5020, 1243]"
504,60,248,1149,0.0009540538006551587,0.0009540538006551587,2,"[5, 9]","[6250, 7]"
505,60,248,1149,0.0009553038006551648,1.250000000006129e-06,2,"[5, 9]","[6078, 183]"
506,60,248,1150,0.000954337968055475,0.000954337968055475,2,"[5, 9]","[6258, 5]"
507,60,249,1149,0.0009533471981541931,0.0009533471981541931,1,[5],[6285]
508,60,249,1150,0.0009529542523659954,0.0009529542523659954,1,[5],[6301]
509,60,249,1150,0.0009546542523660037,1.7000000000083355e-06,1,[5],[6199]
510,60,250,1149,0.0009528736004684882,0.0009528736004684882,1,[5],[6271]
511,60,250,1150,0.0009517105037311627,0.0009517105037311627,1,[5],[6295]
512,60,250,1150,0.0009526505037311673,9.40000000004609e-07,1,[5],[6234]
513,60,251,1150,0.0009505576012745105,0.0009505576012745105,1,[5],[6313]
514,60,251,1150,0.0009513476012745144,7.900000000038735e-07,1,[5],[6242]
515,60,252,1150,0.0009494636221950963,0.0009494636221950963,1,[5],[6282]
516,60,252,1150,0.0009502136221951,7.500000000036774e-07,1,[5],[6239]
517,60,253,1150,0.0009484359570754082,0.0009484359570754082,1,[5],[6257]
518,60,253,1150,0.000949225957075412,7.900000000038735e-07,1,[5],[6287]
519,60,254,1150,0.0009474739570859787,0.0009474739570859787,1,[5],[6292]
520,60,254,1150,0.000948353957085983,8.800000000043148e-07,1,[5],[6227]
521,60,254,1151,0.0009492603311338241,0.0009492603311338241,1,[5],[6255]
522,60,255,1150,0.0009465859751232215,0.0009465859751232215,1,[5],[6258]
523,60,255,1150,0.0009478559751232278,1.270000000006227e-06,1,[5],[6243]
524,60,255,1151,0.0009468821480530389,0.0009468821480530389,1,[5],[6266]
525,60,256,1150,0.0009457283207986094,0.0009457283207986094,2,"[5, 8]","[5908, 355]"
526,60,256,1151,0.0009454118495295726,0.0009454118495295726,2,"[5, 8]","[5790, 517]"
527,60,256,1151,0.0009468818495295798,1.4700000000072077e-06,2,"[5, 8]","[6152, 51]"
528,60,257,1150,0.0009449167956452507,0.0009449167956452507,2,"[5, 8]","[4679, 1602]"
529,60,257,1151,0.0009441211874310706,0.0009441211874310706,2,"[5, 8]","[5279, 1027]"
530,60,257,1151,0.0009448511874310742,7.300000000035793e-07,2,"[5, 8]","[4868, 1345]"
531,60,258,1151,0.0009431021520693047,0.0009431021520693047,2,"[5, 8]","[6320, 10]"
532,60,258,1151,0.0009438921520693085,7.900000000038735e-07,2,"[5, 8]","[6145, 61]"
533,60,259,1151,0.0009420123442576119,0.0009420123442576119,1,[5],[6272]
534,60,259,1151,0.0009427623442576156,7.500000000036774e-07,1,[5],[6310]
535,60,260,1151,0.0009409829238987841,0.0009409829238987841,1,[5],[6293]
536,60,260,1151,0.0009417229238987877,7.400000000036284e-07,1,[5],[6215]
537,60,261,1151,0.0009399723327711227,0.0009399723327711227,1,[5],[6259]
538,60,261,1151,0.0009407623327711266,7.900000000038735e-07,1,[5],[6260]
539,60,262,1151,0.0009390625462291473,0.0009390625462291473,1,[5],[6317]
540,60,262,1151,0.0009400125462291519,9.500000000046581e-07,1,[5],[6199]
541,60,262,1152,0.0009398394488557367,0.0009398394488557367,1,[5],[6266]
542,60,263,1151,0.0009382209382369067,0.0009382209382369067,1,[5],[6312]
543,60,263,1151,0.0009400509382369157,1.8300000000089729e-06,1,[5],[6196]
544,60,263,1152,0.0009383025135093702,0.0009383025135093702,1,[5],[6302]
545,60,264,1151,0.0009375500876640546,0.0009375500876640546,1,[5],[6266]
546,60,264,1152,0.0009371084051466378,0.0009371084051466378,1,[5],[6284]
547,60,265,1151,0.0009371952325113333,0.0009371952325113333,1,[5],[6256]
548,60,265,1152,0.0009357210517158284,0.0009357210517158284,1,[5],[6257]
549,60,265,1152,0.000936661051715833,9.40000000004609e-07,1,[5],[6248]
550,60,266,1152,0.0009345434507855707,0.0009345434507855707,1,[5],[6285]
551,60,266,1152,0.0009353534507855747,8.100000000039716e-07,1,[5],[6257]
552,60,267,1152,0.0009334144923704498,0.0009334144923704498,1,[5],[6268]
553,60,267,1152,0.0009341844923704536,7.700000000037755e-07,1,[5],[6235]
554,60,268,1152,0.0009323156614508528,0.0009323156614508528,1,[5],[6321]
555,60,268,1152,0.0009330456614508564,7.300000000035793e-07,1,[5],[6216]
556,60,268,1152,0.0009344056614508631,1.3600000000066684e-06,1,[5],[6216]
557,60,269,1152,0.0009312781211930525,0.0009312781211930525,1,[5],[6303]
558,60,269,1152,0.0009320481211930562,7.700000000037755e-07,1,[5],[6204]
559,60,270,1152,0.0009302891350022808,0.0009302891350022808,1,[5],[6261]
560,60,270,1152,0.0009311691350022851,8.800000000043148e-07,1,[5],[6241]
561,60,270,1153,0.0009312572549645531,0.0009312572549645531,1,[5],[6250]
562,60,271,1152,0.0009293314405809819,0.0009293314405809819,1,[5],[6303]
563,60,271,1152,0.0009306014405809881,1.270000000006227e-06,1,[5],[6204]
564,60,271,1153,0.0009295796171227785,0.0009295796171227785,1,[5],[6264]
565,60,272,1152,0.0009284948667436248,0.0009284948667436248,1,[5],[6271]
566,60,272,1153,0.0009282087067801676,0.0009282087067801676,1,[5],[6300]
567,60,272,1153,0.0009302787067801778,2.0700000000101497e-06,1,[5],[6200]
568,60,273,1152,0.0009278173363569594,0.0009278173363569594,1,[5],[6255]
569,60,273,1153,0.0009269277138306905,0.0009269277138306905,1,[5],[6298]
570,60,273,1153,0.0009279277138306954,1.0000000000049032e-06,1,[5],[6208]
571,60,274,1153,0.000925729205666704,0.000925729205666704,1,[5],[6301]
572,60,274,1153,0.000926549205666708,8.200000000040206e-07,1,[5],[6262]
573,60,275,1153,0.0009245626469693254,0.0009245626469693254,2,"[5, 7]","[6199, 118]"
574,60,275,1153,0.000925302646969329,7.400000000036284e-07,2,"[5, 7]","[6199, 1]"
575,60,275,1153,0.000927122646969338,1.8200000000089239e-06,2,"[5, 7]","[6232, 1]"
576,60,276,1153,0.0009232049949332479,0.0009232049949332479,2,"[5, 7]","[4107, 2178]"
577,60,276,1153,0.0009238149949332509,6.10000000002991e-07,2,"[5, 7]","[4718, 1560]"
578,60,276,1153,0.0009245049949332543,6.900000000033832e-07,2,"[5, 7]","[5378, 864]"
579,60,277,1153,0.0009223103910780307,0.0009223103910780307,2,"[5, 7]","[6044, 222]"
580,60,277,1153,0.0009230503910780343,7.400000000036284e-07,2,"[5, 7]","[5514, 770]"
581,60,277,1153,0.0009241103910780395,1.0600000000051974e-06,2,"[5, 7]","[4815, 1388]"
582,60,278,1153,0.000921179486212492,0.000921179486212492,1,[5],[6253]
583,60,278,1153,0.0009221394862124967,9.60000000004707e-07,1,[5],[6288]
584,60,278,1154,0.0009232002825915544,0.0009232002825915544,1,[5],[6252]
585,60,279,1153,0.0009201003658790471,0.0009201003658790471,1,[5],[6295]
586,60,279,1153,0.0009214203658790536,1.3200000000064722e-06,1,[5],[6240]
587,60,279,1154,0.0009205305897945948,0.0009205305897945948,1,[5],[6260]
588,60,280,1153,0.0009191691138631429,0.0009191691138631429,1,[5],[6303]
589,60,280,1154,0.0009189216514685041,0.0009189216514685041,1,[5],[6283]
590,60,281,1153,0.0009184463206184166,0.0009184463206184166,2,"[5, 6]","[6268, 2]"
591,60,281,1154,0.0009174340052858324,0.0009174340052858324,2,"[5, 6]","[6264, 6]"
592,60,281,1154,0.0009185540052858379,1.1200000000054916e-06,1,[5],[6255]
593,60,282,1154,0.0009158567246712655,0.0009158567246712655,2,"[5, 6]","[4712, 1603]"
594,60,282,1154,0.0009166767246712696,8.200000000040206e-07,2,"[5, 6]","[5655, 586]"
595,60,282,1154,0.0009184867246712784,1.8100000000088748e-06,2,"[5, 6]","[6102, 97]"
596,60,283,1154,0.0009146447879442286,0.0009146447879442286,2,"[5, 6]","[5674, 664]"
597,60,283,1154,0.0009152347879442315,5.900000000028929e-07,2,"[5, 6]","[4666, 1559]"
598,60,283,1154,0.0009158247879442344,5.900000000028929e-07,2,"[5, 6]","[4243, 1991]"
599,60,284,1154,0.000913481785269722,0.000913481785269722,1,[5],[6265]
600,60,284,1154,0.0009142217852697257,7.400000000036284e-07,2,"[5, 6]","[6263, 4]"
601,60,284,1154,0.0009153417852697311,1.1200000000054916e-06,2,"[5, 6]","[6131, 93]"
602,60,285,1154,0.0009122953349509203,0.0009122953349509203,2,"[1, 5]","[1, 6301]"
603,60,285,1154,0.0009130753349509242,7.800000000038245e-07,1,[5],[6250]
604,60,286,1154,0.0009111297809528797,0.0009111297809528797,2,"[1, 5]","[531, 5761]"
605,60,286,1154,0.0009120497809528842,9.20000000004511e-07,2,"[1, 5]","[18, 6219]"
606,60,286,1155,0.0009111146625900174,0.0009111146625900174,2,"[1, 5]","[2689, 3574]"
607,60,286,1165,0.0009118624056117291,0.0009118624056117291,1,[1],[6253]
608,60,286,1166,0.0009114090066426786,0.0009114090066426786,1,[1],[6256]
609,60,286,1167,0.0009113333513439486,0.0009113333513439486,1,[1],[6252]
610,60,286,1168,0.000911311402127181,0.000911311402127181,1,[1],[6267]
611,60,287,1154,0.0009097067151024211,0.0009097067151024211,2,"[1, 5]","[4764, 1570]"
612,60,287,1154,0.0009102567151024238,5.500000000026968e-07,2,"[1, 5]","[4099, 2128]"
613,60,287,1154,0.0009109267151024271,6.700000000032852e-07,2,"[1, 5]","[3204, 2991]"
614,60,287,1155,0.0009091692810040405,0.0009091692810040405,2,"[1, 5]","[5989, 410]"
615,60,287,1155,0.0009094592810040419,2.9000000000142193e-07,2,"[1, 5]","[5908, 423]"
616,60,287,1155,0.0009096692810040429,2.1000000000102968e-07,2,"[1, 5]","[5769, 480]"
617,60,287,1155,0.0009098392810040438,1.7000000000083355e-07,2,"[1, 5]","[5777, 473]"
618,60,287,1155,0.0009099992810040446,1.6000000000078451e-07,2,"[1, 5]","[5825, 471]"
619,60,287,1155,0.0009101492810040453,1.5000000000073548e-07,2,"[1, 5]","[5645, 575]"
620,60,287,1155,0.0009103092810040461,1.6000000000078451e-07,2,"[1, 5]","[5675, 613]"
621,60,287,1155,0.0009104792810040469,1.7000000000083355e-07,2,"[1, 5]","[5629, 644]"
622,60,287,1155,0.0009106792810040479,2.0000000000098064e-07,2,"[1, 5]","[5450, 708]"
623,60,287,1155,0.0009109392810040492,2.6000000000127484e-07,2,"[1, 5]","[5327, 834]"
624,60,287,1155,0.0009114392810040516,5.000000000024516e-07,2,"[1, 5]","[5069, 1100]"
625,60,287,1156,0.0009093911120810809,0.0009093911120810809,2,"[1, 5]","[6279, 10]"
626,60,287,1156,0.0009096911120810824,3.0000000000147097e-07,2,"[1, 5]","[6450, 13]"
627,60,287,1156,0.0009099011120810834,2.1000000000102968e-07,2,"[1, 5]","[6305, 5]"
628,60,287,1156,0.0009100711120810842,1.7000000000083355e-07,2,"[1, 5]","[5966, 7]"
629,60,287,1156,0.0009102411120810851,1.7000000000083355e-07,2,"[1, 5]","[6336, 5]"
630,60,287,1156,0.0009104111120810859,1.7000000000083355e-07,2,"[1, 5]","[6361, 3]"
631,60,287,1156,0.0009105811120810867,1.7000000000083355e-07,2,"[1, 5]","[6067, 6]"
632,60,287,1156,0.0009107811120810877,2.0000000000098064e-07,2,"[1, 5]","[6272, 4]"
633,60,287,1156,0.000911041112081089,2.6000000000127484e-07,2,"[1, 5]","[6226, 6]"
634,60,287,1156,0.0009115311120810914,4.900000000024026e-07,2,"[1, 5]","[6188, 15]"
635,60,287,1157,0.0009094900799134104,0.0009094900799134104,1,[1],[6371]
636,60,287,1157,0.0009097800799134118,2.9000000000142193e-07,1,[1],[6190]
637,60,287,1157,0.0009100000799134129,2.200000000010787e-07,1,[1],[6443]
638,60,287,1157,0.0009101900799134138,1.900000000009316e-07,1,[1],[6204]
639,60,287,1157,0.0009103700799134147,1.8000000000088258e-07,1,[1],[6356]
640,60,287,1157,0.0009105400799134156,1.7000000000083355e-07,1,[1],[5937]
641,60,287,1157,0.0009107400799134165,2.0000000000098064e-07,1,[1],[6394]
642,60,287,1157,0.0009109800799134177,2.4000000000117677e-07,1,[1],[6183]
643,60,287,1157,0.0009113500799134195,3.700000000018142e-07,1,[1],[6237]
644,60,287,1158,0.0009094649005157685,0.0009094649005157685,1,[1],[6286]
645,60,287,1158,0.00090977490051577,3.1000000000152e-07,1,[1],[6298]
646,60,287,1158,0.0009100049005157712,2.3000000000112774e-07,1,[1],[6329]
647,60,287,1158,0.0009102049005157722,2.0000000000098064e-07,1,[1],[6306]
648,60,287,1158,0.0009103949005157731,1.900000000009316e-07,1,[1],[6197]
649,60,287,1158,0.0009105949005157741,2.0000000000098064e-07,1,[1],[6151]
650,60,287,1158,0.0009108349005157752,2.4000000000117677e-07,1,[1],[6281]
651,60,287,1158,0.0009111649005157769,3.3000000000161806e-07,1,[1],[6206]
652,60,287,1159,0.0009095087334091093,0.0009095087334091093,1,[1],[6382]
653,60,287,1159,0.0009098287334091109,3.2000000000156903e-07,1,[1],[6218]
654,60,287,1159,0.0009100687334091121,2.4000000000117677e-07,1,[1],[6295]
655,60,287,1159,0.0009102787334091131,2.1000000000102968e-07,1,[1],[6191]
656,60,287,1159,0.0009104887334091141,2.1000000000102968e-07,1,[1],[6277]
657,60,287,1159,0.0009107187334091153,2.3000000000112774e-07,1,[1],[6183]
658,60,287,1159,0.0009110287334091168,3.1000000000152e-07,1,[1],[6261]
659,60,287,1159,0.0009117387334091203,7.100000000034813e-07,1,[1],[6210]
660,60,287,1160,0.000909592701493125,0.000909592701493125,1,[1],[6346]
661,60,287,1160,0.0009099127014931265,3.2000000000156903e-07,1,[1],[6286]
662,60,287,1160,0.0009101527014931277,2.4000000000117677e-07,1,[1],[6202]
663,60,287,1160,0.0009103627014931287,2.1000000000102968e-07,1,[1],[6201]
664,60,287,1160,0.0009105827014931298,2.200000000010787e-07,1,[1],[6456]
665,60,287,1160,0.0009108127014931309,2.3000000000112774e-07,1,[1],[6031]
666,60,287,1160,0.0009111227014931325,3.1000000000152e-07,1,[1],[6296]
667,60,287,1160,0.0009119127014931363,7.900000000038735e-07,1,[1],[6197]
668,60,287,1161,0.0009096874724719398,0.0009096874724719398,1,[1],[6352]
669,60,287,1161,0.0009099974724719413,3.1000000000152e-07,1,[1],[6240]
670,60,287,1161,0.0009102374724719425,2.4000000000117677e-07,1,[1],[6328]
671,60,287,1161,0.0009104474724719435,2.1000000000102968e-07,1,[1],[6205]
672,60,287,1161,0.0009106574724719445,2.1000000000102968e-07,1,[1],[6186]
673,60,287,1161,0.0009108974724719457,2.4000000000117677e-07,1,[1],[6410]
674,60,287,1161,0.0009111974724719472,3.0000000000147097e-07,1,[1],[6152]
675,60,287,1161,0.0009118974724719506,7.000000000034323e-07,1,[1],[6146]
676,60,287,1162,0.0009097615857203973,0.0009097615857203973,1,[1],[6270]
677,60,287,1162,0.000910091585720399,3.3000000000161806e-07,1,[1],[6469]
678,60,287,1162,0.0009103315857204001,2.4000000000117677e-07,1,[1],[6191]
679,60,287,1162,0.0009105515857204012,2.200000000010787e-07,1,[1],[6174]
680,60,287,1162,0.0009107815857204023,2.3000000000112774e-07,1,[1],[6350]
681,60,287,1162,0.0009110315857204036,2.500000000012258e-07,1,[1],[6192]
682,60,287,1162,0.0009113915857204053,3.6000000000176516e-07,1,[1],[6239]
683,60,287,1163,0.0009098453674998216,0.0009098453674998216,1,[1],[6321]
684,60,287,1163,0.0009101853674998233,3.400000000016671e-07,1,[1],[6397]
685,60,287,1163,0.0009104353674998245,2.500000000012258e-07,1,[1],[6141]
686,60,287,1163,0.0009106753674998257,2.4000000000117677e-07,1,[1],[6345]
687,60,287,1163,0.0009109153674998269,2.4000000000117677e-07,1,[1],[6107]
688,60,287,1163,0.0009112153674998284,3.0000000000147097e-07,1,[1],[6273]
689,60,287,1163,0.0009118053674998313,5.900000000028929e-07,1,[1],[6195]
690,60,287,1164,0.0009098460978583724,0.0009098460978583724,1,[1],[6301]
691,60,287,1164,0.0009101860978583741,3.400000000016671e-07,1,[1],[6370]
692,60,287,1164,0.0009104360978583753,2.500000000012258e-07,1,[1],[6113]
693,60,287,1164,0.0009106760978583765,2.4000000000117677e-07,1,[1],[6276]
694,60,287,1164,0.0009109360978583778,2.6000000000127484e-07,1,[1],[6343]
695,60,287,1164,0.0009112460978583793,3.1000000000152e-07,1,[1],[6109]
696,60,287,1164,0.0009119660978583828,7.200000000035303e-07,1,[1],[6270]
697,60,287,1165,0.0009098034224624712,0.0009098034224624712,1,[1],[6328]
698,60,287,1165,0.0009101434224624729,3.400000000016671e-07,1,[1],[6340]
699,60,287,1165,0.0009104034224624741,2.6000000000127484e-07,1,[1],[6309]
700,60,287,1165,0.0009106434224624753,2.4000000000117677e-07,1,[1],[6193]
701,60,287,1165,0.0009108934224624765,2.500000000012258e-07,1,[1],[6090]
702,60,287,1165,0.0009112234224624782,3.3000000000161806e-07,1,[1],[6248]
703,60,287,1165,0.0009121734224624828,9.500000000046581e-07,1,[1],[6242]
704,60,287,1166,0.0009097542828434092,0.0009097542828434092,1,[1],[6361]
705,60,287,1166,0.0009100942828434109,3.400000000016671e-07,1,[1],[6263]
706,60,287,1166,0.0009103642828434122,2.7000000000132387e-07,1,[1],[6390]
707,60,287,1166,0.0009106042828434134,2.4000000000117677e-07,1,[1],[6205]
708,60,287,1166,0.0009108642828434146,2.6000000000127484e-07,1,[1],[6120]
709,60,287,1166,0.0009112142828434164,3.500000000017161e-07,1,[1],[6206]
710,60,287,1167,0.0009097182234140693,0.0009097182234140693,1,[1],[6367]
711,60,287,1167,0.0009100482234140709,3.3000000000161806e-07,1,[1],[6242]
712,60,287,1167,0.0009103082234140722,2.6000000000127484e-07,1,[1],[6227]
713,60,287,1167,0.0009105582234140734,2.500000000012258e-07,1,[1],[6356]
714,60,287,1167,0.0009108182234140747,2.6000000000127484e-07,1,[1],[6178]
715,60,287,1167,0.0009111582234140763,3.400000000016671e-07,1,[1],[6154]
716,60,287,1168,0.0009096672004682947,0.0009096672004682947,1,[1],[6307]
717,60,287,1168,0.0009100172004682964,3.500000000017161e-07,1,[1],[6250]
718,60,287,1168,0.0009102772004682977,2.6000000000127484e-07,1,[1],[6201]
719,60,287,1168,0.000910537200468299,2.6000000000127484e-07,1,[1],[6325]
720,60,287,1168,0.0009108172004683003,2.800000000013729e-07,1,[1],[6238]
721,60,287,1168,0.0009112172004683023,4.000000000019613e-07,1,[1],[6291]
722,60,287,1169,0.0009096271046802069,0.0009096271046802069,1,[1],[6339]
723,60,287,1169,0.0009099771046802086,3.500000000017161e-07,1,[1],[6286]
724,60,287,1169,0.0009102471046802099,2.7000000000132387e-07,1,[1],[6298]
725,60,287,1169,0.0009105071046802112,2.6000000000127484e-07,1,[1],[6211]
726,60,287,1169,0.0009107971046802126,2.9000000000142193e-07,1,[1],[6258]
727,60,287,1169,0.0009112271046802147,4.300000000021084e-07,1,[1],[6156]
728,60,287,1170,0.0009096037822421467,0.0009096037822421467,1,[1],[6265]
729,60,287,1170,0.0009099637822421485,3.6000000000176516e-07,1,[1],[6390]
730,60,287,1170,0.0009102337822421498,2.7000000000132387e-07,1,[1],[6281]
731,60,287,1170,0.0009104937822421511,2.6000000000127484e-07,1,[1],[6212]
732,60,287,1170,0.0009107837822421525,2.9000000000142193e-07,1,[1],[6221]
733,60,287,1170,0.0009112337822421547,4.5000000000220645e-07,1,[1],[6173]
734,60,287,1171,0.0009095812355605856,0.0009095812355605856,1,[1],[6299]
735,60,287,1171,0.0009099412355605874,3.6000000000176516e-07,1,[1],[6266]
736,60,287,1171,0.0009102212355605887,2.800000000013729e-07,1,[1],[6280]
737,60,287,1171,0.0009104912355605901,2.7000000000132387e-07,1,[1],[6183]
738,60,287,1171,0.0009108212355605917,3.3000000000161806e-07,1,[1],[6320]
739,60,287,1171,0.0009113912355605945,5.700000000027948e-07,1,[1],[6199]
740,60,287,1172,0.0009095696990226211,0.0009095696990226211,1,[1],[6351]
741,60,287,1172,0.0009099196990226228,3.500000000017161e-07,1,[1],[6193]
742,60,287,1172,0.0009102096990226242,2.9000000000142193e-07,1,[1],[6215]
743,60,287,1172,0.0009104996990226256,2.9000000000142193e-07,1,[1],[6393]
744,60,287,1172,0.0009108296990226273,3.3000000000161806e-07,1,[1],[6175]
745,60,287,1172,0.0009115196990226306,6.900000000033832e-07,1,[1],[6176]
746,60,287,1173,0.0009095738434516122,0.0009095738434516122,1,[1],[6387]
747,60,287,1173,0.0009099338434516139,3.6000000000176516e-07,1,[1],[6202]
748,60,287,1173,0.0009102238434516153,2.9000000000142193e-07,1,[1],[6208]
749,60,287,1173,0.0009105238434516168,3.0000000000147097e-07,1,[1],[6348]
750,60,287,1173,0.0009108838434516186,3.6000000000176516e-07,1,[1],[6154]
751,60,287,1173,0.0009123438434516257,1.4600000000071587e-06,1,[1],[6202]
752,60,287,1174,0.0009095944980493832,0.0009095944980493832,2,"[1, 3]","[6171, 149]"
753,60,287,1174,0.000909964498049385,3.700000000018142e-07,2,"[1, 3]","[6202, 157]"
754,60,287,1174,0.0009102544980493864,2.9000000000142193e-07,2,"[1, 3]","[5951, 147]"
755,60,287,1174,0.0009105544980493879,3.0000000000147097e-07,2,"[1, 3]","[6199, 164]"
756,60,287,1174,0.0009109344980493898,3.800000000018632e-07,2,"[1, 3]","[6057, 159]"
757,60,287,1175,0.000909617206883694,0.000909617206883694,2,"[1, 3]","[5635, 651]"
758,60,287,1175,0.0009099872068836958,3.700000000018142e-07,2,"[1, 3]","[5589, 725]"
759,60,287,1175,0.0009102872068836973,3.0000000000147097e-07,2,"[1, 3]","[5665, 656]"
760,60,287,1175,0.0009105872068836988,3.0000000000147097e-07,2,"[1, 3]","[5469, 710]"
761,60,287,1175,0.0009109872068837007,4.000000000019613e-07,2,"[1, 3]","[5462, 696]"
762,60,287,1176,0.0009097819222725848,0.0009097819222725848,2,"[1, 3]","[6250, 51]"
763,60,287,1176,0.0009102019222725869,4.2000000000205935e-07,2,"[1, 3]","[6246, 59]"
764,60,287,1176,0.0009105819222725887,3.800000000018632e-07,2,"[1, 3]","[6091, 55]"
765,60,287,1176,0.0009111219222725914,5.400000000026477e-07,2,"[1, 3]","[6265, 43]"
766,60,287,1177,0.0009099250891080132,0.0009099250891080132,1,[1],[6309]
767,60,287,1177,0.0009104050891080155,4.800000000023535e-07,1,[1],[6310]
768,60,287,1177,0.000910905089108018,5.000000000024516e-07,1,[1],[6187]
769,60,287,1178,0.0009100603145227677,0.0009100603145227677,1,[1],[6250]
770,60,287,1178,0.0009106403145227706,5.800000000028439e-07,1,[1],[6325]
771,60,287,1178,0.0009116803145227757,1.0400000000050993e-06,1,[1],[6182]
772,60,287,1179,0.0009103117073157718,0.0009103117073157718,1,[1],[6330]
773,60,287,1179,0.0009111817073157761,8.700000000042658e-07,1,[1],[6213]
774,60,287,1180,0.000910626541872165,0.000910626541872165,1,[1],[6295]
775,60,287,1181,0.0009109512902968579,0.0009109512902968579,1,[1],[6262]
776,60,287,1182,0.0009115818490975755,0.0009115818490975755,1,[1],[6254]
777,60,288,1155,0.0009097352800560911,0.0009097352800560911,2,"[1, 5]","[6077, 220]"
778,60,288,1155,0.0009102852800560938,5.500000000026968e-07,2,"[1, 5]","[6025, 204]"
779,60,288,1155,0.0009111252800560979,8.400000000041187e-07,2,"[1, 5]","[6031, 216]"
780,60,288,1156,0.0009100555565526544,0.0009100555565526544,2,"[1, 5]","[6310, 4]"
781,60,288,1156,0.0009107455565526578,6.900000000033832e-07,2,"[1, 5]","[6194, 1]"
782,60,288,1157,0.0009103614375351492,0.0009103614375351492,1,[1],[6250]
783,60,288,1158,0.0009105995928941607,0.0009105995928941607,1,[1],[6269]
784,60,288,1159,0.0009110181293391435,0.0009110181293391435,1,[1],[6269]
785,60,288,1160,0.0009117229527269062,0.0009117229527269062,1,[1],[6250]
786,60,288,1161,0.000912104899617332,0.000912104899617332,1,[1],[6250]
787,60,288,1173,0.000911175066314577,0.000911175066314577,1,[1],[6261]
788,60,288,1174,0.0009104742200142672,0.0009104742200142672,2,"[1, 3]","[6081, 187]"
789,60,288,1175,0.000910230707710712,0.000910230707710712,2,"[1, 3]","[5727, 615]"
790,60,288,1175,0.0009113207077107174,1.0900000000053445e-06,2,"[1, 3]","[5508, 654]"
791,60,288,1176,0.0009100977162313032,0.0009100977162313032,2,"[1, 3]","[6248, 37]"
792,60,288,1176,0.0009107977162313067,7.000000000034323e-07,2,"[1, 3]","[6220, 39]"
793,60,288,1177,0.0009099490810920964,0.0009099490810920964,1,[1],[6297]
794,60,288,1177,0.0009104590810920989,5.100000000025006e-07,1,[1],[6328]
795,60,288,1177,0.0009110590810921019,6.000000000029419e-07,1,[1],[6144]
796,60,288,1178,0.0009098688080629607,0.0009098688080629607,1,[1],[6352]
797,60,288,1178,0.0009102888080629628,4.2000000000205935e-07,1,[1],[6164]
798,60,288,1178,0.0009106888080629647,4.000000000019613e-07,1,[1],[6267]
799,60,288,1178,0.0009112388080629674,5.500000000026968e-07,1,[1],[6222]
800,60,288,1179,0.0009098411401858893,0.0009098411401858893,1,[1],[6260]
801,60,288,1179,0.0009102511401858913,4.100000000020103e-07,1,[1],[6434]
802,60,288,1179,0.0009105911401858929,3.400000000016671e-07,1,[1],[6063]
803,60,288,1179,0.0009110011401858949,4.100000000020103e-07,1,[1],[6350]
804,60,288,1180,0.0009098388495992566,0.0009098388495992566,1,[1],[6287]
805,60,288,1180,0.0009102488495992586,4.100000000020103e-07,1,[1],[6311]
806,60,288,1180,0.0009105988495992603,3.500000000017161e-07,1,[1],[6308]
807,60,288,1180,0.0009109988495992622,4.000000000019613e-07,1,[1],[6110]
808,60,288,1181,0.0009098040134758245,0.0009098040134758245,1,[1],[6299]
809,60,288,1181,0.0009102040134758264,4.000000000019613e-07,1,[1],[6294]
810,60,288,1181,0.000910534013475828,3.3000000000161806e-07,1,[1],[6213]
811,60,288,1181,0.0009109040134758299,3.700000000018142e-07,1,[1],[6228]
812,60,288,1181,0.0009116440134758335,7.400000000036284e-07,1,[1],[6222]
813,60,288,1182,0.0009097785723228409,0.0009097785723228409,1,[1],[6318]
814,60,288,1182,0.0009101685723228428,3.9000000000191225e-07,1,[1],[6300]
815,60,288,1182,0.0009104885723228444,3.2000000000156903e-07,1,[1],[6322]
816,60,288,1182,0.0009108385723228461,3.500000000017161e-07,1,[1],[6179]
817,60,288,1182,0.000911428572322849,5.900000000028929e-07,1,[1],[6139]
818,60,288,1183,0.0009096982066395484,0.0009096982066395484,1,[1],[6286]
819,60,288,1183,0.0009100782066395502,3.800000000018632e-07,1,[1],[6291]
820,60,288,1183,0.0009103882066395518,3.1000000000152e-07,1,[1],[6189]
821,60,288,1183,0.0009107182066395534,3.3000000000161806e-07,1,[1],[6265]
822,60,288,1183,0.0009111882066395557,4.700000000023045e-07,2,"[1, 2]","[6284, 1]"
823,60,288,1184,0.0009096350625704875,0.0009096350625704875,2,"[1, 2]","[6220, 114]"
824,60,288,1184,0.0009100050625704893,3.700000000018142e-07,2,"[1, 2]","[6066, 131]"
825,60,288,1184,0.0009103150625704909,3.1000000000152e-07,2,"[1, 2]","[6276, 135]"
826,60,288,1184,0.0009106250625704924,3.1000000000152e-07,2,"[1, 2]","[6093, 144]"
827,60,288,1184,0.0009110250625704943,4.000000000019613e-07,2,"[1, 2]","[5898, 174]"
828,60,288,1185,0.000909550800024853,0.000909550800024853,2,"[1, 2]","[5592, 737]"
829,60,288,1185,0.0009099108000248547,3.6000000000176516e-07,2,"[1, 2]","[5505, 860]"
830,60,288,1185,0.0009101808000248561,2.7000000000132387e-07,2,"[1, 2]","[5208, 895]"
831,60,288,1185,0.0009104608000248574,2.800000000013729e-07,2,"[1, 2]","[5408, 962]"
832,60,288,1185,0.0009107608000248589,3.0000000000147097e-07,2,"[1, 2]","[5068, 1040]"
833,60,288,1185,0.0009112908000248615,5.300000000025987e-07,2,"[1, 2]","[5053, 1195]"
834,60,288,1186,0.0009095886457063162,0.0009095886457063162,2,"[1, 2]","[6234, 90]"
835,60,288,1186,0.0009099686457063181,3.800000000018632e-07,2,"[1, 2]","[6075, 121]"
836,60,288,1186,0.0009102886457063197,3.2000000000156903e-07,2,"[1, 2]","[6188, 146]"
837,60,288,1186,0.0009106186457063213,3.3000000000161806e-07,2,"[1, 2]","[6137, 158]"
838,60,288,1186,0.0009111186457063237,5.000000000024516e-07,2,"[1, 2]","[5969, 168]"
839,60,288,1187,0.0009096023205675339,0.0009096023205675339,1,[1],[6321]
840,60,288,1187,0.0009099823205675358,3.800000000018632e-07,1,[1],[6226]
841,60,288,1187,0.0009103123205675374,3.3000000000161806e-07,1,[1],[6292]
842,60,288,1187,0.0009106623205675391,3.500000000017161e-07,1,[1],[6203]
843,60,288,1187,0.0009112923205675422,6.30000000003089e-07,1,[1],[6260]
844,60,288,1188,0.00090996870337386,0.00090996870337386,1,[1],[6312]
845,60,288,1188,0.0009106287033738632,6.600000000032361e-07,1,[1],[6226]
