,event,pixel_x,pixel_y,reset_time,TSLR,nMCParticles,MC_TrackIDs,MC_Weights
0,97,167,1088,0.001141430396409574,0.001141430396409574,2,"[31, 32]","[774, 5481]"
1,97,167,1128,0.00107979049431852,0.00107979049431852,2,"[26, 100]","[5, 6260]"
2,97,168,1088,0.0011410328281183202,0.0011410328281183202,2,"[31, 32]","[881, 5423]"
3,97,168,1127,0.0010788411708745908,0.0010788411708745908,4,"[26, 99, 100, 163]","[182, 191, 5929, 3]"
4,97,168,1127,0.0010799211708745844,1.079999999993586e-06,1,[100],[6227]
5,97,168,1128,0.001077673294805419,0.001077673294805419,4,"[26, 99, 100, 163]","[2238, 211, 3840, 7]"
6,97,168,1128,0.0010784732948054142,7.99999999995249e-07,5,"[26, 99, 100, 163, 166]","[4, 12, 6193, 3, 1]"
7,97,168,1128,0.0010790532948054107,5.799999999965555e-07,1,[100],[6271]
8,97,168,1128,0.0010796032948054075,5.499999999967337e-07,1,[100],[6318]
9,97,168,1128,0.001080343294805403,7.399999999956053e-07,1,[100],[6165]
10,97,168,1129,0.0010787945671623174,0.0010787945671623174,4,"[26, 99, 100, 163]","[3660, 234, 2352, 5]"
11,97,168,1137,0.0010790860293722804,0.0010790860293722804,3,"[9, 26, 27]","[56, 6142, 68]"
12,97,168,1138,0.0010776930204910633,0.0010776930204910633,2,"[9, 26]","[5858, 436]"
13,97,168,1138,0.0010786630204910575,9.699999999942394e-07,2,"[9, 26]","[3007, 3247]"
14,97,168,1138,0.0010798230204910506,1.159999999993111e-06,2,"[9, 26]","[618, 5609]"
15,97,168,1139,0.0010765534961830173,0.0010765534961830173,2,"[9, 26]","[6299, 2]"
16,97,168,1139,0.0010771234961830139,5.699999999966149e-07,2,"[9, 26]","[6258, 16]"
17,97,168,1139,0.001077613496183011,4.8999999999709e-07,2,"[9, 26]","[6112, 70]"
18,97,168,1139,0.0010782534961830072,6.399999999961992e-07,2,"[9, 26]","[6018, 297]"
19,97,169,1127,0.001076076977546746,0.001076076977546746,3,"[26, 99, 100]","[715, 5513, 39]"
20,97,169,1127,0.001077606977546737,1.5299999999909136e-06,4,"[26, 99, 100, 163]","[169, 5443, 615, 10]"
21,97,169,1128,0.0010754621933427911,0.0010754621933427911,4,"[26, 99, 100, 163]","[4912, 1269, 131, 1]"
22,97,169,1128,0.0010760621933427876,5.999999999964367e-07,4,"[26, 99, 100, 163]","[2991, 2524, 696, 6]"
23,97,169,1128,0.0010765821933427845,5.199999999969118e-07,4,"[26, 99, 100, 163]","[1521, 3030, 1761, 5]"
24,97,169,1128,0.0010770921933427814,5.099999999969712e-07,5,"[26, 99, 100, 163, 166]","[520, 2662, 3056, 15, 3]"
25,97,169,1128,0.0010777121933427778,6.199999999963179e-07,5,"[26, 99, 100, 163, 166]","[143, 1629, 4429, 25, 4]"
26,97,169,1128,0.0010787021933427719,9.899999999941206e-07,5,"[26, 99, 100, 146, 163]","[10, 479, 5681, 1, 23]"
27,97,169,1129,0.0010753693977244066,0.0010753693977244066,3,"[26, 99, 100]","[5779, 358, 157]"
28,97,169,1129,0.0010758793977244036,5.099999999969712e-07,5,"[26, 99, 100, 163, 166]","[4541, 1116, 656, 2, 1]"
29,97,169,1129,0.0010762793977244012,3.999999999976245e-07,4,"[26, 99, 100, 163]","[3270, 1609, 1294, 1]"
30,97,169,1129,0.001076659397724399,3.7999999999774325e-07,5,"[26, 99, 100, 163, 166]","[2089, 2032, 2208, 1, 1]"
31,97,169,1129,0.0010770393977243967,3.7999999999774325e-07,4,"[26, 99, 100, 163]","[1153, 2184, 2877, 5]"
32,97,169,1129,0.0010775193977243939,4.799999999971494e-07,5,"[26, 99, 100, 163, 166]","[618, 2059, 3491, 5, 1]"
33,97,169,1130,0.0010758697606870191,0.0010758697606870191,3,"[26, 99, 100]","[5973, 199, 156]"
34,97,169,1130,0.0010764497606870157,5.799999999965555e-07,3,"[26, 99, 100]","[5278, 494, 405]"
35,97,169,1130,0.0010771197606870117,6.69999999996021e-07,3,"[26, 99, 100]","[4623, 838, 820]"
36,97,169,1131,0.0010764507365404227,0.0010764507365404227,3,"[26, 99, 100]","[6245, 7, 2]"
37,97,169,1131,0.001077250736540418,7.99999999995249e-07,3,"[26, 99, 100]","[6293, 9, 3]"
38,97,169,1132,0.0010768374266416992,0.0010768374266416992,1,[26],[6270]
39,97,169,1132,0.0010776474266416943,8.099999999951896e-07,1,[26],[6240]
40,97,169,1133,0.001077243186166487,0.001077243186166487,1,[26],[6317]
41,97,169,1133,0.0010781631861664816,9.199999999945363e-07,1,[26],[6198]
42,97,169,1134,0.001077628468046908,0.001077628468046908,2,"[26, 27]","[6299, 1]"
43,97,169,1134,0.0010787384680469015,1.109999999993408e-06,2,"[26, 27]","[6211, 1]"
44,97,169,1135,0.0010778058760915986,0.0010778058760915986,2,"[26, 27]","[5999, 308]"
45,97,169,1135,0.0010786258760915937,8.199999999951302e-07,2,"[26, 27]","[5851, 360]"
46,97,169,1136,0.0010779586504335126,0.0010779586504335126,2,"[26, 27]","[4936, 1370]"
47,97,169,1136,0.0010786386504335085,6.799999999959616e-07,2,"[26, 27]","[5081, 1166]"
48,97,169,1137,0.0010785438538264526,0.0010785438538264526,3,"[9, 26, 27]","[33, 6053, 203]"
49,97,169,1137,0.0010798738538264447,1.3299999999921014e-06,2,"[26, 27]","[6137, 81]"
50,97,169,1138,0.001077290162933911,0.001077290162933911,2,"[9, 26]","[6171, 118]"
51,97,169,1138,0.0010786101629339032,1.3199999999921608e-06,2,"[9, 26]","[3466, 2748]"
52,97,169,1139,0.0010749909454036573,0.0010749909454036573,1,[9],[6339]
53,97,169,1139,0.0010754809454036544,4.8999999999709e-07,1,[9],[6217]
54,97,169,1139,0.0010758309454036523,3.499999999979214e-07,1,[9],[6300]
55,97,169,1139,0.0010761309454036506,2.9999999999821836e-07,1,[9],[6181]
56,97,169,1139,0.0010764209454036488,2.8999999999827775e-07,1,[9],[6375]
57,97,169,1139,0.0010767009454036472,2.7999999999833713e-07,2,"[9, 26]","[6101, 2]"
58,97,169,1139,0.0010770109454036453,3.0999999999815897e-07,2,"[9, 26]","[6294, 6]"
59,97,169,1139,0.0010773709454036432,3.5999999999786203e-07,2,"[9, 26]","[6235, 16]"
60,97,169,1139,0.0010778709454036402,4.999999999970306e-07,2,"[9, 26]","[6155, 72]"
61,97,169,1139,0.0010796509454036297,1.779999999989429e-06,2,"[9, 26]","[4922, 1286]"
62,97,169,1140,0.0010753235063377723,0.0010753235063377723,1,[9],[6267]
63,97,169,1140,0.001076393506337766,1.0699999999936455e-06,1,[9],[6236]
64,97,170,1125,0.0010776948125140698,0.0010776948125140698,1,[99],[6266]
65,97,170,1126,0.001076086331379448,0.001076086331379448,1,[99],[6313]
66,97,170,1126,0.0010766963313794443,6.099999999963773e-07,1,[99],[6271]
67,97,170,1126,0.0010775063313794395,8.099999999951896e-07,1,[99],[6191]
68,97,170,1127,0.0010759780090824906,0.0010759780090824906,3,"[26, 99, 100]","[80, 6193, 3]"
69,97,170,1127,0.0010768480090824855,8.699999999948332e-07,3,"[26, 99, 100]","[26, 6200, 11]"
70,97,170,1128,0.0010763093378756197,0.0010763093378756197,3,"[26, 99, 100]","[935, 5171, 201]"
71,97,170,1128,0.001077459337875613,1.1499999999931704e-06,4,"[26, 99, 100, 163]","[153, 5224, 817, 9]"
72,97,170,1129,0.0010765169398377359,0.0010765169398377359,3,"[26, 99, 100]","[1679, 3605, 1026]"
73,97,170,1129,0.0010774269398377305,9.099999999945957e-07,3,"[26, 99, 100]","[298, 3991, 1910]"
74,97,170,1139,0.0010737723579134202,0.0010737723579134202,1,[9],[6265]
75,97,170,1139,0.001074472357913416,6.999999999958428e-07,1,[9],[6316]
76,97,170,1139,0.0010750423579134127,5.699999999966149e-07,1,[9],[6236]
77,97,170,1139,0.0010756223579134092,5.799999999965555e-07,1,[9],[6238]
78,97,170,1139,0.0010764823579134041,8.599999999948926e-07,1,[9],[6207]
79,97,170,1140,0.0010728341000750315,0.0010728341000750315,1,[9],[6321]
80,97,170,1140,0.0010734641000750278,6.299999999962586e-07,1,[9],[6224]
81,97,170,1140,0.0010739741000750248,5.099999999969712e-07,1,[9],[6298]
82,97,170,1140,0.0010744641000750219,4.8999999999709e-07,1,[9],[6181]
83,97,170,1140,0.0010750241000750185,5.599999999966743e-07,1,[9],[6231]
84,97,170,1140,0.0010758841000750134,8.599999999948926e-07,1,[9],[6252]
85,97,171,1124,0.001078031521957664,0.001078031521957664,1,[99],[6258]
86,97,171,1125,0.001076873268805866,0.001076873268805866,1,[99],[6286]
87,97,171,1125,0.001077523268805862,6.499999999961398e-07,1,[99],[6286]
88,97,171,1125,0.0010790132688058532,1.4899999999911512e-06,1,[99],[6179]
89,97,171,1126,0.0010777883189676137,0.0010777883189676137,1,[99],[6255]
90,97,171,1139,0.0010736918964983618,0.0010736918964983618,1,[9],[6253]
91,97,171,1140,0.0010709961807308461,0.0010709961807308461,1,[9],[6326]
92,97,171,1140,0.0010715761807308427,5.799999999965555e-07,1,[9],[6262]
93,97,171,1140,0.00107202618073084,4.4999999999732754e-07,1,[9],[6247]
94,97,171,1140,0.0010724461807308375,4.199999999975057e-07,1,[9],[6286]
95,97,171,1140,0.001072886180730835,4.399999999973869e-07,1,[9],[6164]
96,97,171,1140,0.001073386180730832,4.999999999970306e-07,1,[9],[6236]
97,97,171,1140,0.001074206180730827,8.199999999951302e-07,1,[9],[6258]
98,97,171,1141,0.0010720010142243044,0.0010720010142243044,1,[9],[6253]
99,97,172,1124,0.0010762415755144732,0.0010762415755144732,3,"[99, 171, 175]","[6261, 2, 3]"
100,97,172,1124,0.0010768815755144694,6.399999999961992e-07,2,"[99, 175]","[6309, 7]"
101,97,172,1124,0.0010780615755144624,1.1799999999929922e-06,3,"[99, 171, 175]","[6162, 1, 15]"
102,97,172,1125,0.001077321047841594,0.001077321047841594,1,[99],[6267]
103,97,172,1140,0.0010697229090952149,0.0010697229090952149,1,[9],[6321]
104,97,172,1140,0.001070372909095211,6.499999999961398e-07,1,[9],[6189]
105,97,172,1140,0.0010709629090952075,5.899999999964961e-07,1,[9],[6314]
106,97,172,1140,0.0010716529090952034,6.899999999959022e-07,1,[9],[6204]
107,97,172,1141,0.0010696094603731975,0.0010696094603731975,1,[9],[6333]
108,97,172,1141,0.0010704294603731926,8.199999999951302e-07,1,[9],[6220]
109,97,172,1141,0.0010714794603731864,1.0499999999937643e-06,1,[9],[6232]
110,97,173,1123,0.0010763083310053136,0.0010763083310053136,4,"[99, 171, 172, 175]","[6244, 4, 1, 19]"
111,97,173,1124,0.0010759086473029365,0.0010759086473029365,5,"[99, 171, 172, 175, 176]","[6260, 4, 2, 27, 1]"
112,97,173,1124,0.0010764586473029332,5.499999999967337e-07,4,"[99, 171, 172, 175]","[6168, 2, 1, 60]"
113,97,173,1124,0.0010771186473029293,6.599999999960804e-07,5,"[99, 171, 172, 175, 176]","[6135, 2, 2, 103, 1]"
114,97,173,1140,0.00106864790623094,0.00106864790623094,2,"[9, 23]","[6253, 1]"
115,97,173,1140,0.0010697379062309335,1.0899999999935267e-06,1,[9],[6261]
116,97,173,1141,0.0010677860251386438,0.0010677860251386438,2,"[9, 23]","[6288, 26]"
117,97,173,1141,0.00106842602513864,6.399999999961992e-07,1,[9],[6263]
118,97,173,1141,0.0010689960251386366,5.699999999966149e-07,1,[9],[6183]
119,97,173,1141,0.0010696960251386325,6.999999999958428e-07,1,[9],[6263]
120,97,174,1140,0.0010681620087008344,0.0010681620087008344,2,"[9, 23]","[5897, 370]"
121,97,174,1141,0.0010659611309139115,0.0010659611309139115,2,"[9, 23]","[5347, 953]"
122,97,174,1141,0.0010665211309139081,5.599999999966743e-07,2,"[9, 23]","[5438, 813]"
123,97,174,1141,0.0010669811309139054,4.5999999999726815e-07,2,"[9, 23]","[5665, 550]"
124,97,174,1141,0.0010674411309139027,4.5999999999726815e-07,2,"[9, 23]","[6038, 328]"
125,97,174,1141,0.0010679611309138996,5.199999999969118e-07,2,"[9, 23]","[6074, 137]"
126,97,174,1141,0.0010688511309138943,8.899999999947145e-07,2,"[9, 23]","[6123, 38]"
127,97,175,1141,0.0010645532324022751,0.0010645532324022751,2,"[9, 23]","[6233, 43]"
128,97,175,1141,0.0010651332324022717,5.799999999965555e-07,2,"[9, 23]","[6074, 219]"
129,97,175,1141,0.0010655632324022691,4.299999999974463e-07,2,"[9, 23]","[5740, 502]"
130,97,175,1141,0.0010659632324022668,3.999999999976245e-07,2,"[9, 23]","[5430, 789]"
131,97,175,1141,0.0010663932324022642,4.299999999974463e-07,2,"[9, 23]","[5248, 1043]"
132,97,175,1141,0.0010669532324022609,5.599999999966743e-07,2,"[9, 23]","[4961, 1249]"
133,97,175,1142,0.001065345490996271,0.001065345490996271,2,"[9, 23]","[6161, 91]"
134,97,176,1141,0.0010632335965717176,0.0010632335965717176,1,[9],[6284]
135,97,176,1141,0.001064003596571713,7.699999999954271e-07,2,"[9, 23]","[6252, 1]"
136,97,176,1141,0.0010647535965717086,7.499999999955459e-07,2,"[9, 23]","[6265, 4]"
137,97,176,1141,0.0010663235965716993,1.569999999990676e-06,2,"[9, 23]","[6136, 68]"
138,97,176,1142,0.0010629296197498862,0.0010629296197498862,1,[9],[6290]
139,97,176,1142,0.0010638396197498808,9.099999999945957e-07,1,[9],[6216]
140,97,176,1142,0.0010650496197498736,1.209999999992814e-06,2,"[9, 23]","[6275, 2]"
141,97,177,1141,0.0010624552394580735,0.0010624552394580735,1,[9],[6269]
142,97,177,1142,0.0010609683372040705,0.0010609683372040705,1,[9],[6253]
143,97,177,1142,0.0010616683372040663,6.999999999958428e-07,1,[9],[6343]
144,97,177,1142,0.0010622883372040626,6.199999999963179e-07,1,[9],[6217]
145,97,177,1142,0.001063078337204058,7.899999999953083e-07,1,[9],[6216]
146,97,178,1142,0.0010593118586434984,0.0010593118586434984,1,[9],[6316]
147,97,178,1142,0.0010599618586434945,6.499999999961398e-07,1,[9],[6238]
148,97,178,1142,0.0010605318586434911,5.699999999966149e-07,1,[9],[6217]
149,97,178,1142,0.001061211858643487,6.799999999959616e-07,1,[9],[6255]
150,97,178,1143,0.0010609436993906283,0.0010609436993906283,1,[9],[6250]
151,97,179,1142,0.0010579593983432733,0.0010579593983432733,1,[9],[6284]
152,97,179,1142,0.001058689398343269,7.299999999956647e-07,1,[9],[6281]
153,97,179,1142,0.0010594193983432647,7.299999999956647e-07,1,[9],[6194]
154,97,179,1143,0.0010579172621312278,0.0010579172621312278,1,[9],[6301]
155,97,179,1143,0.0010589772621312215,1.0599999999937049e-06,1,[9],[6210]
156,97,180,1142,0.0010570471089473826,0.0010570471089473826,1,[9],[6283]
157,97,180,1142,0.001058337108947375,1.289999999992339e-06,1,[9],[6234]
158,97,180,1143,0.0010561076349686433,0.0010561076349686433,2,"[9, 22]","[6273, 2]"
159,97,180,1143,0.0010567776349686394,6.69999999996021e-07,1,[9],[6290]
160,97,180,1143,0.0010574176349686356,6.399999999961992e-07,1,[9],[6242]
161,97,180,1143,0.0010584976349686291,1.079999999993586e-06,1,[9],[6203]
162,97,181,1142,0.0010580389898888216,0.0010580389898888216,2,"[9, 22]","[6216, 36]"
163,97,181,1143,0.001054444247273962,0.001054444247273962,2,"[9, 22]","[5851, 421]"
164,97,181,1143,0.0010550842472739582,6.399999999961992e-07,2,"[9, 22]","[6243, 51]"
165,97,181,1143,0.001055614247273955,5.299999999968524e-07,2,"[9, 22]","[6264, 14]"
166,97,181,1143,0.0010562142472739515,5.999999999964367e-07,2,"[9, 22]","[6206, 3]"
167,97,181,1143,0.0010574342472739443,1.2199999999927547e-06,1,[9],[6216]
168,97,182,1143,0.001053038536502599,0.001053038536502599,2,"[9, 22]","[5485, 832]"
169,97,182,1143,0.0010535985365025956,5.599999999966743e-07,2,"[9, 22]","[5112, 1172]"
170,97,182,1143,0.0010540685365025928,4.6999999999720876e-07,2,"[9, 22]","[5145, 1033]"
171,97,182,1143,0.0010546085365025896,5.39999999996793e-07,2,"[9, 22]","[5547, 757]"
172,97,182,1143,0.0010555285365025841,9.199999999945363e-07,2,"[9, 22]","[5830, 386]"
173,97,182,1144,0.0010539576559372966,0.0010539576559372966,2,"[9, 22]","[5339, 916]"
174,97,183,1143,0.0010519209936136586,0.0010519209936136586,2,"[9, 22]","[6260, 7]"
175,97,183,1143,0.001052710993613654,7.899999999953083e-07,2,"[9, 22]","[6219, 62]"
176,97,183,1143,0.0010536009936136486,8.899999999947145e-07,2,"[9, 22]","[5912, 293]"
177,97,183,1144,0.001052116930651219,0.001052116930651219,2,"[9, 22]","[6271, 2]"
178,97,183,1144,0.0010535469306512104,1.4299999999915075e-06,2,"[9, 22]","[6148, 85]"
179,97,184,1143,0.0010507318369926365,0.0010507318369926365,2,"[9, 21]","[6300, 1]"
180,97,184,1143,0.00105182183699263,1.0899999999935267e-06,1,[9],[6216]
181,97,184,1144,0.001050267884950742,0.001050267884950742,2,"[9, 21]","[6262, 1]"
182,97,184,1144,0.001051107884950737,8.399999999950114e-07,1,[9],[6263]
183,97,184,1144,0.0010522578849507301,1.1499999999931704e-06,1,[9],[6225]
184,97,185,1143,0.0010495994478210548,0.0010495994478210548,2,"[9, 21]","[6045, 236]"
185,97,185,1144,0.0010485862252361357,0.0010485862252361357,2,"[9, 21]","[5729, 549]"
186,97,185,1144,0.0010492762252361316,6.899999999959022e-07,2,"[9, 21]","[6060, 165]"
187,97,185,1144,0.0010499362252361277,6.599999999960804e-07,2,"[9, 21]","[6255, 37]"
188,97,185,1144,0.0010510862252361209,1.1499999999931704e-06,2,"[9, 21]","[6204, 9]"
189,97,186,1143,0.0010487792648558262,0.0010487792648558262,2,"[9, 21]","[5253, 1005]"
190,97,186,1144,0.00104711323585764,0.00104711323585764,2,"[9, 21]","[6003, 275]"
191,97,186,1144,0.0010477432358576362,6.299999999962586e-07,2,"[9, 21]","[5546, 769]"
192,97,186,1144,0.001048273235857633,5.299999999968524e-07,2,"[9, 21]","[5186, 996]"
193,97,186,1144,0.0010489132358576293,6.399999999961992e-07,2,"[9, 21]","[5200, 1052]"
194,97,187,1144,0.0010456212229931047,0.0010456212229931047,1,[9],[6321]
195,97,187,1144,0.0010462912229931007,6.69999999996021e-07,2,"[9, 21]","[6209, 1]"
196,97,187,1144,0.001046921222993097,6.299999999962586e-07,2,"[9, 21]","[6281, 13]"
197,97,187,1144,0.0010478712229930914,9.499999999943581e-07,2,"[9, 21]","[6105, 100]"
198,97,188,1144,0.0010442384687879645,0.0010442384687879645,1,[9],[6288]
199,97,188,1144,0.0010449484687879602,7.099999999957834e-07,1,[9],[6218]
200,97,188,1144,0.001045678468787956,7.299999999956647e-07,1,[9],[6297]
201,97,188,1145,0.0010449342766168529,0.0010449342766168529,1,[9],[6256]
202,97,189,1144,0.0010429231460806032,0.0010429231460806032,1,[9],[6293]
203,97,189,1144,0.0010438531460805977,9.299999999944769e-07,1,[9],[6271]
204,97,189,1145,0.0010428396432657222,0.0010428396432657222,1,[9],[6299]
205,97,189,1145,0.001044059643265715,1.2199999999927547e-06,1,[9],[6212]
206,97,190,1144,0.0010418421728497862,0.0010418421728497862,1,[9],[6255]
207,97,190,1144,0.001044402172849771,2.5599999999847967e-06,1,[9],[6246]
208,97,190,1145,0.0010409936244952698,0.0010409936244952698,1,[9],[6300]
209,97,190,1145,0.001041813624495265,8.199999999951302e-07,1,[9],[6230]
210,97,190,1145,0.0010428836244952585,1.0699999999936455e-06,1,[9],[6248]
211,97,191,1144,0.0010412287762637073,0.0010412287762637073,1,[9],[6250]
212,97,191,1145,0.0010393378268507866,0.0010393378268507866,1,[9],[6306]
213,97,191,1145,0.0010400878268507822,7.499999999955459e-07,1,[9],[6282]
214,97,191,1145,0.0010408778268507775,7.899999999953083e-07,1,[9],[6223]
215,97,192,1145,0.0010377519192630487,0.0010377519192630487,1,[9],[6294]
216,97,192,1145,0.0010384419192630446,6.899999999959022e-07,1,[9],[6212]
217,97,192,1145,0.0010391319192630405,6.899999999959022e-07,1,[9],[6263]
218,97,192,1145,0.0010404319192630327,1.2999999999922796e-06,1,[9],[6248]
219,97,193,1145,0.0010362123862468484,0.0010362123862468484,1,[9],[6324]
220,97,193,1145,0.0010369023862468443,6.899999999959022e-07,1,[9],[6240]
221,97,193,1145,0.0010375923862468402,6.899999999959022e-07,1,[9],[6235]
222,97,193,1145,0.0010388723862468326,1.2799999999923983e-06,1,[9],[6205]
223,97,194,1145,0.001034587112212351,0.001034587112212351,1,[9],[6307]
224,97,194,1145,0.0010353171122123466,7.299999999956647e-07,1,[9],[6216]
225,97,194,1145,0.0010360471122123423,7.299999999956647e-07,1,[9],[6263]
226,97,194,1145,0.0010376371122123328,1.5899999999905573e-06,1,[9],[6215]
227,97,194,1146,0.0010361625046549643,0.0010361625046549643,1,[9],[6256]
228,97,195,1145,0.0010330541242129841,0.0010330541242129841,1,[9],[6271]
229,97,195,1145,0.0010338241242129796,7.699999999954271e-07,1,[9],[6264]
230,97,195,1145,0.0010346541242129746,8.299999999950708e-07,1,[9],[6230]
231,97,195,1146,0.0010336392447920987,0.0010336392447920987,1,[9],[6264]
232,97,196,1145,0.0010316460548389574,0.0010316460548389574,1,[9],[6260]
233,97,196,1145,0.0010325860548389518,9.399999999944175e-07,1,[9],[6295]
234,97,196,1145,0.0010348060548389386,2.219999999986816e-06,1,[9],[6198]
235,97,196,1146,0.0010316042727558728,0.0010316042727558728,1,[9],[6280]
236,97,196,1146,0.001032744272755866,1.1399999999932298e-06,1,[9],[6220]
237,97,197,1145,0.0010304790366826631,0.0010304790366826631,1,[9],[6265]
238,97,197,1145,0.0010324590366826514,1.979999999988241e-06,1,[9],[6235]
239,97,197,1146,0.0010297843437368122,0.0010297843437368122,1,[9],[6293]
240,97,197,1146,0.0010307043437368067,9.199999999945363e-07,1,[9],[6232]
241,97,197,1146,0.0010324643437367963,1.7599999999895477e-06,1,[9],[6231]
242,97,198,1145,0.0010296066941682563,0.0010296066941682563,1,[9],[6250]
243,97,198,1146,0.0010280484681863392,0.0010280484681863392,2,"[9, 20]","[6258, 1]"
244,97,198,1146,0.0010288384681863346,7.899999999953083e-07,1,[9],[6301]
245,97,198,1146,0.0010297184681863293,8.799999999947739e-07,1,[9],[6191]
246,97,199,1146,0.001026259197544018,0.001026259197544018,3,"[9, 19, 20]","[5483, 2, 803]"
247,97,199,1146,0.0010269991975440137,7.399999999956053e-07,2,"[9, 20]","[6040, 184]"
248,97,199,1146,0.0010277091975440095,7.099999999957834e-07,2,"[9, 20]","[6271, 32]"
249,97,199,1146,0.001029129197544001,1.419999999991567e-06,2,"[9, 20]","[6184, 5]"
250,97,200,1146,0.0010246778213783832,0.0010246778213783832,3,"[9, 19, 20]","[4872, 932, 481]"
251,97,200,1146,0.0010253378213783792,6.599999999960804e-07,3,"[9, 19, 20]","[4766, 139, 1343]"
252,97,200,1146,0.0010258578213783761,5.199999999969118e-07,3,"[9, 19, 20]","[4482, 31, 1713]"
253,97,200,1146,0.0010265078213783723,6.499999999961398e-07,3,"[9, 19, 20]","[4579, 2, 1710]"
254,97,200,1147,0.0010266467604397617,0.0010266467604397617,3,"[9, 19, 20]","[4395, 419, 1439]"
255,97,201,1146,0.001023203549101586,0.001023203549101586,2,"[9, 19]","[5252, 1073]"
256,97,201,1146,0.0010238235491015822,6.199999999963179e-07,3,"[9, 19, 20]","[4301, 1915, 1]"
257,97,201,1146,0.001024373549101579,5.499999999967337e-07,3,"[9, 19, 20]","[4190, 1999, 26]"
258,97,201,1146,0.001025213549101574,8.399999999950114e-07,3,"[9, 19, 20]","[4540, 1551, 153]"
259,97,201,1147,0.0010237133446054044,0.0010237133446054044,3,"[9, 19, 20]","[5279, 1002, 1]"
260,97,201,1147,0.00102614334460539,2.4299999999855687e-06,3,"[9, 19, 20]","[4410, 1659, 149]"
261,97,202,1146,0.00102214980435925,0.00102214980435925,2,"[9, 19]","[6276, 6]"
262,97,202,1146,0.0010230898043592444,9.399999999944175e-07,2,"[9, 19]","[6168, 106]"
263,97,202,1147,0.0010218982778004767,0.0010218982778004767,2,"[9, 19]","[6278, 1]"
264,97,202,1147,0.0010229382778004705,1.0399999999938236e-06,2,"[9, 19]","[6205, 17]"
265,97,203,1146,0.0010213118582897088,0.0010213118582897088,1,[9],[6285]
266,97,203,1147,0.0010201870633733364,0.0010201870633733364,1,[9],[6274]
267,97,203,1147,0.0010209570633733318,7.699999999954271e-07,1,[9],[6241]
268,97,203,1147,0.001021927063373326,9.699999999942394e-07,1,[9],[6240]
269,97,204,1147,0.0010186540909350335,0.0010186540909350335,1,[9],[6264]
270,97,204,1147,0.0010193440909350294,6.899999999959022e-07,1,[9],[6241]
271,97,204,1147,0.0010200540909350252,7.099999999957834e-07,1,[9],[6301]
272,97,205,1147,0.0010172844283513611,0.0010172844283513611,2,"[9, 18]","[6176, 118]"
273,97,205,1147,0.001017984428351357,6.999999999958428e-07,2,"[9, 18]","[6214, 12]"
274,97,205,1147,0.0010187044283513527,7.199999999957241e-07,2,"[9, 18]","[6260, 2]"
275,97,205,1148,0.0010190692898224521,0.0010190692898224521,2,"[9, 18]","[6129, 124]"
276,97,206,1147,0.001015802837591101,0.001015802837591101,2,"[9, 18]","[4400, 1887]"
277,97,206,1147,0.0010164128375910973,6.099999999963773e-07,2,"[9, 18]","[4221, 2037]"
278,97,206,1147,0.0010170128375910938,5.999999999964367e-07,2,"[9, 18]","[4506, 1738]"
279,97,206,1147,0.0010180628375910876,1.0499999999937643e-06,2,"[9, 18]","[5096, 1129]"
280,97,206,1148,0.0010159043065051483,0.0010159043065051483,2,"[9, 18]","[4222, 2084]"
281,97,206,1148,0.0010166943065051436,7.899999999953083e-07,2,"[9, 18]","[3701, 2506]"
282,97,207,1147,0.0010150111415858354,0.0010150111415858354,2,"[9, 18]","[5770, 480]"
283,97,207,1147,0.00101591114158583,8.999999999946551e-07,2,"[9, 18]","[4282, 2023]"
284,97,207,1147,0.001017111141585823,1.1999999999928734e-06,2,"[9, 18]","[2698, 3504]"
285,97,207,1148,0.0010145940302339381,0.0010145940302339381,2,"[9, 18]","[6154, 126]"
286,97,207,1148,0.0010154340302339332,8.399999999950114e-07,2,"[9, 18]","[5282, 940]"
287,97,207,1148,0.0010163640302339276,9.299999999944769e-07,2,"[9, 18]","[3695, 2601]"
288,97,208,1147,0.001014414551279415,0.001014414551279415,2,"[9, 18]","[6254, 2]"
289,97,208,1148,0.0010130632048768176,0.0010130632048768176,1,[9],[6259]
290,97,208,1148,0.001013833204876813,7.699999999954271e-07,1,[9],[6253]
291,97,208,1148,0.0010149432048768064,1.109999999993408e-06,2,"[9, 18]","[6230, 10]"
292,97,209,1148,0.0010116266505949389,0.0010116266505949389,1,[9],[6281]
293,97,209,1148,0.0010123266505949347,6.999999999958428e-07,1,[9],[6226]
294,97,209,1148,0.00101311665059493,7.899999999953083e-07,1,[9],[6298]
295,97,210,1148,0.0010102769671953872,0.0010102769671953872,1,[9],[6290]
296,97,210,1148,0.0010110069671953829,7.299999999956647e-07,1,[9],[6261]
297,97,210,1148,0.001011816967195378,8.099999999951896e-07,1,[9],[6200]
298,97,211,1148,0.0010090883271058483,0.0010090883271058483,1,[9],[6290]
299,97,211,1148,0.0010098883271058435,7.99999999995249e-07,1,[9],[6242]
300,97,211,1148,0.0010112283271058356,1.339999999992042e-06,1,[9],[6223]
301,97,211,1149,0.0010103053664401642,0.0010103053664401642,1,[9],[6261]
302,97,212,1148,0.001007925084524439,0.001007925084524439,1,[9],[6281]
303,97,212,1148,0.0010088750845244335,9.499999999943581e-07,1,[9],[6234]
304,97,212,1149,0.0010081782875746594,0.0010081782875746594,1,[9],[6271]
305,97,213,1148,0.0010068933084702405,0.0010068933084702405,1,[9],[6306]
306,97,213,1148,0.0010084333084702313,1.5399999999908542e-06,1,[9],[6198]
307,97,213,1149,0.0010065891235138825,0.0010065891235138825,1,[9],[6279]
308,97,213,1149,0.0010077391235138757,1.1499999999931704e-06,1,[9],[6265]
309,97,214,1148,0.001006004614662071,0.001006004614662071,1,[9],[6259]
310,97,214,1149,0.0010051204270004814,0.0010051204270004814,1,[9],[6315]
311,97,214,1149,0.0010059604270004764,8.399999999950114e-07,1,[9],[6196]
312,97,215,1148,0.0010058704676857923,0.0010058704676857923,2,"[9, 17]","[6228, 30]"
313,97,215,1149,0.0010036963905176441,0.0010036963905176441,2,"[9, 17]","[6035, 226]"
314,97,215,1149,0.0010044563905176396,7.599999999954865e-07,2,"[9, 17]","[6238, 8]"
315,97,215,1149,0.0010054463905176338,9.899999999941206e-07,1,[9],[6287]
316,97,216,1149,0.001002101029994739,0.001002101029994739,2,"[9, 17]","[4236, 2031]"
317,97,216,1149,0.0010027010299947354,5.999999999964367e-07,2,"[9, 17]","[4554, 1748]"
318,97,216,1149,0.001003281029994732,5.799999999965555e-07,2,"[9, 17]","[5186, 1034]"
319,97,216,1149,0.0010041810299947266,8.999999999946551e-07,2,"[9, 17]","[5739, 481]"
320,97,217,1149,0.0010010525312745217,0.0010010525312745217,2,"[9, 17]","[6173, 91]"
321,97,217,1149,0.0010017125312745177,6.599999999960804e-07,2,"[9, 17]","[5936, 383]"
322,97,217,1149,0.001002342531274514,6.299999999962586e-07,2,"[9, 17]","[5533, 685]"
323,97,217,1149,0.0010041625312745032,1.8199999999891914e-06,2,"[9, 17]","[5104, 1096]"
324,97,218,1149,0.0009997914041290107,0.0009997914041290107,2,"[9, 16]","[6188, 96]"
325,97,218,1149,0.0010004814041290066,6.899999999959022e-07,1,[9],[6282]
326,97,218,1149,0.001001261404129002,7.799999999953677e-07,1,[9],[6209]
327,97,219,1149,0.0009981036908302803,0.0009981036908302803,2,"[9, 16]","[2976, 3299]"
328,97,219,1149,0.0009987536908302765,6.499999999961398e-07,2,"[9, 16]","[4338, 1890]"
329,97,219,1149,0.0009993836908302727,6.299999999962586e-07,2,"[9, 16]","[5402, 920]"
330,97,219,1149,0.0010003736908302668,9.899999999941206e-07,2,"[9, 16]","[6007, 194]"
331,97,219,1150,0.0009991984722603502,0.0009991984722603502,2,"[9, 16]","[4547, 1731]"
332,97,220,1149,0.0009973491037101859,0.0009973491037101859,2,"[9, 16]","[5419, 839]"
333,97,220,1149,0.0009980491037101817,6.999999999958428e-07,2,"[9, 16]","[4590, 1725]"
334,97,220,1149,0.000998839103710177,7.899999999953083e-07,2,"[9, 16]","[4267, 1922]"
335,97,220,1150,0.0009980988237007736,0.0009980988237007736,2,"[9, 16]","[5452, 803]"
336,97,221,1149,0.0009961438415457546,0.0009961438415457546,1,[9],[6317]
337,97,221,1149,0.000997083841545749,9.399999999944175e-07,2,"[9, 16]","[6183, 6]"
338,97,221,1150,0.00099661648114953,0.00099661648114953,2,"[9, 16]","[6263, 2]"
339,97,222,1149,0.000994908638169752,0.000994908638169752,1,[9],[6275]
340,97,222,1149,0.0009959886381697455,1.079999999993586e-06,1,[9],[6237]
341,97,222,1150,0.0009951460058902869,0.0009951460058902869,1,[9],[6268]
342,97,223,1149,0.0009937066343707944,0.0009937066343707944,1,[9],[6295]
343,97,223,1149,0.0009949866343707868,1.2799999999923983e-06,1,[9],[6228]
344,97,223,1150,0.0009937039712545638,0.0009937039712545638,1,[9],[6286]
345,97,223,1150,0.000995343971254554,1.6399999999902604e-06,1,[9],[6220]
346,97,224,1149,0.0009924757600992362,0.0009924757600992362,1,[9],[6297]
347,97,224,1149,0.000994205760099226,1.7299999999897259e-06,1,[9],[6204]
348,97,224,1150,0.0009922825058666673,0.0009922825058666673,1,[9],[6256]
349,97,224,1150,0.0009934825058666602,1.1999999999928734e-06,1,[9],[6259]
350,97,225,1149,0.0009913377054490318,0.0009913377054490318,2,"[9, 15]","[6261, 3]"
351,97,225,1150,0.000990886406079162,0.000990886406079162,2,"[9, 15]","[6262, 11]"
352,97,225,1150,0.0009919064060791558,1.0199999999939424e-06,1,[9],[6241]
353,97,226,1149,0.0009900690676971466,0.0009900690676971466,3,"[9, 14, 15]","[5593, 1, 679]"
354,97,226,1150,0.0009893350232242782,0.0009893350232242782,3,"[9, 14, 15]","[5157, 11, 1124]"
355,97,226,1150,0.0009901850232242732,8.49999999994952e-07,2,"[9, 15]","[5964, 288]"
356,97,226,1150,0.0009924350232242598,2.2499999999866377e-06,2,"[9, 15]","[6172, 36]"
357,97,227,1149,0.0009888635919611023,0.0009888635919611023,3,"[9, 14, 15]","[4719, 789, 753]"
358,97,227,1150,0.0009878509160413877,0.0009878509160413877,3,"[9, 14, 15]","[4028, 1979, 249]"
359,97,227,1150,0.0009886109160413832,7.599999999954865e-07,3,"[9, 14, 15]","[4894, 608, 793]"
360,97,227,1150,0.0009894409160413782,8.299999999950708e-07,3,"[9, 14, 15]","[5030, 108, 1089]"
361,97,228,1149,0.0009880188475903404,0.0009880188475903404,3,"[9, 14, 15]","[4690, 1562, 4]"
362,97,228,1150,0.0009867615439608079,0.0009867615439608079,2,"[9, 14]","[5106, 1236]"
363,97,228,1150,0.0009873715439608043,6.099999999963773e-07,3,"[9, 14, 15]","[4226, 2016, 3]"
364,97,228,1150,0.0009880015439608005,6.299999999962586e-07,3,"[9, 14, 15]","[4005, 2184, 4]"
365,97,229,1150,0.000985685004364763,0.000985685004364763,2,"[9, 14]","[6321, 2]"
366,97,229,1150,0.0009864850043647582,7.99999999995249e-07,2,"[9, 14]","[6171, 40]"
367,97,230,1150,0.0009844629106054543,0.0009844629106054543,1,[9],[6270]
368,97,230,1150,0.0009852629106054495,7.99999999995249e-07,1,[9],[6292]
369,97,230,1150,0.000987212910605438,1.9499999999884193e-06,1,[9],[6190]
370,97,231,1150,0.0009832553225527752,0.0009832553225527752,1,[9],[6316]
371,97,231,1150,0.0009840353225527706,7.799999999953677e-07,1,[9],[6211]
372,97,231,1150,0.0009855153225527618,1.4799999999912106e-06,1,[9],[6235]
373,97,232,1150,0.0009820361479446545,0.0009820361479446545,2,"[9, 13]","[5980, 285]"
374,97,232,1150,0.00098279614794465,7.599999999954865e-07,2,"[9, 13]","[6178, 58]"
375,97,232,1150,0.0009840561479446425,1.259999999992517e-06,2,"[9, 13]","[6242, 12]"
376,97,233,1150,0.0009806646582645163,0.0009806646582645163,2,"[9, 13]","[4487, 1819]"
377,97,233,1150,0.0009811846582645132,5.199999999969118e-07,2,"[9, 13]","[3884, 2383]"
378,97,233,1150,0.0009816546582645104,4.6999999999720876e-07,2,"[9, 13]","[3798, 2454]"
379,97,233,1150,0.0009823046582645065,6.499999999961398e-07,2,"[9, 13]","[4022, 2171]"
380,97,234,1150,0.000979775072617635,0.000979775072617635,2,"[9, 13]","[6245, 88]"
381,97,234,1150,0.000980445072617631,6.69999999996021e-07,2,"[9, 13]","[5716, 489]"
382,97,234,1150,0.0009811750726176267,7.299999999956647e-07,2,"[9, 13]","[4845, 1395]"
383,97,235,1150,0.0009787515173026542,0.0009787515173026542,1,[9],[6318]
384,97,235,1150,0.0009795015173026497,7.499999999955459e-07,1,[9],[6190]
385,97,235,1150,0.0009810515173026405,1.5499999999907949e-06,2,"[9, 13]","[6237, 9]"
386,97,236,1150,0.0009778014789748558,0.0009778014789748558,1,[9],[6255]
387,97,236,1150,0.0009786614789748507,8.599999999948926e-07,1,[9],[6265]
388,97,236,1151,0.000978568549186428,0.000978568549186428,1,[9],[6259]
389,97,237,1150,0.0009768721426964071,0.0009768721426964071,2,"[9, 12]","[6264, 1]"
390,97,237,1150,0.0009779521426964007,1.079999999993586e-06,1,[9],[6284]
391,97,237,1151,0.0009771158114106543,0.0009771158114106543,1,[9],[6270]
392,97,238,1150,0.000975988167326927,0.000975988167326927,2,"[9, 12]","[6049, 255]"
393,97,238,1151,0.0009757337432917326,0.0009757337432917326,2,"[9, 12]","[5955, 330]"
394,97,238,1151,0.0009769737432917343,1.2400000000016348e-06,2,"[9, 12]","[6157, 76]"
395,97,239,1150,0.0009749253686270906,0.0009749253686270906,2,"[9, 12]","[4595, 1658]"
396,97,239,1150,0.0009764453686270981,1.5200000000074529e-06,2,"[9, 12]","[4127, 2122]"
397,97,239,1151,0.0009744215506943556,0.0009744215506943556,2,"[9, 12]","[5237, 1063]"
398,97,239,1151,0.0009750915506943589,6.700000000032852e-07,2,"[9, 12]","[4410, 1820]"
399,97,239,1151,0.0009759415506943631,8.500000000041677e-07,2,"[9, 12]","[4224, 2026]"
400,97,240,1150,0.000974566018056297,0.000974566018056297,2,"[9, 12]","[6031, 233]"
401,97,240,1151,0.0009732604162149734,0.0009732604162149734,2,"[9, 12]","[6281, 4]"
402,97,240,1151,0.0009740404162149772,7.800000000038245e-07,2,"[9, 12]","[6143, 95]"
403,97,240,1151,0.0009753404162149836,1.3000000000063742e-06,2,"[9, 12]","[5489, 758]"
404,97,241,1151,0.0009720448087315863,0.0009720448087315863,1,[9],[6309]
405,97,241,1151,0.0009727748087315899,7.300000000035793e-07,1,[9],[6222]
406,97,241,1151,0.0009738548087315952,1.0800000000052955e-06,1,[9],[6231]
407,97,242,1151,0.0009708523705148317,0.0009708523705148317,1,[9],[6266]
408,97,242,1151,0.0009715623705148352,7.100000000034813e-07,1,[9],[6266]
409,97,242,1151,0.0009724823705148397,9.20000000004511e-07,1,[9],[6255]
410,97,243,1151,0.0009696918184808922,0.0009696918184808922,1,[9],[6276]
411,97,243,1151,0.0009703918184808956,7.000000000034323e-07,1,[9],[6270]
412,97,243,1151,0.0009712818184809,8.900000000043639e-07,1,[9],[6217]
413,97,244,1151,0.0009685211624186185,0.0009685211624186185,1,[9],[6298]
414,97,244,1151,0.000969251162418622,7.300000000035793e-07,1,[9],[6273]
415,97,244,1151,0.0009701611624186265,9.100000000044619e-07,1,[9],[6188]
416,97,245,1151,0.0009674198247406762,0.0009674198247406762,1,[9],[6291]
417,97,245,1151,0.0009681598247406798,7.400000000036284e-07,1,[9],[6259]
418,97,245,1151,0.0009693798247406858,1.220000000005982e-06,1,[9],[6200]
419,97,245,1152,0.0009693682882184786,0.0009693682882184786,1,[9],[6252]
420,97,246,1151,0.0009664113972070168,0.0009664113972070168,1,[9],[6277]
421,97,246,1151,0.0009672613972070209,8.500000000041677e-07,1,[9],[6226]
422,97,246,1152,0.0009673113014856369,0.0009673113014856369,1,[9],[6264]
423,97,247,1151,0.0009652708431503537,0.0009652708431503537,1,[9],[6291]
424,97,247,1151,0.0009664408431503595,1.1700000000057368e-06,1,[9],[6242]
425,97,247,1152,0.0009656580474395332,0.0009656580474395332,1,[9],[6265]
426,97,248,1151,0.0009641504068934733,0.0009641504068934733,1,[9],[6288]
427,97,248,1151,0.0009656904068934809,1.540000000007551e-06,1,[9],[6212]
428,97,248,1152,0.0009641368580377238,0.0009641368580377238,1,[9],[6259]
429,97,249,1151,0.0009631249219821382,0.0009631249219821382,1,[9],[6268]
430,97,249,1152,0.0009626990093593695,0.0009626990093593695,1,[9],[6287]
431,97,249,1152,0.0009639290093593756,1.230000000006031e-06,1,[9],[6242]
432,97,250,1151,0.0009621372402265203,0.0009621372402265203,1,[9],[6258]
433,97,250,1152,0.000961346611152082,0.000961346611152082,1,[9],[6281]
434,97,250,1152,0.0009623166111520868,9.700000000047561e-07,1,[9],[6235]
435,97,251,1151,0.0009613598121347303,0.0009613598121347303,1,[9],[6266]
436,97,251,1152,0.0009600019618073682,0.0009600019618073682,1,[9],[6270]
437,97,251,1152,0.0009608519618073723,8.500000000041677e-07,1,[9],[6286]
438,97,252,1152,0.000958688920970402,0.000958688920970402,1,[9],[6298]
439,97,252,1152,0.0009594689209704058,7.800000000038245e-07,1,[9],[6265]
440,97,252,1152,0.0009610589209704136,1.5900000000077961e-06,1,[9],[6195]
441,97,253,1152,0.0009573967978760336,0.0009573967978760336,1,[9],[6291]
442,97,253,1152,0.0009581467978760373,7.500000000036774e-07,1,[9],[6275]
443,97,253,1152,0.0009592867978760429,1.1400000000055897e-06,1,[9],[6187]
444,97,254,1152,0.000956108149812341,0.000956108149812341,1,[9],[6309]
445,97,254,1152,0.0009568481498123447,7.400000000036284e-07,1,[9],[6235]
446,97,254,1152,0.0009578781498123497,1.0300000000050503e-06,1,[9],[6228]
447,97,255,1152,0.0009548485865460722,0.0009548485865460722,2,"[9, 11]","[6004, 251]"
448,97,255,1152,0.0009555985865460759,7.500000000036774e-07,2,"[9, 11]","[6224, 26]"
449,97,255,1152,0.0009566085865460809,1.0100000000049522e-06,1,[9],[6268]
450,97,256,1152,0.0009535307082562698,0.0009535307082562698,2,"[9, 11]","[4973, 1332]"
451,97,256,1152,0.0009541707082562729,6.400000000031381e-07,2,"[9, 11]","[4787, 1484]"
452,97,256,1152,0.0009548807082562764,7.100000000034813e-07,2,"[9, 11]","[5146, 1092]"
453,97,257,1152,0.0009523989817068793,0.0009523989817068793,2,"[9, 11]","[6297, 25]"
454,97,257,1152,0.0009531289817068829,7.300000000035793e-07,2,"[9, 11]","[6084, 117]"
455,97,257,1152,0.0009541889817068881,1.0600000000051974e-06,2,"[9, 11]","[5687, 550]"
456,97,258,1152,0.0009511921724788355,0.0009511921724788355,1,[9],[6252]
457,97,258,1152,0.0009519821724788394,7.900000000038735e-07,1,[9],[6264]
458,97,258,1152,0.0009534821724788467,1.5000000000073548e-06,2,"[9, 11]","[6234, 1]"
459,97,258,1153,0.000952943711407873,0.000952943711407873,1,[9],[6256]
460,97,259,1152,0.0009500146721169966,0.0009500146721169966,1,[9],[6251]
461,97,259,1152,0.0009508246721170006,8.100000000039716e-07,1,[9],[6332]
462,97,259,1153,0.0009511316627551868,0.0009511316627551868,1,[9],[6266]
463,97,260,1152,0.0009488359785450487,0.0009488359785450487,1,[9],[6315]
464,97,260,1152,0.0009496959785450529,8.600000000042168e-07,1,[9],[6202]
465,97,260,1153,0.0009496613485341468,0.0009496613485341468,1,[9],[6252]
466,97,261,1152,0.0009476708126185607,0.0009476708126185607,1,[9],[6295]
467,97,261,1152,0.0009486008126185653,9.3000000000456e-07,1,[9],[6211]
468,97,261,1153,0.0009482018318563255,0.0009482018318563255,1,[9],[6251]
469,97,262,1152,0.0009464838056664498,0.0009464838056664498,1,[9],[6309]
470,97,262,1152,0.0009474638056664546,9.800000000048052e-07,1,[9],[6195]
471,97,262,1153,0.0009468206231686676,0.0009468206231686676,1,[9],[6251]
472,97,263,1152,0.0009453470566836168,0.0009453470566836168,1,[9],[6309]
473,97,263,1152,0.0009464970566836225,1.1500000000056387e-06,1,[9],[6204]
474,97,263,1153,0.0009454654592395704,0.0009454654592395704,1,[9],[6254]
475,97,264,1152,0.0009441819730853328,0.0009441819730853328,1,[9],[6280]
476,97,264,1152,0.0009456219730853398,1.4400000000070606e-06,1,[9],[6224]
477,97,264,1153,0.0009441410336140743,0.0009441410336140743,1,[9],[6309]
478,97,264,1153,0.0009456610336140818,1.5200000000074529e-06,1,[9],[6192]
479,97,265,1152,0.0009430736725216622,0.0009430736725216622,1,[9],[6290]
480,97,265,1153,0.0009428031108637197,0.0009428031108637197,1,[9],[6263]
481,97,265,1153,0.0009439931108637255,1.1900000000058348e-06,1,[9],[6265]
482,97,266,1152,0.000942136508413884,0.000942136508413884,1,[9],[6254]
483,97,266,1153,0.0009416778821876207,0.0009416778821876207,1,[9],[6305]
484,97,266,1153,0.0009428878821876267,1.2100000000059329e-06,1,[9],[6204]
485,97,267,1152,0.0009411212789373063,0.0009411212789373063,1,[9],[6276]
486,97,267,1153,0.0009402948486819843,0.0009402948486819843,1,[9],[6256]
487,97,267,1153,0.0009413248486819894,1.0300000000050503e-06,1,[9],[6294]
488,97,268,1152,0.0009403166847197034,0.0009403166847197034,1,[9],[6269]
489,97,268,1153,0.0009389772887235107,0.0009389772887235107,1,[9],[6277]
490,97,268,1153,0.0009398272887235149,8.500000000041677e-07,1,[9],[6232]
491,97,269,1153,0.0009376754450187834,0.0009376754450187834,1,[9],[6264]
492,97,269,1153,0.0009384954450187875,8.200000000040206e-07,1,[9],[6239]
493,97,270,1153,0.0009364267769585593,0.0009364267769585593,1,[9],[6251]
494,97,270,1153,0.0009372067769585631,7.800000000038245e-07,1,[9],[6292]
495,97,270,1153,0.0009386467769585702,1.4400000000070606e-06,1,[9],[6208]
496,97,271,1153,0.0009351727815794918,0.0009351727815794918,1,[9],[6288]
497,97,271,1153,0.0009359327815794956,7.600000000037264e-07,1,[9],[6225]
498,97,271,1153,0.0009371627815795016,1.230000000006031e-06,1,[9],[6244]
499,97,272,1153,0.0009339431168635243,0.0009339431168635243,1,[9],[6293]
500,97,272,1153,0.0009346731168635279,7.300000000035793e-07,1,[9],[6250]
501,97,272,1153,0.0009357831168635333,1.1100000000054426e-06,1,[9],[6217]
502,97,273,1153,0.0009327235800717041,0.0009327235800717041,1,[9],[6322]
503,97,273,1153,0.0009334535800717077,7.300000000035793e-07,1,[9],[6203]
504,97,273,1153,0.0009345835800717132,1.1300000000055406e-06,1,[9],[6229]
505,97,274,1153,0.000931514285217254,0.000931514285217254,1,[9],[6331]
506,97,274,1153,0.0009322542852172577,7.400000000036284e-07,1,[9],[6215]
507,97,274,1153,0.000933534285217264,1.2800000000062761e-06,1,[9],[6220]
508,97,275,1153,0.0009303038455282038,0.0009303038455282038,1,[9],[6269]
509,97,275,1153,0.0009310738455282076,7.700000000037755e-07,1,[9],[6264]
510,97,275,1153,0.0009327538455282158,1.6800000000082374e-06,1,[9],[6220]
511,97,276,1153,0.0009291288849154086,0.0009291288849154086,1,[9],[6319]
512,97,276,1153,0.0009299588849154127,8.300000000040697e-07,1,[9],[6182]
513,97,276,1154,0.0009309027891992045,0.0009309027891992045,1,[9],[6255]
514,97,277,1153,0.0009279624131149052,0.0009279624131149052,2,"[9, 10]","[6198, 66]"
515,97,277,1153,0.0009288824131149097,9.20000000004511e-07,1,[9],[6272]
516,97,277,1154,0.0009288577602903843,0.0009288577602903843,2,"[9, 10]","[6194, 61]"
517,97,278,1153,0.000926687081688016,0.000926687081688016,2,"[9, 10]","[4968, 1357]"
518,97,278,1153,0.0009275470816880202,8.600000000042168e-07,2,"[9, 10]","[5301, 889]"
519,97,278,1154,0.0009270174506060631,0.0009270174506060631,2,"[9, 10]","[4684, 1601]"
520,97,279,1153,0.0009257163558729828,0.0009257163558729828,2,"[9, 10]","[6174, 108]"
521,97,279,1153,0.0009270263558729892,1.3100000000064232e-06,2,"[9, 10]","[5479, 741]"
522,97,279,1154,0.0009257553888126972,0.0009257553888126972,2,"[9, 10]","[6149, 118]"
523,97,280,1153,0.000924679172354899,0.000924679172354899,1,[9],[6256]
524,97,280,1154,0.0009243292527509413,0.0009243292527509413,1,[9],[6307]
525,97,280,1154,0.0009256392527509477,1.3100000000064232e-06,1,[9],[6194]
526,97,281,1153,0.0009238290348620467,0.0009238290348620467,1,[9],[6274]
527,97,281,1154,0.0009229452221979154,0.0009229452221979154,1,[9],[6257]
528,97,281,1154,0.0009239152221979202,9.700000000047561e-07,1,[9],[6290]
529,97,282,1153,0.0009232991867170629,0.0009232991867170629,1,[9],[6259]
530,97,282,1154,0.0009216086314880057,0.0009216086314880057,1,[9],[6290]
531,97,282,1154,0.0009224286314880098,8.200000000040206e-07,1,[9],[6214]
532,97,283,1154,0.0009203263667778979,0.0009203263667778979,1,[9],[6325]
533,97,283,1154,0.0009210963667779017,7.700000000037755e-07,1,[9],[6242]
534,97,283,1154,0.0009225963667779091,1.5000000000073548e-06,1,[9],[6189]
535,97,284,1154,0.0009190353682449901,0.0009190353682449901,1,[9],[6292]
536,97,284,1154,0.0009197753682449937,7.400000000036284e-07,1,[9],[6292]
537,97,284,1154,0.0009209153682449993,1.1400000000055897e-06,1,[9],[6166]
538,97,285,1154,0.0009177631448663477,0.0009177631448663477,1,[9],[6306]
539,97,285,1154,0.0009185031448663513,7.400000000036284e-07,1,[9],[6244]
540,97,285,1154,0.0009195531448663565,1.0500000000051484e-06,1,[9],[6229]
541,97,286,1154,0.0009165480274436195,0.0009165480274436195,1,[9],[6306]
542,97,286,1154,0.0009172980274436232,7.500000000036774e-07,1,[9],[6269]
543,97,286,1154,0.0009184480274436288,1.1500000000056387e-06,1,[9],[6176]
544,97,287,1154,0.0009153287945858253,0.0009153287945858253,2,"[1, 9]","[22, 6292]"
545,97,287,1154,0.0009161187945858292,7.900000000038735e-07,1,[9],[6253]
546,97,287,1154,0.0009176787945858368,1.560000000007649e-06,1,[9],[6189]
547,97,288,1154,0.000913530826218813,0.000913530826218813,2,"[1, 9]","[4440, 1904]"
548,97,288,1154,0.0009142208262188163,6.900000000033832e-07,2,"[1, 9]","[2374, 3788]"
549,97,288,1154,0.00091497082621882,7.500000000036774e-07,2,"[1, 9]","[845, 5477]"
550,97,288,1155,0.0009126890334505836,0.0009126890334505836,2,"[1, 9]","[6145, 111]"
551,97,288,1155,0.0009131190334505857,4.300000000021084e-07,2,"[1, 9]","[6007, 257]"
552,97,288,1155,0.0009135190334505877,4.000000000019613e-07,2,"[1, 9]","[5739, 509]"
553,97,288,1155,0.00091399903345059,4.800000000023535e-07,2,"[1, 9]","[5186, 1052]"
554,97,288,1155,0.0009151090334505955,1.1100000000054426e-06,2,"[1, 9]","[3081, 3169]"
555,97,288,1156,0.0009124433695983922,0.0009124433695983922,2,"[1, 9]","[6260, 1]"
556,97,288,1156,0.0009129033695983945,4.600000000022555e-07,1,[1],[6289]
557,97,288,1156,0.0009133533695983967,4.5000000000220645e-07,2,"[1, 9]","[6225, 5]"
558,97,288,1156,0.000914443369598402,1.0900000000053445e-06,2,"[1, 9]","[6212, 8]"
559,97,288,1157,0.0009123006926976771,0.0009123006926976771,1,[1],[6313]
560,97,288,1157,0.0009127506926976793,4.5000000000220645e-07,1,[1],[6256]
561,97,288,1157,0.0009132006926976815,4.5000000000220645e-07,1,[1],[6272]
562,97,288,1157,0.0009141506926976862,9.500000000046581e-07,1,[1],[6175]
563,97,288,1158,0.0009121420460181558,0.0009121420460181558,1,[1],[6327]
564,97,288,1158,0.0009125520460181578,4.100000000020103e-07,1,[1],[6211]
565,97,288,1158,0.0009129220460181596,3.700000000018142e-07,1,[1],[6274]
566,97,288,1158,0.0009133820460181618,4.600000000022555e-07,1,[1],[6264]
567,97,288,1159,0.000911972997780116,0.000911972997780116,1,[1],[6360]
568,97,288,1159,0.0009123429977801178,3.700000000018142e-07,1,[1],[6294]
569,97,288,1159,0.0009126529977801193,3.1000000000152e-07,1,[1],[6285]
570,97,288,1159,0.0009129729977801209,3.2000000000156903e-07,1,[1],[6186]
571,97,288,1159,0.000913412997780123,4.400000000021574e-07,1,[1],[6127]
572,97,288,1160,0.0009118186936140976,0.0009118186936140976,1,[1],[6255]
573,97,288,1160,0.0009121886936140994,3.700000000018142e-07,1,[1],[6399]
574,97,288,1160,0.0009124686936141008,2.800000000013729e-07,1,[1],[6115]
575,97,288,1160,0.0009127486936141021,2.800000000013729e-07,1,[1],[6253]
576,97,288,1160,0.0009130786936141038,3.3000000000161806e-07,1,[1],[6259]
577,97,288,1160,0.0009137586936141071,6.800000000033342e-07,1,[1],[6233]
578,97,288,1161,0.0009117224820439085,0.0009117224820439085,1,[1],[6321]
579,97,288,1161,0.0009120624820439102,3.400000000016671e-07,1,[1],[6227]
580,97,288,1161,0.0009123324820439115,2.7000000000132387e-07,1,[1],[6225]
581,97,288,1161,0.0009125924820439128,2.6000000000127484e-07,1,[1],[6370]
582,97,288,1161,0.0009128724820439141,2.800000000013729e-07,1,[1],[6183]
583,97,288,1161,0.0009132724820439161,4.000000000019613e-07,1,[1],[6256]
584,97,288,1162,0.0009116947492891256,0.0009116947492891256,1,[1],[6273]
585,97,288,1162,0.0009120447492891274,3.500000000017161e-07,1,[1],[6292]
586,97,288,1162,0.0009123147492891287,2.7000000000132387e-07,1,[1],[6333]
587,97,288,1162,0.0009125647492891299,2.500000000012258e-07,1,[1],[6242]
588,97,288,1162,0.0009128347492891312,2.7000000000132387e-07,1,[1],[6124]
589,97,288,1162,0.0009132147492891331,3.800000000018632e-07,1,[1],[6242]
590,97,288,1163,0.0009117038337925181,0.0009117038337925181,1,[1],[6286]
591,97,288,1163,0.0009120538337925199,3.500000000017161e-07,1,[1],[6349]
592,97,288,1163,0.0009123238337925212,2.7000000000132387e-07,1,[1],[6369]
593,97,288,1163,0.0009125738337925224,2.500000000012258e-07,1,[1],[6247]
594,97,288,1163,0.0009128438337925237,2.7000000000132387e-07,1,[1],[6205]
595,97,288,1163,0.0009132038337925255,3.6000000000176516e-07,1,[1],[6153]
596,97,288,1164,0.0009117365118896472,0.0009117365118896472,1,[1],[6378]
597,97,288,1164,0.0009120865118896489,3.500000000017161e-07,1,[1],[6271]
598,97,288,1164,0.0009123665118896503,2.800000000013729e-07,1,[1],[6262]
599,97,288,1164,0.0009126365118896516,2.7000000000132387e-07,1,[1],[6305]
600,97,288,1164,0.0009129365118896531,3.0000000000147097e-07,1,[1],[6157]
601,97,288,1164,0.0009134565118896557,5.200000000025497e-07,1,[1],[6199]
602,97,288,1165,0.0009116948105971127,0.0009116948105971127,1,[1],[6325]
603,97,288,1165,0.0009120548105971144,3.6000000000176516e-07,1,[1],[6363]
604,97,288,1165,0.0009123248105971157,2.7000000000132387e-07,1,[1],[6122]
605,97,288,1165,0.0009125948105971171,2.7000000000132387e-07,1,[1],[6350]
606,97,288,1165,0.0009128948105971185,3.0000000000147097e-07,1,[1],[6146]
607,97,288,1165,0.0009133848105971209,4.900000000024026e-07,1,[1],[6215]
608,97,288,1166,0.0009116360917373367,0.0009116360917373367,1,[1],[6268]
609,97,288,1166,0.0009119960917373384,3.6000000000176516e-07,1,[1],[6418]
610,97,288,1166,0.0009122760917373398,2.800000000013729e-07,1,[1],[6277]
611,97,288,1166,0.0009125460917373411,2.7000000000132387e-07,1,[1],[6231]
612,97,288,1166,0.0009128560917373426,3.1000000000152e-07,1,[1],[6102]
613,97,288,1166,0.0009133860917373452,5.300000000025987e-07,1,[1],[6223]
614,97,288,1167,0.0009115482291634646,0.0009115482291634646,1,[1],[6305]
615,97,288,1167,0.0009119082291634663,3.6000000000176516e-07,1,[1],[6223]
616,97,288,1167,0.0009121982291634677,2.9000000000142193e-07,1,[1],[6309]
617,97,288,1167,0.0009124882291634692,2.9000000000142193e-07,1,[1],[6301]
618,97,288,1167,0.0009128282291634708,3.400000000016671e-07,1,[1],[6162]
619,97,288,1167,0.0009135182291634742,6.900000000033832e-07,1,[1],[6218]
620,97,288,1168,0.0009114181959687613,0.0009114181959687613,1,[1],[6297]
621,97,288,1168,0.000911778195968763,3.6000000000176516e-07,1,[1],[6252]
622,97,288,1168,0.0009120681959687645,2.9000000000142193e-07,1,[1],[6279]
623,97,288,1168,0.0009123481959687658,2.800000000013729e-07,1,[1],[6183]
624,97,288,1168,0.0009126881959687675,3.400000000016671e-07,1,[1],[6290]
625,97,288,1168,0.0009133681959687708,6.800000000033342e-07,1,[1],[6205]
626,97,288,1169,0.0009112860877895445,0.0009112860877895445,1,[1],[6377]
627,97,288,1169,0.0009116460877895463,3.6000000000176516e-07,1,[1],[6261]
628,97,288,1169,0.0009119360877895477,2.9000000000142193e-07,1,[1],[6213]
629,97,288,1169,0.000912216087789549,2.800000000013729e-07,1,[1],[6200]
630,97,288,1169,0.0009125760877895508,3.6000000000176516e-07,1,[1],[6329]
631,97,288,1169,0.0009135660877895557,9.900000000048542e-07,1,[1],[6127]
632,97,288,1170,0.0009111272992070455,0.0009111272992070455,1,[1],[6254]
633,97,288,1170,0.0009115072992070474,3.800000000018632e-07,1,[1],[6353]
634,97,288,1170,0.0009118072992070488,3.0000000000147097e-07,1,[1],[6286]
635,97,288,1170,0.0009121072992070503,3.0000000000147097e-07,1,[1],[6210]
636,97,288,1170,0.0009124872992070522,3.800000000018632e-07,1,[1],[6182]
637,97,288,1171,0.0009109931393410296,0.0009109931393410296,1,[1],[6271]
638,97,288,1171,0.0009113731393410315,3.800000000018632e-07,1,[1],[6369]
639,97,288,1171,0.000911673139341033,3.0000000000147097e-07,1,[1],[6202]
640,97,288,1171,0.0009119831393410345,3.1000000000152e-07,1,[1],[6168]
641,97,288,1171,0.0009124031393410365,4.2000000000205935e-07,1,[1],[6252]
642,97,288,1172,0.0009108609347787766,0.0009108609347787766,1,[1],[6365]
643,97,288,1172,0.0009112309347787784,3.700000000018142e-07,1,[1],[6187]
644,97,288,1172,0.00091154093477878,3.1000000000152e-07,1,[1],[6436]
645,97,288,1172,0.0009118509347787815,3.1000000000152e-07,1,[1],[6020]
646,97,288,1172,0.0009122909347787836,4.400000000021574e-07,1,[1],[6309]
647,97,288,1173,0.0009106931655922444,0.0009106931655922444,1,[1],[6328]
648,97,288,1173,0.0009110731655922463,3.800000000018632e-07,1,[1],[6352]
649,97,288,1173,0.0009113731655922477,3.0000000000147097e-07,1,[1],[6232]
650,97,288,1173,0.0009116831655922493,3.1000000000152e-07,1,[1],[6245]
651,97,288,1173,0.0009120931655922513,4.100000000020103e-07,1,[1],[6179]
652,97,288,1174,0.0009105740541594318,0.0009105740541594318,1,[1],[6293]
653,97,288,1174,0.0009109440541594336,3.700000000018142e-07,1,[1],[6331]
654,97,288,1174,0.000911234054159435,2.9000000000142193e-07,1,[1],[6165]
655,97,288,1174,0.0009115440541594365,3.1000000000152e-07,1,[1],[6365]
656,97,288,1174,0.0009119240541594384,3.800000000018632e-07,1,[1],[6196]
657,97,288,1175,0.0009104545120180076,0.0009104545120180076,1,[1],[6328]
658,97,288,1175,0.0009108145120180094,3.6000000000176516e-07,1,[1],[6352]
659,97,288,1175,0.0009111045120180108,2.9000000000142193e-07,1,[1],[6287]
660,97,288,1175,0.0009113945120180122,2.9000000000142193e-07,1,[1],[6222]
661,97,288,1175,0.0009117345120180139,3.400000000016671e-07,1,[1],[6123]
662,97,288,1175,0.0009126145120180182,8.800000000043148e-07,1,[1],[6196]
663,97,288,1176,0.000910359091322021,0.000910359091322021,1,[1],[6340]
664,97,288,1176,0.0009107290913220228,3.700000000018142e-07,1,[1],[6279]
665,97,288,1176,0.0009110290913220243,3.0000000000147097e-07,1,[1],[6231]
666,97,288,1176,0.0009113290913220258,3.0000000000147097e-07,1,[1],[6313]
667,97,288,1176,0.0009117090913220277,3.800000000018632e-07,1,[1],[6126]
668,97,288,1177,0.0009102534489700668,0.0009102534489700668,2,"[1, 7]","[6369, 4]"
669,97,288,1177,0.0009106234489700686,3.700000000018142e-07,2,"[1, 7]","[6178, 4]"
670,97,288,1177,0.0009109234489700701,3.0000000000147097e-07,2,"[1, 7]","[6210, 6]"
671,97,288,1177,0.0009112434489700717,3.2000000000156903e-07,2,"[1, 7]","[6350, 3]"
672,97,288,1177,0.0009116734489700738,4.300000000021084e-07,2,"[1, 7]","[6232, 5]"
673,97,288,1178,0.0009100841400957506,0.0009100841400957506,3,"[1, 6, 7]","[5775, 4, 522]"
674,97,288,1178,0.0009104441400957523,3.6000000000176516e-07,3,"[1, 6, 7]","[5665, 2, 534]"
675,97,288,1178,0.0009107341400957537,2.9000000000142193e-07,2,"[1, 7]","[5902, 516]"
676,97,288,1178,0.0009110141400957551,2.800000000013729e-07,3,"[1, 6, 7]","[5733, 2, 453]"
677,97,288,1178,0.0009113441400957567,3.3000000000161806e-07,3,"[1, 6, 7]","[5818, 1, 469]"
678,97,288,1178,0.0009119841400957599,6.400000000031381e-07,3,"[1, 6, 7]","[5698, 2, 414]"
679,97,288,1179,0.0009099575579505787,0.0009099575579505787,4,"[1, 5, 6, 7]","[5535, 2, 408, 399]"
680,97,288,1179,0.0009103075579505804,3.500000000017161e-07,3,"[1, 6, 7]","[5457, 310, 434]"
681,97,288,1179,0.0009105875579505818,2.800000000013729e-07,3,"[1, 6, 7]","[5554, 341, 420]"
682,97,288,1179,0.0009108575579505831,2.7000000000132387e-07,3,"[1, 6, 7]","[5483, 314, 496]"
683,97,288,1179,0.0009111575579505846,3.0000000000147097e-07,3,"[1, 6, 7]","[5395, 295, 453]"
684,97,288,1179,0.0009116575579505871,5.000000000024516e-07,3,"[1, 6, 7]","[5494, 244, 521]"
685,97,288,1180,0.0009098578375242845,0.0009098578375242845,4,"[1, 5, 6, 7]","[5629, 244, 400, 4]"
686,97,288,1180,0.0009102178375242863,3.6000000000176516e-07,3,"[1, 5, 6]","[5633, 194, 416]"
687,97,288,1180,0.0009105078375242877,2.9000000000142193e-07,4,"[1, 5, 6, 7]","[5863, 153, 424, 5]"
688,97,288,1180,0.0009107778375242891,2.7000000000132387e-07,4,"[1, 5, 6, 7]","[5573, 139, 444, 3]"
689,97,288,1180,0.0009110978375242906,3.2000000000156903e-07,4,"[1, 5, 6, 7]","[5597, 146, 386, 3]"
690,97,288,1180,0.0009116478375242933,5.500000000026968e-07,4,"[1, 5, 6, 7]","[5760, 96, 427, 7]"
691,97,288,1181,0.000909753068726562,0.000909753068726562,3,"[1, 5, 6]","[5306, 964, 3]"
692,97,288,1181,0.0009101030687265637,3.500000000017161e-07,3,"[1, 5, 6]","[5373, 920, 7]"
693,97,288,1181,0.0009103830687265651,2.800000000013729e-07,3,"[1, 5, 6]","[5530, 896, 6]"
694,97,288,1181,0.0009106330687265663,2.500000000012258e-07,3,"[1, 5, 6]","[5292, 744, 5]"
695,97,288,1181,0.0009109330687265678,3.0000000000147097e-07,4,"[1, 4, 5, 6]","[5585, 1, 804, 9]"
696,97,288,1181,0.0009113530687265698,4.2000000000205935e-07,3,"[1, 5, 6]","[5371, 696, 11]"
697,97,288,1182,0.0009097510109475373,0.0009097510109475373,4,"[1, 3, 4, 5]","[6168, 2, 100, 76]"
698,97,288,1182,0.0009101110109475391,3.6000000000176516e-07,4,"[1, 3, 4, 5]","[6091, 1, 78, 71]"
699,97,288,1182,0.0009104010109475405,2.9000000000142193e-07,3,"[1, 4, 5]","[6128, 85, 58]"
700,97,288,1182,0.000910691010947542,2.9000000000142193e-07,3,"[1, 4, 5]","[6060, 84, 69]"
701,97,288,1182,0.0009110710109475438,3.800000000018632e-07,3,"[1, 4, 5]","[6107, 77, 78]"
702,97,288,1183,0.0009096504569689058,0.0009096504569689058,3,"[1, 3, 4]","[5440, 269, 623]"
703,97,288,1183,0.0009100004569689075,3.500000000017161e-07,3,"[1, 3, 4]","[5400, 242, 631]"
704,97,288,1183,0.0009102804569689089,2.800000000013729e-07,3,"[1, 3, 4]","[5464, 240, 635]"
705,97,288,1183,0.0009105504569689102,2.7000000000132387e-07,3,"[1, 3, 4]","[5316, 223, 643]"
706,97,288,1183,0.0009108604569689117,3.1000000000152e-07,3,"[1, 3, 4]","[5302, 227, 599]"
707,97,288,1183,0.0009113904569689143,5.300000000025987e-07,3,"[1, 3, 4]","[5419, 196, 634]"
708,97,288,1184,0.0009096358433650027,0.0009096358433650027,3,"[1, 3, 4]","[5446, 816, 75]"
709,97,288,1184,0.0009099858433650044,3.500000000017161e-07,3,"[1, 3, 4]","[5319, 843, 77]"
710,97,288,1184,0.0009102658433650058,2.800000000013729e-07,3,"[1, 3, 4]","[5355, 907, 82]"
711,97,288,1184,0.0009105358433650071,2.7000000000132387e-07,3,"[1, 3, 4]","[5187, 851, 80]"
712,97,288,1184,0.0009108658433650088,3.3000000000161806e-07,3,"[1, 3, 4]","[5379, 890, 70]"
713,97,288,1184,0.0009114558433650117,5.900000000028929e-07,3,"[1, 3, 4]","[5217, 848, 87]"
714,97,288,1185,0.0009096498582984697,0.0009096498582984697,4,"[1, 2, 3, 4]","[6315, 1, 48, 1]"
715,97,288,1185,0.0009100298582984716,3.800000000018632e-07,3,"[1, 2, 3]","[6261, 3, 53]"
716,97,288,1185,0.0009103298582984731,3.0000000000147097e-07,3,"[1, 2, 3]","[6029, 2, 42]"
717,97,288,1185,0.0009106698582984747,3.400000000016671e-07,3,"[1, 2, 3]","[6344, 2, 40]"
718,97,288,1185,0.000911129858298477,4.600000000022555e-07,2,"[1, 3]","[6102, 31]"
719,97,288,1186,0.0009095991837701115,0.0009095991837701115,2,"[1, 2]","[5984, 357]"
720,97,288,1186,0.0009099691837701133,3.700000000018142e-07,2,"[1, 2]","[5978, 283]"
721,97,288,1186,0.0009102791837701149,3.1000000000152e-07,2,"[1, 2]","[5996, 304]"
722,97,288,1186,0.0009105791837701163,3.0000000000147097e-07,2,"[1, 2]","[5857, 272]"
723,97,288,1186,0.0009109991837701184,4.2000000000205935e-07,2,"[1, 2]","[6007, 232]"
724,97,288,1187,0.0009095566046963134,0.0009095566046963134,2,"[1, 2]","[5328, 933]"
725,97,288,1187,0.0009099266046963152,3.700000000018142e-07,2,"[1, 2]","[5445, 835]"
726,97,288,1187,0.0009102366046963167,3.1000000000152e-07,2,"[1, 2]","[5617, 738]"
727,97,288,1187,0.0009105366046963182,3.0000000000147097e-07,2,"[1, 2]","[5502, 671]"
728,97,288,1187,0.0009109566046963202,4.2000000000205935e-07,2,"[1, 2]","[5607, 632]"
729,97,288,1188,0.0009100174055801296,0.0009100174055801296,2,"[1, 2]","[6262, 62]"
730,97,288,1188,0.0009107274055801331,7.100000000034813e-07,2,"[1, 2]","[6156, 48]"
731,97,289,1154,0.0009130100776330335,0.0009130100776330335,2,"[1, 9]","[5714, 539]"
732,97,289,1154,0.0009134900776330358,4.800000000023535e-07,2,"[1, 9]","[5531, 828]"
733,97,289,1154,0.0009139700776330382,4.800000000023535e-07,2,"[1, 9]","[4988, 1158]"
734,97,289,1154,0.0009152500776330445,1.2800000000062761e-06,2,"[1, 9]","[4093, 2151]"
735,97,289,1155,0.0009123050137971854,0.0009123050137971854,2,"[1, 9]","[6254, 31]"
736,97,289,1155,0.0009126250137971869,3.2000000000156903e-07,2,"[1, 9]","[6319, 61]"
737,97,289,1155,0.000912845013797188,2.200000000010787e-07,2,"[1, 9]","[6284, 78]"
738,97,289,1155,0.0009130250137971889,1.8000000000088258e-07,2,"[1, 9]","[5934, 96]"
739,97,289,1155,0.0009132050137971898,1.8000000000088258e-07,2,"[1, 9]","[6164, 139]"
740,97,289,1155,0.0009133850137971907,1.8000000000088258e-07,2,"[1, 9]","[6212, 156]"
741,97,289,1155,0.0009135650137971916,1.8000000000088258e-07,2,"[1, 9]","[5913, 189]"
742,97,289,1155,0.0009137850137971926,2.200000000010787e-07,2,"[1, 9]","[6088, 258]"
743,97,289,1155,0.000914075013797194,2.9000000000142193e-07,2,"[1, 9]","[5761, 394]"
744,97,289,1155,0.000914675013797197,6.000000000029419e-07,2,"[1, 9]","[5598, 601]"
745,97,289,1156,0.0009120896492679361,0.0009120896492679361,2,"[1, 9]","[6254, 1]"
746,97,289,1156,0.0009124096492679377,3.2000000000156903e-07,1,[1],[6286]
747,97,289,1156,0.0009126496492679389,2.4000000000117677e-07,1,[1],[6411]
748,97,289,1156,0.0009128496492679398,2.0000000000098064e-07,1,[1],[6182]
749,97,289,1156,0.0009130496492679408,2.0000000000098064e-07,1,[1],[6293]
750,97,289,1156,0.0009132596492679419,2.1000000000102968e-07,2,"[1, 9]","[6246, 1]"
751,97,289,1156,0.0009135096492679431,2.500000000012258e-07,2,"[1, 9]","[6119, 2]"
752,97,289,1156,0.0009138896492679449,3.800000000018632e-07,1,[1],[6238]
753,97,289,1157,0.0009120240569519042,0.0009120240569519042,1,[1],[6261]
754,97,289,1157,0.0009123640569519059,3.400000000016671e-07,1,[1],[6446]
755,97,289,1157,0.0009126040569519071,2.4000000000117677e-07,1,[1],[6075]
756,97,289,1157,0.0009128340569519082,2.3000000000112774e-07,1,[1],[6260]
757,97,289,1157,0.0009130640569519093,2.3000000000112774e-07,1,[1],[6252]
758,97,289,1157,0.0009133440569519107,2.800000000013729e-07,1,[1],[6284]
759,97,289,1157,0.0009137940569519129,4.5000000000220645e-07,1,[1],[6266]
760,97,289,1158,0.0009120089440874928,0.0009120089440874928,1,[1],[6324]
761,97,289,1158,0.0009123589440874945,3.500000000017161e-07,1,[1],[6219]
762,97,289,1158,0.0009126389440874959,2.800000000013729e-07,1,[1],[6261]
763,97,289,1158,0.0009129089440874972,2.7000000000132387e-07,1,[1],[6210]
764,97,289,1158,0.0009132289440874988,3.2000000000156903e-07,1,[1],[6290]
765,97,289,1158,0.0009137689440875015,5.400000000026477e-07,1,[1],[6246]
766,97,289,1159,0.0009120170793371514,0.0009120170793371514,1,[1],[6367]
767,97,289,1159,0.0009124070793371533,3.9000000000191225e-07,1,[1],[6266]
768,97,289,1159,0.000912737079337155,3.3000000000161806e-07,1,[1],[6208]
769,97,289,1159,0.0009131070793371568,3.700000000018142e-07,1,[1],[6208]
770,97,289,1159,0.0009138470793371604,7.400000000036284e-07,1,[1],[6201]
771,97,289,1160,0.0009120606142319625,0.0009120606142319625,1,[1],[6346]
772,97,289,1160,0.0009125206142319648,4.600000000022555e-07,1,[1],[6255]
773,97,289,1160,0.0009129906142319671,4.700000000023045e-07,1,[1],[6149]
774,97,289,1161,0.0009121626651525906,0.0009121626651525906,1,[1],[6275]
775,97,289,1161,0.0009128026651525937,6.400000000031381e-07,1,[1],[6308]
776,97,289,1162,0.0009123794058436537,0.0009123794058436537,1,[1],[6253]
777,97,289,1162,0.0009137394058436603,1.3600000000066684e-06,1,[1],[6254]
778,97,289,1163,0.0009125406654899211,0.0009125406654899211,1,[1],[6297]
779,97,289,1164,0.0009126915134602961,0.0009126915134602961,1,[1],[6308]
780,97,289,1165,0.0009126581874616535,0.0009126581874616535,1,[1],[6297]
781,97,289,1166,0.0009125777237013967,0.0009125777237013967,1,[1],[6275]
782,97,289,1167,0.0009125324002644862,0.0009125324002644862,1,[1],[6296]
783,97,289,1168,0.0009124065086594329,0.0009124065086594329,1,[1],[6254]
784,97,289,1169,0.0009122401621523762,0.0009122401621523762,1,[1],[6309]
785,97,289,1170,0.0009120867794875878,0.0009120867794875878,1,[1],[6265]
786,97,289,1171,0.0009119372244020453,0.0009119372244020453,1,[1],[6263]
787,97,289,1172,0.000911800117865094,0.000911800117865094,1,[1],[6305]
788,97,289,1173,0.000911608550456828,0.000911608550456828,1,[1],[6295]
789,97,289,1174,0.0009114804794620871,0.0009114804794620871,1,[1],[6277]
790,97,289,1175,0.0009114131034081759,0.0009114131034081759,1,[1],[6290]
791,97,289,1176,0.0009114411216068468,0.0009114411216068468,1,[1],[6266]
792,97,289,1177,0.0009116838653166499,0.0009116838653166499,2,"[1, 7]","[6258, 1]"
793,97,289,1178,0.0009116314868159275,0.0009116314868159275,3,"[1, 6, 7]","[5850, 1, 414]"
794,97,289,1179,0.0009115803909769508,0.0009115803909769508,3,"[1, 6, 7]","[5411, 381, 460]"
795,97,289,1180,0.0009121012381209715,0.0009121012381209715,4,"[1, 5, 6, 7]","[5546, 205, 496, 4]"
796,97,289,1181,0.0009114629421406162,0.0009114629421406162,3,"[1, 5, 6]","[5224, 1021, 5]"
797,97,297,916,0.0010655432178535429,0.0010655432178535429,1,[75],[6301]
798,97,297,916,0.0010666832178535361,1.1399999999932298e-06,1,[75],[6225]
799,97,297,917,0.001065891334737607,0.001065891334737607,1,[75],[6289]
800,97,297,917,0.0010668013347376016,9.099999999945957e-07,1,[75],[6257]
801,97,298,915,0.0010650915154898984,0.0010650915154898984,1,[75],[6302]
802,97,298,915,0.0010658815154898937,7.899999999953083e-07,1,[75],[6255]
803,97,298,915,0.0010669115154898876,1.029999999993883e-06,1,[75],[6225]
804,97,298,915,0.0010681615154898801,1.2499999999925765e-06,1,[75],[6242]
805,97,298,916,0.001065162091111144,0.001065162091111144,1,[75],[6263]
806,97,298,916,0.0010661920911111378,1.029999999993883e-06,1,[75],[6260]
807,97,299,914,0.001069884508936765,0.001069884508936765,1,[75],[6261]
808,97,299,915,0.0010674489011562392,0.0010674489011562392,1,[75],[6259]
809,97,299,915,0.0010684389011562333,9.899999999941206e-07,1,[75],[6292]
810,97,299,915,0.0010690489011562297,6.099999999963773e-07,1,[75],[6299]
811,97,299,915,0.0010697789011562253,7.299999999956647e-07,1,[75],[6166]
