,event,pixel_x,pixel_y,reset_time,TSLR,nMCParticles,MC_TrackIDs,MC_Weights
0,78,57,1196,0.0005562314479055857,0.0005562314479055857,1,[66],[6261]
1,78,58,1194,0.0005555793999454686,0.0005555793999454686,2,"[66, 73]","[3572, 2682]"
2,78,58,1195,0.0005545935528520515,0.0005545935528520515,2,"[66, 73]","[5837, 437]"
3,78,58,1195,0.000554903552852053,3.1000000000152e-07,2,"[66, 73]","[5608, 645]"
4,78,58,1195,0.0005551535528520542,2.500000000012258e-07,2,"[66, 73]","[5541, 862]"
5,78,58,1195,0.0005553835528520554,2.3000000000112774e-07,2,"[66, 73]","[5059, 1050]"
6,78,58,1195,0.0005556435528520566,2.6000000000127484e-07,2,"[66, 73]","[5014, 1212]"
7,78,58,1195,0.0005559935528520584,3.500000000017161e-07,2,"[66, 73]","[4966, 1337]"
8,78,58,1196,0.0005551061999640613,0.0005551061999640613,2,"[66, 73]","[6323, 4]"
9,78,58,1196,0.0005555161999640634,4.100000000020103e-07,2,"[66, 73]","[6331, 1]"
10,78,58,1196,0.000555846199964065,3.3000000000161806e-07,2,"[66, 73]","[6204, 3]"
11,78,58,1196,0.0005562161999640668,3.700000000018142e-07,1,[66],[6221]
12,78,59,1194,0.0005535467524628778,0.0005535467524628778,2,"[66, 73]","[6296, 3]"
13,78,59,1194,0.0005544167524628821,8.700000000042658e-07,2,"[66, 73]","[6082, 151]"
14,78,59,1194,0.0005554667524628873,1.0500000000051484e-06,2,"[66, 73]","[4063, 2170]"
15,78,59,1195,0.0005543487283958991,0.0005543487283958991,2,"[66, 73]","[6089, 221]"
16,78,59,1195,0.0005550087283959024,6.600000000032361e-07,2,"[66, 73]","[4725, 1520]"
17,78,59,1195,0.0005556987283959057,6.900000000033832e-07,2,"[66, 73]","[2993, 3239]"
18,78,60,1194,0.0005522928862194385,0.0005522928862194385,2,"[66, 109]","[6276, 5]"
19,78,60,1194,0.0005527028862194405,4.100000000020103e-07,2,"[66, 109]","[6369, 1]"
20,78,60,1194,0.0005531428862194426,4.400000000021574e-07,1,[66],[6176]
21,78,61,1193,0.0005530112759662429,0.0005530112759662429,2,"[66, 109]","[6039, 212]"
22,78,61,1194,0.0005521631474168275,0.0005521631474168275,2,"[66, 109]","[6359, 3]"
23,78,61,1194,0.0005526031474168296,4.400000000021574e-07,2,"[66, 109]","[6171, 2]"
24,78,61,1194,0.0005535231474168342,9.20000000004511e-07,2,"[66, 109]","[6215, 1]"
25,78,62,1193,0.0005525872724310469,0.0005525872724310469,1,[66],[6256]
26,78,62,1194,0.0005525378646371112,0.0005525378646371112,1,[66],[6260]
27,78,63,1193,0.0005528209896581607,0.0005528209896581607,2,"[66, 120]","[6240, 11]"
28,78,63,1193,0.0005534309896581637,6.10000000002991e-07,3,"[66, 120, 121]","[6315, 3, 1]"
29,78,63,1194,0.0005532795912303922,0.0005532795912303922,1,[66],[6269]
30,78,64,1193,0.0005529971199005464,0.0005529971199005464,3,"[66, 120, 121]","[5747, 600, 5]"
31,78,64,1193,0.0005534871199005488,4.900000000024026e-07,3,"[66, 120, 121]","[6072, 90, 2]"
32,78,64,1197,0.0005246898749846541,0.0005246898749846541,1,[144],[6305]
33,78,64,1197,0.0005252498749846569,5.600000000027458e-07,1,[144],[6267]
34,78,65,1193,0.0005530850556869988,0.0005530850556869988,3,"[66, 105, 120]","[6165, 2, 100]"
35,78,65,1193,0.0005535550556870011,4.700000000023045e-07,3,"[66, 105, 120]","[6336, 5, 9]"
36,78,66,1193,0.0005531702196978237,0.0005531702196978237,4,"[66, 71, 105, 106]","[6224, 46, 51, 3]"
37,78,66,1193,0.000553630219697826,4.600000000022555e-07,4,"[66, 71, 105, 106]","[6147, 71, 46, 1]"
38,78,66,1193,0.0005547702196978315,1.1400000000055897e-06,4,"[66, 71, 105, 106]","[5947, 156, 58, 3]"
39,78,67,1192,0.0005543746796962777,0.0005543746796962777,2,"[66, 71]","[823, 5462]"
40,78,67,1193,0.0005531185355414884,0.0005531185355414884,3,"[66, 71, 105]","[4164, 2157, 1]"
41,78,67,1193,0.00055342853554149,3.1000000000152e-07,3,"[66, 71, 105]","[3859, 2444, 4]"
42,78,67,1193,0.0005536885355414912,2.6000000000127484e-07,3,"[66, 71, 105]","[3524, 2666, 1]"
43,78,67,1193,0.0005539685355414926,2.800000000013729e-07,3,"[66, 71, 105]","[3252, 2976, 1]"
44,78,67,1193,0.0005544185355414948,4.5000000000220645e-07,2,"[66, 71]","[2821, 3463]"
45,78,68,1193,0.0005534214301290598,0.0005534214301290598,2,"[66, 71]","[5518, 766]"
46,78,68,1193,0.0005538214301290617,4.000000000019613e-07,2,"[66, 71]","[5650, 709]"
47,78,68,1193,0.000554291430129064,4.700000000023045e-07,2,"[66, 71]","[5430, 739]"
48,78,69,1193,0.0005537140375668445,0.0005537140375668445,2,"[66, 143]","[6296, 4]"
49,78,69,1193,0.0005541640375668467,4.5000000000220645e-07,1,[66],[6331]
50,78,69,1193,0.0005549140375668503,7.500000000036774e-07,1,[66],[6136]
51,78,70,1192,0.0005627001777873306,0.0005627001777873306,4,"[65, 66, 68, 143]","[4733, 1369, 173, 9]"
52,78,70,1192,0.0005634601777873343,7.600000000037264e-07,1,[65],[6222]
53,78,70,1193,0.0005529924676927889,0.0005529924676927889,2,"[66, 143]","[236, 6015]"
54,78,70,1193,0.0005539724676927937,9.800000000048052e-07,3,"[66, 68, 143]","[6095, 59, 207]"
55,78,70,1193,0.0005544224676927959,4.5000000000220645e-07,3,"[66, 68, 143]","[5960, 233, 10]"
56,78,70,1193,0.0005551324676927994,7.100000000034813e-07,3,"[66, 68, 143]","[5465, 748, 2]"
57,78,70,1193,0.0005596824676928217,4.55000000002231e-06,3,"[65, 66, 68]","[4913, 712, 612]"
58,78,70,1193,0.0005609524676928279,1.270000000006227e-06,1,[65],[6242]
59,78,70,1193,0.0005620024676928331,1.0500000000051484e-06,1,[65],[6333]
60,78,70,1193,0.000562802467692837,8.000000000039226e-07,1,[65],[6221]
61,78,70,1194,0.0005489107780955512,0.0005489107780955512,3,"[143, 171, 172]","[6314, 4, 1]"
62,78,70,1194,0.0005496307780955547,7.200000000035303e-07,2,"[143, 172]","[6207, 1]"
63,78,70,1194,0.0005511607780955622,1.530000000007502e-06,1,[143],[6233]
64,78,70,1194,0.0005591107780956012,7.95000000003898e-06,4,"[65, 66, 68, 143]","[3606, 695, 56, 1889]"
65,78,70,1195,0.0005478757805219635,0.0005478757805219635,3,"[143, 171, 172]","[6308, 10, 2]"
66,78,70,1195,0.000548375780521966,5.000000000024516e-07,3,"[143, 171, 172]","[6240, 13, 4]"
67,78,70,1195,0.0005488357805219683,4.600000000022555e-07,3,"[143, 171, 172]","[6224, 10, 2]"
68,78,70,1195,0.0005494357805219712,6.000000000029419e-07,2,"[143, 171]","[6237, 3]"
69,78,71,1192,0.0005627296515963927,0.0005627296515963927,4,"[65, 66, 68, 143]","[3896, 676, 1658, 23]"
70,78,71,1192,0.0005634396515963962,7.100000000034813e-07,1,[65],[6251]
71,78,71,1193,0.0005515935125578265,0.0005515935125578265,1,[143],[6299]
72,78,71,1193,0.0005527435125578322,1.1500000000056387e-06,3,"[66, 68, 143]","[12, 2, 6242]"
73,78,71,1193,0.000553733512557837,9.900000000048542e-07,3,"[66, 68, 143]","[1556, 328, 4343]"
74,78,71,1193,0.0005541935125578393,4.600000000022555e-07,3,"[66, 68, 143]","[3924, 1452, 887]"
75,78,71,1193,0.0005544935125578408,3.0000000000147097e-07,3,"[66, 68, 143]","[3783, 2251, 228]"
76,78,71,1193,0.000554753512557842,2.6000000000127484e-07,3,"[66, 68, 143]","[3416, 2892, 72]"
77,78,71,1193,0.0005550235125578434,2.7000000000132387e-07,3,"[66, 68, 143]","[2881, 3365, 15]"
78,78,71,1193,0.0005553735125578451,3.500000000017161e-07,3,"[66, 68, 143]","[2250, 3892, 8]"
79,78,71,1193,0.0005585835125578608,3.2100000000157393e-06,5,"[65, 66, 68, 133, 143]","[1192, 1255, 3700, 6, 2]"
80,78,71,1193,0.0005603435125578695,1.7600000000086297e-06,2,"[65, 133]","[6292, 2]"
81,78,71,1193,0.0005616035125578756,1.260000000006178e-06,1,[65],[6222]
82,78,71,1193,0.0005630935125578829,1.4900000000073058e-06,1,[65],[6237]
83,78,71,1194,0.0005497520817912922,0.0005497520817912922,1,[143],[6250]
84,78,71,1194,0.0005513920817913002,1.6400000000080413e-06,1,[143],[6277]
85,78,71,1194,0.0005530320817913083,1.6400000000080413e-06,2,"[66, 143]","[2, 6268]"
86,78,71,1194,0.0005544920817913154,1.4600000000071587e-06,3,"[66, 68, 143]","[935, 173, 5113]"
87,78,71,1194,0.0005580020817913326,3.5100000000172103e-06,5,"[65, 66, 68, 133, 143]","[3682, 1631, 421, 412, 163]"
88,78,71,1194,0.000558472081791335,4.700000000023045e-07,2,"[65, 133]","[5991, 271]"
89,78,71,1194,0.000558882081791337,4.100000000020103e-07,2,"[65, 133]","[6078, 136]"
90,78,71,1194,0.0005595920817913404,7.100000000034813e-07,2,"[65, 133]","[6187, 49]"
91,78,72,1193,0.000554838116191587,0.000554838116191587,3,"[66, 68, 143]","[5378, 250, 668]"
92,78,72,1193,0.000555648116191591,8.100000000039716e-07,4,"[65, 66, 68, 143]","[9, 5971, 263, 5]"
93,78,72,1194,0.0005550042967581071,0.0005550042967581071,4,"[65, 66, 68, 143]","[7, 5309, 15, 954]"
94,78,72,1194,0.0005557042967581106,7.000000000034323e-07,4,"[65, 66, 68, 143]","[158, 6089, 5, 2]"
95,78,72,1194,0.0005568842967581163,1.1800000000057858e-06,4,"[65, 66, 68, 133]","[3875, 2223, 1, 199]"
96,78,72,1194,0.0005574742967581192,5.900000000028929e-07,3,"[65, 66, 133]","[4682, 16, 1480]"
97,78,72,1194,0.0005578742967581212,4.000000000019613e-07,2,"[65, 133]","[3990, 2275]"
98,78,72,1194,0.000558244296758123,3.700000000018142e-07,2,"[65, 133]","[3605, 2623]"
99,78,72,1194,0.0005587642967581256,5.200000000025497e-07,2,"[65, 133]","[3635, 2629]"
100,78,73,1194,0.0005553184210256216,0.0005553184210256216,3,"[65, 66, 143]","[138, 6152, 1]"
101,78,73,1194,0.0005557084210256235,3.9000000000191225e-07,2,"[65, 66]","[763, 5557]"
102,78,73,1194,0.000556028421025625,3.2000000000156903e-07,2,"[65, 66]","[1893, 4347]"
103,78,73,1194,0.0005563284210256265,3.0000000000147097e-07,2,"[65, 66]","[3282, 2958]"
104,78,73,1194,0.0005566184210256279,2.9000000000142193e-07,2,"[65, 66]","[4521, 1790]"
105,78,73,1194,0.0005569584210256296,3.400000000016671e-07,3,"[65, 66, 133]","[5355, 877, 11]"
106,78,73,1194,0.0005575584210256325,6.000000000029419e-07,3,"[65, 66, 133]","[5775, 301, 70]"
107,78,74,1194,0.0005560130286884451,0.0005560130286884451,2,"[65, 66]","[1318, 5018]"
108,78,74,1194,0.0005563630286884468,3.500000000017161e-07,2,"[65, 66]","[2499, 3733]"
109,78,74,1194,0.0005566430286884482,2.800000000013729e-07,2,"[65, 66]","[3313, 3064]"
110,78,74,1194,0.0005569030286884495,2.6000000000127484e-07,2,"[65, 66]","[3567, 2507]"
111,78,74,1194,0.0005572230286884511,3.2000000000156903e-07,2,"[65, 66]","[4021, 2212]"
112,78,74,1195,0.0005566800693197325,0.0005566800693197325,2,"[65, 66]","[2291, 4025]"
113,78,74,1195,0.0005575500693197368,8.700000000042658e-07,2,"[65, 66]","[3422, 2789]"
114,78,75,1194,0.000556950103307163,0.000556950103307163,2,"[65, 66]","[2873, 3443]"
115,78,75,1194,0.000557560103307166,6.10000000002991e-07,2,"[65, 66]","[3027, 3175]"
116,78,75,1195,0.0005570387742822815,0.0005570387742822815,2,"[65, 66]","[2693, 3580]"
117,78,75,1195,0.0005576187742822843,5.800000000028439e-07,2,"[65, 66]","[2867, 3396]"
118,78,219,1235,0.0007019007780347995,0.0007019007780347995,4,"[26, 28, 32, 48]","[6226, 1, 1, 47]"
119,78,220,1234,0.00070160995877155,0.00070160995877155,3,"[26, 28, 48]","[5219, 3, 1070]"
120,78,220,1235,0.0007009211814010399,0.0007009211814010399,4,"[26, 28, 32, 48]","[6242, 10, 2, 75]"
121,78,220,1235,0.0007012811814010416,3.6000000000176516e-07,3,"[26, 28, 48]","[6115, 40, 154]"
122,78,220,1235,0.0007015711814010431,2.9000000000142193e-07,3,"[26, 28, 48]","[5965, 81, 213]"
123,78,220,1235,0.0007018511814010444,2.800000000013729e-07,3,"[26, 28, 48]","[5605, 235, 274]"
124,78,220,1235,0.000702171181401046,3.2000000000156903e-07,3,"[26, 28, 48]","[5512, 536, 303]"
125,78,220,1235,0.0007026011814010481,4.300000000021084e-07,3,"[26, 28, 48]","[4788, 1134, 335]"
126,78,220,1235,0.0007040711814010553,1.4700000000072077e-06,3,"[26, 28, 48]","[3500, 2452, 179]"
127,78,220,1236,0.0007022263458495628,0.0007022263458495628,3,"[26, 28, 32]","[5130, 325, 817]"
128,78,221,1235,0.0007012741883396361,0.0007012741883396361,3,"[26, 28, 48]","[6210, 39, 27]"
129,78,221,1235,0.0007017741883396385,5.000000000024516e-07,3,"[26, 28, 48]","[6002, 224, 53]"
130,78,221,1235,0.0007022541883396409,4.800000000023535e-07,3,"[26, 28, 48]","[5472, 704, 71]"
131,78,221,1235,0.000702884188339644,6.30000000003089e-07,3,"[26, 28, 48]","[4508, 1657, 52]"
132,78,221,1236,0.0007036398309970234,0.0007036398309970234,3,"[26, 28, 32]","[5038, 1208, 6]"
133,78,222,1235,0.0007010165957348649,0.0007010165957348649,3,"[5, 26, 49]","[17, 6302, 5]"
134,78,222,1235,0.0007014965957348673,4.800000000023535e-07,2,"[5, 26]","[4, 6194]"
135,78,222,1235,0.000702266595734871,7.700000000037755e-07,3,"[5, 26, 28]","[7, 6228, 7]"
136,78,223,1234,0.0007026159599202567,0.0007026159599202567,4,"[5, 26, 49, 51]","[4888, 1219, 62, 89]"
137,78,223,1235,0.0007006089563971286,0.0007006089563971286,4,"[5, 26, 49, 51]","[5077, 1140, 24, 12]"
138,78,223,1235,0.0007010289563971307,4.2000000000205935e-07,2,"[5, 26]","[4124, 2288]"
139,78,223,1235,0.0007013489563971322,3.2000000000156903e-07,2,"[5, 26]","[3197, 3056]"
140,78,223,1235,0.0007016689563971338,3.2000000000156903e-07,2,"[5, 26]","[2606, 3509]"
141,78,223,1235,0.0007020889563971359,4.2000000000205935e-07,2,"[5, 26]","[2280, 4036]"
142,78,224,1233,0.0007051436170222781,0.0007051436170222781,2,"[5, 51]","[6260, 6]"
143,78,224,1234,0.0007014473180942962,0.0007014473180942962,3,"[5, 26, 51]","[6127, 65, 86]"
144,78,224,1234,0.0007019473180942987,5.000000000024516e-07,2,"[5, 26]","[6166, 66]"
145,78,224,1234,0.0007023173180943005,3.700000000018142e-07,2,"[5, 26]","[6246, 45]"
146,78,224,1234,0.0007026373180943021,3.2000000000156903e-07,2,"[5, 26]","[6220, 25]"
147,78,224,1234,0.0007029373180943036,3.0000000000147097e-07,2,"[5, 26]","[6329, 12]"
148,78,224,1234,0.000703227318094305,2.9000000000142193e-07,2,"[5, 26]","[6290, 6]"
149,78,224,1234,0.0007035273180943064,3.0000000000147097e-07,2,"[5, 26]","[6132, 2]"
150,78,224,1234,0.0007038673180943081,3.400000000016671e-07,1,[5],[6241]
151,78,224,1234,0.0007043173180943103,4.5000000000220645e-07,1,[5],[6297]
152,78,224,1234,0.0007050873180943141,7.700000000037755e-07,1,[5],[6175]
153,78,224,1235,0.0007004404703982635,0.0007004404703982635,4,"[5, 26, 49, 51]","[6277, 41, 1, 14]"
154,78,224,1235,0.0007008104703982653,3.700000000018142e-07,2,"[5, 26]","[6041, 130]"
155,78,224,1235,0.0007011104703982668,3.0000000000147097e-07,2,"[5, 26]","[6134, 259]"
156,78,224,1235,0.0007013804703982681,2.7000000000132387e-07,2,"[5, 26]","[5782, 371]"
157,78,224,1235,0.0007016604703982695,2.800000000013729e-07,2,"[5, 26]","[5774, 547]"
158,78,224,1235,0.000701970470398271,3.1000000000152e-07,2,"[5, 26]","[5645, 646]"
159,78,224,1235,0.0007023504703982729,3.800000000018632e-07,2,"[5, 26]","[5539, 671]"
160,78,224,1235,0.0007029304703982757,5.800000000028439e-07,2,"[5, 26]","[5682, 467]"
161,78,225,1232,0.000707441687652024,0.000707441687652024,1,[5],[6263]
162,78,225,1232,0.0007082116876520278,7.700000000037755e-07,1,[5],[6241]
163,78,225,1232,0.0007090816876520321,8.700000000042658e-07,1,[5],[6284]
164,78,225,1233,0.000704808620058848,0.000704808620058848,1,[5],[6326]
165,78,225,1233,0.0007053586200588507,5.500000000026968e-07,1,[5],[6241]
166,78,225,1233,0.0007057786200588528,4.2000000000205935e-07,1,[5],[6328]
167,78,225,1233,0.0007061386200588546,3.6000000000176516e-07,1,[5],[6123]
168,78,225,1233,0.0007064886200588563,3.500000000017161e-07,1,[5],[6346]
169,78,225,1233,0.0007068286200588579,3.400000000016671e-07,1,[5],[6176]
170,78,225,1233,0.0007072186200588599,3.9000000000191225e-07,1,[5],[6326]
171,78,225,1233,0.0007076886200588622,4.700000000023045e-07,1,[5],[6146]
172,78,225,1233,0.0007085986200588666,9.100000000044619e-07,1,[5],[6262]
173,78,225,1234,0.0007034970504769361,0.0007034970504769361,1,[5],[6291]
174,78,225,1234,0.0007042070504769396,7.100000000034813e-07,1,[5],[6270]
175,78,225,1234,0.0007048370504769427,6.30000000003089e-07,1,[5],[6287]
176,78,225,1234,0.0007056170504769465,7.800000000038245e-07,1,[5],[6171]
177,78,226,1231,0.0007103753530655755,0.0007103753530655755,1,[5],[6263]
178,78,226,1231,0.0007110953530655791,7.200000000035303e-07,2,"[5, 23]","[6306, 6]"
179,78,226,1231,0.000711695353065582,6.000000000029419e-07,3,"[5, 22, 23]","[6203, 2, 60]"
180,78,226,1231,0.000712305353065585,6.10000000002991e-07,3,"[5, 22, 23]","[5815, 15, 381]"
181,78,226,1231,0.0007129953530655884,6.900000000033832e-07,3,"[5, 22, 23]","[5153, 136, 929]"
182,78,226,1231,0.0007155853530656011,2.5900000000126993e-06,3,"[5, 22, 23]","[4702, 639, 891]"
183,78,226,1232,0.0007081499956359693,0.0007081499956359693,1,[5],[6282]
184,78,226,1232,0.0007087399956359722,5.900000000028929e-07,1,[5],[6279]
185,78,226,1232,0.0007091899956359744,4.5000000000220645e-07,1,[5],[6317]
186,78,226,1232,0.0007095699956359763,3.800000000018632e-07,1,[5],[6253]
187,78,226,1232,0.0007099499956359782,3.800000000018632e-07,1,[5],[6235]
188,78,226,1232,0.0007103399956359801,3.9000000000191225e-07,1,[5],[6211]
189,78,226,1232,0.0007108499956359826,5.100000000025006e-07,1,[5],[6276]
190,78,226,1232,0.0007117699956359871,9.20000000004511e-07,2,"[5, 23]","[6162, 4]"
191,78,226,1233,0.0007077093599206816,0.0007077093599206816,1,[5],[6292]
192,78,227,1229,0.0007178050580879253,0.0007178050580879253,3,"[5, 21, 22]","[5558, 709, 2]"
193,78,227,1230,0.0007135934060232754,0.0007135934060232754,3,"[5, 22, 23]","[4638, 1031, 607]"
194,78,227,1230,0.0007143034060232789,7.100000000034813e-07,3,"[5, 22, 23]","[5503, 674, 62]"
195,78,227,1230,0.0007148634060232817,5.600000000027458e-07,3,"[5, 22, 23]","[6151, 198, 6]"
196,78,227,1230,0.000715333406023284,4.700000000023045e-07,2,"[5, 22]","[6217, 30]"
197,78,227,1230,0.0007158134060232863,4.800000000023535e-07,2,"[5, 22]","[6231, 7]"
198,78,227,1230,0.0007163434060232889,5.300000000025987e-07,2,"[5, 21]","[6201, 2]"
199,78,227,1230,0.0007170734060232925,7.300000000035793e-07,2,"[5, 21]","[6204, 17]"
200,78,227,1231,0.0007117636324084583,0.0007117636324084583,2,"[5, 23]","[6096, 235]"
201,78,227,1231,0.0007123636324084612,6.000000000029419e-07,3,"[5, 22, 23]","[5083, 74, 1027]"
202,78,227,1231,0.0007128036324084634,4.400000000021574e-07,3,"[5, 22, 23]","[4610, 289, 1396]"
203,78,227,1231,0.0007132036324084654,4.000000000019613e-07,3,"[5, 22, 23]","[4480, 562, 1300]"
204,78,227,1231,0.0007136036324084673,4.000000000019613e-07,3,"[5, 22, 23]","[4456, 774, 871]"
205,78,227,1231,0.0007141236324084699,5.200000000025497e-07,3,"[5, 22, 23]","[4885, 938, 432]"
206,78,227,1231,0.0007149236324084738,8.000000000039226e-07,3,"[5, 22, 23]","[5677, 529, 72]"
207,78,228,1228,0.0007205945117770182,0.0007205945117770182,3,"[5, 20, 21]","[6006, 4, 285]"
208,78,228,1228,0.0007215345117770228,9.40000000004609e-07,2,"[5, 20]","[6023, 215]"
209,78,228,1228,0.0007224145117770271,8.800000000043148e-07,2,"[5, 20]","[5246, 1002]"
210,78,228,1229,0.0007174346085833882,0.0007174346085833882,2,"[5, 21]","[4972, 1293]"
211,78,228,1229,0.0007179546085833907,5.200000000025497e-07,2,"[5, 21]","[4039, 2324]"
212,78,228,1229,0.0007183546085833927,4.000000000019613e-07,2,"[5, 21]","[4109, 2186]"
213,78,228,1229,0.0007187446085833946,3.9000000000191225e-07,2,"[5, 21]","[4466, 1623]"
214,78,228,1229,0.0007191646085833967,4.2000000000205935e-07,2,"[5, 21]","[5348, 898]"
215,78,228,1229,0.000719634608583399,4.700000000023045e-07,2,"[5, 21]","[5982, 289]"
216,78,228,1229,0.0007201846085834017,5.500000000026968e-07,3,"[5, 20, 21]","[6200, 1, 50]"
217,78,228,1229,0.0007209846085834056,8.000000000039226e-07,3,"[5, 20, 21]","[6222, 2, 5]"
218,78,228,1230,0.0007161051319262489,0.0007161051319262489,3,"[5, 22, 23]","[6243, 51, 5]"
219,78,228,1230,0.0007170851319262537,9.800000000048052e-07,2,"[5, 21]","[6136, 95]"
220,78,228,1230,0.0007180251319262583,9.40000000004609e-07,2,"[5, 21]","[5487, 761]"
221,78,229,1226,0.000727431365225283,0.000727431365225283,2,"[5, 19]","[5653, 606]"
222,78,229,1227,0.0007235147928994978,0.0007235147928994978,2,"[5, 20]","[6083, 244]"
223,78,229,1227,0.0007242147928995012,7.000000000034323e-07,2,"[5, 20]","[6248, 5]"
224,78,229,1227,0.000724794792899504,5.800000000028439e-07,1,[5],[6204]
225,78,229,1227,0.000725404792899507,6.10000000002991e-07,1,[5],[6265]
226,78,229,1227,0.0007263047928995114,9.000000000044129e-07,2,"[5, 19]","[6199, 20]"
227,78,229,1228,0.0007214791547283335,0.0007214791547283335,3,"[5, 20, 21]","[5984, 284, 10]"
228,78,229,1228,0.0007221191547283366,6.400000000031381e-07,2,"[5, 20]","[5375, 961]"
229,78,229,1228,0.000722609154728339,4.900000000024026e-07,2,"[5, 20]","[5092, 1071]"
230,78,229,1228,0.0007231191547283415,5.100000000025006e-07,2,"[5, 20]","[5529, 731]"
231,78,229,1228,0.0007237491547283446,6.30000000003089e-07,2,"[5, 20]","[5963, 298]"
232,78,229,1228,0.0007251191547283513,1.3700000000067174e-06,2,"[5, 20]","[6177, 32]"
233,78,229,1229,0.0007214549317960928,0.0007214549317960928,3,"[5, 20, 21]","[5966, 27, 261]"
234,78,230,1225,0.0007293596327317526,0.0007293596327317526,2,"[5, 19]","[5990, 277]"
235,78,230,1225,0.000730469632731758,1.1100000000054426e-06,1,[5],[6288]
236,78,230,1226,0.0007265798062351352,0.0007265798062351352,2,"[5, 19]","[5308, 1014]"
237,78,230,1226,0.0007270898062351377,5.100000000025006e-07,2,"[5, 19]","[4321, 1875]"
238,78,230,1226,0.0007275198062351398,4.300000000021084e-07,2,"[5, 19]","[4525, 1849]"
239,78,230,1226,0.0007279398062351418,4.2000000000205935e-07,2,"[5, 19]","[4872, 1273]"
240,78,230,1226,0.0007284298062351442,4.900000000024026e-07,2,"[5, 19]","[5639, 617]"
241,78,230,1226,0.0007290598062351473,6.30000000003089e-07,2,"[5, 19]","[6090, 150]"
242,78,230,1226,0.0007305798062351548,1.5200000000074529e-06,2,"[5, 19]","[6214, 14]"
243,78,230,1227,0.0007254445160480841,0.0007254445160480841,2,"[5, 20]","[6301, 1]"
244,78,230,1227,0.0007264645160480892,1.0200000000050013e-06,2,"[5, 19]","[6125, 127]"
245,78,230,1227,0.0007278145160480958,1.3500000000066193e-06,2,"[5, 19]","[5367, 838]"
246,78,231,1223,0.0007354940046651028,0.0007354940046651028,2,"[5, 18]","[5338, 939]"
247,78,231,1224,0.0007320780096391757,0.0007320780096391757,1,[5],[6302]
248,78,231,1224,0.0007328380096391794,7.600000000037264e-07,1,[5],[6261]
249,78,231,1224,0.0007334880096391826,6.500000000031871e-07,2,"[5, 18]","[6219, 13]"
250,78,231,1224,0.0007342880096391865,8.000000000039226e-07,2,"[5, 18]","[6122, 142]"
251,78,231,1224,0.0007364480096391971,2.160000000010591e-06,2,"[5, 18]","[5150, 1048]"
252,78,231,1225,0.0007300430483854667,0.0007300430483854667,2,"[5, 19]","[6267, 15]"
253,78,231,1225,0.0007307630483854703,7.200000000035303e-07,1,[5],[6234]
254,78,231,1225,0.0007313830483854733,6.2000000000304e-07,1,[5],[6248]
255,78,231,1225,0.0007321030483854768,7.200000000035303e-07,1,[5],[6242]
256,78,231,1225,0.0007345430483854888,2.440000000011964e-06,2,"[5, 18]","[6242, 2]"
257,78,231,1226,0.0007301551112125859,0.0007301551112125859,2,"[5, 19]","[5911, 350]"
258,78,232,1221,0.0007422026141149698,0.0007422026141149698,1,[5],[6262]
259,78,232,1222,0.0007375879068914596,0.0007375879068914596,2,"[5, 18]","[6294, 15]"
260,78,232,1222,0.0007384479068914638,8.600000000042168e-07,1,[5],[6231]
261,78,232,1222,0.0007392379068914676,7.900000000038735e-07,1,[5],[6273]
262,78,232,1222,0.0007402979068914728,1.0600000000051974e-06,1,[5],[6210]
263,78,232,1223,0.0007349183568279305,0.0007349183568279305,2,"[5, 18]","[5120, 1227]"
264,78,232,1223,0.0007355383568279335,6.2000000000304e-07,2,"[5, 18]","[5335, 926]"
265,78,232,1223,0.000736038356827936,5.000000000024516e-07,2,"[5, 18]","[5816, 331]"
266,78,232,1223,0.0007365183568279383,4.800000000023535e-07,2,"[5, 18]","[6169, 87]"
267,78,232,1223,0.0007370483568279409,5.300000000025987e-07,2,"[5, 18]","[6261, 7]"
268,78,232,1223,0.0007377583568279444,7.100000000034813e-07,2,"[5, 18]","[6294, 1]"
269,78,232,1224,0.0007339051166570999,0.0007339051166570999,2,"[5, 18]","[6153, 107]"
270,78,232,1224,0.0007348751166571046,9.700000000047561e-07,2,"[5, 18]","[5268, 1046]"
271,78,232,1224,0.0007363051166571116,1.4300000000070116e-06,2,"[5, 18]","[4783, 1408]"
272,78,233,1220,0.0007436782102467737,0.0007436782102467737,1,[5],[6268]
273,78,233,1220,0.0007445982102467782,9.20000000004511e-07,1,[5],[6257]
274,78,233,1220,0.0007454882102467825,8.900000000043639e-07,2,"[5, 17]","[6218, 12]"
275,78,233,1220,0.0007469882102467899,1.5000000000073548e-06,2,"[5, 17]","[5830, 416]"
276,78,233,1221,0.0007409086974275304,0.0007409086974275304,1,[5],[6303]
277,78,233,1221,0.0007416586974275341,7.500000000036774e-07,1,[5],[6255]
278,78,233,1221,0.0007422686974275371,6.10000000002991e-07,1,[5],[6250]
279,78,233,1221,0.0007428786974275401,6.10000000002991e-07,1,[5],[6244]
280,78,233,1221,0.0007436286974275438,7.500000000036774e-07,1,[5],[6201]
281,78,233,1221,0.0007466386974275585,3.0100000000147587e-06,2,"[5, 17]","[6246, 2]"
282,78,233,1222,0.000739144792267357,0.000739144792267357,1,[5],[6270]
283,78,233,1222,0.0007402247922673623,1.0800000000052955e-06,1,[5],[6278]
284,78,233,1222,0.0007416047922673691,1.3800000000067664e-06,1,[5],[6210]
285,78,234,1218,0.0007497114676832576,0.0007497114676832576,2,"[5, 17]","[6312, 5]"
286,78,234,1218,0.0007507714676832628,1.0600000000051974e-06,1,[5],[6219]
287,78,234,1218,0.0007525814676832717,1.8100000000088748e-06,1,[5],[6219]
288,78,234,1219,0.0007467028465405549,0.0007467028465405549,3,"[5, 17, 56]","[5164, 1136, 16]"
289,78,234,1219,0.0007473528465405581,6.500000000031871e-07,2,"[5, 17]","[5033, 1231]"
290,78,234,1219,0.0007478928465405607,5.400000000026477e-07,2,"[5, 17]","[5624, 591]"
291,78,234,1219,0.0007484328465405634,5.400000000026477e-07,2,"[5, 17]","[6113, 158]"
292,78,234,1219,0.0007490328465405663,6.000000000029419e-07,2,"[5, 17]","[6173, 18]"
293,78,234,1219,0.0007499328465405707,9.000000000044129e-07,2,"[5, 17]","[6247, 3]"
294,78,234,1220,0.0007449992785876175,0.0007449992785876175,3,"[5, 17, 56]","[6248, 4, 31]"
295,78,234,1220,0.000745929278587622,9.3000000000456e-07,2,"[5, 17]","[6080, 207]"
296,78,234,1220,0.0007467092785876259,7.800000000038245e-07,2,"[5, 17]","[5093, 1126]"
297,78,234,1220,0.0007476492785876305,9.40000000004609e-07,2,"[5, 17]","[4290, 1957]"
298,78,235,1216,0.0007556779688115321,0.0007556779688115321,2,"[5, 55]","[5889, 376]"
299,78,235,1217,0.0007524712551437945,0.0007524712551437945,2,"[5, 55]","[6239, 34]"
300,78,235,1217,0.0007532012551437981,7.300000000035793e-07,1,[5],[6280]
301,78,235,1217,0.0007538212551438012,6.2000000000304e-07,1,[5],[6289]
302,78,235,1217,0.0007544512551438043,6.30000000003089e-07,1,[5],[6204]
303,78,235,1217,0.0007553912551438089,9.40000000004609e-07,1,[5],[6232]
304,78,235,1218,0.0007504916966457782,0.0007504916966457782,2,"[5, 56]","[6315, 2]"
305,78,235,1218,0.0007513016966457822,8.100000000039716e-07,1,[5],[6245]
306,78,235,1218,0.0007520316966457858,7.300000000035793e-07,1,[5],[6270]
307,78,235,1218,0.0007529516966457903,9.20000000004511e-07,1,[5],[6176]
308,78,235,1219,0.0007502899458895796,0.0007502899458895796,4,"[5, 17, 56, 57]","[5573, 111, 563, 4]"
309,78,236,1214,0.0007632591620307459,0.0007632591620307459,2,"[5, 16]","[4529, 1723]"
310,78,236,1215,0.0007581610707896204,0.0007581610707896204,2,"[5, 55]","[6249, 5]"
311,78,236,1215,0.0007590110707896246,8.500000000041677e-07,1,[5],[6247]
312,78,236,1215,0.0007598810707896288,8.700000000042658e-07,1,[5],[6311]
313,78,236,1215,0.0007634610707896464,3.5800000000175535e-06,2,"[5, 16]","[6069, 119]"
314,78,236,1216,0.0007558296487609578,0.0007558296487609578,2,"[5, 55]","[6246, 24]"
315,78,236,1216,0.0007565796487609615,7.500000000036774e-07,1,[5],[6234]
316,78,236,1216,0.0007572096487609646,6.30000000003089e-07,1,[5],[6288]
317,78,236,1216,0.0007578996487609679,6.900000000033832e-07,1,[5],[6293]
318,78,236,1216,0.0007591096487609739,1.2100000000059329e-06,1,[5],[6169]
319,78,236,1217,0.0007549080791350913,0.0007549080791350913,2,"[5, 55]","[6264, 2]"
320,78,237,1213,0.000763785113553489,0.000763785113553489,2,"[5, 16]","[4668, 1613]"
321,78,237,1213,0.0007657851135534988,2.0000000000098064e-06,2,"[5, 16]","[6195, 30]"
322,78,237,1214,0.000761083440500301,0.000761083440500301,2,"[5, 16]","[6170, 146]"
323,78,237,1214,0.000761693440500304,6.10000000002991e-07,2,"[5, 16]","[5105, 1125]"
324,78,237,1214,0.0007621234405003061,4.300000000021084e-07,2,"[5, 16]","[4091, 2159]"
325,78,237,1214,0.0007624834405003079,3.6000000000176516e-07,2,"[5, 16]","[3620, 2675]"
326,78,237,1214,0.0007628534405003097,3.700000000018142e-07,2,"[5, 16]","[3438, 2811]"
327,78,237,1214,0.000763323440500312,4.700000000023045e-07,2,"[5, 16]","[3698, 2578]"
328,78,237,1214,0.0007644134405003173,1.0900000000053445e-06,2,"[5, 16]","[4755, 1396]"
329,78,237,1215,0.0007595751603065591,0.0007595751603065591,1,[5],[6257]
330,78,237,1215,0.0007605351603065638,9.60000000004707e-07,1,[5],[6298]
331,78,237,1215,0.0007616951603065695,1.1600000000056877e-06,2,"[5, 16]","[6130, 87]"
332,78,238,1212,0.0007667150170153325,0.0007667150170153325,1,[5],[6296]
333,78,238,1212,0.0007676950170153373,9.800000000048052e-07,1,[5],[6256]
334,78,238,1212,0.0007691150170153442,1.4200000000069626e-06,1,[5],[6198]
335,78,238,1213,0.000764446223705277,0.000764446223705277,2,"[5, 16]","[6199, 114]"
336,78,238,1213,0.0007652162237052807,7.700000000037755e-07,1,[5],[6222]
337,78,238,1213,0.0007658962237052841,6.800000000033342e-07,1,[5],[6263]
338,78,238,1213,0.0007667462237052882,8.500000000041677e-07,1,[5],[6221]
339,78,238,1214,0.0007639471456645647,0.0007639471456645647,2,"[5, 16]","[5357, 932]"
340,78,239,1210,0.0007734920237723207,0.0007734920237723207,1,[5],[6270]
341,78,239,1211,0.0007697139670763845,0.0007697139670763845,1,[5],[6257]
342,78,239,1211,0.0007705339670763885,8.200000000040206e-07,1,[5],[6310]
343,78,239,1211,0.000771243967076392,7.100000000034813e-07,1,[5],[6242]
344,78,239,1211,0.0007721239670763963,8.800000000043148e-07,1,[5],[6241]
345,78,239,1212,0.0007680100518524037,0.0007680100518524037,1,[5],[6263]
346,78,239,1212,0.0007689900518524085,9.800000000048052e-07,1,[5],[6304]
347,78,239,1212,0.000770100051852414,1.1100000000054426e-06,1,[5],[6189]
348,78,240,1209,0.000775615113717259,0.000775615113717259,2,"[5, 15]","[5424, 889]"
349,78,240,1209,0.0007763651137172627,7.500000000036774e-07,2,"[5, 15]","[3954, 2256]"
350,78,240,1209,0.0007772151137172669,8.500000000041677e-07,2,"[5, 15]","[4328, 1916]"
351,78,240,1210,0.0007731100126907161,0.0007731100126907161,1,[5],[6268]
352,78,240,1210,0.00077390001269072,7.900000000038735e-07,2,"[5, 15]","[6293, 1]"
353,78,240,1210,0.0007745900126907234,6.900000000033832e-07,2,"[5, 15]","[6186, 19]"
354,78,240,1210,0.000775330012690727,7.400000000036284e-07,2,"[5, 15]","[5931, 325]"
355,78,240,1210,0.0007762200126907314,8.900000000043639e-07,2,"[5, 15]","[4415, 1819]"
356,78,240,1211,0.0007722441306862263,0.0007722441306862263,1,[5],[6262]
357,78,241,1208,0.0007787354012554057,0.0007787354012554057,2,"[5, 15]","[6287, 11]"
358,78,241,1208,0.0007795854012554098,8.500000000041677e-07,1,[5],[6281]
359,78,241,1208,0.0007804154012554139,8.300000000040697e-07,1,[5],[6210]
360,78,241,1208,0.0007819254012554213,1.5100000000074039e-06,1,[5],[6224]
361,78,241,1209,0.000776548984563897,0.000776548984563897,2,"[5, 15]","[4929, 1353]"
362,78,241,1209,0.0007773689845639011,8.200000000040206e-07,2,"[5, 15]","[5773, 495]"
363,78,241,1209,0.0007781189845639047,7.500000000036774e-07,2,"[5, 15]","[6161, 66]"
364,78,241,1209,0.0007790589845639094,9.40000000004609e-07,2,"[5, 15]","[6235, 8]"
365,78,241,1210,0.0007775352328551347,0.0007775352328551347,2,"[5, 15]","[4639, 1615]"
366,78,242,1206,0.0007861204883137489,0.0007861204883137489,1,[5],[6257]
367,78,242,1207,0.0007819632391632387,0.0007819632391632387,1,[5],[6265]
368,78,242,1207,0.0007827532391632426,7.900000000038735e-07,1,[5],[6317]
369,78,242,1207,0.0007834332391632459,6.800000000033342e-07,1,[5],[6243]
370,78,242,1207,0.0007843032391632502,8.700000000042658e-07,1,[5],[6196]
371,78,242,1208,0.0007804619845762896,0.0007804619845762896,1,[5],[6259]
372,78,242,1208,0.0007814919845762947,1.0300000000050503e-06,1,[5],[6282]
373,78,242,1208,0.000782791984576301,1.3000000000063742e-06,1,[5],[6219]
374,78,243,1205,0.0007879973504549915,0.0007879973504549915,1,[5],[6270]
375,78,243,1206,0.0007852356208677326,0.0007852356208677326,1,[5],[6324]
376,78,243,1206,0.0007859556208677361,7.200000000035303e-07,1,[5],[6230]
377,78,243,1206,0.0007866056208677393,6.500000000031871e-07,1,[5],[6267]
378,78,243,1206,0.0007873956208677432,7.900000000038735e-07,1,[5],[6188]
379,78,243,1207,0.0007844975541182941,0.0007844975541182941,1,[5],[6275]
380,78,243,1207,0.000787137554118307,2.6400000000129445e-06,1,[5],[6226]
381,78,244,1204,0.0007905859883673476,0.0007905859883673476,1,[5],[6311]
382,78,244,1204,0.0007917059883673531,1.1200000000054916e-06,1,[5],[6192]
383,78,244,1205,0.0007883350765361276,0.0007883350765361276,1,[5],[6312]
384,78,244,1205,0.0007890650765361312,7.300000000035793e-07,1,[5],[6236]
385,78,244,1205,0.0007897550765361346,6.900000000033832e-07,1,[5],[6202]
386,78,244,1205,0.0007906150765361388,8.600000000042168e-07,1,[5],[6278]
387,78,244,1206,0.0007885255709081464,0.0007885255709081464,1,[5],[6271]
388,78,245,1203,0.0007933492749967856,0.0007933492749967856,1,[5],[6301]
389,78,245,1203,0.0007942092749967898,8.600000000042168e-07,1,[5],[6216]
390,78,245,1203,0.000795269274996795,1.0600000000051974e-06,1,[5],[6264]
391,78,245,1204,0.0007915200419411888,0.0007915200419411888,1,[5],[6259]
392,78,245,1204,0.0007923600419411929,8.400000000041187e-07,1,[5],[6252]
393,78,245,1204,0.0007932400419411972,8.800000000043148e-07,1,[5],[6268]
394,78,246,1201,0.000798764802774115,0.000798764802774115,1,[5],[6252]
395,78,246,1202,0.0007958690840416005,0.0007958690840416005,1,[5],[6289]
396,78,246,1202,0.0007965990840416041,7.300000000035793e-07,1,[5],[6242]
397,78,246,1202,0.0007973190840416077,7.200000000035303e-07,1,[5],[6292]
398,78,246,1202,0.0007986390840416141,1.3200000000064722e-06,1,[5],[6186]
399,78,246,1203,0.0007947991256270902,0.0007947991256270902,1,[5],[6256]
400,78,246,1203,0.0007959491256270959,1.1500000000056387e-06,1,[5],[6279]
401,78,247,1200,0.0008005884602948528,0.0008005884602948528,1,[5],[6309]
402,78,247,1200,0.0008017684602948586,1.1800000000057858e-06,1,[5],[6208]
403,78,247,1201,0.0007985460418090219,0.0007985460418090219,1,[5],[6309]
404,78,247,1201,0.0007992860418090255,7.400000000036284e-07,1,[5],[6288]
405,78,247,1201,0.0008000160418090291,7.300000000035793e-07,1,[5],[6180]
406,78,247,1201,0.0008013760418090357,1.3600000000066684e-06,1,[5],[6224]
407,78,247,1202,0.0007983265557103832,0.0007983265557103832,1,[5],[6263]
408,78,248,1199,0.0008029254828091684,0.0008029254828091684,1,[5],[6330]
409,78,248,1199,0.0008036954828091722,7.700000000037755e-07,1,[5],[6207]
410,78,248,1199,0.0008047054828091771,1.0100000000049522e-06,1,[5],[6231]
411,78,248,1200,0.0008014397373412487,0.0008014397373412487,1,[5],[6303]
412,78,248,1200,0.000802309737341253,8.700000000042658e-07,1,[5],[6204]
413,78,248,1200,0.000803539737341259,1.230000000006031e-06,1,[5],[6243]
414,78,249,1197,0.000807282486283081,0.000807282486283081,1,[5],[6256]
415,78,249,1198,0.0008050532238204906,0.0008050532238204906,1,[5],[6300]
416,78,249,1198,0.0008057632238204941,7.100000000034813e-07,1,[5],[6264]
417,78,249,1198,0.0008064632238204975,7.000000000034323e-07,1,[5],[6253]
418,78,249,1199,0.0008043717258509068,0.0008043717258509068,1,[5],[6292]
419,78,249,1199,0.0008065717258509176,2.200000000010787e-06,1,[5],[6210]
420,78,250,1196,0.0008089790235352157,0.0008089790235352157,1,[5],[6259]
421,78,250,1196,0.0008099090235352203,9.3000000000456e-07,2,"[5, 14]","[6272, 1]"
422,78,250,1196,0.0008119890235352305,2.0800000000101987e-06,3,"[5, 14, 195]","[5392, 563, 264]"
423,78,250,1197,0.0008074393682664065,0.0008074393682664065,1,[5],[6281]
424,78,250,1197,0.0008081793682664101,7.400000000036284e-07,1,[5],[6223]
425,78,250,1197,0.0008090393682664143,8.600000000042168e-07,1,[5],[6289]
426,78,251,1194,0.0008143551393006848,0.0008143551393006848,2,"[5, 14]","[5929, 326]"
427,78,251,1195,0.000810916940361901,0.000810916940361901,3,"[5, 14, 195]","[5301, 814, 189]"
428,78,251,1195,0.0008114269403619035,5.100000000025006e-07,3,"[5, 14, 195]","[3896, 1995, 338]"
429,78,251,1195,0.0008118269403619055,4.000000000019613e-07,3,"[5, 14, 195]","[3430, 2505, 315]"
430,78,251,1195,0.0008122569403619076,4.300000000021084e-07,3,"[5, 14, 195]","[3406, 2705, 226]"
431,78,251,1195,0.0008128669403619106,6.10000000002991e-07,3,"[5, 14, 195]","[3693, 2315, 156]"
432,78,251,1196,0.0008100361072360915,0.0008100361072360915,3,"[5, 14, 195]","[6183, 49, 27]"
433,78,251,1196,0.0008108061072360953,7.700000000037755e-07,3,"[5, 14, 195]","[4802, 942, 514]"
434,78,251,1196,0.0008113261072360978,5.200000000025497e-07,3,"[5, 14, 195]","[2631, 2606, 1060]"
435,78,251,1196,0.0008117561072361,4.300000000021084e-07,3,"[5, 14, 195]","[1283, 3742, 1200]"
436,78,251,1196,0.0008122661072361024,5.100000000025006e-07,3,"[5, 14, 195]","[752, 4413, 1138]"
437,78,252,1193,0.0008157787331642312,0.0008157787331642312,1,[5],[6275]
438,78,252,1194,0.0008134711474350852,0.0008134711474350852,2,"[5, 14]","[6213, 91]"
439,78,252,1194,0.0008141911474350887,7.200000000035303e-07,2,"[5, 14]","[6221, 1]"
440,78,252,1194,0.0008149411474350924,7.500000000036774e-07,1,[5],[6275]
441,78,252,1195,0.0008125016259389223,0.0008125016259389223,3,"[5, 14, 195]","[3700, 2423, 148]"
442,78,252,1195,0.0008149416259389343,2.440000000011964e-06,3,"[5, 14, 195]","[5725, 499, 6]"
443,78,253,1192,0.0008178886557541126,0.0008178886557541126,1,[5],[6298]
444,78,253,1192,0.0008189686557541179,1.0800000000052955e-06,1,[5],[6219]
445,78,253,1193,0.0008160832262565581,0.0008160832262565581,1,[5],[6300]
446,78,253,1193,0.0008168532262565619,7.700000000037755e-07,1,[5],[6272]
447,78,253,1193,0.0008176632262565658,8.100000000039716e-07,1,[5],[6182]
448,78,254,1191,0.0008202108190220257,0.0008202108190220257,2,"[5, 13]","[6290, 4]"
449,78,254,1191,0.0008210408190220298,8.300000000040697e-07,2,"[5, 13]","[6161, 71]"
450,78,254,1191,0.0008220408190220347,1.0000000000049032e-06,2,"[5, 13]","[5734, 492]"
451,78,254,1192,0.0008188109388354615,0.0008188109388354615,1,[5],[6275]
452,78,254,1192,0.0008196809388354658,8.700000000042658e-07,1,[5],[6231]
453,78,254,1192,0.0008210809388354727,1.4000000000068645e-06,1,[5],[6258]
454,78,255,1189,0.000826617094074764,0.000826617094074764,2,"[5, 13]","[6227, 23]"
455,78,255,1190,0.0008222772707904189,0.0008222772707904189,3,"[5, 13, 197]","[3976, 2279, 11]"
456,78,255,1190,0.0008230272707904226,7.500000000036774e-07,3,"[5, 13, 197]","[5214, 1101, 2]"
457,78,255,1190,0.000823717270790426,6.900000000033832e-07,3,"[5, 13, 197]","[5950, 216, 1]"
458,78,255,1190,0.0008247072707904308,9.900000000048542e-07,2,"[5, 13]","[6269, 18]"
459,78,255,1191,0.0008215198781559876,0.0008215198781559876,3,"[5, 13, 197]","[5470, 831, 3]"
460,78,255,1191,0.0008223498781559917,8.300000000040697e-07,3,"[5, 13, 197]","[4359, 1904, 6]"
461,78,256,1188,0.0008276354280671903,0.0008276354280671903,1,[5],[6265]
462,78,256,1189,0.0008251563132289382,0.0008251563132289382,2,"[5, 13]","[6271, 1]"
463,78,256,1189,0.0008258763132289417,7.200000000035303e-07,1,[5],[6231]
464,78,256,1189,0.0008266063132289453,7.300000000035793e-07,1,[5],[6297]
465,78,256,1189,0.0008281263132289528,1.5200000000074529e-06,1,[5],[6203]
466,78,256,1190,0.0008246443149493483,0.0008246443149493483,2,"[5, 13]","[6114, 146]"
467,78,257,1187,0.0008295908556876815,0.0008295908556876815,2,"[5, 12]","[5230, 1023]"
468,78,257,1187,0.0008304908556876859,9.000000000044129e-07,2,"[5, 12]","[4477, 1818]"
469,78,257,1188,0.0008277739816526114,0.0008277739816526114,2,"[5, 12]","[6313, 2]"
470,78,257,1188,0.000828523981652615,7.500000000036774e-07,2,"[5, 12]","[6239, 30]"
471,78,257,1188,0.0008292239816526185,7.000000000034323e-07,2,"[5, 12]","[5896, 300]"
472,78,257,1188,0.0008302039816526233,9.800000000048052e-07,2,"[5, 12]","[4789, 1436]"
473,78,257,1189,0.0008282490275870893,0.0008282490275870893,2,"[5, 12]","[6258, 1]"
474,78,258,1186,0.0008319989323249989,0.0008319989323249989,2,"[5, 12]","[6219, 32]"
475,78,258,1186,0.0008328689323250032,8.700000000042658e-07,1,[5],[6302]
476,78,258,1186,0.0008341389323250094,1.270000000006227e-06,1,[5],[6222]
477,78,258,1187,0.000830213570055005,0.000830213570055005,2,"[5, 12]","[4651, 1630]"
478,78,258,1187,0.0008309635700550087,7.500000000036774e-07,2,"[5, 12]","[5467, 765]"
479,78,258,1187,0.0008317535700550126,7.900000000038735e-07,2,"[5, 12]","[6091, 154]"
480,78,258,1188,0.0008322727794834435,0.0008322727794834435,2,"[5, 12]","[4242, 2008]"
481,78,259,1185,0.0008343904054587121,0.0008343904054587121,1,[5],[6260]
482,78,259,1185,0.0008351504054587159,7.600000000037264e-07,1,[5],[6289]
483,78,259,1185,0.0008359404054587197,7.900000000038735e-07,1,[5],[6233]
484,78,259,1186,0.000833239706234093,0.000833239706234093,1,[5],[6297]
485,78,259,1186,0.0008342197062340978,9.800000000048052e-07,1,[5],[6228]
486,78,260,1183,0.00083947113747539,0.00083947113747539,1,[5],[6267]
487,78,260,1184,0.0008368373540363926,0.0008368373540363926,1,[5],[6276]
488,78,260,1184,0.0008375673540363962,7.300000000035793e-07,1,[5],[6294]
489,78,260,1184,0.0008382573540363996,6.900000000033832e-07,1,[5],[6180]
490,78,260,1184,0.0008397373540364069,1.4800000000072568e-06,1,[5],[6260]
491,78,260,1185,0.0008362444840533203,0.0008362444840533203,1,[5],[6283]
492,78,261,1182,0.0008413336927492346,0.0008413336927492346,1,[5],[6300]
493,78,261,1182,0.00084244369274924,1.1100000000054426e-06,1,[5],[6211]
494,78,261,1183,0.000839537993742493,0.000839537993742493,1,[5],[6277]
495,78,261,1183,0.0008403079937424968,7.700000000037755e-07,1,[5],[6259]
496,78,261,1183,0.000841167993742501,8.600000000042168e-07,1,[5],[6225]
497,78,261,1184,0.0008401887463748984,0.0008401887463748984,1,[5],[6254]
498,78,262,1181,0.0008435320455439793,0.0008435320455439793,1,[5],[6314]
499,78,262,1181,0.0008443320455439832,8.000000000039226e-07,1,[5],[6225]
500,78,262,1181,0.000845312045543988,9.800000000048052e-07,1,[5],[6225]
501,78,262,1182,0.000842218695558004,0.000842218695558004,1,[5],[6264]
502,78,262,1182,0.0008431486955580086,9.3000000000456e-07,1,[5],[6264]
503,78,263,1179,0.0008483609281424255,0.0008483609281424255,1,[5],[6280]
504,78,263,1180,0.0008459329979910173,0.0008459329979910173,1,[5],[6283]
505,78,263,1180,0.000846692997991021,7.600000000037264e-07,1,[5],[6302]
506,78,263,1180,0.0008474429979910247,7.500000000036774e-07,1,[5],[6204]
507,78,263,1181,0.0008451886405016241,0.0008451886405016241,1,[5],[6259]
508,78,263,1181,0.0008476686405016363,2.48000000001216e-06,1,[5],[6245]
509,78,264,1178,0.0008502656474500309,0.0008502656474500309,1,[5],[6271]
510,78,264,1178,0.0008513756474500363,1.1100000000054426e-06,1,[5],[6252]
511,78,264,1179,0.0008485007903349496,0.0008485007903349496,1,[5],[6339]
512,78,264,1179,0.0008492507903349533,7.500000000036774e-07,1,[5],[6161]
513,78,264,1179,0.0008501107903349575,8.600000000042168e-07,1,[5],[6281]
514,78,264,1180,0.000849159068850682,0.000849159068850682,1,[5],[6253]
515,78,265,1176,0.0008545652481420737,0.0008545652481420737,2,"[5, 11]","[2456, 3800]"
516,78,265,1177,0.0008521611127620025,0.0008521611127620025,2,"[5, 11]","[4177, 2075]"
517,78,265,1177,0.0008526311127620048,4.700000000023045e-07,2,"[5, 11]","[2947, 3318]"
518,78,265,1177,0.0008530011127620066,3.700000000018142e-07,2,"[5, 11]","[2677, 3587]"
519,78,265,1177,0.0008533811127620085,3.800000000018632e-07,2,"[5, 11]","[2741, 3577]"
520,78,265,1177,0.0008538611127620108,4.800000000023535e-07,2,"[5, 11]","[3157, 3077]"
521,78,265,1177,0.0008551611127620172,1.3000000000063742e-06,2,"[5, 11]","[4466, 1710]"
522,78,265,1178,0.0008512370774196154,0.0008512370774196154,2,"[5, 11]","[6311, 2]"
523,78,265,1178,0.00085215707741962,9.20000000004511e-07,2,"[5, 11]","[6111, 99]"
524,78,265,1178,0.0008537470774196278,1.5900000000077961e-06,2,"[5, 11]","[5402, 843]"
525,78,266,1175,0.0008580560138127545,0.0008580560138127545,2,"[5, 11]","[6250, 1]"
526,78,266,1176,0.0008548824999945833,0.0008548824999945833,2,"[5, 11]","[5924, 367]"
527,78,266,1176,0.0008556524999945871,7.700000000037755e-07,2,"[5, 11]","[6263, 1]"
528,78,266,1176,0.0008564224999945909,7.700000000037755e-07,1,[5],[6223]
529,78,266,1177,0.0008538842229963636,0.0008538842229963636,2,"[5, 11]","[4489, 1770]"
530,78,266,1177,0.0008553342229963707,1.4500000000071097e-06,2,"[5, 11]","[5950, 296]"
531,78,267,1174,0.0008598511873940515,0.0008598511873940515,1,[5],[6285]
532,78,267,1175,0.0008574879226484543,0.0008574879226484543,1,[5],[6275]
533,78,267,1175,0.000858247922648458,7.600000000037264e-07,1,[5],[6233]
534,78,267,1175,0.0008590179226484618,7.700000000037755e-07,1,[5],[6291]
535,78,267,1176,0.0008573343359536578,0.0008573343359536578,1,[5],[6272]
536,78,268,1173,0.0008620314317807266,0.0008620314317807266,1,[5],[6258]
537,78,268,1173,0.0008634314317807335,1.4000000000068645e-06,1,[5],[6250]
538,78,268,1174,0.0008601093060845164,0.0008601093060845164,1,[5],[6308]
539,78,268,1174,0.0008608893060845202,7.800000000038245e-07,1,[5],[6214]
540,78,268,1174,0.0008617193060845243,8.300000000040697e-07,1,[5],[6271]
541,78,268,1175,0.0008616148077920619,0.0008616148077920619,1,[5],[6255]
542,78,269,1172,0.0008643744284661775,0.0008643744284661775,2,"[5, 10]","[6249, 1]"
543,78,269,1172,0.0008653444284661822,9.700000000047561e-07,2,"[5, 10]","[6224, 39]"
544,78,269,1173,0.0008627978645250268,0.0008627978645250268,1,[5],[6280]
545,78,269,1173,0.0008636278645250308,8.300000000040697e-07,1,[5],[6243]
546,78,269,1173,0.000864687864525036,1.0600000000051974e-06,1,[5],[6264]
547,78,270,1171,0.0008665107817642118,0.0008665107817642118,2,"[5, 10]","[4676, 1580]"
548,78,270,1171,0.0008672607817642154,7.500000000036774e-07,2,"[5, 10]","[5389, 903]"
549,78,270,1171,0.0008680407817642193,7.800000000038245e-07,2,"[5, 10]","[5973, 256]"
550,78,270,1172,0.0008654921768857177,0.0008654921768857177,2,"[5, 10]","[5973, 319]"
551,78,270,1172,0.0008663021768857217,8.100000000039716e-07,2,"[5, 10]","[5013, 1252]"
552,78,270,1172,0.0008672821768857265,9.800000000048052e-07,2,"[5, 10]","[4627, 1567]"
553,78,271,1170,0.0008690251112629555,0.0008690251112629555,2,"[5, 10]","[6317, 1]"
554,78,271,1170,0.0008697551112629591,7.300000000035793e-07,1,[5],[6215]
555,78,271,1170,0.0008705351112629629,7.800000000038245e-07,1,[5],[6258]
556,78,271,1171,0.0008681464174837374,0.0008681464174837374,2,"[5, 10]","[6074, 183]"
557,78,271,1171,0.0008693564174837434,1.2100000000059329e-06,2,"[5, 10]","[6282, 2]"
558,78,272,1168,0.0008738801457289535,0.0008738801457289535,2,"[5, 9]","[6233, 30]"
559,78,272,1169,0.0008713597544792117,0.0008713597544792117,1,[5],[6313]
560,78,272,1169,0.0008720797544792152,7.200000000035303e-07,1,[5],[6238]
561,78,272,1169,0.0008727997544792187,7.200000000035303e-07,1,[5],[6282]
562,78,272,1170,0.0008708865736165165,0.0008708865736165165,1,[5],[6262]
563,78,273,1167,0.0008755619820182742,0.0008755619820182742,2,"[5, 9]","[4768, 1508]"
564,78,273,1167,0.0008775219820182838,1.9600000000096103e-06,2,"[5, 9]","[6045, 182]"
565,78,273,1168,0.0008736971661916776,0.0008736971661916776,2,"[5, 9]","[5921, 363]"
566,78,273,1168,0.0008743171661916806,6.2000000000304e-07,2,"[5, 9]","[5017, 1208]"
567,78,273,1168,0.0008748671661916833,5.500000000026968e-07,2,"[5, 9]","[4724, 1604]"
568,78,273,1168,0.0008755471661916867,6.800000000033342e-07,2,"[5, 9]","[4661, 1536]"
569,78,273,1169,0.000873807538339015,0.000873807538339015,2,"[5, 9]","[6251, 22]"
570,78,274,1166,0.000877992857883199,0.000877992857883199,1,[5],[6264]
571,78,274,1166,0.0008794328578832061,1.4400000000070606e-06,1,[5],[6248]
572,78,274,1167,0.0008761289182868513,0.0008761289182868513,2,"[5, 9]","[5893, 380]"
573,78,274,1167,0.000876878918286855,7.500000000036774e-07,2,"[5, 9]","[6249, 12]"
574,78,274,1167,0.0008776489182868587,7.700000000037755e-07,1,[5],[6294]
575,78,274,1168,0.0008766297684718316,0.0008766297684718316,2,"[5, 9]","[4948, 1309]"
576,78,275,1165,0.0008801962862197778,0.0008801962862197778,1,[5],[6303]
577,78,275,1165,0.0008812462862197829,1.0500000000051484e-06,1,[5],[6244]
578,78,275,1166,0.0008786326100744838,0.0008786326100744838,1,[5],[6317]
579,78,275,1166,0.0008794126100744877,7.800000000038245e-07,1,[5],[6209]
580,78,275,1166,0.0008803126100744921,9.000000000044129e-07,1,[5],[6230]
581,78,276,1164,0.0008824588882613429,0.0008824588882613429,2,"[5, 8]","[6274, 1]"
582,78,276,1164,0.0008833888882613474,9.3000000000456e-07,1,[5],[6283]
583,78,276,1164,0.0008851088882613559,1.7200000000084335e-06,2,"[5, 8]","[5978, 225]"
584,78,276,1165,0.0008811353480792731,0.0008811353480792731,1,[5],[6300]
585,78,276,1165,0.0008819753480792772,8.400000000041187e-07,1,[5],[6261]
586,78,276,1165,0.0008831153480792828,1.1400000000055897e-06,1,[5],[6205]
587,78,277,1163,0.0008845965997943939,0.0008845965997943939,2,"[5, 8]","[4880, 1377]"
588,78,277,1163,0.0008851865997943968,5.900000000028929e-07,2,"[5, 8]","[3685, 2637]"
589,78,277,1163,0.0008857265997943995,5.400000000026477e-07,2,"[5, 8]","[3465, 2794]"
590,78,277,1163,0.0008865565997944035,8.300000000040697e-07,2,"[5, 8]","[4044, 2138]"
591,78,277,1164,0.0008836256593005539,0.0008836256593005539,2,"[5, 8]","[6252, 37]"
592,78,277,1164,0.0008845256593005583,9.000000000044129e-07,2,"[5, 8]","[5861, 376]"
593,78,277,1164,0.0008855956593005636,1.0700000000052464e-06,2,"[5, 8]","[4443, 1789]"
594,78,278,1162,0.0008873962499075838,0.0008873962499075838,2,"[5, 8]","[6263, 31]"
595,78,278,1162,0.0008884062499075888,1.0100000000049522e-06,1,[5],[6247]
596,78,278,1163,0.0008861401575110582,0.0008861401575110582,2,"[5, 8]","[5591, 703]"
597,78,278,1163,0.0008871901575110634,1.0500000000051484e-06,2,"[5, 8]","[6183, 71]"
598,78,279,1161,0.000889954312957371,0.000889954312957371,1,[5],[6263]
599,78,279,1161,0.0008910843129573766,1.1300000000055406e-06,1,[5],[6259]
600,78,279,1162,0.0008886507071531583,0.0008886507071531583,1,[5],[6288]
601,78,279,1162,0.0008896407071531632,9.900000000048542e-07,1,[5],[6254]
602,78,280,1160,0.0008925542221098665,0.0008925542221098665,1,[5],[6263]
603,78,280,1160,0.0008939442221098733,1.3900000000068155e-06,1,[5],[6253]
604,78,280,1161,0.0008910412560564386,0.0008910412560564386,1,[5],[6318]
605,78,280,1161,0.000891931256056443,8.900000000043639e-07,1,[5],[6199]
606,78,280,1161,0.0008934812560564506,1.5500000000076e-06,1,[5],[6234]
607,78,281,1159,0.0008951280007521064,0.0008951280007521064,1,[5],[6266]
608,78,281,1159,0.0008971380007521163,2.0100000000098555e-06,1,[5],[6234]
609,78,281,1160,0.0008934505723002143,0.0008934505723002143,1,[5],[6258]
610,78,281,1160,0.0008943205723002186,8.700000000042658e-07,1,[5],[6264]
611,78,281,1160,0.0008955405723002246,1.220000000005982e-06,1,[5],[6248]
612,78,282,1158,0.000897755962367941,0.000897755962367941,2,"[5, 7]","[6227, 29]"
613,78,282,1158,0.0009000259623679521,2.2700000000111303e-06,2,"[5, 7]","[5118, 1133]"
614,78,282,1159,0.0008958854378348874,0.0008958854378348874,1,[5],[6285]
615,78,282,1159,0.0008967454378348916,8.600000000042168e-07,1,[5],[6266]
616,78,282,1159,0.0008978054378348968,1.0600000000051974e-06,1,[5],[6199]
617,78,283,1157,0.0008991595986898942,0.0008991595986898942,2,"[5, 7]","[1707, 4615]"
618,78,283,1157,0.0008998395986898975,6.800000000033342e-07,2,"[5, 7]","[1999, 4227]"
619,78,283,1157,0.0009008195986899023,9.800000000048052e-07,2,"[5, 7]","[3368, 2838]"
620,78,283,1158,0.0008982250400232295,0.0008982250400232295,2,"[5, 7]","[5637, 614]"
621,78,283,1158,0.0008988250400232325,6.000000000029419e-07,2,"[5, 7]","[4355, 1988]"
622,78,283,1158,0.0008992750400232347,4.5000000000220645e-07,2,"[5, 7]","[3534, 2701]"
623,78,283,1158,0.000899745040023237,4.700000000023045e-07,2,"[5, 7]","[3218, 3068]"
624,78,283,1158,0.0009004650400232405,7.200000000035303e-07,2,"[5, 7]","[3146, 3026]"
625,78,284,1156,0.0009038858476516692,0.0009038858476516692,2,"[5, 7]","[6234, 22]"
626,78,284,1157,0.0009005808045372702,0.0009005808045372702,2,"[5, 7]","[4715, 1605]"
627,78,284,1157,0.0009014108045372743,8.300000000040697e-07,2,"[5, 7]","[6129, 98]"
628,78,284,1157,0.0009022608045372785,8.500000000041677e-07,2,"[5, 7]","[6242, 9]"
629,78,284,1158,0.0009010222574719927,0.0009010222574719927,2,"[5, 7]","[4491, 1778]"
630,78,285,1156,0.0009032913245046944,0.0009032913245046944,1,[5],[6283]
631,78,285,1156,0.0009041213245046984,8.300000000040697e-07,2,"[5, 6]","[6226, 1]"
632,78,285,1156,0.0009051113245047033,9.900000000048542e-07,2,"[5, 6]","[6250, 1]"
633,78,285,1157,0.0009034139035389318,0.0009034139035389318,2,"[5, 7]","[6265, 2]"
634,78,286,1155,0.0009057754636894481,0.0009057754636894481,2,"[5, 6]","[5725, 571]"
635,78,286,1155,0.0009065154636894517,7.400000000036284e-07,2,"[5, 6]","[4954, 1338]"
636,78,286,1155,0.0009073654636894559,8.500000000041677e-07,2,"[5, 6]","[5020, 1165]"
637,78,286,1156,0.000905308119488986,0.000905308119488986,2,"[5, 6]","[6216, 45]"
638,78,286,1156,0.0009077581194889981,2.450000000012013e-06,2,"[5, 6]","[5524, 716]"
639,78,287,1154,0.0009085582969933362,0.0009085582969933362,3,"[1, 5, 6]","[393, 5871, 53]"
640,78,287,1154,0.0009092182969933395,6.600000000032361e-07,2,"[1, 5]","[2613, 3574]"
641,78,287,1154,0.0009096482969933416,4.300000000021084e-07,2,"[1, 5]","[4310, 2077]"
642,78,287,1154,0.0009100182969933434,3.700000000018142e-07,2,"[1, 5]","[4930, 1301]"
643,78,287,1154,0.0009104382969933455,4.2000000000205935e-07,2,"[1, 5]","[5340, 895]"
644,78,287,1154,0.0009116982969933516,1.260000000006178e-06,2,"[1, 5]","[5611, 537]"
645,78,287,1155,0.0009074887543777828,0.0009074887543777828,3,"[1, 5, 6]","[4, 5571, 709]"
646,78,287,1155,0.0009085687543777881,1.0800000000052955e-06,3,"[1, 5, 6]","[817, 5409, 43]"
647,78,287,1155,0.0009091887543777911,6.2000000000304e-07,2,"[1, 5]","[4112, 2111]"
648,78,287,1155,0.000909558754377793,3.700000000018142e-07,2,"[1, 5]","[5669, 758]"
649,78,287,1155,0.0009098487543777944,2.9000000000142193e-07,2,"[1, 5]","[5886, 344]"
650,78,287,1155,0.0009101187543777957,2.7000000000132387e-07,2,"[1, 5]","[5970, 220]"
651,78,287,1155,0.0009104487543777973,3.3000000000161806e-07,2,"[1, 5]","[6109, 174]"
652,78,287,1155,0.0009109887543778,5.400000000026477e-07,2,"[1, 5]","[6060, 89]"
653,78,287,1156,0.0009091965316991753,0.0009091965316991753,3,"[1, 5, 6]","[5102, 1011, 159]"
654,78,287,1156,0.0009096265316991774,4.300000000021084e-07,2,"[1, 5]","[6334, 7]"
655,78,287,1156,0.000909966531699179,3.400000000016671e-07,1,[1],[6180]
656,78,287,1156,0.0009103365316991809,3.700000000018142e-07,2,"[1, 5]","[6209, 1]"
657,78,287,1156,0.0009109565316991839,6.2000000000304e-07,1,[1],[6291]
658,78,287,1157,0.0009094230053383333,0.0009094230053383333,2,"[1, 5]","[6357, 5]"
659,78,287,1157,0.0009098630053383355,4.400000000021574e-07,1,[1],[6249]
660,78,287,1157,0.0009102830053383375,4.2000000000205935e-07,1,[1],[6235]
661,78,287,1157,0.0009110030053383411,7.200000000035303e-07,1,[1],[6160]
662,78,287,1158,0.0009095188917882274,0.0009095188917882274,1,[1],[6289]
663,78,287,1158,0.0009099888917882297,4.700000000023045e-07,1,[1],[6236]
664,78,287,1158,0.0009104888917882321,5.000000000024516e-07,1,[1],[6250]
665,78,287,1159,0.0009096539478833623,0.0009096539478833623,1,[1],[6325]
666,78,287,1159,0.0009101739478833648,5.200000000025497e-07,1,[1],[6312]
667,78,287,1159,0.000910823947883368,6.500000000031871e-07,1,[1],[6135]
668,78,287,1160,0.0009098928538263277,0.0009098928538263277,1,[1],[6333]
669,78,287,1160,0.0009105228538263308,6.30000000003089e-07,1,[1],[6250]
670,78,287,1161,0.0009101064890086252,0.0009101064890086252,1,[1],[6334]
671,78,287,1161,0.000910876489008629,7.700000000037755e-07,1,[1],[6222]
672,78,287,1162,0.0009102867831619899,0.0009102867831619899,1,[1],[6297]
673,78,287,1162,0.0009110967831619938,8.100000000039716e-07,1,[1],[6217]
674,78,287,1163,0.0009104653065201714,0.0009104653065201714,1,[1],[6288]
675,78,287,1163,0.0009112653065201753,8.000000000039226e-07,1,[1],[6248]
676,78,287,1164,0.0009106014946849242,0.0009106014946849242,1,[1],[6275]
677,78,287,1164,0.0009115214946849288,9.20000000004511e-07,1,[1],[6243]
678,78,287,1165,0.0009107614490373891,0.0009107614490373891,1,[1],[6313]
679,78,287,1165,0.0009118714490373946,1.1100000000054426e-06,1,[1],[6201]
680,78,287,1166,0.000910903479625901,0.000910903479625901,1,[1],[6317]
681,78,287,1167,0.0009110934008794461,0.0009110934008794461,1,[1],[6303]
682,78,287,1168,0.0009114952071908659,0.0009114952071908659,1,[1],[6253]
683,78,287,1169,0.0009118415429338569,0.0009118415429338569,2,"[1, 3]","[6259, 3]"
684,78,287,1170,0.000911663029960124,0.000911663029960124,2,"[1, 3]","[5978, 293]"
685,78,287,1171,0.0009118172478407632,0.0009118172478407632,2,"[1, 3]","[5806, 467]"
686,78,287,1172,0.0009118446541069366,0.0009118446541069366,3,"[1, 2, 3]","[5934, 320, 8]"
687,78,287,1173,0.0009116649656649101,0.0009116649656649101,2,"[1, 2]","[5620, 635]"
688,78,287,1174,0.0009120602447934887,0.0009120602447934887,2,"[1, 2]","[6229, 26]"
689,78,287,1177,0.0009124443713569384,0.0009124443713569384,1,[1],[6254]
690,78,287,1178,0.0009121424643835805,0.0009121424643835805,1,[1],[6250]
691,78,288,1154,0.0009091582652532309,0.0009091582652532309,2,"[1, 5]","[4127, 2177]"
692,78,288,1154,0.0009095382652532328,3.800000000018632e-07,2,"[1, 5]","[5229, 1042]"
693,78,288,1154,0.0009098182652532342,2.800000000013729e-07,2,"[1, 5]","[5477, 753]"
694,78,288,1154,0.0009100782652532354,2.6000000000127484e-07,2,"[1, 5]","[5664, 636]"
695,78,288,1154,0.0009103582652532368,2.800000000013729e-07,2,"[1, 5]","[5738, 500]"
696,78,288,1154,0.0009107382652532387,3.800000000018632e-07,2,"[1, 5]","[5769, 417]"
697,78,288,1155,0.0009091029468792204,0.0009091029468792204,3,"[1, 5, 6]","[5406, 846, 1]"
698,78,288,1155,0.0009094429468792221,3.400000000016671e-07,2,"[1, 5]","[6121, 264]"
699,78,288,1155,0.0009096829468792232,2.4000000000117677e-07,2,"[1, 5]","[6203, 152]"
700,78,288,1155,0.0009098929468792243,2.1000000000102968e-07,2,"[1, 5]","[5967, 111]"
701,78,288,1155,0.0009101029468792253,2.1000000000102968e-07,2,"[1, 5]","[6162, 78]"
702,78,288,1155,0.0009103329468792264,2.3000000000112774e-07,2,"[1, 5]","[6239, 69]"
703,78,288,1155,0.0009106229468792278,2.9000000000142193e-07,2,"[1, 5]","[6194, 64]"
704,78,288,1155,0.0009111829468792306,5.600000000027458e-07,2,"[1, 5]","[6147, 36]"
705,78,288,1156,0.0009091448554150515,0.0009091448554150515,3,"[1, 5, 6]","[6301, 7, 1]"
706,78,288,1156,0.0009094848554150531,3.400000000016671e-07,2,"[1, 5]","[6296, 1]"
707,78,288,1156,0.0009097448554150544,2.6000000000127484e-07,1,[1],[6304]
708,78,288,1156,0.0009099848554150556,2.4000000000117677e-07,1,[1],[6314]
709,78,288,1156,0.0009102348554150568,2.500000000012258e-07,1,[1],[6085]
710,78,288,1156,0.0009105648554150584,3.3000000000161806e-07,1,[1],[6228]
711,78,288,1156,0.0009113948554150625,8.300000000040697e-07,1,[1],[6223]
712,78,288,1157,0.0009091772175625717,0.0009091772175625717,1,[1],[6366]
713,78,288,1157,0.0009095172175625734,3.400000000016671e-07,1,[1],[6303]
714,78,288,1157,0.0009097772175625747,2.6000000000127484e-07,1,[1],[6193]
715,78,288,1157,0.0009100172175625759,2.4000000000117677e-07,1,[1],[6206]
716,78,288,1157,0.0009102772175625771,2.6000000000127484e-07,1,[1],[6312]
717,78,288,1157,0.0009106072175625788,3.3000000000161806e-07,1,[1],[6255]
718,78,288,1157,0.0009114972175625831,8.900000000043639e-07,1,[1],[6126]
719,78,288,1158,0.0009092441567394698,0.0009092441567394698,1,[1],[6379]
720,78,288,1158,0.0009095741567394715,3.3000000000161806e-07,1,[1],[6206]
721,78,288,1158,0.0009098341567394727,2.6000000000127484e-07,1,[1],[6348]
722,78,288,1158,0.0009100741567394739,2.4000000000117677e-07,1,[1],[6214]
723,78,288,1158,0.0009103341567394752,2.6000000000127484e-07,1,[1],[6242]
724,78,288,1158,0.0009106641567394768,3.3000000000161806e-07,1,[1],[6167]
725,78,288,1158,0.0009119741567394832,1.3100000000064232e-06,1,[1],[6195]
726,78,288,1159,0.0009092924768085204,0.0009092924768085204,1,[1],[6321]
727,78,288,1159,0.0009096424768085221,3.500000000017161e-07,1,[1],[6300]
728,78,288,1159,0.0009099024768085234,2.6000000000127484e-07,1,[1],[6234]
729,78,288,1159,0.0009101524768085246,2.500000000012258e-07,1,[1],[6271]
730,78,288,1159,0.0009104124768085259,2.6000000000127484e-07,1,[1],[6131]
731,78,288,1159,0.0009107724768085277,3.6000000000176516e-07,1,[1],[6320]
732,78,288,1160,0.0009094126929127376,0.0009094126929127376,1,[1],[6316]
733,78,288,1160,0.0009097626929127393,3.500000000017161e-07,1,[1],[6335]
734,78,288,1160,0.0009100226929127406,2.6000000000127484e-07,1,[1],[6172]
735,78,288,1160,0.0009102726929127418,2.500000000012258e-07,1,[1],[6266]
736,78,288,1160,0.0009105426929127431,2.7000000000132387e-07,1,[1],[6201]
737,78,288,1160,0.0009109126929127449,3.700000000018142e-07,1,[1],[6264]
738,78,288,1161,0.0009095601120935678,0.0009095601120935678,1,[1],[6311]
739,78,288,1161,0.0009099101120935696,3.500000000017161e-07,1,[1],[6335]
740,78,288,1161,0.0009101701120935708,2.6000000000127484e-07,1,[1],[6166]
741,78,288,1161,0.0009104201120935721,2.500000000012258e-07,1,[1],[6308]
742,78,288,1161,0.0009106901120935734,2.7000000000132387e-07,1,[1],[6188]
743,78,288,1161,0.0009110601120935752,3.700000000018142e-07,1,[1],[6253]
744,78,288,1162,0.0009097109217274385,0.0009097109217274385,1,[1],[6354]
745,78,288,1162,0.0009100509217274402,3.400000000016671e-07,1,[1],[6235]
746,78,288,1162,0.0009103209217274415,2.7000000000132387e-07,1,[1],[6217]
747,78,288,1162,0.0009105709217274427,2.500000000012258e-07,1,[1],[6196]
748,78,288,1162,0.0009108509217274441,2.800000000013729e-07,1,[1],[6438]
749,78,288,1162,0.0009112209217274459,3.700000000018142e-07,1,[1],[6125]
750,78,288,1163,0.0009099012014054098,0.0009099012014054098,1,[1],[6330]
751,78,288,1163,0.0009102612014054115,3.6000000000176516e-07,1,[1],[6265]
752,78,288,1163,0.0009105312014054129,2.7000000000132387e-07,1,[1],[6216]
753,78,288,1163,0.0009108012014054142,2.7000000000132387e-07,1,[1],[6275]
754,78,288,1163,0.0009111112014054157,3.1000000000152e-07,1,[1],[6300]
755,78,288,1163,0.0009116012014054181,4.900000000024026e-07,1,[1],[6114]
756,78,288,1164,0.0009100386135099547,0.0009100386135099547,1,[1],[6255]
757,78,288,1164,0.0009104086135099565,3.700000000018142e-07,1,[1],[6346]
758,78,288,1164,0.0009106886135099579,2.800000000013729e-07,1,[1],[6245]
759,78,288,1164,0.0009109786135099593,2.9000000000142193e-07,1,[1],[6300]
760,78,288,1164,0.000911318613509961,3.400000000016671e-07,1,[1],[6124]
761,78,288,1164,0.000912138613509965,8.200000000040206e-07,1,[1],[6246]
762,78,288,1165,0.0009101372868320052,0.0009101372868320052,1,[1],[6257]
763,78,288,1165,0.000910497286832007,3.6000000000176516e-07,1,[1],[6267]
764,78,288,1165,0.0009107872868320084,2.9000000000142193e-07,1,[1],[6361]
765,78,288,1165,0.0009110772868320098,2.9000000000142193e-07,1,[1],[6305]
766,78,288,1165,0.0009114072868320114,3.3000000000161806e-07,1,[1],[6173]
767,78,288,1165,0.0009121072868320148,7.000000000034323e-07,1,[1],[6149]
768,78,288,1166,0.0009101756083277583,0.0009101756083277583,1,[1],[6299]
769,78,288,1166,0.00091052560832776,3.500000000017161e-07,1,[1],[6282]
770,78,288,1166,0.0009107956083277614,2.7000000000132387e-07,1,[1],[6226]
771,78,288,1166,0.0009110656083277627,2.7000000000132387e-07,1,[1],[6352]
772,78,288,1166,0.0009113556083277641,2.9000000000142193e-07,1,[1],[6138]
773,78,288,1166,0.0009118256083277664,4.700000000023045e-07,1,[1],[6227]
774,78,288,1167,0.0009102317063423912,0.0009102317063423912,1,[1],[6298]
775,78,288,1167,0.0009105817063423929,3.500000000017161e-07,1,[1],[6385]
776,78,288,1167,0.0009108417063423942,2.6000000000127484e-07,1,[1],[6101]
777,78,288,1167,0.0009110917063423954,2.500000000012258e-07,1,[1],[6240]
778,78,288,1167,0.0009113717063423968,2.800000000013729e-07,1,[1],[6301]
779,78,288,1167,0.0009117717063423988,4.000000000019613e-07,1,[1],[6240]
780,78,288,1168,0.0009103246440803956,0.0009103246440803956,1,[1],[6268]
781,78,288,1168,0.0009106846440803973,3.6000000000176516e-07,1,[1],[6311]
782,78,288,1168,0.0009109646440803987,2.800000000013729e-07,1,[1],[6346]
783,78,288,1168,0.0009112446440804001,2.800000000013729e-07,1,[1],[6103]
784,78,288,1168,0.0009115846440804018,3.400000000016671e-07,1,[1],[6234]
785,78,288,1168,0.0009123346440804054,7.500000000036774e-07,1,[1],[6262]
786,78,288,1169,0.0009103344774407107,0.0009103344774407107,2,"[1, 3]","[6271, 3]"
787,78,288,1169,0.0009106944774407125,3.6000000000176516e-07,2,"[1, 3]","[6240, 2]"
788,78,288,1169,0.0009109744774407139,2.800000000013729e-07,1,[1],[6337]
789,78,288,1169,0.0009112544774407152,2.800000000013729e-07,2,"[1, 3]","[6382, 2]"
790,78,288,1169,0.0009115544774407167,3.0000000000147097e-07,2,"[1, 3]","[6048, 2]"
791,78,288,1169,0.0009120744774407193,5.200000000025497e-07,2,"[1, 3]","[6224, 1]"
792,78,288,1170,0.0009103465682962306,0.0009103465682962306,2,"[1, 3]","[5974, 286]"
793,78,288,1170,0.0009106865682962323,3.400000000016671e-07,2,"[1, 3]","[6022, 306]"
794,78,288,1170,0.0009109465682962336,2.6000000000127484e-07,2,"[1, 3]","[5932, 308]"
795,78,288,1170,0.0009111865682962348,2.4000000000117677e-07,2,"[1, 3]","[5933, 286]"
796,78,288,1170,0.000911446568296236,2.6000000000127484e-07,2,"[1, 3]","[6052, 307]"
797,78,288,1170,0.0009117765682962376,3.3000000000161806e-07,2,"[1, 3]","[5791, 348]"
798,78,288,1170,0.0009127165682962423,9.40000000004609e-07,2,"[1, 3]","[5947, 262]"
799,78,288,1171,0.0009104010711656131,0.0009104010711656131,2,"[1, 3]","[5900, 474]"
800,78,288,1171,0.0009107310711656148,3.3000000000161806e-07,3,"[1, 2, 3]","[5700, 2, 491]"
801,78,288,1171,0.000910991071165616,2.6000000000127484e-07,3,"[1, 2, 3]","[5734, 3, 505]"
802,78,288,1171,0.0009112410711656173,2.500000000012258e-07,3,"[1, 2, 3]","[5775, 1, 489]"
803,78,288,1171,0.0009115210711656186,2.800000000013729e-07,2,"[1, 3]","[5783, 497]"
804,78,288,1171,0.0009118910711656204,3.700000000018142e-07,3,"[1, 2, 3]","[5720, 1, 472]"
805,78,288,1172,0.0009104160230609599,0.0009104160230609599,3,"[1, 2, 3]","[6040, 260, 6]"
806,78,288,1172,0.0009107660230609616,3.500000000017161e-07,3,"[1, 2, 3]","[6017, 252, 5]"
807,78,288,1172,0.0009110360230609629,2.7000000000132387e-07,3,"[1, 2, 3]","[5950, 247, 9]"
808,78,288,1172,0.0009113060230609642,2.7000000000132387e-07,3,"[1, 2, 3]","[5964, 300, 9]"
809,78,288,1172,0.0009116160230609658,3.1000000000152e-07,3,"[1, 2, 3]","[6076, 262, 11]"
810,78,288,1172,0.0009120960230609681,4.800000000023535e-07,3,"[1, 2, 3]","[5807, 303, 11]"
811,78,288,1173,0.0009103803740879294,0.0009103803740879294,2,"[1, 2]","[5932, 439]"
812,78,288,1173,0.000910720374087931,3.400000000016671e-07,2,"[1, 2]","[5825, 501]"
813,78,288,1173,0.0009109803740879323,2.6000000000127484e-07,2,"[1, 2]","[5494, 562]"
814,78,288,1173,0.0009112303740879336,2.500000000012258e-07,2,"[1, 2]","[5829, 526]"
815,78,288,1173,0.0009115003740879349,2.7000000000132387e-07,2,"[1, 2]","[5730, 562]"
816,78,288,1173,0.0009118603740879366,3.6000000000176516e-07,2,"[1, 2]","[5652, 571]"
817,78,288,1174,0.0009104526695996833,0.0009104526695996833,2,"[1, 2]","[6359, 17]"
818,78,288,1174,0.000910812669599685,3.6000000000176516e-07,2,"[1, 2]","[6119, 20]"
819,78,288,1174,0.0009111126695996865,3.0000000000147097e-07,2,"[1, 2]","[6354, 22]"
820,78,288,1174,0.0009114026695996879,2.9000000000142193e-07,2,"[1, 2]","[6163, 15]"
821,78,288,1174,0.0009117926695996899,3.9000000000191225e-07,2,"[1, 2]","[6270, 22]"
822,78,288,1175,0.0009104377657183749,0.0009104377657183749,1,[1],[6292]
823,78,288,1175,0.0009108077657183767,3.700000000018142e-07,1,[1],[6296]
824,78,288,1175,0.0009111077657183782,3.0000000000147097e-07,1,[1],[6280]
825,78,288,1175,0.0009114277657183798,3.2000000000156903e-07,1,[1],[6260]
826,78,288,1175,0.0009118577657183819,4.300000000021084e-07,1,[1],[6127]
827,78,288,1176,0.0009104011080538203,0.0009104011080538203,1,[1],[6361]
828,78,288,1176,0.0009107711080538221,3.700000000018142e-07,1,[1],[6239]
829,78,288,1176,0.0009110811080538236,3.1000000000152e-07,1,[1],[6348]
830,78,288,1176,0.0009113911080538251,3.1000000000152e-07,1,[1],[6114]
831,78,288,1176,0.0009118211080538272,4.300000000021084e-07,1,[1],[6191]
832,78,288,1177,0.0009103344896652111,0.0009103344896652111,1,[1],[6339]
833,78,288,1177,0.0009106944896652129,3.6000000000176516e-07,1,[1],[6243]
834,78,288,1177,0.0009109844896652143,2.9000000000142193e-07,1,[1],[6305]
835,78,288,1177,0.0009112744896652157,2.9000000000142193e-07,1,[1],[6218]
836,78,288,1177,0.0009116344896652175,3.6000000000176516e-07,1,[1],[6164]
837,78,288,1178,0.000910285159790934,0.000910285159790934,1,[1],[6353]
838,78,288,1178,0.0009106551597909358,3.700000000018142e-07,1,[1],[6292]
839,78,288,1178,0.0009109551597909373,3.0000000000147097e-07,1,[1],[6210]
840,78,288,1178,0.0009112551597909388,3.0000000000147097e-07,1,[1],[6242]
841,78,288,1178,0.0009116451597909407,3.9000000000191225e-07,1,[1],[6179]
842,78,288,1179,0.0009102563457207862,0.0009102563457207862,1,[1],[6293]
843,78,288,1179,0.0009106463457207881,3.9000000000191225e-07,1,[1],[6392]
844,78,288,1179,0.0009109563457207897,3.1000000000152e-07,1,[1],[6174]
845,78,288,1179,0.0009112963457207913,3.400000000016671e-07,1,[1],[6318]
846,78,288,1179,0.0009117963457207938,5.000000000024516e-07,1,[1],[6132]
847,78,288,1180,0.0009101871893571204,0.0009101871893571204,1,[1],[6356]
848,78,288,1180,0.0009105671893571223,3.800000000018632e-07,1,[1],[6335]
849,78,288,1180,0.0009108771893571238,3.1000000000152e-07,1,[1],[6242]
850,78,288,1180,0.0009111971893571253,3.2000000000156903e-07,1,[1],[6124]
851,78,288,1180,0.0009116771893571277,4.800000000023535e-07,1,[1],[6281]
852,78,288,1181,0.0009101408562170574,0.0009101408562170574,1,[1],[6353]
853,78,288,1181,0.0009105108562170592,3.700000000018142e-07,1,[1],[6297]
854,78,288,1181,0.0009108308562170607,3.2000000000156903e-07,1,[1],[6284]
855,78,288,1181,0.0009111708562170624,3.400000000016671e-07,1,[1],[6151]
856,78,288,1181,0.0009117308562170652,5.600000000027458e-07,1,[1],[6213]
857,78,288,1182,0.000910062892644336,0.000910062892644336,1,[1],[6350]
858,78,288,1182,0.000910452892644338,3.9000000000191225e-07,1,[1],[6250]
859,78,288,1182,0.0009107828926443396,3.3000000000161806e-07,1,[1],[6198]
860,78,288,1182,0.0009111528926443414,3.700000000018142e-07,1,[1],[6257]
861,78,288,1182,0.0009119328926443452,7.800000000038245e-07,1,[1],[6213]
862,78,288,1183,0.0009099494465899484,0.0009099494465899484,1,[1],[6337]
863,78,288,1183,0.0009103394465899503,3.9000000000191225e-07,1,[1],[6306]
864,78,288,1183,0.0009106594465899518,3.2000000000156903e-07,1,[1],[6110]
865,78,288,1183,0.0009110294465899537,3.700000000018142e-07,1,[1],[6341]
866,78,288,1183,0.0009116994465899569,6.700000000032852e-07,1,[1],[6201]
867,78,288,1184,0.0009098334278132761,0.0009098334278132761,1,[1],[6255]
868,78,288,1184,0.0009102334278132781,4.000000000019613e-07,1,[1],[6249]
869,78,288,1184,0.0009105734278132797,3.400000000016671e-07,1,[1],[6355]
870,78,288,1184,0.0009109434278132815,3.700000000018142e-07,1,[1],[6270]
871,78,288,1184,0.0009116834278132852,7.400000000036284e-07,1,[1],[6142]
872,78,288,1185,0.0009097561175795113,0.0009097561175795113,1,[1],[6320]
873,78,288,1185,0.0009101461175795132,3.9000000000191225e-07,1,[1],[6258]
874,78,288,1185,0.0009104761175795148,3.3000000000161806e-07,1,[1],[6345]
875,78,288,1185,0.0009108361175795166,3.6000000000176516e-07,1,[1],[6180]
876,78,288,1185,0.0009114961175795198,6.600000000032361e-07,1,[1],[6151]
877,78,288,1186,0.0009097106787172303,0.0009097106787172303,1,[1],[6310]
878,78,288,1186,0.0009100906787172322,3.800000000018632e-07,1,[1],[6254]
879,78,288,1186,0.0009104206787172338,3.3000000000161806e-07,1,[1],[6345]
880,78,288,1186,0.0009107706787172355,3.500000000017161e-07,1,[1],[6107]
881,78,288,1186,0.0009113906787172385,6.2000000000304e-07,1,[1],[6253]
882,78,288,1187,0.0009096581829606732,0.0009096581829606732,1,[1],[6283]
883,78,288,1187,0.0009100581829606752,4.000000000019613e-07,1,[1],[6307]
884,78,288,1187,0.0009103881829606768,3.3000000000161806e-07,1,[1],[6326]
885,78,288,1187,0.0009107481829606786,3.6000000000176516e-07,1,[1],[6095]
886,78,288,1187,0.0009114881829606822,7.400000000036284e-07,1,[1],[6244]
887,78,288,1188,0.0009099922432458605,0.0009099922432458605,1,[1],[6261]
888,78,288,1188,0.0009106722432458638,6.800000000033342e-07,1,[1],[6253]
