,event,pixel_x,pixel_y,reset_time,TSLR,nMCParticles,MC_TrackIDs,MC_Weights
0,25,238,1052,0.0010801995494973962,0.0010801995494973962,1,[7],[6261]
1,25,238,1052,0.0010878495494973507,7.649999999954568e-06,3,"[7, 30, 31]","[1115, 2780, 2348]"
2,25,238,1053,0.0010782007910214064,0.0010782007910214064,1,[7],[6265]
3,25,238,1053,0.0010786507910214038,4.4999999999732754e-07,1,[7],[6241]
4,25,238,1053,0.0010790007910214017,3.499999999979214e-07,1,[7],[6382]
5,25,238,1053,0.0010793107910213998,3.0999999999815897e-07,1,[7],[6160]
6,25,238,1053,0.0010796507910213978,3.399999999979808e-07,1,[7],[6244]
7,25,238,1053,0.001080110791021395,4.5999999999726815e-07,1,[7],[6244]
8,25,238,1053,0.001085530791021363,5.419999999967812e-06,3,"[7, 30, 31]","[4973, 641, 611]"
9,25,238,1053,0.001086540791021357,1.0099999999940018e-06,2,"[30, 31]","[2822, 3459]"
10,25,238,1053,0.0010871607910213532,6.199999999963179e-07,2,"[30, 31]","[2763, 3546]"
11,25,238,1053,0.001087880791021349,7.199999999957241e-07,2,"[30, 31]","[3192, 3009]"
12,25,238,1053,0.0010894907910213394,1.6099999999904385e-06,3,"[30, 31, 197]","[4951, 1263, 1]"
13,25,238,1054,0.001077732534278126,0.001077732534278126,1,[7],[6260]
14,25,238,1054,0.0010784425342781217,7.099999999957834e-07,1,[7],[6303]
15,25,238,1054,0.001079222534278117,7.799999999953677e-07,1,[7],[6224]
16,25,238,1054,0.001088162534278064,8.939999999946907e-06,3,"[7, 30, 31]","[3935, 1052, 1231]"
17,25,239,1053,0.0010781711323306616,0.0010781711323306616,1,[7],[6312]
18,25,239,1053,0.0010787911323306579,6.199999999963179e-07,1,[7],[6235]
19,25,239,1053,0.0010794011323306543,6.099999999963773e-07,1,[7],[6265]
20,25,239,1053,0.0010850611323306206,5.659999999966386e-06,3,"[7, 30, 31]","[6101, 40, 50]"
21,25,239,1053,0.0010873211323306072,2.2599999999865783e-06,2,"[30, 31]","[2774, 3516]"
22,25,239,1053,0.0010885811323305997,1.259999999992517e-06,2,"[30, 31]","[4708, 1507]"
23,25,239,1053,0.0010898311323305923,1.2499999999925765e-06,3,"[30, 31, 197]","[6167, 101, 3]"
24,25,239,1053,0.0010911611323305844,1.3299999999921014e-06,3,"[30, 197, 200]","[6178, 43, 4]"
25,25,239,1054,0.001076787356444726,0.001076787356444726,1,[7],[6333]
26,25,239,1054,0.0010772073564447235,4.199999999975057e-07,1,[7],[6174]
27,25,239,1054,0.0010775573564447214,3.499999999979214e-07,1,[7],[6454]
28,25,239,1054,0.0010778773564447195,3.199999999980996e-07,1,[7],[6219]
29,25,239,1054,0.0010782173564447175,3.399999999979808e-07,1,[7],[6185]
30,25,239,1054,0.001078627356444715,4.099999999975651e-07,1,[7],[6164]
31,25,239,1054,0.0010794073564447104,7.799999999953677e-07,1,[7],[6248]
32,25,239,1054,0.0010899873564446476,1.0579999999937167e-05,4,"[7, 30, 31, 197]","[2020, 3626, 577, 3]"
33,25,239,1054,0.0010918273564446367,1.8399999999890726e-06,3,"[30, 197, 200]","[6179, 84, 3]"
34,25,239,1054,0.0010935073564446267,1.6799999999900228e-06,3,"[30, 197, 200]","[6215, 18, 1]"
35,25,239,1055,0.0010762138773764793,0.0010762138773764793,1,[7],[6380]
36,25,239,1055,0.0010766338773764768,4.199999999975057e-07,1,[7],[6272]
37,25,239,1055,0.0010769738773764748,3.399999999979808e-07,1,[7],[6132]
38,25,239,1055,0.0010773238773764727,3.499999999979214e-07,1,[7],[6348]
39,25,239,1055,0.0010777338773764703,4.099999999975651e-07,1,[7],[6168]
40,25,239,1055,0.001078613877376465,8.799999999947739e-07,1,[7],[6209]
41,25,239,1056,0.0010764614006237771,0.0010764614006237771,2,"[7, 27]","[6272, 9]"
42,25,239,1056,0.0010781014006237674,1.6399999999902604e-06,2,"[7, 27]","[6217, 3]"
43,25,240,1054,0.0010913392236390404,0.0010913392236390404,4,"[7, 30, 31, 197]","[4745, 1496, 2, 13]"
44,25,240,1054,0.0010932392236390291,1.8999999999887163e-06,2,"[30, 197]","[6251, 11]"
45,25,240,1054,0.0010944992236390217,1.259999999992517e-06,1,[30],[6259]
46,25,240,1054,0.0010968792236390075,2.3799999999858656e-06,2,"[30, 33]","[6209, 21]"
47,25,240,1055,0.001076194249279014,0.001076194249279014,2,"[7, 27]","[6302, 6]"
48,25,240,1055,0.0010767742492790106,5.799999999965555e-07,1,[7],[6210]
49,25,240,1055,0.0010774242492790067,6.499999999961398e-07,1,[7],[6319]
50,25,240,1055,0.0010939142492789088,1.648999999990207e-05,2,"[7, 30]","[4028, 2146]"
51,25,240,1055,0.0010955242492788992,1.6099999999904385e-06,2,"[30, 33]","[6210, 57]"
52,25,240,1055,0.0010965942492788929,1.0699999999936455e-06,2,"[30, 33]","[5682, 591]"
53,25,240,1055,0.001097744249278886,1.1499999999931704e-06,2,"[30, 33]","[4608, 1626]"
54,25,240,1056,0.0010753830184356697,0.0010753830184356697,2,"[7, 27]","[5930, 334]"
55,25,240,1056,0.0010758030184356672,4.199999999975057e-07,2,"[7, 27]","[6136, 170]"
56,25,240,1056,0.0010761330184356653,3.299999999980402e-07,2,"[7, 27]","[6085, 112]"
57,25,240,1056,0.0010764630184356633,3.299999999980402e-07,2,"[7, 27]","[6262, 97]"
58,25,240,1056,0.001076843018435661,3.7999999999774325e-07,2,"[7, 27]","[6172, 58]"
59,25,240,1056,0.0010775630184356568,7.199999999957241e-07,2,"[7, 27]","[6133, 22]"
60,25,240,1056,0.0010980230184355353,2.0459999999878492e-05,4,"[7, 27, 30, 33]","[1530, 2, 2566, 2146]"
61,25,240,1057,0.0010752174544863848,0.0010752174544863848,2,"[7, 27]","[5445, 878]"
62,25,240,1057,0.0010757474544863816,5.299999999968524e-07,2,"[7, 27]","[5515, 761]"
63,25,240,1057,0.0010762974544863784,5.499999999967337e-07,2,"[7, 27]","[5539, 678]"
64,25,240,1057,0.0011008674544862325,2.4569999999854084e-05,4,"[7, 27, 30, 33]","[5118, 502, 526, 38]"
65,25,241,1055,0.0010964479295521188,0.0010964479295521188,4,"[7, 27, 30, 33]","[727, 7, 3271, 2280]"
66,25,241,1055,0.0010971979295521144,7.499999999955459e-07,2,"[30, 33]","[2353, 3880]"
67,25,241,1055,0.00109792792955211,7.299999999956647e-07,2,"[30, 33]","[2565, 3677]"
68,25,241,1055,0.0010993879295521014,1.4599999999913293e-06,2,"[30, 33]","[3956, 2284]"
69,25,241,1056,0.001076124791694278,0.001076124791694278,2,"[7, 27]","[5569, 684]"
70,25,241,1056,0.0010964547916941572,2.0329999999879264e-05,4,"[7, 27, 30, 33]","[3330, 218, 388, 2318]"
71,25,241,1056,0.0010975347916941508,1.079999999993586e-06,2,"[30, 33]","[1446, 4829]"
72,25,241,1056,0.0010985947916941445,1.0599999999937049e-06,2,"[30, 33]","[3697, 2547]"
73,25,241,1056,0.0010996347916941384,1.0399999999938236e-06,2,"[30, 33]","[5967, 301]"
74,25,241,1056,0.001100704791694132,1.0699999999936455e-06,2,"[30, 33]","[6238, 6]"
75,25,241,1057,0.0010747468265377227,0.0010747468265377227,2,"[7, 27]","[5889, 415]"
76,25,241,1057,0.00107518682653772,4.399999999973869e-07,2,"[7, 27]","[5722, 499]"
77,25,241,1057,0.001075556826537718,3.6999999999780264e-07,2,"[7, 27]","[5707, 578]"
78,25,241,1057,0.0010759568265377155,3.999999999976245e-07,2,"[7, 27]","[5708, 609]"
79,25,241,1057,0.001076536826537712,5.799999999965555e-07,2,"[7, 27]","[5524, 630]"
80,25,241,1057,0.0011003868265375704,2.384999999985836e-05,4,"[7, 27, 30, 33]","[2478, 303, 3312, 153]"
81,25,241,1057,0.0011019268265375613,1.5399999999908542e-06,1,[30],[6249]
82,25,241,1058,0.0010744414634489962,0.0010744414634489962,4,"[7, 25, 26, 27]","[6192, 1, 48, 9]"
83,25,241,1058,0.0010749214634489933,4.799999999971494e-07,3,"[7, 26, 27]","[6300, 17, 29]"
84,25,241,1058,0.0010753414634489908,4.199999999975057e-07,4,"[7, 25, 26, 27]","[6235, 1, 12, 38]"
85,25,241,1058,0.0010758814634489876,5.39999999996793e-07,3,"[7, 26, 27]","[6108, 5, 60]"
86,25,241,1058,0.0011043114634488188,2.842999999983116e-05,4,"[7, 26, 27, 30]","[4028, 2, 68, 2097]"
87,25,241,1059,0.0010750533952313677,0.0010750533952313677,3,"[7, 25, 26]","[5777, 111, 384]"
88,25,242,1056,0.0011024954715027294,0.0011024954715027294,4,"[7, 27, 30, 33]","[139, 17, 4944, 1157]"
89,25,242,1057,0.0011010354757794865,0.0011010354757794865,4,"[7, 27, 30, 33]","[3520, 66, 2664, 18]"
90,25,242,1057,0.0011023954757794785,1.3599999999919232e-06,1,[30],[6280]
91,25,242,1057,0.0011035954757794713,1.1999999999928734e-06,1,[30],[6205]
92,25,242,1058,0.0010744520863130804,0.0010744520863130804,3,"[7, 25, 26]","[6047, 37, 246]"
93,25,242,1058,0.0010750620863130768,6.099999999963773e-07,4,"[7, 25, 26, 27]","[6062, 12, 172, 2]"
94,25,242,1058,0.0010759620863130715,8.999999999946551e-07,4,"[7, 25, 26, 27]","[6070, 5, 119, 2]"
95,25,242,1058,0.001103492086312908,2.7529999999836505e-05,4,"[7, 26, 27, 30]","[1317, 20, 2, 4924]"
96,25,242,1058,0.0011047220863129007,1.2299999999926953e-06,1,[30],[6252]
97,25,242,1058,0.0011059620863128933,1.2399999999926359e-06,1,[30],[6243]
98,25,242,1059,0.0010737128346359856,0.0010737128346359856,3,"[7, 25, 26]","[4883, 892, 518]"
99,25,242,1059,0.0010741228346359832,4.099999999975651e-07,3,"[7, 25, 26]","[5076, 631, 605]"
100,25,242,1059,0.0010744428346359813,3.199999999980996e-07,3,"[7, 25, 26]","[5157, 496, 644]"
101,25,242,1059,0.0010747628346359794,3.199999999980996e-07,3,"[7, 25, 26]","[5079, 436, 664]"
102,25,242,1059,0.001075152834635977,3.8999999999768387e-07,3,"[7, 25, 26]","[5249, 351, 683]"
103,25,242,1059,0.0010759828346359722,8.299999999950708e-07,3,"[7, 25, 26]","[5221, 200, 727]"
104,25,242,1060,0.0010735736385548012,0.0010735736385548012,4,"[7, 24, 25, 26]","[5443, 1, 768, 52]"
105,25,242,1060,0.001074103638554798,5.299999999968524e-07,3,"[7, 25, 26]","[5321, 860, 112]"
106,25,242,1060,0.0010746436385547949,5.39999999996793e-07,3,"[7, 25, 26]","[5250, 872, 161]"
107,25,242,1061,0.001074435583076371,0.001074435583076371,4,"[7, 24, 25, 26]","[6196, 28, 30, 1]"
108,25,243,1058,0.0011057556887821797,0.0011057556887821797,5,"[7, 25, 26, 30, 37]","[722, 32, 98, 5403, 3]"
109,25,243,1058,0.0011070656887821719,1.3099999999922202e-06,2,"[30, 37]","[5904, 381]"
110,25,243,1058,0.0011081856887821652,1.1199999999933485e-06,2,"[30, 37]","[4725, 1482]"
111,25,243,1059,0.001074722903490667,0.001074722903490667,3,"[7, 25, 26]","[4682, 1180, 415]"
112,25,243,1059,0.001106892903490476,3.216999999980895e-05,5,"[7, 25, 26, 30, 37]","[1915, 292, 273, 3349, 398]"
113,25,243,1059,0.0011079429034904697,1.0499999999937643e-06,2,"[30, 37]","[4058, 2192]"
114,25,243,1059,0.0011088829034904641,9.399999999944175e-07,2,"[30, 37]","[4134, 2130]"
115,25,243,1059,0.001111782903490447,2.8999999999827775e-06,3,"[30, 37, 134]","[5707, 523, 2]"
116,25,243,1060,0.0010734230918936457,0.0010734230918936457,4,"[7, 24, 25, 26]","[5977, 2, 285, 4]"
117,25,243,1060,0.001074033091893642,6.099999999963773e-07,3,"[7, 25, 26]","[5816, 415, 23]"
118,25,243,1060,0.0010748230918936374,7.899999999953083e-07,3,"[7, 25, 26]","[5661, 562, 51]"
119,25,243,1061,0.0010725327800943975,0.0010725327800943975,2,"[7, 24]","[5845, 420]"
120,25,243,1061,0.0010730127800943946,4.799999999971494e-07,2,"[7, 24]","[6025, 256]"
121,25,243,1061,0.0010734127800943922,3.999999999976245e-07,3,"[7, 24, 25]","[6061, 168, 4]"
122,25,243,1061,0.0010738827800943894,4.6999999999720876e-07,3,"[7, 24, 25]","[6173, 98, 5]"
123,25,243,1061,0.001075132780094382,1.2499999999925765e-06,3,"[7, 24, 25]","[6126, 47, 23]"
124,25,243,1062,0.0010720507751122313,0.0010720507751122313,2,"[7, 24]","[5619, 666]"
125,25,243,1062,0.0010725807751122282,5.299999999968524e-07,2,"[7, 24]","[5426, 853]"
126,25,243,1062,0.0010730707751122252,4.8999999999709e-07,2,"[7, 24]","[5414, 836]"
127,25,243,1062,0.0010738407751122207,7.699999999954271e-07,2,"[7, 24]","[5471, 722]"
128,25,243,1063,0.0010730983205107614,0.0010730983205107614,2,"[7, 24]","[6104, 150]"
129,25,244,1059,0.0011089419886081255,0.0011089419886081255,5,"[7, 25, 26, 30, 37]","[41, 7, 4, 4351, 1856]"
130,25,244,1059,0.0011100919886081187,1.1499999999931704e-06,3,"[30, 37, 134]","[6077, 182, 1]"
131,25,244,1059,0.0011111119886081126,1.0199999999939424e-06,3,"[30, 37, 134]","[6247, 7, 3]"
132,25,244,1059,0.001112551988608104,1.4399999999914481e-06,2,"[30, 134]","[6232, 12]"
133,25,244,1060,0.0011117927037089445,0.0011117927037089445,6,"[7, 24, 25, 30, 37, 134]","[791, 3, 13, 5351, 97, 6]"
134,25,244,1061,0.0010744132904534217,0.0010744132904534217,2,"[7, 24]","[5612, 641]"
135,25,244,1062,0.0010717959230060934,0.0010717959230060934,2,"[7, 24]","[6009, 254]"
136,25,244,1062,0.0010724259230060896,6.299999999962586e-07,2,"[7, 24]","[5773, 549]"
137,25,244,1062,0.0010731659230060852,7.399999999956053e-07,2,"[7, 24]","[5437, 784]"
138,25,244,1062,0.0011142459230058413,4.1079999999756034e-05,4,"[7, 24, 30, 151]","[2832, 453, 4, 2918]"
139,25,244,1062,0.001115285923005835,1.0399999999938236e-06,1,[151],[6269]
140,25,244,1063,0.0010707315565499232,0.0010707315565499232,1,[7],[6262]
141,25,244,1063,0.00107127155654992,5.39999999996793e-07,2,"[7, 24]","[6290, 5]"
142,25,244,1063,0.0010717515565499172,4.799999999971494e-07,2,"[7, 24]","[6299, 11]"
143,25,244,1063,0.0010723415565499137,5.899999999964961e-07,2,"[7, 24]","[6172, 41]"
144,25,244,1063,0.0011144415565496636,4.2099999999749976e-05,3,"[7, 24, 151]","[4502, 104, 1573]"
145,25,244,1064,0.0010704365284604591,0.0010704365284604591,2,"[7, 23]","[6267, 7]"
146,25,244,1064,0.001071456528460453,1.0199999999939424e-06,1,[7],[6252]
147,25,245,1059,0.0011126089798768192,0.0011126089798768192,4,"[30, 37, 134, 146]","[6248, 6, 5, 9]"
148,25,245,1060,0.0011123450638871291,0.0011123450638871291,4,"[7, 30, 112, 134]","[1, 6304, 1, 2]"
149,25,245,1060,0.0011130650638871249,7.199999999957241e-07,1,[30],[6254]
150,25,245,1060,0.0011140050638871193,9.399999999944175e-07,3,"[30, 60, 151]","[6199, 1, 1]"
151,25,245,1061,0.0011140228414858277,0.0011140228414858277,6,"[7, 24, 30, 60, 112, 151]","[25, 12, 6045, 1, 11, 158]"
152,25,245,1062,0.0011148288696978103,0.0011148288696978103,5,"[7, 24, 30, 112, 151]","[924, 23, 154, 1, 5199]"
153,25,245,1062,0.0011163288696978014,1.4999999999910918e-06,2,"[30, 151]","[5, 6194]"
154,25,245,1063,0.001071349082120219,0.001071349082120219,2,"[7, 23]","[6260, 1]"
155,25,245,1063,0.001117129082119947,4.577999999972812e-05,3,"[7, 24, 151]","[2858, 1, 3380]"
156,25,245,1064,0.001069404413135902,0.001069404413135902,2,"[7, 23]","[5843, 454]"
157,25,245,1064,0.0010699844131358985,5.799999999965555e-07,2,"[7, 23]","[6124, 97]"
158,25,245,1064,0.001070554413135895,5.699999999966149e-07,2,"[7, 23]","[6298, 40]"
159,25,245,1064,0.00107142441313589,8.699999999948332e-07,2,"[7, 23]","[6146, 5]"
160,25,245,1065,0.0010684619013138386,0.0010684619013138386,2,"[7, 23]","[4447, 1835]"
161,25,245,1065,0.0010689819013138355,5.199999999969118e-07,2,"[7, 23]","[4613, 1671]"
162,25,245,1065,0.0010694519013138327,4.6999999999720876e-07,2,"[7, 23]","[4887, 1353]"
163,25,245,1065,0.001070061901313829,6.099999999963773e-07,2,"[7, 23]","[5273, 964]"
164,25,245,1066,0.0010691975605878568,0.0010691975605878568,2,"[7, 23]","[5196, 1063]"
165,25,246,1060,0.0011140061919066263,0.0011140061919066263,3,"[30, 60, 112]","[6133, 12, 118]"
166,25,246,1061,0.0011133275835746475,0.0011133275835746475,4,"[30, 60, 112, 113]","[5395, 3, 899, 3]"
167,25,246,1065,0.0010682006910932825,0.0010682006910932825,2,"[7, 23]","[4753, 1517]"
168,25,246,1065,0.001068790691093279,5.899999999964961e-07,2,"[7, 23]","[3930, 2307]"
169,25,246,1065,0.0010693706910932755,5.799999999965555e-07,2,"[7, 23]","[3807, 2438]"
170,25,246,1066,0.0010671546905005032,0.0010671546905005032,2,"[7, 23]","[6286, 15]"
171,25,246,1066,0.0010677246905004998,5.699999999966149e-07,2,"[7, 23]","[6112, 102]"
172,25,246,1066,0.0010682646905004966,5.39999999996793e-07,2,"[7, 23]","[5942, 293]"
173,25,246,1066,0.001069024690500492,7.599999999954865e-07,2,"[7, 23]","[5494, 772]"
174,25,246,1067,0.001066830329887032,0.001066830329887032,1,[7],[6272]
175,25,246,1067,0.0010681203298870243,1.289999999992339e-06,2,"[7, 23]","[6255, 1]"
176,25,247,1066,0.0010679179697859163,0.0010679179697859163,2,"[7, 23]","[6260, 2]"
177,25,247,1067,0.0010658142734965334,0.0010658142734965334,1,[7],[6337]
178,25,247,1067,0.0010664442734965296,6.299999999962586e-07,1,[7],[6207]
179,25,247,1067,0.0010671242734965256,6.799999999959616e-07,1,[7],[6293]
180,25,247,1068,0.0010649781509706679,0.0010649781509706679,1,[7],[6268]
181,25,247,1068,0.001065628150970664,6.499999999961398e-07,1,[7],[6270]
182,25,247,1068,0.0010663281509706599,6.999999999958428e-07,1,[7],[6236]
183,25,247,1069,0.0010656312209568176,0.0010656312209568176,1,[7],[6250]
184,25,248,1068,0.001064783493283709,0.001064783493283709,1,[7],[6305]
185,25,248,1068,0.001065773493283703,9.899999999941206e-07,1,[7],[6247]
186,25,248,1069,0.001063526633446032,0.001063526633446032,1,[7],[6271]
187,25,248,1069,0.0010641166334460284,5.899999999964961e-07,1,[7],[6294]
188,25,248,1069,0.0010646666334460252,5.499999999967337e-07,1,[7],[6211]
189,25,248,1069,0.0010656166334460195,9.499999999943581e-07,1,[7],[6244]
190,25,248,1070,0.0010631303480371742,0.0010631303480371742,2,"[7, 22]","[6205, 126]"
191,25,248,1070,0.0010640903480371685,9.599999999942987e-07,2,"[7, 22]","[6196, 5]"
192,25,249,1069,0.001064999313366514,0.001064999313366514,2,"[7, 22]","[6240, 10]"
193,25,249,1070,0.0010621386504958024,0.0010621386504958024,2,"[7, 22]","[4664, 1648]"
194,25,249,1070,0.0010627686504957987,6.299999999962586e-07,2,"[7, 22]","[5610, 660]"
195,25,249,1070,0.0010634086504957949,6.399999999961992e-07,2,"[7, 22]","[5924, 274]"
196,25,249,1071,0.0010613452248022276,0.0010613452248022276,2,"[7, 22]","[4742, 1538]"
197,25,249,1071,0.0010618552248022246,5.099999999969712e-07,2,"[7, 22]","[4595, 1760]"
198,25,249,1071,0.001062295224802222,4.399999999973869e-07,2,"[7, 22]","[4492, 1736]"
199,25,249,1071,0.0010628352248022188,5.39999999996793e-07,2,"[7, 22]","[4764, 1429]"
200,25,249,1072,0.0010618387243155527,0.0010618387243155527,2,"[7, 22]","[6061, 214]"
201,25,250,1071,0.001061461132813498,0.001061461132813498,2,"[7, 22]","[5508, 814]"
202,25,250,1071,0.0010623911328134924,9.299999999944769e-07,2,"[7, 22]","[4793, 1404]"
203,25,250,1072,0.0010603389935536446,0.0010603389935536446,2,"[7, 22]","[6248, 3]"
204,25,250,1072,0.0010608989935536413,5.599999999966743e-07,2,"[7, 22]","[6262, 16]"
205,25,250,1072,0.001061448993553638,5.499999999967337e-07,2,"[7, 22]","[6273, 29]"
206,25,250,1072,0.0010625689935536314,1.1199999999933485e-06,2,"[7, 22]","[6088, 96]"
207,25,250,1073,0.0010599371639882955,0.0010599371639882955,1,[7],[6267]
208,25,250,1073,0.0010607271639882909,7.899999999953083e-07,1,[7],[6293]
209,25,251,1073,0.0010595352758216619,0.0010595352758216619,1,[7],[6298]
210,25,251,1073,0.0010603252758216572,7.899999999953083e-07,1,[7],[6222]
211,25,251,1074,0.0010585776373024706,0.0010585776373024706,1,[7],[6269]
212,25,251,1074,0.001059177637302467,5.999999999964367e-07,1,[7],[6251]
213,25,251,1074,0.001059847637302463,6.69999999996021e-07,1,[7],[6258]
214,25,251,1075,0.0010583641348356082,0.0010583641348356082,1,[7],[6301]
215,25,251,1075,0.0010603841348355962,2.0199999999880036e-06,1,[7],[6201]
216,25,252,1074,0.0010595869157504969,0.0010595869157504969,1,[7],[6260]
217,25,252,1075,0.001057568468135101,0.001057568468135101,1,[7],[6318]
218,25,252,1075,0.001058248468135097,6.799999999959616e-07,1,[7],[6198]
219,25,252,1075,0.0010593384681350905,1.0899999999935267e-06,1,[7],[6243]
220,25,252,1076,0.0010567078523640824,0.0010567078523640824,1,[7],[6283]
221,25,252,1076,0.0010573778523640784,6.69999999996021e-07,1,[7],[6251]
222,25,252,1076,0.0010581878523640736,8.099999999951896e-07,1,[7],[6250]
223,25,252,1077,0.0010568422984060188,0.0010568422984060188,1,[7],[6256]
224,25,253,1076,0.001056995241591548,0.001056995241591548,1,[7],[6289]
225,25,253,1077,0.0010554105981942844,0.0010554105981942844,2,"[7, 21]","[6303, 6]"
226,25,253,1077,0.0010560405981942806,6.299999999962586e-07,2,"[7, 21]","[6236, 1]"
227,25,253,1077,0.0010567305981942765,6.899999999959022e-07,1,[7],[6239]
228,25,253,1078,0.001054696126852297,0.001054696126852297,2,"[7, 21]","[5824, 498]"
229,25,253,1078,0.0010554061268522928,7.099999999957834e-07,2,"[7, 21]","[5972, 230]"
230,25,253,1078,0.0010564961268522864,1.0899999999935267e-06,2,"[7, 21]","[6152, 83]"
231,25,253,1079,0.0010553483736858928,0.0010553483736858928,2,"[7, 21]","[5284, 967]"
232,25,254,1078,0.0010543153005992908,0.0010543153005992908,2,"[7, 21]","[5186, 1126]"
233,25,254,1078,0.0010550953005992862,7.799999999953677e-07,2,"[7, 21]","[5155, 1045]"
234,25,254,1079,0.0010531702809517063,0.0010531702809517063,2,"[7, 21]","[6118, 148]"
235,25,254,1079,0.001053720280951703,5.499999999967337e-07,2,"[7, 21]","[5851, 402]"
236,25,254,1079,0.0010542102809517001,4.8999999999709e-07,2,"[7, 21]","[5584, 755]"
237,25,254,1079,0.0010548002809516966,5.899999999964961e-07,2,"[7, 21]","[5061, 1151]"
238,25,254,1080,0.0010527067784375213,0.0010527067784375213,2,"[7, 21]","[6295, 1]"
239,25,254,1080,0.0010536367784375158,9.299999999944769e-07,2,"[7, 21]","[6196, 10]"
240,25,255,1079,0.0010546201607732494,0.0010546201607732494,2,"[7, 21]","[6074, 177]"
241,25,255,1080,0.0010520542133661429,0.0010520542133661429,1,[7],[6276]
242,25,255,1080,0.0010528342133661382,7.799999999953677e-07,1,[7],[6295]
243,25,255,1080,0.00105423421336613,1.3999999999916857e-06,2,"[7, 21]","[6181, 3]"
244,25,255,1081,0.0010509320439495765,0.0010509320439495765,1,[7],[6298]
245,25,255,1081,0.0010515820439495726,6.499999999961398e-07,1,[7],[6206]
246,25,255,1081,0.0010522920439495684,7.099999999957834e-07,1,[7],[6268]
247,25,255,1082,0.0010506245174126514,0.0010506245174126514,1,[7],[6289]
248,25,256,1081,0.0010515217049977623,0.0010515217049977623,1,[7],[6258]
249,25,256,1082,0.0010495393977165075,0.0010495393977165075,2,"[7, 20]","[6273, 22]"
250,25,256,1082,0.0010502193977165034,6.799999999959616e-07,2,"[7, 20]","[6254, 2]"
251,25,256,1082,0.0010510493977164985,8.299999999950708e-07,1,[7],[6218]
252,25,256,1083,0.0010484966148843506,0.0010484966148843506,2,"[7, 20]","[5518, 769]"
253,25,256,1083,0.0010491366148843468,6.399999999961992e-07,2,"[7, 20]","[5770, 461]"
254,25,256,1083,0.0010498666148843424,7.299999999956647e-07,2,"[7, 20]","[5992, 241]"
255,25,256,1084,0.0010484007608703946,0.0010484007608703946,2,"[7, 20]","[5593, 694]"
256,25,257,1083,0.001048541856546051,0.001048541856546051,2,"[7, 20]","[5293, 1014]"
257,25,257,1083,0.0010501518565460414,1.6099999999904385e-06,2,"[7, 20]","[5248, 949]"
258,25,257,1084,0.0010469556724028212,0.0010469556724028212,2,"[7, 20]","[6219, 40]"
259,25,257,1084,0.001047645672402817,6.899999999959022e-07,2,"[7, 20]","[6054, 231]"
260,25,257,1084,0.0010483556724028128,7.099999999957834e-07,2,"[7, 20]","[5647, 627]"
261,25,257,1085,0.0010459810406167336,0.0010459810406167336,1,[7],[6304]
262,25,257,1085,0.0010467810406167288,7.99999999995249e-07,2,"[7, 20]","[6209, 1]"
263,25,257,1085,0.001048101040616721,1.3199999999921608e-06,2,"[7, 20]","[6225, 12]"
264,25,257,1086,0.0010462460385712794,0.0010462460385712794,1,[7],[6270]
265,25,258,1085,0.0010459075388750726,0.0010459075388750726,1,[7],[6291]
266,25,258,1086,0.0010441650725788083,0.0010441650725788083,1,[7],[6310]
267,25,258,1086,0.0010449150725788039,7.499999999955459e-07,1,[7],[6236]
268,25,258,1086,0.001045905072578798,9.899999999941206e-07,1,[7],[6232]
269,25,258,1087,0.0010429176434932435,0.0010429176434932435,1,[7],[6283]
270,25,258,1087,0.0010437776434932384,8.599999999948926e-07,1,[7],[6258]
271,25,258,1087,0.001045367643493229,1.5899999999905573e-06,1,[7],[6222]
272,25,258,1088,0.001042535221527441,0.001042535221527441,1,[7],[6251]
273,25,259,1087,0.0010427238294625032,0.0010427238294625032,1,[7],[6294]
274,25,259,1087,0.0010443238294624937,1.599999999990498e-06,1,[7],[6223]
275,25,259,1088,0.001040894305830305,0.001040894305830305,1,[7],[6317]
276,25,259,1088,0.0010415943058303008,6.999999999958428e-07,1,[7],[6305]
277,25,259,1088,0.0010422843058302967,6.899999999959022e-07,1,[7],[6166]
278,25,259,1088,0.001044094305830286,1.8099999999892508e-06,1,[7],[6214]
279,25,259,1089,0.0010395754457035594,0.0010395754457035594,2,"[7, 19]","[6276, 24]"
280,25,259,1089,0.0010402754457035552,6.999999999958428e-07,1,[7],[6260]
281,25,259,1089,0.0010409654457035511,6.899999999959022e-07,1,[7],[6195]
282,25,259,1090,0.0010387304647980777,0.0010387304647980777,4,"[7, 17, 18, 19]","[5358, 2, 55, 880]"
283,25,259,1090,0.0010401404647980693,1.4099999999916263e-06,2,"[7, 19]","[6173, 47]"
284,25,260,1089,0.0010398928378822208,0.0010398928378822208,3,"[7, 18, 19]","[6026, 2, 238]"
285,25,260,1090,0.0010371585720241835,0.0010371585720241835,4,"[7, 17, 18, 19]","[2360, 125, 504, 3352]"
286,25,260,1090,0.0010376985720241803,5.39999999996793e-07,4,"[7, 17, 18, 19]","[2907, 42, 172, 3040]"
287,25,260,1090,0.0010381985720241773,4.999999999970306e-07,4,"[7, 17, 18, 19]","[3791, 15, 95, 2454]"
288,25,260,1090,0.0010387285720241742,5.299999999968524e-07,4,"[7, 17, 18, 19]","[4699, 7, 25, 1429]"
289,25,260,1090,0.001039598572024169,8.699999999948332e-07,4,"[7, 17, 18, 19]","[5742, 1, 4, 515]"
290,25,260,1091,0.0010361719234097955,0.0010361719234097955,4,"[7, 17, 18, 19]","[4182, 866, 746, 478]"
291,25,260,1091,0.0010366319234097927,4.5999999999726815e-07,4,"[7, 17, 18, 19]","[3236, 954, 1094, 1072]"
292,25,260,1091,0.0010369719234097907,3.399999999979808e-07,4,"[7, 17, 18, 19]","[2908, 802, 1051, 1471]"
293,25,260,1091,0.0010372819234097889,3.0999999999815897e-07,4,"[7, 17, 18, 19]","[2824, 676, 858, 1812]"
294,25,260,1091,0.001037601923409787,3.199999999980996e-07,4,"[7, 17, 18, 19]","[2895, 506, 807, 2013]"
295,25,260,1091,0.0010380019234097846,3.999999999976245e-07,4,"[7, 17, 18, 19]","[3071, 376, 677, 2196]"
296,25,260,1091,0.0010387019234097804,6.999999999958428e-07,4,"[7, 17, 18, 19]","[3516, 187, 389, 2087]"
297,25,260,1092,0.00103539978962165,0.00103539978962165,4,"[7, 17, 18, 19]","[6242, 53, 12, 4]"
298,25,260,1092,0.0010363197896216445,9.199999999945363e-07,4,"[7, 17, 18, 19]","[5564, 462, 137, 32]"
299,25,260,1092,0.001037749789621636,1.4299999999915075e-06,4,"[7, 17, 18, 19]","[4263, 1208, 528, 257]"
300,25,260,1093,0.0010356133162633758,0.0010356133162633758,2,"[7, 17]","[6257, 2]"
301,25,261,1091,0.0010369692014559077,0.0010369692014559077,4,"[7, 17, 18, 19]","[3882, 950, 716, 732]"
302,25,261,1092,0.0010350147464769303,0.0010350147464769303,2,"[7, 17]","[6300, 7]"
303,25,261,1092,0.0010361447464769236,1.1299999999932892e-06,4,"[7, 17, 18, 19]","[6035, 135, 30, 3]"
304,25,261,1093,0.0010332472292252741,0.0010332472292252741,2,"[7, 16]","[6250, 3]"
305,25,261,1093,0.0010339972292252697,7.499999999955459e-07,1,[7],[6279]
306,25,261,1093,0.0010348172292252648,8.199999999951302e-07,1,[7],[6255]
307,25,261,1094,0.0010318332238186967,0.0010318332238186967,2,"[7, 16]","[5566, 704]"
308,25,261,1094,0.001032603223818692,7.699999999954271e-07,2,"[7, 16]","[6125, 129]"
309,25,261,1094,0.001033463223818687,8.599999999948926e-07,2,"[7, 16]","[6229, 12]"
310,25,261,1095,0.001030938606132718,0.001030938606132718,2,"[7, 16]","[5420, 848]"
311,25,261,1095,0.001032108606132711,1.1699999999930516e-06,2,"[7, 16]","[5004, 1252]"
312,25,262,1094,0.001032212728402379,0.001032212728402379,2,"[7, 16]","[5263, 989]"
313,25,262,1095,0.0010301242927234396,0.0010301242927234396,2,"[7, 16]","[6068, 205]"
314,25,262,1095,0.001030904292723435,7.799999999953677e-07,2,"[7, 16]","[5390, 887]"
315,25,262,1095,0.0010318142927234295,9.099999999945957e-07,2,"[7, 16]","[4847, 1404]"
316,25,262,1096,0.0010285158689186896,0.0010285158689186896,1,[7],[6294]
317,25,262,1096,0.0010292258689186854,7.099999999957834e-07,1,[7],[6258]
318,25,262,1096,0.0010299458689186811,7.199999999957241e-07,2,"[7, 16]","[6215, 5]"
319,25,262,1097,0.001027287985265562,0.001027287985265562,1,[7],[6307]
320,25,262,1097,0.001028137985265557,8.49999999994952e-07,1,[7],[6204]
321,25,262,1097,0.0010297779852655473,1.6399999999902604e-06,1,[7],[6239]
322,25,262,1098,0.0010269728453266179,0.0010269728453266179,1,[7],[6262]
323,25,263,1097,0.0010271206866848247,0.0010271206866848247,1,[7],[6272]
324,25,263,1097,0.0010286606866848156,1.5399999999908542e-06,1,[7],[6247]
325,25,263,1098,0.00102518497670424,0.00102518497670424,1,[7],[6253]
326,25,263,1098,0.0010259849767042353,7.99999999995249e-07,1,[7],[6264]
327,25,263,1098,0.00102688497670423,8.999999999946551e-07,1,[7],[6244]
328,25,263,1099,0.0010236871765769953,0.0010236871765769953,1,[7],[6319]
329,25,263,1099,0.0010244771765769906,7.899999999953083e-07,1,[7],[6194]
330,25,263,1099,0.001025427176576985,9.499999999943581e-07,1,[7],[6257]
331,25,263,1100,0.0010228983870948912,0.0010228983870948912,1,[7],[6269]
332,25,263,1107,0.0011887384134671164,0.0011887384134671164,2,"[178, 180]","[6260, 26]"
333,25,264,1099,0.001024131955307444,0.001024131955307444,1,[7],[6256]
334,25,264,1100,0.0010215869248214535,0.0010215869248214535,1,[7],[6302]
335,25,264,1100,0.0010224269248214485,8.399999999950114e-07,1,[7],[6212]
336,25,264,1100,0.0010235469248214418,1.1199999999933485e-06,1,[7],[6250]
337,25,264,1101,0.001019981779744303,0.001019981779744303,1,[7],[6315]
338,25,264,1101,0.0010207317797442986,7.499999999955459e-07,1,[7],[6235]
339,25,264,1101,0.0010215617797442937,8.299999999950708e-07,1,[7],[6213]
340,25,264,1102,0.0010190589316622888,0.0010190589316622888,1,[7],[6278]
341,25,264,1102,0.0010207289316622788,1.6699999999900822e-06,1,[7],[6234]
342,25,265,1101,0.0010208470454558484,0.0010208470454558484,1,[7],[6257]
343,25,265,1102,0.0010179499131778228,0.0010179499131778228,1,[7],[6268]
344,25,265,1102,0.0010188299131778176,8.799999999947739e-07,1,[7],[6281]
345,25,265,1102,0.0010201799131778096,1.3499999999919826e-06,1,[7],[6208]
346,25,265,1103,0.0010162113584626486,0.0010162113584626486,2,"[7, 15]","[5839, 461]"
347,25,265,1103,0.001016981358462644,7.699999999954271e-07,2,"[7, 15]","[6196, 77]"
348,25,265,1103,0.0010177513584626395,7.699999999954271e-07,2,"[7, 15]","[6166, 13]"
349,25,265,1104,0.001015135700601396,0.001015135700601396,2,"[7, 15]","[5574, 693]"
350,25,265,1104,0.00101613570060139,9.999999999940612e-07,2,"[7, 15]","[5148, 1109]"
351,25,266,1103,0.0010174006400210085,0.0010174006400210085,2,"[7, 15]","[5689, 573]"
352,25,266,1104,0.001014333397441964,0.001014333397441964,2,"[7, 15]","[6146, 130]"
353,25,266,1104,0.0010152133974419587,8.799999999947739e-07,2,"[7, 15]","[5479, 752]"
354,25,266,1104,0.0010163733974419518,1.159999999993111e-06,2,"[7, 15]","[4869, 1396]"
355,25,266,1105,0.0010124078403678763,0.0010124078403678763,1,[7],[6299]
356,25,266,1105,0.0010131978403678716,7.899999999953083e-07,1,[7],[6272]
357,25,266,1105,0.0010140678403678664,8.699999999948332e-07,2,"[7, 15]","[6209, 5]"
358,25,266,1106,0.0010111261208850845,0.0010111261208850845,1,[7],[6305]
359,25,266,1106,0.0010121261208850786,9.999999999940612e-07,1,[7],[6234]
360,25,266,1107,0.001011113447493203,0.001011113447493203,1,[7],[6253]
361,25,267,1106,0.0010106493726908365,0.0010106493726908365,1,[7],[6288]
362,25,267,1106,0.0010119293726908289,1.2799999999923983e-06,1,[7],[6229]
363,25,267,1107,0.0010085812752894962,0.0010085812752894962,1,[7],[6255]
364,25,267,1107,0.0010093412752894917,7.599999999954865e-07,1,[7],[6256]
365,25,267,1107,0.0010101512752894869,8.099999999951896e-07,1,[7],[6243]
366,25,267,1108,0.0010070599115394705,0.0010070599115394705,1,[7],[6252]
367,25,267,1108,0.0010078999115394655,8.399999999950114e-07,1,[7],[6317]
368,25,267,1108,0.0010088799115394597,9.7999999999418e-07,1,[7],[6188]
369,25,267,1109,0.0010063376015113613,0.0010063376015113613,1,[7],[6258]
370,25,268,1108,0.0010072150552028843,0.0010072150552028843,1,[7],[6263]
371,25,268,1109,0.0010048099189654866,0.0010048099189654866,1,[7],[6261]
372,25,268,1109,0.0010056599189654815,8.49999999994952e-07,1,[7],[6308]
373,25,268,1109,0.0010066399189654757,9.7999999999418e-07,1,[7],[6205]
374,25,268,1110,0.0010031470855124394,0.0010031470855124394,1,[7],[6280]
375,25,268,1110,0.0010039170855124348,7.699999999954271e-07,1,[7],[6295]
376,25,268,1110,0.00100471708551243,7.99999999995249e-07,1,[7],[6203]
377,25,268,1111,0.0010022200281929229,0.0010022200281929229,1,[7],[6273]
378,25,268,1111,0.0010039300281929127,1.7099999999898446e-06,1,[7],[6236]
379,25,269,1110,0.0010045404437615264,0.0010045404437615264,1,[7],[6258]
380,25,269,1111,0.0010012342608208674,0.0010012342608208674,1,[7],[6276]
381,25,269,1111,0.0010023942608208606,1.159999999993111e-06,1,[7],[6229]
382,25,269,1112,0.0009993262370386147,0.0009993262370386147,1,[7],[6288]
383,25,269,1112,0.0010001562370386098,8.299999999950708e-07,1,[7],[6269]
384,25,269,1112,0.0010011062370386041,9.499999999943581e-07,1,[7],[6209]
385,25,269,1113,0.0009981166622041113,0.0009981166622041113,1,[7],[6255]
386,25,269,1113,0.000999326662204104,1.209999999992814e-06,1,[7],[6265]
387,25,270,1113,0.0009975635538455095,0.0009975635538455095,1,[7],[6277]
388,25,270,1113,0.0009990335538455008,1.46999999999127e-06,1,[7],[6244]
389,25,270,1114,0.000995478283409862,0.000995478283409862,1,[7],[6253]
390,25,270,1114,0.000996318283409857,8.399999999950114e-07,1,[7],[6292]
391,25,270,1114,0.0009972982834098511,9.7999999999418e-07,1,[7],[6242]
392,25,270,1115,0.0009940906570441558,0.0009940906570441558,1,[7],[6306]
393,25,270,1115,0.00099507065704415,9.7999999999418e-07,1,[7],[6248]
394,25,270,1116,0.0009939144557961016,0.0009939144557961016,1,[7],[6261]
395,25,271,1115,0.0009939724062492333,0.0009939724062492333,1,[7],[6292]
396,25,271,1116,0.000991675971560924,0.000991675971560924,2,"[7, 14]","[6299, 11]"
397,25,271,1116,0.000992525971560919,8.49999999994952e-07,1,[7],[6250]
398,25,271,1116,0.0009936359715609123,1.109999999993408e-06,1,[7],[6217]
399,25,271,1117,0.0009899979702193988,0.0009899979702193988,2,"[7, 14]","[5293, 966]"
400,25,271,1117,0.0009908879702193935,8.899999999947145e-07,2,"[7, 14]","[6090, 193]"
401,25,271,1117,0.000991967970219387,1.079999999993586e-06,2,"[7, 14]","[6196, 13]"
402,25,271,1118,0.000989236269236429,0.000989236269236429,2,"[7, 14]","[5448, 827]"
403,25,272,1117,0.0009902881740064759,0.0009902881740064759,2,"[7, 14]","[5253, 1019]"
404,25,272,1118,0.0009879296673796956,0.0009879296673796956,2,"[7, 14]","[6269, 36]"
405,25,272,1118,0.00098886966737969,9.399999999944175e-07,2,"[7, 14]","[5808, 448]"
406,25,272,1118,0.0009901896673796822,1.3199999999921608e-06,2,"[7, 14]","[5006, 1197]"
407,25,272,1119,0.0009861602292145135,0.0009861602292145135,1,[7],[6293]
408,25,272,1119,0.0009870302292145083,8.699999999948332e-07,1,[7],[6223]
409,25,272,1119,0.0009881202292145019,1.0899999999935267e-06,2,"[7, 14]","[6253, 2]"
410,25,272,1120,0.0009850148727785512,0.0009850148727785512,1,[7],[6283]
411,25,272,1120,0.0009865248727785423,1.5099999999910324e-06,1,[7],[6226]
412,25,273,1120,0.0009843126142791113,0.0009843126142791113,1,[7],[6304]
413,25,273,1120,0.000985692614279103,1.3799999999918044e-06,1,[7],[6231]
414,25,273,1121,0.0009822823433361285,0.0009822823433361285,1,[7],[6298]
415,25,273,1121,0.0009831223433361235,8.399999999950114e-07,1,[7],[6243]
416,25,273,1121,0.0009841823433361172,1.0599999999937049e-06,1,[7],[6245]
417,25,273,1122,0.0009808287070403332,0.0009808287070403332,1,[7],[6259]
418,25,273,1122,0.0009818487070403271,1.0199999999939424e-06,1,[7],[6244]
419,25,273,1123,0.0009805807977178553,0.0009805807977178553,1,[7],[6264]
420,25,274,991,0.0015167204532950819,0.0015167204532950819,1,[156],[6250]
421,25,274,1122,0.0009809545403747424,0.0009809545403747424,1,[7],[6289]
422,25,274,1123,0.0009783214798680519,0.0009783214798680519,1,[7],[6273]
423,25,274,1123,0.000979291479868046,9.699999999942394e-07,1,[7],[6272]
424,25,274,1123,0.0009808714798680367,1.5799999999906167e-06,1,[7],[6216]
425,25,274,1124,0.000976598616738556,0.000976598616738556,1,[7],[6274]
426,25,274,1124,0.0009774986167385507,8.999999999946551e-07,1,[7],[6242]
427,25,274,1124,0.0009786686167385437,1.1699999999930516e-06,1,[7],[6250]
428,25,274,1125,0.0009759123453072429,0.0009759123453072429,1,[7],[6278]
429,25,275,1124,0.000976888957464682,0.000976888957464682,1,[7],[6255]
430,25,275,1125,0.000974158447353506,0.000974158447353506,1,[7],[6319]
431,25,275,1125,0.0009750684473535105,9.100000000044619e-07,1,[7],[6191]
432,25,275,1125,0.0009763184473535166,1.250000000006129e-06,1,[7],[6249]
433,25,275,1126,0.0009723989125417645,0.0009723989125417645,1,[7],[6252]
434,25,275,1126,0.0009732789125417688,8.800000000043148e-07,1,[7],[6273]
435,25,275,1126,0.0009743689125417741,1.0900000000053445e-06,1,[7],[6254]
436,25,275,1127,0.0009716220610650067,0.0009716220610650067,1,[7],[6254]
437,25,276,1126,0.0009728859837922801,0.0009728859837922801,1,[7],[6257]
438,25,276,1127,0.000969965713660909,0.000969965713660909,1,[7],[6274]
439,25,276,1127,0.0009709157136609136,9.500000000046581e-07,1,[7],[6289]
440,25,276,1127,0.0009722757136609203,1.3600000000066684e-06,1,[7],[6208]
441,25,276,1128,0.0009681702441088924,0.0009681702441088924,1,[7],[6250]
442,25,276,1128,0.0009690402441088966,8.700000000042658e-07,1,[7],[6253]
443,25,276,1128,0.0009700902441089018,1.0500000000051484e-06,1,[7],[6277]
444,25,276,1129,0.0009673265998101342,0.0009673265998101342,2,"[7, 13]","[6263, 2]"
445,25,277,1128,0.0009689089400707277,0.0009689089400707277,1,[7],[6260]
446,25,277,1129,0.0009658116300839551,0.0009658116300839551,2,"[7, 13]","[6260, 13]"
447,25,277,1129,0.0009667916300839599,9.800000000048052e-07,1,[7],[6280]
448,25,277,1129,0.0009683616300839676,1.570000000007698e-06,1,[7],[6206]
449,25,277,1130,0.000963725386044963,0.000963725386044963,2,"[7, 13]","[4517, 1744]"
450,25,277,1130,0.0009645053860449669,7.800000000038245e-07,2,"[7, 13]","[5118, 1157]"
451,25,277,1130,0.0009653053860449708,8.000000000039226e-07,2,"[7, 13]","[5913, 347]"
452,25,277,1130,0.0009671153860449797,1.8100000000088748e-06,2,"[7, 13]","[6160, 45]"
453,25,277,1131,0.000962853047525196,0.000962853047525196,2,"[7, 13]","[5436, 823]"
454,25,277,1131,0.0009637830475252005,9.3000000000456e-07,2,"[7, 13]","[3415, 2876]"
455,25,278,1130,0.0009641544395453311,0.0009641544395453311,2,"[7, 13]","[4176, 2113]"
456,25,278,1131,0.0009616401893306588,0.0009616401893306588,2,"[7, 13]","[6282, 8]"
457,25,278,1131,0.0009626501893306638,1.0100000000049522e-06,2,"[7, 13]","[5827, 392]"
458,25,278,1131,0.0009636301893306686,9.800000000048052e-07,2,"[7, 13]","[3947, 2295]"
459,25,278,1132,0.0009596540018233833,0.0009596540018233833,3,"[7, 11, 12]","[6260, 1, 2]"
460,25,278,1132,0.0009605740018233879,9.20000000004511e-07,1,[7],[6271]
461,25,278,1132,0.0009617140018233934,1.1400000000055897e-06,1,[7],[6233]
462,25,278,1133,0.0009583712429295519,0.0009583712429295519,3,"[7, 11, 12]","[5599, 65, 601]"
463,25,278,1133,0.0009603712429295617,2.0000000000098064e-06,2,"[7, 12]","[6224, 21]"
464,25,279,1132,0.0009625671750481102,0.0009625671750481102,2,"[7, 12]","[6219, 31]"
465,25,279,1133,0.0009569030519926439,0.0009569030519926439,3,"[7, 11, 12]","[4632, 562, 1097]"
466,25,279,1133,0.0009578230519926484,9.20000000004511e-07,3,"[7, 11, 12]","[5093, 11, 1116]"
467,25,279,1133,0.0009591630519926549,1.3400000000065703e-06,2,"[7, 12]","[5929, 329]"
468,25,279,1134,0.0009548012038262425,0.0009548012038262425,3,"[7, 11, 12]","[4486, 1810, 1]"
469,25,279,1134,0.0009553512038262452,5.500000000026968e-07,3,"[7, 11, 12]","[3461, 2873, 18]"
470,25,279,1134,0.0009558012038262474,4.5000000000220645e-07,3,"[7, 11, 12]","[3335, 2707, 64]"
471,25,279,1134,0.0009563112038262499,5.100000000025006e-07,3,"[7, 11, 12]","[3816, 2244, 286]"
472,25,279,1134,0.0009569612038262531,6.500000000031871e-07,3,"[7, 11, 12]","[4282, 1075, 823]"
473,25,279,1135,0.0009536874835377465,0.0009536874835377465,2,"[7, 11]","[6243, 17]"
474,25,279,1135,0.0009548674835377522,1.1800000000057858e-06,2,"[7, 11]","[5625, 646]"
475,25,279,1135,0.0009568774835377621,2.0100000000098555e-06,3,"[7, 11, 12]","[3436, 2773, 14]"
476,25,280,1134,0.0009562031426050875,0.0009562031426050875,3,"[7, 11, 12]","[4791, 1456, 18]"
477,25,280,1135,0.000952702806355476,0.000952702806355476,1,[7],[6302]
478,25,280,1135,0.0009538228063554815,1.1200000000054916e-06,2,"[7, 11]","[6207, 7]"
479,25,280,1136,0.0009504601149621958,0.0009504601149621958,1,[7],[6264]
480,25,280,1136,0.0009513001149621999,8.400000000041187e-07,1,[7],[6265]
481,25,280,1136,0.0009521501149622041,8.500000000041677e-07,1,[7],[6257]
482,25,280,1137,0.0009490606367977977,0.0009490606367977977,1,[7],[6283]
483,25,280,1137,0.0009502906367978037,1.230000000006031e-06,1,[7],[6224]
484,25,281,1137,0.0009482009326598808,0.0009482009326598808,2,"[7, 10]","[6246, 17]"
485,25,281,1137,0.0009494209326598868,1.220000000005982e-06,1,[7],[6238]
486,25,281,1138,0.0009457140082013294,0.0009457140082013294,3,"[7, 9, 10]","[5108, 2, 1202]"
487,25,281,1138,0.0009465040082013333,7.900000000038735e-07,2,"[7, 10]","[5628, 597]"
488,25,281,1138,0.0009472840082013371,7.800000000038245e-07,2,"[7, 10]","[6121, 150]"
489,25,281,1138,0.0009485040082013431,1.220000000005982e-06,2,"[7, 10]","[6189, 13]"
490,25,281,1139,0.0009441954092529419,0.0009441954092529419,3,"[7, 9, 10]","[5567, 677, 67]"
491,25,281,1139,0.0009451754092529467,9.800000000048052e-07,3,"[7, 9, 10]","[5436, 64, 722]"
492,25,281,1139,0.0009462354092529519,1.0600000000051974e-06,2,"[7, 10]","[4680, 1540]"
493,25,281,1140,0.0009447827340402773,0.0009447827340402773,3,"[7, 9, 10]","[5226, 1019, 6]"
494,25,282,1139,0.0009434552860500413,0.0009434552860500413,3,"[7, 9, 10]","[5128, 1150, 2]"
495,25,282,1139,0.000944615286050047,1.1600000000056877e-06,3,"[7, 9, 10]","[5502, 658, 100]"
496,25,282,1140,0.0009413306897981682,0.0009413306897981682,2,"[7, 9]","[6248, 4]"
497,25,282,1140,0.0009422906897981729,9.60000000004707e-07,2,"[7, 9]","[6146, 156]"
498,25,282,1140,0.0009431606897981772,8.700000000042658e-07,2,"[7, 9]","[5313, 887]"
499,25,282,1141,0.0009395227066594129,0.0009395227066594129,1,[7],[6296]
500,25,282,1141,0.0009405527066594179,1.0300000000050503e-06,1,[7],[6210]
501,25,282,1141,0.0009432627066594312,2.7100000000132877e-06,2,"[7, 9]","[6224, 24]"
502,25,282,1142,0.0009392947290755868,0.0009392947290755868,1,[7],[6275]
503,25,283,1141,0.0009392803598858052,0.0009392803598858052,1,[7],[6253]
504,25,283,1142,0.0009366177639924596,0.0009366177639924596,1,[7],[6270]
505,25,283,1142,0.0009375277639924641,9.100000000044619e-07,1,[7],[6274]
506,25,283,1142,0.000938527763992469,1.0000000000049032e-06,1,[7],[6221]
507,25,283,1143,0.0009347680776253953,0.0009347680776253953,1,[7],[6273]
508,25,283,1143,0.0009357180776253999,9.500000000046581e-07,1,[7],[6232]
509,25,283,1143,0.0009369180776254058,1.2000000000058839e-06,1,[7],[6281]
510,25,283,1144,0.0009339346037662615,0.0009339346037662615,1,[7],[6261]
511,25,284,1143,0.0009350533111130827,0.0009350533111130827,1,[7],[6267]
512,25,284,1144,0.0009320418453658848,0.0009320418453658848,1,[7],[6270]
513,25,284,1144,0.0009329918453658895,9.500000000046581e-07,1,[7],[6273]
514,25,284,1144,0.0009341318453658951,1.1400000000055897e-06,1,[7],[6239]
515,25,284,1145,0.0009300337111184748,0.0009300337111184748,1,[7],[6250]
516,25,284,1145,0.0009309137111184791,8.800000000043148e-07,1,[7],[6279]
517,25,284,1145,0.0009318837111184839,9.700000000047561e-07,1,[7],[6234]
518,25,284,1146,0.0009288823207265687,0.0009288823207265687,1,[7],[6259]
519,25,285,1145,0.0009310459823936908,0.0009310459823936908,1,[7],[6261]
520,25,285,1146,0.0009275099784098153,0.0009275099784098153,1,[7],[6300]
521,25,285,1146,0.0009285099784098202,1.0000000000049032e-06,1,[7],[6208]
522,25,285,1146,0.0009303699784098293,1.86000000000912e-06,1,[7],[6243]
523,25,285,1147,0.0009253381378092839,0.0009253381378092839,1,[7],[6298]
524,25,285,1147,0.0009261981378092881,8.600000000042168e-07,1,[7],[6208]
525,25,285,1147,0.0009271081378092926,9.100000000044619e-07,1,[7],[6298]
526,25,285,1148,0.0009239518343102529,0.0009239518343102529,2,"[7, 8]","[6269, 1]"
527,25,285,1148,0.0009253618343102599,1.4100000000069135e-06,1,[7],[6254]
528,25,286,1148,0.000923002620773223,0.000923002620773223,1,[7],[6268]
529,25,286,1148,0.000924232620773229,1.230000000006031e-06,1,[7],[6240]
530,25,286,1149,0.0009204120239585553,0.0009204120239585553,2,"[7, 8]","[4523, 1740]"
531,25,286,1149,0.0009212720239585595,8.600000000042168e-07,2,"[7, 8]","[5784, 497]"
532,25,286,1149,0.0009221020239585636,8.300000000040697e-07,2,"[7, 8]","[6224, 46]"
533,25,286,1149,0.0009234420239585702,1.3400000000065703e-06,2,"[7, 8]","[6197, 1]"
534,25,286,1150,0.000918913136885559,0.000918913136885559,2,"[7, 8]","[4811, 1456]"
535,25,286,1150,0.0009194731368855618,5.600000000027458e-07,2,"[7, 8]","[2846, 3450]"
536,25,286,1150,0.0009198831368855638,4.100000000020103e-07,2,"[7, 8]","[2197, 4015]"
537,25,286,1150,0.0009202931368855658,4.100000000020103e-07,2,"[7, 8]","[2173, 4183]"
538,25,286,1150,0.0009208431368855685,5.500000000026968e-07,2,"[7, 8]","[2223, 3933]"
539,25,286,1151,0.0009196119644713373,0.0009196119644713373,2,"[7, 8]","[5465, 790]"
540,25,287,1150,0.0009187126683119122,0.0009187126683119122,2,"[7, 8]","[6106, 203]"
541,25,287,1150,0.0009199726683119184,1.260000000006178e-06,2,"[7, 8]","[4564, 1640]"
542,25,287,1151,0.0009163106621398095,0.0009163106621398095,1,[7],[6282]
543,25,287,1151,0.0009172006621398139,8.900000000043639e-07,1,[7],[6262]
544,25,287,1151,0.0009182806621398192,1.0800000000052955e-06,2,"[7, 8]","[6232, 5]"
545,25,287,1152,0.0009147160276744689,0.0009147160276744689,1,[7],[6270]
546,25,287,1152,0.000915756027674474,1.0400000000050993e-06,1,[7],[6232]
547,25,287,1153,0.0009144318747715253,0.0009144318747715253,2,"[1, 7]","[511, 5742]"
548,25,287,1154,0.0009123918609822788,0.0009123918609822788,2,"[1, 7]","[5718, 532]"
549,25,287,1155,0.0009109048082720374,0.0009109048082720374,2,"[1, 7]","[6278, 1]"
550,25,287,1156,0.0009104509386926606,0.0009104509386926606,1,[1],[6259]
551,25,287,1156,0.0009122809386926696,1.8300000000089729e-06,1,[1],[6243]
552,25,287,1157,0.000910272774415572,0.000910272774415572,1,[1],[6305]
553,25,287,1157,0.0009119527744155802,1.6800000000082374e-06,1,[1],[6198]
554,25,287,1158,0.0009101898426496547,0.0009101898426496547,1,[1],[6298]
555,25,287,1159,0.0009102348754951177,0.0009102348754951177,1,[1],[6270]
556,25,287,1160,0.0009103266860990258,0.0009103266860990258,1,[1],[6307]
557,25,287,1161,0.0009103572196149822,0.0009103572196149822,1,[1],[6305]
558,25,287,1162,0.0009103330564567524,0.0009103330564567524,1,[1],[6321]
559,25,287,1162,0.000911473056456758,1.1400000000055897e-06,1,[1],[6191]
560,25,287,1163,0.0009103390501760064,0.0009103390501760064,1,[1],[6312]
561,25,287,1163,0.0009113290501760112,9.900000000048542e-07,1,[1],[6210]
562,25,287,1164,0.0009103088333241435,0.0009103088333241435,1,[1],[6288]
563,25,287,1164,0.0009111088333241474,8.000000000039226e-07,1,[1],[6249]
564,25,287,1165,0.0009103405943152258,0.0009103405943152258,1,[1],[6282]
565,25,287,1165,0.0009111505943152297,8.100000000039716e-07,1,[1],[6259]
566,25,287,1166,0.000910292160832154,0.000910292160832154,1,[1],[6308]
567,25,287,1166,0.0009110121608321575,7.200000000035303e-07,1,[1],[6249]
568,25,287,1167,0.0009101951778498361,0.0009101951778498361,1,[1],[6282]
569,25,287,1167,0.0009108151778498392,6.2000000000304e-07,1,[1],[6228]
570,25,287,1168,0.0009101424709873891,0.0009101424709873891,1,[1],[6326]
571,25,287,1168,0.000910722470987392,5.800000000028439e-07,1,[1],[6195]
572,25,287,1169,0.0009100874912493831,0.0009100874912493831,1,[1],[6257]
573,25,287,1169,0.0009106574912493859,5.700000000027948e-07,1,[1],[6301]
574,25,287,1169,0.0009117274912493912,1.0700000000052464e-06,1,[1],[6212]
575,25,287,1170,0.0009100695112728671,0.0009100695112728671,1,[1],[6338]
576,25,287,1170,0.0009106295112728699,5.600000000027458e-07,1,[1],[6214]
577,25,287,1170,0.0009117095112728752,1.0800000000052955e-06,1,[1],[6207]
578,25,287,1171,0.0009099804658071496,0.0009099804658071496,1,[1],[6349]
579,25,287,1171,0.0009105304658071523,5.500000000026968e-07,1,[1],[6166]
580,25,287,1171,0.0009113304658071562,8.000000000039226e-07,1,[1],[6236]
581,25,287,1172,0.0009099419816851011,0.0009099419816851011,1,[1],[6333]
582,25,287,1172,0.0009104919816851038,5.500000000026968e-07,1,[1],[6189]
583,25,287,1172,0.000911341981685108,8.500000000041677e-07,1,[1],[6255]
584,25,287,1173,0.0009099558309094766,0.0009099558309094766,1,[1],[6301]
585,25,287,1173,0.0009105758309094796,6.2000000000304e-07,1,[1],[6279]
586,25,287,1174,0.0009099443041389512,0.0009099443041389512,1,[1],[6251]
587,25,287,1174,0.0009106143041389545,6.700000000032852e-07,1,[1],[6267]
588,25,287,1175,0.000909978948891183,0.000909978948891183,1,[1],[6281]
589,25,287,1175,0.0009107089488911865,7.300000000035793e-07,1,[1],[6238]
590,25,287,1176,0.0009100366004346211,0.0009100366004346211,4,"[1, 3, 4, 5]","[6255, 1, 7, 57]"
591,25,287,1176,0.0009109066004346254,8.700000000042658e-07,4,"[1, 3, 4, 5]","[6141, 2, 3, 59]"
592,25,287,1177,0.0009099582974148482,0.0009099582974148482,4,"[1, 3, 4, 5]","[5047, 254, 355, 597]"
593,25,287,1177,0.000910748297414852,7.900000000038735e-07,4,"[1, 3, 4, 5]","[5171, 227, 287, 603]"
594,25,287,1178,0.0009100898259758289,0.0009100898259758289,4,"[1, 3, 4, 5]","[5221, 531, 426, 98]"
595,25,287,1178,0.0009114098259758353,1.3200000000064722e-06,4,"[1, 3, 4, 5]","[5244, 439, 424, 122]"
596,25,287,1179,0.0009104900556379884,0.0009104900556379884,3,"[1, 3, 4]","[6258, 20, 10]"
597,25,287,1180,0.0009106533098364406,0.0009106533098364406,1,[1],[6257]
598,25,287,1181,0.0009110686235493913,0.0009110686235493913,2,"[1, 2]","[6198, 52]"
599,25,287,1182,0.0009113730507272396,0.0009113730507272396,2,"[1, 2]","[5608, 643]"
600,25,288,1152,0.0009145557144858242,0.0009145557144858242,2,"[1, 7]","[5, 6269]"
601,25,288,1153,0.000911359536948088,0.000911359536948088,2,"[1, 7]","[4236, 2033]"
602,25,288,1153,0.000912179536948092,8.200000000040206e-07,2,"[1, 7]","[2050, 4236]"
603,25,288,1153,0.0009130295369480962,8.500000000041677e-07,2,"[1, 7]","[375, 5835]"
604,25,288,1153,0.0009144895369481034,1.4600000000071587e-06,2,"[1, 7]","[18, 6231]"
605,25,288,1154,0.0009101913539682382,0.0009101913539682382,2,"[1, 7]","[6125, 160]"
606,25,288,1154,0.0009104913539682396,3.0000000000147097e-07,2,"[1, 7]","[6024, 223]"
607,25,288,1154,0.0009107113539682407,2.200000000010787e-07,2,"[1, 7]","[6166, 314]"
608,25,288,1154,0.0009108913539682416,1.8000000000088258e-07,2,"[1, 7]","[6002, 337]"
609,25,288,1154,0.0009110613539682424,1.7000000000083355e-07,2,"[1, 7]","[5890, 362]"
610,25,288,1154,0.0009112213539682432,1.6000000000078451e-07,2,"[1, 7]","[5703, 440]"
611,25,288,1154,0.000911391353968244,1.7000000000083355e-07,2,"[1, 7]","[5606, 490]"
612,25,288,1154,0.000911591353968245,2.0000000000098064e-07,2,"[1, 7]","[5762, 648]"
613,25,288,1154,0.0009118213539682461,2.3000000000112774e-07,2,"[1, 7]","[5226, 789]"
614,25,288,1154,0.000912191353968248,3.700000000018142e-07,2,"[1, 7]","[5220, 1114]"
615,25,288,1155,0.000909874121658433,0.000909874121658433,1,[1],[6310]
616,25,288,1155,0.0009101741216584344,3.0000000000147097e-07,2,"[1, 7]","[6329, 2]"
617,25,288,1155,0.0009103841216584355,2.1000000000102968e-07,2,"[1, 7]","[6302, 3]"
618,25,288,1155,0.0009105641216584364,1.8000000000088258e-07,2,"[1, 7]","[6360, 3]"
619,25,288,1155,0.0009107241216584371,1.6000000000078451e-07,2,"[1, 7]","[6189, 2]"
620,25,288,1155,0.0009108841216584379,1.6000000000078451e-07,2,"[1, 7]","[6329, 6]"
621,25,288,1155,0.0009110441216584387,1.6000000000078451e-07,2,"[1, 7]","[6282, 6]"
622,25,288,1155,0.0009112141216584395,1.7000000000083355e-07,2,"[1, 7]","[5995, 9]"
623,25,288,1155,0.0009114241216584406,2.1000000000102968e-07,2,"[1, 7]","[6141, 3]"
624,25,288,1155,0.000911724121658442,3.0000000000147097e-07,2,"[1, 7]","[6395, 12]"
625,25,288,1155,0.0009125741216584462,8.500000000041677e-07,2,"[1, 7]","[6059, 21]"
626,25,288,1156,0.000909578430803202,0.000909578430803202,1,[1],[6296]
627,25,288,1156,0.0009098884308032035,3.1000000000152e-07,1,[1],[6366]
628,25,288,1156,0.0009101084308032046,2.200000000010787e-07,1,[1],[6289]
629,25,288,1156,0.0009102984308032055,1.900000000009316e-07,1,[1],[6217]
630,25,288,1156,0.0009104784308032064,1.8000000000088258e-07,1,[1],[6216]
631,25,288,1156,0.0009106584308032073,1.8000000000088258e-07,1,[1],[6288]
632,25,288,1156,0.0009108584308032083,2.0000000000098064e-07,1,[1],[6304]
633,25,288,1156,0.0009110984308032095,2.4000000000117677e-07,1,[1],[6230]
634,25,288,1156,0.0009114384308032111,3.400000000016671e-07,1,[1],[6066]
635,25,288,1157,0.0009094625896758661,0.0009094625896758661,1,[1],[6397]
636,25,288,1157,0.0009097725896758676,3.1000000000152e-07,1,[1],[6172]
637,25,288,1157,0.0009100025896758687,2.3000000000112774e-07,1,[1],[6313]
638,25,288,1157,0.0009102025896758697,2.0000000000098064e-07,1,[1],[6168]
639,25,288,1157,0.0009104025896758707,2.0000000000098064e-07,1,[1],[6408]
640,25,288,1157,0.0009106025896758717,2.0000000000098064e-07,1,[1],[6178]
641,25,288,1157,0.0009108425896758728,2.4000000000117677e-07,1,[1],[6145]
642,25,288,1157,0.0009111925896758745,3.500000000017161e-07,1,[1],[6296]
643,25,288,1158,0.0009093863500116746,0.0009093863500116746,1,[1],[6251]
644,25,288,1158,0.0009097163500116762,3.3000000000161806e-07,1,[1],[6419]
645,25,288,1158,0.0009099463500116773,2.3000000000112774e-07,1,[1],[6152]
646,25,288,1158,0.0009101563500116784,2.1000000000102968e-07,1,[1],[6319]
647,25,288,1158,0.0009103663500116794,2.1000000000102968e-07,1,[1],[6390]
648,25,288,1158,0.0009105863500116805,2.200000000010787e-07,1,[1],[6183]
649,25,288,1158,0.0009108663500116818,2.800000000013729e-07,1,[1],[6172]
650,25,288,1158,0.0009113863500116844,5.200000000025497e-07,1,[1],[6115]
651,25,288,1159,0.0009094290830504686,0.0009094290830504686,1,[1],[6285]
652,25,288,1159,0.0009097590830504703,3.3000000000161806e-07,1,[1],[6382]
653,25,288,1159,0.0009099990830504714,2.4000000000117677e-07,1,[1],[6211]
654,25,288,1159,0.0009102190830504725,2.200000000010787e-07,1,[1],[6371]
655,25,288,1159,0.0009104390830504736,2.200000000010787e-07,1,[1],[6199]
656,25,288,1159,0.0009106890830504748,2.500000000012258e-07,1,[1],[6129]
657,25,288,1159,0.0009110390830504765,3.500000000017161e-07,1,[1],[6200]
658,25,288,1160,0.0009095215179940762,0.0009095215179940762,1,[1],[6288]
659,25,288,1160,0.0009098515179940778,3.3000000000161806e-07,1,[1],[6306]
660,25,288,1160,0.000910101517994079,2.500000000012258e-07,1,[1],[6159]
661,25,288,1160,0.0009103415179940802,2.4000000000117677e-07,1,[1],[6530]
662,25,288,1160,0.0009105715179940813,2.3000000000112774e-07,1,[1],[6122]
663,25,288,1160,0.0009108615179940827,2.9000000000142193e-07,1,[1],[6250]
664,25,288,1160,0.000911321517994085,4.600000000022555e-07,1,[1],[6101]
665,25,288,1161,0.0009096152758907124,0.0009096152758907124,1,[1],[6256]
666,25,288,1161,0.0009099552758907141,3.400000000016671e-07,1,[1],[6361]
667,25,288,1161,0.0009102152758907154,2.6000000000127484e-07,1,[1],[6184]
668,25,288,1161,0.0009104652758907166,2.500000000012258e-07,1,[1],[6279]
669,25,288,1161,0.0009107352758907179,2.7000000000132387e-07,1,[1],[6225]
670,25,288,1161,0.0009110852758907196,3.500000000017161e-07,1,[1],[6310]
671,25,288,1162,0.0009096711999732474,0.0009096711999732474,1,[1],[6325]
672,25,288,1162,0.0009100111999732491,3.400000000016671e-07,1,[1],[6335]
673,25,288,1162,0.0009102811999732504,2.7000000000132387e-07,1,[1],[6329]
674,25,288,1162,0.0009105211999732516,2.4000000000117677e-07,1,[1],[6030]
675,25,288,1162,0.0009107911999732529,2.7000000000132387e-07,1,[1],[6353]
676,25,288,1162,0.0009111511999732547,3.6000000000176516e-07,1,[1],[6202]
677,25,288,1163,0.0009097424914019758,0.0009097424914019758,1,[1],[6358]
678,25,288,1163,0.0009100924914019775,3.500000000017161e-07,1,[1],[6159]
679,25,288,1163,0.0009103724914019789,2.800000000013729e-07,1,[1],[6337]
680,25,288,1163,0.0009106424914019802,2.7000000000132387e-07,1,[1],[6186]
681,25,288,1163,0.0009109624914019818,3.2000000000156903e-07,1,[1],[6248]
682,25,288,1163,0.0009115024914019844,5.400000000026477e-07,1,[1],[6233]
683,25,288,1164,0.0009097865309313388,0.0009097865309313388,1,[1],[6321]
684,25,288,1164,0.0009101465309313406,3.6000000000176516e-07,1,[1],[6375]
685,25,288,1164,0.000910426530931342,2.800000000013729e-07,1,[1],[6180]
686,25,288,1164,0.0009106965309313433,2.7000000000132387e-07,1,[1],[6166]
687,25,288,1164,0.0009110265309313449,3.3000000000161806e-07,1,[1],[6331]
688,25,288,1164,0.0009116265309313478,6.000000000029419e-07,1,[1],[6144]
689,25,288,1165,0.0009098277169834461,0.0009098277169834461,1,[1],[6356]
690,25,288,1165,0.0009101977169834479,3.700000000018142e-07,1,[1],[6298]
691,25,288,1165,0.0009104877169834494,2.9000000000142193e-07,1,[1],[6280]
692,25,288,1165,0.0009107877169834508,3.0000000000147097e-07,1,[1],[6124]
693,25,288,1165,0.0009111777169834527,3.9000000000191225e-07,1,[1],[6256]
694,25,288,1166,0.0009098533796813506,0.0009098533796813506,1,[1],[6345]
695,25,288,1166,0.0009102233796813524,3.700000000018142e-07,1,[1],[6308]
696,25,288,1166,0.0009105333796813539,3.1000000000152e-07,1,[1],[6285]
697,25,288,1166,0.0009108533796813555,3.2000000000156903e-07,1,[1],[6101]
698,25,288,1166,0.0009113033796813577,4.5000000000220645e-07,1,[1],[6229]
699,25,288,1167,0.0009098223255248419,0.0009098223255248419,1,[1],[6321]
700,25,288,1167,0.0009102023255248438,3.800000000018632e-07,1,[1],[6370]
701,25,288,1167,0.0009105123255248453,3.1000000000152e-07,1,[1],[6182]
702,25,288,1167,0.0009108323255248469,3.2000000000156903e-07,1,[1],[6179]
703,25,288,1167,0.0009113123255248492,4.800000000023535e-07,1,[1],[6237]
704,25,288,1168,0.0009098262786368035,0.0009098262786368035,1,[1],[6270]
705,25,288,1168,0.0009102162786368054,3.9000000000191225e-07,1,[1],[6346]
706,25,288,1168,0.000910536278636807,3.2000000000156903e-07,1,[1],[6256]
707,25,288,1168,0.0009108962786368087,3.6000000000176516e-07,1,[1],[6268]
708,25,288,1168,0.0009115062786368117,6.10000000002991e-07,1,[1],[6157]
709,25,288,1169,0.0009098547114670618,0.0009098547114670618,1,[1],[6305]
710,25,288,1169,0.0009102547114670637,4.000000000019613e-07,1,[1],[6283]
711,25,288,1169,0.0009106047114670655,3.500000000017161e-07,1,[1],[6299]
712,25,288,1169,0.0009110147114670675,4.100000000020103e-07,1,[1],[6192]
713,25,288,1170,0.0009098288842546463,0.0009098288842546463,1,[1],[6292]
714,25,288,1170,0.0009102488842546483,4.2000000000205935e-07,1,[1],[6213]
715,25,288,1170,0.0009106288842546502,3.800000000018632e-07,1,[1],[6388]
716,25,288,1170,0.0009111088842546526,4.800000000023535e-07,1,[1],[6141]
717,25,288,1171,0.0009098172652302406,0.0009098172652302406,1,[1],[6366]
718,25,288,1171,0.0009102372652302427,4.2000000000205935e-07,1,[1],[6214]
719,25,288,1171,0.0009106272652302446,3.9000000000191225e-07,1,[1],[6187]
720,25,288,1171,0.0009111972652302474,5.700000000027948e-07,1,[1],[6311]
721,25,288,1172,0.0009097487220225778,0.0009097487220225778,1,[1],[6369]
722,25,288,1172,0.0009101687220225799,4.2000000000205935e-07,1,[1],[6194]
723,25,288,1172,0.0009105587220225818,3.9000000000191225e-07,1,[1],[6285]
724,25,288,1172,0.0009110987220225845,5.400000000026477e-07,1,[1],[6194]
725,25,288,1173,0.0009097475652753162,0.0009097475652753162,1,[1],[6329]
726,25,288,1173,0.0009101775652753183,4.300000000021084e-07,1,[1],[6174]
727,25,288,1173,0.0009106175652753204,4.400000000021574e-07,1,[1],[6323]
728,25,288,1173,0.0009114475652753245,8.300000000040697e-07,1,[1],[6195]
729,25,288,1174,0.0009096941561615626,0.0009096941561615626,1,[1],[6278]
730,25,288,1174,0.0009101441561615648,4.5000000000220645e-07,1,[1],[6336]
731,25,288,1174,0.0009105641561615669,4.2000000000205935e-07,1,[1],[6198]
732,25,288,1174,0.0009113141561615705,7.500000000036774e-07,1,[1],[6228]
733,25,288,1175,0.0009096533842719661,0.0009096533842719661,1,[1],[6294]
734,25,288,1175,0.0009100833842719682,4.300000000021084e-07,1,[1],[6329]
735,25,288,1175,0.0009104733842719701,3.9000000000191225e-07,2,"[1, 5]","[6222, 1]"
736,25,288,1175,0.000911063384271973,5.900000000028929e-07,1,[1],[6207]
737,25,288,1176,0.0009095888568225935,0.0009095888568225935,4,"[1, 3, 4, 5]","[6274, 1, 1, 75]"
738,25,288,1176,0.0009099988568225955,4.100000000020103e-07,4,"[1, 3, 4, 5]","[6168, 1, 6, 76]"
739,25,288,1176,0.0009103588568225972,3.6000000000176516e-07,4,"[1, 3, 4, 5]","[6168, 2, 4, 93]"
740,25,288,1176,0.0009107888568225994,4.300000000021084e-07,4,"[1, 3, 4, 5]","[6085, 4, 2, 80]"
741,25,288,1177,0.0009094528858917866,0.0009094528858917866,4,"[1, 3, 4, 5]","[4940, 320, 470, 657]"
742,25,288,1177,0.0009098028858917883,3.500000000017161e-07,4,"[1, 3, 4, 5]","[4866, 289, 405, 693]"
743,25,288,1177,0.0009100928858917898,2.9000000000142193e-07,4,"[1, 3, 4, 5]","[4948, 282, 380, 702]"
744,25,288,1177,0.0009103628858917911,2.7000000000132387e-07,4,"[1, 3, 4, 5]","[4955, 234, 354, 634]"
745,25,288,1177,0.0009106928858917927,3.3000000000161806e-07,4,"[1, 3, 4, 5]","[4868, 240, 386, 714]"
746,25,288,1177,0.0009112628858917955,5.700000000027948e-07,4,"[1, 3, 4, 5]","[4848, 227, 336, 763]"
747,25,288,1178,0.0009094610712847745,0.0009094610712847745,4,"[1, 3, 4, 5]","[5118, 593, 516, 103]"
748,25,288,1178,0.0009098210712847763,3.6000000000176516e-07,4,"[1, 3, 4, 5]","[5071, 540, 515, 110]"
749,25,288,1178,0.0009101110712847777,2.9000000000142193e-07,4,"[1, 3, 4, 5]","[5148, 488, 494, 107]"
750,25,288,1178,0.0009104110712847792,3.0000000000147097e-07,4,"[1, 3, 4, 5]","[5228, 492, 469, 117]"
751,25,288,1178,0.0009107710712847809,3.6000000000176516e-07,4,"[1, 3, 4, 5]","[5061, 495, 470, 122]"
752,25,288,1178,0.0009123610712847887,1.5900000000077961e-06,4,"[1, 3, 4, 5]","[5243, 427, 419, 154]"
753,25,288,1179,0.0009095662885271333,0.0009095662885271333,3,"[1, 3, 4]","[6300, 13, 7]"
754,25,288,1179,0.0009099662885271352,4.000000000019613e-07,3,"[1, 3, 4]","[6243, 19, 6]"
755,25,288,1179,0.0009103062885271369,3.400000000016671e-07,3,"[1, 3, 4]","[6260, 10, 4]"
756,25,288,1179,0.0009107162885271389,4.100000000020103e-07,3,"[1, 3, 4]","[6204, 14, 9]"
757,25,288,1180,0.0009095522645715983,0.0009095522645715983,1,[1],[6319]
758,25,288,1180,0.0009099422645716003,3.9000000000191225e-07,1,[1],[6188]
759,25,288,1180,0.0009102822645716019,3.400000000016671e-07,1,[1],[6399]
760,25,288,1180,0.0009106422645716037,3.6000000000176516e-07,1,[1],[6139]
761,25,288,1180,0.0009113722645716073,7.300000000035793e-07,1,[1],[6222]
762,25,288,1181,0.0009095404636119981,0.0009095404636119981,2,"[1, 2]","[6198, 66]"
763,25,288,1181,0.000909930463612,3.9000000000191225e-07,2,"[1, 2]","[6196, 105]"
764,25,288,1181,0.0009102504636120016,3.2000000000156903e-07,2,"[1, 2]","[6134, 105]"
765,25,288,1181,0.0009106004636120033,3.500000000017161e-07,2,"[1, 2]","[6216, 99]"
766,25,288,1181,0.0009111804636120061,5.800000000028439e-07,2,"[1, 2]","[6073, 108]"
767,25,288,1182,0.0009094963027406794,0.0009094963027406794,2,"[1, 2]","[5672, 616]"
768,25,288,1182,0.0009098663027406812,3.700000000018142e-07,2,"[1, 2]","[5673, 710]"
769,25,288,1182,0.0009101463027406826,2.800000000013729e-07,2,"[1, 2]","[5405, 689]"
770,25,288,1182,0.000910436302740684,2.9000000000142193e-07,2,"[1, 2]","[5647, 781]"
771,25,288,1182,0.0009107863027406857,3.500000000017161e-07,2,"[1, 2]","[5332, 798]"
772,25,288,1182,0.0009116263027406898,8.400000000041187e-07,2,"[1, 2]","[5263, 921]"
773,25,288,1183,0.0009095522491350885,0.0009095522491350885,2,"[1, 2]","[6261, 90]"
774,25,288,1183,0.0009099222491350903,3.700000000018142e-07,2,"[1, 2]","[6110, 108]"
775,25,288,1183,0.0009102222491350918,3.0000000000147097e-07,2,"[1, 2]","[6092, 118]"
776,25,288,1183,0.0009105422491350934,3.2000000000156903e-07,2,"[1, 2]","[6220, 112]"
777,25,288,1183,0.0009109922491350956,4.5000000000220645e-07,2,"[1, 2]","[6102, 120]"
778,25,288,1184,0.0009095985843157648,0.0009095985843157648,1,[1],[6273]
779,25,288,1184,0.0009099785843157667,3.800000000018632e-07,1,[1],[6395]
780,25,288,1184,0.0009102885843157682,3.1000000000152e-07,1,[1],[6180]
781,25,288,1184,0.0009106185843157698,3.3000000000161806e-07,1,[1],[6230]
782,25,288,1184,0.0009111185843157722,5.000000000024516e-07,1,[1],[6174]
783,25,288,1185,0.0009096412861861643,0.0009096412861861643,1,[1],[6309]
784,25,288,1185,0.0009100212861861661,3.800000000018632e-07,1,[1],[6226]
785,25,288,1185,0.0009103612861861678,3.400000000016671e-07,1,[1],[6372]
786,25,288,1185,0.0009107312861861696,3.700000000018142e-07,1,[1],[6131]
787,25,288,1185,0.0009114412861861731,7.100000000034813e-07,1,[1],[6213]
788,25,288,1186,0.0009096294689474588,0.0009096294689474588,1,[1],[6370]
789,25,288,1186,0.0009100294689474607,4.000000000019613e-07,1,[1],[6299]
790,25,288,1186,0.0009103494689474623,3.2000000000156903e-07,1,[1],[6152]
791,25,288,1186,0.0009107194689474641,3.700000000018142e-07,1,[1],[6317]
792,25,288,1186,0.0009113994689474675,6.800000000033342e-07,1,[1],[6140]
793,25,288,1187,0.000909637267388203,0.000909637267388203,1,[1],[6332]
794,25,288,1187,0.0009100372673882049,4.000000000019613e-07,1,[1],[6326]
795,25,288,1187,0.0009103672673882066,3.3000000000161806e-07,1,[1],[6140]
796,25,288,1187,0.0009107572673882085,3.9000000000191225e-07,1,[1],[6308]
797,25,288,1187,0.0009117472673882133,9.900000000048542e-07,1,[1],[6144]
798,25,288,1188,0.0009100043710328656,0.0009100043710328656,1,[1],[6285]
799,25,288,1188,0.0009107043710328691,7.000000000034323e-07,1,[1],[6279]
800,25,289,1154,0.0009112558844627048,0.0009112558844627048,2,"[1, 7]","[5876, 383]"
801,25,289,1155,0.0009117643777358956,0.0009117643777358956,2,"[1, 7]","[6250, 13]"
