,event,pixel_x,pixel_y,reset_time,TSLR,nMCParticles,MC_TrackIDs,MC_Weights
0,11,150,1324,0.0011470242284780693,0.0011470242284780693,2,"[34, 35]","[6253, 1]"
1,11,276,1276,0.0010200627815903907,0.0010200627815903907,1,[23],[6319]
2,11,276,1276,0.0010211127815903844,1.0499999999937643e-06,2,"[3, 23]","[1, 6214]"
3,11,276,1277,0.0010188257796352686,0.0010188257796352686,1,[23],[6310]
4,11,276,1277,0.0010195257796352644,6.999999999958428e-07,1,[23],[6231]
5,11,276,1277,0.0010205557796352583,1.029999999993883e-06,1,[23],[6213]
6,11,276,1278,0.0010183141032496796,0.0010183141032496796,2,"[23, 91]","[6231, 24]"
7,11,276,1278,0.0010189441032496759,6.299999999962586e-07,2,"[23, 91]","[6287, 36]"
8,11,276,1278,0.0010203641032496674,1.419999999991567e-06,3,"[23, 91, 92]","[6134, 37, 1]"
9,11,276,1279,0.0010181588309841167,0.0010181588309841167,3,"[23, 91, 92]","[6170, 127, 1]"
10,11,276,1279,0.0010187588309841132,5.999999999964367e-07,3,"[23, 91, 92]","[6121, 151, 3]"
11,11,276,1279,0.0010198388309841067,1.079999999993586e-06,3,"[23, 91, 92]","[6024, 152, 1]"
12,11,276,1280,0.0010182034092053528,0.0010182034092053528,3,"[23, 91, 92]","[6266, 12, 1]"
13,11,276,1280,0.0010190534092053478,8.49999999994952e-07,2,"[23, 91]","[6218, 17]"
14,11,276,1281,0.0010193798647913845,0.0010193798647913845,1,[23],[6259]
15,11,277,1266,0.001007218356886026,0.001007218356886026,3,"[3, 118, 121]","[6197, 51, 2]"
16,11,277,1267,0.001008072558511458,0.001008072558511458,3,"[3, 118, 121]","[6281, 21, 1]"
17,11,277,1267,0.0010090325585114523,9.599999999942987e-07,1,[3],[6221]
18,11,277,1268,0.0010092258948396844,0.0010092258948396844,1,[3],[6297]
19,11,277,1268,0.0010099358948396802,7.099999999957834e-07,1,[3],[6226]
20,11,277,1268,0.001010655894839676,7.199999999957241e-07,1,[3],[6291]
21,11,277,1268,0.0010118558948396688,1.1999999999928734e-06,1,[3],[6215]
22,11,277,1269,0.001010730807915265,0.001010730807915265,1,[3],[6314]
23,11,277,1269,0.001011390807915261,6.599999999960804e-07,1,[3],[6279]
24,11,277,1269,0.0010119408079152577,5.499999999967337e-07,1,[3],[6175]
25,11,277,1269,0.0010125208079152543,5.799999999965555e-07,1,[3],[6257]
26,11,277,1269,0.0010133008079152496,7.799999999953677e-07,1,[3],[6252]
27,11,277,1270,0.0010125202968854718,0.0010125202968854718,1,[3],[6327]
28,11,277,1270,0.0010131002968854683,5.799999999965555e-07,1,[3],[6217]
29,11,277,1270,0.0010135402968854657,4.399999999973869e-07,1,[3],[6218]
30,11,277,1270,0.0010139602968854632,4.199999999975057e-07,1,[3],[6240]
31,11,277,1270,0.0010144102968854605,4.4999999999732754e-07,1,[3],[6270]
32,11,277,1270,0.001015010296885457,5.999999999964367e-07,1,[3],[6274]
33,11,277,1271,0.0010141973300010782,0.0010141973300010782,1,[3],[6291]
34,11,277,1271,0.0010147773300010748,5.799999999965555e-07,1,[3],[6225]
35,11,277,1271,0.001015247330001072,4.6999999999720876e-07,1,[3],[6369]
36,11,277,1271,0.0010156873300010694,4.399999999973869e-07,1,[3],[6201]
37,11,277,1271,0.0010161573300010666,4.6999999999720876e-07,1,[3],[6182]
38,11,277,1271,0.0010168073300010627,6.499999999961398e-07,1,[3],[6255]
39,11,277,1272,0.0010160614217898083,0.0010160614217898083,1,[3],[6284]
40,11,277,1272,0.001016641421789805,5.799999999965555e-07,1,[3],[6317]
41,11,277,1272,0.0010170914217898022,4.4999999999732754e-07,1,[3],[6307]
42,11,277,1272,0.0010175114217897997,4.199999999975057e-07,1,[3],[6186]
43,11,277,1272,0.001017971421789797,4.5999999999726815e-07,1,[3],[6173]
44,11,277,1272,0.0010185614217897935,5.899999999964961e-07,1,[3],[6238]
45,11,277,1272,0.0010196914217897868,1.1299999999932892e-06,1,[3],[6263]
46,11,277,1273,0.001017973697609818,0.001017973697609818,1,[3],[6284]
47,11,277,1273,0.0010185836976098143,6.099999999963773e-07,1,[3],[6285]
48,11,277,1273,0.0010190236976098117,4.399999999973869e-07,1,[3],[6349]
49,11,277,1273,0.0010193936976098095,3.6999999999780264e-07,1,[3],[6152]
50,11,277,1273,0.0010197636976098073,3.6999999999780264e-07,1,[3],[6323]
51,11,277,1273,0.0010201736976098049,4.099999999975651e-07,1,[3],[6127]
52,11,277,1273,0.0010207136976098017,5.39999999996793e-07,1,[3],[6237]
53,11,277,1273,0.0010222536976097925,1.5399999999908542e-06,2,"[3, 23]","[6252, 3]"
54,11,277,1274,0.0010197437458936004,0.0010197437458936004,2,"[3, 23]","[6282, 5]"
55,11,277,1274,0.0010202637458935973,5.199999999969118e-07,2,"[3, 23]","[6253, 23]"
56,11,277,1274,0.001020643745893595,3.7999999999774325e-07,2,"[3, 23]","[6250, 63]"
57,11,277,1274,0.0010209637458935931,3.199999999980996e-07,2,"[3, 23]","[6022, 113]"
58,11,277,1274,0.0010212637458935914,2.9999999999821836e-07,3,"[3, 23, 112]","[6038, 209, 1]"
59,11,277,1274,0.0010215837458935895,3.199999999980996e-07,2,"[3, 23]","[6087, 324]"
60,11,277,1274,0.0010219137458935875,3.299999999980402e-07,2,"[3, 23]","[5582, 501]"
61,11,277,1274,0.001022343745893585,4.299999999974463e-07,2,"[3, 23]","[5395, 891]"
62,11,277,1274,0.0010232937458935793,9.499999999943581e-07,2,"[3, 23]","[4338, 1876]"
63,11,277,1275,0.001021056676484839,0.001021056676484839,3,"[3, 23, 112]","[2164, 4098, 7]"
64,11,277,1275,0.0010216466764848356,5.899999999964961e-07,4,"[3, 23, 112, 113]","[2412, 3875, 4, 2]"
65,11,277,1275,0.0010222066764848322,5.599999999966743e-07,4,"[3, 23, 112, 113]","[2369, 3898, 3, 1]"
66,11,277,1275,0.0010231966764848264,9.899999999941206e-07,3,"[3, 23, 112]","[2042, 4132, 2]"
67,11,277,1276,0.0010206858844156053,0.0010206858844156053,3,"[3, 23, 112]","[3, 6274, 1]"
68,11,277,1276,0.001022435884415595,1.749999999989607e-06,4,"[3, 23, 112, 113]","[23, 6193, 2, 5]"
69,11,277,1280,0.0010185235508062408,0.0010185235508062408,2,"[23, 91]","[6274, 5]"
70,11,277,1281,0.0010181368197568548,0.0010181368197568548,1,[23],[6334]
71,11,277,1281,0.001018796819756851,6.599999999960804e-07,1,[23],[6175]
72,11,277,1282,0.0010185595176228962,0.0010185595176228962,1,[23],[6312]
73,11,277,1282,0.0010198695176228884,1.3099999999922202e-06,1,[23],[6207]
74,11,278,1254,0.0009926609482229663,0.0009926609482229663,1,[3],[6255]
75,11,278,1255,0.0009927833225674139,0.0009927833225674139,2,"[3, 18]","[6241, 27]"
76,11,278,1256,0.0009933984837669158,0.0009933984837669158,2,"[3, 18]","[5237, 1032]"
77,11,278,1256,0.00099436848376691,9.699999999942394e-07,2,"[3, 18]","[5079, 1203]"
78,11,278,1257,0.0009945799465382514,0.0009945799465382514,3,"[3, 18, 19]","[5570, 713, 3]"
79,11,278,1257,0.000995489946538246,9.099999999945957e-07,3,"[3, 18, 19]","[6100, 38, 89]"
80,11,278,1257,0.0009978899465382318,2.399999999985747e-06,3,"[3, 18, 19]","[5338, 3, 896]"
81,11,278,1258,0.0009957635962521446,0.0009957635962521446,2,"[3, 19]","[5655, 661]"
82,11,278,1258,0.0009964035962521408,6.399999999961992e-07,2,"[3, 19]","[4972, 1295]"
83,11,278,1258,0.000997033596252137,6.299999999962586e-07,2,"[3, 19]","[4859, 1341]"
84,11,278,1259,0.0009970088651818272,0.0009970088651818272,2,"[3, 19]","[6093, 233]"
85,11,278,1259,0.0009976888651818231,6.799999999959616e-07,2,"[3, 19]","[6222, 55]"
86,11,278,1259,0.0009984188651818188,7.299999999956647e-07,2,"[3, 19]","[6140, 8]"
87,11,278,1260,0.0009981627711347634,0.0009981627711347634,2,"[3, 20]","[6237, 15]"
88,11,278,1260,0.0009987827711347597,6.199999999963179e-07,2,"[3, 20]","[6308, 52]"
89,11,278,1260,0.0009993727711347562,5.899999999964961e-07,2,"[3, 20]","[6014, 149]"
90,11,278,1260,0.0010007227711347482,1.3499999999919826e-06,2,"[3, 20]","[5979, 251]"
91,11,278,1261,0.0009992384304001007,0.0009992384304001007,2,"[3, 20]","[6083, 261]"
92,11,278,1261,0.0009998084304000973,5.699999999966149e-07,2,"[3, 20]","[5958, 258]"
93,11,278,1261,0.001000378430400094,5.699999999966149e-07,2,"[3, 20]","[6031, 177]"
94,11,278,1261,0.0010014284304000877,1.0499999999937643e-06,2,"[3, 20]","[6171, 77]"
95,11,278,1262,0.0010003146955696255,0.0010003146955696255,2,"[3, 20]","[6306, 14]"
96,11,278,1262,0.001000904695569622,5.899999999964961e-07,2,"[3, 20]","[6238, 5]"
97,11,278,1262,0.0010014846955696186,5.799999999965555e-07,1,[3],[6240]
98,11,278,1262,0.0010026146955696119,1.1299999999932892e-06,1,[3],[6214]
99,11,278,1263,0.0010014493062906482,0.0010014493062906482,1,[3],[6263]
100,11,278,1263,0.0010020493062906446,5.999999999964367e-07,1,[3],[6293]
101,11,278,1263,0.0010026093062906413,5.599999999966743e-07,1,[3],[6194]
102,11,278,1263,0.0010034093062906365,7.99999999995249e-07,1,[3],[6258]
103,11,278,1264,0.001002721056185835,0.001002721056185835,1,[3],[6329]
104,11,278,1264,0.0010033110561858316,5.899999999964961e-07,1,[3],[6203]
105,11,278,1264,0.0010038310561858285,5.199999999969118e-07,1,[3],[6276]
106,11,278,1264,0.0010044410561858249,6.099999999963773e-07,1,[3],[6238]
107,11,278,1264,0.0010060810561858151,1.6399999999902604e-06,1,[3],[6208]
108,11,278,1265,0.0010041467750282916,0.0010041467750282916,1,[3],[6310]
109,11,278,1265,0.001004736775028288,5.899999999964961e-07,1,[3],[6249]
110,11,278,1265,0.0010052167750282852,4.799999999971494e-07,1,[3],[6238]
111,11,278,1265,0.0010057167750282823,4.999999999970306e-07,1,[3],[6299]
112,11,278,1265,0.001006416775028278,6.999999999958428e-07,1,[3],[6191]
113,11,278,1266,0.0010057222554230069,0.0010057222554230069,1,[3],[6292]
114,11,278,1266,0.0010063322554230033,6.099999999963773e-07,1,[3],[6322]
115,11,278,1266,0.0010068422554230002,5.099999999969712e-07,1,[3],[6152]
116,11,278,1266,0.0010074222554229968,5.799999999965555e-07,1,[3],[6315]
117,11,278,1266,0.0010084422554229907,1.0199999999939424e-06,1,[3],[6200]
118,11,278,1267,0.0010074376906982533,0.0010074376906982533,1,[3],[6302]
119,11,278,1267,0.0010081276906982492,6.899999999959022e-07,1,[3],[6299]
120,11,278,1267,0.0010087876906982453,6.599999999960804e-07,1,[3],[6152]
121,11,278,1267,0.0010101376906982372,1.3499999999919826e-06,1,[3],[6253]
122,11,278,1268,0.0010092206931075448,0.0010092206931075448,1,[3],[6292]
123,11,278,1268,0.0010101106931075395,8.899999999947145e-07,1,[3],[6213]
124,11,278,1268,0.001011530693107531,1.419999999991567e-06,1,[3],[6253]
125,11,278,1269,0.0010113238225000606,0.0010113238225000606,1,[3],[6303]
126,11,278,1269,0.0010126738225000526,1.3499999999919826e-06,1,[3],[6214]
127,11,278,1270,0.0010135118104953602,0.0010135118104953602,1,[3],[6285]
128,11,278,1270,0.0010150418104953511,1.5299999999909136e-06,1,[3],[6227]
129,11,278,1271,0.0010153440778782428,0.0010153440778782428,1,[3],[6253]
130,11,278,1271,0.0010169440778782333,1.599999999990498e-06,1,[3],[6259]
131,11,278,1272,0.001016870629294145,0.001016870629294145,1,[3],[6295]
132,11,278,1272,0.0010178606292941391,9.899999999941206e-07,1,[3],[6214]
133,11,278,1272,0.0010196006292941288,1.7399999999896665e-06,1,[3],[6249]
134,11,278,1273,0.001018690937879,0.001018690937879,1,[3],[6284]
135,11,278,1273,0.0010195809378789947,8.899999999947145e-07,1,[3],[6271]
136,11,278,1273,0.0010206709378789882,1.0899999999935267e-06,1,[3],[6198]
137,11,278,1274,0.0010204851557790626,0.0010204851557790626,3,"[3, 23, 112]","[6254, 2, 1]"
138,11,278,1274,0.0010213251557790576,8.399999999950114e-07,2,"[3, 23]","[6197, 47]"
139,11,278,1274,0.0010222951557790519,9.699999999942394e-07,2,"[3, 23]","[5968, 316]"
140,11,278,1282,0.001018636192592905,0.001018636192592905,1,[23],[6270]
141,11,278,1283,0.0010180262500088628,0.0010180262500088628,1,[23],[6297]
142,11,278,1283,0.001018846250008858,8.199999999951302e-07,1,[23],[6229]
143,11,278,1284,0.0010187644473731393,0.0010187644473731393,1,[23],[6252]
144,11,279,1248,0.0009845260347032402,0.0009845260347032402,1,[3],[6259]
145,11,279,1249,0.000984498729397796,0.000984498729397796,2,"[3, 16]","[6283, 1]"
146,11,279,1249,0.000986338729397785,1.8399999999890726e-06,3,"[3, 16, 17]","[6203, 13, 10]"
147,11,279,1250,0.0009851914179321087,0.0009851914179321087,3,"[3, 16, 17]","[5704, 463, 117]"
148,11,279,1250,0.000985821417932105,6.299999999962586e-07,3,"[3, 16, 17]","[4798, 1064, 377]"
149,11,279,1250,0.0009864214179321014,5.999999999964367e-07,3,"[3, 16, 17]","[4190, 1347, 691]"
150,11,279,1251,0.0009857197897554847,0.0009857197897554847,3,"[3, 16, 17]","[2176, 3609, 512]"
151,11,279,1251,0.0009861897897554819,4.6999999999720876e-07,3,"[3, 16, 17]","[2707, 2888, 614]"
152,11,279,1251,0.0009865997897554794,4.099999999975651e-07,3,"[3, 16, 17]","[3307, 2348, 638]"
153,11,279,1251,0.000987019789755477,4.199999999975057e-07,3,"[3, 16, 17]","[4097, 1585, 547]"
154,11,279,1251,0.0009875797897554736,5.599999999966743e-07,3,"[3, 16, 17]","[5094, 792, 345]"
155,11,279,1251,0.0009894497897554625,1.8699999999888944e-06,3,"[3, 16, 17]","[5940, 190, 116]"
156,11,279,1252,0.0009874699125781983,0.0009874699125781983,3,"[3, 16, 17]","[5495, 760, 49]"
157,11,279,1252,0.0009881199125781944,6.499999999961398e-07,3,"[3, 16, 17]","[6207, 15, 5]"
158,11,279,1252,0.000988699912578191,5.799999999965555e-07,2,"[3, 16]","[6232, 1]"
159,11,279,1252,0.0009895999125781856,8.999999999946551e-07,1,[3],[6237]
160,11,279,1253,0.0009888584813926857,0.0009888584813926857,1,[3],[6295]
161,11,279,1253,0.000989498481392682,6.399999999961992e-07,1,[3],[6239]
162,11,279,1253,0.000990148481392678,6.499999999961398e-07,1,[3],[6293]
163,11,279,1253,0.0009914184813926705,1.2699999999924577e-06,1,[3],[6182]
164,11,279,1254,0.0009902738408753657,0.0009902738408753657,1,[3],[6259]
165,11,279,1254,0.0009909438408753617,6.69999999996021e-07,1,[3],[6241]
166,11,279,1254,0.0009916638408753575,7.199999999957241e-07,1,[3],[6292]
167,11,279,1255,0.000991632679789284,0.000991632679789284,2,"[3, 18]","[6277, 1]"
168,11,279,1255,0.0009923426797892798,7.099999999957834e-07,2,"[3, 18]","[6243, 12]"
169,11,279,1255,0.0009931226797892751,7.799999999953677e-07,2,"[3, 18]","[6157, 76]"
170,11,279,1256,0.000992845441262285,0.000992845441262285,2,"[3, 18]","[5423, 891]"
171,11,279,1256,0.0009934054412622816,5.599999999966743e-07,2,"[3, 18]","[4920, 1387]"
172,11,279,1256,0.0009939054412622787,4.999999999970306e-07,2,"[3, 18]","[4619, 1520]"
173,11,279,1256,0.0009945754412622747,6.69999999996021e-07,2,"[3, 18]","[4870, 1408]"
174,11,279,1257,0.000994225600810031,0.000994225600810031,2,"[3, 18]","[4953, 1344]"
175,11,279,1257,0.0009950256008100262,7.99999999995249e-07,3,"[3, 18, 19]","[5972, 267, 21]"
176,11,279,1257,0.0009959656008100206,9.399999999944175e-07,3,"[3, 18, 19]","[5982, 28, 201]"
177,11,279,1258,0.0009958380136116949,0.0009958380136116949,3,"[3, 18, 19]","[5533, 6, 715]"
178,11,279,1258,0.0009965980136116903,7.599999999954865e-07,2,"[3, 19]","[4875, 1440]"
179,11,279,1258,0.0009977180136116837,1.1199999999933485e-06,2,"[3, 19]","[4579, 1603]"
180,11,279,1259,0.0009973663662428622,0.0009973663662428622,2,"[3, 19]","[5989, 281]"
181,11,279,1259,0.000998726366242854,1.3599999999919232e-06,2,"[3, 19]","[6209, 37]"
182,11,279,1260,0.0009988199813697836,0.0009988199813697836,2,"[3, 20]","[6238, 23]"
183,11,279,1261,0.0010001009929211603,0.0010001009929211603,2,"[3, 20]","[5996, 263]"
184,11,279,1262,0.001001593747757889,0.001001593747757889,2,"[3, 20]","[6244, 10]"
185,11,279,1263,0.0010030665057094103,0.0010030665057094103,1,[3],[6266]
186,11,279,1264,0.0010048295180498502,0.0010048295180498502,1,[3],[6257]
187,11,279,1284,0.0010170334149544025,0.0010170334149544025,1,[23],[6304]
188,11,279,1284,0.0010177334149543984,6.999999999958428e-07,1,[23],[6227]
189,11,279,1285,0.0010177146383472905,0.0010177146383472905,1,[23],[6272]
190,11,280,1244,0.0009789056663727805,0.0009789056663727805,1,[3],[6275]
191,11,280,1245,0.0009795175972932171,0.0009795175972932171,1,[3],[6287]
192,11,280,1245,0.0009804675972932115,9.499999999943581e-07,1,[3],[6250]
193,11,280,1246,0.0009803887348176902,0.0009803887348176902,1,[3],[6281]
194,11,280,1246,0.000981088734817686,6.999999999958428e-07,1,[3],[6278]
195,11,280,1246,0.0009820287348176805,9.399999999944175e-07,1,[3],[6214]
196,11,280,1247,0.0009814307347961293,0.0009814307347961293,1,[3],[6270]
197,11,280,1247,0.0009820707347961255,6.399999999961992e-07,1,[3],[6230]
198,11,280,1247,0.0009827607347961214,6.899999999959022e-07,1,[3],[6302]
199,11,280,1248,0.0009825346434603353,0.0009825346434603353,1,[3],[6311]
200,11,280,1248,0.0009831546434603316,6.199999999963179e-07,1,[3],[6274]
201,11,280,1248,0.000983764643460328,6.099999999963773e-07,1,[3],[6261]
202,11,280,1249,0.0009837507184204985,0.0009837507184204985,1,[3],[6321]
203,11,280,1249,0.0009844507184204943,6.999999999958428e-07,1,[3],[6247]
204,11,280,1249,0.0009852207184204897,7.699999999954271e-07,3,"[3, 16, 17]","[6182, 1, 2]"
205,11,280,1250,0.0009851725508462452,0.0009851725508462452,3,"[3, 16, 17]","[5948, 244, 73]"
206,11,280,1250,0.0009859725508462405,7.99999999995249e-07,3,"[3, 16, 17]","[5139, 806, 361]"
207,11,280,1250,0.0009873525508462323,1.3799999999918044e-06,3,"[3, 16, 17]","[4068, 1273, 839]"
208,11,280,1251,0.0009860309348203675,0.0009860309348203675,3,"[3, 16, 17]","[2164, 3536, 593]"
209,11,280,1251,0.000986810934820363,7.799999999953677e-07,3,"[3, 16, 17]","[2836, 2712, 726]"
210,11,280,1252,0.000990325055294883,0.000990325055294883,3,"[3, 16, 17]","[5725, 480, 45]"
211,11,280,1284,0.0010178350143129748,0.0010178350143129748,1,[23],[6271]
212,11,280,1285,0.0010163915894818867,0.0010163915894818867,1,[23],[6297]
213,11,280,1285,0.0010171515894818821,7.599999999954865e-07,1,[23],[6241]
214,11,281,1239,0.0009755166173092836,0.0009755166173092836,1,[3],[6250]
215,11,281,1240,0.0009746306664358646,0.0009746306664358646,1,[3],[6275]
216,11,281,1241,0.0009751682071746188,0.0009751682071746188,1,[3],[6288]
217,11,281,1241,0.0009759082071746224,7.400000000036284e-07,1,[3],[6275]
218,11,281,1242,0.0009759668267539278,0.0009759668267539278,1,[3],[6267]
219,11,281,1242,0.0009765668267539306,6.000000000028335e-07,1,[3],[6253]
220,11,281,1242,0.0009772368267539266,6.69999999996021e-07,1,[3],[6304]
221,11,281,1243,0.000976938733545795,0.000976938733545795,1,[3],[6281]
222,11,281,1243,0.0009775487335457913,6.099999999963773e-07,1,[3],[6245]
223,11,281,1243,0.0009781987335457875,6.499999999961398e-07,1,[3],[6247]
224,11,281,1244,0.0009781059158114605,0.0009781059158114605,1,[3],[6322]
225,11,281,1244,0.000978865915811456,7.599999999954865e-07,1,[3],[6250]
226,11,281,1245,0.00097951423245637,0.00097951423245637,1,[3],[6267]
227,11,281,1245,0.0009810542324563609,1.5399999999908542e-06,1,[3],[6238]
228,11,281,1246,0.0009813010526681252,0.0009813010526681252,1,[3],[6274]
229,11,282,1234,0.0009693326917697134,0.0009693326917697134,2,"[3, 14]","[5534, 720]"
230,11,282,1235,0.0009694820759704031,0.0009694820759704031,3,"[3, 14, 15]","[6211, 8, 61]"
231,11,282,1236,0.0009697248296417371,0.0009697248296417371,2,"[3, 15]","[4050, 2271]"
232,11,282,1236,0.0009703348296417401,6.10000000002991e-07,2,"[3, 15]","[4002, 2235]"
233,11,282,1236,0.0009710548296417436,7.200000000035303e-07,2,"[3, 15]","[4298, 1896]"
234,11,282,1237,0.0009705812709041911,0.0009705812709041911,2,"[3, 15]","[4215, 2080]"
235,11,282,1237,0.0009712512709041944,6.700000000032852e-07,2,"[3, 15]","[5680, 625]"
236,11,282,1237,0.0009719612709041979,7.100000000034813e-07,2,"[3, 15]","[5977, 178]"
237,11,282,1238,0.0009717695002835904,0.0009717695002835904,2,"[3, 15]","[6309, 14]"
238,11,282,1238,0.0009723995002835935,6.30000000003089e-07,2,"[3, 15]","[6232, 1]"
239,11,282,1238,0.000973109500283597,7.100000000034813e-07,1,[3],[6218]
240,11,282,1239,0.0009728183247543639,0.0009728183247543639,1,[3],[6324]
241,11,282,1239,0.0009734683247543671,6.500000000031871e-07,1,[3],[6242]
242,11,282,1239,0.000974278324754371,8.100000000039716e-07,1,[3],[6219]
243,11,282,1240,0.0009739901904560815,0.0009739901904560815,1,[3],[6267]
244,11,282,1240,0.0009748201904560855,8.300000000040697e-07,1,[3],[6234]
245,11,282,1241,0.0009753658694141485,0.0009753658694141485,1,[3],[6301]
246,11,283,1229,0.0009642745071194079,0.0009642745071194079,2,"[3, 13]","[6170, 83]"
247,11,283,1230,0.0009646015177866872,0.0009646015177866872,1,[3],[6290]
248,11,283,1230,0.000966201517786695,1.6000000000078451e-06,1,[3],[6218]
249,11,283,1231,0.0009652016823351798,0.0009652016823351798,1,[3],[6257]
250,11,283,1231,0.0009659916823351837,7.900000000038735e-07,1,[3],[6273]
251,11,283,1232,0.0009659263979795954,0.0009659263979795954,2,"[3, 14]","[6314, 14]"
252,11,283,1232,0.0009665863979795987,6.600000000032361e-07,2,"[3, 14]","[6180, 35]"
253,11,283,1232,0.0009675263979796033,9.40000000004609e-07,2,"[3, 14]","[6124, 104]"
254,11,283,1233,0.0009664756081698193,0.0009664756081698193,2,"[3, 14]","[3886, 2421]"
255,11,283,1233,0.0009669556081698216,4.800000000023535e-07,2,"[3, 14]","[4026, 2221]"
256,11,283,1233,0.0009674056081698238,4.5000000000220645e-07,2,"[3, 14]","[4229, 1981]"
257,11,283,1233,0.0009680356081698269,6.30000000003089e-07,2,"[3, 14]","[4673, 1570]"
258,11,283,1234,0.0009671251435485799,0.0009671251435485799,2,"[3, 14]","[2256, 4026]"
259,11,283,1234,0.0009678151435485833,6.900000000033832e-07,2,"[3, 14]","[4615, 1651]"
260,11,283,1234,0.0009684651435485865,6.500000000031871e-07,2,"[3, 14]","[5698, 519]"
261,11,283,1234,0.0009698351435485932,1.3700000000067174e-06,2,"[3, 14]","[6166, 84]"
262,11,283,1235,0.0009688620532199451,0.0009688620532199451,3,"[3, 14, 15]","[6236, 48, 34]"
263,11,283,1235,0.0009697620532199495,9.000000000044129e-07,2,"[3, 15]","[6078, 152]"
264,11,283,1236,0.0009695653447186767,0.0009695653447186767,2,"[3, 15]","[3148, 3163]"
265,11,283,1236,0.0009701553447186796,5.900000000028929e-07,2,"[3, 15]","[3027, 3169]"
266,11,283,1236,0.0009708653447186831,7.100000000034813e-07,2,"[3, 15]","[3299, 2987]"
267,11,283,1237,0.0009707606264141817,0.0009707606264141817,2,"[3, 15]","[2656, 3625]"
268,11,284,1222,0.0009598891444837327,0.0009598891444837327,2,"[3, 12]","[5551, 713]"
269,11,284,1223,0.0009595700034435293,0.0009595700034435293,2,"[3, 12]","[5271, 1010]"
270,11,284,1224,0.0009600671498193298,0.0009600671498193298,2,"[3, 12]","[6280, 26]"
271,11,284,1224,0.0009614671498193367,1.4000000000068645e-06,2,"[3, 12]","[6194, 2]"
272,11,284,1225,0.000960534300337147,0.000960534300337147,1,[3],[6303]
273,11,284,1225,0.0009613043003371507,7.700000000037755e-07,1,[3],[6228]
274,11,284,1226,0.0009611075906285684,0.0009611075906285684,1,[3],[6336]
275,11,284,1226,0.0009617575906285716,6.500000000031871e-07,1,[3],[6256]
276,11,284,1226,0.0009630775906285781,1.3200000000064722e-06,2,"[3, 13]","[6173, 1]"
277,11,284,1227,0.0009617264533202267,0.0009617264533202267,2,"[3, 13]","[6294, 57]"
278,11,284,1227,0.0009623164533202296,5.900000000028929e-07,2,"[3, 13]","[6081, 162]"
279,11,284,1227,0.0009630664533202333,7.500000000036774e-07,2,"[3, 13]","[5849, 316]"
280,11,284,1228,0.0009623315745448803,0.0009623315745448803,2,"[3, 13]","[5014, 1294]"
281,11,284,1228,0.000962881574544883,5.500000000026968e-07,2,"[3, 13]","[4871, 1399]"
282,11,284,1228,0.0009634715745448859,5.900000000028929e-07,2,"[3, 13]","[4939, 1236]"
283,11,284,1229,0.0009633389149676994,0.0009633389149676994,2,"[3, 13]","[5927, 341]"
284,11,284,1229,0.000964088914967703,7.500000000036774e-07,2,"[3, 13]","[6183, 86]"
285,11,284,1230,0.0009644321500661703,0.0009644321500661703,2,"[3, 13]","[6303, 1]"
286,11,284,1230,0.0009657621500661768,1.3300000000065213e-06,1,[3],[6216]
287,11,284,1231,0.0009657652499448575,0.0009657652499448575,1,[3],[6259]
288,11,285,1180,0.000925204381328766,0.000925204381328766,5,"[3, 5, 6, 131, 132]","[1456, 50, 4663, 86, 4]"
289,11,285,1190,0.000932728603604968,0.000932728603604968,2,"[3, 7]","[2576, 3674]"
290,11,285,1191,0.0009325447920366255,0.0009325447920366255,2,"[3, 7]","[1380, 4898]"
291,11,285,1208,0.0009492054064565799,0.0009492054064565799,1,[3],[6258]
292,11,285,1209,0.0009497953116342308,0.0009497953116342308,1,[3],[6266]
293,11,285,1210,0.000950488702525356,0.000950488702525356,1,[3],[6251]
294,11,285,1211,0.0009511959616796678,0.0009511959616796678,3,"[3, 10, 126]","[6078, 199, 2]"
295,11,285,1212,0.0009514462328024142,0.0009514462328024142,4,"[3, 10, 126, 127]","[3821, 2488, 5, 2]"
296,11,285,1212,0.0009522662328024182,8.200000000040206e-07,4,"[3, 10, 126, 127]","[4266, 1953, 1, 1]"
297,11,285,1213,0.0009522297124366634,0.0009522297124366634,2,"[3, 10]","[4941, 1330]"
298,11,285,1213,0.0009532797124366686,1.0500000000051484e-06,2,"[3, 10]","[6084, 169]"
299,11,285,1214,0.0009531090211091429,0.0009531090211091429,2,"[3, 10]","[6307, 15]"
300,11,285,1214,0.0009540590211091476,9.500000000046581e-07,2,"[3, 11]","[6211, 4]"
301,11,285,1215,0.0009537418299639437,0.0009537418299639437,2,"[3, 11]","[5971, 330]"
302,11,285,1215,0.0009544918299639474,7.500000000036774e-07,2,"[3, 11]","[5563, 691]"
303,11,285,1216,0.0009542947622071988,0.0009542947622071988,2,"[3, 11]","[4849, 1410]"
304,11,285,1216,0.0009549347622072019,6.400000000031381e-07,2,"[3, 11]","[5126, 1159]"
305,11,285,1216,0.0009560847622072076,1.1500000000056387e-06,2,"[3, 11]","[5513, 706]"
306,11,285,1217,0.0009550900709126515,0.0009550900709126515,2,"[3, 11]","[6235, 65]"
307,11,285,1217,0.000955790070912655,7.000000000034323e-07,2,"[3, 11]","[6253, 10]"
308,11,285,1218,0.0009556899002558831,0.0009556899002558831,1,[3],[6258]
309,11,285,1218,0.0009563499002558863,6.600000000032361e-07,1,[3],[6289]
310,11,285,1218,0.0009578199002558935,1.4700000000072077e-06,1,[3],[6208]
311,11,285,1219,0.0009563329568244534,0.0009563329568244534,1,[3],[6304]
312,11,285,1219,0.0009569729568244565,6.400000000031381e-07,1,[3],[6278]
313,11,285,1219,0.0009580029568244616,1.0300000000050503e-06,1,[3],[6179]
314,11,285,1220,0.0009569896425960584,0.0009569896425960584,1,[3],[6309]
315,11,285,1220,0.0009576096425960614,6.2000000000304e-07,1,[3],[6263]
316,11,285,1220,0.0009585896425960662,9.800000000048052e-07,1,[3],[6183]
317,11,285,1221,0.0009576668957981761,0.0009576668957981761,1,[3],[6278]
318,11,285,1221,0.0009583168957981793,6.500000000031871e-07,2,"[3, 12]","[6262, 4]"
319,11,285,1221,0.000959476895798185,1.1600000000056877e-06,2,"[3, 12]","[6199, 13]"
320,11,285,1222,0.0009583493477803513,0.0009583493477803513,2,"[3, 12]","[5971, 324]"
321,11,285,1222,0.0009589693477803544,6.2000000000304e-07,2,"[3, 12]","[5586, 674]"
322,11,285,1222,0.0009598293477803586,8.600000000042168e-07,2,"[3, 12]","[4945, 1285]"
323,11,285,1223,0.0009589049911329874,0.0009589049911329874,2,"[3, 12]","[4670, 1625]"
324,11,285,1223,0.0009594949911329903,5.900000000028929e-07,2,"[3, 12]","[4751, 1529]"
325,11,285,1223,0.000960244991132994,7.500000000036774e-07,2,"[3, 12]","[4957, 1245]"
326,11,285,1224,0.0009599635697799235,0.0009599635697799235,2,"[3, 12]","[6171, 80]"
327,11,285,1224,0.0009613935697799305,1.4300000000070116e-06,2,"[3, 12]","[6242, 17]"
328,11,285,1225,0.0009610522308943987,0.0009610522308943987,1,[3],[6262]
329,11,286,1153,0.0009062965959903302,0.0009062965959903302,2,"[1, 3]","[5492, 789]"
330,11,286,1153,0.0009069165959903333,6.2000000000304e-07,2,"[1, 3]","[5351, 921]"
331,11,286,1154,0.0009058705347975124,0.0009058705347975124,2,"[1, 3]","[5926, 394]"
332,11,286,1154,0.0009062305347975142,3.6000000000176516e-07,2,"[1, 3]","[5594, 661]"
333,11,286,1154,0.0009065105347975155,2.800000000013729e-07,2,"[1, 3]","[5436, 810]"
334,11,286,1154,0.0009067905347975169,2.800000000013729e-07,2,"[1, 3]","[5456, 946]"
335,11,286,1154,0.0009070805347975183,2.9000000000142193e-07,2,"[1, 3]","[4883, 1157]"
336,11,286,1154,0.0009075405347975206,4.600000000022555e-07,2,"[1, 3]","[4733, 1595]"
337,11,286,1155,0.0009058693190922588,0.0009058693190922588,2,"[1, 3]","[6216, 100]"
338,11,286,1155,0.0009062393190922606,3.700000000018142e-07,2,"[1, 3]","[5984, 222]"
339,11,286,1155,0.0009065493190922621,3.1000000000152e-07,2,"[1, 3]","[6031, 391]"
340,11,286,1155,0.0009068393190922636,2.9000000000142193e-07,2,"[1, 3]","[5450, 631]"
341,11,286,1155,0.0009071893190922653,3.500000000017161e-07,2,"[1, 3]","[5050, 1175]"
342,11,286,1155,0.0009077793190922682,5.900000000028929e-07,2,"[1, 3]","[3969, 2308]"
343,11,286,1156,0.0009059816607937287,0.0009059816607937287,2,"[1, 3]","[6360, 20]"
344,11,286,1156,0.0009063716607937306,3.9000000000191225e-07,2,"[1, 3]","[6237, 47]"
345,11,286,1156,0.0009066916607937322,3.2000000000156903e-07,2,"[1, 3]","[6094, 137]"
346,11,286,1156,0.0009070116607937337,3.2000000000156903e-07,2,"[1, 3]","[5775, 339]"
347,11,286,1156,0.000907461660793736,4.5000000000220645e-07,2,"[1, 3]","[5240, 1050]"
348,11,286,1156,0.00090828166079374,8.200000000040206e-07,2,"[1, 3]","[2928, 3312]"
349,11,286,1157,0.0009061175109862847,0.0009061175109862847,2,"[1, 3]","[6324, 2]"
350,11,286,1157,0.0009065175109862866,4.000000000019613e-07,2,"[1, 3]","[6275, 17]"
351,11,286,1157,0.0009068775109862884,3.6000000000176516e-07,2,"[1, 3]","[6178, 43]"
352,11,286,1157,0.0009072975109862904,4.2000000000205935e-07,2,"[1, 3]","[6013, 244]"
353,11,286,1157,0.0009080575109862942,7.600000000037264e-07,2,"[1, 3]","[4624, 1549]"
354,11,286,1157,0.000909657510986302,1.6000000000078451e-06,2,"[1, 3]","[554, 5686]"
355,11,286,1158,0.0009062696590406218,0.0009062696590406218,1,[1],[6330]
356,11,286,1158,0.000906729659040624,4.600000000022555e-07,2,"[1, 3]","[6195, 1]"
357,11,286,1158,0.0009071996590406264,4.700000000023045e-07,2,"[1, 3]","[6304, 21]"
358,11,286,1158,0.0009082296590406314,1.0300000000050503e-06,2,"[1, 3]","[5367, 803]"
359,11,286,1158,0.0009096796590406385,1.4500000000071097e-06,2,"[1, 3]","[306, 5928]"
360,11,286,1159,0.0009064603486875699,0.0009064603486875699,1,[1],[6329]
361,11,286,1159,0.0009070603486875729,6.000000000029419e-07,2,"[1, 3]","[6186, 1]"
362,11,286,1159,0.0009086003486875804,1.540000000007551e-06,2,"[1, 3]","[5746, 498]"
363,11,286,1159,0.0009102003486875882,1.6000000000078451e-06,3,"[1, 3, 4]","[52, 6179, 12]"
364,11,286,1160,0.0009067479039079559,0.0009067479039079559,1,[1],[6308]
365,11,286,1160,0.0009079579039079619,1.2100000000059329e-06,3,"[1, 3, 4]","[6198, 3, 1]"
366,11,286,1160,0.0009104179039079739,2.460000000012062e-06,3,"[1, 3, 4]","[521, 5047, 717]"
367,11,286,1161,0.0009070301962834428,0.0009070301962834428,1,[1],[6269]
368,11,286,1161,0.0009102601962834586,3.2300000000158374e-06,3,"[1, 3, 4]","[4094, 1706, 443]"
369,11,286,1161,0.0009113801962834641,1.1200000000054916e-06,2,"[3, 4]","[5640, 604]"
370,11,286,1162,0.0009076412620964052,0.0009076412620964052,1,[1],[6275]
371,11,286,1162,0.0009115712620964244,3.93000000001927e-06,3,"[1, 3, 4]","[1254, 4967, 8]"
372,11,286,1162,0.0009130412620964317,1.4700000000072077e-06,1,[3],[6247]
373,11,286,1163,0.0009112790825266602,0.0009112790825266602,2,"[1, 3]","[5370, 898]"
374,11,286,1163,0.0009125590825266665,1.2800000000062761e-06,1,[3],[6270]
375,11,286,1164,0.0009124268254294236,0.0009124268254294236,2,"[1, 3]","[3778, 2472]"
376,11,286,1164,0.0009134568254294287,1.0300000000050503e-06,1,[3],[6281]
377,11,286,1165,0.0009132618514009498,0.0009132618514009498,2,"[1, 3]","[2794, 3471]"
378,11,286,1165,0.0009142218514009545,9.60000000004707e-07,1,[3],[6254]
379,11,286,1166,0.0009140785389691467,0.0009140785389691467,2,"[1, 3]","[1929, 4390]"
380,11,286,1166,0.0009149985389691512,9.20000000004511e-07,1,[3],[6199]
381,11,286,1167,0.0009148371380933468,0.0009148371380933468,2,"[1, 3]","[1358, 4949]"
382,11,286,1167,0.0009157071380933511,8.700000000042658e-07,1,[3],[6208]
383,11,286,1168,0.0009155736897179464,0.0009155736897179464,2,"[1, 3]","[719, 5558]"
384,11,286,1168,0.0009164336897179506,8.600000000042168e-07,1,[3],[6261]
385,11,286,1169,0.0009162754123903235,0.0009162754123903235,2,"[1, 3]","[408, 5926]"
386,11,286,1169,0.0009170954123903275,8.200000000040206e-07,1,[3],[6216]
387,11,286,1170,0.0009169626042648642,0.0009169626042648642,2,"[1, 3]","[203, 6057]"
388,11,286,1170,0.0009177626042648681,8.000000000039226e-07,1,[3],[6290]
389,11,286,1171,0.0009176436693155053,0.0009176436693155053,2,"[1, 3]","[94, 6161]"
390,11,286,1171,0.000918403669315509,7.600000000037264e-07,1,[3],[6251]
391,11,286,1172,0.0009183257179438554,0.0009183257179438554,2,"[1, 3]","[44, 6239]"
392,11,286,1172,0.000919065717943859,7.400000000036284e-07,1,[3],[6284]
393,11,286,1173,0.0009190150250308126,0.0009190150250308126,2,"[1, 3]","[34, 6255]"
394,11,286,1173,0.0009197550250308163,7.400000000036284e-07,1,[3],[6222]
395,11,286,1174,0.0009197078061749155,0.0009197078061749155,2,"[1, 3]","[20, 6309]"
396,11,286,1174,0.000920417806174919,7.100000000034813e-07,1,[3],[6215]
397,11,286,1175,0.0009203217916906242,0.0009203217916906242,2,"[1, 3]","[12, 6331]"
398,11,286,1175,0.0009209317916906272,6.10000000002991e-07,1,[3],[6175]
399,11,286,1175,0.0009218217916906315,8.900000000043639e-07,1,[3],[6251]
400,11,286,1176,0.0009210281588152053,0.0009210281588152053,2,"[1, 3]","[9, 6345]"
401,11,286,1176,0.0009216281588152082,6.000000000029419e-07,1,[3],[6239]
402,11,286,1176,0.0009224381588152122,8.100000000039716e-07,1,[3],[6179]
403,11,286,1177,0.0009217333862875406,0.0009217333862875406,2,"[1, 3]","[4, 6263]"
404,11,286,1177,0.0009223333862875435,6.000000000029419e-07,1,[3],[6266]
405,11,286,1177,0.0009231033862875473,7.700000000037755e-07,1,[3],[6240]
406,11,286,1178,0.0009224690884151079,0.0009224690884151079,4,"[1, 3, 5, 6]","[2, 6255, 15, 4]"
407,11,286,1178,0.0009230590884151108,5.900000000028929e-07,3,"[3, 5, 6]","[6194, 67, 16]"
408,11,286,1178,0.0009238190884151145,7.600000000037264e-07,3,"[3, 5, 6]","[5995, 172, 42]"
409,11,286,1179,0.0009230175540571688,0.0009230175540571688,4,"[1, 3, 5, 6]","[1, 4920, 770, 594]"
410,11,286,1179,0.0009234475540571709,4.300000000021084e-07,4,"[3, 5, 6, 132]","[4345, 912, 995, 1]"
411,11,286,1179,0.0009238075540571727,3.6000000000176516e-07,3,"[3, 5, 6]","[4026, 996, 1270]"
412,11,286,1179,0.0009241775540571745,3.700000000018142e-07,3,"[3, 5, 6]","[3793, 953, 1454]"
413,11,286,1179,0.0009247275540571772,5.500000000026968e-07,4,"[3, 5, 6, 131]","[3470, 906, 1871, 2]"
414,11,286,1180,0.0009235499970801521,0.0009235499970801521,5,"[1, 3, 5, 6, 131]","[1, 3084, 361, 2907, 7]"
415,11,286,1180,0.000923929997080154,3.800000000018632e-07,4,"[3, 5, 6, 131]","[2912, 195, 3029, 10]"
416,11,286,1180,0.0009242299970801555,3.0000000000147097e-07,4,"[3, 5, 6, 131]","[2890, 142, 3305, 20]"
417,11,286,1180,0.0009244999970801568,2.7000000000132387e-07,5,"[3, 5, 6, 131, 132]","[2699, 83, 3359, 9, 1]"
418,11,286,1180,0.0009247899970801582,2.9000000000142193e-07,5,"[3, 5, 6, 131, 132]","[2592, 61, 3605, 8, 2]"
419,11,286,1180,0.0009251199970801598,3.3000000000161806e-07,5,"[3, 5, 6, 131, 132]","[2484, 37, 3712, 12, 1]"
420,11,286,1180,0.0009256299970801623,5.100000000025006e-07,4,"[3, 5, 6, 131]","[2211, 15, 4055, 7]"
421,11,286,1181,0.0009245417073541788,0.0009245417073541788,4,"[1, 3, 6, 131]","[1, 4533, 1740, 9]"
422,11,286,1181,0.0009251017073541815,5.600000000027458e-07,3,"[3, 6, 131]","[5109, 1171, 5]"
423,11,286,1181,0.0009257017073541845,6.000000000029419e-07,3,"[3, 6, 131]","[5349, 845, 3]"
424,11,286,1182,0.0009254866171441763,0.0009254866171441763,3,"[1, 3, 6]","[1, 6306, 3]"
425,11,286,1182,0.0009261266171441794,6.400000000031381e-07,2,"[3, 6]","[6251, 1]"
426,11,286,1182,0.000927266617144185,1.1400000000055897e-06,1,[3],[6205]
427,11,286,1183,0.0009262190426376541,0.0009262190426376541,2,"[1, 3]","[1, 6318]"
428,11,286,1183,0.0009268490426376572,6.30000000003089e-07,1,[3],[6201]
429,11,286,1183,0.0009279090426376624,1.0600000000051974e-06,1,[3],[6233]
430,11,286,1184,0.000926954141320732,0.000926954141320732,2,"[1, 3]","[1, 6303]"
431,11,286,1184,0.0009276041413207352,6.500000000031871e-07,1,[3],[6225]
432,11,286,1184,0.000928774141320741,1.1700000000057368e-06,1,[3],[6223]
433,11,286,1185,0.000927694913567859,0.000927694913567859,2,"[1, 3]","[2, 6249]"
434,11,286,1185,0.0009283349135678622,6.400000000031381e-07,1,[3],[6261]
435,11,286,1185,0.0009294049135678674,1.0700000000052464e-06,1,[3],[6244]
436,11,286,1186,0.0009284229094669843,0.0009284229094669843,2,"[1, 3]","[2, 6254]"
437,11,286,1186,0.0009290729094669875,6.500000000031871e-07,1,[3],[6267]
438,11,286,1186,0.0009302129094669931,1.1400000000055897e-06,1,[3],[6229]
439,11,286,1187,0.000929168989228106,0.000929168989228106,2,"[1, 3]","[2, 6276]"
440,11,286,1187,0.0009298289892281092,6.600000000032361e-07,1,[3],[6308]
441,11,286,1187,0.000931008989228115,1.1800000000057858e-06,1,[3],[6182]
442,11,286,1188,0.000929924682776458,0.000929924682776458,2,"[1, 3]","[1, 6306]"
443,11,286,1188,0.0009305646827764612,6.400000000031381e-07,1,[3],[6237]
444,11,286,1188,0.0009317046827764668,1.1400000000055897e-06,2,"[3, 7]","[6211, 4]"
445,11,286,1189,0.0009306546662817823,0.0009306546662817823,2,"[3, 7]","[6140, 133]"
446,11,286,1189,0.0009312746662817853,6.2000000000304e-07,2,"[3, 7]","[5858, 417]"
447,11,286,1189,0.0009320846662817893,8.100000000039716e-07,2,"[3, 7]","[5233, 989]"
448,11,286,1190,0.000931192586913098,0.000931192586913098,2,"[3, 7]","[3961, 2396]"
449,11,286,1190,0.0009316025869131001,4.100000000020103e-07,2,"[3, 7]","[3279, 2975]"
450,11,286,1190,0.0009319125869131016,3.1000000000152e-07,2,"[3, 7]","[3066, 3245]"
451,11,286,1190,0.000932202586913103,2.9000000000142193e-07,2,"[3, 7]","[2664, 3580]"
452,11,286,1190,0.0009325025869131045,3.0000000000147097e-07,2,"[3, 7]","[2342, 3752]"
453,11,286,1190,0.0009329025869131064,4.000000000019613e-07,2,"[3, 7]","[2142, 4181]"
454,11,286,1190,0.0009343525869131135,1.4500000000071097e-06,2,"[3, 7]","[1803, 4365]"
455,11,286,1191,0.0009316719719285618,0.0009316719719285618,2,"[3, 7]","[2073, 4202]"
456,11,286,1191,0.000932111971928564,4.400000000021574e-07,2,"[3, 7]","[2733, 3514]"
457,11,286,1191,0.0009324819719285658,3.700000000018142e-07,2,"[3, 7]","[3195, 3133]"
458,11,286,1191,0.0009328419719285676,3.6000000000176516e-07,2,"[3, 7]","[3690, 2548]"
459,11,286,1191,0.0009333119719285699,4.700000000023045e-07,2,"[3, 7]","[4128, 2045]"
460,11,286,1192,0.0009331375400032641,0.0009331375400032641,2,"[3, 7]","[5934, 367]"
461,11,286,1192,0.0009337775400032673,6.400000000031381e-07,2,"[3, 7]","[6178, 21]"
462,11,286,1192,0.0009346175400032714,8.400000000041187e-07,2,"[3, 7]","[6268, 5]"
463,11,286,1193,0.0009340841911833667,0.0009340841911833667,1,[3],[6327]
464,11,286,1193,0.0009347241911833699,6.400000000031381e-07,1,[3],[6210]
465,11,286,1193,0.0009356541911833744,9.3000000000456e-07,1,[3],[6225]
466,11,286,1194,0.0009349697797059578,0.0009349697797059578,1,[3],[6328]
467,11,286,1194,0.0009355997797059609,6.30000000003089e-07,1,[3],[6179]
468,11,286,1194,0.0009364697797059652,8.700000000042658e-07,1,[3],[6255]
469,11,286,1195,0.0009358552070013162,0.0009358552070013162,1,[3],[6257]
470,11,286,1195,0.0009365052070013194,6.500000000031871e-07,1,[3],[6347]
471,11,286,1195,0.0009374052070013238,9.000000000044129e-07,1,[3],[6165]
472,11,286,1196,0.0009367529349673212,0.0009367529349673212,2,"[3, 8]","[6181, 139]"
473,11,286,1196,0.0009373529349673242,6.000000000029419e-07,2,"[3, 8]","[5832, 352]"
474,11,286,1196,0.0009380929349673278,7.400000000036284e-07,2,"[3, 8]","[5582, 668]"
475,11,286,1197,0.0009372383455024325,0.0009372383455024325,2,"[3, 8]","[2961, 3340]"
476,11,286,1197,0.0009376983455024348,4.600000000022555e-07,2,"[3, 8]","[3215, 3132]"
477,11,286,1197,0.0009380883455024367,3.9000000000191225e-07,2,"[3, 8]","[3503, 2662]"
478,11,286,1197,0.0009385483455024389,4.600000000022555e-07,2,"[3, 8]","[4061, 2127]"
479,11,286,1197,0.0009398083455024451,1.260000000006178e-06,2,"[3, 8]","[4953, 1304]"
480,11,286,1198,0.0009384526508079691,0.0009384526508079691,2,"[3, 8]","[4922, 1392]"
481,11,286,1198,0.0009391326508079725,6.800000000033342e-07,2,"[3, 8]","[6040, 170]"
482,11,286,1198,0.0009399426508079764,8.100000000039716e-07,2,"[3, 8]","[6212, 25]"
483,11,286,1199,0.0009395739412880632,0.0009395739412880632,1,[3],[6309]
484,11,286,1199,0.0009402439412880665,6.700000000032852e-07,1,[3],[6214]
485,11,286,1199,0.0009413339412880718,1.0900000000053445e-06,1,[3],[6240]
486,11,286,1200,0.0009405111069070931,0.0009405111069070931,1,[3],[6336]
487,11,286,1200,0.0009411911069070964,6.800000000033342e-07,1,[3],[6181]
488,11,286,1200,0.0009423511069071021,1.1600000000056877e-06,1,[3],[6239]
489,11,286,1201,0.0009414446760040104,0.0009414446760040104,1,[3],[6281]
490,11,286,1201,0.0009421446760040138,7.000000000034323e-07,1,[3],[6266]
491,11,286,1201,0.0009432746760040194,1.1300000000055406e-06,1,[3],[6215]
492,11,286,1202,0.0009423940212955734,0.0009423940212955734,1,[3],[6295]
493,11,286,1202,0.0009430740212955768,6.800000000033342e-07,1,[3],[6216]
494,11,286,1202,0.0009442240212955824,1.1500000000056387e-06,1,[3],[6259]
495,11,286,1203,0.0009433519621311594,0.0009433519621311594,1,[3],[6315]
496,11,286,1203,0.0009440219621311627,6.700000000032852e-07,2,"[3, 9]","[6207, 6]"
497,11,286,1203,0.0009452519621311687,1.230000000006031e-06,2,"[3, 9]","[6186, 38]"
498,11,286,1204,0.0009442446898937795,0.0009442446898937795,2,"[3, 9]","[5829, 444]"
499,11,286,1204,0.0009448546898937825,6.10000000002991e-07,2,"[3, 9]","[5318, 955]"
500,11,286,1204,0.000945574689893786,7.200000000035303e-07,2,"[3, 9]","[4907, 1318]"
501,11,286,1205,0.0009450713576534455,0.0009450713576534455,2,"[3, 9]","[5192, 1082]"
502,11,286,1205,0.0009457113576534486,6.400000000031381e-07,2,"[3, 9]","[5693, 617]"
503,11,286,1205,0.0009465113576534526,8.000000000039226e-07,2,"[3, 9]","[5947, 271]"
504,11,286,1206,0.0009460739666850711,0.0009460739666850711,2,"[3, 9]","[6246, 14]"
505,11,286,1206,0.0009467539666850745,6.800000000033342e-07,1,[3],[6296]
506,11,286,1206,0.0009479039666850801,1.1500000000056387e-06,1,[3],[6204]
507,11,286,1207,0.0009469760796826398,0.0009469760796826398,1,[3],[6267]
508,11,286,1207,0.0009476760796826432,7.000000000034323e-07,1,[3],[6315]
509,11,286,1207,0.0009493060796826512,1.6300000000079922e-06,1,[3],[6169]
510,11,286,1208,0.0009478962734288435,0.0009478962734288435,1,[3],[6291]
511,11,286,1208,0.0009486162734288471,7.200000000035303e-07,1,[3],[6234]
512,11,286,1209,0.0009487991876082206,0.0009487991876082206,1,[3],[6300]
513,11,286,1209,0.0009495691876082244,7.700000000037755e-07,1,[3],[6225]
514,11,286,1210,0.0009497374997392801,0.0009497374997392801,1,[3],[6315]
515,11,286,1210,0.000950537499739284,8.000000000039226e-07,1,[3],[6191]
516,11,286,1211,0.0009506190770378026,0.0009506190770378026,2,"[3, 10]","[6084, 194]"
517,11,286,1211,0.0009513890770378063,7.700000000037755e-07,3,"[3, 10, 126]","[5678, 585, 4]"
518,11,286,1212,0.0009509726574748493,0.0009509726574748493,4,"[3, 10, 126, 127]","[2639, 3700, 8, 1]"
519,11,286,1212,0.0009514226574748515,4.5000000000220645e-07,4,"[3, 10, 126, 127]","[2707, 3507, 6, 3]"
520,11,286,1212,0.0009518126574748534,3.9000000000191225e-07,4,"[3, 10, 126, 127]","[3008, 3233, 2, 1]"
521,11,286,1212,0.0009523126574748559,5.000000000024516e-07,4,"[3, 10, 126, 127]","[3471, 2777, 7, 2]"
522,11,286,1213,0.0009518270567560305,0.0009518270567560305,3,"[3, 10, 126]","[3200, 3060, 3]"
523,11,286,1213,0.0009525970567560342,7.700000000037755e-07,2,"[3, 10]","[5302, 945]"
524,11,286,1213,0.0009540970567560416,1.5000000000073548e-06,2,"[3, 10]","[6061, 187]"
525,11,286,1214,0.0009531504494889764,0.0009531504494889764,2,"[3, 10]","[6302, 17]"
526,11,286,1214,0.0009543704494889823,1.220000000005982e-06,2,"[3, 11]","[6190, 3]"
527,11,286,1215,0.000953932796120816,0.000953932796120816,2,"[3, 11]","[5900, 394]"
528,11,286,1215,0.0009552327961208223,1.3000000000063742e-06,2,"[3, 11]","[5224, 994]"
529,11,286,1216,0.0009546507288537914,0.0009546507288537914,2,"[3, 11]","[4598, 1702]"
530,11,286,1217,0.0009562520272078375,0.0009562520272078375,2,"[3, 11]","[6198, 63]"
531,11,287,1153,0.0009059756635534906,0.0009059756635534906,2,"[1, 3]","[5575, 794]"
532,11,287,1153,0.0009063656635534925,3.9000000000191225e-07,2,"[1, 3]","[5420, 814]"
533,11,287,1153,0.0009066856635534941,3.2000000000156903e-07,2,"[1, 3]","[5326, 932]"
534,11,287,1153,0.0009070356635534958,3.500000000017161e-07,2,"[1, 3]","[5165, 1093]"
535,11,287,1153,0.0009076356635534988,6.000000000029419e-07,2,"[1, 3]","[4938, 1217]"
536,11,287,1154,0.0009056807407823557,0.0009056807407823557,2,"[1, 3]","[5888, 405]"
537,11,287,1154,0.0009059807407823571,3.0000000000147097e-07,2,"[1, 3]","[5795, 601]"
538,11,287,1154,0.0009061907407823582,2.1000000000102968e-07,2,"[1, 3]","[5431, 660]"
539,11,287,1154,0.0009063807407823591,1.900000000009316e-07,2,"[1, 3]","[5768, 798]"
540,11,287,1154,0.0009065407407823599,1.6000000000078451e-07,2,"[1, 3]","[5044, 883]"
541,11,287,1154,0.0009067107407823607,1.7000000000083355e-07,2,"[1, 3]","[5355, 1094]"
542,11,287,1154,0.0009068807407823615,1.7000000000083355e-07,2,"[1, 3]","[4893, 1186]"
543,11,287,1154,0.0009070707407823625,1.900000000009316e-07,2,"[1, 3]","[4909, 1403]"
544,11,287,1154,0.0009073107407823637,2.4000000000117677e-07,2,"[1, 3]","[4582, 1583]"
545,11,287,1154,0.0009076807407823655,3.700000000018142e-07,2,"[1, 3]","[4162, 2099]"
546,11,287,1155,0.0009057430671006041,0.0009057430671006041,2,"[1, 3]","[6241, 112]"
547,11,287,1155,0.0009060630671006057,3.2000000000156903e-07,2,"[1, 3]","[5980, 207]"
548,11,287,1155,0.0009063130671006069,2.500000000012258e-07,2,"[1, 3]","[6094, 342]"
549,11,287,1155,0.000906533067100608,2.200000000010787e-07,2,"[1, 3]","[5732, 504]"
550,11,287,1155,0.0009067530671006091,2.200000000010787e-07,2,"[1, 3]","[5499, 780]"
551,11,287,1155,0.0009069730671006102,2.200000000010787e-07,2,"[1, 3]","[4861, 1148]"
552,11,287,1155,0.0009072530671006115,2.800000000013729e-07,2,"[1, 3]","[4592, 1743]"
553,11,287,1155,0.0009076330671006134,3.800000000018632e-07,2,"[1, 3]","[3550, 2731]"
554,11,287,1155,0.0009083830671006171,7.500000000036774e-07,2,"[1, 3]","[1819, 4332]"
555,11,287,1156,0.0009058918279666676,0.0009058918279666676,2,"[1, 3]","[6310, 28]"
556,11,287,1156,0.0009062418279666693,3.500000000017161e-07,2,"[1, 3]","[6103, 72]"
557,11,287,1156,0.0009065318279666707,2.9000000000142193e-07,2,"[1, 3]","[6280, 161]"
558,11,287,1156,0.000906781827966672,2.500000000012258e-07,2,"[1, 3]","[5827, 307]"
559,11,287,1156,0.0009070618279666733,2.800000000013729e-07,2,"[1, 3]","[5607, 610]"
560,11,287,1156,0.000907401827966675,3.400000000016671e-07,2,"[1, 3]","[4921, 1330]"
561,11,287,1156,0.0009078818279666773,4.800000000023535e-07,2,"[1, 3]","[3310, 2950]"
562,11,287,1156,0.0009086718279666812,7.900000000038735e-07,2,"[1, 3]","[1017, 5195]"
563,11,287,1157,0.0009059691659078614,0.0009059691659078614,2,"[1, 3]","[6299, 1]"
564,11,287,1157,0.0009063191659078631,3.500000000017161e-07,2,"[1, 3]","[6218, 8]"
565,11,287,1157,0.0009065991659078645,2.800000000013729e-07,2,"[1, 3]","[6222, 18]"
566,11,287,1157,0.0009068691659078658,2.7000000000132387e-07,2,"[1, 3]","[6169, 70]"
567,11,287,1157,0.0009071691659078673,3.0000000000147097e-07,2,"[1, 3]","[6099, 233]"
568,11,287,1157,0.0009075791659078693,4.100000000020103e-07,2,"[1, 3]","[5412, 758]"
569,11,287,1157,0.0009082891659078728,7.100000000034813e-07,2,"[1, 3]","[3003, 3266]"
570,11,287,1157,0.0009092091659078773,9.20000000004511e-07,2,"[1, 3]","[319, 5918]"
571,11,287,1158,0.0009060102949293161,0.0009060102949293161,1,[1],[6316]
572,11,287,1158,0.0009063502949293177,3.400000000016671e-07,2,"[1, 3]","[6253, 3]"
573,11,287,1158,0.000906620294929319,2.7000000000132387e-07,2,"[1, 3]","[6307, 4]"
574,11,287,1158,0.0009068802949293203,2.6000000000127484e-07,2,"[1, 3]","[6119, 7]"
575,11,287,1158,0.0009071702949293217,2.9000000000142193e-07,2,"[1, 3]","[6385, 30]"
576,11,287,1158,0.0009075702949293237,4.000000000019613e-07,2,"[1, 3]","[5931, 149]"
577,11,287,1158,0.0009085402949293285,9.700000000047561e-07,2,"[1, 3]","[3990, 2303]"
578,11,287,1158,0.000909470294929333,9.3000000000456e-07,2,"[1, 3]","[143, 6092]"
579,11,287,1159,0.0009060478549302449,0.0009060478549302449,1,[1],[6333]
580,11,287,1159,0.0009063878549302465,3.400000000016671e-07,1,[1],[6319]
581,11,287,1159,0.0009066478549302478,2.6000000000127484e-07,1,[1],[6140]
582,11,287,1159,0.0009069078549302491,2.6000000000127484e-07,2,"[1, 3]","[6411, 1]"
583,11,287,1159,0.0009071878549302505,2.800000000013729e-07,2,"[1, 3]","[6210, 3]"
584,11,287,1159,0.0009075578549302523,3.700000000018142e-07,2,"[1, 3]","[6072, 15]"
585,11,287,1159,0.000908937854930259,1.3800000000067664e-06,2,"[1, 3]","[4714, 1560]"
586,11,287,1159,0.0009099678549302641,1.0300000000050503e-06,3,"[1, 3, 4]","[20, 6214, 4]"
587,11,287,1160,0.0009060562385781757,0.0009060562385781757,1,[1],[6272]
588,11,287,1160,0.0009063962385781774,3.400000000016671e-07,1,[1],[6291]
589,11,287,1160,0.0009066562385781786,2.6000000000127484e-07,1,[1],[6205]
590,11,287,1160,0.0009069062385781799,2.500000000012258e-07,1,[1],[6417]
591,11,287,1160,0.0009071662385781811,2.6000000000127484e-07,1,[1],[6203]
592,11,287,1160,0.0009074962385781827,3.3000000000161806e-07,1,[1],[6152]
593,11,287,1160,0.0009085262385781878,1.0300000000050503e-06,3,"[1, 3, 4]","[6139, 87, 3]"
594,11,287,1160,0.0009102462385781962,1.7200000000084335e-06,3,"[1, 3, 4]","[207, 5356, 726]"
595,11,287,1160,0.0009111462385782006,9.000000000044129e-07,2,"[3, 4]","[5146, 1071]"
596,11,287,1161,0.0009061273888536069,0.0009061273888536069,1,[1],[6352]
597,11,287,1161,0.0009064573888536085,3.3000000000161806e-07,1,[1],[6283]
598,11,287,1161,0.0009067073888536098,2.500000000012258e-07,1,[1],[6238]
599,11,287,1161,0.0009069373888536109,2.3000000000112774e-07,1,[1],[6170]
600,11,287,1161,0.0009071873888536121,2.500000000012258e-07,1,[1],[6460]
601,11,287,1161,0.0009074673888536135,2.800000000013729e-07,1,[1],[6022]
602,11,287,1161,0.000907977388853616,5.100000000025006e-07,1,[1],[6281]
603,11,287,1161,0.0009105173888536285,2.540000000012454e-06,3,"[1, 3, 4]","[2316, 3177, 744]"
604,11,287,1161,0.000911437388853633,9.20000000004511e-07,2,"[3, 4]","[5638, 571]"
605,11,287,1162,0.0009062646872438296,0.0009062646872438296,1,[1],[6353]
606,11,287,1162,0.0009065946872438312,3.3000000000161806e-07,1,[1],[6355]
607,11,287,1162,0.0009068446872438324,2.500000000012258e-07,1,[1],[6229]
608,11,287,1162,0.0009070746872438336,2.3000000000112774e-07,1,[1],[6316]
609,11,287,1162,0.0009073046872438347,2.3000000000112774e-07,1,[1],[6004]
610,11,287,1162,0.0009075946872438361,2.9000000000142193e-07,1,[1],[6380]
611,11,287,1162,0.0009080546872438384,4.600000000022555e-07,1,[1],[6117]
612,11,287,1162,0.000911234687243854,3.1800000000155922e-06,3,"[1, 3, 4]","[2915, 3342, 9]"
613,11,287,1162,0.0009123246872438593,1.0900000000053445e-06,1,[3],[6261]
614,11,287,1163,0.000906427196206148,0.000906427196206148,1,[1],[6256]
615,11,287,1163,0.0009067771962061497,3.500000000017161e-07,1,[1],[6367]
616,11,287,1163,0.000907037196206151,2.6000000000127484e-07,1,[1],[6164]
617,11,287,1163,0.0009072771962061522,2.4000000000117677e-07,1,[1],[6225]
618,11,287,1163,0.0009075371962061535,2.6000000000127484e-07,1,[1],[6260]
619,11,287,1163,0.0009078771962061551,3.400000000016671e-07,1,[1],[6370]
620,11,287,1163,0.0009088471962061599,9.700000000047561e-07,1,[1],[6110]
621,11,287,1163,0.0009124171962061774,3.5700000000175045e-06,2,"[1, 3]","[293, 5972]"
622,11,287,1164,0.0009066366452452609,0.0009066366452452609,1,[1],[6369]
623,11,287,1164,0.0009069766452452626,3.400000000016671e-07,1,[1],[6156]
624,11,287,1164,0.000907256645245264,2.800000000013729e-07,1,[1],[6364]
625,11,287,1164,0.0009075166452452652,2.6000000000127484e-07,1,[1],[6282]
626,11,287,1164,0.0009078066452452667,2.9000000000142193e-07,1,[1],[6165]
627,11,287,1164,0.0009082266452452687,4.2000000000205935e-07,1,[1],[6241]
628,11,287,1164,0.0009124366452452894,4.2100000000206425e-06,2,"[1, 3]","[3887, 2286]"
629,11,287,1164,0.0009136566452452953,1.220000000005982e-06,1,[3],[6269]
630,11,287,1165,0.0009067912162934444,0.0009067912162934444,1,[1],[6293]
631,11,287,1165,0.0009071512162934462,3.6000000000176516e-07,1,[1],[6306]
632,11,287,1165,0.0009074212162934475,2.7000000000132387e-07,1,[1],[6294]
633,11,287,1165,0.0009076712162934487,2.500000000012258e-07,1,[1],[6183]
634,11,287,1165,0.0009079612162934502,2.9000000000142193e-07,1,[1],[6208]
635,11,287,1165,0.0009083812162934522,4.2000000000205935e-07,1,[1],[6251]
636,11,287,1165,0.0009131612162934757,4.780000000023437e-06,2,"[1, 3]","[4042, 2198]"
637,11,287,1165,0.0009145012162934822,1.3400000000065703e-06,1,[3],[6253]
638,11,287,1166,0.0009070064038295113,0.0009070064038295113,1,[1],[6286]
639,11,287,1166,0.0009073664038295131,3.6000000000176516e-07,1,[1],[6356]
640,11,287,1166,0.0009076464038295144,2.800000000013729e-07,1,[1],[6111]
641,11,287,1166,0.0009079364038295159,2.9000000000142193e-07,1,[1],[6397]
642,11,287,1166,0.0009082764038295175,3.400000000016671e-07,1,[1],[6130]
643,11,287,1166,0.0009090064038295211,7.300000000035793e-07,1,[1],[6234]
644,11,287,1166,0.0009145664038295484,5.560000000027262e-06,2,"[1, 3]","[891, 5373]"
645,11,287,1167,0.0009072319371282307,0.0009072319371282307,1,[1],[6259]
646,11,287,1167,0.0009076119371282326,3.800000000018632e-07,1,[1],[6382]
647,11,287,1167,0.000907911937128234,3.0000000000147097e-07,1,[1],[6194]
648,11,287,1167,0.0009082219371282355,3.1000000000152e-07,1,[1],[6214]
649,11,287,1167,0.0009086419371282376,4.2000000000205935e-07,1,[1],[6222]
650,11,287,1167,0.0009144119371282659,5.7700000000282916e-06,2,"[1, 3]","[4648, 1594]"
651,11,287,1167,0.0009159719371282735,1.560000000007649e-06,1,[3],[6244]
652,11,287,1168,0.0009075132012441813,0.0009075132012441813,1,[1],[6333]
653,11,287,1168,0.0009079132012441833,4.000000000019613e-07,1,[1],[6261]
654,11,287,1168,0.0009082432012441849,3.3000000000161806e-07,1,[1],[6209]
655,11,287,1168,0.0009086232012441868,3.800000000018632e-07,1,[1],[6207]
656,11,287,1168,0.0009094432012441908,8.200000000040206e-07,1,[1],[6266]
657,11,287,1168,0.0009160932012442234,6.650000000032606e-06,2,"[1, 3]","[828, 5396]"
658,11,287,1169,0.0009078306398812616,0.0009078306398812616,1,[1],[6332]
659,11,287,1169,0.0009082606398812637,4.300000000021084e-07,1,[1],[6253]
660,11,287,1169,0.0009086506398812656,3.9000000000191225e-07,1,[1],[6219]
661,11,287,1169,0.0009092106398812683,5.600000000027458e-07,1,[1],[6240]
662,11,287,1169,0.0009163706398813034,7.160000000035107e-06,2,"[1, 3]","[2850, 3390]"
663,11,287,1170,0.0009081864569860468,0.0009081864569860468,1,[1],[6293]
664,11,287,1170,0.0009086864569860493,5.000000000024516e-07,1,[1],[6298]
665,11,287,1170,0.0009092564569860521,5.700000000027948e-07,1,[1],[6205]
666,11,287,1170,0.0009169164569860896,7.660000000037559e-06,2,"[1, 3]","[3638, 2570]"
667,11,287,1171,0.0009085444450409875,0.0009085444450409875,1,[1],[6275]
668,11,287,1171,0.0009091544450409905,6.10000000002991e-07,1,[1],[6283]
669,11,287,1171,0.0009166944450410275,7.54000000003697e-06,2,"[1, 3]","[5796, 396]"
670,11,287,1172,0.0009089181409090678,0.0009089181409090678,1,[1],[6289]
671,11,287,1172,0.0009097581409090719,8.400000000041187e-07,1,[1],[6227]
672,11,287,1172,0.0009188281409091164,9.070000000044472e-06,2,"[1, 3]","[2191, 4060]"
673,11,287,1173,0.0009092880963856095,0.0009092880963856095,1,[1],[6302]
674,11,287,1173,0.0009181080963856528,8.820000000043246e-06,2,"[1, 3]","[5815, 388]"
675,11,287,1174,0.000909642733595216,0.000909642733595216,1,[1],[6280]
676,11,287,1174,0.0009199327335952665,1.0290000000050454e-05,2,"[1, 3]","[3848, 2376]"
677,11,287,1175,0.000910041609916123,0.000910041609916123,1,[1],[6273]
678,11,287,1175,0.0009211416099161775,1.1100000000054426e-05,2,"[1, 3]","[2331, 3905]"
679,11,287,1176,0.0009106627445414396,0.0009106627445414396,1,[1],[6252]
680,11,287,1177,0.0009211864176996973,0.0009211864176996973,2,"[1, 3]","[5709, 550]"
681,11,287,1178,0.0009223737961473247,0.0009223737961473247,3,"[1, 3, 5]","[5099, 1149, 3]"
682,11,287,1179,0.0009232566210508423,0.0009232566210508423,4,"[1, 3, 5, 6]","[4364, 1432, 283, 182]"
683,11,287,1180,0.0009240065877212578,0.0009240065877212578,4,"[1, 3, 5, 6]","[4013, 1252, 136, 877]"
684,11,287,1181,0.0009254803024771724,0.0009254803024771724,3,"[1, 3, 6]","[3744, 2261, 258]"
685,11,287,1182,0.0009267867062364878,0.0009267867062364878,3,"[1, 3, 6]","[3519, 2732, 1]"
686,11,288,1164,0.0009086184857268927,0.0009086184857268927,1,[1],[6254]
687,11,288,1165,0.0009079634165766206,0.0009079634165766206,1,[1],[6285]
688,11,288,1166,0.0009078503673324551,0.0009078503673324551,1,[1],[6304]
689,11,288,1167,0.0009078276252052022,0.0009078276252052022,1,[1],[6269]
690,11,288,1167,0.0009088876252052074,1.0600000000051974e-06,1,[1],[6244]
691,11,288,1168,0.0009078816848218992,0.0009078816848218992,1,[1],[6266]
692,11,288,1168,0.0009085216848219023,6.400000000031381e-07,1,[1],[6295]
693,11,288,1169,0.0009079715645263614,0.0009079715645263614,1,[1],[6251]
694,11,288,1169,0.0009084915645263639,5.200000000025497e-07,1,[1],[6356]
695,11,288,1169,0.0009090715645263667,5.800000000028439e-07,1,[1],[6194]
696,11,288,1170,0.000908104858831055,0.000908104858831055,1,[1],[6286]
697,11,288,1170,0.0009085448588310571,4.400000000021574e-07,1,[1],[6231]
698,11,288,1170,0.0009089748588310592,4.300000000021084e-07,1,[1],[6322]
699,11,288,1170,0.0009096448588310625,6.700000000032852e-07,1,[1],[6168]
700,11,288,1171,0.0009082971985211376,0.0009082971985211376,1,[1],[6345]
701,11,288,1171,0.0009087171985211397,4.2000000000205935e-07,1,[1],[6325]
702,11,288,1171,0.0009090771985211415,3.6000000000176516e-07,1,[1],[6184]
703,11,288,1171,0.0009095471985211438,4.700000000023045e-07,1,[1],[6215]
704,11,288,1172,0.0009084901103421593,0.0009084901103421593,1,[1],[6323]
705,11,288,1172,0.0009088901103421613,4.000000000019613e-07,1,[1],[6279]
706,11,288,1172,0.0009092301103421629,3.400000000016671e-07,1,[1],[6168]
707,11,288,1172,0.000909640110342165,4.100000000020103e-07,1,[1],[6273]
708,11,288,1173,0.0009086696317713982,0.0009086696317713982,1,[1],[6353]
709,11,288,1173,0.0009090496317714,3.800000000018632e-07,1,[1],[6175]
710,11,288,1173,0.0009093896317714017,3.400000000016671e-07,1,[1],[6412]
711,11,288,1173,0.0009097596317714035,3.700000000018142e-07,1,[1],[6155]
712,11,288,1173,0.0009104796317714071,7.200000000035303e-07,1,[1],[6189]
713,11,288,1174,0.0009088354449310542,0.0009088354449310542,1,[1],[6305]
714,11,288,1174,0.0009092254449310561,3.9000000000191225e-07,1,[1],[6303]
715,11,288,1174,0.0009095454449310577,3.2000000000156903e-07,1,[1],[6233]
716,11,288,1174,0.0009098954449310594,3.500000000017161e-07,1,[1],[6166]
717,11,288,1174,0.0009104454449310621,5.500000000026968e-07,1,[1],[6285]
718,11,288,1175,0.0009089942625298369,0.0009089942625298369,1,[1],[6292]
719,11,288,1175,0.0009093642625298388,3.700000000018142e-07,1,[1],[6213]
720,11,288,1175,0.0009096742625298403,3.1000000000152e-07,1,[1],[6251]
721,11,288,1175,0.0009099842625298418,3.1000000000152e-07,1,[1],[6262]
722,11,288,1175,0.0009103942625298438,4.100000000020103e-07,1,[1],[6290]
723,11,288,1176,0.0009091720437891082,0.0009091720437891082,1,[1],[6285]
724,11,288,1176,0.00090954204378911,3.700000000018142e-07,1,[1],[6356]
725,11,288,1176,0.0009098320437891114,2.9000000000142193e-07,1,[1],[6262]
726,11,288,1176,0.0009101320437891129,3.0000000000147097e-07,1,[1],[6179]
727,11,288,1176,0.0009105220437891148,3.9000000000191225e-07,1,[1],[6218]
728,11,288,1177,0.0009093372887493017,0.0009093372887493017,1,[1],[6258]
729,11,288,1177,0.0009097172887493035,3.800000000018632e-07,1,[1],[6358]
730,11,288,1177,0.000910007288749305,2.9000000000142193e-07,1,[1],[6157]
731,11,288,1177,0.0009103172887493065,3.1000000000152e-07,1,[1],[6270]
732,11,288,1177,0.0009107172887493084,4.000000000019613e-07,1,[1],[6207]
733,11,288,1178,0.0009094701710172713,0.0009094701710172713,1,[1],[6362]
734,11,288,1178,0.0009098401710172731,3.700000000018142e-07,1,[1],[6310]
735,11,288,1178,0.0009101401710172746,3.0000000000147097e-07,1,[1],[6147]
736,11,288,1178,0.0009104401710172761,3.0000000000147097e-07,1,[1],[6252]
737,11,288,1178,0.0009108201710172779,3.800000000018632e-07,1,[1],[6295]
738,11,288,1179,0.0009096084506524057,0.0009096084506524057,1,[1],[6381]
739,11,288,1179,0.0009099784506524075,3.700000000018142e-07,1,[1],[6281]
740,11,288,1179,0.000910278450652409,3.0000000000147097e-07,1,[1],[6266]
741,11,288,1179,0.0009105784506524105,3.0000000000147097e-07,1,[1],[6215]
742,11,288,1179,0.0009109884506524125,4.100000000020103e-07,1,[1],[6199]
743,11,288,1180,0.0009096670714937387,0.0009096670714937387,1,[1],[6298]
744,11,288,1180,0.0009100470714937406,3.800000000018632e-07,1,[1],[6240]
745,11,288,1180,0.0009103570714937421,3.1000000000152e-07,1,[1],[6223]
746,11,288,1180,0.0009106770714937437,3.2000000000156903e-07,1,[1],[6280]
747,11,288,1180,0.0009111270714937459,4.5000000000220645e-07,1,[1],[6260]
748,11,288,1181,0.000909712521401357,0.000909712521401357,1,[1],[6251]
749,11,288,1181,0.0009101025214013589,3.9000000000191225e-07,1,[1],[6342]
750,11,288,1181,0.0009104225214013605,3.2000000000156903e-07,1,[1],[6363]
751,11,288,1181,0.0009107525214013621,3.3000000000161806e-07,1,[1],[6126]
752,11,288,1181,0.0009112725214013647,5.200000000025497e-07,1,[1],[6193]
753,11,288,1182,0.0009097424404587885,0.0009097424404587885,1,[1],[6354]
754,11,288,1182,0.0009101324404587904,3.9000000000191225e-07,1,[1],[6217]
755,11,288,1182,0.0009104724404587921,3.400000000016671e-07,1,[1],[6331]
756,11,288,1182,0.000910852440458794,3.800000000018632e-07,1,[1],[6191]
757,11,288,1182,0.0009117124404587982,8.600000000042168e-07,1,[1],[6170]
758,11,288,1183,0.0009097025906173301,0.0009097025906173301,1,[1],[6335]
759,11,288,1183,0.000910092590617332,3.9000000000191225e-07,1,[1],[6307]
760,11,288,1183,0.0009104225906173336,3.3000000000161806e-07,1,[1],[6233]
761,11,288,1183,0.0009108025906173355,3.800000000018632e-07,1,[1],[6201]
762,11,288,1183,0.0009115925906173393,7.900000000038735e-07,1,[1],[6180]
763,11,288,1184,0.0009096560343060529,0.0009096560343060529,1,[1],[6270]
764,11,288,1184,0.0009100560343060549,4.000000000019613e-07,1,[1],[6262]
765,11,288,1184,0.0009104060343060566,3.500000000017161e-07,1,[1],[6348]
766,11,288,1184,0.0009107960343060585,3.9000000000191225e-07,1,[1],[6137]
767,11,288,1184,0.0009118160343060635,1.0200000000050013e-06,1,[1],[6241]
768,11,288,1185,0.0009096417935510391,0.0009096417935510391,1,[1],[6321]
769,11,288,1185,0.0009100417935510411,4.000000000019613e-07,1,[1],[6251]
770,11,288,1185,0.0009103717935510427,3.3000000000161806e-07,1,[1],[6230]
771,11,288,1185,0.0009107617935510446,3.9000000000191225e-07,1,[1],[6292]
772,11,288,1185,0.0009116317935510489,8.700000000042658e-07,1,[1],[6170]
773,11,288,1186,0.000909629027392471,0.000909629027392471,1,[1],[6352]
774,11,288,1186,0.0009100090273924729,3.800000000018632e-07,1,[1],[6184]
775,11,288,1186,0.0009103390273924745,3.3000000000161806e-07,1,[1],[6247]
776,11,288,1186,0.0009107090273924763,3.700000000018142e-07,1,[1],[6263]
777,11,288,1186,0.0009114090273924797,7.000000000034323e-07,1,[1],[6215]
778,11,288,1187,0.0009096279979829414,0.0009096279979829414,1,[1],[6369]
779,11,288,1187,0.0009100179979829433,3.9000000000191225e-07,1,[1],[6342]
780,11,288,1187,0.0009103479979829449,3.3000000000161806e-07,1,[1],[6126]
781,11,288,1187,0.0009107279979829468,3.800000000018632e-07,1,[1],[6292]
782,11,288,1187,0.0009115379979829508,8.100000000039716e-07,1,[1],[6125]
783,11,288,1188,0.0009099976318213294,0.0009099976318213294,1,[1],[6273]
784,11,288,1188,0.0009106876318213328,6.900000000033832e-07,1,[1],[6272]
