,event,pixel_x,pixel_y,reset_time,TSLR,nMCParticles,MC_TrackIDs,MC_Weights
0,7,152,1143,0.0006288418010219,0.0006288418010219,1,[109],[6254]
1,7,200,1067,0.0005325135915253751,0.0005325135915253751,1,[153],[6271]
2,7,200,1067,0.0005332035915253785,6.900000000033832e-07,1,[153],[6301]
3,7,200,1068,0.0005322987670729737,0.0005322987670729737,1,[153],[6343]
4,7,200,1068,0.0005327287670729758,4.300000000021084e-07,1,[153],[6160]
5,7,200,1068,0.0005331087670729776,3.800000000018632e-07,1,[153],[6349]
6,7,200,1068,0.0005335687670729799,4.600000000022555e-07,2,"[153, 194]","[6211, 1]"
7,7,201,1068,0.0005334976463700162,0.0005334976463700162,3,"[152, 153, 194]","[1, 5894, 438]"
8,7,201,1068,0.0005341576463700194,6.600000000032361e-07,3,"[152, 153, 194]","[38, 4923, 1295]"
9,7,201,1068,0.0005351176463700241,9.60000000004707e-07,3,"[152, 153, 194]","[1372, 3410, 1418]"
10,7,201,1068,0.0005360876463700289,9.700000000047561e-07,3,"[152, 153, 194]","[5727, 394, 104]"
11,7,201,1068,0.0005368076463700324,7.200000000035303e-07,2,"[152, 153]","[6298, 9]"
12,7,201,1069,0.0005336901163726918,0.0005336901163726918,3,"[152, 153, 194]","[26, 2292, 4051]"
13,7,201,1069,0.0005340301163726935,3.400000000016671e-07,3,"[152, 153, 194]","[92, 2366, 3903]"
14,7,201,1069,0.0005342901163726948,2.6000000000127484e-07,4,"[152, 153, 194, 205]","[273, 2598, 3228, 2]"
15,7,201,1069,0.000534530116372696,2.4000000000117677e-07,4,"[152, 153, 194, 205]","[591, 2895, 2809, 4]"
16,7,201,1069,0.0005347701163726971,2.4000000000117677e-07,4,"[152, 153, 194, 205]","[998, 3152, 2145, 2]"
17,7,201,1069,0.0005350201163726984,2.500000000012258e-07,5,"[152, 153, 194, 205, 206]","[1756, 2937, 1475, 6, 1]"
18,7,201,1069,0.0005353101163726998,2.9000000000142193e-07,5,"[152, 153, 194, 205, 206]","[2456, 2758, 924, 10, 1]"
19,7,201,1069,0.0005357401163727019,4.300000000021084e-07,5,"[152, 153, 194, 205, 206]","[3687, 2116, 520, 7, 3]"
20,7,201,1069,0.0005364601163727054,7.200000000035303e-07,4,"[152, 153, 194, 205]","[5420, 655, 108, 2]"
21,7,201,1069,0.0005372901163727095,8.300000000040697e-07,3,"[152, 153, 194]","[6208, 22, 4]"
22,7,202,1069,0.0005339145948554073,0.0005339145948554073,3,"[152, 153, 194]","[74, 144, 6060]"
23,7,202,1069,0.0005344045948554097,4.900000000024026e-07,4,"[152, 153, 194, 205]","[481, 625, 5190, 3]"
24,7,202,1069,0.0005348345948554118,4.300000000021084e-07,5,"[152, 153, 194, 205, 206]","[1425, 1361, 3438, 9, 1]"
25,7,202,1069,0.0005353245948554142,4.900000000024026e-07,5,"[152, 153, 194, 205, 206]","[2406, 1934, 1840, 18, 1]"
26,7,202,1069,0.0005373745948554242,2.0500000000100516e-06,5,"[152, 153, 194, 205, 206]","[4055, 1522, 645, 21, 1]"
27,7,213,1102,0.0005773627974070037,0.0005773627974070037,1,[34],[6299]
28,7,213,1102,0.0005780627974070071,7.000000000034323e-07,1,[34],[6274]
29,7,214,1102,0.0005753534963995776,0.0005753534963995776,1,[34],[6297]
30,7,214,1102,0.0005760634963995811,7.100000000034813e-07,1,[34],[6225]
31,7,214,1102,0.0005766234963995838,5.600000000027458e-07,1,[34],[6333]
32,7,214,1102,0.0005770834963995861,4.600000000022555e-07,1,[34],[6160]
33,7,214,1102,0.0005775634963995884,4.800000000023535e-07,1,[34],[6300]
34,7,214,1102,0.000578293496399592,7.300000000035793e-07,1,[34],[6218]
35,7,214,1103,0.0005766624626278059,0.0005766624626278059,1,[34],[6259]
36,7,215,1102,0.0005753938746157373,0.0005753938746157373,1,[34],[6257]
37,7,215,1103,0.0005745693707529477,0.0005745693707529477,1,[34],[6289]
38,7,215,1103,0.0005749693707529497,4.000000000019613e-07,1,[34],[6216]
39,7,215,1103,0.0005754193707529519,4.5000000000220645e-07,1,[34],[6300]
40,7,215,1104,0.0005750884780859167,0.0005750884780859167,1,[34],[6287]
41,7,215,1104,0.0005756084780859193,5.200000000025497e-07,1,[34],[6304]
42,7,215,1104,0.0005761984780859222,5.900000000028929e-07,1,[34],[6220]
43,7,215,1105,0.000576774905642884,0.000576774905642884,1,[34],[6312]
44,7,215,1105,0.0005775249056428877,7.500000000036774e-07,1,[34],[6229]
45,7,216,1105,0.0005771982885001186,0.0005771982885001186,2,"[34, 98]","[6277, 3]"
46,7,216,1105,0.0005779882885001224,7.900000000038735e-07,2,"[34, 98]","[6265, 11]"
47,7,216,1106,0.0005774924930697821,0.0005774924930697821,1,[34],[6304]
48,7,216,1106,0.0005779224930697842,4.300000000021084e-07,1,[34],[6322]
49,7,216,1106,0.0005783624930697864,4.400000000021574e-07,1,[34],[6142]
50,7,216,1107,0.0005785087627967758,0.0005785087627967758,1,[34],[6319]
51,7,216,1107,0.0005791187627967788,6.10000000002991e-07,1,[34],[6186]
52,7,216,1108,0.0005801742784215176,0.0005801742784215176,1,[34],[6293]
53,7,217,1107,0.000579266601227391,0.000579266601227391,1,[34],[6276]
54,7,217,1108,0.0005796330289460174,0.0005796330289460174,1,[34],[6344]
55,7,217,1108,0.0005801130289460198,4.800000000023535e-07,1,[34],[6247]
56,7,217,1108,0.0005806930289460226,5.800000000028439e-07,1,[34],[6182]
57,7,217,1109,0.000580277672483862,0.000580277672483862,2,"[34, 50]","[6339, 41]"
58,7,217,1109,0.0005807176724838642,4.400000000021574e-07,2,"[34, 50]","[6095, 87]"
59,7,217,1109,0.0005812776724838669,5.600000000027458e-07,2,"[34, 50]","[6071, 165]"
60,7,217,1110,0.0005804682653792088,0.0005804682653792088,3,"[34, 49, 50]","[4923, 391, 1035]"
61,7,217,1110,0.0005808082653792105,3.400000000016671e-07,3,"[34, 49, 50]","[4697, 455, 1205]"
62,7,217,1110,0.000581108265379212,3.0000000000147097e-07,3,"[34, 49, 50]","[4293, 511, 1327]"
63,7,217,1110,0.0005814982653792139,3.9000000000191225e-07,3,"[34, 49, 50]","[4234, 533, 1472]"
64,7,217,1111,0.000580862620178115,0.000580862620178115,4,"[34, 48, 49, 50]","[4466, 53, 1627, 134]"
65,7,217,1111,0.0005812826201781171,4.2000000000205935e-07,4,"[34, 48, 49, 50]","[4738, 253, 1202, 97]"
66,7,217,1111,0.0005816926201781191,4.100000000020103e-07,4,"[34, 48, 49, 50]","[4636, 768, 800, 57]"
67,7,217,1111,0.0005822426201781218,5.500000000026968e-07,4,"[34, 48, 49, 50]","[3501, 2310, 339, 29]"
68,7,217,1112,0.0005818838920949277,0.0005818838920949277,3,"[34, 48, 49]","[3923, 2386, 13]"
69,7,217,1112,0.0005825338920949309,6.500000000031871e-07,2,"[34, 48]","[1995, 4201]"
70,7,233,1156,0.0006007867582639503,0.0006007867582639503,2,"[24, 31]","[5335, 979]"
71,7,233,1156,0.0006012167582639524,4.300000000021084e-07,2,"[24, 31]","[4991, 1283]"
72,7,233,1156,0.0006017067582639548,4.900000000024026e-07,2,"[24, 31]","[4710, 1468]"
73,7,233,1157,0.000601286278301293,0.000601286278301293,2,"[24, 31]","[6009, 247]"
74,7,233,1157,0.0006017962783012955,5.100000000025006e-07,2,"[24, 31]","[6104, 140]"
75,7,233,1157,0.0006027862783013003,9.900000000048542e-07,2,"[24, 31]","[6173, 78]"
76,7,233,1158,0.0006024332660990823,0.0006024332660990823,1,[24],[6296]
77,7,234,1158,0.000602074286465939,0.000602074286465939,2,"[24, 146]","[6252, 1]"
78,7,234,1158,0.0006027042864659421,6.30000000003089e-07,2,"[24, 146]","[6290, 2]"
79,7,234,1159,0.0006024863832345821,0.0006024863832345821,3,"[24, 146, 149]","[6218, 29, 4]"
80,7,234,1159,0.0006029863832345846,5.000000000024516e-07,4,"[24, 146, 149, 222]","[6304, 22, 2, 5]"
81,7,234,1159,0.0006036563832345879,6.700000000032852e-07,4,"[24, 146, 149, 222]","[6190, 20, 2, 1]"
82,7,234,1160,0.0006031572038840943,0.0006031572038840943,3,"[24, 146, 222]","[4450, 2, 1889]"
83,7,234,1160,0.0006036872038840969,5.300000000025987e-07,2,"[24, 222]","[5112, 1080]"
84,7,234,1160,0.0006044872038841008,8.000000000039226e-07,2,"[24, 222]","[5833, 410]"
85,7,234,1161,0.000604087400855433,0.000604087400855433,2,"[24, 222]","[2903, 3396]"
86,7,235,1160,0.000604295386096892,0.000604295386096892,2,"[24, 222]","[6208, 50]"
87,7,235,1161,0.0006043348548598646,0.0006043348548598646,2,"[24, 222]","[6278, 41]"
88,7,235,1161,0.0006049648548598677,6.30000000003089e-07,2,"[24, 222]","[6203, 2]"
89,7,235,1162,0.0006049728770275353,0.0006049728770275353,2,"[24, 29]","[6348, 2]"
90,7,235,1162,0.0006054728770275377,5.000000000024516e-07,2,"[24, 29]","[6236, 35]"
91,7,235,1162,0.0006060828770275407,6.10000000002991e-07,2,"[24, 29]","[6047, 120]"
92,7,235,1163,0.0006056258086571831,0.0006056258086571831,2,"[24, 29]","[3998, 2281]"
93,7,235,1163,0.0006059858086571849,3.6000000000176516e-07,2,"[24, 29]","[3307, 2977]"
94,7,235,1163,0.0006062958086571864,3.1000000000152e-07,2,"[24, 29]","[3172, 3148]"
95,7,235,1163,0.0006066358086571881,3.400000000016671e-07,2,"[24, 29]","[2961, 3224]"
96,7,235,1163,0.0006075258086571925,8.900000000043639e-07,2,"[24, 29]","[3019, 3168]"
97,7,235,1164,0.0006068875830943069,0.0006068875830943069,2,"[24, 29]","[3927, 2334]"
98,7,236,1163,0.0006063628336568836,0.0006063628336568836,2,"[24, 29]","[3869, 2419]"
99,7,236,1164,0.000606879044072472,0.000606879044072472,2,"[24, 29]","[5605, 703]"
100,7,236,1164,0.0006075190440724751,6.400000000031381e-07,3,"[24, 29, 209]","[6123, 89, 7]"
101,7,236,1165,0.0006077075808686816,0.0006077075808686816,2,"[24, 209]","[5842, 475]"
102,7,236,1165,0.0006081675808686838,4.600000000022555e-07,2,"[24, 209]","[5497, 824]"
103,7,236,1165,0.0006086475808686862,4.800000000023535e-07,2,"[24, 209]","[5262, 946]"
104,7,236,1166,0.0006089199329999117,0.0006089199329999117,2,"[24, 209]","[6019, 308]"
105,7,236,1166,0.0006099399329999167,1.0200000000050013e-06,2,"[24, 209]","[6159, 36]"
106,7,237,1166,0.0006095153107382505,0.0006095153107382505,2,"[24, 209]","[6240, 27]"
107,7,237,1167,0.0006097755308872162,0.0006097755308872162,1,[24],[6349]
108,7,237,1167,0.0006102755308872187,5.000000000024516e-07,1,[24],[6230]
109,7,237,1167,0.0006110455308872225,7.700000000037755e-07,1,[24],[6187]
110,7,237,1168,0.0006105205230490487,0.0006105205230490487,1,[24],[6252]
111,7,237,1168,0.000611210523049052,6.900000000033832e-07,1,[24],[6296]
112,7,238,1168,0.0006112090433914594,0.0006112090433914594,1,[24],[6265]
113,7,238,1169,0.0006112385151052564,0.0006112385151052564,2,"[24, 25]","[6348, 1]"
114,7,238,1169,0.0006117585151052589,5.200000000025497e-07,2,"[24, 25]","[6216, 3]"
115,7,238,1169,0.0006127285151052637,9.700000000047561e-07,2,"[24, 25]","[6193, 13]"
116,7,238,1170,0.0006118081135692762,0.0006118081135692762,3,"[6, 24, 25]","[6, 5317, 969]"
117,7,238,1170,0.0006122681135692785,4.600000000022555e-07,3,"[6, 24, 25]","[7, 4881, 1407]"
118,7,238,1170,0.000612798113569281,5.300000000025987e-07,3,"[6, 24, 25]","[29, 4452, 1685]"
119,7,238,1171,0.0006125761804268406,0.0006125761804268406,3,"[6, 24, 25]","[1630, 2268, 2392]"
120,7,238,1171,0.0006135061804268451,9.3000000000456e-07,3,"[6, 24, 25]","[2932, 2330, 986]"
121,7,239,1170,0.000612528063609393,0.000612528063609393,3,"[6, 24, 25]","[129, 4269, 1872]"
122,7,239,1171,0.0006121845005579904,0.0006121845005579904,3,"[6, 24, 25]","[4071, 1469, 787]"
123,7,239,1171,0.0006125145005579921,3.3000000000161806e-07,3,"[6, 24, 25]","[4315, 1573, 427]"
124,7,239,1171,0.0006127645005579933,2.500000000012258e-07,3,"[6, 24, 25]","[4420, 1568, 300]"
125,7,239,1171,0.0006129845005579944,2.200000000010787e-07,3,"[6, 24, 25]","[4532, 1399, 186]"
126,7,239,1171,0.0006132145005579955,2.3000000000112774e-07,3,"[6, 24, 25]","[4875, 1339, 105]"
127,7,239,1171,0.0006134545005579967,2.4000000000117677e-07,3,"[6, 24, 25]","[5286, 1008, 45]"
128,7,239,1171,0.000613714500557998,2.6000000000127484e-07,3,"[6, 24, 25]","[5329, 721, 19]"
129,7,239,1171,0.0006140145005579994,3.0000000000147097e-07,3,"[6, 24, 25]","[5953, 381, 4]"
130,7,239,1171,0.000614344500558001,3.3000000000161806e-07,3,"[6, 24, 25]","[6113, 130, 2]"
131,7,239,1171,0.0006147145005580029,3.700000000018142e-07,2,"[6, 24]","[6181, 33]"
132,7,239,1171,0.0006151245005580049,4.100000000020103e-07,2,"[6, 24]","[6235, 4]"
133,7,239,1171,0.0006155745005580071,4.5000000000220645e-07,2,"[6, 24]","[6196, 1]"
134,7,239,1171,0.0006160945005580096,5.200000000025497e-07,1,[6],[6285]
135,7,239,1171,0.0006166845005580125,5.900000000028929e-07,1,[6],[6293]
136,7,239,1171,0.0006174645005580163,7.800000000038245e-07,1,[6],[6176]
137,7,239,1171,0.0006186845005580223,1.220000000005982e-06,1,[6],[6242]
138,7,239,1171,0.0006212545005580349,2.5700000000126013e-06,1,[6],[6258]
139,7,239,1172,0.0006133317496269786,0.0006133317496269786,3,"[6, 24, 25]","[5982, 297, 1]"
140,7,239,1172,0.0006141517496269826,8.200000000040206e-07,2,"[6, 24]","[6190, 105]"
141,7,239,1172,0.0006148717496269862,7.200000000035303e-07,2,"[6, 24]","[6222, 2]"
142,7,239,1172,0.0006155417496269894,6.700000000032852e-07,1,[6],[6262]
143,7,239,1172,0.0006161517496269924,6.10000000002991e-07,1,[6],[6288]
144,7,239,1172,0.0006166917496269951,5.400000000026477e-07,1,[6],[6260]
145,7,239,1172,0.0006172017496269976,5.100000000025006e-07,1,[6],[6229]
146,7,239,1172,0.000617691749627,4.900000000024026e-07,1,[6],[6228]
147,7,239,1172,0.0006181617496270023,4.700000000023045e-07,1,[6],[6185]
148,7,239,1172,0.0006186517496270047,4.900000000024026e-07,1,[6],[6368]
149,7,239,1172,0.0006191017496270069,4.5000000000220645e-07,1,[6],[6182]
150,7,239,1172,0.0006195617496270091,4.600000000022555e-07,1,[6],[6320]
151,7,239,1172,0.0006200317496270115,4.700000000023045e-07,1,[6],[6227]
152,7,239,1172,0.0006205117496270138,4.800000000023535e-07,1,[6],[6176]
153,7,239,1172,0.0006210517496270165,5.400000000026477e-07,1,[6],[6331]
154,7,239,1172,0.0006216217496270192,5.700000000027948e-07,1,[6],[6185]
155,7,239,1172,0.0006223517496270228,7.300000000035793e-07,1,[6],[6262]
156,7,239,1172,0.0006236717496270293,1.3200000000064722e-06,1,[6],[6221]
157,7,240,1171,0.0006182503445754731,0.0006182503445754731,3,"[6, 24, 25]","[6162, 94, 3]"
158,7,240,1171,0.0006239903445755012,5.7400000000281445e-06,1,[6],[6245]
159,7,240,1171,0.0006272603445755172,3.2700000000160335e-06,1,[6],[6253]
160,7,240,1171,0.0006323303445755421,5.070000000024859e-06,1,[6],[6244]
161,7,240,1172,0.0006181781278244087,0.0006181781278244087,2,"[6, 24]","[6249, 6]"
162,7,240,1172,0.0006198381278244168,1.6600000000081393e-06,1,[6],[6274]
163,7,240,1172,0.0006209181278244221,1.0800000000052955e-06,1,[6],[6258]
164,7,240,1172,0.0006216481278244257,7.300000000035793e-07,1,[6],[6269]
165,7,240,1172,0.0006222181278244285,5.700000000027948e-07,1,[6],[6234]
166,7,240,1172,0.000622738127824431,5.200000000025497e-07,1,[6],[6295]
167,7,240,1172,0.0006232381278244335,5.000000000024516e-07,1,[6],[6309]
168,7,240,1172,0.0006236881278244357,4.5000000000220645e-07,1,[6],[6203]
169,7,240,1172,0.0006241081278244377,4.2000000000205935e-07,1,[6],[6261]
170,7,240,1172,0.0006245181278244397,4.100000000020103e-07,1,[6],[6196]
171,7,240,1172,0.0006249381278244418,4.2000000000205935e-07,1,[6],[6215]
172,7,240,1172,0.000625388127824444,4.5000000000220645e-07,1,[6],[6348]
173,7,240,1172,0.0006258681278244464,4.800000000023535e-07,1,[6],[6253]
174,7,240,1172,0.0006263581278244488,4.900000000024026e-07,1,[6],[6226]
175,7,240,1172,0.0006268781278244513,5.200000000025497e-07,1,[6],[6219]
176,7,240,1172,0.0006274381278244541,5.600000000027458e-07,1,[6],[6202]
177,7,240,1172,0.0006281281278244574,6.900000000033832e-07,1,[6],[6282]
178,7,240,1172,0.000629058127824462,9.3000000000456e-07,1,[6],[6216]
179,7,240,1172,0.0006309181278244711,1.86000000000912e-06,1,[6],[6239]
180,7,241,1171,0.0006297938401686312,0.0006297938401686312,1,[6],[6282]
181,7,241,1171,0.0006314138401686391,1.6200000000079432e-06,1,[6],[6255]
182,7,241,1171,0.0006326838401686454,1.270000000006227e-06,1,[6],[6256]
183,7,241,1171,0.0006338738401686512,1.1900000000058348e-06,1,[6],[6238]
184,7,241,1171,0.0006352738401686581,1.4000000000068645e-06,1,[6],[6258]
185,7,241,1171,0.0006370838401686669,1.8100000000088748e-06,1,[6],[6212]
186,7,241,1171,0.0006434638401686982,6.3800000000312825e-06,1,[6],[6250]
187,7,241,1172,0.0006270779833837338,0.0006270779833837338,1,[6],[6271]
188,7,241,1172,0.0006282079833837393,1.1300000000055406e-06,1,[6],[6241]
189,7,241,1172,0.0006290779833837436,8.700000000042658e-07,1,[6],[6257]
190,7,241,1172,0.0006298479833837474,7.700000000037755e-07,1,[6],[6299]
191,7,241,1172,0.0006305579833837509,7.100000000034813e-07,1,[6],[6210]
192,7,241,1172,0.0006312479833837542,6.900000000033832e-07,1,[6],[6300]
193,7,241,1172,0.0006319079833837575,6.600000000032361e-07,1,[6],[6264]
194,7,241,1172,0.0006325779833837608,6.700000000032852e-07,1,[6],[6201]
195,7,241,1172,0.0006333079833837643,7.300000000035793e-07,1,[6],[6276]
196,7,241,1172,0.0006341979833837687,8.900000000043639e-07,1,[6],[6219]
197,7,241,1172,0.0006356179833837757,1.4200000000069626e-06,1,[6],[6238]
198,7,242,1170,0.0006456949788101832,0.0006456949788101832,2,"[6, 21]","[5434, 817]"
199,7,242,1171,0.0006352815485407004,0.0006352815485407004,1,[6],[6251]
200,7,242,1171,0.0006364615485407062,1.1800000000057858e-06,1,[6],[6291]
201,7,242,1171,0.0006372615485407101,8.000000000039226e-07,1,[6],[6219]
202,7,242,1171,0.0006379415485407134,6.800000000033342e-07,1,[6],[6311]
203,7,242,1171,0.0006385315485407163,5.900000000028929e-07,1,[6],[6233]
204,7,242,1171,0.0006391315485407193,6.000000000029419e-07,1,[6],[6320]
205,7,242,1171,0.000639681548540722,5.500000000026968e-07,1,[6],[6227]
206,7,242,1171,0.0006402215485407246,5.400000000026477e-07,1,[6],[6196]
207,7,242,1171,0.0006407715485407273,5.500000000026968e-07,1,[6],[6222]
208,7,242,1171,0.0006413315485407301,5.600000000027458e-07,1,[6],[6333]
209,7,242,1171,0.0006418815485407328,5.500000000026968e-07,1,[6],[6224]
210,7,242,1171,0.0006424515485407356,5.700000000027948e-07,1,[6],[6254]
211,7,242,1171,0.0006430515485407385,6.000000000029419e-07,1,[6],[6234]
212,7,242,1171,0.0006436815485407416,6.30000000003089e-07,2,"[6, 21]","[6258, 13]"
213,7,242,1171,0.0006443515485407449,6.700000000032852e-07,2,"[6, 21]","[5958, 259]"
214,7,242,1171,0.0006450315485407482,6.800000000033342e-07,2,"[6, 21]","[5102, 1164]"
215,7,242,1171,0.0006457915485407519,7.600000000037264e-07,2,"[6, 21]","[4580, 1651]"
216,7,242,1171,0.0006472515485407591,1.4600000000071587e-06,2,"[6, 21]","[5714, 502]"
217,7,242,1172,0.0006348318401153764,0.0006348318401153764,1,[6],[6254]
218,7,242,1172,0.0006366018401153851,1.7700000000086787e-06,1,[6],[6273]
219,7,242,1172,0.0006383018401153935,1.7000000000083355e-06,1,[6],[6245]
220,7,242,1172,0.0006410418401154069,2.740000000013435e-06,1,[6],[6228]
221,7,243,1170,0.0006469004484490853,0.0006469004484490853,2,"[6, 21]","[5532, 733]"
222,7,243,1170,0.0006484804484490931,1.580000000007747e-06,2,"[6, 21]","[6247, 2]"
223,7,243,1170,0.0006495604484490984,1.0800000000052955e-06,1,[6],[6262]
224,7,243,1170,0.0006504504484491027,8.900000000043639e-07,1,[6],[6250]
225,7,243,1170,0.0006512504484491067,8.000000000039226e-07,1,[6],[6289]
226,7,243,1170,0.0006520004484491103,7.500000000036774e-07,1,[6],[6190]
227,7,243,1170,0.0006528004484491143,8.000000000039226e-07,1,[6],[6273]
228,7,243,1170,0.0006536504484491184,8.500000000041677e-07,1,[6],[6232]
229,7,243,1170,0.0006546004484491231,9.500000000046581e-07,1,[6],[6290]
230,7,243,1170,0.0006556404484491282,1.0400000000050993e-06,1,[6],[6214]
231,7,243,1170,0.0006568604484491342,1.220000000005982e-06,1,[6],[6236]
232,7,243,1170,0.0006585304484491423,1.6700000000081884e-06,1,[6],[6256]
233,7,243,1170,0.0006627704484491631,4.24000000002079e-06,1,[6],[6248]
234,7,243,1171,0.0006428103188992987,0.0006428103188992987,1,[6],[6264]
235,7,243,1171,0.0006443403188993062,1.530000000007502e-06,2,"[6, 21]","[6091, 169]"
236,7,243,1171,0.0006452903188993109,9.500000000046581e-07,2,"[6, 21]","[5019, 1246]"
237,7,243,1171,0.0006461803188993153,8.900000000043639e-07,2,"[6, 21]","[5295, 943]"
238,7,243,1171,0.0006471003188993198,9.20000000004511e-07,2,"[6, 21]","[6148, 134]"
239,7,243,1171,0.0006480003188993242,9.000000000044129e-07,1,[6],[6268]
240,7,243,1171,0.0006488803188993285,8.800000000043148e-07,1,[6],[6233]
241,7,243,1171,0.0006497703188993329,8.900000000043639e-07,1,[6],[6213]
242,7,243,1171,0.0006507503188993377,9.800000000048052e-07,1,[6],[6244]
243,7,243,1171,0.0006518803188993432,1.1300000000055406e-06,1,[6],[6259]
244,7,243,1171,0.0006535103188993512,1.6300000000079922e-06,1,[6],[6243]
245,7,243,1171,0.0006578103188993723,4.300000000021084e-06,1,[6],[6231]
246,7,244,1169,0.000662538993288697,0.000662538993288697,1,[6],[6270]
247,7,244,1169,0.0006646589932887074,2.120000000010395e-06,1,[6],[6261]
248,7,244,1169,0.0006662989932887154,1.6400000000080413e-06,1,[6],[6237]
249,7,244,1169,0.0006679489932887235,1.6500000000080903e-06,1,[6],[6235]
250,7,244,1169,0.000671098993288739,3.150000000015445e-06,1,[6],[6251]
251,7,244,1170,0.0006537673452159957,0.0006537673452159957,2,"[6, 21]","[6271, 1]"
252,7,244,1170,0.0006553473452160035,1.580000000007747e-06,1,[6],[6251]
253,7,244,1170,0.000656467345216009,1.1200000000054916e-06,1,[6],[6277]
254,7,244,1170,0.0006573673452160134,9.000000000044129e-07,1,[6],[6254]
255,7,244,1170,0.0006581373452160172,7.700000000037755e-07,1,[6],[6244]
256,7,244,1170,0.0006588073452160205,6.700000000032852e-07,1,[6],[6281]
257,7,244,1170,0.0006594173452160234,6.10000000002991e-07,1,[6],[6214]
258,7,244,1170,0.0006600173452160264,6.000000000029419e-07,1,[6],[6262]
259,7,244,1170,0.0006606073452160293,5.900000000028929e-07,1,[6],[6211]
260,7,244,1170,0.0006611973452160322,5.900000000028929e-07,1,[6],[6243]
261,7,244,1170,0.0006617873452160351,5.900000000028929e-07,1,[6],[6259]
262,7,244,1170,0.0006623973452160381,6.10000000002991e-07,1,[6],[6319]
263,7,244,1170,0.0006630673452160413,6.700000000032852e-07,1,[6],[6175]
264,7,244,1170,0.0006638773452160453,8.100000000039716e-07,1,[6],[6305]
265,7,244,1170,0.00066483734521605,9.60000000004707e-07,1,[6],[6188]
266,7,244,1170,0.0006661673452160565,1.3300000000065213e-06,1,[6],[6277]
267,7,244,1170,0.0006696573452160737,3.4900000000171122e-06,1,[6],[6224]
268,7,244,1171,0.0006559644175043907,0.0006559644175043907,2,"[6, 21]","[6252, 1]"
269,7,245,1169,0.0006666850120678105,0.0006666850120678105,1,[6],[6263]
270,7,245,1169,0.0006680750120678173,1.3900000000068155e-06,1,[6],[6241]
271,7,245,1169,0.0006690750120678222,1.0000000000049032e-06,1,[6],[6257]
272,7,245,1169,0.0006698850120678262,8.100000000039716e-07,1,[6],[6301]
273,7,245,1169,0.0006705850120678296,7.000000000034323e-07,1,[6],[6256]
274,7,245,1169,0.000671275012067833,6.900000000033832e-07,1,[6],[6269]
275,7,245,1169,0.0006719750120678364,7.000000000034323e-07,1,[6],[6246]
276,7,245,1169,0.0006727850120678404,8.100000000039716e-07,1,[6],[6233]
277,7,245,1169,0.0006738650120678457,1.0800000000052955e-06,1,[6],[6221]
278,7,245,1170,0.0006649314932119278,0.0006649314932119278,1,[6],[6263]
279,7,245,1170,0.0006675114932119404,2.5800000000126503e-06,1,[6],[6254]
280,7,245,1170,0.0006706014932119556,3.090000000015151e-06,1,[6],[6239]
281,7,246,1168,0.0006769353016904868,0.0006769353016904868,1,[6],[6259]
282,7,246,1169,0.0006729883962866982,0.0006729883962866982,1,[6],[6282]
283,7,246,1169,0.0006740583962867035,1.0700000000052464e-06,1,[6],[6234]
284,7,246,1169,0.0006748683962867075,8.100000000039716e-07,1,[6],[6301]
285,7,246,1169,0.0006755483962867108,6.800000000033342e-07,1,[6],[6251]
286,7,246,1169,0.000676198396286714,6.500000000031871e-07,1,[6],[6257]
287,7,246,1169,0.0006768583962867172,6.600000000032361e-07,1,[6],[6204]
288,7,246,1169,0.0006776783962867212,8.200000000040206e-07,1,[6],[6223]
289,7,246,1169,0.0006791383962867284,1.4600000000071587e-06,1,[6],[6261]
290,7,247,1168,0.000679249436475055,0.000679249436475055,1,[6],[6271]
291,7,247,1168,0.0006804994364750612,1.250000000006129e-06,1,[6],[6259]
292,7,247,1168,0.000681699436475067,1.2000000000058839e-06,1,[6],[6263]
293,7,247,1168,0.0006836394364750766,1.9400000000095122e-06,1,[6],[6222]
294,7,247,1169,0.0006779553905070753,0.0006779553905070753,1,[6],[6278]
295,7,247,1169,0.0006789853905070803,1.0300000000050503e-06,1,[6],[6241]
296,7,247,1169,0.0006798553905070846,8.700000000042658e-07,1,[6],[6303]
297,7,247,1169,0.0006807153905070888,8.600000000042168e-07,1,[6],[6214]
298,7,247,1169,0.0006818853905070946,1.1700000000057368e-06,1,[6],[6227]
299,7,248,1168,0.0006827889543913515,0.0006827889543913515,1,[6],[6294]
300,7,248,1168,0.0006838989543913569,1.1100000000054426e-06,1,[6],[6231]
301,7,248,1168,0.0006847789543913612,8.800000000043148e-07,1,[6],[6230]
302,7,248,1168,0.0006856189543913653,8.400000000041187e-07,1,[6],[6252]
303,7,248,1168,0.0006865389543913699,9.20000000004511e-07,1,[6],[6262]
304,7,248,1168,0.0006877789543913759,1.24000000000608e-06,1,[6],[6236]
305,7,248,1169,0.0006829706632739748,0.0006829706632739748,1,[6],[6254]
306,7,248,1169,0.0006845406632739825,1.570000000007698e-06,1,[6],[6249]
307,7,248,1169,0.0006863706632739915,1.8300000000089729e-06,1,[6],[6256]
308,7,249,1168,0.0006870865907108043,0.0006870865907108043,1,[6],[6265]
309,7,249,1168,0.0006881165907108094,1.0300000000050503e-06,1,[6],[6289]
310,7,249,1168,0.0006889065907108133,7.900000000038735e-07,1,[6],[6206]
311,7,249,1168,0.0006896365907108168,7.300000000035793e-07,1,[6],[6292]
312,7,249,1168,0.0006903765907108205,7.400000000036284e-07,1,[6],[6264]
313,7,249,1168,0.0006911465907108242,7.700000000037755e-07,1,[6],[6200]
314,7,249,1168,0.0006922065907108294,1.0600000000051974e-06,1,[6],[6260]
315,7,249,1169,0.000689124630693926,0.000689124630693926,1,[6],[6256]
316,7,250,1168,0.0006916735578929516,0.0006916735578929516,1,[6],[6262]
317,7,250,1168,0.0006926535578929564,9.800000000048052e-07,1,[6],[6266]
318,7,250,1168,0.0006934035578929601,7.500000000036774e-07,1,[6],[6257]
319,7,250,1168,0.0006940835578929635,6.800000000033342e-07,1,[6],[6281]
320,7,250,1168,0.0006947735578929668,6.900000000033832e-07,1,[6],[6253]
321,7,250,1168,0.0006955035578929704,7.300000000035793e-07,1,[6],[6254]
322,7,250,1168,0.0006964235578929749,9.20000000004511e-07,1,[6],[6233]
323,7,250,1168,0.0006983935578929846,1.9700000000096593e-06,1,[6],[6198]
324,7,251,1167,0.0006993255277329113,0.0006993255277329113,1,[6],[6276]
325,7,251,1167,0.0007019855277329243,2.6600000000130426e-06,1,[6],[6236]
326,7,251,1168,0.0006962683419503584,0.0006962683419503584,1,[6],[6258]
327,7,251,1168,0.0006973083419503635,1.0400000000050993e-06,1,[6],[6295]
328,7,251,1168,0.0006981183419503675,8.100000000039716e-07,1,[6],[6236]
329,7,251,1168,0.0006988683419503712,7.500000000036774e-07,1,[6],[6259]
330,7,251,1168,0.0006996283419503749,7.600000000037264e-07,1,[6],[6247]
331,7,251,1168,0.0007005683419503795,9.40000000004609e-07,1,[6],[6229]
332,7,251,1168,0.0007023783419503884,1.8100000000088748e-06,1,[6],[6240]
333,7,252,1167,0.000702065008560441,0.000702065008560441,1,[6],[6257]
334,7,252,1167,0.000703295008560447,1.230000000006031e-06,1,[6],[6279]
335,7,252,1167,0.0007043750085604523,1.0800000000052955e-06,2,"[6, 20]","[6251, 2]"
336,7,252,1167,0.0007055850085604582,1.2100000000059329e-06,2,"[6, 20]","[6117, 112]"
337,7,252,1167,0.0007075550085604679,1.9700000000096593e-06,3,"[6, 19, 20]","[4973, 5, 1256]"
338,7,252,1168,0.0007010907905087665,0.0007010907905087665,1,[6],[6271]
339,7,252,1168,0.0007023207905087726,1.230000000006031e-06,1,[6],[6250]
340,7,252,1168,0.000703420790508778,1.1000000000053935e-06,1,[6],[6233]
341,7,252,1168,0.0007048107905087848,1.3900000000068155e-06,2,"[6, 20]","[6264, 2]"
342,7,253,1167,0.0007055643405806112,0.0007055643405806112,2,"[6, 20]","[5479, 841]"
343,7,253,1167,0.0007062243405806145,6.600000000032361e-07,2,"[6, 20]","[3509, 2703]"
344,7,253,1167,0.0007067643405806171,5.400000000026477e-07,3,"[6, 19, 20]","[3296, 2, 2968]"
345,7,253,1167,0.0007073943405806202,6.30000000003089e-07,3,"[6, 19, 20]","[4250, 76, 1917]"
346,7,253,1167,0.0007081043405806237,7.100000000034813e-07,3,"[6, 19, 20]","[5068, 868, 377]"
347,7,253,1167,0.0007086743405806265,5.700000000027948e-07,3,"[6, 19, 20]","[4144, 2066, 24]"
348,7,253,1167,0.0007092143405806291,5.400000000026477e-07,3,"[6, 19, 20]","[4023, 2235, 2]"
349,7,253,1167,0.0007098743405806324,6.600000000032361e-07,2,"[6, 19]","[4886, 1266]"
350,7,253,1167,0.0007109543405806377,1.0800000000052955e-06,2,"[6, 19]","[6026, 242]"
351,7,253,1168,0.0007062385047737873,0.0007062385047737873,2,"[6, 20]","[4998, 1270]"
352,7,253,1168,0.0007081585047737967,1.920000000009414e-06,3,"[6, 19, 20]","[4266, 229, 1749]"
353,7,254,1166,0.0007176465926818921,0.0007176465926818921,3,"[6, 19, 20]","[6209, 34, 9]"
354,7,254,1167,0.0007097600303646355,0.0007097600303646355,3,"[6, 19, 20]","[4732, 1147, 401]"
355,7,254,1167,0.0007109900303646416,1.230000000006031e-06,2,"[6, 19]","[6174, 60]"
356,7,254,1167,0.0007119300303646462,9.40000000004609e-07,1,[6],[6278]
357,7,254,1167,0.00071272003036465,7.900000000038735e-07,1,[6],[6214]
358,7,254,1167,0.0007134600303646537,7.400000000036284e-07,1,[6],[6315]
359,7,254,1167,0.0007142100303646574,7.500000000036774e-07,1,[6],[6202]
360,7,254,1167,0.0007150300303646614,8.200000000040206e-07,1,[6],[6280]
361,7,254,1167,0.0007160300303646663,1.0000000000049032e-06,1,[6],[6207]
362,7,254,1167,0.0007176200303646741,1.5900000000077961e-06,1,[6],[6260]
363,7,255,1166,0.0007190056500475335,0.0007190056500475335,1,[6],[6258]
364,7,255,1166,0.000721145650047544,2.140000000010493e-06,2,"[6, 18]","[6189, 81]"
365,7,255,1166,0.0007233556500475548,2.210000000010836e-06,2,"[6, 18]","[4887, 1342]"
366,7,255,1167,0.0007159049505535174,0.0007159049505535174,2,"[6, 19]","[6261, 1]"
367,7,255,1167,0.0007171649505535235,1.260000000006178e-06,1,[6],[6248]
368,7,255,1167,0.0007181249505535282,9.60000000004707e-07,1,[6],[6281]
369,7,255,1167,0.0007190049505535326,8.800000000043148e-07,1,[6],[6214]
370,7,255,1167,0.000719914950553537,9.100000000044619e-07,1,[6],[6250]
371,7,255,1167,0.0007208949505535418,9.800000000048052e-07,2,"[6, 18]","[6201, 78]"
372,7,255,1167,0.0007219649505535471,1.0700000000052464e-06,2,"[6, 18]","[4988, 1274]"
373,7,255,1167,0.000723984950553557,2.0200000000099045e-06,2,"[6, 18]","[4543, 1673]"
374,7,256,1166,0.0007228605538681176,0.0007228605538681176,2,"[6, 18]","[4758, 1505]"
375,7,256,1166,0.0007245605538681259,1.7000000000083355e-06,2,"[6, 18]","[6133, 139]"
376,7,256,1166,0.0007259605538681328,1.4000000000068645e-06,1,[6],[6254]
377,7,256,1166,0.0007275105538681404,1.5500000000076e-06,1,[6],[6224]
378,7,256,1167,0.0007219261966768941,0.0007219261966768941,2,"[6, 18]","[4950, 1335]"
379,7,256,1167,0.0007232361966769005,1.3100000000064232e-06,2,"[6, 18]","[4388, 1856]"
380,7,256,1167,0.0007247061966769077,1.4700000000072077e-06,2,"[6, 18]","[6171, 76]"
381,7,256,1167,0.0007262661966769154,1.560000000007649e-06,1,[6],[6230]
382,7,256,1167,0.0007297961966769327,3.5300000000173084e-06,1,[6],[6247]
383,7,257,1166,0.0007280932052463675,0.0007280932052463675,2,"[6, 18]","[6281, 9]"
384,7,257,1166,0.0007294032052463739,1.3100000000064232e-06,1,[6],[6252]
385,7,257,1166,0.0007304832052463792,1.0800000000052955e-06,1,[6],[6208]
386,7,257,1166,0.000731463205246384,9.800000000048052e-07,1,[6],[6253]
387,7,257,1166,0.000732483205246389,1.0200000000050013e-06,1,[6],[6294]
388,7,257,1166,0.0007339332052463961,1.4500000000071097e-06,1,[6],[6224]
389,7,257,1167,0.0007288834727625501,0.0007288834727625501,2,"[6, 18]","[6233, 18]"
390,7,257,1167,0.0007313834727625623,2.500000000012258e-06,1,[6],[6258]
391,7,258,1166,0.0007327964923107333,0.0007327964923107333,1,[6],[6270]
392,7,258,1166,0.0007338964923107387,1.1000000000053935e-06,1,[6],[6238]
393,7,258,1166,0.0007347364923107428,8.400000000041187e-07,1,[6],[6276]
394,7,258,1166,0.0007354864923107465,7.500000000036774e-07,1,[6],[6252]
395,7,258,1166,0.00073621649231075,7.300000000035793e-07,1,[6],[6265]
396,7,258,1166,0.000737026492310754,8.100000000039716e-07,1,[6],[6274]
397,7,258,1166,0.0007379864923107587,9.60000000004707e-07,1,[6],[6178]
398,7,258,1166,0.000739676492310767,1.6900000000082864e-06,1,[6],[6254]
399,7,258,1167,0.0007362310270057222,0.0007362310270057222,1,[6],[6250]
400,7,259,1165,0.0007423875941156641,0.0007423875941156641,2,"[6, 17]","[6256, 1]"
401,7,259,1166,0.0007377747520084182,0.0007377747520084182,1,[6],[6263]
402,7,259,1166,0.0007389047520084237,1.1300000000055406e-06,1,[6],[6253]
403,7,259,1166,0.0007397547520084279,8.500000000041677e-07,1,[6],[6250]
404,7,259,1166,0.0007405247520084317,7.700000000037755e-07,1,[6],[6254]
405,7,259,1166,0.0007412847520084354,7.600000000037264e-07,1,[6],[6290]
406,7,259,1166,0.0007421047520084394,8.200000000040206e-07,2,"[6, 17]","[6194, 3]"
407,7,259,1166,0.0007431447520084445,1.0400000000050993e-06,2,"[6, 17]","[6071, 182]"
408,7,259,1166,0.0007443647520084505,1.220000000005982e-06,2,"[6, 17]","[4375, 1884]"
409,7,260,1165,0.0007446087616891435,0.0007446087616891435,2,"[6, 17]","[4727, 1554]"
410,7,260,1165,0.0007461887616891513,1.580000000007747e-06,2,"[6, 17]","[5873, 388]"
411,7,260,1165,0.0007475287616891578,1.3400000000065703e-06,1,[6],[6234]
412,7,260,1165,0.0007491787616891659,1.6500000000080903e-06,1,[6],[6239]
413,7,260,1166,0.0007429956175084631,0.0007429956175084631,2,"[6, 17]","[6113, 171]"
414,7,260,1166,0.0007439656175084678,9.700000000047561e-07,2,"[6, 17]","[4578, 1707]"
415,7,260,1166,0.0007447056175084715,7.400000000036284e-07,2,"[6, 17]","[4359, 1877]"
416,7,260,1166,0.0007455656175084757,8.600000000042168e-07,2,"[6, 17]","[5576, 645]"
417,7,260,1166,0.0007466156175084808,1.0500000000051484e-06,2,"[6, 17]","[6184, 40]"
418,7,260,1166,0.0007480656175084879,1.4500000000071097e-06,1,[6],[6268]
419,7,261,1165,0.0007487054456975211,0.0007487054456975211,2,"[6, 17]","[6254, 16]"
420,7,261,1165,0.0007498354456975266,1.1300000000055406e-06,1,[6],[6246]
421,7,261,1165,0.0007507754456975313,9.40000000004609e-07,1,[6],[6264]
422,7,261,1165,0.0007516154456975354,8.400000000041187e-07,1,[6],[6299]
423,7,261,1165,0.0007524754456975396,8.600000000042168e-07,1,[6],[6212]
424,7,261,1165,0.0007534854456975445,1.0100000000049522e-06,1,[6],[6237]
425,7,261,1165,0.0007555554456975547,2.0700000000101497e-06,1,[6],[6234]
426,7,261,1166,0.0007491541960665255,0.0007491541960665255,2,"[6, 17]","[6231, 42]"
427,7,261,1166,0.0007519641960665392,2.810000000013778e-06,1,[6],[6233]
428,7,262,1164,0.0007578126224674005,0.0007578126224674005,1,[6],[6267]
429,7,262,1165,0.0007532091875263118,0.0007532091875263118,1,[6],[6283]
430,7,262,1165,0.0007542891875263171,1.0800000000052955e-06,1,[6],[6229]
431,7,262,1165,0.0007551291875263212,8.400000000041187e-07,1,[6],[6272]
432,7,262,1165,0.0007558891875263249,7.600000000037264e-07,1,[6],[6252]
433,7,262,1165,0.0007566891875263288,8.000000000039226e-07,1,[6],[6288]
434,7,262,1165,0.0007576091875263333,9.20000000004511e-07,1,[6],[6205]
435,7,262,1165,0.0007590291875263403,1.4200000000069626e-06,1,[6],[6235]
436,7,263,1164,0.0007597808586185953,0.0007597808586185953,1,[6],[6261]
437,7,263,1164,0.0007611708586186021,1.3900000000068155e-06,1,[6],[6248]
438,7,263,1164,0.0007624308586186083,1.260000000006178e-06,1,[6],[6246]
439,7,263,1164,0.0007640708586186164,1.6400000000080413e-06,1,[6],[6271]
440,7,263,1165,0.0007581920000142716,0.0007581920000142716,1,[6],[6259]
441,7,263,1165,0.0007594820000142779,1.2900000000063251e-06,1,[6],[6286]
442,7,263,1165,0.0007606020000142834,1.1200000000054916e-06,1,[6],[6239]
443,7,263,1165,0.0007618720000142896,1.270000000006227e-06,1,[6],[6220]
444,7,263,1165,0.0007651720000143058,3.3000000000161806e-06,2,"[6, 16]","[6247, 1]"
445,7,264,1164,0.0007634138756074443,0.0007634138756074443,1,[6],[6280]
446,7,264,1164,0.0007645138756074497,1.1000000000053935e-06,2,"[6, 16]","[6277, 9]"
447,7,264,1164,0.0007653238756074537,8.100000000039716e-07,2,"[6, 16]","[5927, 257]"
448,7,264,1164,0.0007659738756074569,6.500000000031871e-07,2,"[6, 16]","[5089, 1257]"
449,7,264,1164,0.0007665438756074596,5.700000000027948e-07,2,"[6, 16]","[4040, 2120]"
450,7,264,1164,0.0007672438756074631,7.000000000034323e-07,2,"[6, 16]","[4277, 1973]"
451,7,264,1164,0.0007686238756074698,1.3800000000067664e-06,2,"[6, 16]","[5714, 538]"
452,7,264,1165,0.0007644219503788418,0.0007644219503788418,1,[6],[6250]
453,7,264,1165,0.0007681019503788598,3.680000000018044e-06,2,"[6, 16]","[5057, 1196]"
454,7,265,1163,0.0007734359348726764,0.0007734359348726764,2,"[6, 16]","[6218, 37]"
455,7,265,1164,0.0007677126954049318,0.0007677126954049318,2,"[6, 16]","[5156, 1096]"
456,7,265,1164,0.000768982695404938,1.270000000006227e-06,2,"[6, 16]","[6252, 19]"
457,7,265,1164,0.0007699626954049428,9.800000000048052e-07,1,[6],[6257]
458,7,265,1164,0.0007709326954049476,9.700000000047561e-07,1,[6],[6269]
459,7,265,1164,0.0007721726954049537,1.24000000000608e-06,1,[6],[6224]
460,7,265,1164,0.0007749126954049671,2.740000000013435e-06,1,[6],[6233]
461,7,266,1163,0.0007744736356778615,0.0007744736356778615,1,[6],[6265]
462,7,266,1163,0.0007761336356778696,1.6600000000081393e-06,1,[6],[6255]
463,7,266,1163,0.0007778836356778782,1.7500000000085806e-06,1,[6],[6260]
464,7,266,1164,0.0007727000441877344,0.0007727000441877344,1,[6],[6269]
465,7,266,1164,0.0007740100441877408,1.3100000000064232e-06,1,[6],[6245]
466,7,266,1164,0.0007752200441877467,1.2100000000059329e-06,1,[6],[6277]
467,7,266,1164,0.0007767500441877542,1.530000000007502e-06,1,[6],[6213]
468,7,267,1163,0.0007779662365346486,0.0007779662365346486,1,[6],[6272]
469,7,267,1163,0.0007791662365346545,1.2000000000058839e-06,1,[6],[6289]
470,7,267,1163,0.0007801462365346593,9.800000000048052e-07,1,[6],[6236]
471,7,267,1163,0.0007810962365346639,9.500000000046581e-07,1,[6],[6232]
472,7,267,1163,0.0007822162365346694,1.1200000000054916e-06,1,[6],[6256]
473,7,267,1163,0.0007842762365346795,2.0600000000101006e-06,1,[6],[6230]
474,7,267,1164,0.0007785764632780774,0.0007785764632780774,1,[6],[6268]
475,7,267,1164,0.0007822064632780952,3.6300000000177987e-06,1,[6],[6233]
476,7,268,1162,0.0007878285532622653,0.0007878285532622653,2,"[6, 15]","[6255, 3]"
477,7,268,1163,0.0007823486225328973,0.0007823486225328973,1,[6],[6254]
478,7,268,1163,0.000783508622532903,1.1600000000056877e-06,1,[6],[6264]
479,7,268,1163,0.0007844286225329075,9.20000000004511e-07,1,[6],[6235]
480,7,268,1163,0.0007853086225329118,8.800000000043148e-07,1,[6],[6284]
481,7,268,1163,0.0007862586225329165,9.500000000046581e-07,1,[6],[6213]
482,7,268,1163,0.0007875686225329229,1.3100000000064232e-06,2,"[6, 15]","[6292, 1]"
483,7,269,1162,0.0007890303393200369,0.0007890303393200369,2,"[6, 15]","[5513, 742]"
484,7,269,1162,0.0007903703393200435,1.3400000000065703e-06,2,"[6, 15]","[4495, 1756]"
485,7,269,1162,0.000791900339320051,1.530000000007502e-06,2,"[6, 15]","[6066, 188]"
486,7,269,1162,0.0007940403393200615,2.140000000010493e-06,1,[6],[6241]
487,7,269,1163,0.0007873968190369035,0.0007873968190369035,2,"[6, 15]","[6262, 2]"
488,7,269,1163,0.0007886668190369097,1.270000000006227e-06,2,"[6, 15]","[5701, 578]"
489,7,269,1163,0.0007895168190369139,8.500000000041677e-07,2,"[6, 15]","[4166, 2075]"
490,7,269,1163,0.0007904368190369184,9.20000000004511e-07,2,"[6, 15]","[4351, 1892]"
491,7,269,1163,0.0007919268190369257,1.4900000000073058e-06,2,"[6, 15]","[6012, 242]"
492,7,270,1162,0.0007929746846862148,0.0007929746846862148,2,"[6, 15]","[6076, 199]"
493,7,270,1162,0.0007942846846862213,1.3100000000064232e-06,1,[6],[6258]
494,7,270,1162,0.0007952846846862262,1.0000000000049032e-06,1,[6],[6238]
495,7,270,1162,0.0007962346846862308,9.500000000046581e-07,1,[6],[6255]
496,7,270,1162,0.0007972346846862357,1.0000000000049032e-06,1,[6],[6234]
497,7,270,1162,0.0007984646846862418,1.230000000006031e-06,1,[6],[6252]
498,7,270,1162,0.000801574684686257,3.110000000015249e-06,1,[6],[6238]
499,7,270,1163,0.0007932814293391884,0.0007932814293391884,2,"[6, 15]","[5846, 407]"
500,7,270,1163,0.0007956214293391999,2.3400000000114735e-06,1,[6],[6255]
501,7,271,1161,0.0008067577177485993,0.0008067577177485993,1,[6],[6252]
502,7,271,1162,0.0007979869226959958,0.0007979869226959958,1,[6],[6261]
503,7,271,1162,0.0007992069226960017,1.220000000005982e-06,1,[6],[6274]
504,7,271,1162,0.0008001169226960062,9.100000000044619e-07,1,[6],[6227]
505,7,271,1162,0.0008009569226960103,8.400000000041187e-07,1,[6],[6270]
506,7,271,1162,0.0008017869226960144,8.300000000040697e-07,1,[6],[6256]
507,7,271,1162,0.0008026869226960188,9.000000000044129e-07,1,[6],[6218]
508,7,271,1162,0.0008038269226960244,1.1400000000055897e-06,1,[6],[6269]
509,7,271,1162,0.0008062769226960364,2.450000000012013e-06,1,[6],[6226]
510,7,272,1161,0.0008064725913633628,0.0008064725913633628,2,"[6, 14]","[6278, 2]"
511,7,272,1161,0.0008082625913633716,1.7900000000087768e-06,3,"[6, 13, 14]","[4888, 170, 1197]"
512,7,272,1161,0.0008094525913633774,1.1900000000058348e-06,4,"[6, 12, 13, 14]","[2992, 6, 1708, 1521]"
513,7,272,1161,0.0008120625913633902,2.6100000000127974e-06,4,"[6, 12, 13, 14]","[3788, 1243, 1105, 112]"
514,7,272,1162,0.000803456168138794,0.000803456168138794,1,[6],[6287]
515,7,272,1162,0.0008047461681388004,1.2900000000063251e-06,1,[6],[6220]
516,7,272,1162,0.0008057861681388055,1.0400000000050993e-06,1,[6],[6285]
517,7,272,1162,0.0008067261681388101,9.40000000004609e-07,2,"[6, 14]","[6224, 24]"
518,7,272,1162,0.0008076761681388147,9.500000000046581e-07,3,"[6, 13, 14]","[5607, 46, 560]"
519,7,272,1162,0.0008084661681388186,7.900000000038735e-07,3,"[6, 13, 14]","[3828, 697, 1729]"
520,7,272,1162,0.0008091761681388221,7.100000000034813e-07,3,"[6, 13, 14]","[2660, 2238, 1367]"
521,7,272,1162,0.000810176168138827,1.0000000000049032e-06,4,"[6, 12, 13, 14]","[2725, 87, 3027, 414]"
522,7,273,1161,0.0008096540193400482,0.0008096540193400482,4,"[6, 12, 13, 14]","[4043, 43, 1116, 1063]"
523,7,273,1161,0.0008110340193400549,1.3800000000067664e-06,4,"[6, 12, 13, 14]","[4525, 1343, 374, 25]"
524,7,273,1161,0.0008121740193400605,1.1400000000055897e-06,3,"[6, 12, 13]","[4829, 1416, 10]"
525,7,273,1161,0.0008134140193400666,1.24000000000608e-06,2,"[6, 12]","[6120, 134]"
526,7,273,1161,0.000814724019340073,1.3100000000064232e-06,1,[6],[6234]
527,7,273,1161,0.0008164440193400814,1.7200000000084335e-06,1,[6],[6232]
528,7,273,1162,0.0008088432683390787,0.0008088432683390787,3,"[6, 13, 14]","[4153, 823, 1297]"
529,7,273,1162,0.0008100732683390847,1.230000000006031e-06,4,"[6, 12, 13, 14]","[3640, 157, 2074, 365]"
530,7,273,1162,0.0008113132683390908,1.24000000000608e-06,4,"[6, 12, 13, 14]","[4309, 1637, 308, 6]"
531,7,273,1162,0.0008128632683390984,1.5500000000076e-06,3,"[6, 12, 13]","[5229, 1014, 2]"
532,7,273,1162,0.0008156532683391121,2.79000000001368e-06,2,"[6, 12]","[6229, 8]"
533,7,274,1161,0.000815480495749752,0.000815480495749752,4,"[6, 12, 13, 14]","[6211, 57, 2, 2]"
534,7,274,1161,0.0008168404957497586,1.3600000000066684e-06,1,[6],[6266]
535,7,274,1161,0.0008178904957497638,1.0500000000051484e-06,1,[6],[6239]
536,7,274,1161,0.0008188204957497683,9.3000000000456e-07,1,[6],[6245]
537,7,274,1161,0.000819770495749773,9.500000000046581e-07,1,[6],[6259]
538,7,274,1161,0.0008208304957497782,1.0600000000051974e-06,1,[6],[6266]
539,7,274,1161,0.0008222704957497852,1.4400000000070606e-06,1,[6],[6225]
540,7,274,1162,0.0008179695355558256,0.0008179695355558256,4,"[6, 12, 13, 14]","[6185, 68, 7, 3]"
541,7,275,1160,0.0008255326362292551,0.0008255326362292551,1,[6],[6261]
542,7,275,1160,0.0008285626362292699,3.0300000000148567e-06,2,"[6, 11]","[6246, 1]"
543,7,275,1161,0.0008213231697431601,0.0008213231697431601,1,[6],[6280]
544,7,275,1161,0.0008227131697431669,1.3900000000068155e-06,1,[6],[6258]
545,7,275,1161,0.0008237731697431721,1.0600000000051974e-06,1,[6],[6227]
546,7,275,1161,0.0008247031697431766,9.3000000000456e-07,1,[6],[6294]
547,7,275,1161,0.0008256731697431814,9.700000000047561e-07,1,[6],[6218]
548,7,275,1161,0.0008268331697431871,1.1600000000056877e-06,1,[6],[6232]
549,7,275,1161,0.0008289331697431974,2.1000000000102968e-06,2,"[6, 11]","[6238, 5]"
550,7,276,1160,0.0008286414360084936,0.0008286414360084936,2,"[6, 11]","[6257, 23]"
551,7,276,1160,0.0008298714360084996,1.230000000006031e-06,2,"[6, 11]","[5000, 1269]"
552,7,276,1160,0.0008306914360085037,8.200000000040206e-07,2,"[6, 11]","[3875, 2385]"
553,7,276,1160,0.0008317414360085088,1.0500000000051484e-06,2,"[6, 11]","[4910, 1283]"
554,7,276,1160,0.0008333214360085165,1.580000000007747e-06,2,"[6, 11]","[6171, 83]"
555,7,276,1161,0.0008273898597557321,0.0008273898597557321,1,[6],[6273]
556,7,276,1161,0.0008289498597557397,1.560000000007649e-06,2,"[6, 11]","[6142, 95]"
557,7,276,1161,0.000830029859755745,1.0800000000052955e-06,2,"[6, 11]","[4569, 1674]"
558,7,276,1161,0.0008310298597557499,1.0000000000049032e-06,2,"[6, 11]","[3623, 2632]"
559,7,276,1161,0.0008338698597557639,2.840000000013925e-06,2,"[6, 11]","[5594, 651]"
560,7,277,1160,0.0008328921764539476,0.0008328921764539476,2,"[6, 11]","[5191, 1061]"
561,7,277,1160,0.0008342921764539545,1.4000000000068645e-06,1,[6],[6299]
562,7,277,1160,0.0008353521764539597,1.0600000000051974e-06,1,[6],[6232]
563,7,277,1160,0.0008364621764539651,1.1100000000054426e-06,1,[6],[6257]
564,7,277,1160,0.0008376021764539707,1.1400000000055897e-06,1,[6],[6249]
565,7,277,1160,0.000839102176453978,1.5000000000073548e-06,1,[6],[6229]
566,7,277,1161,0.0008344231843676704,0.0008344231843676704,2,"[6, 11]","[5237, 1020]"
567,7,278,1159,0.0008426141158043006,0.0008426141158043006,1,[6],[6252]
568,7,278,1160,0.0008383038198757465,0.0008383038198757465,2,"[6, 11]","[6259, 1]"
569,7,278,1160,0.000839623819875753,1.3200000000064722e-06,1,[6],[6301]
570,7,278,1160,0.000840653819875758,1.0300000000050503e-06,1,[6],[6198]
571,7,278,1160,0.000841673819875763,1.0200000000050013e-06,1,[6],[6296]
572,7,278,1160,0.0008428138198757686,1.1400000000055897e-06,1,[6],[6213]
573,7,278,1160,0.0008446138198757774,1.8000000000088258e-06,1,[6],[6246]
574,7,279,1159,0.0008454132446313998,0.0008454132446313998,1,[6],[6281]
575,7,279,1159,0.0008470532446314079,1.6400000000080413e-06,1,[6],[6254]
576,7,279,1159,0.0008485632446314153,1.5100000000074039e-06,1,[6],[6251]
577,7,279,1159,0.0008506332446314254,2.0700000000101497e-06,1,[6],[6218]
578,7,279,1160,0.0008439411761554158,0.0008439411761554158,1,[6],[6267]
579,7,279,1160,0.0008455911761554239,1.6500000000080903e-06,1,[6],[6242]
580,7,279,1160,0.0008471811761554317,1.5900000000077961e-06,1,[6],[6264]
581,7,279,1160,0.0008496511761554438,2.470000000012111e-06,1,[6],[6231]
582,7,280,1159,0.0008496645663376354,0.0008496645663376354,1,[6],[6259]
583,7,280,1159,0.0008509945663376419,1.3300000000065213e-06,1,[6],[6278]
584,7,280,1159,0.000852034566337647,1.0400000000050993e-06,1,[6],[6214]
585,7,280,1159,0.000853054566337652,1.0200000000050013e-06,1,[6],[6256]
586,7,280,1159,0.0008541545663376574,1.1000000000053935e-06,1,[6],[6284]
587,7,280,1159,0.0008558245663376656,1.6700000000081884e-06,1,[6],[6216]
588,7,280,1160,0.0008510142271202538,0.0008510142271202538,1,[6],[6260]
589,7,281,1158,0.0008594026478094379,0.0008594026478094379,1,[6],[6262]
590,7,281,1159,0.0008546471412099466,0.0008546471412099466,1,[6],[6266]
591,7,281,1159,0.0008559771412099531,1.3300000000065213e-06,1,[6],[6247]
592,7,281,1159,0.0008570271412099582,1.0500000000051484e-06,1,[6],[6281]
593,7,281,1159,0.0008580371412099632,1.0100000000049522e-06,1,[6],[6265]
594,7,281,1159,0.0008591471412099686,1.1100000000054426e-06,1,[6],[6227]
595,7,281,1159,0.0008607771412099766,1.6300000000079922e-06,2,"[6, 10]","[6218, 2]"
596,7,282,1158,0.0008618180274649801,0.0008618180274649801,2,"[6, 10]","[5810, 446]"
597,7,282,1158,0.0008631580274649867,1.3400000000065703e-06,2,"[6, 10]","[4762, 1524]"
598,7,282,1158,0.0008645080274649933,1.3500000000066193e-06,3,"[6, 9, 10]","[5965, 2, 276]"
599,7,282,1158,0.0008658280274649998,1.3200000000064722e-06,3,"[6, 9, 10]","[5730, 510, 1]"
600,7,282,1158,0.0008673280274650072,1.5000000000073548e-06,2,"[6, 9]","[4417, 1815]"
601,7,282,1159,0.000860296486496285,0.000860296486496285,2,"[6, 10]","[6254, 3]"
602,7,282,1159,0.0008617764864962922,1.4800000000072568e-06,2,"[6, 10]","[5708, 552]"
603,7,282,1159,0.0008628464864962975,1.0700000000052464e-06,2,"[6, 10]","[4565, 1702]"
604,7,282,1159,0.0008642364864963043,1.3900000000068155e-06,2,"[6, 10]","[5509, 745]"
605,7,282,1159,0.000867026486496318,2.79000000001368e-06,3,"[6, 9, 10]","[5622, 588, 8]"
606,7,283,1157,0.0008781771174596363,0.0008781771174596363,4,"[6, 8, 9, 10]","[5938, 144, 167, 1]"
607,7,283,1158,0.0008658829252559675,0.0008658829252559675,3,"[6, 9, 10]","[5319, 796, 168]"
608,7,283,1158,0.0008669329252559727,1.0500000000051484e-06,2,"[6, 9]","[4164, 2086]"
609,7,283,1158,0.0008679329252559776,1.0000000000049032e-06,2,"[6, 9]","[5600, 669]"
610,7,283,1158,0.0008688929252559823,9.60000000004707e-07,2,"[6, 9]","[6204, 33]"
611,7,283,1158,0.000869842925255987,9.500000000046581e-07,1,[6],[6248]
612,7,283,1158,0.0008708829252559921,1.0400000000050993e-06,1,[6],[6254]
613,7,283,1158,0.000872302925255999,1.4200000000069626e-06,1,[6],[6222]
614,7,283,1159,0.0008670669796872516,0.0008670669796872516,3,"[6, 9, 10]","[5155, 875, 220]"
615,7,284,1157,0.0008743885389124276,0.0008743885389124276,1,[6],[6259]
616,7,284,1157,0.0008762285389124366,1.840000000009022e-06,2,"[6, 8]","[6167, 76]"
617,7,284,1157,0.0008773385389124421,1.1100000000054426e-06,2,"[6, 8]","[3886, 2365]"
618,7,284,1157,0.0008779685389124452,6.30000000003089e-07,2,"[6, 8]","[1999, 4257]"
619,7,284,1157,0.0008786685389124486,7.000000000034323e-07,2,"[6, 8]","[1754, 4554]"
620,7,284,1158,0.0008715375388408194,0.0008715375388408194,2,"[6, 9]","[6216, 49]"
621,7,284,1158,0.0008729675388408264,1.4300000000070116e-06,1,[6],[6285]
622,7,284,1158,0.0008741675388408323,1.2000000000058839e-06,1,[6],[6217]
623,7,284,1158,0.0008753975388408384,1.230000000006031e-06,1,[6],[6253]
624,7,284,1158,0.0008770875388408466,1.6900000000082864e-06,2,"[6, 8]","[6121, 129]"
625,7,285,1157,0.0008773952497670989,0.0008773952497670989,2,"[6, 8]","[4128, 2161]"
626,7,285,1157,0.0008780752497671023,6.800000000033342e-07,2,"[6, 8]","[2205, 4017]"
627,7,285,1157,0.0008787752497671057,7.000000000034323e-07,2,"[6, 8]","[2744, 3524]"
628,7,285,1157,0.0008798452497671109,1.0700000000052464e-06,2,"[6, 8]","[4847, 1397]"
629,7,285,1157,0.0008810052497671166,1.1600000000056877e-06,2,"[6, 8]","[6202, 51]"
630,7,285,1157,0.0008822052497671225,1.2000000000058839e-06,1,[6],[6241]
631,7,285,1157,0.0008838852497671307,1.6800000000082374e-06,1,[6],[6261]
632,7,285,1158,0.0008781140973627156,0.0008781140973627156,2,"[6, 8]","[5321, 939]"
633,7,285,1158,0.0008815040973627322,3.390000000016622e-06,2,"[6, 8]","[5319, 922]"
634,7,286,1156,0.0008872205019365499,0.0008872205019365499,2,"[6, 8]","[6236, 15]"
635,7,286,1156,0.0008896105019365616,2.3900000000117187e-06,1,[6],[6281]
636,7,286,1157,0.0008835877850675163,0.0008835877850675163,2,"[6, 8]","[6136, 119]"
637,7,286,1157,0.0008849677850675231,1.3800000000067664e-06,1,[6],[6255]
638,7,286,1157,0.0008860977850675286,1.1300000000055406e-06,1,[6],[6262]
639,7,286,1157,0.0008872577850675343,1.1600000000056877e-06,1,[6],[6278]
640,7,286,1157,0.0008887377850675416,1.4800000000072568e-06,1,[6],[6223]
641,7,287,1156,0.0008902992226183198,0.0008902992226183198,1,[6],[6251]
642,7,287,1156,0.0008917392226183269,1.4400000000070606e-06,1,[6],[6272]
643,7,287,1156,0.0008928892226183325,1.1500000000056387e-06,1,[6],[6243]
644,7,287,1156,0.000894009222618338,1.1200000000054916e-06,1,[6],[6287]
645,7,287,1156,0.0008953292226183445,1.3200000000064722e-06,1,[6],[6244]
646,7,287,1156,0.0008977492226183564,2.4200000000118658e-06,1,[6],[6204]
647,7,287,1157,0.0008898789935560044,0.0008898789935560044,1,[6],[6266]
648,7,287,1157,0.000892448993556017,2.5700000000126013e-06,1,[6],[6257]
649,7,288,1155,0.0008998039236074128,0.0008998039236074128,1,[6],[6256]
650,7,288,1155,0.0009031339236074291,3.3300000000163277e-06,1,[6],[6244]
651,7,288,1156,0.0008951439067192862,0.0008951439067192862,1,[6],[6264]
652,7,288,1156,0.0008965539067192931,1.4100000000069135e-06,1,[6],[6278]
653,7,288,1156,0.0008976539067192985,1.1000000000053935e-06,1,[6],[6237]
654,7,288,1156,0.0008986939067193036,1.0400000000050993e-06,1,[6],[6237]
655,7,288,1156,0.0008998939067193095,1.2000000000058839e-06,1,[6],[6273]
656,7,288,1156,0.0009017039067193183,1.8100000000088748e-06,1,[6],[6211]
657,7,288,1172,0.0009127117607316209,0.0009127117607316209,1,[1],[6276]
658,7,288,1173,0.0009121231626150009,0.0009121231626150009,2,"[1, 3]","[6153, 117]"
659,7,288,1174,0.0009117111709912101,0.0009117111709912101,2,"[1, 3]","[5698, 601]"
660,7,288,1174,0.0009123811709912134,6.700000000032852e-07,2,"[1, 3]","[5587, 622]"
661,7,288,1175,0.0009114521474441126,0.0009114521474441126,2,"[1, 3]","[6313, 48]"
662,7,288,1175,0.0009120521474441155,6.000000000029419e-07,2,"[1, 3]","[6086, 82]"
663,7,288,1176,0.0009111435872045805,0.0009111435872045805,1,[1],[6332]
664,7,288,1176,0.000911643587204583,5.000000000024516e-07,1,[1],[6207]
665,7,288,1176,0.000912253587204586,6.10000000002991e-07,1,[1],[6212]
666,7,288,1177,0.0009108462292903769,0.0009108462292903769,1,[1],[6257]
667,7,288,1177,0.0009113162292903792,4.700000000023045e-07,1,[1],[6367]
668,7,288,1177,0.0009117762292903815,4.600000000022555e-07,1,[1],[6229]
669,7,288,1178,0.0009106330983412119,0.0009106330983412119,1,[1],[6317]
670,7,288,1178,0.0009110830983412141,4.5000000000220645e-07,1,[1],[6334]
671,7,288,1178,0.0009115030983412162,4.2000000000205935e-07,1,[1],[6212]
672,7,288,1178,0.0009122230983412197,7.200000000035303e-07,1,[1],[6146]
673,7,288,1179,0.0009104375374420955,0.0009104375374420955,2,"[1, 2]","[6259, 1]"
674,7,288,1179,0.0009108575374420976,4.2000000000205935e-07,2,"[1, 2]","[6282, 1]"
675,7,288,1179,0.0009112375374420995,3.800000000018632e-07,2,"[1, 2]","[6331, 6]"
676,7,288,1179,0.0009117275374421019,4.900000000024026e-07,2,"[1, 2]","[6129, 3]"
677,7,288,1180,0.0009102348982338732,0.0009102348982338732,2,"[1, 2]","[5881, 442]"
678,7,288,1180,0.0009106248982338752,3.9000000000191225e-07,2,"[1, 2]","[5785, 401]"
679,7,288,1180,0.0009109548982338768,3.3000000000161806e-07,2,"[1, 2]","[5876, 377]"
680,7,288,1180,0.0009113348982338786,3.800000000018632e-07,2,"[1, 2]","[5878, 363]"
681,7,288,1180,0.0009121048982338824,7.700000000037755e-07,2,"[1, 2]","[5942, 318]"
682,7,288,1181,0.0009100833282846315,0.0009100833282846315,2,"[1, 2]","[5801, 491]"
683,7,288,1181,0.0009104633282846333,3.800000000018632e-07,2,"[1, 2]","[5853, 528]"
684,7,288,1181,0.0009107733282846349,3.1000000000152e-07,2,"[1, 2]","[5605, 521]"
685,7,288,1181,0.0009111033282846365,3.3000000000161806e-07,2,"[1, 2]","[5724, 547]"
686,7,288,1181,0.0009116033282846389,5.000000000024516e-07,2,"[1, 2]","[5703, 555]"
687,7,288,1182,0.0009100255282691909,0.0009100255282691909,2,"[1, 2]","[6249, 6]"
688,7,288,1182,0.0009104255282691929,4.000000000019613e-07,2,"[1, 2]","[6318, 7]"
689,7,288,1182,0.0009107755282691946,3.500000000017161e-07,2,"[1, 2]","[6298, 13]"
690,7,288,1182,0.0009111855282691966,4.100000000020103e-07,2,"[1, 2]","[6210, 13]"
691,7,288,1183,0.000909924730334147,0.000909924730334147,1,[1],[6281]
692,7,288,1183,0.000910324730334149,4.000000000019613e-07,1,[1],[6402]
693,7,288,1183,0.0009106647303341506,3.400000000016671e-07,1,[1],[6245]
694,7,288,1183,0.0009110447303341525,3.800000000018632e-07,1,[1],[6120]
695,7,288,1183,0.000911954730334157,9.100000000044619e-07,1,[1],[6217]
696,7,288,1184,0.0009098357468846928,0.0009098357468846928,1,[1],[6289]
697,7,288,1184,0.0009102357468846947,4.000000000019613e-07,1,[1],[6278]
698,7,288,1184,0.0009105657468846963,3.3000000000161806e-07,1,[1],[6203]
699,7,288,1184,0.0009109457468846982,3.800000000018632e-07,1,[1],[6350]
700,7,288,1184,0.0009116757468847018,7.300000000035793e-07,1,[1],[6141]
701,7,288,1185,0.000909753460380243,0.000909753460380243,1,[1],[6302]
702,7,288,1185,0.0009101334603802448,3.800000000018632e-07,1,[1],[6316]
703,7,288,1185,0.0009104534603802464,3.2000000000156903e-07,1,[1],[6196]
704,7,288,1185,0.000910793460380248,3.400000000016671e-07,1,[1],[6193]
705,7,288,1185,0.0009113334603802507,5.400000000026477e-07,1,[1],[6258]
706,7,288,1186,0.000909700949197996,0.000909700949197996,1,[1],[6386]
707,7,288,1186,0.0009100709491979978,3.700000000018142e-07,1,[1],[6192]
708,7,288,1186,0.0009103809491979993,3.1000000000152e-07,1,[1],[6172]
709,7,288,1186,0.0009107109491980009,3.3000000000161806e-07,1,[1],[6255]
710,7,288,1186,0.0009112209491980034,5.100000000025006e-07,1,[1],[6261]
711,7,288,1187,0.0009096349050634174,0.0009096349050634174,1,[1],[6259]
712,7,288,1187,0.0009100149050634193,3.800000000018632e-07,1,[1],[6324]
713,7,288,1187,0.0009103349050634209,3.2000000000156903e-07,1,[1],[6301]
714,7,288,1187,0.0009106649050634225,3.3000000000161806e-07,1,[1],[6240]
715,7,288,1187,0.0009111649050634249,5.000000000024516e-07,1,[1],[6211]
716,7,288,1188,0.0009099834990370939,0.0009099834990370939,1,[1],[6336]
717,7,288,1188,0.000910613499037097,6.30000000003089e-07,1,[1],[6203]
718,7,289,1155,0.0009024384534850816,0.0009024384534850816,1,[6],[6279]
719,7,289,1155,0.0009039184534850889,1.4800000000072568e-06,1,[6],[6236]
720,7,289,1155,0.0009051484534850949,1.230000000006031e-06,1,[6],[6263]
721,7,289,1155,0.0009064084534851011,1.260000000006178e-06,1,[6],[6230]
722,7,289,1155,0.0009080584534851092,1.6500000000080903e-06,1,[6],[6265]
723,7,289,1156,0.0009013559985865934,0.0009013559985865934,1,[6],[6250]
724,7,289,1156,0.0009034059985866034,2.0500000000100516e-06,1,[6],[6263]
725,7,289,1156,0.0009060259985866163,2.6200000000128464e-06,1,[6],[6251]
726,7,289,1165,0.0009133610208748195,0.0009133610208748195,1,[1],[6298]
727,7,289,1166,0.0009128619331407224,0.0009128619331407224,1,[1],[6267]
728,7,289,1166,0.0009135719331407259,7.100000000034813e-07,1,[1],[6238]
729,7,289,1167,0.000912500309313612,0.000912500309313612,2,"[1, 4]","[6281, 6]"
730,7,289,1167,0.0009129803093136143,4.800000000023535e-07,2,"[1, 4]","[6273, 11]"
731,7,289,1167,0.0009134903093136168,5.100000000025006e-07,2,"[1, 4]","[6254, 7]"
732,7,289,1168,0.0009122043898879432,0.0009122043898879432,2,"[1, 4]","[5915, 385]"
733,7,289,1168,0.0009125843898879451,3.800000000018632e-07,2,"[1, 4]","[5820, 398]"
734,7,289,1168,0.0009129043898879467,3.2000000000156903e-07,2,"[1, 4]","[5881, 403]"
735,7,289,1168,0.0009132443898879483,3.400000000016671e-07,2,"[1, 4]","[5906, 382]"
736,7,289,1168,0.0009137743898879509,5.300000000025987e-07,2,"[1, 4]","[5821, 380]"
737,7,289,1169,0.00091204596330112,0.00091204596330112,2,"[1, 4]","[5987, 291]"
738,7,289,1169,0.0009124159633011218,3.700000000018142e-07,2,"[1, 4]","[6002, 340]"
739,7,289,1169,0.0009127159633011233,3.0000000000147097e-07,2,"[1, 4]","[5975, 360]"
740,7,289,1169,0.0009130059633011247,2.9000000000142193e-07,2,"[1, 4]","[5766, 306]"
741,7,289,1169,0.0009133859633011265,3.800000000018632e-07,2,"[1, 4]","[5951, 367]"
742,7,289,1170,0.0009119036102930637,0.0009119036102930637,2,"[1, 4]","[6360, 1]"
743,7,289,1170,0.0009122636102930655,3.6000000000176516e-07,2,"[1, 4]","[6312, 2]"
744,7,289,1170,0.0009125436102930669,2.800000000013729e-07,2,"[1, 4]","[6152, 3]"
745,7,289,1170,0.0009128336102930683,2.9000000000142193e-07,2,"[1, 4]","[6341, 4]"
746,7,289,1170,0.0009131636102930699,3.3000000000161806e-07,2,"[1, 4]","[6088, 4]"
747,7,289,1170,0.0009139236102930736,7.600000000037264e-07,2,"[1, 4]","[6248, 5]"
748,7,289,1171,0.0009117057694611268,0.0009117057694611268,1,[1],[6359]
749,7,289,1171,0.0009120557694611285,3.500000000017161e-07,1,[1],[6285]
750,7,289,1171,0.0009123257694611299,2.7000000000132387e-07,1,[1],[6266]
751,7,289,1171,0.0009125857694611311,2.6000000000127484e-07,1,[1],[6198]
752,7,289,1171,0.0009128757694611326,2.9000000000142193e-07,1,[1],[6152]
753,7,289,1171,0.0009132957694611346,4.2000000000205935e-07,1,[1],[6244]
754,7,289,1172,0.0009115888440540296,0.0009115888440540296,1,[1],[6333]
755,7,289,1172,0.0009119388440540314,3.500000000017161e-07,1,[1],[6282]
756,7,289,1172,0.0009122288440540328,2.9000000000142193e-07,1,[1],[6343]
757,7,289,1172,0.0009125188440540342,2.9000000000142193e-07,1,[1],[6194]
758,7,289,1172,0.0009128688440540359,3.500000000017161e-07,1,[1],[6146]
759,7,289,1172,0.0009137788440540404,9.100000000044619e-07,1,[1],[6221]
760,7,289,1173,0.0009114612698687358,0.0009114612698687358,2,"[1, 3]","[6243, 88]"
761,7,289,1173,0.0009118412698687376,3.800000000018632e-07,2,"[1, 3]","[6099, 77]"
762,7,289,1173,0.0009121612698687392,3.2000000000156903e-07,2,"[1, 3]","[6219, 85]"
763,7,289,1173,0.0009125012698687409,3.400000000016671e-07,2,"[1, 3]","[6138, 74]"
764,7,289,1173,0.0009130012698687433,5.000000000024516e-07,2,"[1, 3]","[6168, 60]"
765,7,289,1174,0.0009113279441011164,0.0009113279441011164,2,"[1, 3]","[5640, 679]"
766,7,289,1174,0.0009117079441011182,3.800000000018632e-07,2,"[1, 3]","[5463, 740]"
767,7,289,1174,0.0009120379441011199,3.3000000000161806e-07,2,"[1, 3]","[5675, 684]"
768,7,289,1174,0.0009123979441011216,3.6000000000176516e-07,2,"[1, 3]","[5601, 669]"
769,7,289,1174,0.0009129779441011245,5.800000000028439e-07,2,"[1, 3]","[5464, 681]"
770,7,289,1175,0.0009112565170855345,0.0009112565170855345,2,"[1, 3]","[6185, 78]"
771,7,289,1175,0.0009117065170855367,4.5000000000220645e-07,2,"[1, 3]","[6215, 116]"
772,7,289,1175,0.0009121465170855388,4.400000000021574e-07,2,"[1, 3]","[6097, 145]"
773,7,289,1175,0.0009129465170855428,8.000000000039226e-07,2,"[1, 3]","[6031, 136]"
774,7,289,1176,0.0009111102273166038,0.0009111102273166038,1,[1],[6334]
775,7,289,1176,0.0009116102273166063,5.000000000024516e-07,2,"[1, 3]","[6297, 1]"
776,7,289,1176,0.000912160227316609,5.500000000026968e-07,1,[1],[6133]
777,7,289,1177,0.0009109881691431273,0.0009109881691431273,1,[1],[6333]
778,7,289,1177,0.0009115281691431299,5.400000000026477e-07,1,[1],[6179]
779,7,289,1177,0.0009123381691431339,8.100000000039716e-07,1,[1],[6281]
780,7,289,1178,0.0009109003907826279,0.0009109003907826279,1,[1],[6333]
781,7,289,1178,0.0009115803907826312,6.800000000033342e-07,1,[1],[6182]
782,7,289,1179,0.0009108679878070523,0.0009108679878070523,2,"[1, 2]","[6314, 1]"
783,7,289,1179,0.0009117079878070564,8.400000000041187e-07,2,"[1, 2]","[6219, 1]"
784,7,289,1180,0.0009107971792650525,0.0009107971792650525,2,"[1, 2]","[5888, 426]"
785,7,289,1180,0.0009118971792650579,1.1000000000053935e-06,2,"[1, 2]","[5846, 344]"
786,7,289,1181,0.0009108087973650175,0.0009108087973650175,2,"[1, 2]","[5633, 655]"
787,7,289,1182,0.0009111277898706182,0.0009111277898706182,2,"[1, 2]","[6278, 9]"
788,7,289,1183,0.0009114889973506312,0.0009114889973506312,1,[1],[6260]
789,7,290,1154,0.0009125455098697839,0.0009125455098697839,1,[6],[6254]
790,7,290,1154,0.000916435509869803,3.8900000000190735e-06,3,"[1, 6, 7]","[1413, 4390, 457]"
791,7,290,1155,0.0009070588043772003,0.0009070588043772003,1,[6],[6280]
792,7,290,1155,0.0009084288043772071,1.3700000000067174e-06,1,[6],[6271]
793,7,290,1155,0.0009095088043772124,1.0800000000052955e-06,1,[6],[6233]
794,7,290,1155,0.0009105488043772175,1.0400000000050993e-06,1,[6],[6243]
795,7,290,1155,0.0009116588043772229,1.1100000000054426e-06,1,[6],[6232]
796,7,290,1155,0.0009131588043772303,1.5000000000073548e-06,3,"[1, 6, 7]","[3, 6260, 1]"
797,7,290,1155,0.0009153188043772408,2.160000000010591e-06,3,"[1, 6, 7]","[2085, 3934, 263]"
798,7,290,1155,0.000916358804377246,1.0400000000050993e-06,3,"[1, 6, 7]","[5483, 503, 236]"
799,7,290,1156,0.0009144364382985703,0.0009144364382985703,2,"[1, 6]","[1237, 5030]"
800,7,290,1156,0.0009154564382985753,1.0200000000050013e-06,3,"[1, 6, 7]","[6286, 23, 6]"
801,7,290,1156,0.0009165164382985805,1.0600000000051974e-06,3,"[1, 6, 7]","[6187, 3, 1]"
802,7,290,1157,0.0009146218777956188,0.0009146218777956188,2,"[1, 6]","[6338, 7]"
803,7,290,1157,0.0009152518777956218,6.30000000003089e-07,1,[1],[6245]
804,7,290,1158,0.000914049579404292,0.000914049579404292,1,[1],[6303]
805,7,290,1158,0.0009145595794042945,5.100000000025006e-07,1,[1],[6275]
806,7,290,1158,0.0009151595794042975,6.000000000029419e-07,1,[1],[6253]
807,7,290,1159,0.000913651756008286,0.000913651756008286,1,[1],[6322]
808,7,290,1159,0.0009140917560082881,4.400000000021574e-07,1,[1],[6212]
809,7,290,1159,0.0009145217560082902,4.300000000021084e-07,1,[1],[6313]
810,7,290,1159,0.0009152517560082938,7.300000000035793e-07,1,[1],[6157]
811,7,290,1160,0.0009134290452944369,0.0009134290452944369,1,[1],[6353]
812,7,290,1160,0.0009138190452944388,3.9000000000191225e-07,1,[1],[6245]
813,7,290,1160,0.0009141590452944405,3.400000000016671e-07,1,[1],[6328]
814,7,290,1160,0.0009145290452944423,3.700000000018142e-07,1,[1],[6136]
815,7,290,1160,0.0009153490452944463,8.200000000040206e-07,1,[1],[6202]
816,7,290,1161,0.0009132172411199545,0.0009132172411199545,1,[1],[6278]
817,7,290,1161,0.0009135972411199564,3.800000000018632e-07,1,[1],[6349]
818,7,290,1161,0.0009138872411199578,2.9000000000142193e-07,1,[1],[6192]
819,7,290,1161,0.0009141972411199593,3.1000000000152e-07,1,[1],[6376]
820,7,290,1161,0.0009145772411199612,3.800000000018632e-07,1,[1],[6164]
821,7,290,1162,0.0009129842795345471,0.0009129842795345471,1,[1],[6380]
822,7,290,1162,0.0009133242795345488,3.400000000016671e-07,1,[1],[6196]
823,7,290,1162,0.0009135942795345501,2.7000000000132387e-07,1,[1],[6194]
824,7,290,1162,0.0009138542795345514,2.6000000000127484e-07,1,[1],[6319]
825,7,290,1162,0.0009141442795345528,2.9000000000142193e-07,1,[1],[6264]
826,7,290,1162,0.0009145642795345549,4.2000000000205935e-07,1,[1],[6239]
827,7,290,1163,0.0009127372600980011,0.0009127372600980011,1,[1],[6351]
828,7,290,1163,0.0009130772600980028,3.400000000016671e-07,1,[1],[6338]
829,7,290,1163,0.0009133372600980041,2.6000000000127484e-07,1,[1],[6195]
830,7,290,1163,0.0009135872600980053,2.500000000012258e-07,1,[1],[6215]
831,7,290,1163,0.0009138472600980066,2.6000000000127484e-07,1,[1],[6393]
832,7,290,1163,0.0009141672600980081,3.2000000000156903e-07,1,[1],[6167]
833,7,290,1163,0.0009149372600980119,7.700000000037755e-07,1,[1],[6105]
834,7,290,1164,0.0009125510829251131,0.0009125510829251131,1,[1],[6364]
835,7,290,1164,0.0009128710829251147,3.2000000000156903e-07,1,[1],[6152]
836,7,290,1164,0.0009131210829251159,2.500000000012258e-07,1,[1],[6366]
837,7,290,1164,0.000913351082925117,2.3000000000112774e-07,1,[1],[6191]
838,7,290,1164,0.0009135910829251182,2.4000000000117677e-07,1,[1],[6423]
839,7,290,1164,0.0009138710829251196,2.800000000013729e-07,1,[1],[6117]
840,7,290,1164,0.0009143310829251218,4.600000000022555e-07,1,[1],[6205]
841,7,290,1165,0.000912434166772483,0.000912434166772483,1,[1],[6281]
842,7,290,1165,0.0009127841667724847,3.500000000017161e-07,1,[1],[6328]
843,7,290,1165,0.0009130541667724861,2.7000000000132387e-07,1,[1],[6240]
844,7,290,1165,0.0009133041667724873,2.500000000012258e-07,1,[1],[6238]
845,7,290,1165,0.0009135741667724886,2.7000000000132387e-07,1,[1],[6248]
846,7,290,1165,0.0009139441667724904,3.700000000018142e-07,1,[1],[6292]
847,7,290,1166,0.0009123860522141961,0.0009123860522141961,1,[1],[6270]
848,7,290,1166,0.000912766052214198,3.800000000018632e-07,1,[1],[6378]
849,7,290,1166,0.0009130660522141995,3.0000000000147097e-07,1,[1],[6304]
850,7,290,1166,0.0009133660522142009,3.0000000000147097e-07,1,[1],[6175]
851,7,290,1166,0.0009137560522142028,3.9000000000191225e-07,1,[1],[6195]
852,7,290,1167,0.0009123997215038177,0.0009123997215038177,2,"[1, 4]","[6346, 4]"
853,7,290,1167,0.0009127997215038196,4.000000000019613e-07,2,"[1, 4]","[6290, 2]"
854,7,290,1167,0.0009131597215038214,3.6000000000176516e-07,2,"[1, 4]","[6239, 1]"
855,7,290,1167,0.0009135997215038236,4.400000000021574e-07,1,[1],[6166]
856,7,290,1168,0.0009124184432333642,0.0009124184432333642,2,"[1, 4]","[5972, 302]"
857,7,290,1168,0.0009128984432333666,4.800000000023535e-07,2,"[1, 4]","[5976, 322]"
858,7,290,1168,0.0009134184432333691,5.200000000025497e-07,2,"[1, 4]","[5931, 271]"
859,7,290,1169,0.0009126016345811233,0.0009126016345811233,2,"[1, 4]","[5864, 394]"
860,7,290,1169,0.0009134616345811275,8.600000000042168e-07,2,"[1, 4]","[5840, 439]"
861,7,290,1170,0.0009131580449612206,0.0009131580449612206,2,"[1, 4]","[6246, 8]"
862,7,291,1154,0.0009145058296431626,0.0009145058296431626,3,"[1, 6, 7]","[118, 5817, 320]"
863,7,291,1154,0.0009154358296431671,9.3000000000456e-07,3,"[1, 6, 7]","[2211, 2984, 1128]"
864,7,291,1154,0.0009159358296431696,5.000000000024516e-07,3,"[1, 6, 7]","[4125, 1576, 597]"
865,7,291,1154,0.0009163658296431717,4.300000000021084e-07,3,"[1, 6, 7]","[4892, 1051, 290]"
866,7,291,1154,0.0009168758296431742,5.100000000025006e-07,3,"[1, 6, 7]","[5305, 730, 128]"
867,7,291,1155,0.0009129430751132704,0.0009129430751132704,2,"[1, 6]","[2, 6267]"
868,7,291,1155,0.0009144130751132776,1.4700000000072077e-06,3,"[1, 6, 7]","[1000, 5010, 253]"
869,7,291,1155,0.0009149330751132801,5.200000000025497e-07,3,"[1, 6, 7]","[4059, 1799, 508]"
870,7,291,1155,0.0009152030751132814,2.7000000000132387e-07,3,"[1, 6, 7]","[4760, 949, 404]"
871,7,291,1155,0.0009154130751132825,2.1000000000102968e-07,3,"[1, 6, 7]","[5384, 719, 311]"
872,7,291,1155,0.0009155830751132833,1.7000000000083355e-07,3,"[1, 6, 7]","[5383, 521, 261]"
873,7,291,1155,0.0009157430751132841,1.6000000000078451e-07,3,"[1, 6, 7]","[5681, 457, 207]"
874,7,291,1155,0.0009158930751132848,1.5000000000073548e-07,3,"[1, 6, 7]","[5734, 378, 159]"
875,7,291,1155,0.0009160330751132855,1.4000000000068645e-07,3,"[1, 6, 7]","[5608, 345, 134]"
876,7,291,1155,0.0009161830751132862,1.5000000000073548e-07,3,"[1, 6, 7]","[5952, 301, 115]"
877,7,291,1155,0.000916343075113287,1.6000000000078451e-07,3,"[1, 6, 7]","[5945, 305, 96]"
878,7,291,1155,0.0009165130751132879,1.7000000000083355e-07,3,"[1, 6, 7]","[5754, 258, 68]"
879,7,291,1155,0.0009167330751132889,2.200000000010787e-07,3,"[1, 6, 7]","[6014, 221, 46]"
880,7,291,1155,0.0009170430751132905,3.1000000000152e-07,3,"[1, 6, 7]","[5984, 213, 31]"
881,7,291,1156,0.0009145235682686942,0.0009145235682686942,3,"[1, 6, 7]","[5919, 453, 3]"
882,7,291,1156,0.0009148435682686958,3.2000000000156903e-07,3,"[1, 6, 7]","[6296, 15, 2]"
883,7,291,1156,0.0009150635682686969,2.200000000010787e-07,2,"[1, 6]","[6097, 9]"
884,7,291,1156,0.0009152635682686979,2.0000000000098064e-07,3,"[1, 6, 7]","[6521, 7, 2]"
885,7,291,1156,0.0009154335682686987,1.7000000000083355e-07,3,"[1, 6, 7]","[6007, 3, 3]"
886,7,291,1156,0.0009156035682686995,1.7000000000083355e-07,3,"[1, 6, 7]","[6242, 5, 3]"
887,7,291,1156,0.0009157835682687004,1.8000000000088258e-07,3,"[1, 6, 7]","[6305, 5, 2]"
888,7,291,1156,0.0009159835682687014,2.0000000000098064e-07,3,"[1, 6, 7]","[6270, 5, 3]"
889,7,291,1156,0.0009162335682687026,2.500000000012258e-07,3,"[1, 6, 7]","[6269, 3, 3]"
890,7,291,1156,0.0009166335682687046,4.000000000019613e-07,3,"[1, 6, 7]","[6123, 2, 2]"
891,7,291,1157,0.0009141090331844498,0.0009141090331844498,1,[1],[6258]
892,7,291,1157,0.0009144390331844515,3.3000000000161806e-07,1,[1],[6276]
893,7,291,1157,0.0009146890331844527,2.500000000012258e-07,1,[1],[6401]
894,7,291,1157,0.0009149090331844538,2.200000000010787e-07,1,[1],[6338]
895,7,291,1157,0.0009151090331844547,2.0000000000098064e-07,1,[1],[6083]
896,7,291,1157,0.0009153290331844558,2.200000000010787e-07,1,[1],[6210]
897,7,291,1157,0.0009155890331844571,2.6000000000127484e-07,1,[1],[6217]
898,7,291,1157,0.000915979033184459,3.9000000000191225e-07,1,[1],[6270]
899,7,291,1158,0.0009137222755971302,0.0009137222755971302,1,[1],[6375]
900,7,291,1158,0.0009140622755971319,3.400000000016671e-07,1,[1],[6225]
901,7,291,1158,0.0009143322755971332,2.7000000000132387e-07,1,[1],[6325]
902,7,291,1158,0.0009145722755971344,2.4000000000117677e-07,1,[1],[6285]
903,7,291,1158,0.0009148122755971356,2.4000000000117677e-07,1,[1],[6141]
904,7,291,1158,0.0009151122755971371,3.0000000000147097e-07,1,[1],[6152]
905,7,291,1158,0.0009156222755971396,5.100000000025006e-07,1,[1],[6309]
906,7,291,1159,0.0009135032232413425,0.0009135032232413425,1,[1],[6341]
907,7,291,1159,0.0009138532232413442,3.500000000017161e-07,1,[1],[6170]
908,7,291,1159,0.0009141432232413456,2.9000000000142193e-07,1,[1],[6378]
909,7,291,1159,0.000914423223241347,2.800000000013729e-07,1,[1],[6163]
910,7,291,1159,0.0009147632232413487,3.400000000016671e-07,1,[1],[6266]
911,7,291,1159,0.000915443223241352,6.800000000033342e-07,1,[1],[6228]
912,7,291,1160,0.0009134783252562222,0.0009134783252562222,1,[1],[6296]
913,7,291,1160,0.0009138883252562243,4.100000000020103e-07,1,[1],[6326]
914,7,291,1160,0.000914238325256226,3.500000000017161e-07,1,[1],[6156]
915,7,291,1160,0.0009146883252562282,4.5000000000220645e-07,1,[1],[6258]
916,7,291,1161,0.0009135169044905226,0.0009135169044905226,1,[1],[6356]
917,7,291,1161,0.0009140269044905251,5.100000000025006e-07,1,[1],[6162]
918,7,291,1161,0.0009146769044905283,6.500000000031871e-07,1,[1],[6234]
919,7,291,1162,0.0009135446958582023,0.0009135446958582023,1,[1],[6288]
920,7,291,1162,0.0009143146958582061,7.700000000037755e-07,1,[1],[6275]
921,7,291,1163,0.0009137159594714605,0.0009137159594714605,1,[1],[6274]
922,7,292,1155,0.0009164333257381273,0.0009164333257381273,3,"[1, 6, 7]","[5557, 553, 189]"
