,event,pixel_x,pixel_y,reset_time,TSLR,nMCParticles,MC_TrackIDs,MC_Weights
0,76,20,1047,0.0014336605433611543,0.0014336605433611543,2,"[2242, 2257]","[5680, 592]"
1,76,21,1046,0.0014340679514036757,0.0014340679514036757,3,"[2242, 2243, 2257]","[5861, 2, 411]"
2,76,21,1047,0.0014322338874244143,0.0014322338874244143,3,"[2242, 2243, 2257]","[6099, 4, 177]"
3,76,21,1047,0.0014331038874244092,8.699999999948332e-07,2,"[2242, 2257]","[5458, 767]"
4,76,21,1047,0.0014338238874244049,7.199999999957241e-07,2,"[2242, 2257]","[5286, 1020]"
5,76,21,1047,0.0014347738874243992,9.499999999943581e-07,2,"[2242, 2257]","[5316, 915]"
6,76,24,1107,0.0013825609342053905,0.0013825609342053905,1,[170],[6262]
7,76,25,1106,0.0013804810755376515,0.0013804810755376515,1,[170],[6297]
8,76,25,1106,0.0013816110755376448,1.1299999999932892e-06,1,[170],[6215]
9,76,25,1107,0.0013810546070759998,0.0013810546070759998,1,[170],[6323]
10,76,25,1107,0.0013817846070759954,7.299999999956647e-07,1,[170],[6259]
11,76,25,1107,0.0013824046070759917,6.199999999963179e-07,1,[170],[6189]
12,76,25,1107,0.0013832446070759868,8.399999999950114e-07,1,[170],[6264]
13,76,26,1106,0.0013809392540185793,0.0013809392540185793,1,[170],[6265]
14,76,41,1041,0.001387800867265851,0.001387800867265851,3,"[2116, 2203, 2207]","[6248, 5, 1]"
15,76,41,1042,0.0013858215251370107,0.0013858215251370107,4,"[2116, 2202, 2203, 2207]","[6282, 3, 1, 5]"
16,76,41,1042,0.0013866715251370056,8.49999999994952e-07,4,"[2116, 2202, 2203, 2207]","[6226, 2, 21, 4]"
17,76,41,1042,0.001387441525137001,7.699999999954271e-07,3,"[2116, 2202, 2203]","[6204, 1, 17]"
18,76,41,1042,0.001388471525136995,1.029999999993883e-06,4,"[2116, 2202, 2203, 2204]","[6225, 1, 24, 1]"
19,76,41,1043,0.0013883014919689985,0.0013883014919689985,4,"[2116, 2203, 2204, 2207]","[6215, 37, 1, 8]"
20,76,42,1042,0.0013856504313560964,0.0013856504313560964,3,"[2116, 2203, 2207]","[6291, 1, 11]"
21,76,42,1042,0.0013864804313560915,8.299999999950708e-07,5,"[2116, 2202, 2203, 2204, 2207]","[6236, 1, 14, 2, 13]"
22,76,42,1042,0.0013874604313560857,9.7999999999418e-07,5,"[2116, 2202, 2203, 2204, 2207]","[6147, 3, 48, 2, 9]"
23,76,42,1043,0.001386919732729393,0.001386919732729393,5,"[2116, 2202, 2203, 2204, 2207]","[6194, 5, 36, 1, 21]"
24,76,42,1043,0.0013880297327293863,1.109999999993408e-06,5,"[2116, 2202, 2203, 2204, 2207]","[6258, 1, 44, 1, 2]"
25,76,42,1043,0.0013890597327293802,1.029999999993883e-06,2,"[2116, 2203]","[6206, 24]"
26,76,42,1044,0.00138885497059516,0.00138885497059516,3,"[2116, 2125, 2203]","[6255, 44, 5]"
27,76,42,1044,0.0013898849705951538,1.029999999993883e-06,2,"[2116, 2125]","[6066, 148]"
28,76,42,1045,0.0013893593845398194,0.0013893593845398194,2,"[2116, 2125]","[5365, 909]"
29,76,42,1045,0.0013903693845398134,1.0099999999940018e-06,2,"[2116, 2125]","[5168, 1076]"
30,76,42,1046,0.001389994138953636,0.001389994138953636,3,"[2116, 2124, 2125]","[5767, 12, 508]"
31,76,42,1047,0.001390403206282674,0.001390403206282674,3,"[2116, 2124, 2125]","[5664, 639, 5]"
32,76,42,1047,0.001391593206282667,1.1899999999929328e-06,2,"[2116, 2124]","[5011, 1186]"
33,76,42,1048,0.0013904699046438382,0.0013904699046438382,2,"[2116, 2124]","[5311, 1000]"
34,76,42,1048,0.0013914099046438326,9.399999999944175e-07,2,"[2116, 2124]","[4912, 1316]"
35,76,42,1049,0.0013913240793484909,0.0013913240793484909,2,"[2116, 2124]","[6117, 140]"
36,76,43,1043,0.0013900280688225982,0.0013900280688225982,4,"[2116, 2125, 2203, 2207]","[6247, 1, 4, 3]"
37,76,43,1044,0.0013893532510408444,0.0013893532510408444,2,"[2116, 2125]","[6200, 90]"
38,76,43,1045,0.0013894898485102291,0.0013894898485102291,2,"[2116, 2125]","[5463, 799]"
39,76,43,1045,0.0013909098485102207,1.419999999991567e-06,2,"[2116, 2125]","[5266, 975]"
40,76,43,1046,0.0013900256133583832,0.0013900256133583832,3,"[2116, 2124, 2125]","[5919, 10, 352]"
41,76,43,1047,0.0013904460656734958,0.0013904460656734958,3,"[2116, 2124, 2125]","[5531, 731, 3]"
42,76,43,1047,0.0013918060656734877,1.3599999999919232e-06,3,"[2116, 2124, 2125]","[4688, 1565, 2]"
43,76,43,1048,0.0013904164499594078,0.0013904164499594078,2,"[2116, 2124]","[5218, 1038]"
44,76,43,1048,0.001391396449959402,9.7999999999418e-07,2,"[2116, 2124]","[4687, 1603]"
45,76,43,1049,0.0013897495267390014,0.0013897495267390014,3,"[2116, 2124, 2308]","[6252, 18, 38]"
46,76,43,1049,0.0013907295267389956,9.7999999999418e-07,2,"[2116, 2124]","[6140, 67]"
47,76,43,1050,0.0013895274639389743,0.0013895274639389743,6,"[429, 2116, 2211, 2212, 2258, 2308]","[1, 6091, 12, 1, 2, 162]"
48,76,44,1050,0.001388517080384225,0.001388517080384225,7,"[429, 2116, 2122, 2211, 2212, 2258, 2308]","[41, 5627, 1, 89, 4, 1, 516]"
49,76,44,1050,0.0013896670803842182,1.1499999999931704e-06,4,"[2116, 2211, 2212, 2258]","[6155, 59, 1, 19]"
50,76,44,1051,0.001388046268749189,0.001388046268749189,8,"[428, 429, 2115, 2116, 2122, 2211, 2258, 2308]","[8, 183, 1, 5840, 68, 63, 12, 94]"
51,76,44,1051,0.0013897662687491787,1.7199999999897853e-06,5,"[2116, 2122, 2211, 2212, 2258]","[5599, 2, 106, 2, 528]"
52,76,45,1051,0.0013866832416815546,0.0013866832416815546,5,"[429, 2115, 2116, 2122, 2308]","[917, 161, 4227, 955, 10]"
53,76,45,1051,0.0013876932416815486,1.0099999999940018e-06,4,"[2116, 2122, 2211, 2258]","[5839, 407, 7, 2]"
54,76,45,1051,0.0013901032416815343,2.4099999999856875e-06,5,"[2116, 2122, 2211, 2212, 2258]","[5633, 69, 51, 2, 471]"
55,76,45,1052,0.0013858529251942894,0.0013858529251942894,6,"[428, 429, 2115, 2116, 2122, 2298]","[1, 121, 2937, 2358, 832, 1]"
56,76,45,1052,0.0013871229251942818,1.2699999999924577e-06,4,"[2115, 2116, 2122, 2258]","[71, 4653, 1535, 1]"
57,76,46,1051,0.001386683759449135,0.001386683759449135,6,"[429, 2115, 2116, 2122, 2298, 2299]","[173, 1621, 3538, 927, 2, 2]"
58,76,46,1052,0.001382769802009656,0.001382769802009656,5,"[429, 2115, 2116, 2298, 2299]","[30, 6109, 129, 11, 1]"
59,76,46,1052,0.0013836498020096508,8.799999999947739e-07,6,"[2115, 2116, 2122, 2298, 2299, 2302]","[5571, 660, 3, 9, 1, 2]"
60,76,46,1052,0.0013844798020096459,8.299999999950708e-07,6,"[2115, 2116, 2122, 2298, 2302, 2305]","[3964, 2239, 43, 2, 1, 1]"
61,76,46,1052,0.0013852398020096413,7.599999999954865e-07,4,"[2115, 2116, 2122, 2294]","[2093, 3920, 237, 1]"
62,76,46,1052,0.0013860198020096367,7.799999999953677e-07,3,"[2115, 2116, 2122]","[863, 4673, 694]"
63,76,46,1052,0.0013870698020096305,1.0499999999937643e-06,3,"[2115, 2116, 2122]","[261, 4616, 1391]"
64,76,46,1053,0.0013835294952761943,0.0013835294952761943,7,"[2115, 2116, 2122, 2294, 2298, 2299, 2302]","[5911, 324, 1, 5, 10, 1, 1]"
65,76,46,1053,0.0013843194952761896,7.899999999953083e-07,6,"[2115, 2116, 2122, 2294, 2298, 2299]","[5553, 690, 3, 1, 2, 3]"
66,76,46,1053,0.001384919495276186,5.999999999964367e-07,4,"[2115, 2116, 2122, 2294]","[5482, 836, 15, 1]"
67,76,46,1053,0.001385609495276182,6.899999999959022e-07,3,"[2115, 2116, 2122]","[5115, 1093, 38]"
68,76,46,1054,0.0013849663621531107,0.0013849663621531107,2,"[2115, 2116]","[6262, 25]"
69,76,47,1052,0.0013824044361750794,0.0013824044361750794,5,"[2115, 2116, 2294, 2298, 2305]","[5063, 1081, 126, 1, 1]"
70,76,47,1052,0.0013830144361750758,6.099999999963773e-07,6,"[2115, 2116, 2294, 2298, 2302, 2305]","[4578, 1642, 74, 1, 2, 4]"
71,76,47,1052,0.0013835644361750725,5.499999999967337e-07,7,"[2115, 2116, 2294, 2298, 2299, 2302, 2305]","[3608, 2504, 57, 3, 1, 3, 2]"
72,76,47,1052,0.0013841944361750688,6.299999999962586e-07,4,"[2115, 2116, 2294, 2302]","[2542, 3708, 40, 4]"
73,76,47,1052,0.001385014436175064,8.199999999951302e-07,6,"[2115, 2116, 2122, 2294, 2302, 2305]","[1271, 4949, 4, 7, 2, 1]"
74,76,47,1053,0.001382873442393978,0.001382873442393978,5,"[2115, 2116, 2294, 2298, 2302]","[4225, 1712, 335, 1, 2]"
75,76,47,1053,0.0013838034423939724,9.299999999944769e-07,5,"[2115, 2116, 2294, 2302, 2305]","[3491, 2603, 160, 1, 1]"
76,76,47,1053,0.0013848434423939663,1.0399999999938236e-06,5,"[2115, 2116, 2122, 2294, 2299]","[3071, 3124, 2, 47, 1]"
77,76,48,1052,0.0013819473425807046,0.0013819473425807046,3,"[2115, 2116, 2294]","[2218, 3774, 312]"
78,76,48,1052,0.0013825973425807007,6.499999999961398e-07,4,"[2115, 2116, 2294, 2302]","[2708, 3101, 405, 1]"
79,76,48,1052,0.0013831973425806972,5.999999999964367e-07,3,"[2115, 2116, 2294]","[2821, 3083, 394]"
80,76,48,1052,0.0013840473425806921,8.49999999994952e-07,5,"[2115, 2116, 2294, 2302, 2305]","[2419, 3488, 297, 1, 1]"
81,76,48,1053,0.0013816037135423024,0.0013816037135423024,3,"[2115, 2116, 2294]","[2909, 3045, 324]"
82,76,48,1053,0.0013822337135422987,6.299999999962586e-07,3,"[2115, 2116, 2294]","[3294, 2424, 606]"
83,76,48,1053,0.0013827537135422956,5.199999999969118e-07,3,"[2115, 2116, 2294]","[3323, 2267, 670]"
84,76,48,1053,0.0013833337135422921,5.799999999965555e-07,3,"[2115, 2116, 2294]","[3098, 2427, 667]"
85,76,48,1053,0.0013849837135422823,1.649999999990201e-06,3,"[2115, 2116, 2294]","[2631, 3032, 538]"
86,76,49,1052,0.0013811131255954052,0.0013811131255954052,3,"[2115, 2116, 2294]","[1631, 4646, 12]"
87,76,49,1052,0.0013822731255953983,1.159999999993111e-06,3,"[2115, 2116, 2294]","[2087, 4039, 101]"
88,76,49,1053,0.001379979198510065,0.001379979198510065,3,"[2115, 2116, 2120]","[2493, 3841, 2]"
89,76,49,1053,0.0013806091985100613,6.299999999962586e-07,3,"[2115, 2116, 2294]","[2615, 3579, 5]"
90,76,49,1053,0.0013811291985100583,5.199999999969118e-07,3,"[2115, 2116, 2294]","[2966, 3347, 16]"
91,76,49,1053,0.0013816191985100553,4.8999999999709e-07,3,"[2115, 2116, 2294]","[3214, 2928, 42]"
92,76,49,1053,0.001382179198510052,5.599999999966743e-07,3,"[2115, 2116, 2294]","[3502, 2657, 110]"
93,76,49,1053,0.0013831391985100463,9.599999999942987e-07,3,"[2115, 2116, 2294]","[3778, 2175, 268]"
94,76,50,1052,0.0013802256929870737,0.0013802256929870737,3,"[2115, 2116, 2120]","[2731, 3503, 34]"
95,76,50,1053,0.0013781590970613474,0.0013781590970613474,3,"[2115, 2116, 2120]","[3066, 2826, 401]"
96,76,50,1053,0.0013787890970613436,6.299999999962586e-07,3,"[2115, 2116, 2120]","[2853, 3309, 130]"
97,76,50,1053,0.0013792790970613407,4.8999999999709e-07,3,"[2115, 2116, 2120]","[2788, 3385, 56]"
98,76,50,1053,0.001379739097061338,4.5999999999726815e-07,3,"[2115, 2116, 2120]","[2841, 3428, 33]"
99,76,50,1053,0.0013802090970613352,4.6999999999720876e-07,3,"[2115, 2116, 2120]","[2929, 3283, 11]"
100,76,50,1053,0.0013807790970613318,5.699999999966149e-07,2,"[2115, 2116]","[3092, 3101]"
101,76,50,1053,0.0013818890970613252,1.109999999993408e-06,4,"[2115, 2116, 2120, 2294]","[3448, 2785, 1, 1]"
102,76,50,1054,0.001379817173278872,0.001379817173278872,3,"[2115, 2116, 2120]","[2671, 3271, 322]"
103,76,51,1053,0.0013766508334851631,0.0013766508334851631,3,"[2115, 2116, 2120]","[3882, 2170, 270]"
104,76,51,1053,0.0013772708334851595,6.199999999963179e-07,3,"[2115, 2116, 2120]","[3229, 2422, 603]"
105,76,51,1053,0.0013777408334851567,4.6999999999720876e-07,3,"[2115, 2116, 2120]","[2926, 2633, 737]"
106,76,51,1053,0.001378180833485154,4.399999999973869e-07,3,"[2115, 2116, 2120]","[2674, 2790, 753]"
107,76,51,1053,0.0013786608334851512,4.799999999971494e-07,3,"[2115, 2116, 2120]","[2558, 2923, 704]"
108,76,51,1053,0.0013793008334851474,6.399999999961992e-07,3,"[2115, 2116, 2120]","[2524, 3231, 475]"
109,76,51,1054,0.0013771562707033966,0.0013771562707033966,3,"[2115, 2116, 2120]","[2922, 2919, 432]"
110,76,51,1054,0.0013783462707033895,1.1899999999929328e-06,3,"[2115, 2116, 2120]","[1946, 3115, 1190]"
111,76,52,1053,0.0013754791223097862,0.0013754791223097862,5,"[2115, 2116, 2120, 2314, 2315]","[3806, 2492, 1, 4, 1]"
112,76,52,1053,0.0013762691223097815,7.899999999953083e-07,3,"[2115, 2116, 2120]","[3694, 2499, 26]"
113,76,52,1053,0.001377029122309777,7.599999999954865e-07,3,"[2115, 2116, 2120]","[3430, 2691, 139]"
114,76,52,1053,0.0013781591223097703,1.1299999999932892e-06,3,"[2115, 2116, 2120]","[2938, 2792, 503]"
115,76,52,1054,0.001375040506350749,0.001375040506350749,4,"[2115, 2116, 2314, 2315]","[3436, 2816, 4, 1]"
116,76,52,1054,0.0013758505063507442,8.099999999951896e-07,5,"[2115, 2116, 2120, 2314, 2315]","[3360, 2922, 6, 1, 1]"
117,76,52,1054,0.0013766905063507392,8.399999999950114e-07,4,"[2115, 2116, 2120, 2314]","[3086, 3111, 47, 1]"
118,76,52,1054,0.0013786205063507277,1.929999999988538e-06,3,"[2115, 2116, 2120]","[2350, 3366, 494]"
119,76,53,1053,0.0013754180136766637,0.0013754180136766637,4,"[2115, 2116, 2314, 2315]","[3383, 2879, 5, 3]"
120,76,53,1054,0.0013743531450079484,0.0013743531450079484,3,"[2115, 2116, 2314]","[3230, 3046, 6]"
121,76,53,1054,0.0013751731450079435,8.199999999951302e-07,4,"[2115, 2116, 2314, 2315]","[3172, 3086, 3, 1]"
122,76,53,1054,0.0013765131450079356,1.339999999992042e-06,4,"[2115, 2116, 2314, 2315]","[3111, 3092, 8, 2]"
123,76,76,1057,0.0013231847981557195,0.0013231847981557195,3,"[422, 457, 458]","[6220, 38, 1]"
124,76,76,1057,0.0013247347981557103,1.5499999999907949e-06,1,[422],[6244]
125,76,76,1058,0.001321628620923236,0.001321628620923236,3,"[422, 457, 458]","[6018, 291, 3]"
126,76,76,1058,0.0013224486209232312,8.199999999951302e-07,2,"[422, 457]","[6174, 68]"
127,76,76,1058,0.0013231286209232271,6.799999999959616e-07,2,"[422, 457]","[6192, 5]"
128,76,76,1058,0.0013239186209232224,7.899999999953083e-07,2,"[422, 457]","[6250, 1]"
129,76,76,1059,0.001322000204758846,0.001322000204758846,3,"[422, 457, 458]","[6159, 92, 2]"
130,76,77,1058,0.0013214770038723978,0.0013214770038723978,3,"[422, 457, 458]","[6021, 241, 2]"
131,76,77,1058,0.0013232170038723874,1.7399999999896665e-06,3,"[422, 457, 458]","[6167, 85, 1]"
132,76,77,1059,0.0013201396449803709,0.0013201396449803709,2,"[422, 457]","[6263, 20]"
133,76,77,1059,0.001320979644980366,8.399999999950114e-07,3,"[422, 457, 458]","[6188, 36, 1]"
134,76,78,1059,0.001320249670544303,0.001320249670544303,2,"[422, 457]","[6259, 1]"
135,76,78,1060,0.0013194844289057212,0.0013194844289057212,1,[422],[6314]
136,76,78,1060,0.0013202044289057169,7.199999999957241e-07,1,[422],[6186]
137,76,78,1061,0.001320328585425139,0.001320328585425139,1,[422],[6255]
138,76,79,1060,0.0013202397668239673,0.0013202397668239673,1,[422],[6277]
139,76,79,1061,0.0013188036972481994,0.0013188036972481994,1,[422],[6292]
140,76,79,1061,0.0013196636972481943,8.599999999948926e-07,1,[422],[6223]
141,76,79,1061,0.001321393697248184,1.7299999999897259e-06,1,[422],[6235]
142,76,79,1062,0.0013201020514901464,0.0013201020514901464,1,[422],[6253]
143,76,80,1061,0.0013184952054248137,0.0013184952054248137,1,[422],[6293]
144,76,80,1062,0.0013175944848268803,0.0013175944848268803,1,[422],[6251]
145,76,80,1062,0.0013187644848268734,1.1699999999930516e-06,1,[422],[6274]
146,76,81,1062,0.0013167245139822977,0.0013167245139822977,1,[422],[6291]
147,76,81,1062,0.0013175945139822925,8.699999999948332e-07,1,[422],[6253]
148,76,82,1062,0.0013162433884363867,0.0013162433884363867,2,"[422, 423]","[6270, 1]"
149,76,82,1062,0.001317033388436382,7.899999999953083e-07,1,[422],[6233]
150,76,83,1062,0.0013160746957691233,0.0013160746957691233,2,"[422, 423]","[6195, 110]"
151,76,83,1062,0.0013168946957691184,8.199999999951302e-07,1,[422],[6220]
152,76,83,1063,0.0013163498509288821,0.0013163498509288821,2,"[422, 423]","[3912, 2338]"
153,76,84,1062,0.0013159751846912498,0.0013159751846912498,3,"[422, 423, 465]","[5549, 731, 2]"
154,76,84,1062,0.0013170651846912433,1.0899999999935267e-06,3,"[422, 465, 466]","[6213, 21, 1]"
155,76,84,1063,0.001310710821912968,0.001310710821912968,1,[423],[6275]
156,76,84,1063,0.0013116208219129625,9.099999999945957e-07,1,[423],[6240]
157,76,84,1063,0.0013155008219129394,3.8799999999769574e-06,2,"[422, 423]","[2317, 3942]"
158,76,84,1063,0.0013169608219129308,1.4599999999913293e-06,3,"[422, 465, 466]","[6205, 35, 1]"
159,76,84,1064,0.0013108707612752423,0.0013108707612752423,1,[423],[6292]
160,76,84,1064,0.0013121307612752348,1.259999999992517e-06,1,[423],[6228]
161,76,85,1062,0.001316311828979249,0.001316311828979249,3,"[422, 423, 465]","[5756, 475, 28]"
162,76,85,1063,0.0013105686000834023,0.0013105686000834023,1,[423],[6277]
163,76,85,1063,0.001312128600083393,1.5599999999907355e-06,1,[423],[6234]
164,76,85,1063,0.0013153886000833736,3.2599999999806395e-06,3,"[422, 423, 465]","[5449, 789, 5]"
165,76,85,1063,0.001316348600083368,9.599999999942987e-07,2,"[422, 465]","[6212, 48]"
166,76,85,1064,0.0013102701244483222,0.0013102701244483222,1,[423],[6253]
167,76,85,1064,0.0013114001244483155,1.1299999999932892e-06,1,[423],[6272]
168,76,86,1063,0.001310122390139864,0.001310122390139864,1,[423],[6250]
169,76,86,1063,0.001314482390139838,4.359999999974107e-06,2,"[422, 423]","[3082, 3216]"
170,76,86,1063,0.0013153623901398328,8.799999999947739e-07,4,"[422, 461, 462, 465]","[6201, 1, 1, 1]"
171,76,86,1063,0.0013164823901398262,1.1199999999933485e-06,2,"[422, 465]","[6232, 18]"
172,76,86,1064,0.0013095774068458922,0.0013095774068458922,1,[423],[6262]
173,76,86,1064,0.0013105474068458864,9.699999999942394e-07,1,[423],[6263]
174,76,86,1064,0.0013151374068458592,4.589999999972741e-06,2,"[422, 423]","[2948, 3293]"
175,76,87,1063,0.0013098536750013228,0.0013098536750013228,2,"[423, 449]","[6272, 1]"
176,76,87,1063,0.0013144336750012956,4.5799999999728e-06,3,"[422, 423, 461]","[4358, 1880, 3]"
177,76,87,1063,0.0013160236750012861,1.5899999999905573e-06,3,"[422, 461, 462]","[6243, 4, 1]"
178,76,87,1064,0.0013088976118759365,0.0013088976118759365,1,[423],[6274]
179,76,87,1064,0.0013096876118759318,7.899999999953083e-07,4,"[422, 423, 449, 452]","[2, 6238, 1, 1]"
180,76,87,1064,0.0013126176118759144,2.9299999999825993e-06,3,"[422, 423, 449]","[996, 5241, 2]"
181,76,87,1064,0.0013144576118759035,1.8399999999890726e-06,3,"[422, 423, 462]","[6282, 2, 2]"
182,76,88,1064,0.0013093038309604033,0.0013093038309604033,3,"[422, 423, 449]","[33, 6238, 9]"
183,76,88,1064,0.0013103438309603971,1.0399999999938236e-06,4,"[422, 423, 449, 452]","[359, 5895, 10, 2]"
184,76,88,1064,0.0013119738309603874,1.6299999999903197e-06,4,"[422, 423, 449, 452]","[4088, 2142, 8, 1]"
185,76,88,1064,0.0013129638309603816,9.899999999941206e-07,2,"[422, 423]","[6192, 32]"
186,76,88,1064,0.0013139738309603756,1.0099999999940018e-06,2,"[422, 423]","[6276, 2]"
187,76,88,1065,0.0013097021585357937,0.0013097021585357937,3,"[422, 423, 449]","[335, 5895, 24]"
188,76,88,1065,0.0013107621585357874,1.0599999999937049e-06,3,"[422, 423, 449]","[1338, 4928, 16]"
189,76,88,1065,0.001312332158535778,1.569999999990676e-06,4,"[422, 423, 449, 452]","[4756, 1463, 4, 1]"
190,76,89,1064,0.0013108611661101122,0.0013108611661101122,4,"[422, 423, 449, 452]","[2437, 3824, 8, 2]"
191,76,89,1064,0.0013132911661100977,2.4299999999855687e-06,2,"[422, 423]","[5813, 432]"
192,76,89,1065,0.0013092884246805384,0.0013092884246805384,4,"[422, 423, 449, 452]","[1933, 4391, 5, 1]"
193,76,89,1065,0.001309848424680535,5.599999999966743e-07,4,"[422, 423, 449, 452]","[2261, 3957, 2, 1]"
194,76,89,1065,0.001310348424680532,4.999999999970306e-07,3,"[422, 423, 449]","[2794, 3498, 2]"
195,76,89,1065,0.0013109684246805284,6.199999999963179e-07,3,"[422, 423, 449]","[3569, 2600, 2]"
196,76,89,1065,0.0013121484246805214,1.1799999999929922e-06,3,"[422, 423, 449]","[5080, 1157, 2]"
197,76,89,1066,0.00131245405448682,0.00131245405448682,3,"[422, 423, 449]","[2754, 3494, 2]"
198,76,90,1065,0.0013100214043627882,0.0013100214043627882,2,"[422, 423]","[2921, 3343]"
199,76,95,1079,0.0012908263674403012,0.0012908263674403012,4,"[129, 168, 169, 2408]","[6226, 9, 2, 17]"
200,76,95,1079,0.0012934663674402855,2.6399999999843216e-06,1,[129],[6248]
201,76,95,1080,0.00128911324959934,0.00128911324959934,1,[129],[6263]
202,76,95,1080,0.0012902532495993333,1.1399999999932298e-06,1,[129],[6275]
203,76,95,1080,0.0012914132495993264,1.159999999993111e-06,1,[129],[6242]
204,76,96,1079,0.001288039978072785,0.001288039978072785,4,"[129, 168, 169, 2408]","[6187, 48, 1, 47]"
205,76,96,1079,0.0012894899780727764,1.4499999999913887e-06,3,"[129, 168, 169]","[5389, 783, 68]"
206,76,96,1079,0.0012905999780727698,1.109999999993408e-06,3,"[129, 168, 169]","[4876, 1149, 202]"
207,76,96,1079,0.0012915099780727644,9.099999999945957e-07,3,"[129, 168, 169]","[5838, 337, 119]"
208,76,96,1080,0.0012880129078211486,0.0012880129078211486,2,"[129, 168]","[6291, 4]"
209,76,96,1080,0.0012888729078211435,8.599999999948926e-07,2,"[129, 168]","[6225, 28]"
210,76,96,1080,0.0012899429078211371,1.0699999999936455e-06,3,"[129, 168, 169]","[6118, 94, 6]"
211,76,96,1080,0.0012911129078211302,1.1699999999930516e-06,3,"[129, 168, 169]","[6183, 65, 5]"
212,76,97,1078,0.0012873172464627522,0.0012873172464627522,4,"[129, 167, 168, 2408]","[5081, 5, 1194, 13]"
213,76,97,1078,0.001288187246462747,8.699999999948332e-07,3,"[129, 168, 169]","[4152, 2095, 20]"
214,76,97,1078,0.0012891672464627412,9.7999999999418e-07,3,"[129, 168, 169]","[1917, 4080, 248]"
215,76,97,1078,0.001290047246462736,8.799999999947739e-07,3,"[129, 168, 169]","[225, 5051, 947]"
216,76,97,1078,0.001291237246462729,1.1899999999929328e-06,3,"[129, 168, 169]","[42, 4757, 1447]"
217,76,97,1079,0.001287437282566875,0.001287437282566875,4,"[129, 168, 169, 2408]","[6001, 274, 1, 4]"
218,76,97,1079,0.0012881972825668705,7.599999999954865e-07,3,"[129, 168, 169]","[5489, 764, 23]"
219,76,97,1079,0.0012890072825668657,8.099999999951896e-07,3,"[129, 168, 169]","[3470, 2606, 171]"
220,76,97,1079,0.0012897072825668616,6.999999999958428e-07,3,"[129, 168, 169]","[819, 4859, 588]"
221,76,97,1079,0.0012903372825668578,6.299999999962586e-07,3,"[129, 168, 169]","[251, 4991, 949]"
222,76,97,1079,0.0012913572825668518,1.0199999999939424e-06,3,"[129, 168, 169]","[414, 4586, 1243]"
223,76,97,1080,0.0012914056823607261,0.0012914056823607261,3,"[129, 168, 169]","[4798, 1342, 111]"
224,76,98,1074,0.0012925874888101915,0.0012925874888101915,1,[338],[6252]
225,76,98,1075,0.0012920845178355951,0.0012920845178355951,1,[338],[6263]
226,76,98,1077,0.001286584274190939,0.001286584274190939,3,"[129, 167, 168]","[4942, 895, 425]"
227,76,98,1078,0.0012863078759646064,0.0012863078759646064,3,"[129, 167, 168]","[5056, 465, 776]"
228,76,98,1078,0.0012869678759646025,6.599999999960804e-07,4,"[129, 167, 168, 169]","[4515, 73, 1645, 1]"
229,76,98,1078,0.001287547875964599,5.799999999965555e-07,3,"[129, 167, 168]","[3934, 26, 2324]"
230,76,98,1078,0.0012882578759645948,7.099999999957834e-07,4,"[129, 167, 168, 169]","[2959, 3, 3244, 4]"
231,76,98,1078,0.001289387875964588,1.1299999999932892e-06,3,"[129, 168, 169]","[1218, 4932, 118]"
232,76,98,1078,0.0012910178759645784,1.6299999999903197e-06,3,"[129, 168, 169]","[66, 5574, 579]"
233,76,98,1079,0.0012884723424574447,0.0012884723424574447,4,"[129, 167, 168, 169]","[4490, 8, 1758, 13]"
234,76,98,1079,0.0012904623424574329,1.9899999999881818e-06,3,"[129, 168, 169]","[495, 5215, 545]"
235,76,99,1074,0.0012913861942985547,0.0012913861942985547,1,[338],[6268]
236,76,99,1074,0.0012928061942985463,1.419999999991567e-06,1,[338],[6255]
237,76,99,1075,0.0012896596056719157,0.0012896596056719157,2,"[129, 338]","[11, 6269]"
238,76,99,1075,0.001290779605671909,1.1199999999933485e-06,1,[338],[6229]
239,76,99,1075,0.001292149605671901,1.3699999999918638e-06,1,[338],[6280]
240,76,99,1075,0.0012934296056718933,1.2799999999923983e-06,1,[338],[6238]
241,76,99,1077,0.0012847666853983346,0.0012847666853983346,4,"[129, 167, 168, 328]","[5797, 440, 1, 27]"
242,76,99,1077,0.0012856666853983292,8.999999999946551e-07,4,"[129, 167, 168, 328]","[5151, 1075, 9, 1]"
243,76,99,1077,0.0012872966853983195,1.6299999999903197e-06,4,"[129, 167, 168, 338]","[4899, 1209, 140, 1]"
244,76,99,1078,0.00128613482204054,0.00128613482204054,4,"[129, 167, 168, 328]","[5076, 1126, 63, 1]"
245,76,100,1074,0.0012933704171344924,0.0012933704171344924,2,"[338, 353]","[6055, 208]"
246,76,100,1074,0.0012943404171344866,9.699999999942394e-07,3,"[338, 353, 354]","[5509, 776, 1]"
247,76,100,1075,0.0012926445015544895,0.0012926445015544895,3,"[129, 338, 353]","[122, 6129, 6]"
248,76,100,1075,0.0012939845015544815,1.339999999992042e-06,2,"[338, 353]","[6136, 138]"
249,76,100,1076,0.0012845462773280031,0.0012845462773280031,3,"[129, 167, 328]","[6167, 1, 83]"
250,76,100,1077,0.0012834079368048486,0.0012834079368048486,2,"[129, 328]","[6153, 105]"
251,76,100,1077,0.0012845479368048418,1.1399999999932298e-06,4,"[129, 167, 328, 331]","[6137, 18, 98, 7]"
252,76,101,1074,0.001293791006768602,0.001293791006768602,2,"[338, 353]","[4891, 1386]"
253,76,101,1074,0.0012944110067685984,6.199999999963179e-07,2,"[338, 353]","[4431, 1893]"
254,76,101,1074,0.0012950710067685944,6.599999999960804e-07,3,"[338, 353, 354]","[4065, 2083, 18]"
255,76,101,1075,0.0012948716010171468,0.0012948716010171468,4,"[129, 338, 353, 354]","[449, 4729, 1093, 2]"
256,76,101,1076,0.0012822058780035353,0.0012822058780035353,2,"[129, 328]","[6255, 3]"
257,76,101,1077,0.0012824645435240954,0.0012824645435240954,2,"[129, 328]","[6277, 7]"
258,76,102,1076,0.0012810612189913036,0.0012810612189913036,1,[129],[6284]
259,76,102,1077,0.001281358874226757,0.001281358874226757,1,[129],[6254]
260,76,103,1076,0.0012799934021515455,0.0012799934021515455,1,[129],[6252]
261,76,103,1077,0.0012801589303964977,0.0012801589303964977,1,[129],[6277]
262,76,104,1076,0.0012789017377298404,0.0012789017377298404,2,"[129, 334]","[6295, 2]"
263,76,104,1077,0.0012789427075299434,0.0012789427075299434,2,"[129, 335]","[6269, 1]"
264,76,105,1076,0.0012778085116042332,0.0012778085116042332,3,"[129, 334, 335]","[6289, 2, 2]"
265,76,105,1077,0.001277061128360238,0.001277061128360238,1,[129],[6252]
266,76,105,1077,0.001278571128360229,1.5099999999910324e-06,3,"[129, 334, 335]","[6259, 2, 3]"
267,76,106,1076,0.001277631038494806,0.001277631038494806,1,[129],[6253]
268,76,106,1077,0.0012751399679026474,0.0012751399679026474,1,[129],[6281]
269,76,106,1077,0.001276199967902641,1.0599999999937049e-06,1,[129],[6229]
270,76,107,1077,0.0012735230807812406,0.0012735230807812406,1,[129],[6301]
271,76,107,1077,0.0012745130807812347,9.899999999941206e-07,1,[129],[6242]
272,76,107,1077,0.0012768530807812208,2.339999999986103e-06,1,[129],[6207]
273,76,108,1077,0.0012724067117414412,0.0012724067117414412,2,"[129, 2389]","[6250, 1]"
274,76,108,1077,0.0012732467117414362,8.399999999950114e-07,1,[129],[6272]
275,76,108,1078,0.0012741491658015602,0.0012741491658015602,1,[129],[6256]
276,76,109,1077,0.0012714708700468503,0.0012714708700468503,3,"[129, 2349, 2389]","[6145, 43, 87]"
277,76,109,1077,0.0012723908700468449,9.199999999945363e-07,1,[129],[6280]
278,76,109,1078,0.0012721920489854584,0.0012721920489854584,3,"[129, 2349, 2389]","[6272, 1, 1]"
279,76,110,1076,0.0012664315115582696,0.0012664315115582696,4,"[2348, 2349, 2389, 2390]","[1, 6029, 233, 1]"
280,76,110,1077,0.0012698573783722202,0.0012698573783722202,4,"[129, 2349, 2389, 2390]","[2201, 3300, 751, 3]"
281,76,110,1077,0.0012710173783722133,1.159999999993111e-06,1,[129],[6246]
282,76,110,1077,0.0012729373783722019,1.9199999999885975e-06,1,[129],[6249]
283,76,110,1078,0.0012708257728118763,0.0012708257728118763,4,"[129, 377, 2349, 2389]","[6216, 1, 44, 17]"
284,76,111,1076,0.001264998481423375,0.001264998481423375,3,"[2348, 2349, 2389]","[23, 6233, 4]"
285,76,111,1076,0.001265678481423371,6.799999999959616e-07,4,"[2348, 2349, 2389, 2400]","[44, 6264, 19, 1]"
286,76,111,1076,0.0012664384814233664,7.599999999954865e-07,4,"[2348, 2349, 2389, 2390]","[99, 6033, 60, 1]"
287,76,111,1077,0.0012653846747925936,0.0012653846747925936,5,"[129, 2348, 2349, 2352, 2389]","[1, 79, 6169, 1, 5]"
288,76,111,1077,0.0012673046747925822,1.9199999999885975e-06,6,"[129, 2348, 2349, 2356, 2389, 2400]","[182, 372, 5517, 1, 174, 2]"
289,76,111,1077,0.001269854674792567,2.549999999984856e-06,8,"[129, 376, 387, 2348, 2349, 2356, 2389, 2400]","[5813, 2, 1, 101, 273, 14, 71, 1]"
290,76,111,1078,0.001269616347317036,0.001269616347317036,7,"[129, 376, 377, 387, 2348, 2349, 2389]","[5997, 1, 2, 3, 33, 243, 7]"
291,76,111,1078,0.0012712463473170262,1.6299999999903197e-06,3,"[129, 376, 377]","[6219, 2, 2]"
292,76,112,1076,0.0012648497579653213,0.0012648497579653213,6,"[160, 2348, 2349, 2352, 2399, 2400]","[1, 573, 5614, 2, 1, 81]"
293,76,112,1076,0.0012659897579653146,1.1399999999932298e-06,6,"[129, 387, 2348, 2349, 2389, 2400]","[7, 1, 2356, 3679, 1, 224]"
294,76,112,1076,0.0012682197579653013,2.2299999999867565e-06,7,"[129, 160, 387, 2348, 2349, 2356, 2400]","[94, 1, 18, 4797, 926, 208, 174]"
295,76,112,1077,0.0012642633726737099,0.0012642633726737099,7,"[129, 160, 2348, 2349, 2352, 2399, 2400]","[6, 4, 183, 5988, 47, 6, 25]"
296,76,112,1077,0.0012650233726737054,7.599999999954865e-07,8,"[129, 160, 387, 2348, 2349, 2352, 2399, 2400]","[32, 11, 2, 850, 5271, 49, 2, 97]"
297,76,112,1077,0.0012658233726737006,7.99999999995249e-07,8,"[129, 160, 387, 2348, 2349, 2352, 2389, 2400]","[188, 10, 20, 2539, 3166, 46, 1, 212]"
298,76,112,1077,0.0012666933726736954,8.699999999948332e-07,7,"[129, 160, 387, 2348, 2349, 2352, 2400]","[828, 9, 105, 4200, 955, 8, 161]"
299,76,112,1077,0.0012675133726736906,8.199999999951302e-07,8,"[129, 160, 387, 2348, 2349, 2356, 2400, 2403]","[1805, 2, 152, 4130, 117, 2, 40, 2]"
300,76,112,1077,0.0012685733726736843,1.0599999999937049e-06,10,"[129, 160, 387, 2348, 2349, 2356, 2389, 2400, 2403, 2404]","[3637, 1, 114, 2479, 8, 9, 1, 8, 3, 1]"
301,76,112,1078,0.0012673670605180085,0.0012673670605180085,8,"[129, 160, 387, 2348, 2349, 2352, 2399, 2400]","[3376, 66, 156, 787, 1746, 87, 12, 27]"
302,76,112,1078,0.0012687470605180003,1.3799999999918044e-06,4,"[129, 387, 2348, 2349]","[5754, 95, 396, 2]"
303,76,113,1076,0.001265171901267656,0.001265171901267656,9,"[129, 159, 160, 387, 2348, 2349, 2352, 2399, 2400]","[22, 1, 6, 1, 2991, 1978, 103, 145, 1026]"
304,76,113,1076,0.0012661219012676504,9.499999999943581e-07,8,"[129, 160, 387, 2348, 2349, 2352, 2399, 2400]","[47, 10, 10, 4120, 382, 40, 1, 1666]"
305,76,113,1076,0.00126788190126764,1.7599999999895477e-06,8,"[129, 160, 387, 2348, 2349, 2352, 2356, 2400]","[96, 3, 35, 4996, 37, 1, 5, 1031]"
306,76,113,1077,0.0012638080354105046,0.0012638080354105046,8,"[129, 159, 160, 2348, 2349, 2352, 2399, 2400]","[113, 19, 33, 214, 3801, 337, 1696, 52]"
307,76,113,1077,0.0012643680354105012,5.599999999966743e-07,8,"[129, 159, 160, 2348, 2349, 2352, 2399, 2400]","[209, 7, 124, 836, 4001, 472, 437, 163]"
308,76,113,1077,0.0012648080354104986,4.399999999973869e-07,7,"[129, 160, 2348, 2349, 2352, 2399, 2400]","[378, 200, 1427, 3232, 457, 152, 425]"
309,76,113,1077,0.0012652080354104962,3.999999999976245e-07,8,"[129, 160, 387, 2348, 2349, 2352, 2399, 2400]","[564, 268, 9, 2095, 2292, 435, 56, 629]"
310,76,113,1077,0.001265598035410494,3.8999999999768387e-07,9,"[129, 160, 387, 2348, 2349, 2352, 2399, 2400, 2403]","[861, 271, 19, 2551, 1388, 281, 23, 804, 1]"
311,76,113,1077,0.0012660180354104914,4.199999999975057e-07,9,"[129, 160, 387, 2348, 2349, 2352, 2399, 2400, 2404]","[1102, 255, 60, 3142, 703, 157, 6, 855, 1]"
312,76,113,1077,0.0012664680354104888,4.4999999999732754e-07,9,"[129, 160, 387, 2348, 2349, 2352, 2399, 2400, 2403]","[1424, 165, 142, 3524, 254, 71, 2, 667, 1]"
313,76,113,1077,0.001266938035410486,4.6999999999720876e-07,8,"[129, 160, 387, 2348, 2349, 2352, 2400, 2403]","[1475, 82, 216, 3886, 71, 20, 429, 1]"
314,76,113,1077,0.0012674180354104831,4.799999999971494e-07,9,"[129, 160, 387, 2348, 2349, 2352, 2400, 2403, 2404]","[1516, 30, 266, 4235, 16, 7, 190, 4, 1]"
315,76,113,1077,0.0012680780354104792,6.599999999960804e-07,7,"[129, 160, 387, 2348, 2400, 2403, 2404]","[1335, 1, 304, 4510, 57, 5, 3]"
316,76,113,1078,0.0012643884130312767,0.0012643884130312767,8,"[129, 159, 160, 2348, 2349, 2352, 2399, 2400]","[548, 75, 420, 52, 3442, 552, 1189, 16]"
317,76,113,1078,0.0012652384130312716,8.49999999994952e-07,9,"[129, 159, 160, 387, 2348, 2349, 2352, 2399, 2400]","[1479, 4, 1275, 8, 210, 2599, 550, 106, 38]"
318,76,113,1078,0.0012660784130312666,8.399999999950114e-07,8,"[129, 160, 387, 2348, 2349, 2352, 2399, 2400]","[3032, 1439, 50, 427, 961, 267, 8, 59]"
319,76,113,1078,0.0012669784130312613,8.999999999946551e-07,8,"[129, 160, 387, 2348, 2349, 2352, 2399, 2400]","[4150, 623, 216, 1017, 140, 51, 1, 36]"
320,76,113,1078,0.0012682884130312535,1.3099999999922202e-06,8,"[129, 160, 387, 2348, 2349, 2352, 2400, 2403]","[4013, 89, 389, 1709, 4, 1, 9, 2]"
321,76,114,1076,0.0012656399905712804,0.0012656399905712804,8,"[129, 159, 160, 2348, 2349, 2352, 2399, 2400]","[154, 8, 15, 3642, 374, 40, 1502, 538]"
322,76,114,1077,0.0012629186870015835,0.0012629186870015835,7,"[129, 159, 160, 2348, 2349, 2352, 2399]","[400, 391, 2, 76, 430, 23, 4966]"
323,76,114,1077,0.0012634086870015806,4.8999999999709e-07,7,"[129, 159, 160, 2348, 2349, 2352, 2399]","[600, 420, 10, 253, 1037, 59, 3891]"
324,76,114,1077,0.0012637986870015782,3.8999999999768387e-07,8,"[129, 159, 160, 2348, 2349, 2352, 2399, 2400]","[767, 332, 41, 547, 1479, 106, 2996, 9]"
325,76,114,1077,0.0012641486870015762,3.499999999979214e-07,8,"[129, 159, 160, 2348, 2349, 2352, 2399, 2400]","[857, 233, 71, 874, 1748, 149, 2218, 21]"
326,76,114,1077,0.0012644886870015741,3.399999999979808e-07,8,"[129, 159, 160, 2348, 2349, 2352, 2399, 2400]","[1062, 157, 147, 1433, 1971, 191, 1362, 48]"
327,76,114,1077,0.0012648286870015721,3.399999999979808e-07,8,"[129, 159, 160, 2348, 2349, 2352, 2399, 2400]","[1148, 104, 204, 1951, 1813, 207, 755, 93]"
328,76,114,1077,0.00126516868700157,3.399999999979808e-07,8,"[129, 159, 160, 2348, 2349, 2352, 2399, 2400]","[1227, 40, 321, 2490, 1433, 187, 357, 151]"
329,76,114,1077,0.0012655686870015677,3.999999999976245e-07,8,"[129, 159, 160, 2348, 2349, 2352, 2399, 2400]","[1321, 16, 403, 2849, 1040, 182, 153, 213]"
330,76,114,1077,0.0012661386870015643,5.699999999966149e-07,9,"[129, 159, 160, 387, 2348, 2349, 2352, 2399, 2400]","[1436, 3, 517, 9, 3200, 600, 109, 60, 310]"
331,76,114,1077,0.0012682886870015516,2.1499999999872316e-06,11,"[129, 159, 160, 387, 2348, 2349, 2352, 2399, 2400, 2403, 2404]","[1523, 1, 366, 106, 3685, 144, 32, 4, 353, 7, 2]"
332,76,114,1078,0.0012631341963548772,0.0012631341963548772,7,"[129, 159, 160, 2348, 2349, 2352, 2399]","[1028, 1530, 23, 51, 779, 23, 2879]"
333,76,114,1078,0.001263674196354874,5.39999999996793e-07,7,"[129, 159, 160, 2348, 2349, 2352, 2399]","[1313, 1056, 108, 104, 1650, 65, 2003]"
334,76,114,1078,0.0012640941963548715,4.199999999975057e-07,7,"[129, 159, 160, 2348, 2349, 2352, 2399]","[1615, 700, 252, 148, 2196, 100, 1161]"
335,76,114,1078,0.0012644841963548692,3.8999999999768387e-07,8,"[129, 159, 160, 2348, 2349, 2352, 2399, 2400]","[1884, 480, 468, 232, 2311, 140, 701, 2]"
336,76,114,1078,0.0012648841963548668,3.999999999976245e-07,8,"[129, 159, 160, 2348, 2349, 2352, 2399, 2400]","[2044, 279, 812, 341, 2225, 168, 386, 2]"
337,76,114,1078,0.001265344196354864,4.5999999999726815e-07,8,"[129, 159, 160, 2348, 2349, 2352, 2399, 2400]","[2339, 114, 1248, 413, 1848, 145, 169, 8]"
338,76,114,1078,0.0012660041963548601,6.599999999960804e-07,9,"[129, 159, 160, 387, 2348, 2349, 2352, 2399, 2400]","[2822, 29, 1596, 7, 512, 1110, 119, 49, 12]"
339,76,115,1077,0.0012626136581090673,0.0012626136581090673,9,"[129, 159, 383, 2348, 2349, 2393, 2399, 2421, 2422]","[2301, 407, 3, 699, 663, 1, 2202, 4, 1]"
340,76,115,1077,0.0012630836581090646,4.6999999999720876e-07,6,"[129, 159, 2348, 2349, 2399, 2421]","[1365, 482, 940, 883, 2642, 3]"
341,76,115,1077,0.0012634236581090625,3.399999999979808e-07,8,"[129, 159, 160, 2348, 2349, 2352, 2399, 2421]","[1069, 462, 1, 1115, 1112, 1, 2421, 1]"
342,76,115,1077,0.0012637336581090607,3.0999999999815897e-07,7,"[129, 159, 2348, 2349, 2352, 2399, 2421]","[951, 400, 1320, 1300, 1, 2307, 1]"
343,76,115,1077,0.001264033658109059,2.9999999999821836e-07,7,"[129, 159, 160, 2348, 2349, 2352, 2399]","[912, 347, 4, 1634, 1511, 3, 1909]"
344,76,115,1077,0.0012643336581090571,2.9999999999821836e-07,8,"[129, 159, 160, 2348, 2349, 2352, 2399, 2421]","[857, 300, 1, 1890, 1603, 2, 1509, 1]"
345,76,115,1077,0.001264693658109055,3.5999999999786203e-07,8,"[129, 159, 160, 2348, 2349, 2352, 2399, 2400]","[715, 232, 10, 2317, 1749, 4, 1228, 1]"
346,76,115,1077,0.001265203658109052,5.099999999969712e-07,7,"[129, 159, 160, 2348, 2349, 2352, 2399]","[694, 142, 16, 2966, 1647, 3, 813]"
347,76,115,1078,0.0012624992724218137,0.0012624992724218137,9,"[129, 159, 383, 384, 2348, 2349, 2393, 2399, 2421]","[3579, 797, 8, 1, 538, 782, 1, 557, 5]"
348,76,115,1078,0.0012630292724218105,5.299999999968524e-07,7,"[129, 159, 2348, 2349, 2352, 2399, 2421]","[2461, 1245, 588, 1157, 1, 791, 3]"
349,76,115,1078,0.0012634292724218081,3.999999999976245e-07,7,"[129, 159, 160, 2348, 2349, 2352, 2399]","[2063, 1230, 4, 727, 1506, 3, 847]"
350,76,115,1078,0.001263779272421806,3.499999999979214e-07,7,"[129, 159, 160, 2348, 2349, 2399, 2421]","[1787, 1140, 2, 755, 1814, 771, 1]"
351,76,115,1078,0.001264129272421804,3.499999999979214e-07,8,"[129, 159, 160, 2348, 2349, 2352, 2399, 2422]","[1584, 1033, 5, 789, 2119, 2, 629, 1]"
352,76,115,1078,0.0012645592724218014,4.299999999974463e-07,8,"[129, 159, 160, 2348, 2349, 2352, 2399, 2421]","[1550, 749, 21, 918, 2476, 2, 528, 1]"
353,76,115,1078,0.0012652192724217975,6.599999999960804e-07,7,"[129, 159, 160, 2348, 2349, 2352, 2399]","[1521, 474, 76, 1131, 2606, 2, 396]"
354,76,116,1077,0.001261895834113648,0.001261895834113648,12,"[129, 159, 380, 383, 384, 2348, 2349, 2393, 2394, 2399, 2421, 2422]","[3985, 6, 1, 50, 2, 1194, 1005, 8, 1, 33, 11, 1]"
355,76,116,1077,0.0012626558341136435,7.599999999954865e-07,8,"[129, 159, 383, 2348, 2349, 2393, 2399, 2421]","[1905, 12, 6, 2266, 1848, 12, 206, 36]"
356,76,116,1077,0.0012632958341136397,6.399999999961992e-07,10,"[129, 159, 383, 2348, 2349, 2393, 2394, 2399, 2421, 2422]","[1045, 38, 5, 2574, 2080, 4, 2, 436, 28, 1]"
357,76,116,1077,0.0012640258341136354,7.299999999956647e-07,8,"[129, 159, 2348, 2349, 2393, 2394, 2399, 2421]","[616, 57, 2795, 2060, 1, 1, 712, 13]"
358,76,116,1078,0.001261260222645382,0.001261260222645382,9,"[129, 159, 380, 383, 384, 2348, 2349, 2393, 2421]","[5118, 2, 1, 80, 1, 530, 573, 8, 4]"
359,76,116,1078,0.0012619102226453782,6.499999999961398e-07,10,"[129, 159, 383, 384, 2348, 2349, 2393, 2394, 2399, 2421]","[3486, 5, 39, 2, 1313, 1369, 8, 1, 6, 10]"
360,76,116,1078,0.0012624102226453753,4.999999999970306e-07,10,"[129, 159, 383, 2348, 2349, 2393, 2394, 2399, 2421, 2422]","[2500, 21, 24, 1772, 1823, 20, 1, 26, 24, 1]"
361,76,116,1078,0.0012628702226453725,4.5999999999726815e-07,8,"[129, 159, 383, 2348, 2349, 2393, 2399, 2421]","[1923, 45, 5, 1935, 2267, 16, 62, 31]"
362,76,116,1078,0.0012633802226453695,5.099999999969712e-07,9,"[129, 159, 383, 2348, 2349, 2393, 2394, 2399, 2421]","[1413, 81, 2, 1973, 2617, 10, 1, 109, 25]"
363,76,116,1078,0.0012640802226453654,6.999999999958428e-07,7,"[129, 159, 2348, 2349, 2393, 2399, 2421]","[948, 147, 2126, 2782, 4, 204, 10]"
364,76,117,1077,0.0012615187349005645,0.0012615187349005645,8,"[129, 379, 380, 383, 2348, 2349, 2393, 2421]","[5359, 3, 2, 23, 467, 399, 7, 3]"
365,76,117,1078,0.0012599002410807133,0.0012599002410807133,6,"[129, 379, 380, 383, 2348, 2349]","[6230, 3, 1, 4, 15, 13]"
366,76,117,1078,0.0012610002410807068,1.0999999999934673e-06,7,"[129, 379, 380, 383, 2348, 2349, 2393]","[5651, 3, 2, 25, 283, 287, 3]"
367,76,117,1078,0.0012620502410807006,1.0499999999937643e-06,8,"[129, 383, 384, 2348, 2349, 2393, 2394, 2421]","[3295, 42, 1, 1501, 1420, 11, 2, 4]"
368,76,117,1078,0.0012638002410806902,1.749999999989607e-06,8,"[129, 159, 383, 2348, 2349, 2393, 2399, 2421]","[929, 1, 11, 2575, 2641, 21, 3, 26]"
369,76,118,1078,0.0012582510986424214,0.0012582510986424214,1,[129],[6261]
370,76,118,1078,0.0012594110986424145,1.159999999993111e-06,1,[129],[6259]
371,76,119,1078,0.0012566274938271126,0.0012566274938271126,1,[129],[6252]
372,76,119,1078,0.0012577774938271058,1.1499999999931704e-06,1,[129],[6297]
373,76,120,1078,0.0012551271252212394,0.0012551271252212394,2,"[129, 155]","[6302, 2]"
374,76,120,1078,0.001256217125221233,1.0899999999935267e-06,1,[129],[6215]
375,76,120,1079,0.0012559498557118728,0.0012559498557118728,2,"[129, 155]","[6252, 2]"
376,76,121,1078,0.0012541068418859685,0.0012541068418859685,3,"[129, 155, 401]","[6029, 258, 1]"
377,76,121,1078,0.0012573568418859492,3.249999999980699e-06,2,"[129, 155]","[6207, 5]"
378,76,121,1079,0.001253355144752881,0.001253355144752881,3,"[129, 155, 401]","[5614, 643, 5]"
379,76,121,1079,0.0012547251447528728,1.3699999999918638e-06,2,"[129, 155]","[6175, 65]"
380,76,122,1078,0.0012541210384731775,0.0012541210384731775,4,"[129, 154, 155, 401]","[5271, 1, 943, 45]"
381,76,122,1079,0.0012516315833280226,0.0012516315833280226,5,"[129, 154, 155, 401, 402]","[5630, 28, 493, 101, 2]"
382,76,122,1079,0.001252401583328018,7.699999999954271e-07,3,"[129, 155, 401]","[5139, 1041, 66]"
383,76,122,1079,0.0012533115833280126,9.099999999945957e-07,3,"[129, 155, 401]","[5124, 1138, 22]"
384,76,123,1079,0.0012502438836181839,0.0012502438836181839,3,"[129, 154, 401]","[4886, 1412, 9]"
385,76,123,1079,0.0012510938836181788,8.49999999994952e-07,4,"[129, 154, 155, 401]","[5471, 689, 19, 50]"
386,76,123,1079,0.0012522238836181721,1.1299999999932892e-06,5,"[129, 154, 155, 401, 402]","[5759, 189, 185, 93, 1]"
387,76,123,1080,0.0012506603862983215,0.0012506603862983215,4,"[129, 154, 155, 401]","[4884, 1366, 2, 7]"
388,76,124,1079,0.0012494794228882714,0.0012494794228882714,2,"[129, 154]","[5015, 1244]"
389,76,124,1079,0.0012506194228882647,1.1399999999932298e-06,2,"[129, 154]","[3707, 2567]"
390,76,124,1080,0.001248401457566399,0.001248401457566399,2,"[129, 154]","[6181, 89]"
391,76,124,1080,0.0012494314575663928,1.029999999993883e-06,2,"[129, 154]","[5531, 707]"
392,76,124,1080,0.0012506914575663853,1.259999999992517e-06,2,"[129, 154]","[4335, 1912]"
393,76,125,1080,0.0012466299641775678,0.0012466299641775678,2,"[129, 152]","[6206, 67]"
394,76,125,1080,0.0012476299641775619,9.999999999940612e-07,1,[129],[6234]
395,76,125,1080,0.0012490799641775533,1.4499999999913887e-06,2,"[129, 154]","[6239, 17]"
396,76,125,1081,0.0012470668643523191,0.0012470668643523191,2,"[129, 152]","[6065, 196]"
397,76,126,1080,0.001245411974984453,0.001245411974984453,2,"[129, 152]","[4850, 1412]"
398,76,126,1080,0.0012481919749844366,2.77999999998349e-06,2,"[129, 152]","[6155, 84]"
399,76,126,1081,0.001243819876991277,0.001243819876991277,2,"[129, 152]","[4443, 1819]"
400,76,126,1081,0.0012446098769912724,7.899999999953083e-07,2,"[129, 152]","[4469, 1787]"
401,76,126,1081,0.0012454898769912672,8.799999999947739e-07,2,"[129, 152]","[5255, 1034]"
402,76,127,1081,0.0012425912797860781,0.0012425912797860781,2,"[129, 152]","[6136, 128]"
403,76,127,1081,0.0012434212797860732,8.299999999950708e-07,2,"[129, 152]","[5703, 607]"
404,76,127,1081,0.0012442012797860686,7.799999999953677e-07,2,"[129, 152]","[5014, 1209]"
405,76,127,1082,0.0012433059786353833,0.0012433059786353833,2,"[129, 152]","[6205, 57]"
406,76,128,1081,0.0012417442507170245,0.0012417442507170245,2,"[129, 152]","[6257, 1]"
407,76,128,1081,0.0012442242507170098,2.4799999999852718e-06,2,"[129, 152]","[6198, 47]"
408,76,128,1082,0.0012408081562427992,0.0012408081562427992,1,[129],[6305]
409,76,128,1082,0.0012419281562427926,1.1199999999933485e-06,1,[129],[6203]
410,76,129,1082,0.0012391262373711808,0.0012391262373711808,1,[129],[6280]
411,76,129,1082,0.001240086237371175,9.599999999942987e-07,1,[129],[6249]
412,76,129,1082,0.001241616237371166,1.5299999999909136e-06,1,[129],[6227]
413,76,130,1082,0.0012381339707629438,0.0012381339707629438,3,"[129, 2360, 2361]","[6280, 9, 1]"
414,76,130,1082,0.0012399039707629332,1.7699999999894883e-06,1,[129],[6232]
415,76,130,1083,0.001237332332116095,0.001237332332116095,1,[129],[6261]
416,76,130,1083,0.0012387723321160865,1.4399999999914481e-06,1,[129],[6241]
417,76,131,1083,0.0012354583122336149,0.0012354583122336149,1,[129],[6274]
418,76,131,1083,0.0012363783122336094,9.199999999945363e-07,1,[129],[6252]
419,76,131,1083,0.0012376683122336017,1.289999999992339e-06,1,[129],[6251]
420,76,132,1083,0.0012342168152366503,0.0012342168152366503,1,[129],[6297]
421,76,132,1083,0.0012353868152366434,1.1699999999930516e-06,1,[129],[6221]
422,76,132,1084,0.0012338488537742421,0.0012338488537742421,1,[129],[6283]
423,76,132,1084,0.001235568853774232,1.7199999999897853e-06,1,[129],[6232]
424,76,133,1083,0.0012340871136141654,0.0012340871136141654,1,[129],[6256]
425,76,133,1084,0.0012318725582029287,0.0012318725582029287,1,[129],[6282]
426,76,133,1084,0.0012327925582029233,9.199999999945363e-07,1,[129],[6222]
427,76,133,1084,0.0012340325582029159,1.2399999999926359e-06,1,[129],[6276]
428,76,134,1084,0.0012304734491878008,0.0012304734491878008,1,[129],[6262]
429,76,134,1084,0.001231623449187794,1.1499999999931704e-06,1,[129],[6254]
430,76,134,1085,0.001231159573249541,0.001231159573249541,1,[129],[6251]
431,76,135,1084,0.0012323237709474114,0.0012323237709474114,1,[129],[6251]
432,76,223,1253,0.0008639293663451888,0.0008639293663451888,1,[2496],[6277]
433,76,223,1253,0.0008648993663451936,9.700000000047561e-07,1,[2496],[6250]
434,76,224,1253,0.0008645340134777143,0.0008645340134777143,1,[2496],[6258]
435,76,281,1141,0.0008206457448952282,0.0008206457448952282,2,"[12, 63]","[6199, 53]"
436,76,281,1142,0.0008308769012071623,0.0008308769012071623,5,"[12, 41, 63, 95, 96]","[5659, 555, 14, 21, 3]"
437,76,282,1140,0.000810478763936253,0.000810478763936253,1,[12],[6297]
438,76,282,1140,0.00081190876393626,1.4300000000070116e-06,1,[12],[6203]
439,76,282,1140,0.0008137087639362689,1.8000000000088258e-06,1,[12],[6263]
440,76,282,1140,0.0008166687639362834,2.9600000000145135e-06,1,[12],[6247]
441,76,282,1141,0.0008098347837084284,0.0008098347837084284,1,[12],[6263]
442,76,282,1141,0.0008114947837084365,1.6600000000081393e-06,1,[12],[6242]
443,76,282,1141,0.0008130947837084444,1.6000000000078451e-06,1,[12],[6264]
444,76,282,1141,0.0008143847837084507,1.2900000000063251e-06,1,[12],[6262]
445,76,282,1141,0.0008155247837084563,1.1400000000055897e-06,1,[12],[6225]
446,76,282,1141,0.0008165547837084613,1.0300000000050503e-06,1,[12],[6262]
447,76,282,1141,0.0008175547837084662,1.0000000000049032e-06,1,[12],[6281]
448,76,282,1141,0.0008185447837084711,9.900000000048542e-07,3,"[12, 63, 64]","[6251, 4, 1]"
449,76,282,1141,0.0008195047837084758,9.60000000004707e-07,3,"[12, 63, 64]","[6140, 77, 1]"
450,76,282,1141,0.0008204147837084803,9.100000000044619e-07,3,"[12, 63, 64]","[5800, 426, 2]"
451,76,282,1141,0.0008213647837084849,9.500000000046581e-07,3,"[12, 63, 64]","[5843, 429, 4]"
452,76,282,1141,0.0008224347837084902,1.0700000000052464e-06,3,"[12, 63, 99]","[6222, 55, 1]"
453,76,282,1141,0.0008236047837084959,1.1700000000057368e-06,3,"[12, 63, 99]","[6171, 1, 35]"
454,76,282,1141,0.0008249947837085027,1.3900000000068155e-06,2,"[12, 99]","[6206, 42]"
455,76,282,1141,0.0008266947837085111,1.7000000000083355e-06,4,"[12, 95, 96, 99]","[6213, 29, 3, 4]"
456,76,282,1141,0.0008292547837085236,2.5600000000125522e-06,4,"[12, 41, 95, 96]","[5345, 840, 82, 3]"
457,76,282,1142,0.0008222654127061571,0.0008222654127061571,3,"[12, 63, 64]","[6074, 185, 1]"
458,76,282,1142,0.0008246554127061688,2.3900000000117187e-06,1,[12],[6252]
459,76,282,1142,0.0008263054127061769,1.6500000000080903e-06,2,"[12, 95]","[6250, 11]"
460,76,282,1142,0.0008276154127061833,1.3100000000064232e-06,4,"[12, 41, 95, 96]","[6123, 39, 122, 1]"
461,76,282,1142,0.0008286154127061882,1.0000000000049032e-06,3,"[12, 41, 95]","[4964, 1209, 58]"
462,76,282,1142,0.0008292154127061912,6.000000000029419e-07,3,"[12, 41, 95]","[3338, 2877, 4]"
463,76,282,1142,0.0008297154127061936,5.000000000024516e-07,2,"[12, 41]","[2958, 3305]"
464,76,282,1142,0.0008302754127061964,5.600000000027458e-07,2,"[12, 41]","[3517, 2798]"
465,76,282,1142,0.0008310554127062002,7.800000000038245e-07,2,"[12, 41]","[4870, 1318]"
466,76,282,1142,0.0008323154127062064,1.260000000006178e-06,2,"[12, 41]","[6114, 114]"
467,76,282,1143,0.0008321223857134466,0.0008321223857134466,3,"[12, 41, 95]","[5653, 640, 3]"
468,76,282,1143,0.0008333523857134526,1.230000000006031e-06,1,[12],[6211]
469,76,282,1143,0.0008343723857134576,1.0200000000050013e-06,2,"[12, 104]","[6263, 1]"
470,76,282,1143,0.0008354423857134628,1.0700000000052464e-06,3,"[12, 39, 104]","[6189, 65, 15]"
471,76,282,1143,0.000836702385713469,1.260000000006178e-06,4,"[12, 39, 104, 105]","[5105, 1012, 109, 3]"
472,76,282,1144,0.000836153413836885,0.000836153413836885,4,"[12, 39, 104, 105]","[4777, 1352, 122, 2]"
473,76,282,1144,0.0008370134138368892,8.600000000042168e-07,4,"[12, 39, 104, 105]","[3324, 2829, 114, 1]"
474,76,282,1144,0.0008381034138368945,1.0900000000053445e-06,3,"[12, 39, 104]","[4375, 1839, 23]"
475,76,282,1144,0.0008398934138369033,1.7900000000087768e-06,3,"[12, 39, 104]","[6157, 105, 1]"
476,76,283,1140,0.0008097473322495318,0.0008097473322495318,1,[12],[6254]
477,76,283,1141,0.0008064023868722387,0.0008064023868722387,1,[12],[6287]
478,76,283,1141,0.0008073123868722431,9.100000000044619e-07,1,[12],[6231]
479,76,283,1141,0.0008081423868722472,8.300000000040697e-07,1,[12],[6237]
480,76,283,1141,0.0008092423868722526,1.1000000000053935e-06,1,[12],[6282]
481,76,283,1141,0.000816452386872288,7.210000000035352e-06,1,[12],[6214]
482,76,283,1142,0.0008290929899765707,0.0008290929899765707,4,"[12, 41, 63, 95]","[5050, 1171, 28, 14]"
483,76,283,1143,0.0008359752535051922,0.0008359752535051922,4,"[12, 39, 41, 104]","[5798, 229, 209, 20]"
484,76,283,1144,0.0008369673778387932,0.0008369673778387932,4,"[12, 39, 104, 105]","[3053, 3147, 82, 1]"
485,76,283,1144,0.0008385973778388012,1.6300000000079922e-06,3,"[12, 39, 104]","[4796, 1441, 9]"
486,76,283,1144,0.0008399673778388079,1.3700000000067174e-06,2,"[12, 39]","[6236, 4]"
487,76,283,1144,0.0008411073778388135,1.1400000000055897e-06,1,[12],[6262]
488,76,283,1144,0.0008422473778388191,1.1400000000055897e-06,1,[12],[6227]
489,76,283,1144,0.0008435273778388254,1.2800000000062761e-06,1,[12],[6285]
490,76,283,1144,0.0008460873778388379,2.5600000000125522e-06,1,[12],[6210]
491,76,283,1145,0.0008428824199294757,0.0008428824199294757,2,"[12, 39]","[6129, 124]"
492,76,283,1145,0.0008444924199294836,1.6100000000078942e-06,1,[12],[6251]
493,76,283,1145,0.0008459624199294908,1.4700000000072077e-06,3,"[12, 120, 121]","[6261, 1, 2]"
494,76,283,1145,0.0008481124199295014,2.150000000010542e-06,3,"[12, 120, 121]","[6236, 4, 3]"
495,76,284,1141,0.0008039096831659123,0.0008039096831659123,1,[12],[6282]
496,76,284,1141,0.000804869683165917,9.60000000004707e-07,1,[12],[6258]
497,76,284,1141,0.0008058196831659217,9.500000000046581e-07,1,[12],[6251]
498,76,284,1141,0.0008074996831659299,1.6800000000082374e-06,1,[12],[6223]
499,76,284,1142,0.0008038872118044881,0.0008038872118044881,1,[12],[6286]
500,76,284,1145,0.0008461409373996234,0.0008461409373996234,2,"[12, 121]","[6279, 1]"
501,76,284,1145,0.0008474609373996299,1.3200000000064722e-06,3,"[12, 120, 121]","[6252, 3, 4]"
502,76,284,1145,0.0008486009373996355,1.1400000000055897e-06,1,[12],[6227]
503,76,284,1145,0.0008498109373996414,1.2100000000059329e-06,1,[12],[6257]
504,76,284,1145,0.0008516209373996503,1.8100000000088748e-06,2,"[12, 35]","[6207, 22]"
505,76,284,1146,0.0008499231768266648,0.0008499231768266648,1,[12],[6254]
506,76,284,1146,0.0008513531768266718,1.4300000000070116e-06,4,"[12, 35, 125, 126]","[6210, 58, 1, 1]"
507,76,284,1146,0.000852403176826677,1.0500000000051484e-06,4,"[12, 35, 125, 126]","[5281, 934, 10, 2]"
508,76,284,1146,0.0008533831768266818,9.800000000048052e-07,4,"[12, 35, 125, 126]","[4656, 1635, 16, 3]"
509,76,284,1146,0.0008547231768266883,1.3400000000065703e-06,3,"[12, 35, 125]","[5741, 472, 5]"
510,76,284,1146,0.0008568531768266988,2.130000000010444e-06,2,"[12, 35]","[6229, 4]"
511,76,284,1147,0.0008588959137920368,0.0008588959137920368,3,"[12, 35, 125]","[6055, 202, 2]"
512,76,285,1141,0.0008025699344458657,0.0008025699344458657,1,[12],[6260]
513,76,285,1142,0.000800177995956421,0.000800177995956421,1,[12],[6259]
514,76,285,1142,0.0008011879959564259,1.0100000000049522e-06,1,[12],[6243]
515,76,285,1142,0.0008021179959564305,9.3000000000456e-07,1,[12],[6248]
516,76,285,1142,0.0008037379959564384,1.6200000000079432e-06,1,[12],[6269]
517,76,285,1146,0.000853147333473455,0.000853147333473455,4,"[12, 35, 125, 126]","[4914, 1327, 13, 3]"
518,76,285,1146,0.0008550173334734641,1.870000000009169e-06,3,"[12, 35, 125]","[5836, 429, 4]"
519,76,285,1146,0.0008567573334734727,1.7400000000085316e-06,1,[12],[6243]
520,76,285,1146,0.0008588273334734828,2.0700000000101497e-06,1,[12],[6260]
521,76,285,1147,0.0008576678988708716,0.0008576678988708716,3,"[12, 35, 125]","[6153, 110, 3]"
522,76,285,1147,0.0008592378988708793,1.570000000007698e-06,1,[12],[6244]
523,76,285,1147,0.000860407898870885,1.1700000000057368e-06,1,[12],[6258]
524,76,286,1142,0.0007970091072675531,0.0007970091072675531,1,[12],[6269]
525,76,286,1142,0.0007979391072675577,9.3000000000456e-07,1,[12],[6242]
526,76,286,1142,0.0007987191072675615,7.800000000038245e-07,1,[12],[6248]
527,76,286,1142,0.0007996191072675659,9.000000000044129e-07,1,[12],[6287]
528,76,286,1142,0.0008015991072675756,1.9800000000097084e-06,1,[12],[6210]
529,76,287,1142,0.0007938656019020887,0.0007938656019020887,2,"[12, 60]","[6207, 49]"
530,76,287,1142,0.0007949056019020938,1.0400000000050993e-06,1,[12],[6292]
531,76,287,1142,0.0007957856019020981,8.800000000043148e-07,1,[12],[6205]
532,76,287,1142,0.0007968556019021033,1.0700000000052464e-06,1,[12],[6296]
533,76,287,1143,0.0007950166130817113,0.0007950166130817113,2,"[12, 60]","[6243, 22]"
534,76,288,1138,0.0007624566390004229,0.0007624566390004229,3,"[12, 49, 50]","[6296, 11, 3]"
535,76,288,1138,0.0007642066390004315,1.7500000000085806e-06,3,"[12, 49, 53]","[6192, 4, 9]"
536,76,288,1139,0.0007617945137775155,0.0007617945137775155,3,"[12, 49, 50]","[6246, 32, 2]"
537,76,288,1139,0.0007622245137775176,4.300000000021084e-07,3,"[12, 49, 50]","[6315, 30, 2]"
538,76,288,1139,0.0007626045137775195,3.800000000018632e-07,4,"[12, 49, 50, 53]","[6185, 15, 1, 3]"
539,76,288,1139,0.0007630245137775216,4.2000000000205935e-07,4,"[12, 49, 50, 53]","[6285, 11, 1, 6]"
540,76,288,1139,0.0007635345137775241,5.100000000025006e-07,4,"[12, 49, 53, 54]","[6147, 4, 12, 1]"
541,76,288,1139,0.0007642445137775275,7.100000000034813e-07,4,"[12, 49, 53, 54]","[6191, 1, 18, 3]"
542,76,288,1142,0.000786934906984654,0.000786934906984654,2,"[12, 57]","[6260, 6]"
543,76,288,1142,0.0007891049069846647,2.17000000001064e-06,1,[12],[6251]
544,76,288,1142,0.0007907149069846726,1.6100000000078942e-06,1,[12],[6236]
545,76,288,1142,0.0007921249069846795,1.4100000000069135e-06,2,"[12, 60]","[6230, 48]"
546,76,288,1142,0.0007934949069846862,1.3700000000067174e-06,2,"[12, 60]","[6095, 140]"
547,76,288,1143,0.0007855646437314144,0.0007855646437314144,2,"[12, 57]","[6265, 3]"
548,76,288,1143,0.000787524643731424,1.9600000000096103e-06,1,[12],[6234]
549,76,288,1143,0.0007891946437314322,1.6700000000081884e-06,1,[12],[6279]
550,76,288,1143,0.0007908646437314404,1.6700000000081884e-06,1,[12],[6219]
551,76,288,1143,0.00079281464373145,1.9500000000095613e-06,2,"[12, 60]","[6154, 98]"
552,76,288,1159,0.000914652870033172,0.000914652870033172,1,[1],[6271]
553,76,288,1160,0.0009139420878747961,0.0009139420878747961,1,[1],[6257]
554,76,288,1161,0.0009135485127289986,0.0009135485127289986,1,[1],[6322]
555,76,288,1161,0.0009142685127290021,7.200000000035303e-07,1,[1],[6178]
556,76,288,1162,0.0009132353756196815,0.0009132353756196815,1,[1],[6348]
557,76,288,1162,0.0009137653756196841,5.300000000025987e-07,1,[1],[6198]
558,76,288,1162,0.0009145253756196878,7.600000000037264e-07,1,[1],[6226]
559,76,288,1163,0.000912902247016578,0.000912902247016578,1,[1],[6323]
560,76,288,1163,0.0009133522470165802,4.5000000000220645e-07,1,[1],[6221]
561,76,288,1163,0.0009138122470165825,4.600000000022555e-07,1,[1],[6222]
562,76,288,1163,0.0009148822470165877,1.0700000000052464e-06,1,[1],[6240]
563,76,288,1164,0.0009126402889205875,0.0009126402889205875,1,[1],[6357]
564,76,288,1164,0.0009130802889205896,4.400000000021574e-07,1,[1],[6184]
565,76,288,1164,0.0009134802889205916,4.000000000019613e-07,1,[1],[6282]
566,76,288,1164,0.0009140802889205945,6.000000000029419e-07,1,[1],[6222]
567,76,288,1165,0.0009124008548975688,0.0009124008548975688,1,[1],[6303]
568,76,288,1165,0.0009128208548975709,4.2000000000205935e-07,1,[1],[6326]
569,76,288,1165,0.0009131808548975726,3.6000000000176516e-07,1,[1],[6123]
570,76,288,1165,0.0009136508548975749,4.700000000023045e-07,1,[1],[6251]
571,76,288,1166,0.0009122172544832605,0.0009122172544832605,1,[1],[6275]
572,76,288,1166,0.0009126272544832625,4.100000000020103e-07,1,[1],[6326]
573,76,288,1166,0.0009129672544832642,3.400000000016671e-07,1,[1],[6184]
574,76,288,1166,0.0009133772544832662,4.100000000020103e-07,1,[1],[6263]
575,76,288,1167,0.0009120628194883373,0.0009120628194883373,1,[1],[6295]
576,76,288,1167,0.0009124728194883393,4.100000000020103e-07,1,[1],[6335]
577,76,288,1167,0.0009128128194883409,3.400000000016671e-07,1,[1],[6260]
578,76,288,1167,0.0009132128194883429,4.000000000019613e-07,1,[1],[6176]
579,76,288,1168,0.0009118579158566685,0.0009118579158566685,2,"[1, 6]","[6075, 217]"
580,76,288,1168,0.0009122679158566705,4.100000000020103e-07,2,"[1, 6]","[6081, 180]"
581,76,288,1168,0.0009126179158566722,3.500000000017161e-07,2,"[1, 6]","[6079, 168]"
582,76,288,1168,0.0009130479158566743,4.300000000021084e-07,2,"[1, 6]","[6153, 132]"
583,76,288,1169,0.0009116019752058608,0.0009116019752058608,2,"[1, 6]","[5875, 489]"
584,76,288,1169,0.0009119919752058627,3.9000000000191225e-07,2,"[1, 6]","[5756, 562]"
585,76,288,1169,0.0009123119752058643,3.2000000000156903e-07,2,"[1, 6]","[5640, 599]"
586,76,288,1169,0.0009126519752058659,3.400000000016671e-07,2,"[1, 6]","[5557, 611]"
587,76,288,1169,0.0009131919752058686,5.400000000026477e-07,2,"[1, 6]","[5572, 650]"
588,76,288,1170,0.0009114122899129748,0.0009114122899129748,2,"[1, 6]","[6346, 15]"
589,76,288,1170,0.0009118122899129768,4.000000000019613e-07,2,"[1, 6]","[6264, 30]"
590,76,288,1170,0.0009121622899129785,3.500000000017161e-07,2,"[1, 6]","[6109, 35]"
591,76,288,1170,0.0009125822899129806,4.2000000000205935e-07,2,"[1, 6]","[6167, 52]"
592,76,288,1171,0.0009111602236517084,0.0009111602236517084,1,[1],[6331]
593,76,288,1171,0.0009115802236517105,4.2000000000205935e-07,1,[1],[6272]
594,76,288,1171,0.0009119402236517122,3.6000000000176516e-07,1,[1],[6170]
595,76,288,1171,0.0009124102236517146,4.700000000023045e-07,1,[1],[6269]
596,76,288,1172,0.0009109581675659984,0.0009109581675659984,1,[1],[6294]
597,76,288,1172,0.0009113881675660005,4.300000000021084e-07,1,[1],[6300]
598,76,288,1172,0.0009117681675660024,3.800000000018632e-07,1,[1],[6159]
599,76,288,1172,0.000912298167566005,5.300000000025987e-07,1,[1],[6293]
600,76,288,1173,0.0009107669988917355,0.0009107669988917355,1,[1],[6348]
601,76,288,1173,0.0009111869988917376,4.2000000000205935e-07,1,[1],[6189]
602,76,288,1173,0.0009115769988917395,3.9000000000191225e-07,1,[1],[6223]
603,76,288,1173,0.0009121569988917423,5.800000000028439e-07,1,[1],[6275]
604,76,288,1174,0.0009105771469260955,0.0009105771469260955,1,[1],[6275]
605,76,288,1174,0.0009110171469260977,4.400000000021574e-07,1,[1],[6291]
606,76,288,1174,0.0009114171469260996,4.000000000019613e-07,1,[1],[6205]
607,76,288,1174,0.0009120171469261026,6.000000000029419e-07,1,[1],[6293]
608,76,288,1175,0.0009104240563713923,0.0009104240563713923,1,[1],[6265]
609,76,288,1175,0.0009108540563713944,4.300000000021084e-07,1,[1],[6302]
610,76,288,1175,0.0009112440563713963,3.9000000000191225e-07,1,[1],[6215]
611,76,288,1175,0.0009117740563713989,5.300000000025987e-07,1,[1],[6240]
612,76,288,1176,0.0009103218662979139,0.0009103218662979139,1,[1],[6250]
613,76,288,1176,0.000910751866297916,4.300000000021084e-07,1,[1],[6266]
614,76,288,1176,0.000911151866297918,4.000000000019613e-07,1,[1],[6322]
615,76,288,1176,0.0009117418662979209,5.900000000028929e-07,1,[1],[6207]
616,76,288,1177,0.0009102273012640622,0.0009102273012640622,2,"[1, 5]","[6249, 1]"
617,76,288,1177,0.0009106773012640644,4.5000000000220645e-07,2,"[1, 5]","[6286, 1]"
618,76,288,1177,0.0009110973012640665,4.2000000000205935e-07,1,[1],[6274]
619,76,288,1177,0.00091181730126407,7.200000000035303e-07,1,[1],[6200]
620,76,288,1178,0.0009101006500611356,0.0009101006500611356,2,"[1, 5]","[6075, 274]"
621,76,288,1178,0.0009105106500611376,4.100000000020103e-07,2,"[1, 5]","[5983, 224]"
622,76,288,1178,0.0009108906500611395,3.800000000018632e-07,2,"[1, 5]","[6031, 195]"
623,76,288,1178,0.000911410650061142,5.200000000025497e-07,2,"[1, 5]","[6080, 191]"
624,76,288,1179,0.0009099288972696276,0.0009099288972696276,2,"[1, 5]","[5433, 838]"
625,76,288,1179,0.0009103288972696295,4.000000000019613e-07,2,"[1, 5]","[5507, 782]"
626,76,288,1179,0.0009106688972696312,3.400000000016671e-07,2,"[1, 5]","[5604, 766]"
627,76,288,1179,0.000911028897269633,3.6000000000176516e-07,2,"[1, 5]","[5439, 741]"
628,76,288,1179,0.0009117688972696366,7.400000000036284e-07,2,"[1, 5]","[5464, 699]"
629,76,288,1180,0.0009099006570850876,0.0009099006570850876,4,"[1, 4, 5, 2545]","[6296, 42, 42, 1]"
630,76,288,1180,0.0009103006570850895,4.000000000019613e-07,3,"[1, 4, 5]","[6105, 68, 46]"
631,76,288,1180,0.0009106506570850912,3.500000000017161e-07,3,"[1, 4, 5]","[6140, 43, 36]"
632,76,288,1180,0.0009110606570850933,4.100000000020103e-07,3,"[1, 4, 5]","[6146, 75, 40]"
633,76,288,1181,0.0009097505156740662,0.0009097505156740662,3,"[1, 4, 2544]","[5459, 790, 2]"
634,76,288,1181,0.0009101205156740681,3.700000000018142e-07,4,"[1, 4, 2544, 2545]","[5499, 846, 3, 1]"
635,76,288,1181,0.0009104205156740695,3.0000000000147097e-07,4,"[1, 4, 2544, 2545]","[5398, 830, 1, 3]"
636,76,288,1181,0.000910730515674071,3.1000000000152e-07,3,"[1, 4, 2544]","[5416, 880, 4]"
637,76,288,1181,0.0009111405156740731,4.100000000020103e-07,3,"[1, 4, 2544]","[5371, 849, 4]"
638,76,288,1182,0.0009097206416664421,0.0009097206416664421,2,"[1, 4]","[6173, 193]"
639,76,288,1182,0.000910090641666444,3.700000000018142e-07,3,"[1, 4, 2544]","[5988, 199, 3]"
640,76,288,1182,0.0009104106416664455,3.2000000000156903e-07,2,"[1, 4]","[6050, 218]"
641,76,288,1182,0.0009107506416664472,3.400000000016671e-07,3,"[1, 4, 2544]","[6088, 222, 1]"
642,76,288,1182,0.0009112806416664498,5.300000000025987e-07,3,"[1, 4, 2544]","[5871, 256, 2]"
643,76,288,1183,0.0009096668765502721,0.0009096668765502721,2,"[1, 3]","[6272, 78]"
644,76,288,1183,0.000910046876550274,3.800000000018632e-07,2,"[1, 3]","[6213, 79]"
645,76,288,1183,0.0009103568765502755,3.1000000000152e-07,3,"[1, 3, 4]","[6057, 79, 2]"
646,76,288,1183,0.0009107068765502772,3.500000000017161e-07,2,"[1, 3]","[6228, 80]"
647,76,288,1183,0.0009112268765502797,5.200000000025497e-07,3,"[1, 3, 4]","[6100, 91, 2]"
648,76,288,1184,0.0009095714214109832,0.0009095714214109832,2,"[1, 3]","[5571, 780]"
649,76,288,1184,0.000909931421410985,3.6000000000176516e-07,2,"[1, 3]","[5443, 812]"
650,76,288,1184,0.0009102214214109864,2.9000000000142193e-07,2,"[1, 3]","[5481, 826]"
651,76,288,1184,0.0009105014214109878,2.800000000013729e-07,2,"[1, 3]","[5207, 903]"
652,76,288,1184,0.0009108614214109896,3.6000000000176516e-07,2,"[1, 3]","[5355, 917]"
653,76,288,1184,0.0009117214214109938,8.600000000042168e-07,2,"[1, 3]","[5236, 975]"
654,76,288,1185,0.0009096207292559807,0.0009096207292559807,3,"[1, 2, 3]","[6203, 8, 162]"
655,76,288,1185,0.0009100107292559826,3.9000000000191225e-07,3,"[1, 2, 3]","[6047, 7, 163]"
656,76,288,1185,0.0009103307292559842,3.2000000000156903e-07,3,"[1, 2, 3]","[6091, 4, 184]"
657,76,288,1185,0.0009106907292559859,3.6000000000176516e-07,3,"[1, 2, 3]","[6043, 9, 201]"
658,76,288,1185,0.000911310729255989,6.2000000000304e-07,3,"[1, 2, 3]","[5913, 6, 223]"
659,76,288,1186,0.0009096002136366462,0.0009096002136366462,3,"[1, 2, 3]","[5887, 467, 1]"
660,76,288,1186,0.000909970213636648,3.700000000018142e-07,2,"[1, 2]","[5768, 500]"
661,76,288,1186,0.0009102802136366496,3.1000000000152e-07,3,"[1, 2, 3]","[5770, 469, 1]"
662,76,288,1186,0.0009106002136366511,3.2000000000156903e-07,3,"[1, 2, 3]","[5750, 477, 1]"
663,76,288,1186,0.0009110602136366534,4.600000000022555e-07,2,"[1, 2]","[5706, 487]"
664,76,288,1187,0.000909595946952643,0.000909595946952643,2,"[1, 2]","[5935, 403]"
665,76,288,1187,0.0009099659469526448,3.700000000018142e-07,2,"[1, 2]","[5886, 401]"
666,76,288,1187,0.0009102759469526463,3.1000000000152e-07,2,"[1, 2]","[5875, 394]"
667,76,288,1187,0.0009105959469526479,3.2000000000156903e-07,2,"[1, 2]","[5810, 381]"
668,76,288,1187,0.0009110459469526501,4.5000000000220645e-07,2,"[1, 2]","[5788, 441]"
669,76,288,1188,0.000909984467068796,0.000909984467068796,2,"[1, 2]","[6333, 5]"
670,76,288,1188,0.0009106244670687992,6.400000000031381e-07,2,"[1, 2]","[6207, 2]"
671,76,289,1138,0.0007651409824911705,0.0007651409824911705,5,"[12, 46, 49, 50, 53]","[6178, 96, 5, 1, 4]"
672,76,289,1138,0.0007659209824911744,7.800000000038245e-07,2,"[12, 46]","[4953, 1349]"
673,76,289,1138,0.000766460982491177,5.400000000026477e-07,2,"[12, 46]","[3413, 2811]"
674,76,289,1138,0.0007669809824911796,5.200000000025497e-07,2,"[12, 46]","[2982, 3236]"
675,76,289,1138,0.0007677809824911835,8.000000000039226e-07,2,"[12, 46]","[3869, 2377]"
676,76,289,1139,0.0007641328700868296,0.0007641328700868296,4,"[12, 49, 53, 54]","[6239, 15, 11, 3]"
677,76,289,1139,0.0007665028700868412,2.3700000000116206e-06,4,"[12, 46, 53, 54]","[5594, 637, 1, 1]"
678,76,289,1139,0.0007685528700868512,2.0500000000100516e-06,2,"[12, 46]","[5476, 806]"
679,76,289,1139,0.0007696628700868567,1.1100000000054426e-06,2,"[12, 46]","[6262, 1]"
680,76,289,1139,0.0007707028700868618,1.0400000000050993e-06,1,[12],[6238]
681,76,289,1140,0.0007714410739913402,0.0007714410739913402,3,"[12, 46, 49]","[6297, 1, 2]"
682,76,289,1140,0.0007723010739913444,8.600000000042168e-07,1,[12],[6228]
683,76,289,1140,0.0007731010739913483,8.000000000039226e-07,1,[12],[6273]
684,76,289,1141,0.000773380013848201,0.000773380013848201,1,[12],[6284]
685,76,289,1141,0.0007743400138482057,9.60000000004707e-07,1,[12],[6241]
686,76,289,1142,0.0007752261263782163,0.0007752261263782163,1,[12],[6267]
687,76,289,1142,0.0007770161263782251,1.7900000000087768e-06,2,"[12, 57]","[6211, 41]"
688,76,289,1142,0.000778426126378232,1.4100000000069135e-06,2,"[12, 57]","[6086, 166]"
689,76,289,1142,0.0007798261263782389,1.4000000000068645e-06,2,"[12, 57]","[6204, 36]"
690,76,289,1142,0.0007814061263782466,1.580000000007747e-06,1,[12],[6249]
691,76,289,1142,0.0007833961263782564,1.9900000000097574e-06,1,[12],[6242]
692,76,289,1142,0.0007866861263782725,3.2900000000161316e-06,1,[12],[6262]
693,76,289,1143,0.0007796160432065168,0.0007796160432065168,2,"[12, 57]","[6217, 44]"
694,76,289,1143,0.0007814460432065258,1.8300000000089729e-06,1,[12],[6244]
695,76,289,1143,0.0007829460432065332,1.5000000000073548e-06,1,[12],[6282]
696,76,289,1143,0.0007844360432065405,1.4900000000073058e-06,1,[12],[6239]
697,76,289,1143,0.0007862360432065493,1.8000000000088258e-06,1,[12],[6237]
698,76,289,1143,0.0007912360432065738,5.000000000024516e-06,1,[12],[6238]
699,76,289,1154,0.0009146981995780083,0.0009146981995780083,2,"[1, 7]","[5708, 623]"
700,76,289,1154,0.0009151481995780105,4.5000000000220645e-07,2,"[1, 7]","[5400, 902]"
701,76,289,1154,0.0009155581995780126,4.100000000020103e-07,2,"[1, 7]","[4904, 1297]"
702,76,289,1154,0.0009161181995780153,5.600000000027458e-07,2,"[1, 7]","[4300, 1925]"
703,76,289,1155,0.0009141690278051646,0.0009141690278051646,2,"[1, 7]","[6286, 66]"
704,76,289,1155,0.0009144790278051661,3.1000000000152e-07,2,"[1, 7]","[6198, 114]"
705,76,289,1155,0.0009147090278051672,2.3000000000112774e-07,2,"[1, 7]","[6157, 135]"
706,76,289,1155,0.0009149090278051682,2.0000000000098064e-07,2,"[1, 7]","[6173, 171]"
707,76,289,1155,0.0009150990278051691,1.900000000009316e-07,2,"[1, 7]","[5967, 208]"
708,76,289,1155,0.0009152990278051701,2.0000000000098064e-07,2,"[1, 7]","[5976, 316]"
709,76,289,1155,0.0009155190278051712,2.200000000010787e-07,2,"[1, 7]","[5714, 442]"
710,76,289,1155,0.0009157990278051726,2.800000000013729e-07,2,"[1, 7]","[5554, 694]"
711,76,289,1155,0.0009162690278051749,4.700000000023045e-07,2,"[1, 7]","[4937, 1180]"
712,76,289,1156,0.000913933971165078,0.000913933971165078,1,[1],[6337]
713,76,289,1156,0.0009142439711650795,3.1000000000152e-07,1,[1],[6219]
714,76,289,1156,0.0009144839711650807,2.4000000000117677e-07,1,[1],[6330]
715,76,289,1156,0.0009146939711650817,2.1000000000102968e-07,1,[1],[6432]
716,76,289,1156,0.0009148939711650827,2.0000000000098064e-07,1,[1],[6146]
717,76,289,1156,0.0009151039711650837,2.1000000000102968e-07,2,"[1, 7]","[6225, 1]"
718,76,289,1156,0.0009153539711650849,2.500000000012258e-07,2,"[1, 7]","[6154, 4]"
719,76,289,1156,0.0009157439711650868,3.9000000000191225e-07,2,"[1, 7]","[6249, 1]"
720,76,289,1157,0.00091362671894809,0.00091362671894809,1,[1],[6259]
721,76,289,1157,0.0009139467189480916,3.2000000000156903e-07,1,[1],[6330]
722,76,289,1157,0.0009141767189480927,2.3000000000112774e-07,1,[1],[6174]
723,76,289,1157,0.0009143867189480938,2.1000000000102968e-07,1,[1],[6545]
724,76,289,1157,0.0009145767189480947,1.900000000009316e-07,1,[1],[5989]
725,76,289,1157,0.0009147867189480957,2.1000000000102968e-07,1,[1],[6394]
726,76,289,1157,0.0009150167189480969,2.3000000000112774e-07,1,[1],[6078]
727,76,289,1157,0.0009153667189480986,3.500000000017161e-07,1,[1],[6362]
728,76,289,1158,0.0009133878680444206,0.0009133878680444206,1,[1],[6346]
729,76,289,1158,0.0009136978680444221,3.1000000000152e-07,1,[1],[6269]
730,76,289,1158,0.0009139378680444233,2.4000000000117677e-07,1,[1],[6382]
731,76,289,1158,0.0009141378680444243,2.0000000000098064e-07,1,[1],[6019]
732,76,289,1158,0.0009143378680444253,2.0000000000098064e-07,1,[1],[6285]
733,76,289,1158,0.0009145478680444263,2.1000000000102968e-07,1,[1],[6211]
734,76,289,1158,0.0009148078680444276,2.6000000000127484e-07,1,[1],[6344]
735,76,289,1158,0.0009151878680444294,3.800000000018632e-07,1,[1],[6145]
736,76,289,1159,0.0009132429940952277,0.0009132429940952277,1,[1],[6352]
737,76,289,1159,0.0009135629940952292,3.2000000000156903e-07,1,[1],[6307]
738,76,289,1159,0.0009137929940952304,2.3000000000112774e-07,1,[1],[6202]
739,76,289,1159,0.0009140029940952314,2.1000000000102968e-07,1,[1],[6164]
740,76,289,1159,0.0009142129940952324,2.1000000000102968e-07,1,[1],[6453]
741,76,289,1159,0.0009144429940952336,2.3000000000112774e-07,1,[1],[6244]
742,76,289,1159,0.0009147229940952349,2.800000000013729e-07,1,[1],[6123]
743,76,289,1159,0.0009152829940952377,5.600000000027458e-07,1,[1],[6197]
744,76,289,1160,0.000913116229666605,0.000913116229666605,1,[1],[6266]
745,76,289,1160,0.0009134562296666067,3.400000000016671e-07,1,[1],[6444]
746,76,289,1160,0.0009137062296666079,2.500000000012258e-07,1,[1],[6186]
747,76,289,1160,0.000913926229666609,2.200000000010787e-07,1,[1],[6190]
748,76,289,1160,0.0009141462296666101,2.200000000010787e-07,1,[1],[6234]
749,76,289,1160,0.0009144062296666113,2.6000000000127484e-07,1,[1],[6262]
750,76,289,1160,0.0009147862296666132,3.800000000018632e-07,1,[1],[6174]
751,76,289,1161,0.0009130278654554344,0.0009130278654554344,1,[1],[6381]
752,76,289,1161,0.000913367865455436,3.400000000016671e-07,1,[1],[6254]
753,76,289,1161,0.0009136278654554373,2.6000000000127484e-07,1,[1],[6225]
754,76,289,1161,0.0009138778654554385,2.500000000012258e-07,1,[1],[6230]
755,76,289,1161,0.0009141478654554399,2.7000000000132387e-07,1,[1],[6344]
756,76,289,1161,0.0009144978654554416,3.500000000017161e-07,1,[1],[6157]
757,76,289,1162,0.0009129156001656517,0.0009129156001656517,1,[1],[6327]
758,76,289,1162,0.0009132856001656535,3.700000000018142e-07,1,[1],[6298]
759,76,289,1162,0.000913585600165655,3.0000000000147097e-07,1,[1],[6321]
760,76,289,1162,0.0009138656001656564,2.800000000013729e-07,1,[1],[6060]
761,76,289,1162,0.0009142256001656581,3.6000000000176516e-07,1,[1],[6294]
762,76,289,1162,0.0009152356001656631,1.0100000000049522e-06,1,[1],[6202]
763,76,289,1163,0.0009127937501618522,0.0009127937501618522,1,[1],[6371]
764,76,289,1163,0.0009131737501618541,3.800000000018632e-07,1,[1],[6189]
765,76,289,1163,0.0009135037501618557,3.3000000000161806e-07,1,[1],[6256]
766,76,289,1163,0.0009138637501618574,3.6000000000176516e-07,1,[1],[6230]
767,76,289,1163,0.0009144837501618605,6.2000000000304e-07,1,[1],[6225]
768,76,289,1164,0.0009126758993035218,0.0009126758993035218,1,[1],[6267]
769,76,289,1164,0.000913125899303524,4.5000000000220645e-07,1,[1],[6270]
770,76,289,1164,0.000913545899303526,4.2000000000205935e-07,1,[1],[6314]
771,76,289,1164,0.0009142658993035296,7.200000000035303e-07,1,[1],[6193]
772,76,289,1165,0.0009125282961208882,0.0009125282961208882,1,[1],[6331]
773,76,289,1165,0.0009130182961208906,4.900000000024026e-07,1,[1],[6285]
774,76,289,1165,0.0009135482961208932,5.300000000025987e-07,1,[1],[6134]
775,76,289,1166,0.0009124095975623998,0.0009124095975623998,1,[1],[6358]
776,76,289,1166,0.0009129095975624023,5.000000000024516e-07,1,[1],[6211]
777,76,289,1166,0.0009135095975624052,6.000000000029419e-07,1,[1],[6222]
778,76,289,1167,0.0009122838183283724,0.0009122838183283724,1,[1],[6357]
779,76,289,1167,0.0009127938183283749,5.100000000025006e-07,1,[1],[6191]
780,76,289,1167,0.0009134638183283781,6.700000000032852e-07,1,[1],[6246]
781,76,289,1168,0.0009120929298979185,0.0009120929298979185,2,"[1, 6]","[6111, 172]"
782,76,289,1168,0.0009126529298979213,5.600000000027458e-07,2,"[1, 6]","[6088, 136]"
783,76,289,1168,0.0009135329298979256,8.800000000043148e-07,2,"[1, 6]","[6132, 133]"
784,76,289,1169,0.0009118296359547563,0.0009118296359547563,2,"[1, 6]","[5919, 434]"
785,76,289,1169,0.0009123396359547588,5.100000000025006e-07,2,"[1, 6]","[5695, 508]"
786,76,289,1169,0.0009129696359547619,6.30000000003089e-07,2,"[1, 6]","[5690, 557]"
787,76,289,1170,0.0009115893380276573,0.0009115893380276573,2,"[1, 6]","[6235, 16]"
788,76,289,1170,0.00091213933802766,5.500000000026968e-07,2,"[1, 6]","[6336, 25]"
789,76,289,1170,0.0009128693380276635,7.300000000035793e-07,2,"[1, 6]","[6132, 42]"
790,76,289,1171,0.0009113753258530616,0.0009113753258530616,1,[1],[6310]
791,76,289,1171,0.0009119053258530642,5.300000000025987e-07,1,[1],[6205]
792,76,289,1171,0.0009126553258530679,7.500000000036774e-07,1,[1],[6259]
793,76,289,1172,0.0009111609773226942,0.0009111609773226942,1,[1],[6347]
794,76,289,1172,0.0009117209773226969,5.600000000027458e-07,1,[1],[6179]
795,76,289,1172,0.0009126409773227014,9.20000000004511e-07,1,[1],[6244]
796,76,289,1173,0.0009109859292506649,0.0009109859292506649,1,[1],[6289]
797,76,289,1173,0.0009115559292506677,5.700000000027948e-07,1,[1],[6241]
798,76,289,1173,0.0009126959292506733,1.1400000000055897e-06,1,[1],[6229]
799,76,289,1174,0.0009107923731425514,0.0009107923731425514,1,[1],[6363]
800,76,289,1174,0.0009113923731425543,6.000000000029419e-07,1,[1],[6229]
801,76,289,1174,0.0009537923731427622,4.2400000000207896e-05,2,"[1, 2452]","[6129, 29]"
802,76,289,1175,0.0009106551490261468,0.0009106551490261468,1,[1],[6286]
803,76,289,1175,0.0009112351490261496,5.800000000028439e-07,1,[1],[6275]
804,76,289,1175,0.0009126251490261565,1.3900000000068155e-06,1,[1],[6199]
805,76,289,1176,0.0009105549398561346,0.0009105549398561346,1,[1],[6336]
806,76,289,1176,0.0009111449398561375,5.900000000028929e-07,1,[1],[6168]
807,76,289,1176,0.0009540049398563476,4.286000000021015e-05,2,"[1, 2452]","[5893, 357]"
808,76,289,1177,0.0009105230821510875,0.0009105230821510875,2,"[1, 5]","[6332, 1]"
809,76,289,1177,0.0009112030821510908,6.800000000033342e-07,1,[1],[6197]
810,76,289,1178,0.0009104534904923035,0.0009104534904923035,2,"[1, 5]","[6060, 208]"
811,76,289,1178,0.0009112234904923073,7.700000000037755e-07,2,"[1, 5]","[6096, 170]"
812,76,289,1179,0.0009103830782340444,0.0009103830782340444,2,"[1, 5]","[5466, 828]"
813,76,289,1179,0.0009111930782340484,8.100000000039716e-07,2,"[1, 5]","[5507, 739]"
814,76,289,1180,0.000910511791249636,0.000910511791249636,3,"[1, 4, 5]","[6145, 65, 49]"
815,76,289,1181,0.0009104818449339082,0.0009104818449339082,4,"[1, 4, 2544, 2545]","[5341, 950, 1, 1]"
816,76,289,1182,0.0009107805520333492,0.0009107805520333492,3,"[1, 4, 2544]","[5971, 308, 2]"
817,76,289,1183,0.000911312275442769,0.000911312275442769,3,"[1, 3, 4]","[6188, 74, 2]"
818,76,290,1138,0.0007703919027047379,0.0007703919027047379,2,"[12, 46]","[5171, 1083]"
819,76,290,1139,0.0007697314075649031,0.0007697314075649031,2,"[12, 46]","[6091, 169]"
820,76,290,1140,0.0007729999909497731,0.0007729999909497731,1,[12],[6262]
821,76,290,1141,0.0007739964367615857,0.0007739964367615857,1,[12],[6276]
822,76,290,1142,0.0007746027495729464,0.0007746027495729464,1,[12],[6310]
823,76,290,1142,0.0007756827495729516,1.0800000000052955e-06,1,[12],[6214]
824,76,290,1142,0.0007772727495729594,1.5900000000077961e-06,2,"[12, 57]","[6209, 29]"
825,76,290,1142,0.0007813927495729796,4.120000000020201e-06,2,"[12, 57]","[6142, 98]"
826,76,290,1154,0.0009150086768423006,0.0009150086768423006,2,"[1, 7]","[5308, 983]"
827,76,290,1154,0.0009156386768423036,6.30000000003089e-07,2,"[1, 7]","[4345, 1924]"
828,76,290,1154,0.0009164186768423075,7.800000000038245e-07,2,"[1, 7]","[2413, 3797]"
829,76,290,1154,0.0009177686768423141,1.3500000000066193e-06,2,"[1, 7]","[340, 5904]"
830,76,290,1155,0.000914367919300721,0.000914367919300721,2,"[1, 7]","[6170, 88]"
831,76,290,1155,0.0009147479193007228,3.800000000018632e-07,2,"[1, 7]","[6088, 203]"
832,76,290,1155,0.0009150479193007243,3.0000000000147097e-07,2,"[1, 7]","[5900, 313]"
833,76,290,1155,0.0009153579193007258,3.1000000000152e-07,2,"[1, 7]","[5839, 574]"
834,76,290,1155,0.0009157179193007276,3.6000000000176516e-07,2,"[1, 7]","[5077, 1115]"
835,76,290,1155,0.00091621791930073,5.000000000024516e-07,2,"[1, 7]","[3658, 2560]"
836,76,290,1155,0.0009168779193007333,6.600000000032361e-07,2,"[1, 7]","[1209, 5022]"
837,76,290,1155,0.0009175079193007364,6.30000000003089e-07,2,"[1, 7]","[101, 6101]"
838,76,290,1155,0.0009181279193007394,6.2000000000304e-07,2,"[1, 7]","[6, 6278]"
839,76,290,1155,0.0009188779193007431,7.500000000036774e-07,1,[7],[6221]
840,76,290,1155,0.0009208179193007526,1.9400000000095122e-06,1,[7],[6227]
841,76,290,1156,0.0009142946558817212,0.0009142946558817212,1,[1],[6307]
842,76,290,1156,0.0009147446558817234,4.5000000000220645e-07,2,"[1, 7]","[6372, 1]"
843,76,290,1156,0.0009151646558817254,4.2000000000205935e-07,2,"[1, 7]","[6135, 3]"
844,76,290,1156,0.0009158546558817288,6.900000000033832e-07,2,"[1, 7]","[6169, 18]"
845,76,290,1157,0.0009143076533259154,0.0009143076533259154,1,[1],[6272]
846,76,290,1157,0.000915027653325919,7.200000000035303e-07,1,[1],[6306]
847,76,290,1158,0.0009144584836006283,0.0009144584836006283,1,[1],[6269]
848,76,290,1174,0.0009543674671897246,0.0009543674671897246,2,"[1, 2452]","[98, 6161]"
849,76,290,1175,0.0009538871830017232,0.0009538871830017232,2,"[1, 2452]","[102, 6252]"
850,76,290,1175,0.0009544071830017258,5.200000000025497e-07,1,[2452],[6253]
851,76,290,1175,0.0009548471830017279,4.400000000021574e-07,1,[2452],[6209]
852,76,290,1175,0.0009553871830017306,5.400000000026477e-07,1,[2452],[6253]
853,76,290,1176,0.0009545207895819238,0.0009545207895819238,2,"[1, 2452]","[116, 6169]"
854,76,290,1176,0.000956210789581932,1.6900000000082864e-06,1,[2452],[6222]
855,76,291,1155,0.0009182389952251309,0.0009182389952251309,2,"[1, 7]","[190, 6070]"
856,76,291,1155,0.0009189589952251344,7.200000000035303e-07,1,[7],[6333]
857,76,291,1155,0.0009195289952251372,5.700000000027948e-07,1,[7],[6250]
858,76,291,1155,0.00092009899522514,5.700000000027948e-07,1,[7],[6268]
859,76,291,1155,0.0009207789952251433,6.800000000033342e-07,1,[7],[6159]
860,76,291,1155,0.0009220289952251494,1.250000000006129e-06,1,[7],[6252]
861,76,291,1156,0.0009199757043608819,0.0009199757043608819,2,"[1, 7]","[125, 6182]"
862,76,291,1156,0.0009209857043608868,1.0100000000049522e-06,1,[7],[6205]
863,76,291,1156,0.0009220957043608923,1.1100000000054426e-06,1,[7],[6257]
864,76,291,1170,0.0009456432100206484,0.0009456432100206484,2,"[2452, 2459]","[6269, 6]"
865,76,291,1171,0.0009450077277052483,0.0009450077277052483,1,[2452],[6334]
866,76,291,1171,0.0009457377277052518,7.300000000035793e-07,1,[2452],[6220]
867,76,291,1172,0.0009456309702158836,0.0009456309702158836,1,[2452],[6266]
868,76,291,1172,0.0009463709702158872,7.400000000036284e-07,1,[2452],[6277]
869,76,291,1172,0.0009484109702158972,2.0400000000100026e-06,1,[2452],[6208]
870,76,291,1173,0.0009469009267616441,0.0009469009267616441,1,[2452],[6265]
871,76,291,1173,0.0009478409267616487,9.40000000004609e-07,1,[2452],[6260]
872,76,291,1173,0.0009489409267616541,1.1000000000053935e-06,1,[2452],[6231]
873,76,291,1174,0.0009492656441045765,0.0009492656441045765,1,[2452],[6308]
874,76,291,1174,0.0009503656441045818,1.1000000000053935e-06,1,[2452],[6221]
875,76,291,1174,0.0009513256441045866,9.60000000004707e-07,1,[2452],[6290]
876,76,291,1174,0.0009522556441045911,9.3000000000456e-07,1,[2452],[6213]
877,76,291,1174,0.0009532156441045958,9.60000000004707e-07,1,[2452],[6278]
878,76,291,1174,0.0009543856441046016,1.1700000000057368e-06,1,[2452],[6222]
879,76,291,1175,0.0009532688213115848,0.0009532688213115848,1,[2452],[6253]
880,76,291,1175,0.00095433882131159,1.0700000000052464e-06,1,[2452],[6270]
881,76,291,1175,0.0009551788213115941,8.400000000041187e-07,1,[2452],[6266]
882,76,292,1155,0.000921901518928707,0.000921901518928707,1,[7],[6275]
883,76,292,1155,0.0009260815189287275,4.1800000000204954e-06,1,[7],[6226]
884,76,292,1156,0.0009216245939327826,0.0009216245939327826,1,[7],[6296]
885,76,292,1156,0.0009223645939327863,7.400000000036284e-07,1,[7],[6234]
886,76,292,1156,0.0009229645939327892,6.000000000029419e-07,1,[7],[6334]
887,76,292,1156,0.000923524593932792,5.600000000027458e-07,1,[7],[6229]
888,76,292,1156,0.000924144593932795,6.2000000000304e-07,1,[7],[6242]
889,76,292,1156,0.0009250045939327992,8.600000000042168e-07,1,[7],[6202]
890,76,292,1169,0.0009448706387586049,0.0009448706387586049,2,"[2452, 2459]","[3639, 2688]"
891,76,292,1169,0.0009454706387586079,6.000000000029419e-07,2,"[2452, 2459]","[4244, 2006]"
892,76,292,1169,0.0009466106387586135,1.1400000000055897e-06,3,"[2452, 2458, 2459]","[4600, 1, 1591]"
893,76,292,1170,0.0009447326429921579,0.0009447326429921579,2,"[2452, 2459]","[6267, 92]"
894,76,292,1170,0.0009452226429921603,4.900000000024026e-07,2,"[2452, 2459]","[6093, 86]"
895,76,292,1170,0.000945772642992163,5.500000000026968e-07,2,"[2452, 2459]","[6124, 117]"
896,76,292,1171,0.000945459115646793,0.000945459115646793,1,[2452],[6269]
897,76,293,1156,0.0009241835494688219,0.0009241835494688219,1,[7],[6315]
898,76,293,1156,0.0009249235494688255,7.400000000036284e-07,1,[7],[6206]
899,76,293,1156,0.0009255235494688284,6.000000000029419e-07,2,"[7, 2449]","[6281, 1]"
900,76,293,1156,0.0009261135494688313,5.900000000028929e-07,1,[7],[6256]
901,76,293,1156,0.0009268235494688348,7.100000000034813e-07,2,"[7, 2449]","[6178, 29]"
902,76,293,1156,0.0009287135494688441,1.890000000009267e-06,2,"[7, 2449]","[5712, 524]"
903,76,293,1157,0.0009256001637511973,0.0009256001637511973,2,"[7, 2449]","[6294, 1]"
904,76,293,1157,0.0009265401637512019,9.40000000004609e-07,2,"[7, 2449]","[6183, 39]"
905,76,293,1157,0.0009274701637512065,9.3000000000456e-07,2,"[7, 2449]","[5803, 481]"
906,76,293,1157,0.0009291701637512148,1.7000000000083355e-06,2,"[7, 2449]","[4498, 1704]"
907,76,293,1167,0.0009475270542558703,0.0009475270542558703,4,"[2452, 2457, 2458, 2459]","[4578, 551, 1118, 5]"
908,76,293,1168,0.0009451181391245126,0.0009451181391245126,4,"[2452, 2457, 2458, 2459]","[4206, 1, 379, 1699]"
909,76,293,1168,0.0009457181391245155,6.000000000029419e-07,4,"[2452, 2457, 2458, 2459]","[4954, 2, 554, 808]"
910,76,293,1168,0.0009465581391245196,8.400000000041187e-07,4,"[2452, 2457, 2458, 2459]","[5029, 3, 726, 392]"
911,76,293,1169,0.0009447354555498649,0.0009447354555498649,3,"[2452, 2458, 2459]","[2968, 1, 3362]"
912,76,293,1169,0.0009452054555498672,4.700000000023045e-07,3,"[2452, 2458, 2459]","[3769, 8, 2489]"
913,76,293,1169,0.0009456554555498694,4.5000000000220645e-07,3,"[2452, 2458, 2459]","[4099, 9, 2124]"
914,76,293,1169,0.0009464154555498731,7.600000000037264e-07,3,"[2452, 2458, 2459]","[4558, 15, 1612]"
915,76,294,1156,0.0009272777331826673,0.0009272777331826673,2,"[7, 2449]","[5989, 289]"
916,76,294,1156,0.0009284877331826732,1.2100000000059329e-06,2,"[7, 2449]","[5190, 1045]"
917,76,294,1157,0.0009270703814093402,0.0009270703814093402,2,"[7, 2449]","[5710, 580]"
918,76,294,1157,0.000927640381409343,5.700000000027948e-07,2,"[7, 2449]","[4831, 1390]"
919,76,294,1157,0.0009280703814093451,4.300000000021084e-07,2,"[7, 2449]","[4790, 1520]"
920,76,294,1157,0.0009284803814093471,4.100000000020103e-07,2,"[7, 2449]","[4976, 1270]"
921,76,294,1157,0.0009289103814093492,4.300000000021084e-07,2,"[7, 2449]","[5375, 867]"
922,76,294,1157,0.0009294603814093519,5.500000000026968e-07,2,"[7, 2449]","[5771, 423]"
923,76,294,1157,0.0009303803814093564,9.20000000004511e-07,2,"[7, 2449]","[6184, 69]"
924,76,294,1166,0.0009461320744772085,0.0009461320744772085,4,"[2452, 2457, 2458, 2521]","[4124, 2158, 7, 3]"
925,76,294,1166,0.0009469720744772126,8.400000000041187e-07,3,"[2452, 2457, 2521]","[4729, 1522, 11]"
926,76,294,1167,0.0009455346012330549,0.0009455346012330549,3,"[2452, 2457, 2458]","[4567, 1200, 553]"
927,76,294,1167,0.0009460246012330573,4.900000000024026e-07,3,"[2452, 2457, 2458]","[4500, 1398, 404]"
928,76,294,1167,0.0009465346012330598,5.100000000025006e-07,3,"[2452, 2457, 2458]","[4367, 1510, 282]"
929,76,294,1168,0.0009458545595979023,0.0009458545595979023,4,"[2452, 2457, 2458, 2459]","[4950, 46, 1247, 50]"
930,76,295,1157,0.0009291190323592024,0.0009291190323592024,2,"[7, 2449]","[6080, 206]"
931,76,295,1157,0.0009297290323592054,6.10000000002991e-07,2,"[7, 2449]","[6283, 12]"
932,76,295,1157,0.0009302090323592077,4.800000000023535e-07,2,"[7, 2449]","[6187, 1]"
933,76,295,1157,0.0009306490323592099,4.400000000021574e-07,1,[7],[6244]
934,76,295,1157,0.0009311090323592122,4.600000000022555e-07,1,[7],[6289]
935,76,295,1157,0.0009316690323592149,5.600000000027458e-07,1,[7],[6207]
936,76,295,1157,0.00093269903235922,1.0300000000050503e-06,1,[7],[6265]
937,76,295,1158,0.0009321518303308259,0.0009321518303308259,2,"[7, 2449]","[6250, 14]"
938,76,295,1164,0.0009472143131149925,0.0009472143131149925,3,"[2452, 2521, 2527]","[6288, 7, 1]"
939,76,295,1165,0.0009466977569588282,0.0009466977569588282,3,"[2452, 2457, 2521]","[6257, 3, 47]"
940,76,295,1165,0.0009473677569588315,6.700000000032852e-07,3,"[2452, 2521, 2524]","[6152, 71, 4]"
941,76,295,1166,0.0009464595890510129,0.0009464595890510129,4,"[2452, 2457, 2521, 2524]","[5785, 525, 11, 1]"
942,76,295,1166,0.0009473195890510171,8.600000000042168e-07,4,"[2452, 2457, 2521, 2524]","[5941, 214, 48, 1]"
943,76,296,1157,0.0009312682193284478,0.0009312682193284478,1,[7],[6262]
944,76,296,1157,0.0009318782193284508,6.10000000002991e-07,1,[7],[6264]
945,76,296,1157,0.0009323382193284531,4.600000000022555e-07,1,[7],[6267]
946,76,296,1157,0.0009327782193284552,4.400000000021574e-07,1,[7],[6278]
947,76,296,1157,0.0009332482193284575,4.700000000023045e-07,1,[7],[6227]
948,76,296,1157,0.0009338482193284605,6.000000000029419e-07,1,[7],[6225]
949,76,296,1158,0.0009326934840583727,0.0009326934840583727,1,[7],[6258]
950,76,296,1158,0.0009342334840583802,1.540000000007551e-06,1,[7],[6256]
951,76,296,1162,0.0009464869558010744,0.0009464869558010744,2,"[2452, 2527]","[6277, 7]"
952,76,296,1163,0.0009463196149085566,0.0009463196149085566,3,"[2452, 2527, 2528]","[6221, 43, 3]"
953,76,296,1163,0.0009469896149085599,6.700000000032852e-07,3,"[2452, 2527, 2528]","[6257, 30, 3]"
954,76,296,1164,0.0009466716977012732,0.0009466716977012732,2,"[2452, 2527]","[6292, 8]"
955,76,296,1164,0.0009475416977012775,8.700000000042658e-07,2,"[2452, 2527]","[6231, 6]"
956,76,297,1157,0.0009333475517986737,0.0009333475517986737,1,[7],[6262]
957,76,297,1157,0.0009339475517986766,6.000000000029419e-07,1,[7],[6260]
958,76,297,1157,0.000934437551798679,4.900000000024026e-07,1,[7],[6284]
959,76,297,1157,0.0009349275517986814,4.900000000024026e-07,1,[7],[6241]
960,76,297,1157,0.0009355275517986843,6.000000000029419e-07,1,[7],[6236]
961,76,297,1157,0.0009367875517986905,1.260000000006178e-06,1,[7],[6220]
962,76,297,1158,0.000933977572755502,0.000933977572755502,1,[7],[6253]
963,76,297,1158,0.0009347575727555058,7.800000000038245e-07,1,[7],[6318]
964,76,297,1158,0.0009355575727555097,8.000000000039226e-07,1,[7],[6235]
965,76,297,1158,0.0009386375727555248,3.080000000015102e-06,1,[7],[6194]
966,76,297,1161,0.0009443383641918775,0.0009443383641918775,1,[2452],[6284]
967,76,297,1161,0.0009451183641918813,7.800000000038245e-07,1,[2452],[6266]
968,76,297,1162,0.0009451799638012547,0.0009451799638012547,1,[2452],[6286]
969,76,297,1162,0.0009458899638012582,7.100000000034813e-07,1,[2452],[6217]
970,76,297,1162,0.0009472399638012648,1.3500000000066193e-06,2,"[2452, 2527]","[6253, 3]"
971,76,297,1163,0.0009474763384109913,0.0009474763384109913,2,"[2452, 2527]","[6238, 18]"
972,76,298,1157,0.0009353941618560553,0.0009353941618560553,1,[7],[6308]
973,76,298,1157,0.0009360741618560587,6.800000000033342e-07,1,[7],[6290]
974,76,298,1157,0.0009366541618560615,5.800000000028439e-07,1,[7],[6243]
975,76,298,1157,0.0009372741618560646,6.2000000000304e-07,1,[7],[6193]
976,76,298,1157,0.00093837416185607,1.1000000000053935e-06,1,[7],[6232]
977,76,298,1158,0.0009355422238878409,0.0009355422238878409,1,[7],[6279]
978,76,298,1158,0.0009361922238878441,6.500000000031871e-07,1,[7],[6320]
979,76,298,1158,0.0009367022238878466,5.100000000025006e-07,1,[7],[6215]
980,76,298,1158,0.000937182223887849,4.800000000023535e-07,1,[7],[6201]
981,76,298,1158,0.0009377122238878516,5.300000000025987e-07,1,[7],[6278]
982,76,298,1158,0.0009384322238878551,7.200000000035303e-07,1,[7],[6257]
983,76,298,1159,0.0009426258078987426,0.0009426258078987426,2,"[7, 2452]","[923, 5358]"
984,76,298,1160,0.0009427523768567391,0.0009427523768567391,2,"[7, 2452]","[1, 6284]"
985,76,298,1160,0.0009435223768567429,7.700000000037755e-07,1,[2452],[6268]
986,76,298,1160,0.0009451423768567508,1.6200000000079432e-06,1,[2452],[6197]
987,76,298,1161,0.0009443336193223521,0.0009443336193223521,1,[2452],[6294]
988,76,299,1157,0.0009377884448559297,0.0009377884448559297,1,[7],[6285]
989,76,299,1157,0.0009388884448559351,1.1000000000053935e-06,1,[7],[6240]
990,76,299,1158,0.0009373142425410184,0.0009373142425410184,1,[7],[6301]
991,76,299,1158,0.0009378342425410209,5.200000000025497e-07,1,[7],[6315]
992,76,299,1158,0.0009381942425410227,3.6000000000176516e-07,1,[7],[6141]
993,76,299,1158,0.0009385042425410242,3.1000000000152e-07,2,"[7, 2452]","[6408, 1]"
994,76,299,1158,0.0009387742425410255,2.7000000000132387e-07,2,"[7, 2452]","[6204, 3]"
995,76,299,1158,0.0009390342425410268,2.6000000000127484e-07,2,"[7, 2452]","[6188, 11]"
996,76,299,1158,0.0009393042425410281,2.7000000000132387e-07,2,"[7, 2452]","[6255, 26]"
997,76,299,1158,0.0009395942425410296,2.9000000000142193e-07,2,"[7, 2452]","[6205, 63]"
998,76,299,1158,0.0009399442425410313,3.500000000017161e-07,2,"[7, 2452]","[6039, 210]"
999,76,299,1158,0.0009404842425410339,5.400000000026477e-07,2,"[7, 2452]","[5426, 796]"
1000,76,299,1158,0.0009416342425410396,1.1500000000056387e-06,2,"[7, 2452]","[2272, 3907]"
1001,76,299,1159,0.0009403015326092311,0.0009403015326092311,2,"[7, 2452]","[5636, 640]"
1002,76,299,1159,0.0009414115326092365,1.1100000000054426e-06,2,"[7, 2452]","[645, 5622]"
1003,76,299,1159,0.00094213153260924,7.200000000035303e-07,2,"[7, 2452]","[16, 6213]"
1004,76,300,1158,0.0009391889995521758,0.0009391889995521758,2,"[7, 2452]","[6276, 13]"
1005,76,300,1158,0.0009398689995521792,6.800000000033342e-07,2,"[7, 2452]","[6079, 162]"
1006,76,300,1158,0.000940858999552184,9.900000000048542e-07,2,"[7, 2452]","[5020, 1208]"
1007,76,300,1159,0.0009428849500551282,0.0009428849500551282,2,"[7, 2452]","[3080, 3171]"
