,event,pixel_x,pixel_y,reset_time,TSLR,nMCParticles,MC_TrackIDs,MC_Weights
0,64,97,978,0.0010216673880883423,0.0010216673880883423,2,"[211, 233]","[6232, 38]"
1,64,104,973,0.0010254102675827201,0.0010254102675827201,1,[206],[6258]
2,64,104,973,0.0010262202675827153,8.099999999951896e-07,1,[206],[6244]
3,64,104,974,0.0010257633695392682,0.0010257633695392682,2,"[206, 207]","[6283, 2]"
4,64,105,973,0.0010250167676944188,0.0010250167676944188,2,"[206, 207]","[6301, 3]"
5,64,105,973,0.0010255667676944155,5.499999999967337e-07,1,[206],[6266]
6,64,105,973,0.0010261367676944121,5.699999999966149e-07,1,[206],[6234]
7,64,105,974,0.0010255229206179541,0.0010255229206179541,2,"[206, 207]","[6266, 3]"
8,64,120,974,0.0010107301828877866,0.0010107301828877866,1,[198],[6287]
9,64,120,974,0.0010120901828877785,1.3599999999919232e-06,1,[198],[6226]
10,64,121,974,0.0010108886229096962,0.0010108886229096962,1,[198],[6251]
11,64,160,981,0.0010516142869285428,0.0010516142869285428,1,[141],[6264]
12,64,161,981,0.0010506758002005875,0.0010506758002005875,1,[141],[6308]
13,64,161,981,0.0010512058002005843,5.299999999968524e-07,1,[141],[6235]
14,64,161,981,0.0010517858002005809,5.799999999965555e-07,3,"[141, 183, 184]","[6280, 2, 1]"
15,64,161,982,0.0010515079149494503,0.0010515079149494503,3,"[141, 183, 184]","[6312, 11, 1]"
16,64,162,981,0.0010515595416539217,0.0010515595416539217,2,"[141, 146]","[6272, 1]"
17,64,162,982,0.0010512028563045446,0.0010512028563045446,4,"[141, 176, 183, 184]","[6272, 3, 8, 2]"
18,64,162,982,0.0010520428563045396,8.399999999950114e-07,4,"[141, 146, 183, 184]","[6257, 2, 13, 2]"
19,64,162,983,0.0010501958994497667,0.0010501958994497667,5,"[141, 175, 176, 188, 189]","[5284, 13, 943, 25, 2]"
20,64,162,983,0.0010510158994497618,8.199999999951302e-07,3,"[141, 176, 188]","[6119, 123, 3]"
21,64,162,983,0.0010521158994497553,1.0999999999934673e-06,2,"[141, 176]","[6236, 24]"
22,64,162,984,0.0010478127511619271,0.0010478127511619271,5,"[141, 175, 176, 188, 192]","[4302, 1904, 65, 1, 7]"
23,64,162,984,0.0010485927511619225,7.799999999953677e-07,5,"[141, 175, 176, 188, 192]","[4819, 831, 582, 9, 1]"
24,64,162,984,0.0010492427511619186,6.499999999961398e-07,5,"[141, 175, 176, 188, 189]","[4734, 198, 1292, 15, 3]"
25,64,162,984,0.0010499427511619145,6.999999999958428e-07,5,"[141, 175, 176, 188, 189]","[4703, 19, 1546, 16, 2]"
26,64,162,984,0.0010513027511619064,1.3599999999919232e-06,4,"[141, 176, 188, 189]","[5211, 979, 14, 2]"
27,64,162,985,0.0010458270946807388,0.0010458270946807388,3,"[141, 175, 192]","[6168, 54, 38]"
28,64,162,985,0.0010466770946807337,8.49999999994952e-07,3,"[141, 175, 192]","[5498, 759, 62]"
29,64,162,985,0.00104730709468073,6.299999999962586e-07,4,"[141, 175, 176, 192]","[4473, 1680, 1, 24]"
30,64,162,985,0.0010479570946807261,6.499999999961398e-07,4,"[141, 175, 176, 192]","[4071, 2191, 13, 15]"
31,64,162,985,0.0010491970946807188,1.2399999999926359e-06,5,"[141, 175, 176, 188, 189]","[4328, 1727, 162, 5, 1]"
32,64,162,986,0.0010445711945522194,0.0010445711945522194,1,[141],[6278]
33,64,162,986,0.0010458411945522118,1.2699999999924577e-06,4,"[141, 175, 192, 193]","[6203, 4, 24, 1]"
34,64,163,985,0.0010478856073225756,0.0010478856073225756,4,"[141, 142, 175, 176]","[5604, 280, 365, 4]"
35,64,163,986,0.0010429739274363794,0.0010429739274363794,2,"[141, 142]","[5905, 385]"
36,64,163,986,0.0010438339274363743,8.599999999948926e-07,2,"[141, 142]","[5902, 381]"
37,64,163,986,0.0010448039274363686,9.699999999942394e-07,2,"[141, 142]","[5692, 492]"
38,64,163,987,0.001042412032432461,0.001042412032432461,2,"[141, 142]","[6038, 221]"
39,64,163,987,0.001043592032432454,1.1799999999929922e-06,2,"[141, 142]","[6047, 220]"
40,64,164,985,0.0010454815106361174,0.0010454815106361174,2,"[141, 142]","[77, 6198]"
41,64,164,986,0.0010422694636846844,0.0010422694636846844,2,"[141, 142]","[1810, 4478]"
42,64,164,986,0.0010431994636846788,9.299999999944769e-07,2,"[141, 142]","[1440, 4799]"
43,64,164,986,0.0010441194636846734,9.199999999945363e-07,2,"[141, 142]","[591, 5662]"
44,64,164,986,0.0010449094636846687,7.899999999953083e-07,2,"[141, 142]","[144, 6136]"
45,64,164,986,0.0010459094636846627,9.999999999940612e-07,2,"[141, 142]","[45, 6181]"
46,64,164,987,0.0010408235938264233,0.0010408235938264233,2,"[141, 142]","[3671, 2599]"
47,64,164,987,0.0010413635938264201,5.39999999996793e-07,2,"[141, 142]","[3927, 2387]"
48,64,164,987,0.0010418135938264174,4.4999999999732754e-07,2,"[141, 142]","[4004, 2253]"
49,64,164,987,0.0010422935938264146,4.799999999971494e-07,2,"[141, 142]","[3930, 2295]"
50,64,164,987,0.0010430135938264103,7.199999999957241e-07,2,"[141, 142]","[3662, 2582]"
51,64,164,988,0.0010411319790209757,0.0010411319790209757,2,"[141, 142]","[4627, 1660]"
52,64,165,986,0.0010441528175239904,0.0010441528175239904,2,"[141, 142]","[191, 6080]"
53,64,165,987,0.0010403276690997105,0.0010403276690997105,2,"[141, 142]","[2344, 3912]"
54,64,165,987,0.0010409676690997067,6.399999999961992e-07,2,"[141, 142]","[2139, 4174]"
55,64,165,987,0.0010416176690997028,6.499999999961398e-07,2,"[141, 142]","[1880, 4307]"
56,64,165,987,0.0010441476690996878,2.529999999984975e-06,2,"[141, 142]","[1440, 4807]"
57,64,165,988,0.0010396422159741664,0.0010396422159741664,2,"[141, 142]","[3223, 3121]"
58,64,165,988,0.0010401322159741635,4.8999999999709e-07,2,"[141, 142]","[3122, 3121]"
59,64,165,988,0.0010405722159741609,4.399999999973869e-07,2,"[141, 142]","[3165, 3100]"
60,64,165,988,0.0010411322159741576,5.599999999966743e-07,2,"[141, 142]","[3243, 2963]"
61,64,166,988,0.0010412455132917217,0.0010412455132917217,2,"[141, 142]","[2757, 3497]"
62,64,217,964,0.000981888719599166,0.000981888719599166,2,"[169, 170]","[6265, 2]"
63,64,232,1019,0.0009219057625219771,0.0009219057625219771,5,"[22, 62, 63, 66, 67]","[6200, 13, 2, 105, 1]"
64,64,232,1019,0.0009225857625219804,6.800000000033342e-07,4,"[22, 62, 63, 66]","[6202, 15, 2, 8]"
65,64,232,1019,0.0009233457625219841,7.600000000037264e-07,4,"[22, 62, 63, 66]","[6239, 8, 2, 3]"
66,64,232,1019,0.000924125762521988,7.800000000038245e-07,2,"[22, 62]","[6274, 1]"
67,64,232,1019,0.0009249357625219919,8.100000000039716e-07,1,[22],[6223]
68,64,232,1020,0.000923719188077929,0.000923719188077929,4,"[22, 62, 63, 66]","[6233, 6, 2, 10]"
69,64,233,1019,0.0009225295172394563,0.0009225295172394563,5,"[22, 62, 63, 66, 67]","[6064, 4, 1, 223, 5]"
70,64,233,1019,0.0009231695172394594,6.400000000031381e-07,4,"[22, 62, 63, 66]","[6210, 3, 1, 4]"
71,64,233,1019,0.0009237895172394625,6.2000000000304e-07,1,[22],[6280]
72,64,233,1019,0.0009245995172394664,8.100000000039716e-07,1,[22],[6241]
73,64,233,1020,0.0009239978531528147,0.0009239978531528147,4,"[22, 62, 63, 66]","[6220, 2, 1, 30]"
74,64,234,1019,0.0009225183559192476,0.0009225183559192476,3,"[22, 66, 67]","[6256, 14, 1]"
75,64,234,1019,0.0009231683559192508,6.500000000031871e-07,1,[22],[6270]
76,64,235,1018,0.0009228385762032121,0.0009228385762032121,1,[22],[6252]
77,64,235,1018,0.0009236885762032163,8.500000000041677e-07,1,[22],[6319]
78,64,235,1019,0.000922867775053399,0.000922867775053399,1,[22],[6284]
79,64,236,1018,0.0009232731264862668,0.0009232731264862668,1,[22],[6337]
80,64,236,1018,0.00092391312648627,6.400000000031381e-07,1,[22],[6231]
81,64,236,1018,0.0009250831264862757,1.1700000000057368e-06,1,[22],[6183]
82,64,236,1019,0.0009248196181249589,0.0009248196181249589,1,[22],[6258]
83,64,237,1018,0.0009242962551451866,0.0009242962551451866,2,"[22, 70]","[6289, 1]"
84,64,237,1018,0.0009256762551451933,1.3800000000067664e-06,2,"[22, 70]","[6218, 2]"
85,64,237,1019,0.0009246695940949105,0.0009246695940949105,3,"[22, 70, 71]","[6273, 5, 3]"
86,64,238,1019,0.0009246221538584681,0.0009246221538584681,4,"[22, 70, 71, 107]","[6329, 6, 2, 2]"
87,64,238,1019,0.000925202153858471,5.800000000028439e-07,5,"[22, 70, 71, 107, 108]","[6205, 6, 2, 2, 1]"
88,64,238,1019,0.0009262921538584763,1.0900000000053445e-06,5,"[22, 70, 71, 107, 108]","[6195, 1, 2, 3, 1]"
89,64,238,1020,0.0009253615487448151,0.0009253615487448151,4,"[22, 70, 107, 108]","[6290, 1, 6, 4]"
90,64,239,1019,0.0009263757073797797,0.0009263757073797797,4,"[22, 70, 107, 108]","[6242, 1, 6, 1]"
91,64,239,1020,0.0009244311464157101,0.0009244311464157101,2,"[22, 107]","[6268, 2]"
92,64,239,1020,0.0009249811464157128,5.500000000026968e-07,4,"[22, 70, 107, 108]","[6326, 1, 3, 1]"
93,64,239,1020,0.0009257211464157165,7.400000000036284e-07,2,"[22, 107]","[6189, 2]"
94,64,240,1020,0.0009250046951050928,0.0009250046951050928,2,"[22, 111]","[6247, 12]"
95,64,240,1021,0.000924333817884997,0.000924333817884997,3,"[22, 111, 112]","[6238, 68, 1]"
96,64,240,1021,0.0009250738178850006,7.400000000036284e-07,3,"[22, 111, 112]","[6169, 58, 2]"
97,64,241,1021,0.0009241128636478862,0.0009241128636478862,3,"[22, 111, 112]","[6194, 83, 3]"
98,64,241,1021,0.0009248228636478897,7.100000000034813e-07,3,"[22, 111, 112]","[6174, 91, 2]"
99,64,241,1022,0.0009250070290873454,0.0009250070290873454,2,"[22, 111]","[6245, 24]"
100,64,242,1021,0.000924366859578128,0.000924366859578128,2,"[22, 111]","[6280, 4]"
101,64,242,1022,0.0009234288030478529,0.0009234288030478529,1,[22],[6309]
102,64,242,1022,0.0009241588030478565,7.300000000035793e-07,1,[22],[6271]
103,64,243,1022,0.0009223221492296404,0.0009223221492296404,2,"[22, 29]","[6256, 7]"
104,64,243,1022,0.0009229421492296435,6.2000000000304e-07,1,[22],[6251]
105,64,243,1022,0.0009236421492296469,7.000000000034323e-07,1,[22],[6268]
106,64,244,1022,0.0009213069399070412,0.0009213069399070412,2,"[22, 29]","[5070, 1226]"
107,64,244,1022,0.0009219569399070444,6.500000000031871e-07,2,"[22, 29]","[5846, 429]"
108,64,244,1022,0.000922696939907048,7.400000000036284e-07,2,"[22, 29]","[6078, 137]"
109,64,244,1023,0.0009221974959794318,0.0009221974959794318,2,"[22, 29]","[5355, 898]"
110,64,245,1022,0.0009206008060752694,0.0009206008060752694,3,"[22, 29, 196]","[4733, 972, 577]"
111,64,245,1022,0.0009214308060752735,8.300000000040697e-07,2,"[22, 29]","[4740, 1514]"
112,64,245,1023,0.0009206037785297564,0.0009206037785297564,3,"[22, 29, 196]","[5727, 504, 66]"
113,64,245,1023,0.0009218937785297627,1.2900000000063251e-06,2,"[22, 29]","[5112, 1099]"
114,64,246,1022,0.0009182224318369535,0.0009182224318369535,2,"[22, 196]","[532, 5803]"
115,64,246,1022,0.0009186924318369558,4.700000000023045e-07,2,"[22, 196]","[744, 5463]"
116,64,246,1022,0.0009191624318369581,4.700000000023045e-07,2,"[22, 196]","[1120, 5194]"
117,64,246,1022,0.0009198524318369615,6.900000000033832e-07,3,"[22, 29, 196]","[1975, 4, 4198]"
118,64,246,1023,0.0009183781448340055,0.0009183781448340055,2,"[22, 196]","[3924, 2409]"
119,64,246,1023,0.0009189381448340083,5.600000000027458e-07,2,"[22, 196]","[3994, 2224]"
120,64,246,1023,0.0009194681448340109,5.300000000025987e-07,3,"[22, 29, 196]","[4361, 1, 1863]"
121,64,246,1023,0.0009202481448340147,7.800000000038245e-07,3,"[22, 29, 196]","[4962, 9, 1300]"
122,64,247,1022,0.0009184234065375422,0.0009184234065375422,2,"[22, 196]","[973, 5355]"
123,64,247,1022,0.0009191234065375456,7.000000000034323e-07,2,"[22, 196]","[534, 5663]"
124,64,247,1023,0.0009172168511453711,0.0009172168511453711,2,"[22, 196]","[5243, 1074]"
125,64,247,1023,0.0009177668511453738,5.500000000026968e-07,2,"[22, 196]","[4015, 2237]"
126,64,247,1023,0.0009181768511453758,4.100000000020103e-07,2,"[22, 196]","[3300, 2991]"
127,64,247,1023,0.0009185568511453777,3.800000000018632e-07,2,"[22, 196]","[2739, 3501]"
128,64,247,1023,0.0009189568511453796,4.000000000019613e-07,2,"[22, 196]","[2180, 3988]"
129,64,247,1023,0.0009195368511453825,5.800000000028439e-07,2,"[22, 196]","[1937, 4348]"
130,64,247,1024,0.0009187092175478515,0.0009187092175478515,2,"[22, 196]","[4793, 1459]"
131,64,248,1023,0.0009161464364096125,0.0009161464364096125,3,"[6, 22, 196]","[91, 6163, 7]"
132,64,248,1023,0.0009174964364096191,1.3500000000066193e-06,2,"[22, 196]","[6004, 247]"
133,64,248,1024,0.0009150804764678304,0.0009150804764678304,2,"[6, 22]","[2302, 3966]"
134,64,248,1024,0.0009163304764678366,1.250000000006129e-06,2,"[22, 196]","[6270, 3]"
135,64,248,1025,0.0009134460021395727,0.0009134460021395727,2,"[6, 22]","[6243, 14]"
136,64,248,1026,0.0009123979771353342,0.0009123979771353342,1,[6],[6269]
137,64,248,1026,0.000913977977135342,1.580000000007747e-06,1,[6],[6232]
138,64,248,1027,0.0009120513282699189,0.0009120513282699189,1,[6],[6320]
139,64,248,1027,0.0009126613282699219,6.10000000002991e-07,1,[6],[6192]
140,64,248,1028,0.0009119901140731012,0.0009119901140731012,2,"[6, 19]","[6211, 58]"
141,64,248,1028,0.0009125101140731038,5.200000000025497e-07,2,"[6, 19]","[6203, 71]"
142,64,248,1028,0.000913170114073107,6.600000000032361e-07,2,"[6, 19]","[6133, 105]"
143,64,248,1029,0.0009121775907006238,0.0009121775907006238,2,"[6, 19]","[5440, 937]"
144,64,248,1029,0.000912617590700626,4.400000000021574e-07,2,"[6, 19]","[5364, 905]"
145,64,248,1029,0.0009130075907006279,3.9000000000191225e-07,2,"[6, 19]","[5313, 791]"
146,64,248,1029,0.0009135975907006308,5.900000000028929e-07,2,"[6, 19]","[5600, 683]"
147,64,248,1030,0.0009126452729058395,0.0009126452729058395,2,"[6, 19]","[5903, 348]"
148,64,248,1030,0.0009131252729058419,4.800000000023535e-07,2,"[6, 19]","[6188, 198]"
149,64,248,1030,0.0009136052729058442,4.800000000023535e-07,2,"[6, 19]","[6124, 92]"
150,64,248,1030,0.00091477527290585,1.1700000000057368e-06,2,"[6, 19]","[6113, 47]"
151,64,248,1031,0.0009131910190583012,0.0009131910190583012,1,[6],[6336]
152,64,248,1031,0.0009137310190583039,5.400000000026477e-07,1,[6],[6174]
153,64,248,1031,0.0009144310190583073,7.000000000034323e-07,1,[6],[6275]
154,64,248,1032,0.0009136917945012394,0.0009136917945012394,1,[6],[6279]
155,64,248,1032,0.0009144017945012429,7.100000000034813e-07,1,[6],[6294]
156,64,248,1033,0.0009145208000510775,0.0009145208000510775,1,[6],[6256]
157,64,249,1023,0.0009162807183766699,0.0009162807183766699,2,"[6, 22]","[1681, 4570]"
158,64,249,1024,0.0009114749756070296,0.0009114749756070296,2,"[6, 22]","[6353, 2]"
159,64,249,1024,0.0009118549756070315,3.800000000018632e-07,2,"[6, 22]","[6266, 6]"
160,64,249,1024,0.000912164975607033,3.1000000000152e-07,2,"[6, 22]","[6281, 27]"
161,64,249,1024,0.0009124749756070345,3.1000000000152e-07,2,"[6, 22]","[6013, 76]"
162,64,249,1024,0.0009128749756070365,4.000000000019613e-07,2,"[6, 22]","[5981, 318]"
163,64,249,1024,0.0009135449756070398,6.700000000032852e-07,2,"[6, 22]","[4343, 1850]"
164,64,249,1024,0.0009144949756070444,9.500000000046581e-07,2,"[6, 22]","[685, 5598]"
165,64,249,1024,0.0009158549756070511,1.3600000000066684e-06,2,"[6, 22]","[15, 6203]"
166,64,249,1025,0.0009115256347582074,0.0009115256347582074,1,[6],[6324]
167,64,249,1025,0.000911845634758209,3.2000000000156903e-07,2,"[6, 22]","[6238, 1]"
168,64,249,1025,0.0009120856347582102,2.4000000000117677e-07,2,"[6, 22]","[6296, 2]"
169,64,249,1025,0.0009122956347582112,2.1000000000102968e-07,2,"[6, 22]","[6288, 3]"
170,64,249,1025,0.0009124956347582122,2.0000000000098064e-07,2,"[6, 22]","[6274, 7]"
171,64,249,1025,0.0009127256347582133,2.3000000000112774e-07,2,"[6, 22]","[6314, 9]"
172,64,249,1025,0.0009129856347582146,2.6000000000127484e-07,2,"[6, 22]","[5969, 26]"
173,64,249,1025,0.0009134256347582167,4.400000000021574e-07,2,"[6, 22]","[6212, 89]"
174,64,249,1026,0.0009116850942158933,0.0009116850942158933,1,[6],[6303]
175,64,249,1026,0.000912035094215895,3.500000000017161e-07,1,[6],[6397]
176,64,249,1026,0.0009122950942158963,2.6000000000127484e-07,1,[6],[6283]
177,64,249,1026,0.0009125350942158975,2.4000000000117677e-07,1,[6],[6146]
178,64,249,1026,0.0009127950942158987,2.6000000000127484e-07,1,[6],[6212]
179,64,249,1026,0.0009131250942159004,3.3000000000161806e-07,1,[6],[6232]
180,64,249,1026,0.0009139650942159045,8.400000000041187e-07,1,[6],[6181]
181,64,249,1027,0.0009116929732939719,0.0009116929732939719,1,[6],[6271]
182,64,249,1027,0.0009120729732939737,3.800000000018632e-07,1,[6],[6336]
183,64,249,1027,0.0009123829732939752,3.1000000000152e-07,1,[6],[6266]
184,64,249,1027,0.0009127129732939769,3.3000000000161806e-07,1,[6],[6209]
185,64,249,1027,0.0009131929732939792,4.800000000023535e-07,1,[6],[6204]
186,64,249,1028,0.000911885678832842,0.000911885678832842,2,"[6, 19]","[6252, 32]"
187,64,249,1028,0.0009123456788328443,4.600000000022555e-07,2,"[6, 19]","[6236, 38]"
188,64,249,1028,0.0009128156788328466,4.700000000023045e-07,2,"[6, 19]","[6247, 50]"
189,64,249,1028,0.0009144756788328547,1.6600000000081393e-06,2,"[6, 19]","[6076, 71]"
190,64,249,1029,0.0009123084560961815,0.0009123084560961815,2,"[6, 19]","[5418, 848]"
191,64,249,1029,0.0009128684560961842,5.600000000027458e-07,2,"[6, 19]","[5516, 811]"
192,64,249,1029,0.0009136284560961879,7.600000000037264e-07,2,"[6, 19]","[5477, 683]"
193,64,249,1030,0.0009128619689546118,0.0009128619689546118,2,"[6, 19]","[5962, 311]"
194,64,249,1030,0.0009134919689546149,6.30000000003089e-07,2,"[6, 19]","[6157, 126]"
195,64,249,1031,0.0009132051058636904,0.0009132051058636904,2,"[6, 19]","[6328, 1]"
196,64,249,1031,0.000913745105863693,5.400000000026477e-07,1,[6],[6186]
197,64,249,1031,0.0009144251058636963,6.800000000033342e-07,1,[6],[6262]
198,64,249,1032,0.0009134786594252327,0.0009134786594252327,1,[6],[6253]
199,64,249,1032,0.000913928659425235,4.5000000000220645e-07,1,[6],[6285]
200,64,249,1032,0.0009143886594252372,4.600000000022555e-07,1,[6],[6276]
201,64,249,1032,0.0009153386594252419,9.500000000046581e-07,1,[6],[6193]
202,64,249,1033,0.0009137595029106721,0.0009137595029106721,1,[6],[6344]
203,64,249,1033,0.0009141895029106742,4.300000000021084e-07,1,[6],[6329]
204,64,249,1033,0.0009145795029106761,3.9000000000191225e-07,1,[6],[6140]
205,64,249,1033,0.0009151195029106787,5.400000000026477e-07,1,[6],[6225]
206,64,249,1034,0.0009140217144232095,0.0009140217144232095,1,[6],[6357]
207,64,249,1034,0.0009144317144232115,4.100000000020103e-07,1,[6],[6170]
208,64,249,1034,0.0009148017144232133,3.700000000018142e-07,1,[6],[6236]
209,64,249,1034,0.0009152517144232155,4.5000000000220645e-07,1,[6],[6254]
210,64,249,1035,0.0009143056724041858,0.0009143056724041858,1,[6],[6311]
211,64,249,1035,0.000914755672404188,4.5000000000220645e-07,1,[6],[6238]
212,64,249,1035,0.0009151956724041902,4.400000000021574e-07,1,[6],[6285]
213,64,249,1035,0.0009159456724041939,7.500000000036774e-07,1,[6],[6182]
214,64,249,1036,0.0009147492936438743,0.0009147492936438743,1,[6],[6324]
215,64,249,1036,0.0009153892936438774,6.400000000031381e-07,1,[6],[6255]
216,64,249,1037,0.0009154855284904481,0.0009154855284904481,1,[6],[6273]
217,64,250,1024,0.0009124900843789522,0.0009124900843789522,2,"[6, 22]","[6230, 37]"
218,64,250,1025,0.0009129951921085862,0.0009129951921085862,2,"[6, 22]","[6250, 12]"
219,64,250,1035,0.0009150773719765687,0.0009150773719765687,1,[6],[6278]
220,64,250,1036,0.000914792731357482,0.000914792731357482,1,[6],[6287]
221,64,250,1036,0.0009154527313574852,6.600000000032361e-07,1,[6],[6283]
222,64,250,1037,0.0009147888917798436,0.0009147888917798436,1,[6],[6367]
223,64,250,1037,0.0009152688917798459,4.800000000023535e-07,1,[6],[6286]
224,64,250,1037,0.0009157588917798483,4.900000000024026e-07,1,[6],[6105]
225,64,250,1038,0.0009148789178151551,0.0009148789178151551,1,[6],[6268]
226,64,250,1038,0.0009153189178151572,4.400000000021574e-07,1,[6],[6347]
227,64,250,1038,0.0009157189178151592,4.000000000019613e-07,1,[6],[6228]
228,64,250,1038,0.000916288917815162,5.700000000027948e-07,1,[6],[6235]
229,64,250,1039,0.0009150904575597259,0.0009150904575597259,1,[6],[6262]
230,64,250,1039,0.0009155404575597281,4.5000000000220645e-07,1,[6],[6368]
231,64,250,1039,0.0009159704575597302,4.300000000021084e-07,1,[6],[6181]
232,64,250,1039,0.0009167204575597339,7.500000000036774e-07,1,[6],[6209]
233,64,250,1040,0.0009154539228208689,0.0009154539228208689,1,[6],[6306]
234,64,250,1040,0.0009160039228208716,5.500000000026968e-07,1,[6],[6263]
235,64,250,1040,0.0009167639228208753,7.600000000037264e-07,1,[6],[6228]
236,64,250,1041,0.0009160192127147181,0.0009160192127147181,1,[6],[6311]
237,64,250,1041,0.0009175592127147257,1.540000000007551e-06,1,[6],[6198]
238,64,251,1039,0.0009160240770221346,0.0009160240770221346,1,[6],[6263]
239,64,251,1040,0.0009156602408178083,0.0009156602408178083,1,[6],[6316]
240,64,251,1040,0.0009164002408178119,7.400000000036284e-07,1,[6],[6236]
241,64,251,1041,0.0009156888211376662,0.0009156888211376662,1,[6],[6347]
242,64,251,1041,0.0009161988211376687,5.100000000025006e-07,1,[6],[6169]
243,64,251,1041,0.0009168188211376718,6.2000000000304e-07,1,[6],[6273]
244,64,251,1042,0.0009158087996698494,0.0009158087996698494,1,[6],[6372]
245,64,251,1042,0.0009162687996698516,4.600000000022555e-07,1,[6],[6222]
246,64,251,1042,0.0009167387996698539,4.700000000023045e-07,1,[6],[6239]
247,64,251,1043,0.0009159882197139682,0.0009159882197139682,1,[6],[6355]
248,64,251,1043,0.0009164582197139705,4.700000000023045e-07,1,[6],[6272]
249,64,251,1043,0.0009169482197139729,4.900000000024026e-07,1,[6],[6185]
250,64,251,1044,0.0009162480754034045,0.0009162480754034045,1,[6],[6269]
251,64,251,1044,0.0009168080754034072,5.600000000027458e-07,1,[6],[6255]
252,64,251,1044,0.0009177980754034121,9.900000000048542e-07,1,[6],[6248]
253,64,251,1045,0.0009166926142628536,0.0009166926142628536,1,[6],[6278]
254,64,251,1045,0.0009184626142628622,1.7700000000086787e-06,1,[6],[6222]
255,64,251,1046,0.0009180802499273498,0.0009180802499273498,1,[6],[6255]
256,64,252,1044,0.0009167768975702013,0.0009167768975702013,1,[6],[6269]
257,64,252,1045,0.0009165253939606724,0.0009165253939606724,1,[6],[6284]
258,64,252,1045,0.0009172053939606758,6.800000000033342e-07,1,[6],[6291]
259,64,252,1046,0.0009165401195684424,0.0009165401195684424,1,[6],[6268]
260,64,252,1046,0.0009170601195684449,5.200000000025497e-07,1,[6],[6328]
261,64,252,1046,0.000917690119568448,6.30000000003089e-07,1,[6],[6190]
262,64,252,1047,0.0009167685418681287,0.0009167685418681287,1,[6],[6310]
263,64,252,1047,0.000917248541868131,4.800000000023535e-07,1,[6],[6258]
264,64,252,1047,0.0009177785418681336,5.300000000025987e-07,1,[6],[6229]
265,64,252,1048,0.00091705234092887,0.00091705234092887,1,[6],[6347]
266,64,252,1048,0.0009175823409288726,5.300000000025987e-07,1,[6],[6204]
267,64,252,1048,0.0009182623409288759,6.800000000033342e-07,1,[6],[6229]
268,64,252,1049,0.0009175279132730243,0.0009175279132730243,1,[6],[6309]
269,64,252,1049,0.0009182679132730279,7.400000000036284e-07,1,[6],[6243]
270,64,252,1050,0.0009184375708177268,0.0009184375708177268,1,[6],[6285]
271,64,253,1048,0.0009179469773905629,0.0009179469773905629,1,[6],[6276]
272,64,253,1049,0.0009175944824043491,0.0009175944824043491,1,[6],[6270]
273,64,253,1049,0.0009183444824043528,7.500000000036774e-07,1,[6],[6258]
274,64,253,1050,0.0009176634352049912,0.0009176634352049912,1,[6],[6254]
275,64,253,1050,0.0009181834352049937,5.200000000025497e-07,1,[6],[6251]
276,64,253,1050,0.0009188334352049969,6.500000000031871e-07,1,[6],[6262]
277,64,253,1051,0.0009178752011577333,0.0009178752011577333,1,[6],[6290]
278,64,253,1051,0.0009183652011577357,4.900000000024026e-07,1,[6],[6211]
279,64,253,1051,0.0009188952011577383,5.300000000025987e-07,1,[6],[6262]
280,64,253,1052,0.0009181979621378983,0.0009181979621378983,1,[6],[6335]
281,64,253,1052,0.000918747962137901,5.500000000026968e-07,1,[6],[6215]
282,64,253,1052,0.0009195079621379047,7.600000000037264e-07,1,[6],[6231]
283,64,253,1053,0.0009187023512806781,0.0009187023512806781,1,[6],[6330]
284,64,253,1053,0.0009197323512806832,1.0300000000050503e-06,1,[6],[6188]
285,64,253,1054,0.0009197522311116346,0.0009197522311116346,1,[6],[6259]
286,64,254,1052,0.0009190252044674565,0.0009190252044674565,1,[6],[6279]
287,64,254,1053,0.0009186790421081197,0.0009186790421081197,1,[6],[6252]
288,64,254,1053,0.0009194890421081236,8.100000000039716e-07,1,[6],[6307]
289,64,254,1054,0.0009186589592037999,0.0009186589592037999,1,[6],[6284]
290,64,254,1054,0.0009191789592038024,5.200000000025497e-07,1,[6],[6240]
291,64,254,1054,0.0009198289592038056,6.500000000031871e-07,1,[6],[6250]
292,64,254,1055,0.0009188172790142206,0.0009188172790142206,1,[6],[6288]
293,64,254,1055,0.0009192872790142229,4.700000000023045e-07,1,[6],[6231]
294,64,254,1055,0.0009198072790142255,5.200000000025497e-07,1,[6],[6302]
295,64,254,1056,0.0009190772708407175,0.0009190772708407175,1,[6],[6313]
296,64,254,1056,0.0009196172708407201,5.400000000026477e-07,1,[6],[6203]
297,64,254,1056,0.0009204172708407241,8.000000000039226e-07,1,[6],[6258]
298,64,254,1057,0.0009195845601946543,0.0009195845601946543,1,[6],[6327]
299,64,254,1057,0.0009207245601946599,1.1400000000055897e-06,1,[6],[6188]
300,64,255,1056,0.0009199678946962237,0.0009199678946962237,1,[6],[6280]
301,64,255,1057,0.0009195073199345272,0.0009195073199345272,1,[6],[6283]
302,64,255,1057,0.0009202673199345309,7.600000000037264e-07,1,[6],[6253]
303,64,255,1058,0.0009195382477360011,0.0009195382477360011,1,[6],[6344]
304,64,255,1058,0.0009200582477360037,5.200000000025497e-07,1,[6],[6279]
305,64,255,1058,0.0009206582477360066,6.000000000029419e-07,1,[6],[6178]
306,64,255,1059,0.0009197821111260775,0.0009197821111260775,1,[6],[6287]
307,64,255,1059,0.00092030211112608,5.200000000025497e-07,1,[6],[6312]
308,64,255,1059,0.0009209221111260831,6.2000000000304e-07,1,[6],[6201]
309,64,255,1060,0.0009202825862878416,0.0009202825862878416,1,[6],[6260]
310,64,255,1060,0.0009211925862878461,9.100000000044619e-07,1,[6],[6286]
311,64,256,1059,0.0009216588875429374,0.0009216588875429374,1,[6],[6250]
312,64,256,1060,0.0009203883645927572,0.0009203883645927572,1,[6],[6311]
313,64,256,1060,0.0009214283645927623,1.0400000000050993e-06,1,[6],[6195]
314,64,256,1061,0.0009202990549215663,0.0009202990549215663,1,[6],[6331]
315,64,256,1061,0.0009208390549215689,5.400000000026477e-07,1,[6],[6226]
316,64,256,1061,0.0009215790549215726,7.400000000036284e-07,1,[6],[6210]
317,64,256,1062,0.000920582742940361,0.000920582742940361,1,[6],[6311]
318,64,256,1062,0.0009212627429403643,6.800000000033342e-07,1,[6],[6200]
319,64,256,1063,0.0009222584734154713,0.0009222584734154713,1,[6],[6256]
320,64,257,1062,0.0009209928314274467,0.0009209928314274467,1,[6],[6298]
321,64,257,1063,0.0009206857420602351,0.0009206857420602351,1,[6],[6266]
322,64,257,1063,0.0009212557420602379,5.700000000027948e-07,1,[6],[6323]
323,64,257,1063,0.0009221857420602424,9.3000000000456e-07,1,[6],[6180]
324,64,257,1064,0.0009208942273749354,0.0009208942273749354,1,[6],[6336]
325,64,257,1064,0.0009215142273749384,6.2000000000304e-07,1,[6],[6233]
326,64,257,1065,0.0009218232480918488,0.0009218232480918488,1,[6],[6268]
327,64,258,1064,0.0009215557008122986,0.0009215557008122986,1,[6],[6280]
328,64,258,1065,0.0009210314748939754,0.0009210314748939754,1,[6],[6361]
329,64,258,1065,0.0009215814748939781,5.500000000026968e-07,1,[6],[6209]
330,64,258,1065,0.0009224614748939824,8.800000000043148e-07,1,[6],[6188]
331,64,258,1066,0.000921160643229135,0.000921160643229135,1,[6],[6370]
332,64,258,1066,0.0009217306432291378,5.700000000027948e-07,1,[6],[6211]
333,64,258,1066,0.0009227806432291429,1.0500000000051484e-06,1,[6],[6172]
334,64,258,1067,0.0009220927056806123,0.0009220927056806123,1,[6],[6254]
335,64,259,1066,0.0009218859886741114,0.0009218859886741114,1,[6],[6285]
336,64,259,1067,0.0009213409222402843,0.0009213409222402843,1,[6],[6325]
337,64,259,1067,0.000921890922240287,5.500000000026968e-07,1,[6],[6175]
338,64,259,1067,0.0009228009222402915,9.100000000044619e-07,1,[6],[6278]
339,64,259,1068,0.0009214826395566979,0.0009214826395566979,1,[6],[6310]
340,64,259,1068,0.0009220626395567008,5.800000000028439e-07,1,[6],[6221]
341,64,259,1068,0.0009233726395567072,1.3100000000064232e-06,1,[6],[6228]
342,64,259,1069,0.0009221139497778867,0.0009221139497778867,1,[6],[6265]
343,64,260,1068,0.0009223559391503636,0.0009223559391503636,1,[6],[6267]
344,64,260,1069,0.0009216668746133492,0.0009216668746133492,1,[6],[6297]
345,64,260,1069,0.0009222668746133522,6.000000000029419e-07,1,[6],[6226]
346,64,260,1070,0.0009216632125199262,0.0009216632125199262,1,[6],[6268]
347,64,260,1070,0.0009221832125199288,5.200000000025497e-07,1,[6],[6303]
348,64,260,1070,0.0009227932125199318,6.10000000002991e-07,1,[6],[6227]
349,64,260,1071,0.000922058660492105,0.000922058660492105,1,[6],[6291]
350,64,260,1071,0.0009228986604921092,8.400000000041187e-07,1,[6],[6226]
351,64,261,1071,0.000922115102396245,0.000922115102396245,1,[6],[6285]
352,64,261,1071,0.0009230751023962497,9.60000000004707e-07,1,[6],[6215]
353,64,261,1072,0.00092195140748829,0.00092195140748829,1,[6],[6281]
354,64,261,1072,0.0009224714074882926,5.200000000025497e-07,1,[6],[6275]
355,64,261,1072,0.0009231214074882958,6.500000000031871e-07,1,[6],[6210]
356,64,261,1073,0.0009221447161877538,0.0009221447161877538,1,[6],[6294]
357,64,261,1073,0.0009227347161877567,5.900000000028929e-07,1,[6],[6303]
358,64,261,1074,0.0009225329700886931,0.0009225329700886931,1,[6],[6255]
359,64,261,1074,0.0009240229700887004,1.4900000000073058e-06,1,[6],[6251]
360,64,262,1073,0.0009231239707592056,0.0009231239707592056,1,[6],[6263]
361,64,262,1074,0.0009224728527647485,0.0009224728527647485,1,[6],[6329]
362,64,262,1074,0.0009233628527647529,8.900000000043639e-07,1,[6],[6201]
363,64,262,1075,0.0009223485723003027,0.0009223485723003027,1,[6],[6270]
364,64,262,1075,0.0009229085723003054,5.600000000027458e-07,1,[6],[6255]
365,64,262,1075,0.0009237485723003095,8.400000000041187e-07,1,[6],[6227]
366,64,262,1076,0.0009224412948357668,0.0009224412948357668,1,[6],[6302]
367,64,262,1076,0.0009229612948357693,5.200000000025497e-07,1,[6],[6265]
368,64,262,1076,0.0009236512948357727,6.900000000033832e-07,1,[6],[6187]
369,64,262,1077,0.0009226935507522685,0.0009226935507522685,2,"[6, 18]","[6279, 62]"
370,64,262,1077,0.0009233535507522717,6.600000000032361e-07,2,"[6, 18]","[6123, 89]"
371,64,262,1078,0.0009230994246947788,0.0009230994246947788,2,"[6, 18]","[5123, 1142]"
372,64,263,1077,0.0009231168553956937,0.0009231168553956937,2,"[6, 18]","[6047, 261]"
373,64,263,1078,0.0009227034739949471,0.0009227034739949471,2,"[6, 18]","[4777, 1536]"
374,64,263,1078,0.0009232134739949496,5.100000000025006e-07,2,"[6, 18]","[4503, 1793]"
375,64,263,1078,0.0009238134739949526,6.000000000029419e-07,2,"[6, 18]","[4235, 1923]"
376,64,263,1079,0.00092282809469523,0.00092282809469523,2,"[6, 18]","[6060, 290]"
377,64,263,1079,0.0009233680946952326,5.400000000026477e-07,2,"[6, 18]","[5914, 316]"
378,64,263,1079,0.0009241280946952363,7.600000000037264e-07,2,"[6, 18]","[5855, 326]"
379,64,263,1080,0.0009229851955892932,0.0009229851955892932,1,[6],[6304]
380,64,263,1080,0.0009235651955892961,5.800000000028439e-07,1,[6],[6245]
381,64,263,1080,0.0009247551955893019,1.1900000000058348e-06,1,[6],[6201]
382,64,263,1081,0.0009232407901960583,0.0009232407901960583,1,[6],[6280]
383,64,263,1081,0.0009240607901960623,8.200000000040206e-07,1,[6],[6252]
384,64,263,1082,0.0009238489643637831,0.0009238489643637831,1,[6],[6262]
385,64,264,1081,0.0009236212102439887,0.0009236212102439887,1,[6],[6251]
386,64,264,1082,0.0009233347584818505,0.0009233347584818505,1,[6],[6269]
387,64,264,1082,0.0009240647584818541,7.300000000035793e-07,1,[6],[6292]
388,64,264,1083,0.00092331873770142,0.00092331873770142,1,[6],[6349]
389,64,264,1083,0.0009238787377014228,5.600000000027458e-07,1,[6],[6192]
390,64,264,1083,0.0009249787377014282,1.1000000000053935e-06,1,[6],[6216]
391,64,264,1084,0.000923443420152698,0.000923443420152698,1,[6],[6334]
392,64,264,1084,0.000924043420152701,6.000000000029419e-07,1,[6],[6175]
393,64,264,1085,0.0009236759558426522,0.0009236759558426522,1,[6],[6317]
394,64,264,1085,0.000924655955842657,9.800000000048052e-07,1,[6],[6190]
395,64,264,1086,0.0009247007009442315,0.0009247007009442315,1,[6],[6263]
396,64,265,1085,0.000923757191657391,0.000923757191657391,1,[6],[6311]
397,64,265,1085,0.0009260871916574024,2.3300000000114245e-06,1,[6],[6189]
398,64,265,1086,0.0009234671008855392,0.0009234671008855392,1,[6],[6278]
399,64,265,1086,0.000924057100885542,5.900000000028929e-07,1,[6],[6248]
400,64,265,1087,0.0009234488010248404,0.0009234488010248404,1,[6],[6312]
401,64,265,1087,0.0009239888010248431,5.400000000026477e-07,1,[6],[6265]
402,64,265,1087,0.0009247488010248468,7.600000000037264e-07,1,[6],[6197]
403,64,265,1088,0.0009236409888658039,0.0009236409888658039,2,"[6, 17]","[6251, 10]"
404,64,265,1088,0.0009243809888658075,7.400000000036284e-07,2,"[6, 17]","[6215, 25]"
405,64,265,1089,0.0009237571247876985,0.0009237571247876985,4,"[6, 17, 257, 260]","[3736, 2509, 2, 4]"
406,64,265,1089,0.0009244571247877019,7.000000000034323e-07,5,"[6, 17, 257, 260, 261]","[2995, 3268, 8, 4, 1]"
407,64,265,1090,0.0009238558980437891,0.0009238558980437891,5,"[6, 17, 257, 260, 261]","[1440, 4860, 4, 18, 3]"
408,64,265,1090,0.0009245258980437924,6.700000000032852e-07,5,"[6, 16, 17, 257, 260]","[952, 1, 5216, 20, 12]"
409,64,266,1088,0.0009239678818669985,0.0009239678818669985,2,"[6, 17]","[6290, 20]"
410,64,266,1089,0.0009234323796242414,0.0009234323796242414,4,"[6, 17, 257, 260]","[4982, 1319, 1, 2]"
411,64,266,1089,0.0009239123796242438,4.800000000023535e-07,3,"[6, 17, 260]","[4693, 1609, 7]"
412,64,266,1089,0.0009243923796242461,4.800000000023535e-07,5,"[6, 17, 257, 260, 261]","[4337, 1827, 3, 8, 2]"
413,64,266,1090,0.0009231955994184945,0.0009231955994184945,5,"[6, 16, 17, 257, 260]","[3599, 10, 2693, 1, 4]"
414,64,266,1090,0.0009235555994184962,3.6000000000176516e-07,5,"[6, 16, 17, 260, 261]","[3456, 22, 2846, 4, 1]"
415,64,266,1090,0.0009238255994184976,2.7000000000132387e-07,5,"[6, 16, 17, 257, 260]","[3125, 11, 3037, 4, 1]"
416,64,266,1090,0.0009240855994184988,2.6000000000127484e-07,6,"[6, 16, 17, 257, 260, 261]","[3176, 18, 3162, 5, 8, 1]"
417,64,266,1090,0.0009243655994185002,2.800000000013729e-07,4,"[6, 16, 17, 260]","[2966, 16, 3252, 4]"
418,64,266,1090,0.0009247555994185021,3.9000000000191225e-07,5,"[6, 16, 17, 257, 260]","[2764, 20, 3398, 1, 5]"
419,64,266,1091,0.0009234369023829899,0.0009234369023829899,4,"[6, 15, 16, 17]","[4756, 2, 496, 1102]"
420,64,266,1091,0.0009239069023829922,4.700000000023045e-07,4,"[6, 15, 16, 17]","[4544, 1, 628, 1011]"
421,64,266,1091,0.0009243969023829946,4.900000000024026e-07,3,"[6, 16, 17]","[4513, 634, 1124]"
422,64,266,1092,0.0009239615255583773,0.0009239615255583773,6,"[6, 15, 16, 17, 267, 268]","[5128, 705, 396, 12, 9, 2]"
423,64,266,1093,0.0009247136297485565,0.0009247136297485565,4,"[6, 15, 16, 267]","[2438, 3788, 1, 50]"
424,64,267,1091,0.0009238328218112217,0.0009238328218112217,4,"[6, 15, 16, 17]","[5099, 2, 847, 323]"
425,64,267,1091,0.0009248828218112268,1.0500000000051484e-06,4,"[6, 15, 16, 17]","[4776, 2, 1124, 339]"
426,64,267,1092,0.0009234708299487404,0.0009234708299487404,5,"[6, 15, 16, 17, 267]","[5377, 750, 146, 3, 3]"
427,64,267,1092,0.0009239708299487428,5.000000000024516e-07,4,"[6, 15, 16, 267]","[5323, 779, 183, 6]"
428,64,267,1092,0.0009245308299487456,5.600000000027458e-07,4,"[6, 15, 16, 267]","[5121, 906, 223, 9]"
429,64,267,1093,0.0009233400909367191,0.0009233400909367191,5,"[6, 15, 16, 267, 268]","[4415, 1914, 1, 23, 1]"
430,64,267,1093,0.000923730090936721,3.9000000000191225e-07,4,"[6, 15, 267, 268]","[4158, 1986, 31, 1]"
431,64,267,1093,0.0009240900909367228,3.6000000000176516e-07,4,"[6, 15, 267, 268]","[4144, 2211, 28, 2]"
432,64,267,1093,0.0009244800909367247,3.9000000000191225e-07,4,"[6, 15, 267, 268]","[3856, 2182, 44, 3]"
433,64,267,1094,0.0009236757388398159,0.0009236757388398159,3,"[6, 15, 267]","[6073, 199, 6]"
434,64,267,1094,0.0009244257388398196,7.500000000036774e-07,3,"[6, 15, 267]","[5980, 243, 8]"
435,64,267,1095,0.000924690796201973,0.000924690796201973,2,"[6, 14]","[6249, 1]"
436,64,268,1094,0.0009239740723512414,0.0009239740723512414,2,"[6, 15]","[6276, 13]"
437,64,268,1095,0.0009235295119331147,0.0009235295119331147,3,"[6, 13, 14]","[6304, 5, 14]"
438,64,268,1095,0.0009241095119331175,5.800000000028439e-07,3,"[6, 13, 14]","[6171, 1, 16]"
439,64,268,1096,0.0009233437866921215,0.0009233437866921215,7,"[6, 12, 13, 14, 273, 276, 277]","[5037, 18, 728, 561, 3, 1, 1]"
440,64,268,1096,0.0009238137866921238,4.700000000023045e-07,8,"[6, 12, 13, 14, 273, 274, 276, 277]","[4976, 10, 613, 589, 3, 4, 1, 1]"
441,64,268,1096,0.0009243237866921263,5.100000000025006e-07,5,"[6, 12, 13, 14, 273]","[5071, 8, 529, 610, 1]"
442,64,268,1097,0.0009233409939957833,0.0009233409939957833,7,"[6, 12, 13, 14, 273, 274, 277]","[2924, 815, 2033, 589, 2, 3, 5]"
443,64,268,1097,0.0009238609939957858,5.200000000025497e-07,7,"[6, 12, 13, 14, 273, 274, 276]","[3191, 572, 1826, 651, 4, 1, 3]"
444,64,268,1097,0.0009244809939957889,6.2000000000304e-07,6,"[6, 12, 13, 14, 273, 276]","[3296, 489, 1624, 774, 6, 2]"
445,64,269,1096,0.0009241804209756149,0.0009241804209756149,6,"[6, 12, 13, 14, 273, 277]","[3845, 58, 1296, 1050, 4, 2]"
446,64,269,1097,0.000923290026364623,0.000923290026364623,6,"[6, 12, 13, 14, 273, 277]","[2957, 1553, 1404, 344, 7, 1]"
447,64,269,1097,0.0009238100263646255,5.200000000025497e-07,7,"[6, 12, 13, 14, 273, 274, 276]","[3345, 1182, 1321, 425, 6, 1, 2]"
448,64,269,1097,0.0009243900263646283,5.800000000028439e-07,7,"[6, 12, 13, 14, 273, 274, 276]","[3592, 938, 1203, 476, 2, 1, 1]"
449,64,269,1098,0.0009234122302305404,0.0009234122302305404,4,"[6, 12, 13, 14]","[5138, 1115, 82, 7]"
450,64,269,1098,0.000923932230230543,5.200000000025497e-07,4,"[6, 12, 13, 14]","[5486, 723, 74, 5]"
451,64,269,1098,0.0009246122302305463,6.800000000033342e-07,4,"[6, 12, 13, 14]","[5501, 548, 75, 6]"
452,64,269,1099,0.0009236232996255331,0.0009236232996255331,2,"[6, 12]","[6308, 5]"
453,64,269,1099,0.0009243432996255366,7.200000000035303e-07,2,"[6, 12]","[6215, 3]"
454,64,269,1100,0.0009244613028132274,0.0009244613028132274,1,[6],[6273]
455,64,270,1099,0.000924203577343151,0.000924203577343151,1,[6],[6257]
456,64,270,1100,0.0009235930560117916,0.0009235930560117916,1,[6],[6302]
457,64,270,1100,0.0009242530560117948,6.600000000032361e-07,1,[6],[6233]
458,64,270,1101,0.000923547858321378,0.000923547858321378,1,[6],[6334]
459,64,270,1101,0.0009241378583213809,5.900000000028929e-07,1,[6],[6231]
460,64,270,1102,0.0009239008133593235,0.0009239008133593235,2,"[6, 11]","[6270, 2]"
461,64,271,1102,0.0009238095860433527,0.0009238095860433527,2,"[6, 11]","[6237, 33]"
462,64,271,1102,0.0009250595860433588,1.250000000006129e-06,2,"[6, 11]","[6204, 28]"
463,64,271,1103,0.0009233873939760052,0.0009233873939760052,2,"[6, 11]","[4720, 1621]"
464,64,271,1103,0.0009238473939760074,4.600000000022555e-07,2,"[6, 11]","[4656, 1634]"
465,64,271,1103,0.0009242873939760096,4.400000000021574e-07,2,"[6, 11]","[4570, 1653]"
466,64,271,1103,0.0009252473939760143,9.60000000004707e-07,2,"[6, 11]","[4462, 1684]"
467,64,271,1104,0.0009234062278332003,0.0009234062278332003,2,"[6, 11]","[4059, 2209]"
468,64,271,1104,0.0009238662278332026,4.600000000022555e-07,2,"[6, 11]","[3911, 2364]"
469,64,271,1104,0.0009243362278332049,4.700000000023045e-07,2,"[6, 11]","[3920, 2316]"
470,64,271,1105,0.0009244616445363775,0.0009244616445363775,3,"[6, 10, 11]","[6107, 1, 158]"
471,64,272,1104,0.0009239769415510117,0.0009239769415510117,2,"[6, 11]","[4847, 1404]"
472,64,272,1105,0.000923606777637267,0.000923606777637267,4,"[6, 9, 10, 11]","[6198, 5, 41, 14]"
473,64,272,1105,0.0009242767776372702,6.700000000032852e-07,4,"[6, 9, 10, 11]","[6207, 1, 44, 25]"
474,64,272,1106,0.0009234014435527003,0.0009234014435527003,3,"[6, 9, 10]","[4777, 492, 1005]"
475,64,272,1106,0.0009238914435527027,4.900000000024026e-07,3,"[6, 9, 10]","[4791, 545, 943]"
476,64,272,1106,0.0009244214435527053,5.300000000025987e-07,3,"[6, 9, 10]","[4766, 530, 986]"
477,64,272,1107,0.0009235830720533676,0.0009235830720533676,3,"[6, 9, 10]","[4077, 1679, 560]"
478,64,272,1107,0.0009242630720533709,6.800000000033342e-07,3,"[6, 9, 10]","[3989, 1660, 575]"
479,64,273,1106,0.0009243426269096776,0.0009243426269096776,3,"[6, 9, 10]","[3668, 922, 1683]"
480,64,273,1107,0.0009235929517123879,0.0009235929517123879,3,"[6, 9, 10]","[4855, 1055, 340]"
481,64,273,1107,0.0009243229517123915,7.300000000035793e-07,3,"[6, 9, 10]","[4751, 1086, 416]"
482,64,273,1108,0.000923424893616869,0.000923424893616869,2,"[6, 9]","[6299, 22]"
483,64,273,1108,0.0009240048936168719,5.800000000028439e-07,3,"[6, 9, 10]","[6217, 24, 2]"
484,64,273,1109,0.0009234635111827507,0.0009234635111827507,1,[6],[6307]
485,64,273,1109,0.0009241735111827541,7.100000000034813e-07,1,[6],[6203]
486,64,273,1110,0.0009240042690605591,0.0009240042690605591,1,[6],[6263]
487,64,274,1109,0.0009242838989923941,0.0009242838989923941,1,[6],[6268]
488,64,274,1110,0.000923430269649159,0.000923430269649159,1,[6],[6251]
489,64,274,1110,0.0009241802696491627,7.500000000036774e-07,1,[6],[6287]
490,64,274,1111,0.0009232523858534902,0.0009232523858534902,1,[6],[6254]
491,64,274,1111,0.0009238523858534931,6.000000000029419e-07,1,[6],[6319]
492,64,274,1112,0.0009233980492834122,0.0009233980492834122,1,[6],[6270]
493,64,274,1112,0.0009243180492834167,9.20000000004511e-07,1,[6],[6237]
494,64,275,1112,0.0009236574184696236,0.0009236574184696236,1,[6],[6267]
495,64,275,1113,0.0009231804909315879,0.0009231804909315879,2,"[6, 8]","[6206, 110]"
496,64,275,1113,0.000923810490931591,6.30000000003089e-07,2,"[6, 8]","[6119, 123]"
497,64,275,1114,0.0009229652144424647,0.0009229652144424647,2,"[6, 8]","[4702, 1609]"
498,64,275,1114,0.0009234452144424671,4.800000000023535e-07,2,"[6, 8]","[4570, 1678]"
499,64,275,1114,0.0009239452144424696,5.000000000024516e-07,2,"[6, 8]","[4442, 1754]"
500,64,275,1115,0.0009232900455012835,0.0009232900455012835,2,"[6, 8]","[5560, 757]"
501,64,275,1115,0.0009248900455012914,1.6000000000078451e-06,2,"[6, 8]","[5117, 1067]"
502,64,276,1114,0.0009243551094962604,0.0009243551094962604,2,"[6, 8]","[4407, 1848]"
503,64,276,1115,0.0009233483759422572,0.0009233483759422572,2,"[6, 8]","[5999, 261]"
504,64,276,1116,0.0009229523948261913,0.0009229523948261913,1,[6],[6308]
505,64,276,1116,0.0009236723948261948,7.200000000035303e-07,1,[6],[6192]
506,64,276,1117,0.0009228056576000843,0.0009228056576000843,1,[6],[6289]
507,64,276,1117,0.0009235356576000878,7.300000000035793e-07,1,[6],[6267]
508,64,276,1118,0.0009229836350378286,0.0009229836350378286,1,[6],[6314]
509,64,277,1118,0.0009231197547970586,0.0009231197547970586,1,[6],[6272]
510,64,277,1119,0.0009224636752771326,0.0009224636752771326,1,[6],[6259]
511,64,277,1119,0.0009231136752771358,6.500000000031871e-07,1,[6],[6259]
512,64,277,1120,0.0009222549673561664,0.0009222549673561664,1,[6],[6285]
513,64,277,1120,0.0009228349673561692,5.800000000028439e-07,1,[6],[6254]
514,64,277,1120,0.0009243849673561768,1.5500000000076e-06,1,[6],[6212]
515,64,277,1121,0.0009222532131395118,0.0009222532131395118,1,[6],[6266]
516,64,277,1121,0.0009230832131395159,8.300000000040697e-07,1,[6],[6284]
517,64,277,1122,0.0009227334532511192,0.0009227334532511192,1,[6],[6267]
518,64,278,1121,0.0009226745656623188,0.0009226745656623188,1,[6],[6258]
519,64,278,1122,0.0009220416128194476,0.0009220416128194476,1,[6],[6305]
520,64,278,1122,0.0009227916128194513,7.500000000036774e-07,1,[6],[6253]
521,64,278,1123,0.0009217764739547664,0.0009217764739547664,1,[6],[6320]
522,64,278,1123,0.0009223564739547692,5.800000000028439e-07,1,[6],[6201]
523,64,278,1123,0.0009235864739547753,1.230000000006031e-06,1,[6],[6242]
524,64,278,1124,0.0009217038725708472,0.0009217038725708472,1,[6],[6267]
525,64,278,1124,0.0009223838725708506,6.800000000033342e-07,1,[6],[6252]
526,64,278,1125,0.0009219490563161077,0.0009219490563161077,1,[6],[6288]
527,64,279,1124,0.000922552472290295,0.000922552472290295,1,[6],[6273]
528,64,279,1125,0.0009216370903113718,0.0009216370903113718,1,[6],[6285]
529,64,279,1125,0.0009225870903113764,9.500000000046581e-07,1,[6],[6234]
530,64,279,1126,0.0009212922066165803,0.0009212922066165803,1,[6],[6251]
531,64,279,1126,0.0009218922066165832,6.000000000029419e-07,1,[6],[6303]
532,64,279,1127,0.0009211659689161074,0.0009211659689161074,1,[6],[6303]
533,64,279,1127,0.0009217959689161105,6.30000000003089e-07,1,[6],[6234]
534,64,279,1128,0.0009213058835176099,0.0009213058835176099,1,[6],[6267]
535,64,280,1128,0.0009212948391751564,0.0009212948391751564,1,[6],[6279]
536,64,280,1129,0.0009208863181607446,0.0009208863181607446,1,[6],[6313]
537,64,280,1129,0.0009215563181607479,6.700000000032852e-07,1,[6],[6252]
538,64,280,1130,0.0009207285952469209,0.0009207285952469209,1,[6],[6273]
539,64,280,1130,0.0009214085952469242,6.800000000033342e-07,1,[6],[6228]
540,64,280,1131,0.0009207480390718433,0.0009207480390718433,1,[6],[6288]
541,64,280,1131,0.0009218680390718488,1.1200000000054916e-06,1,[6],[6218]
542,64,280,1132,0.0009216666521049899,0.0009216666521049899,1,[6],[6250]
543,64,281,1131,0.0009209445751301649,0.0009209445751301649,1,[6],[6251]
544,64,281,1132,0.0009203499450660485,0.0009203499450660485,1,[6],[6328]
545,64,281,1132,0.0009210799450660521,7.300000000035793e-07,1,[6],[6240]
546,64,281,1133,0.0009200938513876927,0.0009200938513876927,1,[6],[6280]
547,64,281,1133,0.0009207138513876958,6.2000000000304e-07,1,[6],[6257]
548,64,281,1134,0.0009200900272019851,0.0009200900272019851,1,[6],[6273]
549,64,281,1134,0.0009210400272019897,9.500000000046581e-07,1,[6],[6227]
550,64,281,1135,0.0009206753902813883,0.0009206753902813883,1,[6],[6250]
551,64,282,1134,0.000920492152411276,0.000920492152411276,1,[6],[6276]
552,64,282,1135,0.0009198050352775647,0.0009198050352775647,1,[6],[6340]
553,64,282,1135,0.0009205650352775684,7.600000000037264e-07,1,[6],[6164]
554,64,282,1136,0.0009195275575671514,0.0009195275575671514,1,[6],[6339]
555,64,282,1136,0.0009201375575671544,6.10000000002991e-07,1,[6],[6239]
556,64,282,1137,0.0009194669870361808,0.0009194669870361808,1,[6],[6332]
557,64,282,1137,0.0009202769870361848,8.100000000039716e-07,1,[6],[6176]
558,64,282,1138,0.0009198813264538088,0.0009198813264538088,1,[6],[6255]
559,64,283,1137,0.0009200571987773086,0.0009200571987773086,1,[6],[6262]
560,64,283,1138,0.0009192542655078243,0.0009192542655078243,1,[6],[6301]
561,64,283,1138,0.0009201042655078284,8.500000000041677e-07,1,[6],[6244]
562,64,283,1139,0.000918922272732594,0.000918922272732594,1,[6],[6294]
563,64,283,1139,0.000919532272732597,6.10000000002991e-07,1,[6],[6253]
564,64,283,1140,0.0009188563446373459,0.0009188563446373459,1,[6],[6274]
565,64,283,1140,0.0009196063446373496,7.500000000036774e-07,1,[6],[6232]
566,64,283,1141,0.0009191248968489853,0.0009191248968489853,2,"[6, 7]","[6192, 85]"
567,64,284,1140,0.0009198023877993823,0.0009198023877993823,2,"[6, 7]","[6252, 2]"
568,64,284,1141,0.0009186393064642593,0.0009186393064642593,2,"[6, 7]","[5713, 606]"
569,64,284,1141,0.0009194593064642633,8.200000000040206e-07,2,"[6, 7]","[5817, 364]"
570,64,284,1142,0.0009180408639438752,0.0009180408639438752,2,"[6, 7]","[3417, 2900]"
571,64,284,1142,0.0009184708639438773,4.300000000021084e-07,2,"[6, 7]","[3545, 2676]"
572,64,284,1142,0.0009188608639438792,3.9000000000191225e-07,2,"[6, 7]","[3750, 2489]"
573,64,284,1142,0.0009194008639438818,5.400000000026477e-07,2,"[6, 7]","[3853, 2383]"
574,64,284,1143,0.0009181104077185546,0.0009181104077185546,2,"[6, 7]","[5645, 658]"
575,64,284,1143,0.0009187304077185577,6.2000000000304e-07,2,"[6, 7]","[5476, 729]"
576,64,284,1144,0.0009183599135472361,0.0009183599135472361,2,"[6, 7]","[6287, 1]"
577,64,285,1143,0.000919211222920039,0.000919211222920039,2,"[6, 7]","[6015, 251]"
578,64,285,1144,0.0009179723486665061,0.0009179723486665061,1,[6],[6303]
579,64,285,1144,0.0009189823486665111,1.0100000000049522e-06,1,[6],[6229]
580,64,285,1145,0.000917508908615973,0.000917508908615973,1,[6],[6285]
581,64,285,1145,0.000918128908615976,6.2000000000304e-07,1,[6],[6300]
582,64,285,1146,0.0009173263098942605,0.0009173263098942605,1,[6],[6287]
583,64,285,1146,0.000918026309894264,7.000000000034323e-07,1,[6],[6246]
584,64,285,1147,0.0009175203047464778,0.0009175203047464778,1,[6],[6303]
585,64,286,1146,0.0009184541006596731,0.0009184541006596731,1,[6],[6250]
586,64,286,1147,0.0009171134699623223,0.0009171134699623223,1,[6],[6324]
587,64,286,1147,0.0009180534699623269,9.40000000004609e-07,1,[6],[6195]
588,64,286,1148,0.000916659808949451,0.000916659808949451,1,[6],[6290]
589,64,286,1148,0.000917269808949454,6.10000000002991e-07,1,[6],[6291]
590,64,286,1149,0.0009165122153498239,0.0009165122153498239,1,[6],[6338]
591,64,286,1149,0.0009172222153498274,7.100000000034813e-07,1,[6],[6203]
592,64,286,1150,0.0009167123600924942,0.0009167123600924942,1,[6],[6284]
593,64,287,1149,0.0009174030414758543,0.0009174030414758543,1,[6],[6254]
594,64,287,1150,0.0009162766537870714,0.0009162766537870714,1,[6],[6321]
595,64,287,1150,0.000917216653787076,9.40000000004609e-07,1,[6],[6221]
596,64,287,1151,0.0009158333135120951,0.0009158333135120951,1,[6],[6288]
597,64,287,1151,0.000916433313512098,6.000000000029419e-07,1,[6],[6237]
598,64,287,1152,0.0009156679826861269,0.0009156679826861269,1,[6],[6287]
599,64,287,1152,0.0009163779826861304,7.100000000034813e-07,1,[6],[6254]
600,64,287,1153,0.000915909278268873,0.000915909278268873,2,"[1, 6]","[3, 6261]"
601,64,288,1152,0.0009165073727419,0.0009165073727419,1,[6],[6252]
602,64,288,1153,0.000915414835703741,0.000915414835703741,2,"[1, 6]","[53, 6202]"
603,64,288,1153,0.0009163348357037456,9.20000000004511e-07,2,"[1, 6]","[22, 6247]"
604,64,288,1154,0.0009145756479825199,0.0009145756479825199,2,"[1, 6]","[3996, 2289]"
605,64,288,1154,0.000914995647982522,4.2000000000205935e-07,2,"[1, 6]","[3349, 2869]"
606,64,288,1154,0.0009153756479825238,3.800000000018632e-07,2,"[1, 6]","[3046, 3368]"
607,64,288,1154,0.0009158056479825259,4.300000000021084e-07,2,"[1, 6]","[2527, 3619]"
608,64,288,1155,0.0009138854475520853,0.0009138854475520853,2,"[1, 6]","[6324, 69]"
609,64,288,1155,0.0009141854475520867,3.0000000000147097e-07,2,"[1, 6]","[6223, 118]"
610,64,288,1155,0.0009143954475520878,2.1000000000102968e-07,2,"[1, 6]","[6074, 151]"
611,64,288,1155,0.0009145654475520886,1.7000000000083355e-07,2,"[1, 6]","[6002, 191]"
612,64,288,1155,0.0009147254475520894,1.6000000000078451e-07,2,"[1, 6]","[6098, 221]"
613,64,288,1155,0.0009148754475520901,1.5000000000073548e-07,2,"[1, 6]","[5855, 221]"
614,64,288,1155,0.0009150354475520909,1.6000000000078451e-07,2,"[1, 6]","[6029, 305]"
615,64,288,1155,0.0009152054475520917,1.7000000000083355e-07,2,"[1, 6]","[6008, 252]"
616,64,288,1155,0.0009154054475520927,2.0000000000098064e-07,2,"[1, 6]","[5952, 359]"
617,64,288,1155,0.0009156554475520939,2.500000000012258e-07,2,"[1, 6]","[5781, 375]"
618,64,288,1155,0.0009161254475520962,4.700000000023045e-07,2,"[1, 6]","[5674, 489]"
619,64,288,1156,0.0009135330777794471,0.0009135330777794471,1,[1],[6332]
620,64,288,1156,0.0009138430777794486,3.1000000000152e-07,2,"[1, 6]","[6382, 1]"
621,64,288,1156,0.0009140630777794497,2.200000000010787e-07,1,[1],[6306]
622,64,288,1156,0.0009142430777794505,1.8000000000088258e-07,1,[1],[6249]
623,64,288,1156,0.0009144130777794514,1.7000000000083355e-07,1,[1],[6186]
624,64,288,1156,0.0009145830777794522,1.7000000000083355e-07,1,[1],[6319]
625,64,288,1156,0.000914753077779453,1.7000000000083355e-07,2,"[1, 6]","[5986, 3]"
626,64,288,1156,0.000914953077779454,2.0000000000098064e-07,2,"[1, 6]","[6517, 1]"
627,64,288,1156,0.0009151930777794552,2.4000000000117677e-07,2,"[1, 6]","[6141, 1]"
628,64,288,1156,0.0009155830777794571,3.9000000000191225e-07,2,"[1, 6]","[6149, 2]"
629,64,288,1157,0.0009131877694736409,0.0009131877694736409,1,[1],[6333]
630,64,288,1157,0.0009135077694736425,3.2000000000156903e-07,1,[1],[6324]
631,64,288,1157,0.0009137377694736436,2.3000000000112774e-07,1,[1],[6334]
632,64,288,1157,0.0009139377694736446,2.0000000000098064e-07,1,[1],[6320]
633,64,288,1157,0.0009141277694736455,1.900000000009316e-07,1,[1],[6249]
634,64,288,1157,0.0009143177694736465,1.900000000009316e-07,1,[1],[6171]
635,64,288,1157,0.0009145277694736475,2.1000000000102968e-07,1,[1],[6105]
636,64,288,1157,0.0009148077694736489,2.800000000013729e-07,1,[1],[6356]
637,64,288,1157,0.0009152977694736513,4.900000000024026e-07,1,[1],[6074]
638,64,288,1158,0.0009128815650235089,0.0009128815650235089,1,[1],[6345]
639,64,288,1158,0.0009131915650235104,3.1000000000152e-07,1,[1],[6162]
640,64,288,1158,0.0009134315650235116,2.4000000000117677e-07,1,[1],[6468]
641,64,288,1158,0.0009136315650235126,2.0000000000098064e-07,1,[1],[6286]
642,64,288,1158,0.0009138215650235135,1.900000000009316e-07,1,[1],[6153]
643,64,288,1158,0.0009140215650235145,2.0000000000098064e-07,1,[1],[6232]
644,64,288,1158,0.0009142615650235157,2.4000000000117677e-07,1,[1],[6319]
645,64,288,1158,0.0009145815650235173,3.2000000000156903e-07,1,[1],[6051]
646,64,288,1159,0.000912630788750178,0.000912630788750178,1,[1],[6283]
647,64,288,1159,0.0009129507887501796,3.2000000000156903e-07,1,[1],[6235]
648,64,288,1159,0.0009131907887501808,2.4000000000117677e-07,1,[1],[6329]
649,64,288,1159,0.0009134007887501818,2.1000000000102968e-07,1,[1],[6176]
650,64,288,1159,0.0009136107887501828,2.1000000000102968e-07,1,[1],[6351]
651,64,288,1159,0.000913840788750184,2.3000000000112774e-07,1,[1],[6339]
652,64,288,1159,0.0009141307887501854,2.9000000000142193e-07,1,[1],[6235]
653,64,288,1159,0.0009146307887501878,5.000000000024516e-07,1,[1],[6106]
654,64,288,1160,0.0009123959120238437,0.0009123959120238437,1,[1],[6364]
655,64,288,1160,0.0009127259120238453,3.3000000000161806e-07,1,[1],[6329]
656,64,288,1160,0.0009129659120238465,2.4000000000117677e-07,1,[1],[6170]
657,64,288,1160,0.0009131859120238476,2.200000000010787e-07,1,[1],[6277]
658,64,288,1160,0.0009134059120238486,2.200000000010787e-07,1,[1],[6288]
659,64,288,1160,0.0009136559120238499,2.500000000012258e-07,1,[1],[6273]
660,64,288,1160,0.0009139859120238515,3.3000000000161806e-07,1,[1],[6132]
661,64,288,1161,0.0009121626910495633,0.0009121626910495633,1,[1],[6335]
662,64,288,1161,0.0009124926910495649,3.3000000000161806e-07,1,[1],[6274]
663,64,288,1161,0.0009127526910495662,2.6000000000127484e-07,1,[1],[6241]
664,64,288,1161,0.0009129826910495673,2.3000000000112774e-07,1,[1],[6352]
665,64,288,1161,0.0009132126910495684,2.3000000000112774e-07,1,[1],[6123]
666,64,288,1161,0.0009134926910495698,2.800000000013729e-07,1,[1],[6277]
667,64,288,1161,0.0009139126910495719,4.2000000000205935e-07,1,[1],[6169]
668,64,288,1162,0.000911967821014308,0.000911967821014308,1,[1],[6368]
669,64,288,1162,0.0009122978210143097,3.3000000000161806e-07,1,[1],[6292]
670,64,288,1162,0.0009125478210143109,2.500000000012258e-07,1,[1],[6128]
671,64,288,1162,0.000912777821014312,2.3000000000112774e-07,1,[1],[6253]
672,64,288,1162,0.0009130178210143132,2.4000000000117677e-07,1,[1],[6330]
673,64,288,1162,0.0009132978210143146,2.800000000013729e-07,1,[1],[6178]
674,64,288,1162,0.0009137678210143169,4.700000000023045e-07,1,[1],[6265]
675,64,288,1163,0.0009118094190808645,0.0009118094190808645,1,[1],[6398]
676,64,288,1163,0.0009121494190808662,3.400000000016671e-07,1,[1],[6207]
677,64,288,1163,0.0009124194190808675,2.7000000000132387e-07,1,[1],[6265]
678,64,288,1163,0.0009126694190808687,2.500000000012258e-07,1,[1],[6203]
679,64,288,1163,0.0009129494190808701,2.800000000013729e-07,1,[1],[6338]
680,64,288,1163,0.0009133194190808719,3.700000000018142e-07,1,[1],[6173]
681,64,288,1164,0.0009116107628927045,0.0009116107628927045,1,[1],[6392]
682,64,288,1164,0.0009119507628927062,3.400000000016671e-07,1,[1],[6108]
683,64,288,1164,0.0009122307628927075,2.800000000013729e-07,1,[1],[6274]
684,64,288,1164,0.0009125107628927089,2.800000000013729e-07,1,[1],[6384]
685,64,288,1164,0.0009128207628927104,3.1000000000152e-07,1,[1],[6280]
686,64,288,1164,0.0009132907628927127,4.700000000023045e-07,1,[1],[6096]
687,64,288,1165,0.0009113922396616731,0.0009113922396616731,1,[1],[6346]
688,64,288,1165,0.0009117422396616748,3.500000000017161e-07,1,[1],[6179]
689,64,288,1165,0.0009120222396616762,2.800000000013729e-07,1,[1],[6294]
690,64,288,1165,0.0009122922396616775,2.7000000000132387e-07,1,[1],[6273]
691,64,288,1165,0.000912592239661679,3.0000000000147097e-07,1,[1],[6236]
692,64,288,1165,0.0009130722396616814,4.800000000023535e-07,1,[1],[6198]
693,64,288,1166,0.0009111803501123609,0.0009111803501123609,1,[1],[6286]
694,64,288,1166,0.0009115403501123627,3.6000000000176516e-07,1,[1],[6321]
695,64,288,1166,0.000911810350112364,2.7000000000132387e-07,1,[1],[6147]
696,64,288,1166,0.0009120803501123653,2.7000000000132387e-07,1,[1],[6365]
697,64,288,1166,0.0009123703501123667,2.9000000000142193e-07,1,[1],[6214]
698,64,288,1166,0.000912840350112369,4.700000000023045e-07,1,[1],[6239]
699,64,288,1167,0.000911027408247877,0.000911027408247877,1,[1],[6341]
700,64,288,1167,0.0009113874082478788,3.6000000000176516e-07,1,[1],[6209]
701,64,288,1167,0.0009116774082478802,2.9000000000142193e-07,1,[1],[6415]
702,64,288,1167,0.0009119474082478815,2.7000000000132387e-07,1,[1],[6052]
703,64,288,1167,0.0009122774082478832,3.3000000000161806e-07,1,[1],[6345]
704,64,288,1167,0.0009128874082478862,6.10000000002991e-07,1,[1],[6186]
705,64,288,1168,0.000910875675692606,0.000910875675692606,1,[1],[6342]
706,64,288,1168,0.0009112256756926078,3.500000000017161e-07,1,[1],[6194]
707,64,288,1168,0.0009115056756926091,2.800000000013729e-07,1,[1],[6221]
708,64,288,1168,0.0009117756756926105,2.7000000000132387e-07,1,[1],[6287]
709,64,288,1168,0.0009120756756926119,3.0000000000147097e-07,1,[1],[6230]
710,64,288,1168,0.0009125656756926143,4.900000000024026e-07,1,[1],[6244]
711,64,288,1169,0.0009107408813125766,0.0009107408813125766,1,[1],[6290]
712,64,288,1169,0.0009111008813125783,3.6000000000176516e-07,1,[1],[6370]
713,64,288,1169,0.0009113708813125797,2.7000000000132387e-07,1,[1],[6324]
714,64,288,1169,0.0009116308813125809,2.6000000000127484e-07,1,[1],[6112]
715,64,288,1169,0.0009119308813125824,3.0000000000147097e-07,1,[1],[6266]
716,64,288,1169,0.0009124008813125847,4.700000000023045e-07,1,[1],[6162]
717,64,288,1170,0.000910597294782565,0.000910597294782565,1,[1],[6391]
718,64,288,1170,0.0009109572947825667,3.6000000000176516e-07,1,[1],[6184]
719,64,288,1170,0.0009112372947825681,2.800000000013729e-07,1,[1],[6189]
720,64,288,1170,0.0009115172947825695,2.800000000013729e-07,1,[1],[6318]
721,64,288,1170,0.000911837294782571,3.2000000000156903e-07,1,[1],[6260]
722,64,288,1170,0.0009123872947825737,5.500000000026968e-07,1,[1],[6209]
723,64,288,1171,0.0009104451770749773,0.0009104451770749773,1,[1],[6257]
724,64,288,1171,0.000910805177074979,3.6000000000176516e-07,1,[1],[6444]
725,64,288,1171,0.0009110851770749804,2.800000000013729e-07,1,[1],[6255]
726,64,288,1171,0.0009113551770749817,2.7000000000132387e-07,1,[1],[6244]
727,64,288,1171,0.0009116551770749832,3.0000000000147097e-07,1,[1],[6135]
728,64,288,1171,0.0009121451770749856,4.900000000024026e-07,1,[1],[6196]
729,64,288,1172,0.0009102764351018014,0.0009102764351018014,1,[1],[6346]
730,64,288,1172,0.0009106264351018031,3.500000000017161e-07,1,[1],[6248]
731,64,288,1172,0.0009108964351018044,2.7000000000132387e-07,1,[1],[6269]
732,64,288,1172,0.0009111564351018057,2.6000000000127484e-07,1,[1],[6161]
733,64,288,1172,0.0009114564351018072,3.0000000000147097e-07,1,[1],[6320]
734,64,288,1172,0.0009118864351018093,4.300000000021084e-07,1,[1],[6204]
735,64,288,1173,0.0009100931831284327,0.0009100931831284327,1,[1],[6253]
736,64,288,1173,0.0009104531831284345,3.6000000000176516e-07,1,[1],[6280]
737,64,288,1173,0.0009107431831284359,2.9000000000142193e-07,1,[1],[6415]
738,64,288,1173,0.0009110131831284372,2.7000000000132387e-07,1,[1],[6249]
739,64,288,1173,0.0009113231831284388,3.1000000000152e-07,1,[1],[6113]
740,64,288,1173,0.0009118331831284413,5.100000000025006e-07,1,[1],[6247]
741,64,288,1174,0.0009099290113350859,0.0009099290113350859,1,[1],[6292]
742,64,288,1174,0.0009102790113350877,3.500000000017161e-07,1,[1],[6267]
743,64,288,1174,0.0009105690113350891,2.9000000000142193e-07,1,[1],[6426]
744,64,288,1174,0.0009108290113350904,2.6000000000127484e-07,1,[1],[6212]
745,64,288,1174,0.0009111390113350919,3.1000000000152e-07,1,[1],[6220]
746,64,288,1174,0.0009116190113350942,4.800000000023535e-07,1,[1],[6125]
747,64,288,1175,0.0009097954905699246,0.0009097954905699246,1,[1],[6300]
748,64,288,1175,0.0009101654905699264,3.700000000018142e-07,1,[1],[6374]
749,64,288,1175,0.0009104654905699278,3.0000000000147097e-07,1,[1],[6256]
750,64,288,1175,0.0009107554905699293,2.9000000000142193e-07,1,[1],[6086]
751,64,288,1175,0.0009111354905699311,3.800000000018632e-07,1,[1],[6353]
752,64,288,1176,0.0009097062531513004,0.0009097062531513004,1,[1],[6324]
753,64,288,1176,0.0009100762531513022,3.700000000018142e-07,1,[1],[6288]
754,64,288,1176,0.0009103662531513036,2.9000000000142193e-07,1,[1],[6191]
755,64,288,1176,0.0009106762531513052,3.1000000000152e-07,1,[1],[6215]
756,64,288,1176,0.0009110862531513072,4.100000000020103e-07,1,[1],[6278]
757,64,288,1177,0.0009096328273843576,0.0009096328273843576,1,[1],[6311]
758,64,288,1177,0.0009100028273843594,3.700000000018142e-07,1,[1],[6198]
759,64,288,1177,0.0009103128273843609,3.1000000000152e-07,1,[1],[6291]
760,64,288,1177,0.0009106328273843625,3.2000000000156903e-07,1,[1],[6366]
761,64,288,1177,0.0009110528273843646,4.2000000000205935e-07,1,[1],[6097]
762,64,288,1178,0.000909589071093061,0.000909589071093061,2,"[1, 4]","[6368, 2]"
763,64,288,1178,0.0009099590710930629,3.700000000018142e-07,2,"[1, 4]","[6190, 2]"
764,64,288,1178,0.0009102490710930643,2.9000000000142193e-07,2,"[1, 4]","[6227, 4]"
765,64,288,1178,0.0009105590710930658,3.1000000000152e-07,2,"[1, 4]","[6251, 1]"
766,64,288,1178,0.0009109590710930678,4.000000000019613e-07,2,"[1, 4]","[6252, 2]"
767,64,288,1179,0.0009095471695936159,0.0009095471695936159,2,"[1, 4]","[6025, 321]"
768,64,288,1179,0.0009099071695936176,3.6000000000176516e-07,2,"[1, 4]","[5993, 322]"
769,64,288,1179,0.0009101971695936191,2.9000000000142193e-07,2,"[1, 4]","[5960, 335]"
770,64,288,1179,0.0009104871695936205,2.9000000000142193e-07,2,"[1, 4]","[5832, 335]"
771,64,288,1179,0.0009108371695936222,3.500000000017161e-07,2,"[1, 4]","[5864, 363]"
772,64,288,1179,0.0009116871695936264,8.500000000041677e-07,2,"[1, 4]","[5797, 364]"
773,64,288,1180,0.000909515738506935,0.000909515738506935,2,"[1, 4]","[5757, 578]"
774,64,288,1180,0.0009098657385069367,3.500000000017161e-07,2,"[1, 4]","[5677, 537]"
775,64,288,1180,0.0009101457385069381,2.800000000013729e-07,2,"[1, 4]","[5741, 582]"
776,64,288,1180,0.0009104157385069394,2.7000000000132387e-07,2,"[1, 4]","[5716, 608]"
777,64,288,1180,0.0009107057385069409,2.9000000000142193e-07,2,"[1, 4]","[5506, 584]"
778,64,288,1180,0.0009111957385069433,4.900000000024026e-07,2,"[1, 4]","[5664, 625]"
779,64,288,1181,0.0009095672178012784,0.0009095672178012784,2,"[1, 4]","[6246, 11]"
780,64,288,1181,0.0009099472178012803,3.800000000018632e-07,2,"[1, 4]","[6337, 15]"
781,64,288,1181,0.0009102472178012818,3.0000000000147097e-07,2,"[1, 4]","[6178, 21]"
782,64,288,1181,0.0009105672178012833,3.2000000000156903e-07,2,"[1, 4]","[6320, 16]"
783,64,288,1181,0.0009109972178012854,4.300000000021084e-07,2,"[1, 4]","[6104, 18]"
784,64,288,1182,0.0009095739647418289,0.0009095739647418289,2,"[1, 3]","[6364, 19]"
785,64,288,1182,0.0009099439647418307,3.700000000018142e-07,2,"[1, 3]","[6150, 13]"
786,64,288,1182,0.0009102539647418322,3.1000000000152e-07,2,"[1, 3]","[6267, 12]"
787,64,288,1182,0.0009105739647418338,3.2000000000156903e-07,2,"[1, 3]","[6258, 12]"
788,64,288,1182,0.000911023964741836,4.5000000000220645e-07,2,"[1, 3]","[6159, 19]"
789,64,288,1183,0.000909526995523153,0.000909526995523153,4,"[1, 3, 281, 282]","[5740, 568, 1, 2]"
790,64,288,1183,0.0009098869955231547,3.6000000000176516e-07,3,"[1, 3, 281]","[5698, 671, 1]"
791,64,288,1183,0.0009101669955231561,2.800000000013729e-07,2,"[1, 3]","[5569, 689]"
792,64,288,1183,0.0009104369955231574,2.7000000000132387e-07,3,"[1, 3, 282]","[5412, 765, 2]"
793,64,288,1183,0.000910756995523159,3.2000000000156903e-07,4,"[1, 3, 281, 282]","[5387, 859, 2, 1]"
794,64,288,1183,0.0009113469955231619,5.900000000028929e-07,3,"[1, 3, 281]","[5273, 885, 2]"
795,64,288,1184,0.0009095439828411178,0.0009095439828411178,4,"[1, 3, 281, 282]","[5863, 393, 1, 1]"
796,64,288,1184,0.0009099239828411197,3.800000000018632e-07,3,"[1, 3, 282]","[5864, 475, 2]"
797,64,288,1184,0.0009102239828411211,3.0000000000147097e-07,2,"[1, 3]","[5869, 467]"
798,64,288,1184,0.0009105239828411226,3.0000000000147097e-07,3,"[1, 3, 282]","[5628, 499, 1]"
799,64,288,1184,0.0009109139828411245,3.9000000000191225e-07,2,"[1, 3]","[5664, 565]"
800,64,288,1185,0.0009095746482828892,0.0009095746482828892,3,"[1, 2, 3]","[6266, 67, 2]"
801,64,288,1185,0.0009099546482828911,3.800000000018632e-07,3,"[1, 2, 3]","[6258, 75, 2]"
802,64,288,1185,0.0009102646482828926,3.1000000000152e-07,3,"[1, 2, 3]","[6195, 59, 3]"
803,64,288,1185,0.0009105846482828941,3.2000000000156903e-07,3,"[1, 2, 3]","[5998, 78, 2]"
804,64,288,1185,0.0009111046482828967,5.200000000025497e-07,3,"[1, 2, 3]","[6204, 69, 6]"
805,64,288,1186,0.000909541842743057,0.000909541842743057,2,"[1, 2]","[5691, 633]"
806,64,288,1186,0.0009099118427430588,3.700000000018142e-07,2,"[1, 2]","[5655, 656]"
807,64,288,1186,0.0009102018427430603,2.9000000000142193e-07,2,"[1, 2]","[5475, 717]"
808,64,288,1186,0.0009105018427430617,3.0000000000147097e-07,2,"[1, 2]","[5606, 680]"
809,64,288,1186,0.0009108918427430636,3.9000000000191225e-07,2,"[1, 2]","[5462, 690]"
810,64,288,1187,0.000909597381841818,0.000909597381841818,2,"[1, 2]","[6264, 116]"
811,64,288,1187,0.0009099873818418199,3.9000000000191225e-07,2,"[1, 2]","[6141, 127]"
812,64,288,1187,0.0009103073818418215,3.2000000000156903e-07,2,"[1, 2]","[6099, 122]"
813,64,288,1187,0.0009106673818418232,3.6000000000176516e-07,2,"[1, 2]","[6111, 107]"
814,64,288,1187,0.0009112973818418263,6.30000000003089e-07,2,"[1, 2]","[6060, 109]"
815,64,288,1188,0.0009099879366799564,0.0009099879366799564,1,[1],[6266]
816,64,288,1188,0.0009106879366799598,7.000000000034323e-07,1,[1],[6286]
817,64,289,1155,0.0009148524129944413,0.0009148524129944413,2,"[1, 6]","[6149, 152]"
818,64,289,1156,0.0009144472811604452,0.0009144472811604452,1,[1],[6329]
819,64,289,1157,0.0009140815078540205,0.0009140815078540205,1,[1],[6288]
820,64,289,1158,0.0009138906090664216,0.0009138906090664216,1,[1],[6309]
821,64,289,1159,0.0009137634325522234,0.0009137634325522234,1,[1],[6273]
822,64,289,1160,0.0009134877596145581,0.0009134877596145581,1,[1],[6275]
823,64,289,1161,0.0009131624320556698,0.0009131624320556698,1,[1],[6261]
824,64,289,1162,0.0009127987892480681,0.0009127987892480681,1,[1],[6283]
825,64,289,1163,0.0009125298078130422,0.0009125298078130422,1,[1],[6291]
826,64,289,1164,0.0009122794775924164,0.0009122794775924164,1,[1],[6328]
827,64,289,1164,0.0009135794775924227,1.3000000000063742e-06,1,[1],[6190]
828,64,289,1165,0.0009120412204411516,0.0009120412204411516,1,[1],[6307]
829,64,289,1165,0.000913151220441157,1.1100000000054426e-06,1,[1],[6201]
830,64,289,1166,0.0009119362562940062,0.0009119362562940062,1,[1],[6280]
831,64,289,1167,0.0009119194821225403,0.0009119194821225403,1,[1],[6288]
832,64,289,1168,0.0009118812380452327,0.0009118812380452327,1,[1],[6287]
833,64,289,1169,0.0009119628251421022,0.0009119628251421022,1,[1],[6264]
834,64,289,1170,0.0009121014774103945,0.0009121014774103945,1,[1],[6253]
835,64,289,1171,0.0009121051066986832,0.0009121051066986832,1,[1],[6260]
