,event,pixel_x,pixel_y,reset_time,TSLR,nMCParticles,MC_TrackIDs,MC_Weights
0,36,123,1329,0.0008404439522445313,0.0008404439522445313,1,[167],[6253]
1,36,125,1318,0.0008303900930061617,0.0008303900930061617,1,[165],[6274]
2,36,126,1318,0.0008301295305935759,0.0008301295305935759,1,[165],[6326]
3,36,126,1318,0.0008313995305935821,1.270000000006227e-06,1,[165],[6175]
4,36,153,1237,0.0009824174208822463,0.0009824174208822463,3,"[173, 176, 191]","[6025, 262, 3]"
5,36,153,1237,0.0009835774208822395,1.159999999993111e-06,3,"[173, 176, 191]","[5369, 849, 2]"
6,36,157,1220,0.0010031144820696457,0.0010031144820696457,4,"[31, 49, 107, 108]","[4204, 2047, 8, 2]"
7,36,157,1220,0.0010036744820696424,5.599999999966743e-07,4,"[31, 49, 107, 108]","[4335, 1957, 7, 3]"
8,36,157,1220,0.0010043044820696387,6.299999999962586e-07,3,"[31, 49, 107]","[4591, 1612, 11]"
9,36,157,1220,0.001005434482069632,1.1299999999932892e-06,4,"[31, 49, 107, 108]","[5565, 686, 5, 1]"
10,36,157,1221,0.0010040557556529105,0.0010040557556529105,4,"[31, 49, 107, 108]","[4462, 1832, 2, 1]"
11,36,157,1221,0.0010049557556529051,8.999999999946551e-07,3,"[31, 49, 107]","[5861, 393, 2]"
12,36,157,1221,0.001005635755652901,6.799999999959616e-07,2,"[31, 49]","[6219, 29]"
13,36,157,1221,0.0010063757556528967,7.399999999956053e-07,2,"[31, 49]","[6253, 1]"
14,36,158,1219,0.0010026500608869885,0.0010026500608869885,5,"[31, 49, 112, 113, 139]","[6255, 11, 26, 2, 1]"
15,36,158,1219,0.0010033400608869844,6.899999999959022e-07,5,"[31, 49, 107, 112, 113]","[6147, 34, 1, 19, 6]"
16,36,158,1220,0.0010032667587574215,0.0010032667587574215,6,"[31, 49, 107, 108, 112, 113]","[5435, 804, 3, 1, 12, 2]"
17,36,158,1220,0.0010050667587574108,1.7999999999893102e-06,4,"[31, 49, 107, 112]","[5116, 1122, 6, 5]"
18,36,159,1218,0.0010027903040690572,0.0010027903040690572,2,"[31, 139]","[6343, 5]"
19,36,159,1218,0.0010036003040690524,8.099999999951896e-07,2,"[31, 112]","[6159, 5]"
20,36,159,1219,0.0010026307742956888,0.0010026307742956888,3,"[31, 112, 113]","[6283, 9, 1]"
21,36,159,1219,0.0010034907742956837,8.599999999948926e-07,3,"[31, 49, 112]","[6220, 1, 11]"
22,36,160,1216,0.0010049527078238704,0.0010049527078238704,1,[31],[6258]
23,36,160,1217,0.001003737296023687,0.001003737296023687,1,[31],[6295]
24,36,160,1217,0.0010045072960236825,7.699999999954271e-07,1,[31],[6244]
25,36,160,1218,0.0010031978586875036,0.0010031978586875036,1,[31],[6300]
26,36,160,1218,0.0010039278586874993,7.299999999956647e-07,1,[31],[6229]
27,36,161,1212,0.0010153922406195958,0.0010153922406195958,2,"[31, 46]","[6246, 7]"
28,36,161,1213,0.0010111697873588564,0.0010111697873588564,2,"[31, 46]","[4690, 1571]"
29,36,161,1213,0.0010124497873588488,1.2799999999923983e-06,2,"[31, 46]","[6008, 242]"
30,36,161,1213,0.001013759787358841,1.3099999999922202e-06,2,"[31, 46]","[6245, 9]"
31,36,161,1214,0.0010081743442976864,0.0010081743442976864,2,"[31, 46]","[6267, 5]"
32,36,161,1214,0.0010092743442976799,1.0999999999934673e-06,2,"[31, 46]","[6031, 255]"
33,36,161,1214,0.0010101443442976747,8.699999999948332e-07,2,"[31, 46]","[5032, 1191]"
34,36,161,1214,0.0010110643442976693,9.199999999945363e-07,2,"[31, 46]","[4436, 1833]"
35,36,161,1215,0.0010053722970514633,0.0010053722970514633,1,[31],[6283]
36,36,161,1215,0.0010063622970514574,9.899999999941206e-07,1,[31],[6231]
37,36,161,1215,0.001007462297051451,1.0999999999934673e-06,1,[31],[6260]
38,36,161,1215,0.0010099122970514364,2.44999999998545e-06,2,"[31, 46]","[6192, 37]"
39,36,161,1216,0.001004444628852854,0.001004444628852854,1,[31],[6269]
40,36,161,1216,0.0010052546288528493,8.099999999951896e-07,1,[31],[6272]
41,36,161,1217,0.0010044268795231601,0.0010044268795231601,1,[31],[6286]
42,36,162,1211,0.0010169219669329752,0.0010169219669329752,2,"[31, 144]","[6257, 1]"
43,36,162,1211,0.0010188819669329635,1.95999999998836e-06,3,"[31, 144, 147]","[6237, 13, 3]"
44,36,162,1212,0.0010147820851816392,0.0010147820851816392,2,"[31, 46]","[6277, 4]"
45,36,162,1212,0.0010157220851816336,9.399999999944175e-07,1,[31],[6249]
46,36,162,1212,0.0010168120851816271,1.0899999999935267e-06,1,[31],[6274]
47,36,162,1213,0.0010131797853799574,0.0010131797853799574,2,"[31, 46]","[5852, 420]"
48,36,162,1213,0.001016619785379937,3.4399999999795705e-06,1,[31],[6229]
49,36,162,1214,0.0010118944744498838,0.0010118944744498838,2,"[31, 46]","[5364, 886]"
50,36,163,1208,0.001024799230131858,0.001024799230131858,1,[31],[6250]
51,36,163,1209,0.001020943434966087,0.001020943434966087,1,[31],[6264]
52,36,163,1209,0.0010224334349660782,1.4899999999911512e-06,1,[31],[6247]
53,36,163,1210,0.0010189904860838086,0.0010189904860838086,2,"[31, 144]","[6279, 1]"
54,36,163,1210,0.0010198804860838033,8.899999999947145e-07,1,[31],[6221]
55,36,163,1210,0.001021130486083796,1.2499999999925765e-06,1,[31],[6278]
56,36,163,1211,0.0010176253919473265,0.0010176253919473265,3,"[31, 144, 147]","[6269, 10, 3]"
57,36,163,1211,0.0010187453919473198,1.1199999999933485e-06,3,"[31, 144, 147]","[6223, 9, 4]"
58,36,164,1206,0.0010254261050086063,0.0010254261050086063,1,[31],[6264]
59,36,164,1207,0.0010237087953012796,0.0010237087953012796,1,[31],[6301]
60,36,164,1207,0.0010245087953012749,7.99999999995249e-07,1,[31],[6223]
61,36,164,1208,0.0010225210201086125,0.0010225210201086125,1,[31],[6295]
62,36,164,1208,0.0010233010201086078,7.799999999953677e-07,1,[31],[6276]
63,36,164,1208,0.0010245410201086005,1.2399999999926359e-06,1,[31],[6181]
64,36,164,1209,0.001021793946291203,0.001021793946291203,1,[31],[6263]
65,36,165,1204,0.0010270657956027475,0.0010270657956027475,4,"[31, 39, 193, 194]","[5932, 103, 214, 1]"
66,36,165,1205,0.0010255510547986298,0.0010255510547986298,3,"[31, 39, 193]","[6221, 1, 28]"
67,36,165,1205,0.0010263010547986254,7.499999999955459e-07,3,"[31, 39, 193]","[6245, 1, 74]"
68,36,165,1206,0.0010249214453158973,0.0010249214453158973,1,[31],[6310]
69,36,165,1206,0.0010256614453158929,7.399999999956053e-07,1,[31],[6264]
70,36,165,1207,0.0010250892564317709,0.0010250892564317709,1,[31],[6259]
71,36,166,1202,0.0010289340718049264,0.0010289340718049264,3,"[31, 37, 39]","[5266, 852, 145]"
72,36,166,1203,0.0010269848154061411,0.0010269848154061411,3,"[31, 39, 193]","[4402, 1915, 4]"
73,36,166,1203,0.0010275848154061376,5.999999999964367e-07,2,"[31, 39]","[4455, 1787]"
74,36,166,1203,0.001028364815406133,7.799999999953677e-07,3,"[31, 37, 39]","[4768, 11, 1436]"
75,36,166,1204,0.0010263398655724642,0.0010263398655724642,4,"[31, 39, 193, 194]","[4995, 1147, 167, 3]"
76,36,166,1204,0.0010268398655724612,4.999999999970306e-07,4,"[31, 39, 193, 194]","[4274, 1866, 94, 2]"
77,36,166,1204,0.0010272698655724587,4.299999999974463e-07,3,"[31, 39, 193]","[3644, 2628, 59]"
78,36,166,1204,0.0010277898655724556,5.199999999969118e-07,3,"[31, 39, 193]","[3039, 3119, 19]"
79,36,166,1205,0.0010265098836587598,0.0010265098836587598,4,"[31, 39, 193, 194]","[5776, 328, 169, 3]"
80,36,167,1200,0.0010305151145268627,0.0010305151145268627,3,"[31, 36, 37]","[5668, 334, 284]"
81,36,167,1201,0.0010285602510849059,0.0010285602510849059,2,"[31, 37]","[2372, 3899]"
82,36,167,1201,0.001029030251084903,4.6999999999720876e-07,2,"[31, 37]","[2750, 3545]"
83,36,167,1201,0.0010294302510849007,3.999999999976245e-07,3,"[31, 36, 37]","[3224, 5, 3040]"
84,36,167,1201,0.001029890251084898,4.5999999999726815e-07,3,"[31, 36, 37]","[3703, 10, 2489]"
85,36,167,1201,0.001030730251084893,8.399999999950114e-07,3,"[31, 36, 37]","[4619, 32, 1570]"
86,36,167,1202,0.001028168687578174,0.001028168687578174,3,"[31, 37, 39]","[4300, 1998, 58]"
87,36,167,1202,0.0010286286875781712,4.5999999999726815e-07,3,"[31, 37, 39]","[3308, 2834, 5]"
88,36,167,1202,0.0010290386875781688,4.099999999975651e-07,3,"[31, 37, 39]","[3004, 3341, 4]"
89,36,167,1202,0.001029508687578166,4.6999999999720876e-07,2,"[31, 37]","[2552, 3614]"
90,36,167,1203,0.0010278555368625425,0.0010278555368625425,4,"[31, 37, 39, 193]","[3925, 28, 2325, 1]"
91,36,167,1204,0.0010269362566977436,0.0010269362566977436,3,"[31, 39, 193]","[696, 5558, 4]"
92,36,167,1204,0.0010274962566977402,5.599999999966743e-07,3,"[31, 39, 193]","[552, 5711, 1]"
93,36,167,1204,0.0010282662566977357,7.699999999954271e-07,2,"[31, 39]","[470, 5786]"
94,36,167,1205,0.0010272824383066182,0.0010272824383066182,3,"[31, 39, 193]","[115, 6190, 4]"
95,36,167,1205,0.0010286124383066103,1.3299999999921014e-06,3,"[31, 39, 193]","[20, 6173, 2]"
96,36,168,1198,0.0010328469936362287,0.0010328469936362287,3,"[31, 35, 36]","[4821, 1438, 1]"
97,36,168,1199,0.001030994541602656,0.001030994541602656,3,"[31, 35, 36]","[5676, 18, 560]"
98,36,168,1199,0.001031834541602651,8.399999999950114e-07,3,"[31, 35, 36]","[5934, 51, 297]"
99,36,168,1200,0.001030165451509325,0.001030165451509325,3,"[31, 36, 37]","[5607, 641, 53]"
100,36,168,1200,0.0010307754515093213,6.099999999963773e-07,3,"[31, 36, 37]","[5191, 1077, 8]"
101,36,168,1200,0.0010314654515093172,6.899999999959022e-07,2,"[31, 36]","[4873, 1346]"
102,36,168,1201,0.0010297221963445828,0.0010297221963445828,3,"[31, 36, 37]","[3648, 20, 2637]"
103,36,169,1196,0.0010343782113572105,0.0010343782113572105,4,"[31, 35, 221, 224]","[6230, 7, 12, 4]"
104,36,169,1197,0.0010321590879511858,0.0010321590879511858,2,"[31, 35]","[3420, 2840]"
105,36,169,1197,0.0010329090879511813,7.499999999955459e-07,3,"[31, 35, 221]","[5497, 825, 3]"
106,36,169,1197,0.0010343290879511729,1.419999999991567e-06,4,"[31, 35, 221, 224]","[5965, 201, 6, 2]"
107,36,169,1198,0.001031367058589235,0.001031367058589235,2,"[31, 35]","[2562, 3795]"
108,36,169,1198,0.0010318370585892323,4.6999999999720876e-07,2,"[31, 35]","[3103, 3177]"
109,36,169,1198,0.0010322570585892298,4.199999999975057e-07,2,"[31, 35]","[3471, 2709]"
110,36,169,1198,0.0010327770585892267,5.199999999969118e-07,2,"[31, 35]","[4192, 2009]"
111,36,169,1199,0.001031824265795647,0.001031824265795647,3,"[31, 35, 36]","[5703, 527, 61]"
112,36,170,1195,0.0010344563662653937,0.0010344563662653937,1,[31],[6308]
113,36,170,1195,0.001035396366265388,9.399999999944175e-07,1,[31],[6249]
114,36,170,1196,0.001033383717785218,0.001033383717785218,4,"[31, 35, 221, 224]","[6286, 3, 13, 1]"
115,36,170,1196,0.001034193717785213,8.099999999951896e-07,3,"[31, 221, 224]","[6266, 5, 1]"
116,36,170,1197,0.0010331406817354612,0.0010331406817354612,4,"[31, 35, 221, 224]","[5512, 754, 1, 3]"
117,36,171,1193,0.0010361830823747583,0.0010361830823747583,3,"[5, 31, 32]","[4665, 1346, 240]"
118,36,171,1193,0.001036733082374755,5.499999999967337e-07,3,"[5, 31, 32]","[3429, 1924, 929]"
119,36,171,1193,0.0010372130823747521,4.799999999971494e-07,3,"[5, 31, 32]","[2234, 2182, 1873]"
120,36,171,1193,0.0010377230823747491,5.099999999969712e-07,3,"[5, 31, 32]","[1050, 2275, 2962]"
121,36,171,1193,0.0010384930823747445,7.699999999954271e-07,3,"[5, 31, 32]","[363, 1824, 3981]"
122,36,171,1194,0.001035867528925978,0.001035867528925978,3,"[5, 31, 32]","[212, 6029, 40]"
123,36,171,1194,0.001036567528925974,6.999999999958428e-07,3,"[5, 31, 32]","[331, 5650, 305]"
124,36,171,1194,0.0010372975289259696,7.299999999956647e-07,3,"[5, 31, 32]","[253, 4870, 1099]"
125,36,171,1195,0.00103548202644569,0.00103548202644569,2,"[31, 221]","[6263, 1]"
126,36,172,1192,0.0010357324938502041,0.0010357324938502041,3,"[5, 31, 32]","[6260, 5, 2]"
127,36,172,1192,0.0010364024938502002,6.69999999996021e-07,3,"[5, 31, 32]","[6264, 22, 13]"
128,36,172,1192,0.0010376724938501926,1.2699999999924577e-06,3,"[5, 31, 32]","[5817, 186, 190]"
129,36,172,1193,0.0010353100137203205,0.0010353100137203205,3,"[5, 31, 32]","[6242, 30, 4]"
130,36,172,1193,0.0010356900137203182,3.7999999999774325e-07,3,"[5, 31, 32]","[6253, 67, 21]"
131,36,172,1193,0.0010359700137203165,2.7999999999833713e-07,3,"[5, 31, 32]","[6064, 140, 67]"
132,36,172,1193,0.001036220013720315,2.499999999985153e-07,3,"[5, 31, 32]","[6021, 168, 119]"
133,36,172,1193,0.0010364600137203136,2.399999999985747e-07,3,"[5, 31, 32]","[5606, 268, 202]"
134,36,172,1193,0.001036730013720312,2.699999999983965e-07,3,"[5, 31, 32]","[5486, 458, 453]"
135,36,172,1193,0.0010370500137203101,3.199999999980996e-07,3,"[5, 31, 32]","[4799, 666, 769]"
136,36,172,1193,0.0010374700137203076,4.199999999975057e-07,3,"[5, 31, 32]","[3563, 1017, 1523]"
137,36,172,1193,0.0010382100137203032,7.399999999956053e-07,3,"[5, 31, 32]","[1843, 1418, 3035]"
138,36,172,1194,0.001037490605301107,0.001037490605301107,3,"[5, 31, 32]","[2408, 2541, 1328]"
139,36,173,1192,0.0010347502016398644,0.0010347502016398644,1,[5],[6325]
140,36,173,1192,0.0010352302016398615,4.799999999971494e-07,1,[5],[6298]
141,36,173,1192,0.001035640201639859,4.099999999975651e-07,1,[5],[6147]
142,36,173,1192,0.0010361202016398563,4.799999999971494e-07,1,[5],[6249]
143,36,173,1193,0.0010349601370550077,0.0010349601370550077,1,[5],[6280]
144,36,173,1193,0.001035420137055005,4.5999999999726815e-07,1,[5],[6244]
145,36,173,1193,0.0010358201370550026,3.999999999976245e-07,2,"[5, 32]","[6229, 1]"
146,36,173,1193,0.0010362701370549999,4.4999999999732754e-07,3,"[5, 31, 32]","[6299, 2, 4]"
147,36,173,1193,0.0010373801370549933,1.109999999993408e-06,3,"[5, 31, 32]","[6158, 18, 27]"
148,36,174,1192,0.0010339200827742018,0.0010339200827742018,1,[5],[6295]
149,36,174,1192,0.0010343400827741993,4.199999999975057e-07,1,[5],[6316]
150,36,174,1192,0.0010346600827741974,3.199999999980996e-07,1,[5],[6201]
151,36,174,1192,0.0010349800827741955,3.199999999980996e-07,1,[5],[6333]
152,36,174,1192,0.0010353300827741934,3.499999999979214e-07,1,[5],[6168]
153,36,174,1192,0.0010358800827741902,5.499999999967337e-07,1,[5],[6236]
154,36,174,1193,0.0010350722616551168,0.0010350722616551168,1,[5],[6264]
155,36,175,1191,0.0010332909467804573,0.0010332909467804573,1,[5],[6318]
156,36,175,1191,0.0010339109467804536,6.199999999963179e-07,1,[5],[6184]
157,36,175,1191,0.0010346309467804493,7.199999999957241e-07,1,[5],[6279]
158,36,175,1192,0.0010333568745724661,0.0010333568745724661,1,[5],[6355]
159,36,175,1192,0.0010338268745724633,4.6999999999720876e-07,1,[5],[6228]
160,36,175,1192,0.001034226874572461,3.999999999976245e-07,1,[5],[6179]
161,36,175,1192,0.0010346768745724583,4.4999999999732754e-07,1,[5],[6318]
162,36,175,1192,0.0010355368745724532,8.599999999948926e-07,1,[5],[6189]
163,36,176,1191,0.001032205868642323,0.001032205868642323,1,[5],[6272]
164,36,176,1191,0.0010326558686423203,4.4999999999732754e-07,1,[5],[6330]
165,36,176,1191,0.0010330158686423182,3.5999999999786203e-07,1,[5],[6321]
166,36,176,1191,0.0010333658686423161,3.499999999979214e-07,1,[5],[6081]
167,36,176,1191,0.0010338158686423135,4.4999999999732754e-07,1,[5],[6326]
168,36,176,1191,0.0010351958686423053,1.3799999999918044e-06,1,[5],[6178]
169,36,176,1192,0.0010333115257534144,0.0010333115257534144,1,[5],[6250]
170,36,176,1192,0.0010346315257534066,1.3199999999921608e-06,1,[5],[6251]
171,36,177,1190,0.00103155212326278,0.00103155212326278,2,"[5, 28]","[6238, 55]"
172,36,177,1190,0.0010321921232627762,6.399999999961992e-07,2,"[5, 28]","[6267, 15]"
173,36,177,1190,0.001033062123262771,8.699999999948332e-07,2,"[5, 28]","[6179, 6]"
174,36,177,1191,0.0010316803510680215,0.0010316803510680215,2,"[5, 28]","[6247, 6]"
175,36,177,1191,0.0010321903510680185,5.099999999969712e-07,2,"[5, 28]","[6256, 2]"
176,36,177,1191,0.0010326703510680157,4.799999999971494e-07,1,[5],[6330]
177,36,177,1191,0.0010333603510680116,6.899999999959022e-07,1,[5],[6191]
178,36,178,1189,0.001032500511085343,0.001032500511085343,2,"[5, 28]","[5301, 952]"
179,36,178,1190,0.0010306124588996318,0.0010306124588996318,2,"[5, 28]","[5528, 737]"
180,36,178,1190,0.0010310524588996292,4.399999999973869e-07,2,"[5, 28]","[5584, 720]"
181,36,178,1190,0.001031412458899627,3.5999999999786203e-07,2,"[5, 28]","[5661, 671]"
182,36,178,1190,0.0010317824588996249,3.6999999999780264e-07,2,"[5, 28]","[5615, 568]"
183,36,178,1190,0.0010323124588996217,5.299999999968524e-07,2,"[5, 28]","[5759, 460]"
184,36,178,1191,0.0010321621431597708,0.0010321621431597708,2,"[5, 28]","[6016, 241]"
185,36,179,1189,0.0010302417579723866,0.0010302417579723866,3,"[5, 27, 28]","[6234, 2, 74]"
186,36,179,1189,0.0010308617579723829,6.199999999963179e-07,2,"[5, 28]","[6082, 149]"
187,36,179,1189,0.001031861757972377,9.999999999940612e-07,2,"[5, 28]","[5940, 279]"
188,36,179,1190,0.0010302894940933832,0.0010302894940933832,3,"[5, 27, 28]","[6091, 1, 238]"
189,36,179,1190,0.0010307994940933801,5.099999999969712e-07,2,"[5, 28]","[5836, 392]"
190,36,179,1190,0.0010312794940933773,4.799999999971494e-07,2,"[5, 28]","[5665, 528]"
191,36,179,1190,0.0010322194940933717,9.399999999944175e-07,2,"[5, 28]","[5482, 783]"
192,36,180,1189,0.0010295816105000538,0.0010295816105000538,2,"[5, 27]","[5872, 484]"
193,36,180,1189,0.0010300216105000512,4.399999999973869e-07,2,"[5, 27]","[5988, 293]"
194,36,180,1189,0.001030411610500049,3.8999999999768387e-07,2,"[5, 27]","[6006, 217]"
195,36,180,1189,0.0010308716105000462,4.5999999999726815e-07,3,"[5, 27, 28]","[6080, 156, 3]"
196,36,180,1190,0.0010307232427211837,0.0010307232427211837,3,"[5, 27, 28]","[6200, 63, 6]"
197,36,181,1188,0.0010293408751365627,0.0010293408751365627,3,"[5, 26, 27]","[5736, 13, 556]"
198,36,181,1188,0.001029980875136559,6.399999999961992e-07,3,"[5, 26, 27]","[5561, 7, 652]"
199,36,181,1188,0.0010314008751365505,1.419999999991567e-06,3,"[5, 26, 27]","[5464, 2, 762]"
200,36,181,1189,0.001029296098821878,0.001029296098821878,3,"[5, 26, 27]","[5135, 2, 1184]"
201,36,181,1189,0.0010297660988218753,4.6999999999720876e-07,2,"[5, 27]","[5079, 1166]"
202,36,181,1189,0.0010302060988218727,4.399999999973869e-07,2,"[5, 27]","[5195, 1095]"
203,36,181,1189,0.0010308460988218688,6.399999999961992e-07,2,"[5, 27]","[5164, 1020]"
204,36,182,1187,0.00102992440627515,0.00102992440627515,2,"[5, 26]","[5089, 1166]"
205,36,182,1188,0.0010285167092751485,0.0010285167092751485,3,"[5, 26, 27]","[5696, 575, 7]"
206,36,182,1188,0.0010289867092751457,4.6999999999720876e-07,3,"[5, 26, 27]","[5792, 487, 14]"
207,36,182,1188,0.0010293867092751434,3.999999999976245e-07,3,"[5, 26, 27]","[5861, 408, 21]"
208,36,182,1188,0.0010298467092751406,4.5999999999726815e-07,3,"[5, 26, 27]","[5897, 305, 29]"
209,36,182,1189,0.0010300122173397318,0.0010300122173397318,3,"[5, 26, 27]","[6013, 44, 226]"
210,36,183,1187,0.001027912217048744,0.001027912217048744,2,"[5, 26]","[6162, 154]"
211,36,183,1187,0.0010285522170487402,6.399999999961992e-07,2,"[5, 26]","[5777, 440]"
212,36,183,1187,0.0010294022170487351,8.49999999994952e-07,2,"[5, 26]","[5380, 838]"
213,36,183,1188,0.0010281771440949728,0.0010281771440949728,2,"[5, 26]","[5785, 471]"
214,36,183,1188,0.0010287571440949694,5.799999999965555e-07,2,"[5, 26]","[5484, 766]"
215,36,183,1188,0.0010293971440949656,6.399999999961992e-07,2,"[5, 26]","[5243, 1008]"
216,36,184,1187,0.001026786034078236,0.001026786034078236,1,[5],[6346]
217,36,184,1187,0.0010273460340782326,5.599999999966743e-07,1,[5],[6263]
218,36,184,1187,0.0010278360340782297,4.8999999999709e-07,2,"[5, 26]","[6147, 1]"
219,36,184,1187,0.0010285060340782257,6.69999999996021e-07,2,"[5, 26]","[6294, 9]"
220,36,184,1188,0.0010291425478926113,0.0010291425478926113,2,"[5, 26]","[6205, 50]"
221,36,185,1186,0.0010256812197988144,0.0010256812197988144,1,[5],[6271]
222,36,185,1186,0.0010265312197988094,8.49999999994952e-07,1,[5],[6240]
223,36,185,1187,0.0010259884857009983,0.0010259884857009983,1,[5],[6253]
224,36,185,1187,0.0010266984857009941,7.099999999957834e-07,1,[5],[6269]
225,36,185,1187,0.0010276384857009885,9.399999999944175e-07,1,[5],[6235]
226,36,186,1186,0.0010242853522755562,0.0010242853522755562,1,[5],[6326]
227,36,186,1186,0.0010248653522755527,5.799999999965555e-07,1,[5],[6275]
228,36,186,1186,0.0010254053522755495,5.39999999996793e-07,1,[5],[6181]
229,36,186,1186,0.0010262353522755446,8.299999999950708e-07,1,[5],[6225]
230,36,186,1187,0.0010264575760933904,0.0010264575760933904,1,[5],[6261]
231,36,187,1185,0.0010233052553935947,0.0010233052553935947,1,[5],[6316]
232,36,187,1185,0.0010242952553935888,9.899999999941206e-07,1,[5],[6227]
233,36,187,1186,0.0010234481798015,0.0010234481798015,1,[5],[6281]
234,36,187,1186,0.001024128179801496,6.799999999959616e-07,1,[5],[6287]
235,36,187,1186,0.001024978179801491,8.49999999994952e-07,1,[5],[6198]
236,36,188,1185,0.0010219134983768428,0.0010219134983768428,1,[5],[6250]
237,36,188,1185,0.0010225034983768393,5.899999999964961e-07,1,[5],[6273]
238,36,188,1185,0.0010230734983768359,5.699999999966149e-07,1,[5],[6312]
239,36,188,1185,0.0010240434983768301,9.699999999942394e-07,1,[5],[6171]
240,36,188,1186,0.0010236128743233823,0.0010236128743233823,1,[5],[6264]
241,36,189,1184,0.0010208970079916473,0.0010208970079916473,1,[5],[6284]
242,36,189,1184,0.0010218670079916415,9.699999999942394e-07,1,[5],[6217]
243,36,189,1185,0.0010210580890443759,0.0010210580890443759,1,[5],[6290]
244,36,189,1185,0.001021718089044372,6.599999999960804e-07,1,[5],[6269]
245,36,189,1185,0.0010224780890443674,7.599999999954865e-07,1,[5],[6198]
246,36,190,1184,0.0010194643853800051,0.0010194643853800051,1,[5],[6253]
247,36,190,1184,0.0010200743853800015,6.099999999963773e-07,1,[5],[6324]
248,36,190,1184,0.0010206343853799982,5.599999999966743e-07,1,[5],[6251]
249,36,190,1184,0.001021494385379993,8.599999999948926e-07,1,[5],[6185]
250,36,190,1185,0.0010213070377610913,0.0010213070377610913,1,[5],[6285]
251,36,191,1183,0.0010180827449086634,0.0010180827449086634,4,"[5, 23, 24, 25]","[5460, 8, 8, 814]"
252,36,191,1183,0.0010189427449086583,8.599999999948926e-07,2,"[5, 25]","[6040, 214]"
253,36,191,1184,0.0010186044975098816,0.0010186044975098816,2,"[5, 25]","[6201, 118]"
254,36,191,1184,0.0010193444975098772,7.399999999956053e-07,2,"[5, 25]","[6182, 6]"
255,36,191,1184,0.001020384497509871,1.0399999999938236e-06,2,"[5, 25]","[6256, 2]"
256,36,192,1182,0.001017452007779281,0.001017452007779281,4,"[5, 23, 24, 25]","[3834, 972, 711, 749]"
257,36,192,1183,0.0010165239967033035,0.0010165239967033035,4,"[5, 23, 24, 25]","[4240, 780, 522, 755]"
258,36,192,1183,0.0010170139967033006,4.8999999999709e-07,4,"[5, 23, 24, 25]","[4148, 348, 294, 1458]"
259,36,192,1183,0.0010173939967032984,3.7999999999774325e-07,4,"[5, 23, 24, 25]","[4071, 180, 160, 1889]"
260,36,192,1183,0.0010177639967032962,3.6999999999780264e-07,4,"[5, 23, 24, 25]","[4116, 88, 84, 2009]"
261,36,192,1183,0.0010181939967032936,4.299999999974463e-07,4,"[5, 23, 24, 25]","[4043, 34, 38, 2097]"
262,36,192,1183,0.0010189939967032889,7.99999999995249e-07,4,"[5, 23, 24, 25]","[4373, 6, 11, 1798]"
263,36,192,1184,0.0010187948884373362,0.0010187948884373362,4,"[5, 23, 24, 25]","[5112, 39, 22, 1081]"
264,36,193,1182,0.0010154256067288704,0.0010154256067288704,3,"[5, 23, 24]","[5999, 177, 84]"
265,36,193,1182,0.001016165606728866,7.399999999956053e-07,4,"[5, 23, 24, 25]","[5298, 594, 346, 8]"
266,36,193,1182,0.001016995606728861,8.299999999950708e-07,4,"[5, 23, 24, 25]","[4450, 991, 730, 88]"
267,36,193,1183,0.0010158874621700202,0.0010158874621700202,4,"[5, 23, 24, 25]","[5082, 779, 375, 27]"
268,36,193,1183,0.0010165374621700163,6.499999999961398e-07,4,"[5, 23, 24, 25]","[4304, 1137, 692, 149]"
269,36,193,1183,0.0010172074621700123,6.69999999996021e-07,4,"[5, 23, 24, 25]","[4057, 997, 737, 468]"
270,36,194,1181,0.0010160401474398045,0.0010160401474398045,1,[5],[6252]
271,36,194,1182,0.0010139873660713113,0.0010139873660713113,1,[5],[6311]
272,36,194,1182,0.0010146473660713074,6.599999999960804e-07,1,[5],[6194]
273,36,194,1182,0.0010153073660713035,6.599999999960804e-07,3,"[5, 23, 24]","[6293, 5, 2]"
274,36,194,1182,0.001017087366071293,1.779999999989429e-06,3,"[5, 23, 24]","[6100, 58, 40]"
275,36,195,1181,0.0010123798414936997,0.0010123798414936997,2,"[5, 22]","[5544, 745]"
276,36,195,1181,0.0010132298414936946,8.49999999994952e-07,2,"[5, 22]","[6171, 98]"
277,36,195,1181,0.001014679841493686,1.4499999999913887e-06,2,"[5, 22]","[6192, 7]"
278,36,195,1182,0.0010131935462648336,0.0010131935462648336,2,"[5, 22]","[6160, 134]"
279,36,195,1182,0.0010142035462648276,1.0099999999940018e-06,2,"[5, 22]","[6211, 2]"
280,36,196,1180,0.0010124675368092986,0.0010124675368092986,3,"[5, 21, 22]","[5615, 9, 631]"
281,36,196,1181,0.0010109123748369487,0.0010109123748369487,2,"[5, 22]","[5255, 1015]"
282,36,196,1181,0.0010114823748369453,5.699999999966149e-07,2,"[5, 22]","[4940, 1393]"
283,36,196,1181,0.0010119823748369423,4.999999999970306e-07,2,"[5, 22]","[4952, 1238]"
284,36,196,1181,0.0010126323748369385,6.499999999961398e-07,2,"[5, 22]","[5295, 976]"
285,36,197,1180,0.0010094340309715385,0.0010094340309715385,2,"[5, 21]","[5308, 1012]"
286,36,197,1180,0.001010204030971534,7.699999999954271e-07,3,"[5, 21, 22]","[5621, 636, 4]"
287,36,197,1180,0.0010113940309715269,1.1899999999929328e-06,3,"[5, 21, 22]","[5957, 198, 30]"
288,36,197,1181,0.0010102138857643877,0.0010102138857643877,3,"[5, 21, 22]","[5713, 545, 22]"
289,36,197,1181,0.0010112338857643816,1.0199999999939424e-06,3,"[5, 21, 22]","[6035, 67, 166]"
290,36,198,1180,0.001008169698852158,0.001008169698852158,2,"[5, 21]","[6141, 115]"
291,36,198,1180,0.0010088096988521541,6.399999999961992e-07,2,"[5, 21]","[5833, 474]"
292,36,198,1180,0.0010093996988521506,5.899999999964961e-07,2,"[5, 21]","[5359, 849]"
293,36,198,1180,0.0010104396988521445,1.0399999999938236e-06,2,"[5, 21]","[5065, 1167]"
294,36,199,1179,0.001006931669458319,0.001006931669458319,2,"[5, 126]","[6251, 1]"
295,36,199,1179,0.0010080016694583127,1.0699999999936455e-06,1,[5],[6268]
296,36,199,1180,0.001007343814632034,0.001007343814632034,1,[5],[6259]
297,36,199,1180,0.0010083038146320284,9.599999999942987e-07,2,"[5, 21]","[6242, 6]"
298,36,200,1179,0.0010054313296979987,0.0010054313296979987,2,"[5, 125]","[6293, 5]"
299,36,200,1179,0.0010061413296979945,7.099999999957834e-07,1,[5],[6228]
300,36,200,1179,0.0010069513296979897,8.099999999951896e-07,1,[5],[6238]
301,36,201,1178,0.0010044567145421788,0.0010044567145421788,2,"[5, 125]","[6263, 1]"
302,36,201,1179,0.0010043942023235132,0.0010043942023235132,2,"[5, 125]","[6312, 1]"
303,36,201,1179,0.0010051842023235085,7.899999999953083e-07,1,[5],[6206]
304,36,201,1179,0.0010066542023234998,1.46999999999127e-06,1,[5],[6231]
305,36,202,1178,0.0010026086641128143,0.0010026086641128143,3,"[5, 19, 20]","[5908, 5, 395]"
306,36,202,1178,0.00100334866411281,7.399999999956053e-07,2,"[5, 20]","[6173, 24]"
307,36,202,1178,0.0010042786641128044,9.299999999944769e-07,2,"[5, 20]","[6290, 3]"
308,36,202,1179,0.0010041486639476803,0.0010041486639476803,2,"[5, 20]","[6240, 35]"
309,36,203,1177,0.0010018303254278218,0.0010018303254278218,3,"[5, 19, 20]","[4755, 708, 795]"
310,36,203,1178,0.0010012192927916417,0.0010012192927916417,3,"[5, 19, 20]","[4678, 506, 1112]"
311,36,203,1178,0.0010018092927916381,5.899999999964961e-07,3,"[5, 19, 20]","[4775, 143, 1321]"
312,36,203,1178,0.0010023792927916348,5.699999999966149e-07,3,"[5, 19, 20]","[5231, 44, 1015]"
313,36,203,1178,0.0010032992927916293,9.199999999945363e-07,3,"[5, 19, 20]","[5613, 9, 564]"
314,36,204,1177,0.0010000834676024382,0.0010000834676024382,4,"[5, 19, 20, 133]","[5932, 365, 5, 6]"
315,36,204,1177,0.0010008934676024334,8.099999999951896e-07,3,"[5, 19, 20]","[5269, 906, 31]"
316,36,204,1177,0.0010027734676024223,1.879999999988835e-06,3,"[5, 19, 20]","[4890, 1129, 217]"
317,36,204,1178,0.0010006393530871873,0.0010006393530871873,3,"[5, 19, 20]","[5364, 836, 75]"
318,36,204,1178,0.0010015793530871817,9.399999999944175e-07,3,"[5, 19, 20]","[4801, 1098, 337]"
319,36,205,1177,0.0009987630996853762,0.0009987630996853762,3,"[5, 133, 135]","[6215, 71, 6]"
320,36,205,1177,0.0009994230996853723,6.599999999960804e-07,2,"[5, 19]","[6278, 1]"
321,36,205,1177,0.0010001930996853677,7.699999999954271e-07,2,"[5, 19]","[6199, 22]"
322,36,206,1176,0.000998040081534482,0.000998040081534482,5,"[5, 18, 133, 135, 136]","[6108, 3, 4, 135, 2]"
323,36,206,1177,0.0009978378090691549,0.0009978378090691549,4,"[5, 133, 135, 136]","[5956, 9, 356, 4]"
324,36,206,1177,0.0009986178090691503,7.799999999953677e-07,1,[5],[6231]
325,36,206,1177,0.0010002678090691405,1.649999999990201e-06,1,[5],[6199]
326,36,207,1176,0.0009961622850677256,0.0009961622850677256,4,"[5, 18, 135, 136]","[4240, 1864, 161, 3]"
327,36,207,1176,0.0009969022850677212,7.399999999956053e-07,2,"[5, 18]","[5942, 345]"
328,36,207,1176,0.0009977022850677164,7.99999999995249e-07,2,"[5, 18]","[6197, 52]"
329,36,207,1177,0.0009974715132102488,0.0009974715132102488,4,"[5, 18, 135, 136]","[5747, 150, 370, 4]"
330,36,208,1175,0.0009957130157012789,0.0009957130157012789,3,"[5, 17, 18]","[3076, 133, 3054]"
331,36,208,1176,0.0009949233264280155,0.0009949233264280155,3,"[5, 17, 18]","[3086, 68, 3138]"
332,36,208,1176,0.000995353326428013,4.299999999974463e-07,3,"[5, 17, 18]","[3064, 11, 3226]"
333,36,208,1176,0.000995693326428011,3.399999999979808e-07,3,"[5, 17, 18]","[3108, 7, 3045]"
334,36,208,1176,0.0009960533264280088,3.5999999999786203e-07,3,"[5, 17, 18]","[3469, 6, 2782]"
335,36,208,1176,0.000996513326428006,4.5999999999726815e-07,3,"[5, 17, 18]","[3923, 2, 2325]"
336,36,208,1176,0.0009981633264279962,1.649999999990201e-06,3,"[5, 17, 18]","[4989, 1, 1252]"
337,36,209,1175,0.0009942923145475845,0.0009942923145475845,3,"[5, 17, 18]","[5279, 950, 44]"
338,36,209,1175,0.000995212314547579,9.199999999945363e-07,3,"[5, 17, 18]","[4663, 1297, 303]"
339,36,209,1176,0.0009944046982845746,0.0009944046982845746,3,"[5, 17, 18]","[5034, 1113, 162]"
340,36,209,1176,0.0009951046982845705,6.999999999958428e-07,3,"[5, 17, 18]","[4537, 995, 687]"
341,36,209,1176,0.000996024698284565,9.199999999945363e-07,3,"[5, 17, 18]","[4308, 527, 1397]"
342,36,210,1175,0.000993077788459513,0.000993077788459513,2,"[5, 17]","[6244, 21]"
343,36,210,1175,0.000993747788459509,6.69999999996021e-07,2,"[5, 17]","[6162, 108]"
344,36,210,1175,0.0009945477884595042,7.99999999995249e-07,2,"[5, 17]","[5814, 412]"
345,36,210,1176,0.0009942538934177266,0.0009942538934177266,3,"[5, 17, 18]","[5914, 369, 1]"
346,36,211,1175,0.0009920853194529703,0.0009920853194529703,1,[5],[6318]
347,36,211,1175,0.0009927553194529664,6.69999999996021e-07,1,[5],[6256]
348,36,211,1175,0.000993675319452961,9.199999999945363e-07,2,"[5, 17]","[6214, 1]"
349,36,212,1174,0.0009915929501416872,0.0009915929501416872,1,[5],[6261]
350,36,212,1175,0.0009912888047928154,0.0009912888047928154,1,[5],[6256]
351,36,212,1175,0.0009921388047928103,8.49999999994952e-07,1,[5],[6244]
352,36,213,1174,0.000990085318492681,0.000990085318492681,1,[5],[6250]
353,36,213,1174,0.0009909553184926758,8.699999999948332e-07,1,[5],[6287]
354,36,213,1175,0.0009909050181037958,0.0009909050181037958,1,[5],[6259]
355,36,214,1174,0.000988981662569727,0.000988981662569727,2,"[5, 16]","[6143, 166]"
356,36,214,1174,0.000989651662569723,6.69999999996021e-07,2,"[5, 16]","[6175, 26]"
357,36,214,1174,0.0009905616625697177,9.099999999945957e-07,2,"[5, 16]","[6235, 6]"
358,36,215,1173,0.0009884935682201287,0.0009884935682201287,2,"[5, 16]","[5221, 1061]"
359,36,215,1174,0.000987885090338572,0.000987885090338572,2,"[5, 16]","[5013, 1291]"
360,36,215,1174,0.0009884750903385686,5.899999999964961e-07,2,"[5, 16]","[4933, 1268]"
361,36,215,1174,0.0009891350903385647,6.599999999960804e-07,2,"[5, 16]","[5288, 984]"
362,36,216,1173,0.0009868564266546482,0.0009868564266546482,3,"[5, 15, 16]","[5933, 361, 21]"
363,36,216,1173,0.0009875964266546438,7.399999999956053e-07,3,"[5, 15, 16]","[6123, 9, 94]"
364,36,216,1173,0.0009891164266546348,1.519999999990973e-06,3,"[5, 15, 16]","[5781, 2, 426]"
365,36,216,1174,0.000987406353916623,0.000987406353916623,3,"[5, 15, 16]","[6102, 24, 163]"
366,36,216,1174,0.000988406353916617,9.999999999940612e-07,2,"[5, 16]","[5591, 658]"
367,36,217,1172,0.0009873813474370993,0.0009873813474370993,2,"[5, 15]","[2610, 3642]"
368,36,217,1173,0.0009853124901632415,0.0009853124901632415,2,"[5, 15]","[2666, 3620]"
369,36,217,1173,0.0009857924901632386,4.799999999971494e-07,2,"[5, 15]","[3531, 2708]"
370,36,217,1173,0.000986222490163236,4.299999999974463e-07,2,"[5, 15]","[4255, 2066]"
371,36,217,1173,0.0009866824901632334,4.5999999999726815e-07,2,"[5, 15]","[4920, 1245]"
372,36,217,1173,0.000987412490163229,7.299999999956647e-07,2,"[5, 15]","[5674, 615]"
373,36,218,1172,0.0009854069910663554,0.0009854069910663554,2,"[5, 15]","[5574, 712]"
374,36,218,1173,0.0009848846641665391,0.0009848846641665391,2,"[5, 15]","[5521, 783]"
375,36,218,1173,0.0009854846641665356,5.999999999964367e-07,2,"[5, 15]","[4881, 1367]"
376,36,218,1173,0.000986094664166532,6.099999999963773e-07,2,"[5, 15]","[4525, 1720]"
377,36,219,1172,0.000983817178126439,0.000983817178126439,1,[5],[6269]
378,36,219,1172,0.0009846271781264342,8.099999999951896e-07,1,[5],[6267]
379,36,219,1173,0.0009844912483810593,0.0009844912483810593,2,"[5, 15]","[6283, 1]"
380,36,220,1172,0.0009826985806432027,0.0009826985806432027,1,[5],[6296]
381,36,220,1172,0.000983318580643199,6.199999999963179e-07,1,[5],[6233]
382,36,220,1172,0.0009840285806431948,7.099999999957834e-07,1,[5],[6232]
383,36,221,1171,0.0009823834088156938,0.0009823834088156938,1,[5],[6265]
384,36,221,1172,0.000981857731860374,0.000981857731860374,1,[5],[6254]
385,36,221,1172,0.00098254773186037,6.899999999959022e-07,1,[5],[6252]
386,36,221,1172,0.0009835977318603637,1.0499999999937643e-06,1,[5],[6258]
387,36,222,1171,0.0009807271028581506,0.0009807271028581506,1,[5],[6261]
388,36,222,1171,0.000981517102858146,7.899999999953083e-07,1,[5],[6242]
389,36,222,1172,0.0009813950574624841,0.0009813950574624841,1,[5],[6268]
390,36,223,1171,0.000979634710695193,0.000979634710695193,1,[5],[6295]
391,36,223,1171,0.0009802747106951893,6.399999999961992e-07,1,[5],[6299]
392,36,223,1171,0.0009809747106951851,6.999999999958428e-07,1,[5],[6178]
393,36,224,1170,0.0009793989645105207,0.0009793989645105207,1,[5],[6259]
394,36,224,1171,0.0009788065711067604,0.0009788065711067604,1,[5],[6264]
395,36,224,1171,0.0009795865711067558,7.799999999953677e-07,1,[5],[6245]
396,36,225,1170,0.0009776028755336616,0.0009776028755336616,1,[5],[6292]
397,36,225,1170,0.0009784628755336565,8.599999999948926e-07,1,[5],[6248]
398,36,225,1171,0.0009783083627842542,0.0009783083627842542,1,[5],[6250]
399,36,226,1170,0.0009764072365516697,0.0009764072365516697,1,[5],[6290]
400,36,226,1170,0.0009770672365516674,6.599999999977067e-07,1,[5],[6257]
401,36,226,1170,0.0009778872365516626,8.199999999951302e-07,1,[5],[6219]
402,36,227,1169,0.0009762509470394682,0.0009762509470394682,1,[5],[6270]
403,36,227,1170,0.0009755251612004892,0.0009755251612004892,1,[5],[6284]
404,36,227,1170,0.0009762351612004927,7.100000000034813e-07,1,[5],[6252]
405,36,227,1170,0.0009774851612004889,1.2499999999961544e-06,1,[5],[6217]
406,36,228,1169,0.0009743806085225573,0.0009743806085225573,2,"[5, 14]","[6274, 1]"
407,36,228,1169,0.0009753306085225619,9.500000000046581e-07,1,[5],[6260]
408,36,228,1170,0.0009749104713573938,0.0009749104713573938,1,[5],[6313]
409,36,228,1170,0.0009769704713573995,2.0600000000056554e-06,1,[5],[6191]
410,36,229,1169,0.0009730637317425519,0.0009730637317425519,2,"[5, 14]","[5576, 738]"
411,36,229,1169,0.0009737237317425551,6.600000000032361e-07,2,"[5, 14]","[6127, 73]"
412,36,229,1169,0.0009744637317425588,7.400000000036284e-07,2,"[5, 14]","[6245, 17]"
413,36,230,1168,0.0009720446729155983,0.0009720446729155983,2,"[5, 14]","[2567, 3754]"
414,36,230,1168,0.0009729546729156027,9.100000000044619e-07,2,"[5, 14]","[2752, 3451]"
415,36,230,1169,0.0009718149371389709,0.0009718149371389709,2,"[5, 14]","[3236, 3094]"
416,36,230,1169,0.0009723249371389734,5.100000000025006e-07,2,"[5, 14]","[3556, 2732]"
417,36,230,1169,0.0009727849371389757,4.600000000022555e-07,2,"[5, 14]","[4098, 2149]"
418,36,230,1169,0.0009733749371389786,5.900000000028929e-07,2,"[5, 14]","[4670, 1470]"
419,36,231,1168,0.0009711855049768595,0.0009711855049768595,2,"[5, 14]","[6086, 182]"
420,36,231,1168,0.000972105504976864,9.20000000004511e-07,2,"[5, 14]","[5491, 779]"
421,36,231,1169,0.0009715786681696444,0.0009715786681696444,2,"[5, 14]","[5709, 544]"
422,36,231,1169,0.0009726386681696496,1.0600000000051974e-06,2,"[5, 14]","[5040, 1229]"
423,36,232,1168,0.0009699714690339797,0.0009699714690339797,1,[5],[6256]
424,36,232,1168,0.0009706714690339831,7.000000000034323e-07,1,[5],[6266]
425,36,232,1168,0.0009716914690339881,1.0200000000050013e-06,1,[5],[6243]
426,36,233,1167,0.0009700609273676883,0.0009700609273676883,2,"[5, 13]","[5890, 363]"
427,36,233,1168,0.0009690185465147974,0.0009690185465147974,2,"[5, 13]","[6111, 196]"
428,36,233,1168,0.0009697385465148009,7.200000000035303e-07,2,"[5, 13]","[6246, 39]"
429,36,233,1168,0.000970978546514807,1.24000000000608e-06,2,"[5, 13]","[6170, 11]"
430,36,234,1167,0.0009679077862366864,0.0009679077862366864,2,"[5, 13]","[4906, 1418]"
431,36,234,1167,0.00096863778623669,7.300000000035793e-07,2,"[5, 13]","[4342, 1866]"
432,36,234,1168,0.0009682414910371299,0.0009682414910371299,2,"[5, 13]","[4748, 1561]"
433,36,234,1168,0.0009691614910371344,9.20000000004511e-07,2,"[5, 13]","[4774, 1429]"
434,36,235,1167,0.0009668319915317166,0.0009668319915317166,2,"[5, 13]","[6234, 20]"
435,36,235,1167,0.00096754199153172,7.100000000034813e-07,2,"[5, 13]","[6166, 134]"
436,36,235,1167,0.0009686019915317252,1.0600000000051974e-06,2,"[5, 13]","[5654, 563]"
437,36,236,1167,0.0009658853333578187,0.0009658853333578187,1,[5],[6287]
438,36,236,1167,0.0009666053333578222,7.200000000035303e-07,1,[5],[6221]
439,36,236,1167,0.0009680453333578292,1.4400000000070606e-06,2,"[5, 13]","[6247, 1]"
440,36,237,1166,0.0009650788237613726,0.0009650788237613726,1,[5],[6291]
441,36,237,1167,0.0009652345121745554,0.0009652345121745554,1,[5],[6283]
442,36,237,1167,0.0009665045121745616,1.270000000006227e-06,1,[5],[6222]
443,36,238,1166,0.0009637578098801561,0.0009637578098801561,1,[5],[6272]
444,36,238,1166,0.0009645278098801599,7.700000000037755e-07,1,[5],[6288]
445,36,238,1167,0.0009654546420971846,0.0009654546420971846,1,[5],[6263]
446,36,239,1166,0.0009627340455045457,0.0009627340455045457,2,"[5, 12]","[6125, 171]"
447,36,239,1166,0.000963414045504549,6.800000000033342e-07,2,"[5, 12]","[6247, 8]"
448,36,239,1166,0.000964434045504554,1.0200000000050013e-06,1,[5],[6220]
449,36,240,1165,0.0009619237872214711,0.0009619237872214711,2,"[5, 12]","[4804, 1454]"
450,36,240,1166,0.0009617275039279433,0.0009617275039279433,2,"[5, 12]","[4329, 1978]"
451,36,240,1166,0.0009624075039279467,6.800000000033342e-07,2,"[5, 12]","[4812, 1407]"
452,36,240,1166,0.0009635675039279523,1.1600000000056877e-06,2,"[5, 12]","[5505, 724]"
453,36,241,1165,0.0009607713072070361,0.0009607713072070361,2,"[5, 12]","[6236, 73]"
454,36,241,1165,0.00096156130720704,7.900000000038735e-07,2,"[5, 12]","[5924, 295]"
455,36,241,1166,0.0009614955433607887,0.0009614955433607887,2,"[5, 12]","[5725, 527]"
456,36,242,1165,0.0009596972393568253,0.0009596972393568253,2,"[5, 11]","[6100, 193]"
457,36,242,1165,0.0009603672393568286,6.700000000032852e-07,2,"[5, 11]","[6207, 18]"
458,36,242,1165,0.000961277239356833,9.100000000044619e-07,3,"[5, 11, 12]","[6238, 1, 3]"
459,36,243,1164,0.0009601114797127916,0.0009601114797127916,2,"[5, 11]","[4647, 1610]"
460,36,243,1165,0.0009586204559176376,0.0009586204559176376,2,"[5, 11]","[4047, 2280]"
461,36,243,1165,0.0009591804559176404,5.600000000027458e-07,2,"[5, 11]","[4457, 1742]"
462,36,243,1165,0.0009598004559176434,6.2000000000304e-07,2,"[5, 11]","[5148, 1142]"
463,36,244,1164,0.0009583819399322429,0.0009583819399322429,2,"[5, 11]","[6119, 160]"
464,36,244,1165,0.0009581293626375724,0.0009581293626375724,2,"[5, 11]","[5898, 376]"
465,36,244,1165,0.0009589493626375764,8.200000000040206e-07,2,"[5, 11]","[5381, 863]"
466,36,245,1164,0.000957108929033084,0.000957108929033084,1,[5],[6328]
467,36,245,1164,0.0009580489290330886,9.40000000004609e-07,1,[5],[6188]
468,36,245,1165,0.0009577069784411192,0.0009577069784411192,1,[5],[6302]
469,36,246,1164,0.0009560228207925812,0.0009560228207925812,1,[5],[6253]
470,36,246,1164,0.0009567328207925847,7.100000000034813e-07,1,[5],[6282]
471,36,246,1164,0.0009586628207925941,1.930000000009463e-06,1,[5],[6215]
472,36,247,1164,0.0009551012810274988,0.0009551012810274988,1,[5],[6323]
473,36,247,1164,0.000955761281027502,6.600000000032361e-07,1,[5],[6199]
474,36,247,1164,0.0009567412810275068,9.800000000048052e-07,1,[5],[6254]
475,36,248,1163,0.0009555386649673989,0.0009555386649673989,1,[5],[6262]
476,36,248,1164,0.0009543010884450087,0.0009543010884450087,1,[5],[6295]
477,36,248,1164,0.0009550610884450124,7.600000000037264e-07,1,[5],[6245]
478,36,249,1163,0.0009536269146569281,0.0009536269146569281,1,[5],[6283]
479,36,249,1164,0.000953686693520448,0.000953686693520448,1,[5],[6254]
480,36,249,1164,0.0009549866935204544,1.3000000000063742e-06,1,[5],[6260]
481,36,250,1163,0.0009523716260378669,0.0009523716260378669,2,"[5, 10]","[6103, 228]"
482,36,250,1163,0.0009531716260378708,8.000000000039226e-07,2,"[5, 10]","[6189, 16]"
483,36,250,1164,0.0009533901588100729,0.0009533901588100729,2,"[5, 10]","[6259, 16]"
484,36,251,1163,0.0009510083478088088,0.0009510083478088088,2,"[5, 10]","[3133, 3157]"
485,36,251,1163,0.0009515183478088113,5.100000000025006e-07,2,"[5, 10]","[3751, 2575]"
486,36,251,1163,0.0009519883478088136,4.700000000023045e-07,2,"[5, 10]","[4173, 2039]"
487,36,251,1163,0.0009526183478088167,6.30000000003089e-07,2,"[5, 10]","[4784, 1436]"
488,36,252,1163,0.0009504548183156535,0.0009504548183156535,2,"[5, 10]","[5491, 779]"
489,36,252,1163,0.0009510348183156564,5.800000000028439e-07,2,"[5, 10]","[4799, 1488]"
490,36,252,1163,0.0009516148183156592,5.800000000028439e-07,2,"[5, 10]","[4262, 1941]"
491,36,253,1162,0.0009506848063924224,0.0009506848063924224,2,"[5, 10]","[6256, 1]"
492,36,253,1163,0.0009497156407110828,0.0009497156407110828,2,"[5, 10]","[6278, 1]"
493,36,253,1163,0.000950575640711087,8.600000000042168e-07,2,"[5, 10]","[6221, 17]"
494,36,254,1162,0.000948944969096979,0.000948944969096979,1,[5],[6270]
495,36,254,1163,0.0009490832003758805,0.0009490832003758805,1,[5],[6287]
496,36,255,1162,0.0009477455651788722,0.0009477455651788722,1,[5],[6271]
497,36,255,1162,0.0009486455651788766,9.000000000044129e-07,1,[5],[6277]
498,36,255,1163,0.0009487816582549177,0.0009487816582549177,1,[5],[6284]
499,36,256,1162,0.0009467017915166011,0.0009467017915166011,1,[5],[6254]
500,36,256,1162,0.0009474317915166046,7.300000000035793e-07,1,[5],[6309]
501,36,257,1162,0.0009457781076405961,0.0009457781076405961,1,[5],[6260]
502,36,257,1162,0.0009464781076405995,7.000000000034323e-07,1,[5],[6251]
503,36,258,1161,0.0009464260960289841,0.0009464260960289841,1,[5],[6251]
504,36,258,1162,0.0009449342247081998,0.0009449342247081998,1,[5],[6320]
505,36,258,1162,0.0009457242247082037,7.900000000038735e-07,1,[5],[6213]
506,36,259,1161,0.0009443163436505368,0.0009443163436505368,1,[5],[6262]
507,36,259,1162,0.0009442207672124508,0.0009442207672124508,1,[5],[6274]
508,36,259,1162,0.0009455607672124573,1.3400000000065703e-06,1,[5],[6233]
509,36,260,1161,0.0009430824061437225,0.0009430824061437225,1,[5],[6306]
510,36,260,1161,0.0009440724061437274,9.900000000048542e-07,1,[5],[6205]
511,36,260,1162,0.0009438655659680796,0.0009438655659680796,1,[5],[6273]
512,36,261,1161,0.0009420416647159994,0.0009420416647159994,1,[5],[6284]
513,36,261,1161,0.0009428916647160035,8.500000000041677e-07,1,[5],[6255]
514,36,262,1161,0.0009410495825487247,0.0009410495825487247,1,[5],[6333]
515,36,262,1161,0.0009417595825487281,7.100000000034813e-07,1,[5],[6191]
516,36,263,1160,0.0009412120900028456,0.0009412120900028456,1,[5],[6252]
517,36,263,1161,0.000940276234719606,0.000940276234719606,1,[5],[6324]
518,36,263,1161,0.0009411362347196103,8.600000000042168e-07,1,[5],[6195]
519,36,264,1160,0.000939411776140883,0.000939411776140883,1,[5],[6256]
520,36,264,1161,0.000939696956689121,0.000939696956689121,1,[5],[6281]
521,36,265,1160,0.000938239695381035,0.000938239695381035,1,[5],[6261]
522,36,265,1160,0.000939049695381039,8.100000000039716e-07,1,[5],[6285]
523,36,265,1161,0.0009400385566252914,0.0009400385566252914,1,[5],[6252]
524,36,266,1160,0.0009372501073296888,0.0009372501073296888,1,[5],[6312]
525,36,266,1160,0.0009379601073296923,7.100000000034813e-07,1,[5],[6210]
526,36,267,1160,0.0009364100979709533,0.0009364100979709533,1,[5],[6285]
527,36,267,1160,0.0009371900979709572,7.800000000038245e-07,1,[5],[6283]
528,36,268,1159,0.0009358254269768257,0.0009358254269768257,1,[5],[6268]
529,36,268,1160,0.0009357357101308682,0.0009357357101308682,1,[5],[6266]
530,36,268,1160,0.0009370157101308745,1.2800000000062761e-06,1,[5],[6245]
531,36,269,1159,0.0009345139516690665,0.0009345139516690665,1,[5],[6287]
532,36,269,1159,0.0009354839516690712,9.700000000047561e-07,1,[5],[6257]
533,36,269,1160,0.0009354181652917901,0.0009354181652917901,1,[5],[6274]
534,36,270,1159,0.0009334572054327083,0.0009334572054327083,2,"[5, 9]","[6310, 1]"
535,36,270,1159,0.0009341772054327119,7.200000000035303e-07,1,[5],[6197]
536,36,271,1159,0.0009324799963114955,0.0009324799963114955,2,"[5, 9]","[5644, 635]"
537,36,271,1159,0.000933189996311499,7.100000000034813e-07,2,"[5, 9]","[6150, 110]"
538,36,271,1159,0.0009346399963115061,1.4500000000071097e-06,2,"[5, 9]","[6192, 21]"
539,36,272,1158,0.0009318532584225254,0.0009318532584225254,2,"[5, 9]","[4450, 1846]"
540,36,272,1159,0.0009315189608123106,0.0009315189608123106,2,"[5, 9]","[4254, 2036]"
541,36,272,1159,0.0009321389608123136,6.2000000000304e-07,2,"[5, 9]","[4182, 2071]"
542,36,272,1159,0.0009329989608123178,8.600000000042168e-07,2,"[5, 9]","[4689, 1556]"
543,36,273,1158,0.0009306968993853728,0.0009306968993853728,2,"[5, 9]","[6276, 33]"
544,36,273,1158,0.0009317768993853781,1.0800000000052955e-06,2,"[5, 9]","[5981, 211]"
545,36,273,1159,0.0009311843988838664,0.0009311843988838664,2,"[5, 9]","[6119, 139]"
546,36,274,1158,0.0009294991768599523,0.0009294991768599523,1,[5],[6252]
547,36,274,1158,0.000930249176859956,7.500000000036774e-07,1,[5],[6318]
548,36,275,1158,0.0009284909041660174,0.0009284909041660174,2,"[5, 8]","[6288, 1]"
549,36,275,1158,0.0009291709041660207,6.800000000033342e-07,1,[5],[6255]
550,36,275,1158,0.000930250904166026,1.0800000000052955e-06,1,[5],[6206]
551,36,276,1157,0.0009287886098401593,0.0009287886098401593,2,"[5, 8]","[6024, 231]"
552,36,276,1158,0.0009275141466149271,0.0009275141466149271,2,"[5, 8]","[5686, 579]"
553,36,276,1158,0.0009282741466149308,7.600000000037264e-07,2,"[5, 8]","[6176, 83]"
554,36,277,1157,0.0009263823818641348,0.0009263823818641348,2,"[5, 8]","[3776, 2503]"
555,36,277,1157,0.0009271323818641385,7.500000000036774e-07,2,"[5, 8]","[4028, 2250]"
556,36,277,1158,0.0009262316491215588,0.0009262316491215588,2,"[5, 8]","[2570, 3687]"
557,36,277,1158,0.0009267316491215613,5.000000000024516e-07,2,"[5, 8]","[2733, 3511]"
558,36,277,1158,0.0009272116491215636,4.800000000023535e-07,2,"[5, 8]","[2936, 3380]"
559,36,277,1158,0.0009279716491215674,7.600000000037264e-07,2,"[5, 8]","[3444, 2772]"
560,36,278,1157,0.0009253770736409779,0.0009253770736409779,2,"[5, 8]","[5880, 443]"
561,36,278,1157,0.0009260470736409812,6.700000000032852e-07,2,"[5, 8]","[5007, 1203]"
562,36,278,1157,0.0009268570736409851,8.100000000039716e-07,2,"[5, 8]","[4212, 2035]"
563,36,278,1158,0.0009260747382772265,0.0009260747382772265,2,"[5, 8]","[4130, 2145]"
564,36,278,1158,0.0009270247382772312,9.500000000046581e-07,2,"[5, 8]","[2535, 3732]"
565,36,279,1157,0.000924225738775144,0.000924225738775144,1,[5],[6251]
566,36,279,1157,0.0009249157387751474,6.900000000033832e-07,2,"[5, 8]","[6315, 5]"
567,36,279,1157,0.0009258157387751518,9.000000000044129e-07,2,"[5, 8]","[6177, 20]"
568,36,280,1157,0.0009231925176858408,0.0009231925176858408,1,[5],[6263]
569,36,280,1157,0.0009239125176858443,7.200000000035303e-07,1,[5],[6269]
570,36,280,1157,0.0009252125176858507,1.3000000000063742e-06,1,[5],[6221]
571,36,281,1156,0.0009223292372239079,0.0009223292372239079,1,[5],[6290]
572,36,281,1157,0.0009223947982183416,0.0009223947982183416,1,[5],[6299]
573,36,281,1157,0.0009235247982183471,1.1300000000055406e-06,1,[5],[6204]
574,36,282,1156,0.0009209022638672328,0.0009209022638672328,1,[5],[6314]
575,36,282,1156,0.0009217122638672367,8.100000000039716e-07,1,[5],[6216]
576,36,282,1157,0.0009219911820981516,0.0009219911820981516,1,[5],[6256]
577,36,283,1156,0.0009196921625965422,0.0009196921625965422,1,[5],[6333]
578,36,283,1156,0.0009203621625965455,6.700000000032852e-07,1,[5],[6236]
579,36,283,1156,0.0009212521625965498,8.900000000043639e-07,1,[5],[6187]
580,36,284,1156,0.0009186772946045078,0.0009186772946045078,2,"[5, 7]","[6137, 128]"
581,36,284,1156,0.0009193972946045113,7.200000000035303e-07,2,"[5, 7]","[6285, 9]"
582,36,284,1156,0.0009207372946045179,1.3400000000065703e-06,2,"[5, 7]","[6194, 1]"
583,36,285,1155,0.0009176624539784741,0.0009176624539784741,2,"[5, 7]","[5386, 905]"
584,36,285,1155,0.0009189724539784806,1.3100000000064232e-06,2,"[5, 7]","[5122, 1106]"
585,36,285,1156,0.0009176914460939321,0.0009176914460939321,2,"[5, 7]","[5066, 1213]"
586,36,285,1156,0.0009185314460939362,8.400000000041187e-07,2,"[5, 7]","[5132, 1115]"
587,36,286,1155,0.0009162375820927761,0.0009162375820927761,2,"[5, 7]","[6285, 5]"
588,36,286,1155,0.0009171275820927804,8.900000000043639e-07,2,"[5, 7]","[6151, 104]"
589,36,286,1156,0.0009173407597025924,0.0009173407597025924,2,"[5, 7]","[6081, 193]"
590,36,287,1155,0.00091482717241486,0.00091482717241486,2,"[5, 6]","[6294, 10]"
591,36,287,1155,0.0009155571724148635,7.300000000035793e-07,2,"[5, 6]","[6224, 1]"
592,36,287,1155,0.0009166571724148689,1.1000000000053935e-06,1,[5],[6235]
593,36,288,1154,0.0009135943621168586,0.0009135943621168586,3,"[1, 5, 6]","[75, 2016, 4188]"
594,36,288,1155,0.0009132803443901123,0.0009132803443901123,3,"[1, 5, 6]","[372, 4125, 1786]"
595,36,288,1155,0.0009139903443901158,7.100000000034813e-07,3,"[1, 5, 6]","[22, 5285, 1012]"
596,36,288,1155,0.0009147303443901194,7.400000000036284e-07,3,"[1, 5, 6]","[2, 5712, 473]"
597,36,288,1168,0.0009122794093744412,0.0009122794093744412,1,[1],[6252]
598,36,288,1169,0.0009118222656022646,0.0009118222656022646,1,[1],[6261]
599,36,288,1170,0.0009115408260224669,0.0009115408260224669,1,[1],[6307]
600,36,288,1170,0.0009123308260224707,7.900000000038735e-07,1,[1],[6221]
601,36,288,1171,0.0009112807124230282,0.0009112807124230282,2,"[1, 3]","[6252, 16]"
602,36,288,1171,0.0009118207124230309,5.400000000026477e-07,2,"[1, 3]","[6258, 14]"
603,36,288,1171,0.0009125507124230344,7.300000000035793e-07,2,"[1, 3]","[6239, 10]"
604,36,288,1172,0.0009110361811256831,0.0009110361811256831,2,"[1, 3]","[5581, 682]"
605,36,288,1172,0.0009114661811256852,4.300000000021084e-07,2,"[1, 3]","[5732, 606]"
606,36,288,1172,0.000911846181125687,3.800000000018632e-07,2,"[1, 3]","[5668, 529]"
607,36,288,1172,0.0009123661811256896,5.200000000025497e-07,2,"[1, 3]","[5769, 490]"
608,36,288,1173,0.0009109500729670368,0.0009109500729670368,2,"[1, 3]","[5959, 362]"
609,36,288,1173,0.0009113500729670388,4.000000000019613e-07,2,"[1, 3]","[5878, 357]"
610,36,288,1173,0.0009117000729670405,3.500000000017161e-07,2,"[1, 3]","[5949, 302]"
611,36,288,1173,0.0009121300729670426,4.300000000021084e-07,2,"[1, 3]","[5987, 290]"
612,36,288,1174,0.0009108147756102616,0.0009108147756102616,2,"[1, 3]","[6378, 2]"
613,36,288,1174,0.0009112147756102635,4.000000000019613e-07,2,"[1, 3]","[6186, 2]"
614,36,288,1174,0.0009115547756102652,3.400000000016671e-07,2,"[1, 3]","[6356, 3]"
615,36,288,1174,0.000911914775610267,3.6000000000176516e-07,2,"[1, 3]","[6079, 3]"
616,36,288,1174,0.0009126947756102708,7.800000000038245e-07,2,"[1, 3]","[6240, 4]"
617,36,288,1175,0.0009106888306540592,0.0009106888306540592,1,[1],[6262]
618,36,288,1175,0.0009110788306540611,3.9000000000191225e-07,1,[1],[6337]
619,36,288,1175,0.0009114088306540627,3.3000000000161806e-07,1,[1],[6266]
620,36,288,1175,0.0009117788306540645,3.700000000018142e-07,1,[1],[6282]
621,36,288,1175,0.0009124588306540679,6.800000000033342e-07,1,[1],[6127]
622,36,288,1176,0.0009105363666012911,0.0009105363666012911,1,[1],[6343]
623,36,288,1176,0.000910916366601293,3.800000000018632e-07,1,[1],[6269]
624,36,288,1176,0.0009112363666012945,3.2000000000156903e-07,1,[1],[6219]
625,36,288,1176,0.0009115663666012961,3.3000000000161806e-07,1,[1],[6180]
626,36,288,1176,0.0009120763666012986,5.100000000025006e-07,1,[1],[6268]
627,36,288,1177,0.0009104130451194898,0.0009104130451194898,1,[1],[6379]
628,36,288,1177,0.0009107930451194917,3.800000000018632e-07,1,[1],[6161]
629,36,288,1177,0.0009111130451194933,3.2000000000156903e-07,1,[1],[6214]
630,36,288,1177,0.000911463045119495,3.500000000017161e-07,1,[1],[6297]
631,36,288,1177,0.0009120130451194977,5.500000000026968e-07,1,[1],[6201]
632,36,288,1178,0.0009103000867277825,0.0009103000867277825,1,[1],[6281]
633,36,288,1178,0.0009106800867277843,3.800000000018632e-07,1,[1],[6280]
634,36,288,1178,0.0009109900867277858,3.1000000000152e-07,1,[1],[6277]
635,36,288,1178,0.0009113200867277875,3.3000000000161806e-07,1,[1],[6236]
636,36,288,1178,0.0009118200867277899,5.000000000024516e-07,1,[1],[6176]
637,36,288,1179,0.0009101741782475998,0.0009101741782475998,1,[1],[6298]
638,36,288,1179,0.0009105541782476016,3.800000000018632e-07,1,[1],[6204]
639,36,288,1179,0.0009108741782476032,3.2000000000156903e-07,1,[1],[6414]
640,36,288,1179,0.0009111941782476048,3.2000000000156903e-07,1,[1],[6105]
641,36,288,1179,0.0009116741782476071,4.800000000023535e-07,1,[1],[6241]
642,36,288,1180,0.0009100601751032009,0.0009100601751032009,1,[1],[6250]
643,36,288,1180,0.0009104401751032028,3.800000000018632e-07,1,[1],[6318]
644,36,288,1180,0.0009107501751032043,3.1000000000152e-07,1,[1],[6272]
645,36,288,1180,0.0009110701751032059,3.2000000000156903e-07,1,[1],[6243]
646,36,288,1180,0.000911510175103208,4.400000000021574e-07,1,[1],[6230]
647,36,288,1181,0.0009099548599359373,0.0009099548599359373,1,[1],[6251]
648,36,288,1181,0.0009103248599359391,3.700000000018142e-07,1,[1],[6252]
649,36,288,1181,0.0009106148599359405,2.9000000000142193e-07,1,[1],[6271]
650,36,288,1181,0.000910914859935942,3.0000000000147097e-07,1,[1],[6245]
651,36,288,1181,0.0009113048599359439,3.9000000000191225e-07,1,[1],[6248]
652,36,288,1182,0.0009098697350636648,0.0009098697350636648,1,[1],[6297]
653,36,288,1182,0.0009102397350636666,3.700000000018142e-07,1,[1],[6328]
654,36,288,1182,0.0009105397350636681,3.0000000000147097e-07,1,[1],[6211]
655,36,288,1182,0.0009108497350636696,3.1000000000152e-07,1,[1],[6221]
656,36,288,1182,0.0009112597350636716,4.100000000020103e-07,1,[1],[6195]
657,36,288,1183,0.0009097914766343421,0.0009097914766343421,1,[1],[6341]
658,36,288,1183,0.0009101614766343439,3.700000000018142e-07,1,[1],[6229]
659,36,288,1183,0.0009104714766343454,3.1000000000152e-07,1,[1],[6224]
660,36,288,1183,0.000910801476634347,3.3000000000161806e-07,1,[1],[6371]
661,36,288,1183,0.0009112514766343493,4.5000000000220645e-07,1,[1],[6110]
662,36,288,1184,0.0009097190767392504,0.0009097190767392504,2,"[1, 2]","[6300, 9]"
663,36,288,1184,0.0009100890767392522,3.700000000018142e-07,2,"[1, 2]","[6263, 7]"
664,36,288,1184,0.0009103990767392537,3.1000000000152e-07,2,"[1, 2]","[6265, 4]"
665,36,288,1184,0.0009107290767392553,3.3000000000161806e-07,2,"[1, 2]","[6229, 6]"
666,36,288,1184,0.0009111990767392577,4.700000000023045e-07,2,"[1, 2]","[6185, 6]"
667,36,288,1185,0.0009096057045655914,0.0009096057045655914,2,"[1, 2]","[5778, 587]"
668,36,288,1185,0.0009099557045655931,3.500000000017161e-07,2,"[1, 2]","[5652, 603]"
669,36,288,1185,0.0009102457045655945,2.9000000000142193e-07,2,"[1, 2]","[5759, 587]"
670,36,288,1185,0.0009105257045655959,2.800000000013729e-07,2,"[1, 2]","[5536, 618]"
671,36,288,1185,0.0009108657045655976,3.400000000016671e-07,2,"[1, 2]","[5614, 626]"
672,36,288,1185,0.0009115557045656009,6.900000000033832e-07,2,"[1, 2]","[5520, 636]"
673,36,288,1186,0.0009095743274028616,0.0009095743274028616,2,"[1, 2]","[5705, 679]"
674,36,288,1186,0.0009099443274028634,3.700000000018142e-07,2,"[1, 2]","[5604, 659]"
675,36,288,1186,0.0009102243274028648,2.800000000013729e-07,2,"[1, 2]","[5444, 720]"
676,36,288,1186,0.0009105143274028662,2.9000000000142193e-07,2,"[1, 2]","[5584, 732]"
677,36,288,1186,0.0009108743274028679,3.6000000000176516e-07,2,"[1, 2]","[5451, 777]"
678,36,288,1186,0.0009118443274028727,9.700000000047561e-07,2,"[1, 2]","[5334, 816]"
679,36,288,1187,0.0009096208121922475,0.0009096208121922475,2,"[1, 2]","[6253, 2]"
680,36,288,1187,0.0009100108121922494,3.9000000000191225e-07,2,"[1, 2]","[6373, 9]"
681,36,288,1187,0.000910330812192251,3.2000000000156903e-07,2,"[1, 2]","[6257, 7]"
682,36,288,1187,0.0009106808121922527,3.500000000017161e-07,2,"[1, 2]","[6196, 7]"
683,36,288,1187,0.0009113008121922557,6.2000000000304e-07,2,"[1, 2]","[6147, 13]"
684,36,288,1188,0.0009099661786707224,0.0009099661786707224,1,[1],[6265]
685,36,288,1188,0.0009106461786707258,6.800000000033342e-07,1,[1],[6259]
686,36,289,1154,0.0009120559510291394,0.0009120559510291394,3,"[1, 5, 6]","[4289, 1419, 545]"
687,36,289,1154,0.0009126459510291423,5.900000000028929e-07,3,"[1, 5, 6]","[2838, 1816, 1660]"
688,36,289,1154,0.000913195951029145,5.500000000026968e-07,3,"[1, 5, 6]","[1338, 1862, 3067]"
689,36,289,1154,0.0009138959510291484,7.000000000034323e-07,3,"[1, 5, 6]","[426, 1465, 4323]"
690,36,289,1155,0.0009114350424599439,0.0009114350424599439,3,"[1, 5, 6]","[5821, 498, 73]"
691,36,289,1155,0.0009117550424599455,3.2000000000156903e-07,3,"[1, 5, 6]","[5381, 595, 153]"
692,36,289,1155,0.0009120050424599467,2.500000000012258e-07,3,"[1, 5, 6]","[5375, 744, 227]"
693,36,289,1155,0.0009122150424599477,2.1000000000102968e-07,3,"[1, 5, 6]","[4959, 868, 336]"
694,36,289,1155,0.0009124250424599488,2.1000000000102968e-07,3,"[1, 5, 6]","[4933, 1053, 443]"
695,36,289,1155,0.0009126450424599498,2.200000000010787e-07,3,"[1, 5, 6]","[4489, 1184, 631]"
696,36,289,1155,0.000912885042459951,2.4000000000117677e-07,3,"[1, 5, 6]","[3799, 1426, 780]"
697,36,289,1155,0.0009132050424599526,3.2000000000156903e-07,3,"[1, 5, 6]","[3286, 1905, 1150]"
698,36,289,1155,0.000913705042459955,5.000000000024516e-07,3,"[1, 5, 6]","[2128, 2395, 1686]"
699,36,289,1156,0.0009115741561520202,0.0009115741561520202,3,"[1, 5, 6]","[6348, 6, 3]"
700,36,289,1156,0.000911934156152022,3.6000000000176516e-07,3,"[1, 5, 6]","[6240, 16, 2]"
701,36,289,1156,0.0009122241561520234,2.9000000000142193e-07,3,"[1, 5, 6]","[6162, 19, 8]"
702,36,289,1156,0.0009125141561520248,2.9000000000142193e-07,3,"[1, 5, 6]","[6303, 40, 7]"
703,36,289,1156,0.0009128541561520265,3.400000000016671e-07,3,"[1, 5, 6]","[6079, 41, 18]"
704,36,289,1156,0.0009136441561520303,7.900000000038735e-07,3,"[1, 5, 6]","[6079, 117, 18]"
705,36,289,1157,0.0009115631824605022,0.0009115631824605022,1,[1],[6279]
706,36,289,1157,0.000911933182460504,3.700000000018142e-07,1,[1],[6242]
707,36,289,1157,0.0009122331824605055,3.0000000000147097e-07,1,[1],[6230]
708,36,289,1157,0.000912543182460507,3.1000000000152e-07,1,[1],[6319]
709,36,289,1157,0.0009129331824605089,3.9000000000191225e-07,1,[1],[6223]
710,36,289,1158,0.0009115041695104132,0.0009115041695104132,1,[1],[6383]
711,36,289,1158,0.000911874169510415,3.700000000018142e-07,1,[1],[6320]
712,36,289,1158,0.0009121741695104165,3.0000000000147097e-07,1,[1],[6209]
713,36,289,1158,0.000912474169510418,3.0000000000147097e-07,1,[1],[6206]
714,36,289,1158,0.00091287416951042,4.000000000019613e-07,1,[1],[6136]
715,36,289,1159,0.0009114057300027993,0.0009114057300027993,1,[1],[6297]
716,36,289,1159,0.0009117857300028012,3.800000000018632e-07,1,[1],[6267]
717,36,289,1159,0.0009120957300028027,3.1000000000152e-07,1,[1],[6338]
718,36,289,1159,0.0009124257300028043,3.3000000000161806e-07,1,[1],[6279]
719,36,289,1159,0.0009128857300028066,4.600000000022555e-07,1,[1],[6161]
720,36,289,1160,0.000911336438722651,0.000911336438722651,1,[1],[6262]
721,36,289,1160,0.0009117264387226529,3.9000000000191225e-07,1,[1],[6395]
722,36,289,1160,0.0009120464387226545,3.2000000000156903e-07,1,[1],[6179]
723,36,289,1160,0.0009123964387226562,3.500000000017161e-07,1,[1],[6331]
724,36,289,1160,0.0009129564387226589,5.600000000027458e-07,1,[1],[6127]
725,36,289,1161,0.0009113099274911365,0.0009113099274911365,1,[1],[6280]
726,36,289,1161,0.0009117099274911385,4.000000000019613e-07,1,[1],[6362]
727,36,289,1161,0.0009120399274911401,3.3000000000161806e-07,1,[1],[6165]
728,36,289,1161,0.0009124099274911419,3.700000000018142e-07,1,[1],[6228]
729,36,289,1161,0.0009131999274911458,7.900000000038735e-07,1,[1],[6238]
730,36,289,1162,0.0009113014748933649,0.0009113014748933649,1,[1],[6261]
731,36,289,1162,0.0009117014748933668,4.000000000019613e-07,1,[1],[6335]
732,36,289,1162,0.0009120514748933685,3.500000000017161e-07,1,[1],[6173]
733,36,289,1162,0.0009124714748933706,4.2000000000205935e-07,1,[1],[6245]
734,36,289,1163,0.0009112661781714898,0.0009112661781714898,1,[1],[6295]
735,36,289,1163,0.0009116661781714918,4.000000000019613e-07,1,[1],[6278]
736,36,289,1163,0.0009120061781714934,3.400000000016671e-07,1,[1],[6355]
737,36,289,1163,0.0009123861781714953,3.800000000018632e-07,1,[1],[6089]
738,36,289,1163,0.0009132861781714997,9.000000000044129e-07,1,[1],[6251]
739,36,289,1164,0.0009111499563558668,0.0009111499563558668,1,[1],[6270]
740,36,289,1164,0.0009115099563558685,3.6000000000176516e-07,1,[1],[6297]
741,36,289,1164,0.00091179995635587,2.9000000000142193e-07,1,[1],[6255]
742,36,289,1164,0.0009120999563558714,3.0000000000147097e-07,1,[1],[6314]
743,36,289,1164,0.0009124599563558732,3.6000000000176516e-07,1,[1],[6189]
744,36,289,1165,0.0009110576951754643,0.0009110576951754643,1,[1],[6278]
745,36,289,1165,0.0009114176951754661,3.6000000000176516e-07,1,[1],[6427]
746,36,289,1165,0.0009116876951754674,2.7000000000132387e-07,1,[1],[6061]
747,36,289,1165,0.0009119476951754687,2.6000000000127484e-07,1,[1],[6331]
748,36,289,1165,0.0009122376951754701,2.9000000000142193e-07,1,[1],[6270]
749,36,289,1165,0.0009126576951754722,4.2000000000205935e-07,1,[1],[6221]
750,36,289,1166,0.0009110657960961925,0.0009110657960961925,1,[1],[6340]
751,36,289,1166,0.0009114157960961942,3.500000000017161e-07,1,[1],[6369]
752,36,289,1166,0.0009116857960961956,2.7000000000132387e-07,1,[1],[6236]
753,36,289,1166,0.0009119457960961968,2.6000000000127484e-07,1,[1],[6144]
754,36,289,1166,0.0009122357960961983,2.9000000000142193e-07,1,[1],[6326]
755,36,289,1166,0.0009126557960962003,4.2000000000205935e-07,1,[1],[6157]
756,36,289,1167,0.0009110768251413398,0.0009110768251413398,1,[1],[6315]
757,36,289,1167,0.0009114268251413415,3.500000000017161e-07,1,[1],[6360]
758,36,289,1167,0.0009116968251413429,2.7000000000132387e-07,1,[1],[6079]
759,36,289,1167,0.0009119668251413442,2.7000000000132387e-07,1,[1],[6419]
760,36,289,1167,0.0009122668251413457,3.0000000000147097e-07,1,[1],[6242]
761,36,289,1167,0.0009127168251413479,4.5000000000220645e-07,1,[1],[6158]
762,36,289,1168,0.0009110822732088291,0.0009110822732088291,1,[1],[6292]
763,36,289,1168,0.0009114322732088308,3.500000000017161e-07,1,[1],[6305]
764,36,289,1168,0.0009117222732088322,2.9000000000142193e-07,1,[1],[6342]
765,36,289,1168,0.0009119922732088335,2.7000000000132387e-07,1,[1],[6140]
766,36,289,1168,0.0009123122732088351,3.2000000000156903e-07,1,[1],[6291]
767,36,289,1168,0.0009128922732088379,5.800000000028439e-07,1,[1],[6166]
768,36,289,1169,0.000911063871575028,0.000911063871575028,1,[1],[6291]
769,36,289,1169,0.0009114338715750298,3.700000000018142e-07,1,[1],[6306]
770,36,289,1169,0.0009117338715750313,3.0000000000147097e-07,1,[1],[6297]
771,36,289,1169,0.0009120338715750328,3.0000000000147097e-07,1,[1],[6224]
772,36,289,1169,0.0009124338715750347,4.000000000019613e-07,1,[1],[6247]
773,36,289,1170,0.0009110684719263264,0.0009110684719263264,1,[1],[6296]
774,36,289,1170,0.0009114584719263283,3.9000000000191225e-07,1,[1],[6220]
775,36,289,1170,0.0009117884719263299,3.3000000000161806e-07,1,[1],[6287]
776,36,289,1170,0.0009121484719263317,3.6000000000176516e-07,1,[1],[6242]
777,36,289,1170,0.000912838471926335,6.900000000033832e-07,1,[1],[6235]
778,36,289,1171,0.0009110808685863582,0.0009110808685863582,2,"[1, 3]","[6301, 14]"
779,36,289,1171,0.0009114908685863602,4.100000000020103e-07,2,"[1, 3]","[6235, 13]"
780,36,289,1171,0.000911860868586362,3.700000000018142e-07,2,"[1, 3]","[6304, 10]"
781,36,289,1171,0.0009123308685863643,4.700000000023045e-07,2,"[1, 3]","[6118, 5]"
782,36,289,1172,0.0009110912281097899,0.0009110912281097899,2,"[1, 3]","[5660, 618]"
783,36,289,1172,0.000911521228109792,4.300000000021084e-07,2,"[1, 3]","[5744, 490]"
784,36,289,1172,0.0009119412281097941,4.2000000000205935e-07,2,"[1, 3]","[5764, 480]"
785,36,289,1172,0.0009126512281097975,7.100000000034813e-07,2,"[1, 3]","[5857, 390]"
786,36,289,1173,0.0009111593459505612,0.0009111593459505612,2,"[1, 3]","[5850, 430]"
787,36,289,1173,0.0009116893459505638,5.300000000025987e-07,2,"[1, 3]","[5956, 362]"
788,36,289,1173,0.0009124193459505674,7.300000000035793e-07,2,"[1, 3]","[5825, 344]"
789,36,289,1174,0.0009112036601213638,0.0009112036601213638,2,"[1, 3]","[6306, 5]"
790,36,289,1174,0.0009118836601213671,6.800000000033342e-07,1,[1],[6264]
791,36,289,1175,0.0009112388701379884,0.0009112388701379884,1,[1],[6310]
792,36,289,1175,0.0009123288701379938,1.0900000000053445e-06,1,[1],[6207]
793,36,289,1176,0.0009112502072929288,0.0009112502072929288,1,[1],[6321]
794,36,289,1177,0.0009113152269104597,0.0009113152269104597,1,[1],[6295]
795,36,289,1178,0.0009113866673177225,0.0009113866673177225,1,[1],[6266]
796,36,289,1179,0.0009116063036193008,0.0009116063036193008,1,[1],[6253]
797,36,289,1180,0.0009123178463991349,0.0009123178463991349,1,[1],[6250]
798,36,290,1154,0.0009122497310464375,0.0009122497310464375,3,"[1, 5, 6]","[5532, 717, 26]"
799,36,290,1155,0.0009114227703646266,0.0009114227703646266,3,"[1, 5, 6]","[6090, 180, 3]"
800,36,290,1155,0.0009117527703646283,3.3000000000161806e-07,3,"[1, 5, 6]","[6160, 189, 3]"
801,36,290,1155,0.0009120027703646295,2.500000000012258e-07,3,"[1, 5, 6]","[6046, 217, 4]"
802,36,290,1155,0.0009122327703646306,2.3000000000112774e-07,3,"[1, 5, 6]","[5909, 271, 10]"
803,36,290,1155,0.0009124727703646318,2.4000000000117677e-07,3,"[1, 5, 6]","[6105, 247, 15]"
804,36,290,1155,0.0009127527703646332,2.800000000013729e-07,3,"[1, 5, 6]","[5792, 315, 24]"
805,36,290,1155,0.0009132027703646354,4.5000000000220645e-07,3,"[1, 5, 6]","[5791, 355, 49]"
806,36,290,1156,0.0009114983988089961,0.0009114983988089961,2,"[1, 5]","[6343, 2]"
807,36,290,1156,0.0009118283988089977,3.3000000000161806e-07,2,"[1, 5]","[6171, 5]"
808,36,290,1156,0.000912088398808999,2.6000000000127484e-07,2,"[1, 5]","[6289, 4]"
809,36,290,1156,0.0009123283988090002,2.4000000000117677e-07,3,"[1, 5, 6]","[6378, 4, 1]"
810,36,290,1156,0.0009125783988090014,2.500000000012258e-07,3,"[1, 5, 6]","[6212, 4, 1]"
811,36,290,1156,0.0009128783988090029,3.0000000000147097e-07,2,"[1, 5]","[6100, 4]"
812,36,290,1156,0.0009134883988090058,6.10000000002991e-07,3,"[1, 5, 6]","[6257, 6, 1]"
813,36,290,1157,0.0009115488766481594,0.0009115488766481594,1,[1],[6362]
814,36,290,1157,0.0009119088766481612,3.6000000000176516e-07,1,[1],[6155]
815,36,290,1157,0.0009121988766481626,2.9000000000142193e-07,1,[1],[6369]
816,36,290,1157,0.000912488876648164,2.9000000000142193e-07,1,[1],[6247]
817,36,290,1157,0.0009128288766481657,3.400000000016671e-07,1,[1],[6170]
818,36,290,1157,0.0009136888766481699,8.600000000042168e-07,1,[1],[6209]
819,36,290,1158,0.0009115462900961573,0.0009115462900961573,1,[1],[6309]
820,36,290,1158,0.0009119262900961592,3.800000000018632e-07,1,[1],[6277]
821,36,290,1158,0.0009122562900961608,3.3000000000161806e-07,1,[1],[6332]
822,36,290,1158,0.0009126162900961626,3.6000000000176516e-07,1,[1],[6126]
823,36,290,1158,0.0009132762900961658,6.600000000032361e-07,1,[1],[6244]
824,36,290,1159,0.0009114673173565205,0.0009114673173565205,1,[1],[6308]
825,36,290,1159,0.0009118673173565225,4.000000000019613e-07,1,[1],[6219]
826,36,290,1159,0.0009122173173565242,3.500000000017161e-07,1,[1],[6337]
827,36,290,1159,0.0009126173173565262,4.000000000019613e-07,1,[1],[6210]
828,36,290,1160,0.0009113915578856275,0.0009113915578856275,1,[1],[6297]
829,36,290,1160,0.0009117915578856294,4.000000000019613e-07,1,[1],[6203]
830,36,290,1160,0.0009121415578856311,3.500000000017161e-07,1,[1],[6288]
831,36,290,1160,0.0009125615578856332,4.2000000000205935e-07,1,[1],[6311]
832,36,290,1161,0.0009113623650550377,0.0009113623650550377,1,[1],[6309]
833,36,290,1161,0.0009117823650550398,4.2000000000205935e-07,1,[1],[6358]
834,36,290,1161,0.0009121423650550415,3.6000000000176516e-07,1,[1],[6251]
835,36,290,1161,0.0009126023650550438,4.600000000022555e-07,1,[1],[6097]
836,36,290,1162,0.0009114165502939706,0.0009114165502939706,1,[1],[6323]
837,36,290,1162,0.0009118665502939728,4.5000000000220645e-07,1,[1],[6182]
838,36,290,1162,0.0009123265502939751,4.600000000022555e-07,1,[1],[6276]
839,36,290,1163,0.0009114807016015457,0.0009114807016015457,1,[1],[6272]
840,36,290,1163,0.0009120007016015483,5.200000000025497e-07,1,[1],[6340]
841,36,290,1163,0.0009126507016015515,6.500000000031871e-07,1,[1],[6157]
842,36,290,1164,0.0009115422212901401,0.0009115422212901401,1,[1],[6267]
843,36,290,1164,0.0009121622212901431,6.2000000000304e-07,1,[1],[6285]
844,36,290,1165,0.0009117206675225978,0.0009117206675225978,1,[1],[6265]
845,36,290,1165,0.0009128806675226035,1.1600000000056877e-06,1,[1],[6246]
846,36,290,1166,0.0009121933610085573,0.0009121933610085573,1,[1],[6255]
