,event,pixel_x,pixel_y,reset_time,TSLR,nMCParticles,MC_TrackIDs,MC_Weights
0,93,202,1147,0.0009751199974273284,0.0009751199974273284,2,"[524, 529]","[3322, 2949]"
1,93,202,1148,0.0009723935195587582,0.0009723935195587582,3,"[524, 529, 531]","[5931, 5, 350]"
2,93,202,1148,0.0009736135195587642,1.220000000005982e-06,3,"[524, 529, 531]","[5885, 184, 149]"
3,93,202,1148,0.0009751635195587718,1.5500000000076e-06,3,"[524, 529, 531]","[3980, 2266, 14]"
4,93,202,1149,0.0009701102384067947,0.0009701102384067947,2,"[524, 531]","[6285, 17]"
5,93,202,1149,0.0009706602384067974,5.500000000026968e-07,2,"[524, 531]","[6118, 134]"
6,93,202,1149,0.0009711802384067999,5.200000000025497e-07,2,"[524, 531]","[5710, 601]"
7,93,202,1149,0.0009717002384068025,5.200000000025497e-07,2,"[524, 531]","[4860, 1365]"
8,93,202,1149,0.0009722302384068051,5.300000000025987e-07,2,"[524, 531]","[4174, 2010]"
9,93,202,1149,0.0009728902384068083,6.600000000032361e-07,3,"[524, 529, 531]","[4493, 1, 1816]"
10,93,202,1149,0.0009741502384068145,1.260000000006178e-06,3,"[524, 529, 531]","[5412, 11, 754]"
11,93,202,1150,0.0009729818764531276,0.0009729818764531276,2,"[524, 531]","[4731, 1520]"
12,93,203,1146,0.0009733995529472723,0.0009733995529472723,2,"[524, 529]","[5739, 518]"
13,93,203,1147,0.0009730717479732469,0.0009730717479732469,2,"[524, 529]","[5201, 1066]"
14,93,203,1147,0.0009735617479732493,4.900000000024026e-07,2,"[524, 529]","[4564, 1757]"
15,93,203,1147,0.0009740017479732514,4.400000000021574e-07,2,"[524, 529]","[3820, 2460]"
16,93,203,1147,0.000974521747973254,5.200000000025497e-07,2,"[524, 529]","[2720, 3456]"
17,93,203,1147,0.0009757717479732601,1.250000000006129e-06,2,"[524, 529]","[1091, 5119]"
18,93,203,1148,0.0009731579331926699,0.0009731579331926699,3,"[524, 529, 531]","[6045, 180, 47]"
19,93,203,1148,0.0009738179331926732,6.600000000032361e-07,3,"[524, 529, 531]","[5495, 733, 3]"
20,93,203,1148,0.000974607933192677,7.900000000038735e-07,2,"[524, 529]","[3795, 2498]"
21,93,203,1148,0.0009755679331926818,9.60000000004707e-07,2,"[524, 529]","[680, 5539]"
22,93,203,1148,0.0009764979331926863,9.3000000000456e-07,2,"[524, 529]","[14, 6262]"
23,93,203,1148,0.000977507933192681,1.0099999999946523e-06,3,"[529, 553, 554]","[6240, 7, 1]"
24,93,203,1149,0.0009729390402170576,0.0009729390402170576,2,"[524, 531]","[5521, 736]"
25,93,203,1149,0.0009766090402170751,3.670000000017561e-06,3,"[524, 529, 531]","[4201, 1984, 75]"
26,93,203,1149,0.0009779190402170674,1.3099999999922202e-06,3,"[529, 553, 554]","[6265, 26, 2]"
27,93,203,1149,0.0009786790402170628,7.599999999954865e-07,3,"[529, 553, 554]","[6255, 36, 1]"
28,93,203,1149,0.000979309040217059,6.299999999962586e-07,2,"[529, 553]","[6162, 15]"
29,93,203,1149,0.0009800690402170546,7.599999999954865e-07,2,"[529, 553]","[6260, 4]"
30,93,203,1150,0.000979090366149419,0.000979090366149419,5,"[524, 529, 531, 548, 553]","[769, 5304, 176, 6, 4]"
31,93,203,1150,0.000979740366149415,6.499999999961398e-07,2,"[529, 548]","[6231, 12]"
32,93,203,1150,0.0009807003661494093,9.599999999942987e-07,3,"[529, 548, 549]","[6217, 26, 8]"
33,93,204,1146,0.0009739183379949088,0.0009739183379949088,2,"[524, 529]","[6076, 180]"
34,93,220,1073,0.0009027122586744948,0.0009027122586744948,1,[510],[6250]
35,93,220,1074,0.0009026136200597781,0.0009026136200597781,1,[510],[6259]
36,93,221,1069,0.0008954463873789475,0.0008954463873789475,2,"[475, 498]","[6259, 1]"
37,93,221,1070,0.0008954529068617597,0.0008954529068617597,1,[475],[6317]
38,93,221,1070,0.0008961029068617628,6.500000000031871e-07,1,[475],[6193]
39,93,221,1070,0.0008968329068617664,7.300000000035793e-07,1,[475],[6279]
40,93,221,1070,0.0008979829068617721,1.1500000000056387e-06,1,[475],[6226]
41,93,221,1071,0.0008972320147501998,0.0008972320147501998,1,[475],[6288]
42,93,221,1073,0.0009019662005935136,0.0009019662005935136,1,[510],[6302]
43,93,221,1074,0.0009022161775033481,0.0009022161775033481,1,[510],[6273]
44,93,222,1066,0.0008931479188859334,0.0008931479188859334,3,"[475, 498, 562]","[6138, 16, 108]"
45,93,222,1067,0.0008926112577213275,0.0008926112577213275,3,"[475, 498, 562]","[3635, 2439, 214]"
46,93,222,1067,0.0008933812577213313,7.700000000037755e-07,2,"[475, 562]","[5907, 385]"
47,93,222,1067,0.000894331257721336,9.500000000046581e-07,2,"[475, 562]","[5944, 251]"
48,93,222,1068,0.0008933865238350984,0.0008933865238350984,3,"[475, 498, 562]","[3769, 2448, 35]"
49,93,222,1068,0.0008940765238351018,6.900000000033832e-07,2,"[475, 562]","[6289, 14]"
50,93,222,1068,0.0008947065238351048,6.30000000003089e-07,2,"[475, 562]","[6267, 2]"
51,93,222,1069,0.0008948881702863455,0.0008948881702863455,2,"[475, 498]","[6301, 26]"
52,93,222,1069,0.0008957081702863495,8.200000000040206e-07,1,[475],[6240]
53,93,222,1070,0.0008960777281857626,0.0008960777281857626,1,[475],[6256]
54,93,223,1060,0.0008865991202689484,0.0008865991202689484,2,"[459, 475]","[5710, 636]"
55,93,223,1060,0.00088692912026895,3.3000000000161806e-07,2,"[459, 475]","[5337, 894]"
56,93,223,1060,0.0008871791202689512,2.500000000012258e-07,2,"[459, 475]","[5285, 992]"
57,93,223,1060,0.0008874091202689524,2.3000000000112774e-07,2,"[459, 475]","[5181, 1134]"
58,93,223,1060,0.0008876391202689535,2.3000000000112774e-07,2,"[459, 475]","[4805, 1276]"
59,93,223,1060,0.0008879091202689548,2.7000000000132387e-07,2,"[459, 475]","[4684, 1642]"
60,93,223,1060,0.0008882991202689567,3.9000000000191225e-07,2,"[459, 475]","[4191, 2005]"
61,93,223,1061,0.0008871407733194786,0.0008871407733194786,2,"[459, 475]","[5126, 1203]"
62,93,223,1061,0.0008876807733194812,5.400000000026477e-07,2,"[459, 475]","[3513, 2666]"
63,93,223,1061,0.0008882007733194838,5.200000000025497e-07,2,"[459, 475]","[2057, 4186]"
64,93,223,1061,0.0008889307733194873,7.300000000035793e-07,2,"[459, 475]","[819, 5468]"
65,93,223,1062,0.0008887053827626132,0.0008887053827626132,2,"[459, 475]","[120, 6200]"
66,93,223,1062,0.0008894453827626168,7.400000000036284e-07,2,"[459, 475]","[5, 6238]"
67,93,223,1063,0.0008892948213899838,0.0008892948213899838,1,[475],[6258]
68,93,223,1063,0.000889944821389987,6.500000000031871e-07,1,[475],[6288]
69,93,223,1064,0.0008899901804682664,0.0008899901804682664,1,[475],[6331]
70,93,223,1064,0.0008906601804682697,6.700000000032852e-07,1,[475],[6242]
71,93,223,1065,0.0008907796063559194,0.0008907796063559194,1,[475],[6262]
72,93,223,1065,0.0008914596063559228,6.800000000033342e-07,1,[475],[6287]
73,93,223,1065,0.0008928296063559295,1.3700000000067174e-06,1,[475],[6205]
74,93,223,1066,0.0008916651628414936,0.0008916651628414936,3,"[475, 498, 562]","[6313, 7, 2]"
75,93,223,1066,0.0008923251628414968,6.600000000032361e-07,2,"[475, 562]","[6216, 34]"
76,93,223,1066,0.000893375162841502,1.0500000000051484e-06,2,"[475, 562]","[6027, 161]"
77,93,223,1067,0.0008928145212876338,0.0008928145212876338,3,"[475, 498, 562]","[5501, 396, 406]"
78,93,223,1067,0.0008941145212876402,1.3000000000063742e-06,2,"[475, 562]","[5498, 715]"
79,93,224,1060,0.0008866648603063472,0.0008866648603063472,2,"[459, 475]","[6189, 122]"
80,93,224,1060,0.0008870548603063491,3.9000000000191225e-07,2,"[459, 475]","[6037, 203]"
81,93,224,1060,0.0008874048603063508,3.500000000017161e-07,2,"[459, 475]","[6094, 251]"
82,93,224,1060,0.0008877948603063528,3.9000000000191225e-07,2,"[459, 475]","[5781, 330]"
83,93,224,1060,0.0008889648603063585,1.1700000000057368e-06,2,"[459, 475]","[5692, 555]"
84,93,224,1061,0.0008863484785233475,0.0008863484785233475,2,"[459, 475]","[6310, 18]"
85,93,224,1061,0.0008866884785233492,3.400000000016671e-07,2,"[459, 475]","[6209, 32]"
86,93,224,1061,0.0008869384785233504,2.500000000012258e-07,2,"[459, 475]","[6373, 59]"
87,93,224,1061,0.0008871584785233515,2.200000000010787e-07,2,"[459, 475]","[6106, 60]"
88,93,224,1061,0.0008873884785233526,2.3000000000112774e-07,2,"[459, 475]","[6221, 100]"
89,93,224,1061,0.0008876484785233539,2.6000000000127484e-07,2,"[459, 475]","[6040, 181]"
90,93,224,1061,0.0008880084785233556,3.6000000000176516e-07,2,"[459, 475]","[5748, 316]"
91,93,224,1062,0.0008875977872475848,0.0008875977872475848,2,"[459, 475]","[6228, 51]"
92,93,225,1061,0.0008864471486591348,0.0008864471486591348,1,[459],[6319]
93,93,225,1061,0.0008868671486591368,4.2000000000205935e-07,1,[459],[6287]
94,93,225,1061,0.0008872471486591387,3.800000000018632e-07,1,[459],[6291]
95,93,225,1061,0.0008877671486591412,5.200000000025497e-07,1,[459],[6171]
96,93,225,1062,0.0008861828391860722,0.0008861828391860722,1,[459],[6344]
97,93,225,1062,0.0008865228391860739,3.400000000016671e-07,1,[459],[6159]
98,93,225,1062,0.0008868028391860752,2.800000000013729e-07,1,[459],[6322]
99,93,225,1062,0.0008870628391860765,2.6000000000127484e-07,1,[459],[6213]
100,93,225,1062,0.000887372839186078,3.1000000000152e-07,1,[459],[6351]
101,93,225,1062,0.0008878728391860805,5.000000000024516e-07,1,[459],[6115]
102,93,225,1063,0.0008875142819496941,0.0008875142819496941,1,[459],[6258]
103,93,226,1062,0.000886352093700482,0.000886352093700482,1,[459],[6257]
104,93,226,1062,0.0008868120937004843,4.600000000022555e-07,1,[459],[6297]
105,93,226,1062,0.0008872820937004866,4.700000000023045e-07,1,[459],[6237]
106,93,226,1063,0.0008860697922154115,0.0008860697922154115,1,[459],[6315]
107,93,226,1063,0.0008864397922154133,3.700000000018142e-07,1,[459],[6242]
108,93,226,1063,0.0008867497922154148,3.1000000000152e-07,1,[459],[6382]
109,93,226,1063,0.0008870597922154164,3.1000000000152e-07,1,[459],[6138]
110,93,226,1063,0.0008874997922154185,4.400000000021574e-07,1,[459],[6292]
111,93,226,1064,0.0008870805036450319,0.0008870805036450319,2,"[459, 472]","[6248, 2]"
112,93,227,1063,0.0008863690177698552,0.0008863690177698552,2,"[459, 472]","[6250, 1]"
113,93,227,1063,0.0008870090177698583,6.400000000031381e-07,1,[459],[6264]
114,93,227,1064,0.0008859552751245974,0.0008859552751245974,2,"[459, 472]","[6197, 138]"
115,93,227,1064,0.0008863052751245991,3.500000000017161e-07,2,"[459, 472]","[6028, 146]"
116,93,227,1064,0.0008865952751246005,2.9000000000142193e-07,2,"[459, 472]","[6111, 142]"
117,93,227,1064,0.000886895275124602,3.0000000000147097e-07,2,"[459, 472]","[6204, 145]"
118,93,227,1064,0.0008872652751246038,3.700000000018142e-07,2,"[459, 472]","[5996, 157]"
119,93,227,1065,0.0008866626000511246,0.0008866626000511246,2,"[459, 472]","[5479, 828]"
120,93,228,1064,0.0008863747019446661,0.0008863747019446661,2,"[459, 472]","[5684, 580]"
121,93,228,1064,0.0008870247019446693,6.500000000031871e-07,2,"[459, 472]","[5642, 678]"
122,93,228,1065,0.0008859556102856727,0.0008859556102856727,2,"[459, 472]","[5821, 444]"
123,93,228,1065,0.0008863256102856745,3.700000000018142e-07,2,"[459, 472]","[5740, 497]"
124,93,228,1065,0.000886625610285676,3.0000000000147097e-07,2,"[459, 472]","[5730, 560]"
125,93,228,1065,0.0008869456102856776,3.2000000000156903e-07,2,"[459, 472]","[5785, 531]"
126,93,228,1065,0.0008873556102856796,4.100000000020103e-07,2,"[459, 472]","[5615, 566]"
127,93,228,1066,0.0008867437971426213,0.0008867437971426213,2,"[459, 472]","[6218, 35]"
128,93,229,1065,0.0008865431673100355,0.0008865431673100355,2,"[459, 472]","[6263, 34]"
129,93,229,1066,0.0008859085451498384,0.0008859085451498384,1,[459],[6339]
130,93,229,1066,0.0008862985451498403,3.9000000000191225e-07,1,[459],[6312]
131,93,229,1066,0.0008866285451498419,3.3000000000161806e-07,2,"[459, 472]","[6191, 1]"
132,93,229,1066,0.0008870185451498438,3.9000000000191225e-07,1,[459],[6175]
133,93,229,1066,0.000887878545149848,8.600000000042168e-07,2,"[459, 472]","[6237, 1]"
134,93,229,1067,0.0008863387319022889,0.0008863387319022889,1,[459],[6323]
135,93,229,1067,0.000887378731902294,1.0400000000050993e-06,1,[459],[6193]
136,93,230,1066,0.0008867241808291118,0.0008867241808291118,1,[459],[6258]
137,93,230,1067,0.0008857301799870583,0.0008857301799870583,1,[459],[6270]
138,93,230,1067,0.0008861301799870603,4.000000000019613e-07,1,[459],[6332]
139,93,230,1067,0.0008864701799870619,3.400000000016671e-07,1,[459],[6180]
140,93,230,1067,0.0008868801799870639,4.100000000020103e-07,1,[459],[6261]
141,93,230,1068,0.0008857709403321609,0.0008857709403321609,1,[459],[6301]
142,93,230,1068,0.0008863709403321638,6.000000000029419e-07,1,[459],[6274]
143,93,231,1068,0.0008853202223101821,0.0008853202223101821,2,"[459, 471]","[6292, 1]"
144,93,231,1068,0.0008857702223101843,4.5000000000220645e-07,2,"[459, 471]","[6353, 1]"
145,93,231,1068,0.0008861902223101863,4.2000000000205935e-07,1,[459],[6210]
146,93,231,1068,0.0008868302223101895,6.400000000031381e-07,1,[459],[6150]
147,93,231,1069,0.0008850289486410639,0.0008850289486410639,2,"[459, 471]","[6102, 160]"
148,93,231,1069,0.0008855289486410663,5.000000000024516e-07,2,"[459, 471]","[6177, 70]"
149,93,231,1069,0.0008860989486410691,5.700000000027948e-07,2,"[459, 471]","[6213, 42]"
150,93,232,1069,0.0008845378039629,0.0008845378039629,3,"[459, 470, 471]","[5195, 5, 1060]"
151,93,232,1069,0.0008849778039629021,4.400000000021574e-07,3,"[459, 470, 471]","[5358, 2, 901]"
152,93,232,1069,0.0008853778039629041,4.000000000019613e-07,2,"[459, 471]","[5506, 771]"
153,93,232,1069,0.0008859078039629067,5.300000000025987e-07,3,"[459, 470, 471]","[5618, 1, 641]"
154,93,232,1070,0.0008842120069178277,0.0008842120069178277,3,"[459, 470, 471]","[5498, 357, 449]"
155,93,232,1070,0.0008846520069178299,4.400000000021574e-07,3,"[459, 470, 471]","[5385, 217, 644]"
156,93,232,1070,0.0008850320069178318,3.800000000018632e-07,3,"[459, 470, 471]","[5296, 162, 791]"
157,93,232,1070,0.0008855320069178342,5.000000000024516e-07,3,"[459, 470, 471]","[5245, 116, 913]"
158,93,233,1070,0.0008839192309630735,0.0008839192309630735,3,"[459, 470, 471]","[5289, 990, 33]"
159,93,233,1070,0.0008843492309630756,4.300000000021084e-07,3,"[459, 470, 471]","[5259, 1023, 76]"
160,93,233,1070,0.0008847292309630774,3.800000000018632e-07,3,"[459, 470, 471]","[5023, 979, 108]"
161,93,233,1070,0.00088523923096308,5.100000000025006e-07,3,"[459, 470, 471]","[5177, 928, 170]"
162,93,233,1071,0.0008837181161516165,0.0008837181161516165,2,"[459, 470]","[5895, 395]"
163,93,233,1071,0.0008841781161516187,4.600000000022555e-07,2,"[459, 470]","[5718, 560]"
164,93,233,1071,0.000884638116151621,4.600000000022555e-07,3,"[459, 470, 471]","[5517, 690, 1]"
165,93,233,1071,0.000885858116151627,1.220000000005982e-06,3,"[459, 470, 471]","[5297, 931, 3]"
166,93,234,1071,0.0008835677237982358,0.0008835677237982358,2,"[459, 470]","[6326, 22]"
167,93,234,1071,0.0008840777237982383,5.100000000025006e-07,2,"[459, 470]","[6166, 40]"
168,93,234,1071,0.0008846977237982413,6.2000000000304e-07,2,"[459, 470]","[6151, 63]"
169,93,234,1072,0.0008833199548617009,0.0008833199548617009,1,[459],[6268]
170,93,234,1072,0.0008838199548617034,5.000000000024516e-07,1,[459],[6348]
171,93,234,1072,0.0008843699548617061,5.500000000026968e-07,1,[459],[6191]
172,93,235,1072,0.0008832961189603122,0.0008832961189603122,1,[459],[6255]
173,93,235,1072,0.000883866118960315,5.700000000027948e-07,1,[459],[6251]
174,93,235,1072,0.0008851361189603212,1.270000000006227e-06,1,[459],[6250]
175,93,235,1073,0.0008830653707638555,0.0008830653707638555,1,[459],[6260]
176,93,235,1073,0.0008835553707638579,4.900000000024026e-07,1,[459],[6345]
177,93,235,1073,0.0008840653707638604,5.100000000025006e-07,1,[459],[6175]
178,93,235,1257,0.0009459612531670714,0.0009459612531670714,3,"[413, 414, 457]","[4860, 560, 830]"
179,93,235,1258,0.000941572316452802,0.000941572316452802,2,"[413, 457]","[4080, 2235]"
180,93,235,1258,0.0009420323164528043,4.600000000022555e-07,3,"[413, 414, 457]","[4268, 1, 1970]"
181,93,235,1258,0.0009424423164528063,4.100000000020103e-07,2,"[413, 457]","[4440, 1776]"
182,93,235,1258,0.0009429123164528086,4.700000000023045e-07,3,"[413, 414, 457]","[4940, 13, 1336]"
183,93,235,1258,0.000943602316452812,6.900000000033832e-07,3,"[413, 414, 457]","[5383, 210, 648]"
184,93,235,1258,0.0009447923164528178,1.1900000000058348e-06,3,"[413, 414, 457]","[4640, 1505, 74]"
185,93,235,1259,0.0009426865332050815,0.0009426865332050815,3,"[413, 414, 457]","[5275, 3, 979]"
186,93,235,1259,0.0009463665332050996,3.680000000018044e-06,3,"[413, 414, 457]","[1865, 4199, 198]"
187,93,236,1073,0.0008832567505133772,0.0008832567505133772,1,[459],[6316]
188,93,236,1073,0.0008839967505133808,7.400000000036284e-07,1,[459],[6232]
189,93,236,1074,0.0008829638417455883,0.0008829638417455883,2,"[459, 469]","[6259, 23]"
190,93,236,1074,0.0008834538417455907,4.900000000024026e-07,2,"[459, 469]","[6231, 26]"
191,93,236,1074,0.0008839938417455934,5.400000000026477e-07,2,"[459, 469]","[6234, 33]"
192,93,236,1257,0.0009443884536312321,0.0009443884536312321,3,"[413, 414, 457]","[3356, 2698, 198]"
193,93,236,1257,0.0009448784536312345,4.900000000024026e-07,2,"[413, 414]","[3213, 3154]"
194,93,236,1257,0.0009452584536312363,3.800000000018632e-07,2,"[413, 414]","[3479, 2698]"
195,93,236,1257,0.0009456684536312384,4.100000000020103e-07,2,"[413, 414]","[3893, 2393]"
196,93,236,1257,0.0009463084536312415,6.400000000031381e-07,2,"[413, 414]","[4270, 1933]"
197,93,236,1258,0.0009432192732843262,0.0009432192732843262,3,"[413, 414, 457]","[3938, 509, 1813]"
198,93,236,1258,0.0009439392732843297,7.200000000035303e-07,3,"[413, 414, 457]","[3202, 3097, 64]"
199,93,236,1258,0.0009443592732843318,4.2000000000205935e-07,3,"[413, 414, 457]","[2322, 3851, 2]"
200,93,236,1258,0.0009447192732843335,3.6000000000176516e-07,2,"[413, 414]","[2029, 4304]"
201,93,236,1258,0.0009450692732843353,3.500000000017161e-07,2,"[413, 414]","[1950, 4289]"
202,93,236,1258,0.0009454792732843373,4.100000000020103e-07,2,"[413, 414]","[1993, 4185]"
203,93,236,1258,0.0009461292732843405,6.500000000031871e-07,2,"[413, 414]","[1904, 4328]"
204,93,236,1259,0.0009450082878395744,0.0009450082878395744,4,"[413, 414, 419, 457]","[1143, 4844, 2, 265]"
205,93,236,1259,0.0009457882878395783,7.800000000038245e-07,3,"[413, 414, 419]","[54, 6190, 2]"
206,93,236,1259,0.0009463782878395812,5.900000000028929e-07,3,"[413, 414, 419]","[9, 6270, 1]"
207,93,236,1259,0.000947158287839585,7.800000000038245e-07,2,"[413, 414]","[2, 6225]"
208,93,237,1074,0.0008832864493095336,0.0008832864493095336,2,"[459, 469]","[5731, 585]"
209,93,237,1074,0.0008843164493095387,1.0300000000050503e-06,2,"[459, 469]","[5455, 739]"
210,93,237,1075,0.000882792606372366,0.000882792606372366,2,"[459, 469]","[5262, 1093]"
211,93,237,1075,0.000883192606372368,4.000000000019613e-07,2,"[459, 469]","[4880, 1297]"
212,93,237,1075,0.0008835526063723698,3.6000000000176516e-07,2,"[459, 469]","[4872, 1479]"
213,93,237,1075,0.0008839926063723719,4.400000000021574e-07,2,"[459, 469]","[4570, 1583]"
214,93,237,1076,0.0008839275099034855,0.0008839275099034855,2,"[459, 469]","[5964, 303]"
215,93,237,1257,0.0009450979153029954,0.0009450979153029954,3,"[413, 414, 457]","[1936, 4318, 1]"
216,93,237,1257,0.0009459079153029994,8.100000000039716e-07,2,"[413, 414]","[2825, 3450]"
217,93,238,1075,0.0008834066953858481,0.0008834066953858481,2,"[459, 469]","[5657, 595]"
218,93,238,1076,0.0008826734141756677,0.0008826734141756677,2,"[459, 469]","[6300, 6]"
219,93,238,1076,0.0008831334141756699,4.600000000022555e-07,2,"[459, 469]","[6297, 16]"
220,93,238,1076,0.0008836034141756722,4.700000000023045e-07,2,"[459, 469]","[6184, 15]"
221,93,238,1077,0.000883163267148205,0.000883163267148205,1,[459],[6310]
222,93,239,1076,0.0008836553032615975,0.0008836553032615975,1,[459],[6252]
223,93,239,1077,0.0008824879286665374,0.0008824879286665374,1,[459],[6271]
224,93,239,1077,0.0008829379286665396,4.5000000000220645e-07,1,[459],[6355]
225,93,239,1077,0.0008833579286665416,4.2000000000205935e-07,1,[459],[6261]
226,93,239,1077,0.0008840979286665453,7.400000000036284e-07,1,[459],[6136]
227,93,239,1078,0.0008827855697311373,0.0008827855697311373,1,[459],[6266]
228,93,239,1078,0.0008836455697311416,8.600000000042168e-07,1,[459],[6257]
229,93,240,1078,0.00088248112736841,0.00088248112736841,1,[459],[6300]
230,93,240,1078,0.0008829611273684124,4.800000000023535e-07,1,[459],[6204]
231,93,240,1078,0.0008835211273684151,5.600000000027458e-07,1,[459],[6321]
232,93,240,1079,0.0008827100769831186,0.0008827100769831186,2,"[459, 468]","[6266, 1]"
233,93,240,1079,0.0008834700769831224,7.600000000037264e-07,1,[459],[6242]
234,93,241,1079,0.0008825529776371609,0.0008825529776371609,2,"[459, 468]","[6207, 92]"
235,93,241,1079,0.0008830729776371634,5.200000000025497e-07,2,"[459, 468]","[6253, 63]"
236,93,241,1079,0.0008837829776371669,7.100000000034813e-07,2,"[459, 468]","[6115, 44]"
237,93,241,1080,0.0008825821955726665,0.0008825821955726665,2,"[459, 468]","[5355, 1002]"
238,93,241,1080,0.0008831321955726692,5.500000000026968e-07,2,"[459, 468]","[5438, 805]"
239,93,241,1080,0.0008840621955726737,9.3000000000456e-07,2,"[459, 468]","[5519, 638]"
240,93,242,1080,0.0008824862929326851,0.0008824862929326851,2,"[459, 468]","[4314, 2009]"
241,93,242,1080,0.0008829562929326874,4.700000000023045e-07,2,"[459, 468]","[4778, 1554]"
242,93,242,1080,0.0008834462929326898,4.900000000024026e-07,2,"[459, 468]","[4893, 1260]"
243,93,242,1081,0.0008827586612488659,0.0008827586612488659,2,"[459, 468]","[5813, 524]"
244,93,242,1081,0.0008833086612488686,5.500000000026968e-07,2,"[459, 468]","[5881, 324]"
245,93,242,1081,0.0008841386612488726,8.300000000040697e-07,2,"[459, 468]","[6032, 186]"
246,93,243,1081,0.0008830978756956122,0.0008830978756956122,2,"[459, 468]","[6262, 12]"
247,93,243,1081,0.0008838278756956157,7.300000000035793e-07,2,"[459, 468]","[6230, 3]"
248,93,243,1082,0.0008830972984798556,0.0008830972984798556,1,[459],[6294]
249,93,243,1082,0.0008836072984798581,5.100000000025006e-07,1,[459],[6280]
250,93,243,1082,0.0008842172984798611,6.10000000002991e-07,1,[459],[6220]
251,93,244,1082,0.0008836776199446335,0.0008836776199446335,1,[459],[6303]
252,93,244,1083,0.0008834323477144383,0.0008834323477144383,1,[459],[6320]
253,93,244,1083,0.0008839123477144406,4.800000000023535e-07,1,[459],[6209]
254,93,244,1083,0.0008844623477144433,5.500000000026968e-07,1,[459],[6291]
255,93,244,1084,0.0008845096678294367,0.0008845096678294367,1,[459],[6277]
256,93,245,1083,0.000884632310728553,0.000884632310728553,1,[459],[6252]
257,93,245,1084,0.0008837986327944126,0.0008837986327944126,1,[459],[6341]
258,93,245,1084,0.000884288632794415,4.900000000024026e-07,1,[459],[6217]
259,93,245,1084,0.0008848486327944177,5.600000000027458e-07,1,[459],[6205]
260,93,245,1085,0.0008843165135361324,0.0008843165135361324,1,[459],[6253]
261,93,245,1085,0.0008854065135361377,1.0900000000053445e-06,1,[459],[6252]
262,93,246,1085,0.0008842323172491092,0.0008842323172491092,1,[459],[6287]
263,93,246,1085,0.000884792317249112,5.600000000027458e-07,1,[459],[6285]
264,93,246,1085,0.0008857723172491168,9.800000000048052e-07,1,[459],[6187]
265,93,246,1086,0.0008844630490795018,0.0008844630490795018,1,[459],[6273]
266,93,246,1086,0.0008850730490795048,6.10000000002991e-07,1,[459],[6294]
267,93,247,1086,0.000884863168458703,0.000884863168458703,1,[459],[6275]
268,93,247,1086,0.0008860531684587088,1.1900000000058348e-06,1,[459],[6226]
269,93,247,1087,0.0008847765210065394,0.0008847765210065394,1,[459],[6281]
270,93,247,1087,0.000885306521006542,5.300000000025987e-07,1,[459],[6321]
271,93,247,1087,0.0008859465210065452,6.400000000031381e-07,1,[459],[6173]
272,93,247,1088,0.000885838736749475,0.000885838736749475,1,[459],[6282]
273,93,248,1087,0.0008861513897687174,0.0008861513897687174,1,[459],[6264]
274,93,248,1088,0.0008852359296587768,0.0008852359296587768,1,[459],[6281]
275,93,248,1088,0.0008857559296587793,5.200000000025497e-07,1,[459],[6221]
276,93,248,1088,0.0008864559296587828,7.000000000034323e-07,1,[459],[6278]
277,93,248,1089,0.0008857064433416151,0.0008857064433416151,1,[459],[6274]
278,93,248,1089,0.0008865164433416191,8.100000000039716e-07,1,[459],[6229]
279,93,249,1089,0.0008858432304766571,0.0008858432304766571,1,[459],[6254]
280,93,249,1089,0.0008865932304766607,7.500000000036774e-07,1,[459],[6251]
281,93,249,1090,0.0008858765133276483,0.0008858765133276483,1,[459],[6291]
282,93,249,1090,0.0008863965133276508,5.200000000025497e-07,1,[459],[6253]
283,93,249,1090,0.000887056513327654,6.600000000032361e-07,1,[459],[6243]
284,93,249,1091,0.0008875635206982755,0.0008875635206982755,1,[459],[6258]
285,93,250,1090,0.0008865723894546943,0.0008865723894546943,1,[459],[6259]
286,93,250,1091,0.0008861643647062958,0.0008861643647062958,1,[459],[6280]
287,93,250,1091,0.0008866543647062982,4.900000000024026e-07,1,[459],[6358]
288,93,250,1091,0.0008871643647063007,5.100000000025006e-07,1,[459],[6126]
289,93,250,1092,0.0008867660600484662,0.0008867660600484662,1,[459],[6299]
290,93,250,1092,0.000888146060048473,1.3800000000067664e-06,2,"[459, 467]","[6203, 1]"
291,93,251,1092,0.0008865972681999842,0.0008865972681999842,2,"[459, 467]","[6274, 15]"
292,93,251,1092,0.0008871372681999868,5.400000000026477e-07,3,"[459, 467, 578]","[6238, 41, 1]"
293,93,251,1092,0.0008879372681999907,8.000000000039226e-07,2,"[459, 467]","[6135, 69]"
294,93,251,1093,0.0008867825171769834,0.0008867825171769834,3,"[459, 467, 578]","[5644, 620, 1]"
295,93,251,1093,0.0008872925171769859,5.100000000025006e-07,3,"[459, 467, 578]","[5450, 872, 2]"
296,93,251,1093,0.0008878725171769888,5.800000000028439e-07,4,"[459, 467, 578, 579]","[5085, 1117, 5, 3]"
297,93,252,1093,0.0008870822334011475,0.0008870822334011475,4,"[459, 467, 578, 579]","[5044, 1215, 3, 2]"
298,93,252,1093,0.0008877822334011509,7.000000000034323e-07,3,"[459, 467, 578]","[4813, 1485, 2]"
299,93,252,1094,0.0008870529780187478,0.0008870529780187478,2,"[459, 467]","[6010, 326]"
300,93,252,1094,0.0008875329780187502,4.800000000023535e-07,3,"[459, 467, 578]","[5981, 277, 1]"
301,93,252,1094,0.0008880629780187528,5.300000000025987e-07,3,"[459, 467, 578]","[5942, 259, 2]"
302,93,252,1095,0.0008878163523078637,0.0008878163523078637,2,"[459, 467]","[6314, 1]"
303,93,253,1095,0.0008875063968498283,0.0008875063968498283,1,[459],[6347]
304,93,253,1095,0.000888056396849831,5.500000000026968e-07,1,[459],[6174]
305,93,253,1095,0.0008890063968498357,9.500000000046581e-07,1,[459],[6233]
306,93,253,1096,0.0008877331095784681,0.0008877331095784681,2,"[459, 466]","[6193, 59]"
307,93,253,1096,0.0008883131095784709,5.800000000028439e-07,2,"[459, 466]","[6208, 93]"
308,93,253,1096,0.0008895831095784771,1.270000000006227e-06,2,"[459, 466]","[6102, 97]"
309,93,253,1097,0.0008895813333861055,0.0008895813333861055,2,"[459, 466]","[5181, 1074]"
310,93,253,1185,0.0008496889659870907,0.0008496889659870907,3,"[257, 260, 263]","[21, 3, 6250]"
311,93,254,1096,0.0008880451296293471,0.0008880451296293471,2,"[459, 466]","[5034, 1228]"
312,93,254,1096,0.0008889251296293515,8.800000000043148e-07,2,"[459, 466]","[4974, 1269]"
313,93,254,1097,0.0008876842796501042,0.0008876842796501042,2,"[459, 466]","[3310, 2965]"
314,93,254,1097,0.0008880742796501061,3.9000000000191225e-07,2,"[459, 466]","[3749, 2513]"
315,93,254,1097,0.0008884042796501077,3.3000000000161806e-07,2,"[459, 466]","[4004, 2294]"
316,93,254,1097,0.0008887642796501095,3.6000000000176516e-07,2,"[459, 466]","[4212, 2036]"
317,93,254,1097,0.0008893742796501125,6.10000000002991e-07,2,"[459, 466]","[4471, 1733]"
318,93,254,1098,0.0008885037528413042,0.0008885037528413042,2,"[459, 466]","[5796, 520]"
319,93,254,1098,0.0008894237528413087,9.20000000004511e-07,2,"[459, 466]","[6030, 175]"
320,93,254,1185,0.0008495184174455298,0.0008495184174455298,2,"[257, 263]","[1, 6299]"
321,93,255,1098,0.0008885821569915907,0.0008885821569915907,2,"[459, 466]","[6169, 90]"
322,93,255,1098,0.0008893121569915943,7.300000000035793e-07,2,"[459, 466]","[6272, 25]"
323,93,255,1099,0.0008886667546280752,0.0008886667546280752,1,[459],[6317]
324,93,255,1099,0.0008891967546280778,5.300000000025987e-07,1,[459],[6206]
325,93,255,1099,0.0008898767546280811,6.800000000033342e-07,1,[459],[6236]
326,93,255,1100,0.0008894460225617085,0.0008894460225617085,1,[459],[6263]
327,93,256,1100,0.0008891621464312077,0.0008891621464312077,1,[459],[6252]
328,93,256,1100,0.0008897821464312108,6.2000000000304e-07,1,[459],[6253]
329,93,256,1101,0.0008894082093496182,0.0008894082093496182,1,[459],[6314]
330,93,256,1101,0.0008900182093496212,6.10000000002991e-07,1,[459],[6269]
331,93,256,1102,0.0008904513177863006,0.0008904513177863006,1,[459],[6251]
332,93,257,1101,0.0008904528820114047,0.0008904528820114047,1,[459],[6260]
333,93,257,1102,0.0008897556361659238,0.0008897556361659238,1,[459],[6323]
334,93,257,1102,0.0008903656361659267,6.10000000002991e-07,1,[459],[6226]
335,93,257,1103,0.0008900085373163738,0.0008900085373163738,1,[459],[6305]
336,93,257,1103,0.0008906385373163769,6.30000000003089e-07,1,[459],[6236]
337,93,257,1104,0.0008913517136486974,0.0008913517136486974,1,[459],[6253]
338,93,258,1103,0.0008907622086539665,0.0008907622086539665,1,[459],[6257]
339,93,258,1104,0.0008903084124007105,0.0008903084124007105,1,[459],[6296]
340,93,258,1104,0.0008908884124007133,5.800000000028439e-07,1,[459],[6271]
341,93,258,1104,0.0008924984124007212,1.6100000000078942e-06,1,[459],[6184]
342,93,258,1105,0.0008906212135319017,0.0008906212135319017,2,"[459, 465]","[6336, 1]"
343,93,258,1105,0.0008912812135319049,6.600000000032361e-07,2,"[459, 465]","[6188, 5]"
344,93,258,1106,0.0008921404726053255,0.0008921404726053255,2,"[459, 465]","[5735, 526]"
345,93,259,1105,0.0008911725012914409,0.0008911725012914409,2,"[459, 465]","[6146, 129]"
346,93,259,1106,0.0008907144237687876,0.0008907144237687876,2,"[459, 465]","[4917, 1436]"
347,93,259,1106,0.0008911744237687898,4.600000000022555e-07,2,"[459, 465]","[4736, 1470]"
348,93,259,1106,0.0008916444237687921,4.700000000023045e-07,2,"[459, 465]","[4886, 1411]"
349,93,259,1107,0.0008911408352981392,0.0008911408352981392,2,"[459, 465]","[5426, 880]"
350,93,259,1107,0.0008918008352981424,6.600000000032361e-07,2,"[459, 465]","[5647, 547]"
351,93,260,1107,0.000891614882292384,0.000891614882292384,2,"[459, 465]","[6124, 181]"
352,93,260,1108,0.0008914480876016502,0.0008914480876016502,1,[459],[6352]
353,93,260,1108,0.0008919880876016528,5.400000000026477e-07,1,[459],[6213]
354,93,260,1108,0.0008927480876016566,7.600000000037264e-07,2,"[459, 465]","[6197, 1]"
355,93,260,1109,0.0008919958084705792,0.0008919958084705792,1,[459],[6322]
356,93,260,1109,0.0008929458084705839,9.500000000046581e-07,1,[459],[6182]
357,93,261,1109,0.0008921266495841105,0.0008921266495841105,1,[459],[6280]
358,93,261,1109,0.0008930866495841152,9.60000000004707e-07,1,[459],[6220]
359,93,261,1110,0.0008921503697505068,0.0008921503697505068,1,[459],[6335]
360,93,261,1110,0.0008926903697505094,5.400000000026477e-07,1,[459],[6180]
361,93,261,1110,0.0008934503697505131,7.600000000037264e-07,1,[459],[6238]
362,93,261,1111,0.0008928299667676255,0.0008928299667676255,1,[459],[6252]
363,93,262,1111,0.0008927028554664659,0.0008927028554664659,1,[459],[6315]
364,93,262,1111,0.0008934028554664693,7.000000000034323e-07,1,[459],[6194]
365,93,262,1112,0.0008928593473573063,0.0008928593473573063,1,[459],[6322]
366,93,262,1112,0.000893419347357309,5.600000000027458e-07,1,[459],[6207]
367,93,262,1112,0.0008943293473573135,9.100000000044619e-07,1,[459],[6244]
368,93,262,1113,0.0008938053941906657,0.0008938053941906657,1,[459],[6257]
369,93,263,1112,0.0008942912613690907,0.0008942912613690907,1,[459],[6251]
370,93,263,1113,0.00089333137339634,0.00089333137339634,1,[459],[6329]
371,93,263,1113,0.0008939613733963431,6.30000000003089e-07,1,[459],[6220]
372,93,263,1114,0.0008936348842856635,0.0008936348842856635,1,[459],[6303]
373,93,263,1114,0.0008942448842856665,6.10000000002991e-07,1,[459],[6203]
374,93,263,1115,0.0008949425416496805,0.0008949425416496805,1,[459],[6273]
375,93,264,1114,0.0008944675770388658,0.0008944675770388658,1,[459],[6252]
376,93,264,1115,0.0008940837079725774,0.0008940837079725774,1,[459],[6301]
377,93,264,1115,0.0008946437079725802,5.600000000027458e-07,1,[459],[6301]
378,93,264,1115,0.0008954537079725841,8.100000000039716e-07,1,[459],[6168]
379,93,264,1116,0.0008945191316578946,0.0008945191316578946,1,[459],[6291]
380,93,264,1116,0.0008951591316578978,6.400000000031381e-07,1,[459],[6261]
381,93,265,1116,0.0008951120600776137,0.0008951120600776137,1,[459],[6309]
382,93,265,1117,0.0008949360614739146,0.0008949360614739146,1,[459],[6291]
383,93,265,1117,0.0008954860614739173,5.500000000026968e-07,1,[459],[6281]
384,93,265,1117,0.0008962460614739211,7.600000000037264e-07,1,[459],[6217]
385,93,265,1118,0.0008954288556417609,0.0008954288556417609,1,[459],[6308]
386,93,265,1118,0.0008961288556417643,7.000000000034323e-07,1,[459],[6217]
387,93,266,1118,0.0008958260258810101,0.0008958260258810101,1,[459],[6341]
388,93,266,1119,0.0008957825052755731,0.0008957825052755731,1,[459],[6344]
389,93,266,1119,0.0008963125052755757,5.300000000025987e-07,1,[459],[6203]
390,93,266,1119,0.000896982505275579,6.700000000032852e-07,1,[459],[6251]
391,93,266,1120,0.0008964108429867096,0.0008964108429867096,1,[459],[6311]
392,93,266,1120,0.0008973508429867142,9.40000000004609e-07,1,[459],[6211]
393,93,267,1120,0.0008966207754246052,0.0008966207754246052,1,[459],[6275]
394,93,267,1120,0.0008977807754246108,1.1600000000056877e-06,1,[459],[6232]
395,93,267,1121,0.0008967314472416247,0.0008967314472416247,1,[459],[6284]
396,93,267,1121,0.0008973314472416276,6.000000000029419e-07,1,[459],[6274]
397,93,267,1121,0.0008986414472416341,1.3100000000064232e-06,1,[459],[6193]
398,93,267,1122,0.00089750869580993,0.00089750869580993,1,[459],[6292]
399,93,268,1122,0.000897416030221663,0.000897416030221663,1,[459],[6264]
400,93,268,1122,0.0008981960302216668,7.800000000038245e-07,1,[459],[6246]
401,93,268,1123,0.0008976401870760566,0.0008976401870760566,1,[459],[6329]
402,93,268,1123,0.0008982201870760594,5.800000000028439e-07,1,[459],[6184]
403,93,268,1123,0.0008994401870760654,1.220000000005982e-06,1,[459],[6253]
404,93,268,1124,0.000898663131171179,0.000898663131171179,1,[459],[6254]
405,93,269,1124,0.0008982365334180635,0.0008982365334180635,1,[459],[6265]
406,93,269,1124,0.0008989165334180668,6.800000000033342e-07,1,[459],[6246]
407,93,269,1125,0.0008985762558727508,0.0008985762558727508,1,[459],[6295]
408,93,269,1125,0.0008992362558727541,6.600000000032361e-07,1,[459],[6264]
409,93,269,1126,0.0009000644096818301,0.0009000644096818301,1,[459],[6262]
410,93,270,1125,0.0008995241994741058,0.0008995241994741058,1,[459],[6276]
411,93,270,1126,0.0008991109069109407,0.0008991109069109407,1,[459],[6292]
412,93,270,1126,0.0008997209069109437,6.10000000002991e-07,1,[459],[6220]
413,93,270,1127,0.0008995450697838617,0.0008995450697838617,1,[459],[6290]
414,93,270,1127,0.0009002850697838653,7.400000000036284e-07,1,[459],[6215]
415,93,271,1127,0.0009001511488404998,0.0009001511488404998,1,[459],[6302]
416,93,271,1128,0.000899991205557218,0.000899991205557218,1,[459],[6267]
417,93,271,1128,0.000900611205557221,6.2000000000304e-07,1,[459],[6245]
418,93,271,1129,0.0009005239095714331,0.0009005239095714331,1,[459],[6269]
419,93,271,1129,0.000901713909571439,1.1900000000058348e-06,1,[459],[6250]
420,93,272,1129,0.0009008023145990918,0.0009008023145990918,1,[459],[6298]
421,93,272,1130,0.0009006915600252263,0.0009006915600252263,1,[459],[6275]
422,93,272,1130,0.0009013015600252293,6.10000000002991e-07,1,[459],[6261]
423,93,272,1131,0.0009013021129795754,0.0009013021129795754,1,[459],[6286]
424,93,273,1131,0.0009013484222359439,0.0009013484222359439,1,[459],[6274]
425,93,273,1131,0.0009027184222359506,1.3700000000067174e-06,1,[459],[6234]
426,93,273,1132,0.0009013799290266716,0.0009013799290266716,1,[459],[6315]
427,93,273,1132,0.0009019899290266746,6.10000000002991e-07,1,[459],[6243]
428,93,273,1133,0.0009021583915137015,0.0009021583915137015,1,[459],[6289]
429,93,274,1133,0.0009019657584634765,0.0009019657584634765,1,[459],[6310]
430,93,274,1133,0.0009029557584634814,9.900000000048542e-07,1,[459],[6216]
431,93,274,1134,0.0009019874013821193,0.0009019874013821193,1,[459],[6252]
432,93,274,1134,0.0009026074013821223,6.2000000000304e-07,1,[459],[6332]
433,93,274,1135,0.0009027466330083262,0.0009027466330083262,1,[459],[6259]
434,93,275,1135,0.0009024745422014465,0.0009024745422014465,1,[459],[6279]
435,93,275,1135,0.0009032545422014503,7.800000000038245e-07,1,[459],[6270]
436,93,275,1136,0.0009026037061960695,0.0009026037061960695,1,[459],[6328]
437,93,275,1136,0.0009032137061960725,6.10000000002991e-07,1,[459],[6281]
438,93,275,1137,0.0009034254819925691,0.0009034254819925691,1,[459],[6276]
439,93,275,1208,0.0010120386039547634,0.0010120386039547634,2,"[46, 47]","[6004, 249]"
440,93,276,1137,0.0009030474822606601,0.0009030474822606601,1,[459],[6324]
441,93,276,1137,0.0009037874822606638,7.400000000036284e-07,1,[459],[6213]
442,93,276,1138,0.0009032074415676836,0.0009032074415676836,1,[459],[6275]
443,93,276,1138,0.0009038374415676867,6.30000000003089e-07,1,[459],[6262]
444,93,276,1139,0.0009042142718199636,0.0009042142718199636,1,[459],[6252]
445,93,277,1138,0.0009047408300689724,0.0009047408300689724,1,[459],[6256]
446,93,277,1139,0.0009036336093079891,0.0009036336093079891,1,[459],[6287]
447,93,277,1139,0.0009043236093079925,6.900000000033832e-07,1,[459],[6233]
448,93,277,1140,0.0009038242984812375,0.0009038242984812375,1,[459],[6321]
449,93,277,1140,0.0009044742984812406,6.500000000031871e-07,1,[459],[6190]
450,93,277,1141,0.0009049388623964936,0.0009049388623964936,2,"[459, 464]","[6208, 48]"
451,93,278,1140,0.0009050278958755994,0.0009050278958755994,2,"[459, 464]","[6250, 1]"
452,93,278,1141,0.000904178925764059,0.000904178925764059,2,"[459, 464]","[6008, 271]"
453,93,278,1141,0.0009047789257640619,6.000000000029419e-07,2,"[459, 464]","[5747, 530]"
454,93,278,1141,0.0009061189257640685,1.3400000000065703e-06,2,"[459, 464]","[5078, 1118]"
455,93,278,1142,0.0009042633027520098,0.0009042633027520098,2,"[459, 464]","[4351, 1913]"
456,93,278,1142,0.000904713302752012,4.5000000000220645e-07,2,"[459, 464]","[3974, 2304]"
457,93,278,1142,0.000905133302752014,4.2000000000205935e-07,2,"[459, 464]","[3665, 2658]"
458,93,278,1142,0.0009057733027520172,6.400000000031381e-07,2,"[459, 464]","[3260, 2932]"
459,93,278,1143,0.0009055584385492772,0.0009055584385492772,2,"[459, 464]","[5495, 774]"
460,93,279,1142,0.0009050030960463125,0.0009050030960463125,2,"[459, 464]","[4646, 1653]"
461,93,279,1143,0.0009048266506556817,0.0009048266506556817,2,"[459, 464]","[6162, 105]"
462,93,279,1143,0.0009054366506556847,6.10000000002991e-07,2,"[459, 464]","[6157, 78]"
463,93,279,1144,0.0009052009848749407,0.0009052009848749407,1,[459],[6298]
464,93,279,1144,0.0009059209848749442,7.200000000035303e-07,1,[459],[6220]
465,93,280,1144,0.0009058212769977813,0.0009058212769977813,1,[459],[6273]
466,93,280,1145,0.0009055632988899983,0.0009055632988899983,1,[459],[6307]
467,93,280,1145,0.0009061632988900013,6.000000000029419e-07,1,[459],[6280]
468,93,280,1146,0.0009060067816749621,0.0009060067816749621,1,[459],[6297]
469,93,280,1146,0.0009068467816749662,8.400000000041187e-07,2,"[459, 463]","[6218, 1]"
470,93,281,1146,0.0009064035041364839,0.0009064035041364839,2,"[459, 463]","[6262, 38]"
471,93,281,1147,0.0009061935404213979,0.0009061935404213979,2,"[459, 463]","[5355, 969]"
472,93,281,1147,0.0009066835404214003,4.900000000024026e-07,2,"[459, 463]","[5141, 1165]"
473,93,281,1147,0.0009072035404214028,5.200000000025497e-07,2,"[459, 463]","[4823, 1304]"
474,93,281,1148,0.0009067315223443349,0.0009067315223443349,2,"[459, 463]","[5027, 1302]"
475,93,281,1148,0.0009075315223443388,8.000000000039226e-07,3,"[459, 462, 463]","[5138, 2, 1079]"
476,93,282,1148,0.0009070735741675456,0.0009070735741675456,3,"[459, 462, 463]","[5676, 18, 620]"
477,93,282,1148,0.0009087435741675538,1.6700000000081884e-06,4,"[459, 462, 463, 583]","[5835, 69, 281, 1]"
478,93,282,1149,0.0009071383090880344,0.0009071383090880344,6,"[459, 461, 462, 463, 583, 584]","[5757, 9, 566, 4, 9, 3]"
479,93,282,1149,0.0009076883090880371,5.500000000026968e-07,6,"[459, 461, 462, 463, 583, 584]","[5333, 26, 850, 1, 16, 2]"
480,93,282,1149,0.0009084083090880406,7.200000000035303e-07,5,"[459, 461, 462, 463, 583]","[5017, 49, 1097, 2, 16]"
481,93,282,1150,0.0009077728667538447,0.0009077728667538447,6,"[39, 459, 461, 462, 583, 584]","[1, 4940, 619, 696, 11, 1]"
482,93,282,1150,0.0009087528667538495,9.800000000048052e-07,5,"[459, 461, 462, 583, 584]","[4739, 983, 514, 5, 2]"
483,93,283,1150,0.0009078475105737758,0.0009078475105737758,5,"[39, 459, 461, 462, 583]","[6, 4633, 1410, 212, 3]"
484,93,283,1150,0.0009085675105737793,7.200000000035303e-07,3,"[459, 461, 462]","[4677, 1492, 107]"
485,93,283,1151,0.0009080551580506161,0.0009080551580506161,3,"[39, 459, 461]","[26, 5784, 472]"
486,93,283,1151,0.000908645158050619,5.900000000028929e-07,3,"[459, 461, 462]","[6033, 281, 1]"
487,93,283,1151,0.0009096351580506238,9.900000000048542e-07,2,"[459, 461]","[6006, 162]"
488,93,283,1152,0.0009088780008478027,0.0009088780008478027,2,"[39, 459]","[1, 6311]"
489,93,284,1152,0.0009088188106118886,0.0009088188106118886,1,[459],[6287]
490,93,284,1152,0.0009097288106118931,9.100000000044619e-07,1,[459],[6257]
491,93,284,1153,0.0009089916348754066,0.0009089916348754066,1,[459],[6267]
492,93,284,1153,0.0009096016348754096,6.10000000002991e-07,1,[459],[6305]
493,93,284,1154,0.000909877580114542,0.000909877580114542,1,[459],[6281]
494,93,285,1154,0.0009096303244374424,0.0009096303244374424,1,[459],[6286]
495,93,285,1154,0.0009104103244374463,7.800000000038245e-07,1,[459],[6258]
496,93,285,1155,0.0009098782876076888,0.0009098782876076888,2,"[459, 460]","[6335, 1]"
497,93,285,1155,0.0009105082876076919,6.30000000003089e-07,1,[459],[6203]
498,93,285,1156,0.0009108635462559816,0.0009108635462559816,2,"[459, 460]","[6111, 140]"
499,93,286,1155,0.0009124126372995855,0.0009124126372995855,2,"[459, 460]","[6238, 12]"
500,93,286,1156,0.000910426650465401,0.000910426650465401,2,"[459, 460]","[5786, 537]"
501,93,286,1156,0.0009110466504654041,6.2000000000304e-07,2,"[459, 460]","[5353, 901]"
502,93,286,1157,0.000910637854876797,0.000910637854876797,2,"[459, 460]","[4783, 1468]"
503,93,286,1157,0.0009111778548767997,5.400000000026477e-07,2,"[459, 460]","[4990, 1336]"
504,93,286,1157,0.000911867854876803,6.900000000033832e-07,2,"[459, 460]","[4951, 1236]"
505,93,286,1158,0.000912273612331144,0.000912273612331144,2,"[459, 460]","[6166, 89]"
506,93,287,1157,0.0009117007111633115,0.0009117007111633115,2,"[459, 460]","[5849, 416]"
507,93,287,1158,0.0009112593557374784,0.0009112593557374784,2,"[459, 460]","[6277, 9]"
508,93,287,1158,0.0009118893557374815,6.30000000003089e-07,2,"[459, 460]","[6293, 5]"
509,93,287,1159,0.0009116890556579424,0.0009116890556579424,1,[459],[6276]
510,93,287,1159,0.0009124790556579462,7.900000000038735e-07,1,[459],[6263]
511,93,288,1159,0.0009121897612062838,0.0009121897612062838,1,[459],[6292]
512,93,288,1160,0.0009120342956564044,0.0009120342956564044,1,[459],[6309]
513,93,288,1160,0.0009126242956564072,5.900000000028929e-07,1,[459],[6243]
514,93,288,1160,0.000914004295656414,1.3800000000067664e-06,1,[459],[6202]
515,93,288,1161,0.0009126624882308197,0.0009126624882308197,1,[459],[6321]
516,93,288,1181,0.0009097235997617842,0.0009097235997617842,3,"[1, 2, 9]","[2796, 3515, 31]"
517,93,288,1181,0.0009101335997617862,4.100000000020103e-07,3,"[1, 2, 9]","[2384, 3770, 36]"
518,93,288,1181,0.0009104935997617879,3.6000000000176516e-07,3,"[1, 2, 9]","[2137, 4091, 30]"
519,93,288,1181,0.00091091359976179,4.2000000000205935e-07,3,"[1, 2, 9]","[1871, 4400, 18]"
520,93,288,1182,0.0009095798852897427,0.0009095798852897427,3,"[1, 2, 9]","[5953, 400, 5]"
521,93,288,1182,0.0009099698852897446,3.9000000000191225e-07,3,"[1, 2, 9]","[5809, 471, 5]"
522,93,288,1182,0.0009102998852897462,3.3000000000161806e-07,3,"[1, 2, 9]","[5760, 531, 9]"
523,93,288,1182,0.0009106498852897479,3.500000000017161e-07,3,"[1, 2, 9]","[5618, 544, 5]"
524,93,288,1182,0.0009112198852897507,5.700000000027948e-07,3,"[1, 2, 9]","[5518, 635, 7]"
525,93,288,1183,0.0009095919027363045,0.0009095919027363045,2,"[1, 2]","[6357, 1]"
526,93,288,1183,0.0009099719027363064,3.800000000018632e-07,1,[1],[6214]
527,93,288,1183,0.0009102919027363079,3.2000000000156903e-07,2,"[1, 2]","[6218, 2]"
528,93,288,1183,0.0009106419027363097,3.500000000017161e-07,1,[1],[6222]
529,93,288,1183,0.0009112519027363126,6.10000000002991e-07,2,"[1, 2]","[6254, 1]"
530,93,288,1184,0.0009096066582158282,0.0009096066582158282,1,[1],[6265]
531,93,288,1184,0.0009100066582158301,4.000000000019613e-07,1,[1],[6364]
532,93,288,1184,0.0009103266582158317,3.2000000000156903e-07,1,[1],[6177]
533,93,288,1184,0.0009106866582158335,3.6000000000176516e-07,1,[1],[6280]
534,93,288,1184,0.0009113366582158367,6.500000000031871e-07,1,[1],[6194]
535,93,288,1185,0.0009096361505760715,0.0009096361505760715,1,[1],[6342]
536,93,288,1185,0.0009100261505760734,3.9000000000191225e-07,1,[1],[6234]
537,93,288,1185,0.0009103661505760751,3.400000000016671e-07,1,[1],[6348]
538,93,288,1185,0.0009107461505760769,3.800000000018632e-07,1,[1],[6141]
539,93,288,1185,0.0009115361505760808,7.900000000038735e-07,1,[1],[6187]
540,93,288,1186,0.0009096227489660649,0.0009096227489660649,1,[1],[6328]
541,93,288,1186,0.0009100127489660668,3.9000000000191225e-07,1,[1],[6323]
542,93,288,1186,0.0009103427489660684,3.3000000000161806e-07,1,[1],[6261]
543,93,288,1186,0.0009107027489660701,3.6000000000176516e-07,1,[1],[6155]
544,93,288,1186,0.0009114027489660736,7.000000000034323e-07,1,[1],[6188]
545,93,288,1187,0.000909632199080637,0.000909632199080637,1,[1],[6252]
546,93,288,1187,0.0009100221990806389,3.9000000000191225e-07,1,[1],[6259]
547,93,288,1187,0.0009103621990806406,3.400000000016671e-07,1,[1],[6251]
548,93,288,1187,0.0009107421990806425,3.800000000018632e-07,1,[1],[6273]
549,93,288,1187,0.0009116521990806469,9.100000000044619e-07,1,[1],[6217]
550,93,288,1188,0.0009099867634590378,0.0009099867634590378,1,[1],[6251]
551,93,288,1188,0.0009106867634590413,7.000000000034323e-07,1,[1],[6276]
552,93,289,1161,0.000912741943425084,0.000912741943425084,1,[459],[6266]
553,93,289,1161,0.000913761943425089,1.0200000000050013e-06,1,[459],[6249]
554,93,289,1162,0.0009128385159072317,0.0009128385159072317,1,[459],[6316]
555,93,289,1162,0.0009134385159072346,6.000000000029419e-07,1,[459],[6273]
556,93,289,1162,0.0009148185159072414,1.3800000000067664e-06,1,[459],[6163]
557,93,289,1163,0.000913768468668422,0.000913768468668422,1,[459],[6290]
558,93,289,1180,0.0009105687105198966,0.0009105687105198966,5,"[1, 2, 9, 10, 17]","[35, 6279, 1, 8, 1]"
559,93,289,1180,0.0009110987105198992,5.300000000025987e-07,2,"[1, 2]","[13, 6263]"
560,93,289,1180,0.0009116387105199018,5.400000000026477e-07,2,"[1, 2]","[4, 6152]"
561,93,289,1181,0.000909946078492433,0.000909946078492433,3,"[1, 2, 9]","[778, 5506, 14]"
562,93,289,1181,0.0009103260784924348,3.800000000018632e-07,3,"[1, 2, 9]","[472, 5731, 3]"
563,93,289,1181,0.0009106360784924363,3.1000000000152e-07,3,"[1, 2, 9]","[363, 6075, 3]"
564,93,289,1181,0.0009109160784924377,2.800000000013729e-07,3,"[1, 2, 9]","[247, 5842, 4]"
565,93,289,1181,0.0009112460784924393,3.3000000000161806e-07,2,"[1, 2]","[152, 6093]"
566,93,289,1181,0.0009117360784924417,4.900000000024026e-07,2,"[1, 2]","[86, 6199]"
567,93,289,1182,0.0009107697574141429,0.0009107697574141429,3,"[1, 2, 9]","[4804, 1457, 10]"
568,93,290,1163,0.0009134586588033784,0.0009134586588033784,1,[459],[6322]
569,93,290,1163,0.000914198658803382,7.400000000036284e-07,1,[459],[6185]
570,93,290,1164,0.0009138078862362552,0.0009138078862362552,1,[459],[6314]
571,93,290,1164,0.0009146178862362591,8.100000000039716e-07,1,[459],[6230]
572,93,290,1179,0.0009129104962568141,0.0009129104962568141,3,"[2, 20, 26]","[6209, 44, 4]"
573,93,290,1180,0.0009108183967339551,0.0009108183967339551,3,"[2, 12, 20]","[6285, 1, 12]"
574,93,290,1180,0.0009111883967339569,3.700000000018142e-07,1,[2],[6360]
575,93,290,1180,0.0009114583967339583,2.7000000000132387e-07,1,[2],[6161]
576,93,290,1180,0.0009117083967339595,2.500000000012258e-07,1,[2],[6222]
577,93,290,1180,0.0009119683967339608,2.6000000000127484e-07,1,[2],[6386]
578,93,290,1180,0.0009122483967339621,2.800000000013729e-07,1,[2],[6137]
579,93,290,1180,0.0009126683967339642,4.2000000000205935e-07,1,[2],[6267]
580,93,290,1181,0.0009112508165876185,0.0009112508165876185,3,"[2, 12, 30]","[6296, 2, 3]"
581,93,290,1181,0.0009124208165876243,1.1700000000057368e-06,1,[2],[6201]
582,93,291,1164,0.0009145055253043149,0.0009145055253043149,1,[459],[6277]
583,93,291,1165,0.0009140630202864992,0.0009140630202864992,1,[459],[6260]
584,93,291,1165,0.0009146630202865021,6.000000000029419e-07,1,[459],[6295]
585,93,291,1165,0.0009158830202865081,1.220000000005982e-06,1,[459],[6205]
586,93,291,1166,0.0009147329788039527,0.0009147329788039527,1,[459],[6258]
587,93,291,1179,0.000911963642878965,0.000911963642878965,4,"[2, 20, 21, 26]","[5662, 542, 8, 139]"
588,93,291,1179,0.0009124336428789673,4.700000000023045e-07,1,[2],[6292]
589,93,291,1179,0.0009128136428789692,3.800000000018632e-07,1,[2],[6168]
590,93,291,1179,0.0009132336428789713,4.2000000000205935e-07,1,[2],[6191]
591,93,291,1179,0.0009140936428789755,8.600000000042168e-07,1,[2],[6261]
592,93,291,1180,0.000911562034880427,0.000911562034880427,5,"[2, 12, 20, 21, 26]","[6003, 113, 203, 1, 3]"
593,93,291,1180,0.000911982034880429,4.2000000000205935e-07,1,[2],[6238]
594,93,291,1180,0.0009123120348804307,3.3000000000161806e-07,1,[2],[6284]
595,93,291,1180,0.0009126420348804323,3.3000000000161806e-07,1,[2],[6184]
596,93,291,1180,0.0009130520348804343,4.100000000020103e-07,1,[2],[6257]
597,93,291,1180,0.0009141620348804397,1.1100000000054426e-06,1,[2],[6225]
598,93,292,1166,0.0009146398650204808,0.0009146398650204808,1,[459],[6271]
599,93,292,1166,0.0009154198650204846,7.800000000038245e-07,1,[459],[6273]
600,93,292,1167,0.0009148127733615753,0.0009148127733615753,1,[459],[6253]
601,93,292,1167,0.0009154827733615786,6.700000000032852e-07,1,[459],[6302]
602,93,292,1178,0.0009139298691391331,0.0009139298691391331,3,"[2, 20, 26]","[6225, 1, 74]"
603,93,292,1179,0.0009124446864724536,0.0009124446864724536,4,"[2, 20, 21, 26]","[6019, 102, 1, 155]"
604,93,292,1179,0.0009128146864724555,3.700000000018142e-07,1,[2],[6364]
605,93,292,1179,0.0009130846864724568,2.7000000000132387e-07,1,[2],[6140]
606,93,292,1179,0.000913324686472458,2.4000000000117677e-07,1,[2],[6361]
607,93,292,1179,0.0009135646864724591,2.4000000000117677e-07,1,[2],[6272]
608,93,292,1179,0.0009138346864724605,2.7000000000132387e-07,1,[2],[6185]
609,93,292,1179,0.0009141846864724622,3.500000000017161e-07,1,[2],[6225]
610,93,292,1179,0.0009149846864724661,8.000000000039226e-07,1,[2],[6191]
611,93,292,1180,0.0009131445841083814,0.0009131445841083814,4,"[2, 12, 20, 26]","[6096, 140, 35, 4]"
612,93,293,1167,0.0009155721597370178,0.0009155721597370178,1,[459],[6260]
613,93,293,1168,0.0009151716656058136,0.0009151716656058136,1,[459],[6306]
614,93,293,1168,0.0009157516656058165,5.800000000028439e-07,1,[459],[6209]
615,93,293,1168,0.0009168516656058219,1.1000000000053935e-06,1,[459],[6259]
616,93,293,1169,0.0009158221490254848,0.0009158221490254848,1,[459],[6266]
617,93,293,1178,0.0009136080845847499,0.0009136080845847499,2,"[2, 26]","[6307, 1]"
618,93,293,1178,0.000914028084584752,4.2000000000205935e-07,1,[2],[6388]
619,93,293,1178,0.0009143580845847536,3.3000000000161806e-07,1,[2],[6069]
620,93,293,1178,0.0009146980845847552,3.400000000016671e-07,1,[2],[6313]
621,93,293,1178,0.0009151480845847575,4.5000000000220645e-07,1,[2],[6217]
622,93,293,1179,0.0009133296424329834,0.0009133296424329834,1,[2],[6314]
623,93,293,1179,0.0009137696424329855,4.400000000021574e-07,1,[2],[6234]
624,93,293,1179,0.0009141296424329873,3.6000000000176516e-07,1,[2],[6323]
625,93,293,1179,0.0009145196424329892,3.9000000000191225e-07,1,[2],[6158]
626,93,293,1179,0.0009151896424329925,6.700000000032852e-07,1,[2],[6273]
627,93,294,1169,0.0009157482447785566,0.0009157482447785566,1,[459],[6260]
628,93,294,1169,0.0009165282447785604,7.800000000038245e-07,1,[459],[6253]
629,93,294,1170,0.0009159198702782082,0.0009159198702782082,1,[459],[6311]
630,93,294,1170,0.0009165798702782114,6.600000000032361e-07,1,[459],[6254]
631,93,294,1177,0.0009153508609958126,0.0009153508609958126,1,[2],[6263]
632,93,294,1177,0.0009170208609958208,1.6700000000081884e-06,1,[2],[6240]
633,93,294,1178,0.0009140642474319655,0.0009140642474319655,1,[2],[6356]
634,93,294,1178,0.0009144142474319672,3.500000000017161e-07,1,[2],[6314]
635,93,294,1178,0.0009146642474319684,2.500000000012258e-07,1,[2],[6092]
636,93,294,1178,0.0009148942474319695,2.3000000000112774e-07,1,[2],[6434]
637,93,294,1178,0.0009151042474319706,2.1000000000102968e-07,1,[2],[6153]
638,93,294,1178,0.0009153242474319716,2.200000000010787e-07,1,[2],[6243]
639,93,294,1178,0.0009155742474319729,2.500000000012258e-07,1,[2],[6167]
640,93,294,1178,0.0009159242474319746,3.500000000017161e-07,1,[2],[6342]
641,93,294,1178,0.0009169042474319794,9.800000000048052e-07,1,[2],[6163]
642,93,294,1179,0.0009149658376721478,0.0009149658376721478,1,[2],[6255]
643,93,295,1170,0.0009166853953920278,0.0009166853953920278,1,[459],[6272]
644,93,295,1171,0.0009162970752894181,0.0009162970752894181,1,[459],[6305]
645,93,295,1171,0.000916887075289421,5.900000000028929e-07,1,[459],[6286]
646,93,295,1171,0.0009182070752894275,1.3200000000064722e-06,1,[459],[6159]
647,93,295,1172,0.0009169323945285784,0.0009169323945285784,1,[459],[6255]
648,93,295,1177,0.0009151979754611466,0.0009151979754611466,1,[2],[6306]
649,93,295,1177,0.0009155879754611485,3.9000000000191225e-07,1,[2],[6244]
650,93,295,1177,0.00091588797546115,3.0000000000147097e-07,1,[2],[6318]
651,93,295,1177,0.0009161579754611513,2.7000000000132387e-07,1,[2],[6224]
652,93,295,1177,0.0009164379754611527,2.800000000013729e-07,1,[2],[6181]
653,93,295,1177,0.0009168079754611545,3.700000000018142e-07,1,[2],[6371]
654,93,295,1177,0.0009175079754611579,7.000000000034323e-07,1,[2],[6109]
655,93,295,1178,0.0009149697027327683,0.0009149697027327683,1,[2],[6352]
656,93,295,1178,0.0009153897027327704,4.2000000000205935e-07,1,[2],[6255]
657,93,295,1178,0.0009157397027327721,3.500000000017161e-07,1,[2],[6285]
658,93,295,1178,0.0009160897027327738,3.500000000017161e-07,1,[2],[6138]
659,93,295,1178,0.0009165697027327762,4.800000000023535e-07,1,[2],[6228]
660,93,296,1172,0.0009168803214729885,0.0009168803214729885,1,[459],[6289]
661,93,296,1172,0.0009176803214729925,8.000000000039226e-07,1,[459],[6224]
662,93,296,1173,0.0009170426832337198,0.0009170426832337198,1,[459],[6289]
663,93,296,1173,0.000917702683233723,6.600000000032361e-07,1,[459],[6226]
664,93,296,1176,0.0009169526869654875,0.0009169526869654875,2,"[2, 459]","[6270, 1]"
665,93,296,1176,0.000917862686965492,9.100000000044619e-07,2,"[2, 459]","[6234, 3]"
666,93,296,1177,0.0009157647089591161,0.0009157647089591161,1,[2],[6260]
667,93,296,1177,0.0009161147089591179,3.500000000017161e-07,1,[2],[6418]
668,93,296,1177,0.000916354708959119,2.4000000000117677e-07,1,[2],[6301]
669,93,296,1177,0.0009165647089591201,2.1000000000102968e-07,1,[2],[6343]
670,93,296,1177,0.000916754708959121,1.900000000009316e-07,1,[2],[6257]
671,93,296,1177,0.0009169447089591219,1.900000000009316e-07,1,[2],[6234]
672,93,296,1177,0.0009171447089591229,2.0000000000098064e-07,1,[2],[6225]
673,93,296,1177,0.000917374708959124,2.3000000000112774e-07,1,[2],[6041]
674,93,296,1177,0.0009176847089591256,3.1000000000152e-07,1,[2],[6237]
675,93,296,1177,0.000918384708959129,7.000000000034323e-07,1,[2],[6191]
676,93,296,1178,0.0009167227728921139,0.0009167227728921139,1,[2],[6259]
677,93,297,1173,0.0009178211417782945,0.0009178211417782945,1,[459],[6281]
678,93,297,1174,0.0009174223564253815,0.0009174223564253815,1,[459],[6297]
679,93,297,1174,0.0009180123564253844,5.900000000028929e-07,1,[459],[6252]
680,93,297,1174,0.0009192923564253907,1.2800000000062761e-06,2,"[2, 459]","[1, 6202]"
681,93,297,1175,0.000917920142533279,0.000917920142533279,2,"[2, 459]","[836, 5488]"
682,93,297,1175,0.0009190901425332848,1.1700000000057368e-06,2,"[2, 459]","[834, 5359]"
683,93,297,1176,0.0009168163441320445,0.0009168163441320445,2,"[2, 459]","[6257, 30]"
684,93,297,1176,0.0009171763441320462,3.6000000000176516e-07,2,"[2, 459]","[6264, 76]"
685,93,297,1176,0.0009174363441320475,2.6000000000127484e-07,2,"[2, 459]","[6214, 91]"
686,93,297,1176,0.0009176663441320486,2.3000000000112774e-07,2,"[2, 459]","[6209, 127]"
687,93,297,1176,0.0009178863441320497,2.200000000010787e-07,2,"[2, 459]","[5915, 167]"
688,93,297,1176,0.0009181263441320509,2.4000000000117677e-07,2,"[2, 459]","[6024, 212]"
689,93,297,1176,0.0009184263441320524,3.0000000000147097e-07,2,"[2, 459]","[5997, 303]"
690,93,297,1176,0.0009189263441320548,5.000000000024516e-07,2,"[2, 459]","[5777, 338]"
691,93,297,1177,0.0009166186603540816,0.0009166186603540816,1,[2],[6278]
692,93,297,1177,0.0009169986603540835,3.800000000018632e-07,2,"[2, 459]","[6418, 2]"
693,93,297,1177,0.0009172886603540849,2.9000000000142193e-07,2,"[2, 459]","[6077, 3]"
694,93,297,1177,0.0009175686603540863,2.800000000013729e-07,2,"[2, 459]","[6375, 4]"
695,93,297,1177,0.0009178586603540877,2.9000000000142193e-07,2,"[2, 459]","[6240, 4]"
696,93,297,1177,0.0009182486603540896,3.9000000000191225e-07,2,"[2, 459]","[6186, 2]"
697,93,298,1175,0.0009177842307428247,0.0009177842307428247,2,"[2, 459]","[1783, 4563]"
698,93,298,1175,0.0009183042307428273,5.200000000025497e-07,2,"[2, 459]","[1920, 4326]"
699,93,298,1175,0.0009190042307428307,7.000000000034323e-07,2,"[2, 459]","[1930, 4274]"
700,93,298,1176,0.0009171674788071419,0.0009171674788071419,2,"[2, 459]","[5907, 434]"
701,93,298,1176,0.0009174774788071434,3.1000000000152e-07,2,"[2, 459]","[5808, 558]"
702,93,298,1176,0.0009176874788071445,2.1000000000102968e-07,2,"[2, 459]","[5402, 652]"
703,93,298,1176,0.0009178774788071454,1.900000000009316e-07,2,"[2, 459]","[5778, 732]"
704,93,298,1176,0.0009180474788071462,1.7000000000083355e-07,2,"[2, 459]","[5521, 742]"
705,93,298,1176,0.000918207478807147,1.6000000000078451e-07,2,"[2, 459]","[5335, 778]"
706,93,298,1176,0.0009183774788071479,1.7000000000083355e-07,2,"[2, 459]","[5491, 827]"
707,93,298,1176,0.0009185574788071487,1.8000000000088258e-07,2,"[2, 459]","[5199, 863]"
708,93,298,1176,0.0009187874788071499,2.3000000000112774e-07,2,"[2, 459]","[5443, 938]"
709,93,298,1176,0.0009191174788071515,3.3000000000161806e-07,2,"[2, 459]","[5203, 997]"
710,93,298,1177,0.0009178872958200492,0.0009178872958200492,2,"[2, 459]","[6210, 53]"
711,93,298,1177,0.0009192472958200558,1.3600000000066684e-06,2,"[2, 459]","[6131, 112]"
