,event,pixel_x,pixel_y,reset_time,TSLR,nMCParticles,MC_TrackIDs,MC_Weights
0,10,246,1136,0.0012558553787239545,0.0012558553787239545,1,[125],[6260]
1,10,246,1176,0.001210183445639169,0.001210183445639169,3,"[34, 43, 44]","[5519, 121, 613]"
2,10,246,1177,0.0012074461659962537,0.0012074461659962537,3,"[34, 42, 43]","[4860, 5, 1417]"
3,10,246,1178,0.0012058290934708067,0.0012058290934708067,4,"[34, 41, 42, 43]","[5180, 236, 780, 85]"
4,10,246,1179,0.0012041665912444625,0.0012041665912444625,3,"[34, 41, 42]","[4669, 1148, 458]"
5,10,246,1179,0.0012052065912444563,1.0399999999938236e-06,3,"[34, 41, 42]","[4025, 1149, 1077]"
6,10,246,1180,0.0012031096630321602,0.0012031096630321602,3,"[34, 41, 42]","[6254, 36, 3]"
7,10,246,1180,0.0012046196630321512,1.5099999999910324e-06,3,"[34, 41, 42]","[5655, 500, 58]"
8,10,246,1181,0.0012015798105967854,0.0012015798105967854,2,"[34, 40]","[5220, 1040]"
9,10,246,1181,0.0012028898105967776,1.3099999999922202e-06,2,"[34, 40]","[6161, 104]"
10,10,246,1182,0.0011998386622118157,0.0011998386622118157,2,"[34, 40]","[3203, 3079]"
11,10,246,1182,0.0012003886622118124,5.499999999967337e-07,2,"[34, 40]","[2635, 3637]"
12,10,246,1182,0.0012008786622118095,4.8999999999709e-07,2,"[34, 40]","[2558, 3639]"
13,10,246,1182,0.0012015086622118058,6.299999999962586e-07,2,"[34, 40]","[2886, 3390]"
14,10,246,1183,0.001199060682231549,0.001199060682231549,2,"[34, 40]","[6020, 257]"
15,10,246,1183,0.0012000206822315434,9.599999999942987e-07,2,"[34, 40]","[4699, 1550]"
16,10,246,1183,0.0012011606822315366,1.1399999999932298e-06,2,"[34, 40]","[2809, 3450]"
17,10,246,1184,0.0011977717739696996,0.0011977717739696996,4,"[34, 38, 212, 213]","[6192, 62, 31, 1]"
18,10,246,1184,0.001199551773969689,1.779999999989429e-06,4,"[34, 38, 40, 212]","[6208, 3, 7, 2]"
19,10,246,1185,0.0011967034297410675,0.0011967034297410675,4,"[34, 38, 212, 213]","[4765, 1391, 138, 2]"
20,10,246,1186,0.0011964365658370677,0.0011964365658370677,4,"[34, 38, 212, 216]","[5426, 819, 25, 3]"
21,10,247,1136,0.0012544007774183297,0.0012544007774183297,1,[125],[6314]
22,10,247,1136,0.0012549607774183264,5.599999999966743e-07,1,[125],[6245]
23,10,247,1136,0.0012554907774183232,5.299999999968524e-07,1,[125],[6274]
24,10,247,1136,0.0012562807774183185,7.899999999953083e-07,1,[125],[6180]
25,10,247,1137,0.0012548581657196127,0.0012548581657196127,1,[125],[6299]
26,10,247,1137,0.0012562181657196046,1.3599999999919232e-06,1,[125],[6209]
27,10,247,1168,0.0012196370923306136,0.0012196370923306136,2,"[34, 48]","[4684, 1574]"
28,10,247,1169,0.0012186350225192172,0.0012186350225192172,2,"[34, 48]","[6208, 59]"
29,10,247,1170,0.0012170512127884876,0.0012170512127884876,1,[34],[6264]
30,10,247,1171,0.0012154968782531633,0.0012154968782531633,1,[34],[6296]
31,10,247,1171,0.0012172468782531529,1.749999999989607e-06,1,[34],[6210]
32,10,247,1172,0.0012139966945404032,0.0012139966945404032,1,[34],[6296]
33,10,247,1172,0.0012149966945403973,9.999999999940612e-07,1,[34],[6207]
34,10,247,1173,0.0012125563599868436,0.0012125563599868436,1,[34],[6259]
35,10,247,1173,0.0012134563599868382,8.999999999946551e-07,1,[34],[6295]
36,10,247,1173,0.0012152563599868275,1.7999999999893102e-06,1,[34],[6199]
37,10,247,1174,0.0012111624902144368,0.0012111624902144368,2,"[34, 44]","[6229, 41]"
38,10,247,1174,0.0012120424902144315,8.799999999947739e-07,2,"[34, 44]","[6263, 1]"
39,10,247,1174,0.0012134224902144233,1.3799999999918044e-06,1,[34],[6221]
40,10,247,1175,0.0012096413782523446,0.0012096413782523446,2,"[34, 44]","[5028, 1246]"
41,10,247,1175,0.0012104813782523396,8.399999999950114e-07,2,"[34, 44]","[5671, 605]"
42,10,247,1175,0.0012115213782523334,1.0399999999938236e-06,2,"[34, 44]","[6084, 145]"
43,10,247,1176,0.0012084115208844484,0.0012084115208844484,3,"[34, 43, 44]","[5834, 204, 258]"
44,10,247,1176,0.0012092615208844433,8.49999999994952e-07,3,"[34, 43, 44]","[5317, 4, 893]"
45,10,247,1176,0.0012103015208844371,1.0399999999938236e-06,2,"[34, 44]","[5053, 1205]"
46,10,247,1177,0.0012067975610175654,0.0012067975610175654,3,"[34, 42, 43]","[4666, 9, 1585]"
47,10,247,1177,0.00120769756101756,8.999999999946551e-07,3,"[34, 43, 44]","[5105, 1179, 1]"
48,10,247,1177,0.0012091375610175515,1.4399999999914481e-06,3,"[34, 43, 44]","[5838, 343, 40]"
49,10,247,1178,0.0012057316743193315,0.0012057316743193315,4,"[34, 41, 42, 43]","[5166, 257, 732, 117]"
50,10,247,1178,0.0012069716743193242,1.2399999999926359e-06,4,"[34, 41, 42, 43]","[5441, 6, 79, 731]"
51,10,247,1179,0.0012043120941267072,0.0012043120941267072,5,"[34, 41, 42, 205, 206]","[4267, 1419, 572, 20, 1]"
52,10,247,1179,0.0012055220941267,1.209999999992814e-06,3,"[34, 41, 42]","[4097, 1175, 965]"
53,10,247,1180,0.0012035369938061726,0.0012035369938061726,5,"[34, 41, 42, 205, 206]","[6082, 145, 9, 42, 2]"
54,10,247,1181,0.0012023657457795375,0.0012023657457795375,3,"[34, 40, 205]","[5971, 298, 7]"
55,10,247,1182,0.0012005325810480099,0.0012005325810480099,2,"[34, 40]","[3963, 2327]"
56,10,247,1182,0.001202362581047999,1.829999999989132e-06,2,"[34, 40]","[4186, 2034]"
57,10,247,1183,0.001199628457767643,0.001199628457767643,2,"[34, 40]","[5966, 298]"
58,10,247,1184,0.00119788286582223,0.00119788286582223,3,"[34, 38, 212]","[6127, 136, 2]"
59,10,247,1185,0.001196153300700941,0.001196153300700941,5,"[34, 38, 212, 213, 216]","[4457, 1813, 5, 1, 1]"
60,10,247,1185,0.001197003300700936,8.49999999994952e-07,3,"[34, 38, 212]","[4945, 1288, 12]"
61,10,247,1186,0.0011953342070155039,0.0011953342070155039,5,"[34, 38, 212, 216, 217]","[5884, 429, 1, 3, 2]"
62,10,247,1186,0.001196134207015499,7.99999999995249e-07,4,"[34, 38, 212, 216]","[5222, 999, 5, 4]"
63,10,247,1187,0.0011943892391578811,0.0011943892391578811,4,"[34, 38, 216, 217]","[6284, 2, 5, 1]"
64,10,247,1187,0.0011953092391578757,9.199999999945363e-07,4,"[34, 38, 216, 217]","[6237, 10, 10, 5]"
65,10,247,1188,0.0011934117153193056,0.0011934117153193056,3,"[34, 225, 226]","[6206, 77, 1]"
66,10,247,1188,0.0011942917153193004,8.799999999947739e-07,2,"[34, 225]","[6197, 27]"
67,10,247,1189,0.0011924170373171688,0.0011924170373171688,3,"[34, 225, 226]","[6197, 77, 1]"
68,10,247,1189,0.0011933370373171633,9.199999999945363e-07,3,"[34, 225, 226]","[6102, 124, 1]"
69,10,247,1190,0.0011912917157828275,0.0011912917157828275,2,"[34, 225]","[6305, 1]"
70,10,247,1190,0.001192221715782822,9.299999999944769e-07,2,"[34, 225]","[6222, 2]"
71,10,247,1191,0.001190350698396517,0.001190350698396517,2,"[8, 34]","[38, 6227]"
72,10,247,1191,0.0011914606983965104,1.109999999993408e-06,1,[34],[6245]
73,10,247,1192,0.0011891683771943534,0.0011891683771943534,2,"[8, 34]","[1950, 4303]"
74,10,247,1192,0.0011908783771943433,1.7099999999898446e-06,1,[34],[6264]
75,10,247,1193,0.0011799014957106766,0.0011799014957106766,1,[8],[6256]
76,10,247,1193,0.0011835614957106549,3.659999999978264e-06,1,[8],[6249]
77,10,247,1193,0.0011875414957106313,3.9799999999763636e-06,3,"[8, 34, 35]","[4743, 1355, 152]"
78,10,247,1194,0.0011836065486338127,0.0011836065486338127,1,[8],[6258]
79,10,247,1194,0.0011861265486337977,2.519999999985034e-06,3,"[8, 34, 35]","[6124, 82, 49]"
80,10,247,1194,0.0011890865486337801,2.959999999982421e-06,3,"[8, 34, 35]","[2980, 2353, 904]"
81,10,248,1135,0.0012559188586760246,0.0012559188586760246,1,[125],[6287]
82,10,248,1136,0.0012551336393189436,0.0012551336393189436,1,[125],[6253]
83,10,248,1136,0.0012558736393189392,7.399999999956053e-07,1,[125],[6327]
84,10,248,1136,0.0012568236393189335,9.499999999943581e-07,1,[125],[6185]
85,10,248,1158,0.0012264879570317417,0.0012264879570317417,1,[34],[6268]
86,10,248,1158,0.0012274179570317362,9.299999999944769e-07,1,[34],[6275]
87,10,248,1159,0.0012273971047389643,0.0012273971047389643,2,"[34, 118]","[6280, 3]"
88,10,248,1159,0.0012282671047389592,8.699999999948332e-07,2,"[34, 118]","[6263, 1]"
89,10,248,1160,0.0012275901391527971,0.0012275901391527971,3,"[34, 118, 120]","[6265, 24, 14]"
90,10,248,1160,0.0012283601391527925,7.699999999954271e-07,3,"[34, 118, 120]","[6181, 8, 13]"
91,10,248,1160,0.0012301001391527822,1.7399999999896665e-06,3,"[34, 118, 120]","[6218, 1, 29]"
92,10,248,1161,0.0012261223592069722,0.0012261223592069722,2,"[34, 120]","[6275, 1]"
93,10,248,1161,0.0012272323592069656,1.109999999993408e-06,3,"[34, 118, 120]","[6234, 4, 20]"
94,10,248,1161,0.0012289823592069552,1.749999999989607e-06,4,"[34, 118, 120, 123]","[6066, 3, 151, 4]"
95,10,248,1162,0.00122472336835655,0.00122472336835655,1,[34],[6297]
96,10,248,1162,0.0012260933683565418,1.3699999999918638e-06,1,[34],[6230]
97,10,248,1163,0.0012235494113256899,0.0012235494113256899,1,[34],[6297]
98,10,248,1163,0.001225529411325678,1.979999999988241e-06,1,[34],[6205]
99,10,248,1164,0.0012221186157670054,0.0012221186157670054,3,"[34, 177, 178]","[6284, 16, 1]"
100,10,248,1164,0.0012235586157669969,1.4399999999914481e-06,2,"[34, 177]","[6187, 26]"
101,10,248,1165,0.001220830865664246,0.001220830865664246,3,"[34, 177, 178]","[6229, 50, 1]"
102,10,248,1165,0.001222030865664239,1.1999999999928734e-06,2,"[34, 177]","[5717, 526]"
103,10,248,1166,0.0012198819506950606,0.0012198819506950606,3,"[34, 48, 177]","[6265, 23, 1]"
104,10,248,1166,0.0012207619506950553,8.799999999947739e-07,4,"[34, 48, 177, 178]","[6226, 1, 26, 1]"
105,10,248,1167,0.0012189691101005713,0.0012189691101005713,2,"[34, 48]","[5019, 1310]"
106,10,248,1167,0.001219689110100567,7.199999999957241e-07,2,"[34, 48]","[5586, 656]"
107,10,248,1167,0.0012207491101005608,1.0599999999937049e-06,2,"[34, 48]","[5909, 300]"
108,10,248,1168,0.0012182551250777588,0.0012182551250777588,2,"[34, 48]","[4958, 1348]"
109,10,248,1168,0.001218905125077755,6.499999999961398e-07,2,"[34, 48]","[4460, 1797]"
110,10,248,1168,0.0012196351250777506,7.299999999956647e-07,2,"[34, 48]","[4387, 1825]"
111,10,248,1169,0.0012175531798836279,0.0012175531798836279,2,"[34, 48]","[6268, 18]"
112,10,248,1169,0.0012185631798836219,1.0099999999940018e-06,2,"[34, 48]","[6112, 125]"
113,10,248,1170,0.0012167658325140053,0.0012167658325140053,1,[34],[6299]
114,10,248,1170,0.0012182458325139965,1.4799999999912106e-06,1,[34],[6213]
115,10,248,1171,0.0012160725468672324,0.0012160725468672324,1,[34],[6251]
116,10,248,1172,0.0012157100243687983,0.0012157100243687983,1,[34],[6262]
117,10,248,1191,0.0011893074494022497,0.0011893074494022497,2,"[8, 34]","[5043, 1231]"
118,10,248,1191,0.0011913374494022376,2.0299999999879442e-06,1,[34],[6228]
119,10,248,1192,0.001169876313597911,0.001169876313597911,1,[8],[6260]
120,10,248,1192,0.001171366313597902,1.4899999999911512e-06,1,[8],[6277]
121,10,248,1192,0.0011725063135978953,1.1399999999932298e-06,1,[8],[6231]
122,10,248,1192,0.0011736363135978886,1.1299999999932892e-06,1,[8],[6235]
123,10,248,1192,0.0011749763135978806,1.339999999992042e-06,1,[8],[6281]
124,10,248,1192,0.0011768963135978692,1.9199999999885975e-06,1,[8],[6218]
125,10,248,1192,0.001187696313597805,1.0799999999935861e-05,3,"[8, 34, 35]","[5570, 683, 4]"
126,10,248,1192,0.0011893663135977952,1.6699999999900822e-06,3,"[8, 34, 35]","[3, 6239, 7]"
127,10,248,1193,0.0011728300103635082,0.0011728300103635082,1,[8],[6275]
128,10,248,1193,0.001174030010363501,1.1999999999928734e-06,1,[8],[6255]
129,10,248,1193,0.0011749100103634958,8.799999999947739e-07,1,[8],[6278]
130,10,248,1193,0.0011756300103634915,7.199999999957241e-07,1,[8],[6239]
131,10,248,1193,0.0011762900103634876,6.599999999960804e-07,1,[8],[6290]
132,10,248,1193,0.0011769200103634839,6.299999999962586e-07,1,[8],[6236]
133,10,248,1193,0.0011775200103634803,5.999999999964367e-07,1,[8],[6210]
134,10,248,1193,0.0011781300103634767,6.099999999963773e-07,1,[8],[6257]
135,10,248,1193,0.0011787200103634732,5.899999999964961e-07,1,[8],[6290]
136,10,248,1193,0.0011792900103634698,5.699999999966149e-07,1,[8],[6171]
137,10,248,1193,0.0011798800103634663,5.899999999964961e-07,1,[8],[6270]
138,10,248,1193,0.0011804600103634628,5.799999999965555e-07,1,[8],[6286]
139,10,248,1193,0.0011810800103634592,6.199999999963179e-07,1,[8],[6276]
140,10,248,1193,0.0011817400103634552,6.599999999960804e-07,1,[8],[6254]
141,10,248,1193,0.0011824100103634513,6.69999999996021e-07,1,[8],[6230]
142,10,248,1193,0.0011831000103634472,6.899999999959022e-07,1,[8],[6233]
143,10,248,1193,0.001183800010363443,6.999999999958428e-07,1,[8],[6272]
144,10,248,1193,0.0011845100103634388,7.099999999957834e-07,1,[8],[6187]
145,10,248,1193,0.0011852700103634343,7.599999999954865e-07,3,"[8, 34, 35]","[6268, 7, 2]"
146,10,248,1193,0.001186160010363429,8.899999999947145e-07,3,"[8, 34, 35]","[6018, 170, 51]"
147,10,248,1193,0.0011872100103634228,1.0499999999937643e-06,3,"[8, 34, 35]","[3937, 1921, 423]"
148,10,248,1193,0.0011881100103634174,8.999999999946551e-07,3,"[8, 34, 35]","[784, 4937, 520]"
149,10,248,1193,0.0011891400103634113,1.029999999993883e-06,3,"[8, 34, 35]","[77, 5978, 194]"
150,10,248,1194,0.001178657454452906,0.001178657454452906,1,[8],[6269]
151,10,248,1194,0.0011802074544528967,1.5499999999907949e-06,1,[8],[6263]
152,10,248,1194,0.0011812574544528905,1.0499999999937643e-06,1,[8],[6238]
153,10,248,1194,0.0011821274544528853,8.699999999948332e-07,1,[8],[6283]
154,10,248,1194,0.001182867454452881,7.399999999956053e-07,1,[8],[6247]
155,10,248,1194,0.001183527454452877,6.599999999960804e-07,1,[8],[6231]
156,10,248,1194,0.0011841074544528736,5.799999999965555e-07,1,[8],[6231]
157,10,248,1194,0.0011846374544528704,5.299999999968524e-07,1,[8],[6278]
158,10,248,1194,0.0011851174544528676,4.799999999971494e-07,3,"[8, 34, 35]","[6333, 5, 6]"
159,10,248,1194,0.001185547454452865,4.299999999974463e-07,3,"[8, 34, 35]","[6174, 36, 39]"
160,10,248,1194,0.0011859374544528627,3.8999999999768387e-07,3,"[8, 34, 35]","[5960, 111, 98]"
161,10,248,1194,0.0011863274544528604,3.8999999999768387e-07,3,"[8, 34, 35]","[5644, 324, 265]"
162,10,248,1194,0.001186737454452858,4.099999999975651e-07,3,"[8, 34, 35]","[5050, 751, 490]"
163,10,248,1194,0.001187227454452855,4.8999999999709e-07,3,"[8, 34, 35]","[3904, 1375, 930]"
164,10,248,1194,0.0011879374544528508,7.099999999957834e-07,3,"[8, 34, 35]","[2230, 2564, 1439]"
165,10,249,1135,0.0012532736683455914,0.0012532736683455914,2,"[125, 126]","[6279, 1]"
166,10,249,1135,0.0012544336683455845,1.159999999993111e-06,1,[125],[6252]
167,10,249,1135,0.001255713668345577,1.2799999999923983e-06,1,[125],[6245]
168,10,249,1136,0.0012549187226612443,0.0012549187226612443,1,[125],[6250]
169,10,249,1157,0.0012250979393498573,0.0012250979393498573,3,"[34, 85, 86]","[6281, 23, 2]"
170,10,249,1157,0.0012257479393498534,6.499999999961398e-07,2,"[34, 85]","[6223, 27]"
171,10,249,1157,0.0012264779393498491,7.299999999956647e-07,3,"[34, 85, 86]","[6208, 23, 1]"
172,10,249,1158,0.0012259883072590326,0.0012259883072590326,2,"[34, 85]","[6256, 5]"
173,10,249,1158,0.0012272183072590253,1.2299999999926953e-06,2,"[34, 85]","[6250, 2]"
174,10,249,1161,0.0012276612697783033,0.0012276612697783033,2,"[34, 118]","[6258, 2]"
175,10,249,1162,0.0012256299757523986,0.0012256299757523986,1,[34],[6255]
176,10,249,1163,0.0012244587635971674,0.0012244587635971674,1,[34],[6274]
177,10,249,1164,0.001222693953383822,0.001222693953383822,2,"[34, 177]","[6259, 7]"
178,10,249,1165,0.0012215232251626365,0.0012215232251626365,2,"[34, 177]","[6221, 46]"
179,10,249,1166,0.0012216180547544029,0.0012216180547544029,4,"[34, 48, 177, 178]","[6194, 1, 61, 1]"
180,10,249,1190,0.0011657244663349274,0.0011657244663349274,1,[8],[6252]
181,10,249,1191,0.0011613612574852437,0.0011613612574852437,1,[8],[6258]
182,10,249,1191,0.0011628012574852352,1.4399999999914481e-06,1,[8],[6260]
183,10,249,1191,0.0011639112574852286,1.109999999993408e-06,1,[8],[6250]
184,10,249,1191,0.0011649012574852227,9.899999999941206e-07,1,[8],[6303]
185,10,249,1191,0.0011657912574852174,8.899999999947145e-07,1,[8],[6186]
186,10,249,1191,0.0011666712574852122,8.799999999947739e-07,1,[8],[6251]
187,10,249,1191,0.0011676412574852064,9.699999999942394e-07,1,[8],[6243]
188,10,249,1191,0.0011690312574851982,1.389999999991745e-06,1,[8],[6263]
189,10,249,1192,0.0011650625455013263,0.0011650625455013263,1,[8],[6282]
190,10,249,1192,0.0011663925455013184,1.3299999999921014e-06,1,[8],[6249]
191,10,249,1192,0.0011672725455013132,8.799999999947739e-07,1,[8],[6234]
192,10,249,1192,0.0011680325455013087,7.599999999954865e-07,1,[8],[6307]
193,10,249,1192,0.0011687025455013047,6.69999999996021e-07,1,[8],[6188]
194,10,249,1192,0.0011693725455013007,6.69999999996021e-07,1,[8],[6251]
195,10,249,1192,0.0011700325455012968,6.599999999960804e-07,1,[8],[6247]
196,10,249,1192,0.0011707325455012926,6.999999999958428e-07,1,[8],[6283]
197,10,249,1192,0.001171502545501288,7.699999999954271e-07,1,[8],[6236]
198,10,249,1192,0.0011724825455012822,9.7999999999418e-07,1,[8],[6279]
199,10,249,1192,0.0011739225455012737,1.4399999999914481e-06,1,[8],[6201]
200,10,249,1192,0.0011848825455012086,1.095999999993491e-05,1,[8],[6243]
201,10,249,1193,0.001171877475403938,0.001171877475403938,1,[8],[6290]
202,10,249,1193,0.0011738374754039264,1.95999999998836e-06,1,[8],[6246]
203,10,249,1193,0.0011756174754039158,1.779999999989429e-06,1,[8],[6241]
204,10,249,1193,0.0011777174754039033,2.0999999999875285e-06,1,[8],[6242]
205,10,249,1193,0.0011804974754038868,2.77999999998349e-06,1,[8],[6251]
206,10,249,1193,0.0011846974754038619,4.199999999975057e-06,1,[8],[6233]
207,10,249,1194,0.0011829370927719824,0.0011829370927719824,1,[8],[6255]
208,10,249,1194,0.0011860770927719637,3.139999999981352e-06,3,"[8, 34, 35]","[6197, 26, 25]"
209,10,250,1135,0.0012529715274304776,0.0012529715274304776,2,"[125, 126]","[6255, 4]"
210,10,250,1157,0.0012262345830267754,0.0012262345830267754,3,"[34, 85, 86]","[6157, 99, 5]"
211,10,250,1189,0.0011541264548273146,0.0011541264548273146,2,"[8, 31]","[6232, 24]"
212,10,250,1190,0.0011528194607503723,0.0011528194607503723,1,[8],[6279]
213,10,250,1190,0.0011543094607503635,1.4899999999911512e-06,1,[8],[6223]
214,10,250,1190,0.0011554494607503567,1.1399999999932298e-06,1,[8],[6254]
215,10,250,1190,0.0011564394607503508,9.899999999941206e-07,1,[8],[6315]
216,10,250,1190,0.0011574494607503448,1.0099999999940018e-06,1,[8],[6229]
217,10,250,1190,0.001158599460750338,1.1499999999931704e-06,1,[8],[6205]
218,10,250,1190,0.001160129460750329,1.5299999999909136e-06,1,[8],[6247]
219,10,250,1190,0.0011630794607503114,2.9499999999824805e-06,1,[8],[6250]
220,10,250,1191,0.0011567630760191464,0.0011567630760191464,1,[8],[6260]
221,10,250,1191,0.0011582330760191376,1.46999999999127e-06,1,[8],[6284]
222,10,250,1191,0.0011592930760191314,1.0599999999937049e-06,1,[8],[6210]
223,10,250,1191,0.001160183076019126,8.899999999947145e-07,1,[8],[6266]
224,10,250,1191,0.0011609830760191213,7.99999999995249e-07,1,[8],[6306]
225,10,250,1191,0.001161723076019117,7.399999999956053e-07,1,[8],[6213]
226,10,250,1191,0.0011624830760191124,7.599999999954865e-07,1,[8],[6214]
227,10,250,1191,0.0011633530760191072,8.699999999948332e-07,1,[8],[6324]
228,10,250,1191,0.0011643730760191012,1.0199999999939424e-06,1,[8],[6184]
229,10,250,1191,0.0011658030760190927,1.4299999999915075e-06,1,[8],[6266]
230,10,250,1191,0.0011702330760190664,4.429999999973691e-06,1,[8],[6223]
231,10,250,1192,0.0011644620335624204,0.0011644620335624204,1,[8],[6270]
232,10,250,1192,0.0011674320335624028,2.9699999999823617e-06,1,[8],[6239]
233,10,251,1188,0.001144249210304987,0.001144249210304987,2,"[8, 31]","[3395, 2857]"
234,10,251,1189,0.0011442084400180767,0.0011442084400180767,2,"[8, 31]","[3890, 2362]"
235,10,251,1189,0.0011459584400180663,1.749999999989607e-06,2,"[8, 31]","[6219, 39]"
236,10,251,1189,0.0011471184400180595,1.159999999993111e-06,1,[8],[6281]
237,10,251,1189,0.0011480684400180538,9.499999999943581e-07,1,[8],[6242]
238,10,251,1189,0.0011489684400180485,8.999999999946551e-07,1,[8],[6250]
239,10,251,1189,0.0011499384400180427,9.699999999942394e-07,1,[8],[6231]
240,10,251,1189,0.0011510984400180358,1.159999999993111e-06,1,[8],[6261]
241,10,251,1189,0.0011528184400180256,1.7199999999897853e-06,1,[8],[6229]
242,10,251,1190,0.0011489932075998514,0.0011489932075998514,2,"[8, 31]","[6212, 43]"
243,10,251,1190,0.0011504532075998428,1.4599999999913293e-06,1,[8],[6277]
244,10,251,1190,0.0011515532075998362,1.0999999999934673e-06,1,[8],[6225]
245,10,251,1190,0.0011525132075998305,9.599999999942987e-07,1,[8],[6276]
246,10,251,1190,0.0011534832075998248,9.699999999942394e-07,1,[8],[6246]
247,10,251,1190,0.0011545332075998185,1.0499999999937643e-06,1,[8],[6272]
248,10,251,1190,0.0011557832075998111,1.2499999999925765e-06,1,[8],[6230]
249,10,251,1190,0.0011578432075997989,2.059999999987766e-06,1,[8],[6229]
250,10,251,1191,0.0011575187929557897,0.0011575187929557897,1,[8],[6257]
251,10,252,1188,0.0011379076209026367,0.0011379076209026367,1,[8],[6274]
252,10,252,1188,0.001139377620902628,1.46999999999127e-06,1,[8],[6272]
253,10,252,1188,0.001140537620902621,1.159999999993111e-06,2,"[8, 31]","[6224, 27]"
254,10,252,1188,0.0011415276209026152,9.899999999941206e-07,2,"[8, 31]","[5705, 524]"
255,10,252,1188,0.0011423376209026104,8.099999999951896e-07,2,"[8, 31]","[4295, 1942]"
256,10,252,1188,0.0011430976209026058,7.599999999954865e-07,2,"[8, 31]","[3599, 2709]"
257,10,252,1188,0.0011442876209025988,1.1899999999929328e-06,2,"[8, 31]","[4389, 1793]"
258,10,252,1189,0.0011409042265519839,0.0011409042265519839,2,"[8, 31]","[6203, 68]"
259,10,252,1189,0.0011421342265519766,1.2299999999926953e-06,2,"[8, 31]","[4836, 1431]"
260,10,252,1189,0.0011429442265519717,8.099999999951896e-07,2,"[8, 31]","[4058, 2223]"
261,10,252,1189,0.0011438042265519666,8.599999999948926e-07,2,"[8, 31]","[4745, 1460]"
262,10,252,1189,0.0011447942265519608,9.899999999941206e-07,2,"[8, 31]","[5949, 335]"
263,10,252,1189,0.0011459142265519541,1.1199999999933485e-06,2,"[8, 31]","[6178, 19]"
264,10,252,1189,0.001147274226551946,1.3599999999919232e-06,1,[8],[6285]
265,10,252,1189,0.0011495642265519324,2.2899999999864e-06,1,[8],[6220]
266,10,252,1190,0.00115180047997226,0.00115180047997226,2,"[8, 31]","[6177, 74]"
267,10,253,1187,0.001132798227033764,0.001132798227033764,2,"[8, 30]","[6247, 3]"
268,10,253,1187,0.0011352182270337496,2.419999999985628e-06,1,[8],[6273]
269,10,253,1188,0.0011327938115380006,0.0011327938115380006,1,[8],[6280]
270,10,253,1188,0.0011341338115379927,1.339999999992042e-06,1,[8],[6269]
271,10,253,1188,0.0011351438115379867,1.0099999999940018e-06,1,[8],[6215]
272,10,253,1188,0.0011360438115379813,8.999999999946551e-07,1,[8],[6291]
273,10,253,1188,0.0011368738115379764,8.299999999950708e-07,1,[8],[6258]
274,10,253,1188,0.0011377638115379711,8.899999999947145e-07,1,[8],[6239]
275,10,253,1188,0.0011388138115379649,1.0499999999937643e-06,1,[8],[6200]
276,10,253,1188,0.0011402638115379563,1.4499999999913887e-06,2,"[8, 31]","[6269, 1]"
277,10,253,1189,0.0011400560554231255,0.0011400560554231255,1,[8],[6257]
278,10,254,1187,0.0011261356329034223,0.0011261356329034223,2,"[8, 30]","[4160, 2108]"
279,10,254,1187,0.001127705632903413,1.569999999990676e-06,2,"[8, 30]","[6237, 4]"
280,10,254,1187,0.0011288156329034064,1.109999999993408e-06,1,[8],[6241]
281,10,254,1187,0.0011298756329034,1.0599999999937049e-06,1,[8],[6293]
282,10,254,1187,0.0011310156329033933,1.1399999999932298e-06,1,[8],[6231]
283,10,254,1187,0.001132415632903385,1.3999999999916857e-06,1,[8],[6240]
284,10,254,1188,0.0011291587993708934,0.0011291587993708934,2,"[8, 30]","[6066, 185]"
285,10,254,1188,0.0011308387993708834,1.6799999999900228e-06,1,[8],[6282]
286,10,254,1188,0.001132258799370875,1.419999999991567e-06,1,[8],[6225]
287,10,254,1188,0.0011338787993708653,1.6199999999903791e-06,1,[8],[6246]
288,10,254,1188,0.0011379587993708411,4.07999999997577e-06,1,[8],[6249]
289,10,255,1186,0.001122765832751936,0.001122765832751936,2,"[8, 30]","[5901, 355]"
290,10,255,1186,0.0011247458327519242,1.979999999988241e-06,2,"[8, 30]","[3348, 2915]"
291,10,255,1187,0.001121833991424898,0.001121833991424898,2,"[8, 30]","[6184, 75]"
292,10,255,1187,0.001122833991424892,9.999999999940612e-07,2,"[8, 30]","[4826, 1431]"
293,10,255,1187,0.0011234239914248885,5.899999999964961e-07,2,"[8, 30]","[3499, 2844]"
294,10,255,1187,0.0011238839914248858,4.5999999999726815e-07,2,"[8, 30]","[3092, 3059]"
295,10,255,1187,0.001124363991424883,4.799999999971494e-07,2,"[8, 30]","[3442, 2871]"
296,10,255,1187,0.0011249139914248796,5.499999999967337e-07,2,"[8, 30]","[4223, 1997]"
297,10,255,1187,0.0011256439914248753,7.299999999956647e-07,2,"[8, 30]","[5471, 746]"
298,10,255,1187,0.0011265639914248698,9.199999999945363e-07,2,"[8, 30]","[6211, 82]"
299,10,255,1187,0.001127713991424863,1.1499999999931704e-06,2,"[8, 30]","[6221, 2]"
300,10,255,1187,0.0011301539914248485,2.4399999999855093e-06,1,[8],[6227]
301,10,255,1188,0.0011270365411400684,0.0011270365411400684,2,"[8, 30]","[5025, 1229]"
302,10,256,1104,0.0012502183692490183,0.0012502183692490183,2,"[129, 131]","[6218, 41]"
303,10,256,1105,0.0012491031794462295,0.0012491031794462295,2,"[129, 131]","[4332, 1920]"
304,10,256,1105,0.0012498831794462248,7.799999999953677e-07,1,[129],[6258]
305,10,256,1105,0.0012511631794462172,1.2799999999923983e-06,1,[129],[6248]
306,10,256,1106,0.00124928838488456,0.00124928838488456,2,"[129, 131]","[3603, 2661]"
307,10,256,1186,0.0011168369445292176,0.0011168369445292176,1,[8],[6274]
308,10,256,1186,0.0011183769445292085,1.5399999999908542e-06,1,[8],[6229]
309,10,256,1186,0.0011197669445292002,1.389999999991745e-06,1,[8],[6258]
310,10,256,1186,0.0011214469445291902,1.6799999999900228e-06,2,"[8, 30]","[6250, 3]"
311,10,256,1187,0.0011183197556766257,0.0011183197556766257,1,[8],[6270]
312,10,256,1187,0.0011198097556766168,1.4899999999911512e-06,1,[8],[6277]
313,10,256,1187,0.0011209997556766097,1.1899999999929328e-06,2,"[8, 30]","[6228, 2]"
314,10,256,1187,0.0011222397556766024,1.2399999999926359e-06,2,"[8, 30]","[6166, 88]"
315,10,256,1187,0.0011236197556765942,1.3799999999918044e-06,2,"[8, 30]","[5126, 1098]"
316,10,257,1105,0.0012496110903060078,0.0012496110903060078,2,"[129, 131]","[5546, 748]"
317,10,257,1186,0.0011118765681475526,0.0011118765681475526,1,[8],[6262]
318,10,257,1186,0.0011132065681475447,1.3299999999921014e-06,1,[8],[6293]
319,10,257,1186,0.0011141965681475388,9.899999999941206e-07,1,[8],[6220]
320,10,257,1186,0.001115156568147533,9.599999999942987e-07,1,[8],[6229]
321,10,257,1186,0.0011162265681475267,1.0699999999936455e-06,1,[8],[6273]
322,10,257,1186,0.0011178065681475174,1.5799999999906167e-06,1,[8],[6240]
323,10,257,1187,0.0011160988461870176,0.0011160988461870176,1,[8],[6254]
324,10,257,1187,0.0011223588461869805,6.259999999962823e-06,2,"[8, 30]","[6245, 2]"
325,10,258,1185,0.0011074607716048779,0.0011074607716048779,1,[8],[6268]
326,10,258,1185,0.0011097407716048643,2.2799999999864595e-06,1,[8],[6249]
327,10,258,1186,0.0011073309528248064,0.0011073309528248064,1,[8],[6268]
328,10,258,1186,0.0011086609528247985,1.3299999999921014e-06,1,[8],[6260]
329,10,258,1186,0.0011096809528247924,1.0199999999939424e-06,1,[8],[6271]
330,10,258,1186,0.0011106509528247867,9.699999999942394e-07,1,[8],[6220]
331,10,258,1186,0.0011117209528247803,1.0699999999936455e-06,1,[8],[6254]
332,10,258,1186,0.001113280952824771,1.5599999999907355e-06,1,[8],[6252]
333,10,259,1185,0.0011013785502479152,0.0011013785502479152,2,"[8, 29]","[6273, 4]"
334,10,259,1185,0.0011029085502479062,1.5299999999909136e-06,1,[8],[6228]
335,10,259,1185,0.0011041685502478987,1.259999999992517e-06,1,[8],[6246]
336,10,259,1185,0.0011054185502478912,1.2499999999925765e-06,1,[8],[6277]
337,10,259,1185,0.0011070585502478815,1.6399999999902604e-06,1,[8],[6247]
338,10,259,1186,0.0011035686981417257,0.0011035686981417257,2,"[8, 29]","[6278, 1]"
339,10,259,1186,0.0011052486981417157,1.6799999999900228e-06,1,[8],[6228]
340,10,259,1186,0.001106738698141707,1.4899999999911512e-06,1,[8],[6277]
341,10,259,1186,0.0011088586981416943,2.1199999999874097e-06,1,[8],[6228]
342,10,260,1184,0.001099616151171138,0.001099616151171138,2,"[8, 29]","[5764, 488]"
343,10,260,1185,0.0010955210448584615,0.0010955210448584615,2,"[8, 29]","[4785, 1467]"
344,10,260,1185,0.0010969810448584528,1.4599999999913293e-06,2,"[8, 29]","[6079, 175]"
345,10,260,1185,0.0010980510448584464,1.0699999999936455e-06,2,"[8, 29]","[6295, 1]"
346,10,260,1185,0.0010990010448584408,9.499999999943581e-07,1,[8],[6259]
347,10,260,1185,0.0010999010448584355,8.999999999946551e-07,1,[8],[6192]
348,10,260,1185,0.0011009610448584292,1.0599999999937049e-06,1,[8],[6286]
349,10,260,1185,0.001102341044858421,1.3799999999918044e-06,1,[8],[6233]
350,10,260,1186,0.0011009752539731228,0.0011009752539731228,2,"[8, 29]","[6103, 156]"
351,10,261,1184,0.001090683962844869,0.001090683962844869,1,[8],[6259]
352,10,261,1184,0.0010927339628448568,2.0499999999878254e-06,2,"[8, 29]","[6236, 12]"
353,10,261,1184,0.0010945939628448458,1.8599999999889538e-06,2,"[8, 29]","[5089, 1157]"
354,10,261,1185,0.001091313638468577,0.001091313638468577,1,[8],[6260]
355,10,261,1185,0.0010927036384685688,1.389999999991745e-06,2,"[8, 29]","[6188, 66]"
356,10,261,1185,0.001093683638468563,9.7999999999418e-07,2,"[8, 29]","[5368, 922]"
357,10,261,1185,0.0010943936384685588,7.099999999957834e-07,2,"[8, 29]","[4015, 2201]"
358,10,261,1185,0.001095043638468555,6.499999999961398e-07,2,"[8, 29]","[3750, 2507]"
359,10,261,1185,0.00109586363846855,8.199999999951302e-07,2,"[8, 29]","[4565, 1683]"
360,10,261,1185,0.0010972636384685417,1.3999999999916857e-06,2,"[8, 29]","[5902, 323]"
361,10,262,1184,0.001084440757179257,0.001084440757179257,3,"[8, 27, 28]","[6264, 1, 11]"
362,10,262,1184,0.0010858707571792484,1.4299999999915075e-06,1,[8],[6244]
363,10,262,1184,0.0010870007571792417,1.1299999999932892e-06,1,[8],[6233]
364,10,262,1184,0.0010881007571792352,1.0999999999934673e-06,1,[8],[6286]
365,10,262,1184,0.0010893907571792275,1.289999999992339e-06,1,[8],[6250]
366,10,262,1184,0.001091170757179217,1.779999999989429e-06,1,[8],[6212]
367,10,262,1185,0.001088237955127348,0.001088237955127348,1,[8],[6262]
368,10,262,1185,0.001090427955127335,2.189999999986994e-06,1,[8],[6268]
369,10,262,1185,0.0010932079551273185,2.77999999998349e-06,2,"[8, 29]","[6204, 27]"
370,10,263,1183,0.0010780616225633353,0.0010780616225633353,8,"[8, 24, 25, 26, 27, 28, 229, 230]","[4004, 7, 42, 743, 756, 720, 6, 1]"
371,10,263,1183,0.0010801816225633227,2.1199999999874097e-06,5,"[8, 26, 27, 28, 229]","[5201, 6, 45, 996, 1]"
372,10,263,1183,0.0010827016225633077,2.519999999985034e-06,2,"[8, 28]","[6229, 13]"
373,10,263,1184,0.0010792473336716174,0.0010792473336716174,6,"[8, 25, 26, 27, 28, 229]","[4592, 4, 223, 409, 1026, 3]"
374,10,263,1184,0.0010808173336716081,1.569999999990676e-06,2,"[8, 28]","[6162, 95]"
375,10,263,1184,0.001081997333671601,1.1799999999929922e-06,1,[8],[6243]
376,10,263,1184,0.0010830673336715948,1.0699999999936455e-06,1,[8],[6262]
377,10,263,1184,0.001084187333671588,1.1199999999933485e-06,1,[8],[6272]
378,10,263,1184,0.0010856573336715794,1.46999999999127e-06,1,[8],[6220]
379,10,264,1182,0.0010747476621722116,0.0010747476621722116,4,"[8, 24, 25, 26]","[4854, 555, 840, 2]"
380,10,264,1183,0.0010723448003377926,0.0010723448003377926,3,"[8, 24, 25]","[4944, 918, 424]"
381,10,264,1183,0.0010734248003377862,1.079999999993586e-06,3,"[8, 24, 25]","[4508, 65, 1647]"
382,10,264,1183,0.0010743748003377805,9.499999999943581e-07,4,"[8, 24, 25, 26]","[5268, 2, 987, 16]"
383,10,264,1183,0.0010752848003377751,9.099999999945957e-07,6,"[8, 25, 26, 27, 28, 229]","[5724, 140, 352, 49, 2, 2]"
384,10,264,1183,0.0010760248003377707,7.399999999956053e-07,7,"[8, 25, 26, 27, 28, 229, 230]","[4563, 6, 1273, 374, 3, 24, 2]"
385,10,264,1183,0.001076664800337767,6.399999999961992e-07,6,"[8, 26, 27, 28, 229, 230]","[3567, 1672, 932, 55, 28, 2]"
386,10,264,1183,0.001077334800337763,6.69999999996021e-07,5,"[8, 26, 27, 28, 229]","[3265, 1309, 1350, 298, 21]"
387,10,264,1183,0.0010782348003377576,8.999999999946551e-07,5,"[8, 26, 27, 28, 229]","[3586, 467, 999, 1162, 8]"
388,10,264,1183,0.0010799148003377476,1.6799999999900228e-06,4,"[8, 26, 27, 28]","[4739, 33, 144, 1329]"
389,10,264,1184,0.001076279169225466,0.001076279169225466,8,"[8, 24, 25, 26, 27, 28, 229, 230]","[4811, 36, 261, 708, 415, 9, 11, 1]"
390,10,264,1184,0.0010777291692254574,1.4499999999913887e-06,6,"[8, 26, 27, 28, 229, 230]","[3522, 790, 1441, 504, 14, 2]"
391,10,264,1184,0.0010794491692254471,1.7199999999897853e-06,4,"[8, 26, 27, 28]","[4609, 51, 260, 1316]"
392,10,265,1182,0.0010667792770458764,0.0010667792770458764,1,[8],[6266]
393,10,265,1182,0.0010683392770458671,1.5599999999907355e-06,1,[8],[6243]
394,10,265,1182,0.0010698292770458583,1.4899999999911512e-06,2,"[8, 24]","[6227, 41]"
395,10,265,1182,0.0010715992770458478,1.7699999999894883e-06,3,"[8, 24, 25]","[5144, 1088, 11]"
396,10,265,1183,0.0010694491997677432,0.0010694491997677432,2,"[8, 24]","[6248, 18]"
397,10,265,1183,0.0010707691997677354,1.3199999999921608e-06,3,"[8, 24, 25]","[5461, 784, 2]"
398,10,265,1183,0.0010717291997677297,9.599999999942987e-07,3,"[8, 24, 25]","[4578, 1606, 97]"
399,10,265,1183,0.001072689199767724,9.599999999942987e-07,3,"[8, 24, 25]","[4582, 777, 914]"
400,10,265,1183,0.0010736591997677182,9.699999999942394e-07,3,"[8, 24, 25]","[4041, 72, 2103]"
401,10,265,1183,0.0010756191997677066,1.95999999998836e-06,5,"[8, 25, 26, 27, 229]","[4999, 1094, 108, 19, 1]"
402,10,266,1181,0.001061051047858171,0.001061051047858171,1,[8],[6258]
403,10,266,1181,0.0010629410478581597,1.8899999999887757e-06,1,[8],[6271]
404,10,266,1181,0.0010656210478581438,2.679999999984084e-06,1,[8],[6226]
405,10,266,1182,0.0010629423366826506,0.0010629423366826506,1,[8],[6278]
406,10,266,1182,0.0010643123366826425,1.3699999999918638e-06,1,[8],[6238]
407,10,266,1182,0.0010654623366826356,1.1499999999931704e-06,1,[8],[6243]
408,10,266,1182,0.0010667123366826282,1.2499999999925765e-06,1,[8],[6241]
409,10,266,1182,0.0010687923366826159,2.0799999999876473e-06,1,[8],[6250]
410,10,267,1180,0.0010552029488920703,0.0010552029488920703,1,[8],[6278]
411,10,267,1180,0.0010570029488920596,1.7999999999893102e-06,1,[8],[6243]
412,10,267,1180,0.001060972948892036,3.969999999976423e-06,1,[8],[6229]
413,10,267,1181,0.0010568891454993132,0.0010568891454993132,1,[8],[6263]
414,10,267,1181,0.001058099145499306,1.209999999992814e-06,1,[8],[6259]
415,10,267,1181,0.0010590691454993003,9.699999999942394e-07,1,[8],[6255]
416,10,267,1181,0.001060109145499294,1.0399999999938236e-06,1,[8],[6247]
417,10,267,1181,0.0010615891454992853,1.4799999999912106e-06,1,[8],[6245]
418,10,267,1182,0.0010628847571903307,0.0010628847571903307,1,[8],[6255]
419,10,268,1179,0.0010495243895393476,0.0010495243895393476,1,[8],[6255]
420,10,268,1179,0.001051304389539337,1.779999999989429e-06,1,[8],[6272]
421,10,268,1179,0.0010544443895393184,3.139999999981352e-06,1,[8],[6226]
422,10,268,1180,0.0010512268066372257,0.0010512268066372257,1,[8],[6258]
423,10,268,1180,0.0010524168066372186,1.1899999999929328e-06,1,[8],[6249]
424,10,268,1180,0.001053376806637213,9.599999999942987e-07,1,[8],[6246]
425,10,268,1180,0.0010543568066372071,9.7999999999418e-07,1,[8],[6265]
426,10,268,1180,0.0010555968066371998,1.2399999999926359e-06,1,[8],[6251]
427,10,268,1181,0.0010566207492668253,0.0010566207492668253,1,[8],[6262]
428,10,269,1178,0.0010441136951430023,0.0010441136951430023,1,[8],[6281]
429,10,269,1178,0.0010457436951429927,1.6299999999903197e-06,1,[8],[6222]
430,10,269,1178,0.0010493236951429714,3.579999999978739e-06,1,[8],[6249]
431,10,269,1179,0.0010456797675781559,0.0010456797675781559,1,[8],[6256]
432,10,269,1179,0.0010469097675781486,1.2299999999926953e-06,1,[8],[6274]
433,10,269,1179,0.0010478897675781427,9.7999999999418e-07,1,[8],[6243]
434,10,269,1179,0.0010488797675781369,9.899999999941206e-07,1,[8],[6245]
435,10,269,1179,0.0010502797675781285,1.3999999999916857e-06,1,[8],[6261]
436,10,269,1180,0.0010511484276716939,0.0010511484276716939,1,[8],[6262]
437,10,270,1177,0.0010389564656369359,0.0010389564656369359,1,[8],[6277]
438,10,270,1177,0.0010405564656369264,1.599999999990498e-06,1,[8],[6226]
439,10,270,1177,0.0010433464656369098,2.7899999999834307e-06,1,[8],[6254]
440,10,270,1178,0.0010405626794835663,0.0010405626794835663,1,[8],[6275]
441,10,270,1178,0.0010416426794835599,1.079999999993586e-06,1,[8],[6253]
442,10,270,1178,0.0010425326794835546,8.899999999947145e-07,1,[8],[6244]
443,10,270,1178,0.001043462679483549,9.299999999944769e-07,1,[8],[6283]
444,10,270,1178,0.001044662679483542,1.1999999999928734e-06,1,[8],[6230]
445,10,270,1179,0.0010457052759834673,0.0010457052759834673,1,[8],[6272]
446,10,271,1176,0.0010331063071878505,0.0010331063071878505,3,"[8, 22, 23]","[3944, 560, 1760]"
447,10,271,1176,0.0010348163071878403,1.7099999999898446e-06,3,"[8, 22, 23]","[6234, 5, 12]"
448,10,271,1176,0.0010365963071878297,1.779999999989429e-06,1,[8],[6251]
449,10,271,1177,0.0010354295140263842,0.0010354295140263842,3,"[8, 22, 23]","[6131, 34, 111]"
450,10,271,1177,0.0010365395140263776,1.109999999993408e-06,1,[8],[6262]
451,10,271,1177,0.0010374395140263723,8.999999999946551e-07,1,[8],[6245]
452,10,271,1177,0.0010383595140263668,9.199999999945363e-07,1,[8],[6230]
453,10,271,1177,0.0010395695140263596,1.209999999992814e-06,1,[8],[6239]
454,10,271,1178,0.00104062161464162,0.00104062161464162,1,[8],[6267]
455,10,272,1175,0.0010285871764367847,0.0010285871764367847,1,[8],[6280]
456,10,272,1175,0.0010301171764367757,1.5299999999909136e-06,3,"[8, 22, 23]","[6111, 38, 90]"
457,10,272,1175,0.0010313471764367684,1.2299999999926953e-06,3,"[8, 22, 23]","[4442, 582, 1230]"
458,10,272,1176,0.0010302459684128447,0.0010302459684128447,3,"[8, 22, 23]","[5654, 232, 403]"
459,10,272,1176,0.0010309659684128404,7.199999999957241e-07,3,"[8, 22, 23]","[3664, 894, 1680]"
460,10,272,1176,0.0010314859684128373,5.199999999969118e-07,3,"[8, 22, 23]","[3207, 1076, 2051]"
461,10,272,1176,0.0010319659684128344,4.799999999971494e-07,3,"[8, 22, 23]","[3242, 1045, 1869]"
462,10,272,1176,0.0010325659684128309,5.999999999964367e-07,3,"[8, 22, 23]","[4276, 728, 1272]"
463,10,272,1176,0.0010334159684128258,8.49999999994952e-07,3,"[8, 22, 23]","[5581, 220, 417]"
464,10,272,1176,0.0010347659684128178,1.3499999999919826e-06,3,"[8, 22, 23]","[6237, 10, 23]"
465,10,272,1177,0.0010352394478153786,0.0010352394478153786,3,"[8, 22, 23]","[5575, 272, 418]"
466,10,273,1174,0.0010227621105349828,0.0010227621105349828,1,[8],[6265]
467,10,273,1174,0.0010241821105349744,1.419999999991567e-06,1,[8],[6272]
468,10,273,1174,0.0010255621105349662,1.3799999999918044e-06,1,[8],[6235]
469,10,273,1175,0.0010252871456566893,0.0010252871456566893,1,[8],[6291]
470,10,273,1175,0.0010264671456566823,1.1799999999929922e-06,1,[8],[6220]
471,10,273,1175,0.001027517145656676,1.0499999999937643e-06,1,[8],[6252]
472,10,273,1175,0.001028727145656669,1.209999999992814e-06,2,"[8, 22]","[6256, 1]"
473,10,273,1175,0.0010311971456566542,2.469999999985331e-06,3,"[8, 22, 23]","[6088, 71, 76]"
474,10,273,1176,0.0010310585141429186,0.0010310585141429186,3,"[8, 22, 23]","[5874, 182, 213]"
475,10,274,1173,0.0010171421595630231,0.0010171421595630231,2,"[8, 21]","[6260, 2]"
476,10,274,1173,0.0010184421595630154,1.2999999999922796e-06,1,[8],[6252]
477,10,274,1173,0.0010195821595630086,1.1399999999932298e-06,1,[8],[6241]
478,10,274,1173,0.0010211421595629994,1.5599999999907355e-06,1,[8],[6252]
479,10,274,1174,0.0010200589509553055,0.0010200589509553055,1,[8],[6280]
480,10,274,1174,0.001021318950955298,1.259999999992517e-06,1,[8],[6245]
481,10,274,1174,0.001022488950955291,1.1699999999930516e-06,1,[8],[6272]
482,10,274,1174,0.001024008950955282,1.519999999990973e-06,1,[8],[6232]
483,10,275,1171,0.0010117468455276973,0.0010117468455276973,2,"[8, 21]","[5794, 464]"
484,10,275,1172,0.001011381705302087,0.001011381705302087,2,"[8, 21]","[5200, 1095]"
485,10,275,1172,0.00101254170530208,1.159999999993111e-06,2,"[8, 21]","[5432, 823]"
486,10,275,1172,0.0010135317053020741,9.899999999941206e-07,2,"[8, 21]","[6124, 88]"
487,10,275,1172,0.0010146217053020677,1.0899999999935267e-06,2,"[8, 21]","[6243, 2]"
488,10,275,1172,0.0010163217053020576,1.699999999989904e-06,1,[8],[6246]
489,10,275,1173,0.001014886690538146,0.001014886690538146,2,"[8, 21]","[6179, 106]"
490,10,275,1173,0.001016236690538138,1.3499999999919826e-06,1,[8],[6262]
491,10,275,1173,0.0010176266905381297,1.389999999991745e-06,1,[8],[6229]
492,10,275,1173,0.0010208966905381103,3.26999999998058e-06,1,[8],[6227]
493,10,276,1170,0.001004303747225288,0.001004303747225288,3,"[8, 19, 20]","[5000, 95, 1171]"
494,10,276,1170,0.0010073637472252698,3.0599999999818273e-06,2,"[8, 20]","[6230, 4]"
495,10,276,1171,0.0010058938322957452,0.0010058938322957452,3,"[8, 19, 20]","[6106, 2, 182]"
496,10,276,1171,0.001007113832295738,1.2199999999927547e-06,1,[8],[6255]
497,10,276,1171,0.001008113832295732,9.999999999940612e-07,1,[8],[6205]
498,10,276,1171,0.0010091638322957258,1.0499999999937643e-06,2,"[8, 21]","[6255, 2]"
499,10,276,1171,0.0010106738322957168,1.5099999999910324e-06,2,"[8, 21]","[6113, 153]"
500,10,276,1172,0.001009913009810475,0.001009913009810475,3,"[8, 20, 21]","[6199, 1, 71]"
501,10,276,1172,0.0010113230098104666,1.4099999999916263e-06,2,"[8, 21]","[5064, 1182]"
502,10,276,1172,0.0010129130098104572,1.5899999999905573e-06,2,"[8, 21]","[5067, 1174]"
503,10,277,1169,0.000998008556436484,0.000998008556436484,3,"[8, 18, 19]","[5632, 595, 29]"
504,10,277,1169,0.000999368556436476,1.3599999999919232e-06,2,"[8, 19]","[5228, 1031]"
505,10,277,1169,0.001000698556436468,1.3299999999921014e-06,3,"[8, 19, 20]","[4552, 1693, 10]"
506,10,277,1170,0.0009998660114162164,0.0009998660114162164,4,"[8, 18, 19, 20]","[4550, 22, 1721, 2]"
507,10,277,1170,0.0010009860114162097,1.1199999999933485e-06,3,"[8, 19, 20]","[5090, 929, 226]"
508,10,277,1170,0.001001786011416205,7.99999999995249e-07,3,"[8, 19, 20]","[4731, 66, 1421]"
509,10,277,1170,0.0010024060114162013,6.199999999963179e-07,3,"[8, 19, 20]","[3944, 2, 2363]"
510,10,277,1170,0.0010030360114161975,6.299999999962586e-07,3,"[8, 19, 20]","[3967, 1, 2260]"
511,10,277,1170,0.0010039360114161922,8.999999999946551e-07,2,"[8, 20]","[5056, 1165]"
512,10,277,1170,0.001005816011416181,1.879999999988835e-06,2,"[8, 20]","[6151, 88]"
513,10,277,1171,0.0010046862450487778,0.0010046862450487778,3,"[8, 19, 20]","[5043, 33, 1194]"
514,10,277,1171,0.0010072862450487623,2.599999999984559e-06,1,[8],[6238]
515,10,278,1168,0.000992190433422505,0.000992190433422505,1,[8],[6275]
516,10,278,1168,0.0009935604334224968,1.3699999999918638e-06,1,[8],[6236]
517,10,278,1168,0.0009948304334224892,1.2699999999924577e-06,2,"[8, 18]","[6154, 121]"
518,10,278,1168,0.0009962604334224807,1.4299999999915075e-06,2,"[8, 18]","[5049, 1174]"
519,10,278,1169,0.0009950640772356035,0.0009950640772356035,2,"[8, 18]","[5919, 364]"
520,10,278,1169,0.0009960640772355975,9.999999999940612e-07,2,"[8, 18]","[4623, 1614]"
521,10,278,1169,0.0009968740772355927,8.099999999951896e-07,2,"[8, 18]","[5011, 1260]"
522,10,278,1169,0.0009977740772355874,8.999999999946551e-07,3,"[8, 18, 19]","[5877, 340, 8]"
523,10,278,1169,0.0009988940772355807,1.1199999999933485e-06,3,"[8, 18, 19]","[6015, 20, 214]"
524,10,278,1169,0.0010008340772355692,1.9399999999884787e-06,3,"[8, 19, 20]","[4948, 1283, 4]"
525,10,278,1170,0.0010000907167626927,0.0010000907167626927,4,"[8, 18, 19, 20]","[5010, 113, 1134, 1]"
526,10,279,1166,0.0009851872762285405,0.0009851872762285405,3,"[8, 16, 17]","[4796, 147, 1317]"
527,10,279,1167,0.0009861151847095173,0.0009861151847095173,3,"[8, 16, 17]","[5722, 6, 534]"
528,10,279,1167,0.0009874051847095096,1.289999999992339e-06,1,[8],[6300]
529,10,279,1167,0.0009884451847095035,1.0399999999938236e-06,1,[8],[6208]
530,10,279,1167,0.0009896051847094966,1.159999999993111e-06,1,[8],[6251]
531,10,279,1167,0.0009915951847094847,1.9899999999881818e-06,1,[8],[6230]
532,10,279,1168,0.0009898167326806253,0.0009898167326806253,2,"[8, 17]","[6261, 1]"
533,10,279,1168,0.000991216732680617,1.3999999999916857e-06,1,[8],[6246]
534,10,279,1168,0.0009925967326806088,1.3799999999918044e-06,1,[8],[6257]
535,10,279,1168,0.0009953267326805926,2.729999999983787e-06,2,"[8, 18]","[6199, 40]"
536,10,280,1165,0.0009785663138549715,0.0009785663138549715,3,"[8, 15, 16]","[6244, 17, 1]"
537,10,280,1165,0.000980996313854957,2.4299999999855687e-06,3,"[8, 16, 17]","[5913, 323, 3]"
538,10,280,1166,0.0009801440321820845,0.0009801440321820845,3,"[8, 16, 17]","[6051, 198, 1]"
539,10,280,1166,0.0009812140321820782,1.0699999999936455e-06,3,"[8, 16, 17]","[4801, 1420, 62]"
540,10,280,1166,0.0009819940321820736,7.799999999953677e-07,3,"[8, 16, 17]","[4204, 1364, 710]"
541,10,280,1166,0.0009826740321820695,6.799999999959616e-07,3,"[8, 16, 17]","[3894, 454, 1912]"
542,10,280,1166,0.0009833440321820655,6.69999999996021e-07,3,"[8, 16, 17]","[3943, 63, 2242]"
543,10,280,1166,0.00098427403218206,9.299999999944769e-07,3,"[8, 16, 17]","[4932, 5, 1291]"
544,10,280,1166,0.0009864940321820468,2.219999999986816e-06,2,"[8, 17]","[6100, 121]"
545,10,280,1167,0.0009838717467242045,0.0009838717467242045,3,"[8, 16, 17]","[3745, 194, 2339]"
546,10,280,1167,0.0009857317467241934,1.8599999999889538e-06,2,"[8, 17]","[6072, 161]"
547,10,280,1167,0.0009878617467241808,2.1299999999873503e-06,1,[8],[6249]
548,10,281,1164,0.0009704421753088661,0.0009704421753088661,6,"[8, 14, 15, 236, 248, 249]","[2660, 3075, 522, 11, 11, 1]"
549,10,281,1164,0.0009716121753088719,1.1700000000057368e-06,4,"[8, 14, 15, 236]","[2922, 157, 3181, 24]"
550,10,281,1164,0.0009727821753088776,1.1700000000057368e-06,4,"[8, 14, 15, 236]","[4168, 43, 1988, 6]"
551,10,281,1164,0.0009744721753088859,1.6900000000082864e-06,3,"[8, 14, 15]","[6115, 3, 121]"
552,10,281,1165,0.0009738546341535069,0.0009738546341535069,4,"[8, 14, 15, 236]","[5240, 80, 933, 1]"
553,10,281,1165,0.0009751846341535134,1.3300000000065213e-06,2,"[8, 15]","[6269, 1]"
554,10,281,1165,0.0009761746341535182,9.900000000048542e-07,1,[8],[6263]
555,10,281,1165,0.0009771646341535166,9.89999999998349e-07,1,[8],[6216]
556,10,281,1165,0.0009783246341535097,1.159999999993111e-06,1,[8],[6267]
557,10,281,1165,0.0009804946341534968,2.169999999987113e-06,2,"[8, 16]","[6189, 43]"
558,10,281,1166,0.0009794386218560218,0.0009794386218560218,3,"[8, 15, 16]","[6246, 1, 6]"
559,10,281,1166,0.000981908621856007,2.469999999985331e-06,3,"[8, 16, 17]","[5016, 1168, 67]"
560,10,282,1163,0.0009650206084735073,0.0009650206084735073,2,"[8, 14]","[6088, 183]"
561,10,282,1163,0.0009661306084735127,1.1100000000054426e-06,2,"[8, 14]","[4020, 2278]"
562,10,282,1163,0.000966790608473516,6.600000000032361e-07,2,"[8, 14]","[2851, 3400]"
563,10,282,1163,0.0009673606084735188,5.700000000027948e-07,2,"[8, 14]","[2558, 3652]"
564,10,282,1163,0.0009680106084735219,6.500000000031871e-07,3,"[8, 14, 248]","[2742, 3529, 3]"
565,10,282,1163,0.000968840608473526,8.300000000040697e-07,5,"[8, 14, 236, 248, 249]","[3117, 3093, 7, 6, 3]"
566,10,282,1163,0.0009698106084735308,9.700000000047561e-07,6,"[8, 14, 15, 236, 248, 249]","[2593, 3490, 12, 149, 4, 1]"
567,10,282,1163,0.000970680608473535,8.700000000042658e-07,4,"[8, 14, 15, 236]","[1434, 3884, 102, 841]"
568,10,282,1163,0.0009716706084735399,9.900000000048542e-07,4,"[8, 14, 15, 236]","[806, 3907, 250, 1285]"
569,10,282,1164,0.0009670224490150808,0.0009670224490150808,3,"[8, 14, 248]","[2692, 3565, 1]"
570,10,282,1164,0.0009677824490150845,7.600000000037264e-07,4,"[8, 14, 248, 249]","[2077, 4186, 4, 1]"
571,10,282,1164,0.0009684324490150877,6.500000000031871e-07,5,"[8, 14, 236, 248, 249]","[2421, 3824, 1, 8, 2]"
572,10,282,1164,0.0009690324490150906,6.000000000029419e-07,5,"[8, 14, 15, 236, 248]","[2797, 3441, 2, 9, 10]"
573,10,282,1164,0.0009695924490150934,5.600000000027458e-07,6,"[8, 14, 15, 236, 248, 249]","[2934, 3219, 24, 71, 2, 1]"
574,10,282,1164,0.0009701124490150959,5.200000000025497e-07,4,"[8, 14, 15, 236]","[2966, 2925, 162, 222]"
575,10,282,1164,0.0009705924490150983,4.800000000023535e-07,5,"[8, 14, 15, 236, 248]","[2717, 2605, 458, 508, 1]"
576,10,282,1164,0.0009710424490151005,4.5000000000220645e-07,4,"[8, 14, 15, 236]","[2466, 2229, 894, 602]"
577,10,282,1164,0.0009715124490151028,4.700000000023045e-07,4,"[8, 14, 15, 236]","[2459, 2023, 1283, 557]"
578,10,282,1164,0.0009720924490151056,5.800000000028439e-07,4,"[8, 14, 15, 236]","[2708, 1873, 1268, 332]"
579,10,282,1164,0.000973392449015112,1.3000000000063742e-06,4,"[8, 14, 15, 236]","[4365, 1008, 717, 114]"
580,10,282,1165,0.0009740151218392629,0.0009740151218392629,5,"[8, 14, 15, 236, 248]","[4732, 682, 814, 22, 1]"
581,10,283,1162,0.0009581020350258129,0.0009581020350258129,1,[8],[6274]
582,10,283,1162,0.0009594720350258197,1.3700000000067174e-06,1,[8],[6242]
583,10,283,1162,0.0009606720350258255,1.2000000000058839e-06,1,[8],[6245]
584,10,283,1162,0.0009619320350258317,1.260000000006178e-06,1,[8],[6279]
585,10,283,1162,0.0009639820350258418,2.0500000000100516e-06,1,[8],[6213]
586,10,283,1163,0.0009617336239908566,0.0009617336239908566,1,[8],[6264]
587,10,283,1163,0.0009631536239908635,1.4200000000069626e-06,1,[8],[6244]
588,10,283,1163,0.0009643836239908696,1.230000000006031e-06,2,"[8, 14]","[6283, 15]"
589,10,283,1163,0.0009656536239908758,1.270000000006227e-06,2,"[8, 14]","[5569, 625]"
590,10,283,1163,0.000966913623990882,1.260000000006178e-06,2,"[8, 14]","[3699, 2579]"
591,10,283,1163,0.0009698836239908965,2.9700000000145626e-06,3,"[8, 14, 236]","[2866, 3258, 123]"
592,10,283,1163,0.0009716336239909051,1.7500000000085806e-06,4,"[8, 14, 15, 236]","[125, 4748, 2, 1363]"
593,10,283,1164,0.0009686889294004314,0.0009686889294004314,3,"[8, 14, 236]","[3574, 2686, 1]"
594,10,283,1164,0.0009709489294004425,2.2600000000110813e-06,5,"[8, 14, 15, 236, 248]","[1016, 4405, 17, 803, 2]"
595,10,284,1160,0.0009513237849217382,0.0009513237849217382,2,"[8, 13]","[5790, 475]"
596,10,284,1161,0.0009512745121373037,0.0009512745121373037,2,"[8, 13]","[6166, 111]"
597,10,284,1161,0.0009525945121373102,1.3200000000064722e-06,1,[8],[6240]
598,10,284,1161,0.0009536745121373155,1.0800000000052955e-06,1,[8],[6278]
599,10,284,1161,0.0009547645121373208,1.0900000000053445e-06,1,[8],[6227]
600,10,284,1161,0.0009561345121373275,1.3700000000067174e-06,1,[8],[6235]
601,10,284,1162,0.000955401478850802,0.000955401478850802,1,[8],[6264]
602,10,284,1162,0.0009569314788508095,1.530000000007502e-06,1,[8],[6245]
603,10,284,1162,0.0009583914788508167,1.4600000000071587e-06,1,[8],[6266]
604,10,284,1162,0.0009605214788508271,2.130000000010444e-06,1,[8],[6231]
605,10,285,1159,0.0009435478153031974,0.0009435478153031974,2,"[8, 12]","[6236, 20]"
606,10,285,1160,0.0009445771767328154,0.0009445771767328154,2,"[8, 13]","[6251, 1]"
607,10,285,1160,0.000945927176732822,1.3500000000066193e-06,2,"[8, 13]","[6067, 187]"
608,10,285,1160,0.0009468571767328266,9.3000000000456e-07,2,"[8, 13]","[4913, 1340]"
609,10,285,1160,0.0009476371767328304,7.800000000038245e-07,2,"[8, 13]","[4438, 1811]"
610,10,285,1160,0.000948587176732835,9.500000000046581e-07,2,"[8, 13]","[5302, 944]"
611,10,285,1160,0.0009500571767328423,1.4700000000072077e-06,2,"[8, 13]","[6212, 64]"
612,10,285,1161,0.0009489223287866103,0.0009489223287866103,2,"[8, 13]","[5373, 893]"
613,10,285,1161,0.000950702328786619,1.7800000000087277e-06,2,"[8, 13]","[6261, 8]"
614,10,285,1161,0.0009525623287866281,1.86000000000912e-06,1,[8],[6227]
615,10,286,1158,0.0009347783131671247,0.0009347783131671247,4,"[8, 10, 11, 12]","[5354, 4, 855, 40]"
616,10,286,1158,0.0009364283131671327,1.6500000000080903e-06,2,"[8, 12]","[4449, 1823]"
617,10,286,1158,0.0009387383131671441,2.3100000000113264e-06,2,"[8, 12]","[4877, 1350]"
618,10,286,1159,0.0009367386253723024,0.0009367386253723024,3,"[8, 11, 12]","[3964, 70, 2244]"
619,10,286,1159,0.0009382086253723097,1.4700000000072077e-06,2,"[8, 12]","[5375, 857]"
620,10,286,1159,0.0009394386253723157,1.230000000006031e-06,2,"[8, 12]","[6245, 7]"
621,10,286,1159,0.0009405386253723211,1.1000000000053935e-06,1,[8],[6243]
622,10,286,1159,0.0009417286253723269,1.1900000000058348e-06,1,[8],[6257]
623,10,286,1159,0.0009434886253723355,1.7600000000086297e-06,1,[8],[6245]
624,10,286,1160,0.0009430656404875964,0.0009430656404875964,2,"[8, 12]","[6226, 34]"
625,10,286,1160,0.0009456156404876089,2.550000000012503e-06,2,"[8, 13]","[6237, 3]"
626,10,287,1156,0.0009216771768196104,0.0009216771768196104,4,"[1, 8, 9, 10]","[1, 500, 75, 5716]"
627,10,287,1156,0.0009263771768196334,4.700000000023045e-06,3,"[8, 9, 10]","[3300, 1, 2907]"
628,10,287,1157,0.0009216248756591669,0.0009216248756591669,3,"[8, 9, 10]","[50, 3, 6249]"
629,10,287,1157,0.0009254148756591855,3.790000000018583e-06,2,"[8, 10]","[2287, 3920]"
630,10,287,1157,0.0009277148756591968,2.3000000000112774e-06,1,[8],[6269]
631,10,287,1157,0.0009292548756592043,1.540000000007551e-06,1,[8],[6230]
632,10,287,1157,0.0009307548756592117,1.5000000000073548e-06,2,"[8, 11]","[5894, 365]"
633,10,287,1157,0.0009321148756592184,1.3600000000066684e-06,2,"[8, 11]","[3756, 2507]"
634,10,287,1158,0.0009304135178016029,0.0009304135178016029,3,"[8, 10, 11]","[5549, 157, 546]"
635,10,287,1158,0.0009311935178016067,7.800000000038245e-07,2,"[8, 11]","[3114, 3198]"
636,10,287,1158,0.000931673517801609,4.800000000023535e-07,2,"[8, 11]","[2342, 3999]"
637,10,287,1158,0.0009320935178016111,4.2000000000205935e-07,2,"[8, 11]","[2352, 3885]"
638,10,287,1158,0.0009325635178016134,4.700000000023045e-07,2,"[8, 11]","[2857, 3337]"
639,10,287,1158,0.0009332335178016167,6.700000000032852e-07,2,"[8, 11]","[4288, 1909]"
640,10,287,1158,0.0009341835178016213,9.500000000046581e-07,3,"[8, 11, 12]","[5911, 321, 8]"
641,10,287,1158,0.0009353035178016268,1.1200000000054916e-06,3,"[8, 11, 12]","[5885, 3, 382]"
642,10,287,1158,0.0009363935178016322,1.0900000000053445e-06,2,"[8, 12]","[3859, 2403]"
643,10,287,1159,0.0009356993266416322,0.0009356993266416322,4,"[1, 8, 11, 12]","[1, 3962, 1358, 955]"
644,10,287,1159,0.0009371593266416393,1.4600000000071587e-06,2,"[8, 12]","[2789, 3460]"
645,10,288,1155,0.0009154648300430318,0.0009154648300430318,2,"[1, 8]","[2491, 3761]"
646,10,288,1155,0.0009181348300430449,2.6700000000130916e-06,2,"[8, 9]","[6264, 6]"
647,10,288,1155,0.0009207348300430576,2.6000000000127484e-06,3,"[8, 9, 10]","[4446, 1208, 591]"
648,10,288,1156,0.0009184973851746332,0.0009184973851746332,4,"[1, 8, 9, 10]","[2362, 3859, 37, 7]"
649,10,288,1156,0.0009197973851746396,1.3000000000063742e-06,3,"[8, 9, 10]","[4167, 1305, 845]"
650,10,288,1156,0.0009204173851746426,6.2000000000304e-07,3,"[8, 9, 10]","[2622, 1068, 2507]"
651,10,288,1156,0.0009208473851746447,4.300000000021084e-07,3,"[8, 9, 10]","[2111, 518, 3625]"
652,10,288,1156,0.0009212473851746467,4.000000000019613e-07,3,"[8, 9, 10]","[2045, 201, 4042]"
653,10,288,1156,0.0009216573851746487,4.100000000020103e-07,3,"[8, 9, 10]","[2276, 91, 3946]"
654,10,288,1156,0.0009221673851746512,5.100000000025006e-07,3,"[8, 9, 10]","[2993, 13, 3131]"
655,10,288,1156,0.0009229873851746552,8.200000000040206e-07,2,"[8, 10]","[4755, 1518]"
656,10,288,1156,0.0009242473851746614,1.260000000006178e-06,2,"[8, 10]","[6120, 117]"
657,10,288,1156,0.000926827385174674,2.5800000000126503e-06,1,[8],[6230]
658,10,288,1157,0.0009209670395667175,0.0009209670395667175,4,"[1, 8, 9, 10]","[2156, 491, 106, 3542]"
659,10,288,1157,0.0009218570395667219,8.900000000043639e-07,3,"[8, 9, 10]","[686, 13, 5522]"
660,10,288,1157,0.000923717039566731,1.86000000000912e-06,2,"[8, 10]","[3569, 2685]"
661,10,288,1157,0.0009253870395667392,1.6700000000081884e-06,2,"[8, 10]","[6246, 6]"
662,10,288,1157,0.000926787039566746,1.4000000000068645e-06,1,[8],[6256]
663,10,288,1157,0.0009283570395667537,1.570000000007698e-06,1,[8],[6236]
664,10,288,1157,0.0009314870395667691,3.130000000015347e-06,2,"[8, 11]","[5309, 928]"
665,10,288,1158,0.0009305338417389511,0.0009305338417389511,4,"[1, 8, 10, 11]","[2191, 3224, 133, 713]"
666,10,288,1158,0.0009316938417389568,1.1600000000056877e-06,2,"[8, 11]","[1084, 5191]"
667,10,288,1158,0.0009332938417389646,1.6000000000078451e-06,3,"[8, 11, 256]","[1052, 5164, 1]"
668,10,288,1163,0.0009109022663633749,0.0009109022663633749,1,[1],[6255]
669,10,288,1164,0.0009104342976711951,0.0009104342976711951,1,[1],[6274]
670,10,288,1165,0.0009103479676708716,0.0009103479676708716,1,[1],[6303]
671,10,288,1166,0.0009102599646835159,0.0009102599646835159,1,[1],[6250]
672,10,288,1166,0.0009110199646835196,7.600000000037264e-07,1,[1],[6296]
673,10,288,1167,0.0009102080529213145,0.0009102080529213145,1,[1],[6280]
674,10,288,1167,0.0009107580529213172,5.500000000026968e-07,1,[1],[6232]
675,10,288,1167,0.0009116580529213216,9.000000000044129e-07,1,[1],[6246]
676,10,288,1168,0.0009101478299569416,0.0009101478299569416,1,[1],[6284]
677,10,288,1168,0.000910617829956944,4.700000000023045e-07,1,[1],[6226]
678,10,288,1168,0.0009111178299569464,5.000000000024516e-07,1,[1],[6293]
679,10,288,1169,0.0009101294666049553,0.0009101294666049553,1,[1],[6307]
680,10,288,1169,0.0009105794666049575,4.5000000000220645e-07,1,[1],[6237]
681,10,288,1169,0.0009110294666049597,4.5000000000220645e-07,1,[1],[6319]
682,10,288,1169,0.000911919466604964,8.900000000043639e-07,1,[1],[6142]
683,10,288,1170,0.0009100977796750526,0.0009100977796750526,1,[1],[6343]
684,10,288,1170,0.0009105077796750546,4.100000000020103e-07,1,[1],[6170]
685,10,288,1170,0.0009108977796750565,3.9000000000191225e-07,1,[1],[6397]
686,10,288,1170,0.000911397779675059,5.000000000024516e-07,1,[1],[6121]
687,10,288,1171,0.0009100634705173834,0.0009100634705173834,1,[1],[6259]
688,10,288,1171,0.0009104634705173854,4.000000000019613e-07,1,[1],[6322]
689,10,288,1171,0.0009108034705173871,3.400000000016671e-07,1,[1],[6268]
690,10,288,1171,0.000911193470517389,3.9000000000191225e-07,1,[1],[6175]
691,10,288,1172,0.0009100651430611943,0.0009100651430611943,1,[1],[6292]
692,10,288,1172,0.0009104651430611963,4.000000000019613e-07,1,[1],[6349]
693,10,288,1172,0.000910805143061198,3.400000000016671e-07,1,[1],[6178]
694,10,288,1172,0.0009112051430611999,4.000000000019613e-07,1,[1],[6284]
695,10,288,1172,0.0009124251430612059,1.220000000005982e-06,1,[1],[6148]
696,10,288,1173,0.0009100257248612593,0.0009100257248612593,1,[1],[6369]
697,10,288,1173,0.0009104057248612612,3.800000000018632e-07,1,[1],[6131]
698,10,288,1173,0.0009107357248612628,3.3000000000161806e-07,1,[1],[6422]
699,10,288,1173,0.0009110957248612645,3.6000000000176516e-07,1,[1],[6113]
700,10,288,1173,0.0009117457248612677,6.500000000031871e-07,1,[1],[6220]
701,10,288,1174,0.0009099387353220178,0.0009099387353220178,1,[1],[6270]
702,10,288,1174,0.0009103287353220197,3.9000000000191225e-07,1,[1],[6425]
703,10,288,1174,0.0009106387353220212,3.1000000000152e-07,1,[1],[6210]
704,10,288,1174,0.0009109787353220229,3.400000000016671e-07,1,[1],[6152]
705,10,288,1174,0.0009114987353220254,5.200000000025497e-07,1,[1],[6252]
706,10,288,1175,0.0009098041211605157,0.0009098041211605157,1,[1],[6314]
707,10,288,1175,0.0009101841211605176,3.800000000018632e-07,1,[1],[6332]
708,10,288,1175,0.000910474121160519,2.9000000000142193e-07,1,[1],[6133]
709,10,288,1175,0.0009107941211605206,3.2000000000156903e-07,1,[1],[6373]
710,10,288,1175,0.0009112141211605226,4.2000000000205935e-07,1,[1],[6170]
711,10,288,1176,0.0009097047152370675,0.0009097047152370675,1,[1],[6272]
712,10,288,1176,0.0009100847152370694,3.800000000018632e-07,1,[1],[6374]
713,10,288,1176,0.0009103947152370709,3.1000000000152e-07,1,[1],[6237]
714,10,288,1176,0.0009107047152370724,3.1000000000152e-07,1,[1],[6210]
715,10,288,1176,0.0009111547152370746,4.5000000000220645e-07,1,[1],[6193]
716,10,288,1177,0.0009096387213592716,0.0009096387213592716,2,"[1, 6]","[6305, 22]"
717,10,288,1177,0.0009100187213592735,3.800000000018632e-07,2,"[1, 6]","[6316, 30]"
718,10,288,1177,0.000910328721359275,3.1000000000152e-07,2,"[1, 6]","[6231, 18]"
719,10,288,1177,0.0009106487213592766,3.2000000000156903e-07,2,"[1, 6]","[6062, 19]"
720,10,288,1177,0.0009111187213592789,4.700000000023045e-07,3,"[1, 5, 6]","[6313, 1, 23]"
721,10,288,1178,0.0009094943579251359,0.0009094943579251359,3,"[1, 5, 6]","[5294, 203, 856]"
722,10,288,1178,0.0009098443579251376,3.500000000017161e-07,3,"[1, 5, 6]","[5291, 203, 744]"
723,10,288,1178,0.0009101143579251389,2.7000000000132387e-07,3,"[1, 5, 6]","[5236, 236, 716]"
724,10,288,1178,0.0009103743579251402,2.6000000000127484e-07,3,"[1, 5, 6]","[5423, 216, 751]"
725,10,288,1178,0.0009106643579251416,2.9000000000142193e-07,3,"[1, 5, 6]","[5198, 235, 727]"
726,10,288,1178,0.0009111143579251438,4.5000000000220645e-07,3,"[1, 5, 6]","[5297, 261, 683]"
727,10,288,1179,0.0009094869414748004,0.0009094869414748004,3,"[1, 5, 6]","[5307, 585, 364]"
728,10,288,1179,0.0009098369414748021,3.500000000017161e-07,3,"[1, 5, 6]","[5346, 619, 340]"
729,10,288,1179,0.0009101069414748034,2.7000000000132387e-07,3,"[1, 5, 6]","[5258, 708, 340]"
730,10,288,1179,0.0009103669414748047,2.6000000000127484e-07,3,"[1, 5, 6]","[5109, 739, 299]"
731,10,288,1179,0.0009106669414748062,3.0000000000147097e-07,3,"[1, 5, 6]","[5213, 840, 301]"
732,10,288,1179,0.0009110969414748083,4.300000000021084e-07,3,"[1, 5, 6]","[5029, 872, 265]"
733,10,288,1180,0.0009095541321160993,0.0009095541321160993,5,"[1, 3, 4, 5, 6]","[6196, 11, 30, 35, 4]"
734,10,288,1180,0.0009099441321161012,3.9000000000191225e-07,4,"[1, 4, 5, 6]","[6336, 33, 36, 3]"
735,10,288,1180,0.0009102441321161027,3.0000000000147097e-07,4,"[1, 3, 4, 5]","[6051, 5, 24, 31]"
736,10,288,1180,0.0009105641321161043,3.2000000000156903e-07,4,"[1, 3, 4, 5]","[6192, 7, 38, 48]"
737,10,288,1180,0.0009110241321161065,4.600000000022555e-07,5,"[1, 3, 4, 5, 6]","[6130, 6, 34, 52, 2]"
738,10,288,1181,0.0009094853402420054,0.0009094853402420054,3,"[1, 3, 4]","[4820, 685, 757]"
739,10,288,1181,0.0009098353402420071,3.500000000017161e-07,3,"[1, 3, 4]","[4909, 622, 817]"
740,10,288,1181,0.0009100953402420084,2.6000000000127484e-07,3,"[1, 3, 4]","[4839, 564, 775]"
741,10,288,1181,0.0009103353402420096,2.4000000000117677e-07,3,"[1, 3, 4]","[4970, 486, 778]"
742,10,288,1181,0.0009106053402420109,2.7000000000132387e-07,3,"[1, 3, 4]","[4960, 430, 844]"
743,10,288,1181,0.0009109553402420126,3.500000000017161e-07,3,"[1, 3, 4]","[5018, 433, 825]"
744,10,288,1182,0.000909524711071247,0.000909524711071247,3,"[1, 3, 4]","[5125, 842, 324]"
745,10,288,1182,0.0009098847110712488,3.6000000000176516e-07,3,"[1, 3, 4]","[5356, 671, 313]"
746,10,288,1182,0.0009101647110712501,2.800000000013729e-07,3,"[1, 3, 4]","[5303, 651, 302]"
747,10,288,1182,0.0009104347110712515,2.7000000000132387e-07,3,"[1, 3, 4]","[5367, 573, 311]"
748,10,288,1182,0.000910744711071253,3.1000000000152e-07,3,"[1, 3, 4]","[5397, 503, 313]"
749,10,288,1182,0.0009112647110712555,5.200000000025497e-07,3,"[1, 3, 4]","[5383, 463, 309]"
750,10,288,1183,0.0009096026804975818,0.0009096026804975818,4,"[1, 2, 3, 4]","[6232, 39, 11, 1]"
751,10,288,1183,0.0009099926804975837,3.9000000000191225e-07,4,"[1, 2, 3, 4]","[6312, 56, 7, 1]"
752,10,288,1183,0.0009103026804975852,3.1000000000152e-07,3,"[1, 2, 3]","[6226, 51, 7]"
753,10,288,1183,0.0009106226804975868,3.2000000000156903e-07,4,"[1, 2, 3, 4]","[6060, 58, 6, 1]"
754,10,288,1183,0.0009111026804975892,4.800000000023535e-07,4,"[1, 2, 3, 4]","[6156, 55, 7, 2]"
755,10,288,1184,0.0009095489796949286,0.0009095489796949286,2,"[1, 2]","[5603, 652]"
756,10,288,1184,0.0009099189796949304,3.700000000018142e-07,2,"[1, 2]","[5665, 673]"
757,10,288,1184,0.0009102089796949319,2.9000000000142193e-07,2,"[1, 2]","[5615, 704]"
758,10,288,1184,0.0009104889796949332,2.800000000013729e-07,2,"[1, 2]","[5523, 693]"
759,10,288,1184,0.0009108289796949349,3.400000000016671e-07,2,"[1, 2]","[5482, 783]"
760,10,288,1184,0.0009115389796949384,7.100000000034813e-07,2,"[1, 2]","[5291, 816]"
761,10,288,1185,0.0009095887202099456,0.0009095887202099456,2,"[1, 2]","[6172, 147]"
762,10,288,1185,0.0009099687202099475,3.800000000018632e-07,2,"[1, 2]","[6118, 152]"
763,10,288,1185,0.000910278720209949,3.1000000000152e-07,2,"[1, 2]","[6112, 140]"
764,10,288,1185,0.0009105987202099506,3.2000000000156903e-07,2,"[1, 2]","[6009, 179]"
765,10,288,1185,0.0009110587202099528,4.600000000022555e-07,2,"[1, 2]","[6074, 191]"
766,10,288,1186,0.00090958022555037,0.00090958022555037,2,"[1, 2]","[6252, 1]"
767,10,288,1186,0.000909970225550372,3.9000000000191225e-07,1,[1],[6279]
768,10,288,1186,0.0009102802255503735,3.1000000000152e-07,1,[1],[6255]
769,10,288,1186,0.0009106102255503751,3.3000000000161806e-07,1,[1],[6360]
770,10,288,1186,0.0009110802255503774,4.700000000023045e-07,1,[1],[6177]
771,10,288,1187,0.0009095921376670534,0.0009095921376670534,1,[1],[6319]
772,10,288,1187,0.0009099721376670553,3.800000000018632e-07,1,[1],[6331]
773,10,288,1187,0.0009102821376670568,3.1000000000152e-07,1,[1],[6163]
774,10,288,1187,0.0009106221376670585,3.400000000016671e-07,1,[1],[6264]
775,10,288,1187,0.0009111221376670609,5.000000000024516e-07,1,[1],[6187]
776,10,288,1188,0.000909964770019141,0.000909964770019141,1,[1],[6338]
777,10,288,1188,0.0009106047700191441,6.400000000031381e-07,1,[1],[6192]
778,10,289,1154,0.0009087044502740735,0.0009087044502740735,2,"[1, 8]","[6016, 317]"
779,10,289,1154,0.0009090544502740753,3.500000000017161e-07,2,"[1, 8]","[5760, 459]"
780,10,289,1154,0.0009093344502740766,2.800000000013729e-07,2,"[1, 8]","[5850, 564]"
781,10,289,1154,0.0009095744502740778,2.4000000000117677e-07,2,"[1, 8]","[5320, 720]"
782,10,289,1154,0.0009098544502740792,2.800000000013729e-07,2,"[1, 8]","[5425, 1011]"
783,10,289,1154,0.0009101844502740808,3.3000000000161806e-07,2,"[1, 8]","[4607, 1462]"
784,10,289,1154,0.0009107344502740835,5.500000000026968e-07,2,"[1, 8]","[3501, 2751]"
785,10,289,1154,0.0009118944502740892,1.1600000000056877e-06,2,"[1, 8]","[842, 5424]"
786,10,289,1154,0.0009138044502740985,1.910000000009365e-06,2,"[1, 8]","[1, 6229]"
787,10,289,1155,0.0009085285199415178,0.0009085285199415178,2,"[1, 8]","[6252, 24]"
788,10,289,1155,0.0009088285199415193,3.0000000000147097e-07,2,"[1, 8]","[6207, 50]"
789,10,289,1155,0.0009090385199415203,2.1000000000102968e-07,2,"[1, 8]","[6276, 44]"
790,10,289,1155,0.0009092185199415212,1.8000000000088258e-07,2,"[1, 8]","[6160, 72]"
791,10,289,1155,0.000909388519941522,1.7000000000083355e-07,2,"[1, 8]","[6201, 75]"
792,10,289,1155,0.0009095585199415229,1.7000000000083355e-07,2,"[1, 8]","[6272, 106]"
793,10,289,1155,0.0009097285199415237,1.7000000000083355e-07,2,"[1, 8]","[6073, 108]"
794,10,289,1155,0.0009099285199415247,2.0000000000098064e-07,2,"[1, 8]","[6172, 178]"
795,10,289,1155,0.0009101585199415258,2.3000000000112774e-07,2,"[1, 8]","[5726, 278]"
796,10,289,1155,0.0009105685199415278,4.100000000020103e-07,2,"[1, 8]","[5690, 583]"
797,10,289,1155,0.0009119285199415345,1.3600000000066684e-06,2,"[1, 8]","[2787, 3438]"
798,10,289,1155,0.0009134185199415418,1.4900000000073058e-06,2,"[1, 8]","[5, 6272]"
799,10,289,1155,0.0009145585199415474,1.1400000000055897e-06,1,[8],[6220]
800,10,289,1155,0.0009156685199415528,1.1100000000054426e-06,1,[8],[6244]
801,10,289,1155,0.0009169385199415591,1.270000000006227e-06,1,[8],[6240]
802,10,289,1155,0.0009190285199415693,2.0900000000102477e-06,3,"[8, 9, 10]","[6191, 61, 4]"
803,10,289,1156,0.0009086014962693287,0.0009086014962693287,1,[1],[6381]
804,10,289,1156,0.0009089114962693302,3.1000000000152e-07,2,"[1, 8]","[6326, 1]"
805,10,289,1156,0.0009091314962693313,2.200000000010787e-07,1,[1],[6159]
806,10,289,1156,0.0009093214962693322,1.900000000009316e-07,1,[1],[6212]
807,10,289,1156,0.0009095114962693331,1.900000000009316e-07,1,[1],[6333]
808,10,289,1156,0.0009097114962693341,2.0000000000098064e-07,1,[1],[6338]
809,10,289,1156,0.0009099314962693352,2.200000000010787e-07,1,[1],[6117]
810,10,289,1156,0.0009102314962693367,3.0000000000147097e-07,1,[1],[6171]
811,10,289,1156,0.0009110314962693406,8.000000000039226e-07,2,"[1, 8]","[6212, 1]"
812,10,289,1156,0.0009184014962693767,7.370000000036137e-06,4,"[1, 8, 9, 10]","[498, 5737, 17, 2]"
813,10,289,1156,0.0009203914962693865,1.9900000000097574e-06,3,"[8, 9, 10]","[4350, 1073, 831]"
814,10,289,1156,0.0009227714962693982,2.3800000000116697e-06,3,"[8, 9, 10]","[3620, 381, 2246]"
815,10,289,1157,0.0009086643408879717,0.0009086643408879717,1,[1],[6314]
816,10,289,1157,0.0009089843408879733,3.2000000000156903e-07,1,[1],[6424]
817,10,289,1157,0.0009092143408879744,2.3000000000112774e-07,1,[1],[6150]
818,10,289,1157,0.0009094243408879754,2.1000000000102968e-07,1,[1],[6316]
819,10,289,1157,0.0009096243408879764,2.0000000000098064e-07,1,[1],[6190]
820,10,289,1157,0.0009098443408879775,2.200000000010787e-07,1,[1],[6222]
821,10,289,1157,0.0009101043408879788,2.6000000000127484e-07,1,[1],[6218]
822,10,289,1157,0.0009105343408879809,4.300000000021084e-07,1,[1],[6200]
823,10,289,1158,0.0009088143128210308,0.0009088143128210308,1,[1],[6346]
824,10,289,1158,0.0009091343128210323,3.2000000000156903e-07,1,[1],[6200]
825,10,289,1158,0.0009093743128210335,2.4000000000117677e-07,1,[1],[6224]
826,10,289,1158,0.0009095943128210346,2.200000000010787e-07,1,[1],[6416]
827,10,289,1158,0.0009098043128210356,2.1000000000102968e-07,1,[1],[6187]
828,10,289,1158,0.0009100343128210368,2.3000000000112774e-07,1,[1],[6160]
829,10,289,1158,0.0009103343128210382,3.0000000000147097e-07,1,[1],[6343]
830,10,289,1158,0.0009110143128210416,6.800000000033342e-07,1,[1],[6153]
831,10,289,1159,0.0009089769849096107,0.0009089769849096107,1,[1],[6361]
832,10,289,1159,0.0009092969849096123,3.2000000000156903e-07,1,[1],[6251]
833,10,289,1159,0.0009095369849096135,2.4000000000117677e-07,1,[1],[6166]
834,10,289,1159,0.0009097569849096145,2.200000000010787e-07,1,[1],[6389]
835,10,289,1159,0.0009099769849096156,2.200000000010787e-07,1,[1],[6296]
836,10,289,1159,0.0009102169849096168,2.4000000000117677e-07,1,[1],[6204]
837,10,289,1159,0.0009105469849096184,3.3000000000161806e-07,1,[1],[6116]
838,10,289,1160,0.0009090830604375746,0.0009090830604375746,1,[1],[6416]
839,10,289,1160,0.0009094030604375762,3.2000000000156903e-07,1,[1],[6237]
840,10,289,1160,0.0009096530604375774,2.500000000012258e-07,1,[1],[6215]
841,10,289,1160,0.0009098830604375786,2.3000000000112774e-07,1,[1],[6385]
842,10,289,1160,0.0009101130604375797,2.3000000000112774e-07,1,[1],[6042]
843,10,289,1160,0.0009103930604375811,2.800000000013729e-07,1,[1],[6247]
844,10,289,1160,0.0009108330604375832,4.400000000021574e-07,1,[1],[6230]
845,10,289,1161,0.0009091473615058501,0.0009091473615058501,1,[1],[6368]
846,10,289,1161,0.0009094673615058517,3.2000000000156903e-07,1,[1],[6147]
847,10,289,1161,0.000909727361505853,2.6000000000127484e-07,1,[1],[6489]
848,10,289,1161,0.000909947361505854,2.200000000010787e-07,1,[1],[6074]
849,10,289,1161,0.0009101873615058552,2.4000000000117677e-07,1,[1],[6359]
850,10,289,1161,0.0009104673615058566,2.800000000013729e-07,1,[1],[6166]
851,10,289,1161,0.0009109173615058588,4.5000000000220645e-07,1,[1],[6223]
852,10,289,1162,0.000909194621664551,0.000909194621664551,1,[1],[6390]
853,10,289,1162,0.0009095246216645526,3.3000000000161806e-07,1,[1],[6320]
854,10,289,1162,0.0009097646216645538,2.4000000000117677e-07,1,[1],[6049]
855,10,289,1162,0.000910004621664555,2.4000000000117677e-07,1,[1],[6536]
856,10,289,1162,0.0009102346216645561,2.3000000000112774e-07,1,[1],[6141]
857,10,289,1162,0.0009105046216645574,2.7000000000132387e-07,1,[1],[6132]
858,10,289,1162,0.0009109546216645596,4.5000000000220645e-07,1,[1],[6239]
859,10,289,1163,0.000909275443439274,0.000909275443439274,1,[1],[6349]
860,10,289,1163,0.0009096054434392756,3.3000000000161806e-07,1,[1],[6287]
861,10,289,1163,0.0009098554434392768,2.500000000012258e-07,1,[1],[6245]
862,10,289,1163,0.000910085443439278,2.3000000000112774e-07,1,[1],[6124]
863,10,289,1163,0.0009103354434392792,2.500000000012258e-07,1,[1],[6381]
864,10,289,1163,0.0009106254434392806,2.9000000000142193e-07,1,[1],[6131]
865,10,289,1163,0.0009111454434392832,5.200000000025497e-07,1,[1],[6292]
866,10,289,1164,0.0009094043615007401,0.0009094043615007401,1,[1],[6366]
867,10,289,1164,0.0009097443615007418,3.400000000016671e-07,1,[1],[6177]
868,10,289,1164,0.000910004361500743,2.6000000000127484e-07,1,[1],[6428]
869,10,289,1164,0.0009102443615007442,2.4000000000117677e-07,1,[1],[6198]
870,10,289,1164,0.0009105043615007455,2.6000000000127484e-07,1,[1],[6270]
871,10,289,1164,0.000910824361500747,3.2000000000156903e-07,1,[1],[6201]
872,10,289,1164,0.0009116143615007509,7.900000000038735e-07,1,[1],[6139]
873,10,289,1165,0.0009096153374062235,0.0009096153374062235,1,[1],[6294]
874,10,289,1165,0.0009099753374062253,3.6000000000176516e-07,1,[1],[6385]
875,10,289,1165,0.0009102553374062267,2.800000000013729e-07,1,[1],[6282]
876,10,289,1165,0.000910525337406228,2.7000000000132387e-07,1,[1],[6212]
877,10,289,1165,0.0009108453374062296,3.2000000000156903e-07,1,[1],[6227]
878,10,289,1165,0.0009114053374062323,5.600000000027458e-07,1,[1],[6138]
879,10,289,1166,0.0009097979496871842,0.0009097979496871842,1,[1],[6270]
880,10,289,1166,0.0009101879496871861,3.9000000000191225e-07,1,[1],[6380]
881,10,289,1166,0.0009104979496871876,3.1000000000152e-07,1,[1],[6241]
882,10,289,1166,0.0009108179496871892,3.2000000000156903e-07,1,[1],[6124]
883,10,289,1166,0.0009112679496871914,4.5000000000220645e-07,1,[1],[6300]
884,10,289,1167,0.0009099369096920685,0.0009099369096920685,1,[1],[6271]
885,10,289,1167,0.0009103269096920704,3.9000000000191225e-07,1,[1],[6332]
886,10,289,1167,0.000910656909692072,3.3000000000161806e-07,1,[1],[6319]
887,10,289,1167,0.0009110269096920738,3.700000000018142e-07,1,[1],[6175]
888,10,289,1167,0.0009117469096920774,7.200000000035303e-07,1,[1],[6175]
889,10,289,1168,0.000910051324432382,0.000910051324432382,1,[1],[6346]
890,10,289,1168,0.0009104813244323842,4.300000000021084e-07,1,[1],[6293]
891,10,289,1168,0.000910861324432386,3.800000000018632e-07,1,[1],[6271]
892,10,289,1168,0.0009113613244323885,5.000000000024516e-07,1,[1],[6117]
893,10,289,1169,0.0009102097972363542,0.0009102097972363542,1,[1],[6302]
894,10,289,1169,0.0009107097972363567,5.000000000024516e-07,1,[1],[6238]
895,10,289,1169,0.0009112797972363595,5.700000000027948e-07,1,[1],[6276]
896,10,289,1170,0.0009103375751160175,0.0009103375751160175,1,[1],[6254]
897,10,289,1170,0.0009109175751160204,5.800000000028439e-07,1,[1],[6271]
898,10,289,1171,0.000910450344270497,0.000910450344270497,1,[1],[6311]
899,10,289,1171,0.0009111603442705005,7.100000000034813e-07,1,[1],[6254]
900,10,289,1172,0.000910627393354083,0.000910627393354083,1,[1],[6336]
901,10,289,1172,0.0009118773933540892,1.250000000006129e-06,1,[1],[6164]
902,10,289,1173,0.0009107261286846687,0.0009107261286846687,1,[1],[6256]
903,10,289,1174,0.0009108502477803036,0.0009108502477803036,1,[1],[6257]
904,10,289,1175,0.0009108724518318498,0.0009108724518318498,1,[1],[6252]
905,10,289,1176,0.0009111719101035668,0.0009111719101035668,1,[1],[6270]
906,10,289,1177,0.0009118211149891428,0.0009118211149891428,2,"[1, 6]","[6234, 20]"
907,10,289,1178,0.0009112009347549227,0.0009112009347549227,3,"[1, 5, 6]","[5376, 213, 669]"
908,10,289,1179,0.0009116746179816569,0.0009116746179816569,3,"[1, 5, 6]","[5200, 736, 314]"
909,10,289,1181,0.0009117548420644188,0.0009117548420644188,3,"[1, 3, 4]","[4996, 473, 782]"
910,10,290,1154,0.0009091108824723124,0.0009091108824723124,2,"[1, 8]","[5897, 424]"
911,10,290,1154,0.0009096808824723152,5.700000000027948e-07,2,"[1, 8]","[5511, 731]"
912,10,290,1154,0.0009105608824723195,8.800000000043148e-07,2,"[1, 8]","[4753, 1434]"
913,10,290,1155,0.0009090071404137237,0.0009090071404137237,2,"[1, 8]","[6209, 47]"
914,10,290,1155,0.0009094971404137261,4.900000000024026e-07,2,"[1, 8]","[6216, 94]"
915,10,290,1155,0.0009100371404137288,5.400000000026477e-07,2,"[1, 8]","[6063, 167]"
916,10,290,1155,0.0009142371404137493,4.2000000000205935e-06,2,"[1, 8]","[3950, 2254]"
917,10,290,1156,0.0009091551479290828,0.0009091551479290828,1,[1],[6250]
918,10,290,1156,0.0009097851479290858,6.30000000003089e-07,1,[1],[6345]
919,10,290,1157,0.0009092237590527887,0.0009092237590527887,1,[1],[6296]
920,10,290,1157,0.0009098637590527919,6.400000000031381e-07,1,[1],[6298]
921,10,290,1158,0.0009094535268018866,0.0009094535268018866,1,[1],[6293]
922,10,290,1158,0.0009102035268018903,7.500000000036774e-07,1,[1],[6223]
923,10,290,1159,0.0009097180377887426,0.0009097180377887426,1,[1],[6271]
924,10,290,1159,0.000911028037788749,1.3100000000064232e-06,1,[1],[6241]
925,10,290,1160,0.0009099762028145388,0.0009099762028145388,1,[1],[6302]
926,10,290,1161,0.0009103460436574176,0.0009103460436574176,1,[1],[6275]
927,10,290,1162,0.0009112041842925064,0.0009112041842925064,1,[1],[6255]
