,event,pixel_x,pixel_y,reset_time,TSLR,nMCParticles,MC_TrackIDs,MC_Weights
0,83,109,986,0.00045973229890131914,0.00045973229890131914,1,[286],[6329]
1,83,114,1004,0.0004322354168726947,0.0004322354168726947,1,[239],[6286]
2,83,115,999,0.00045896198746746194,0.00045896198746746194,3,"[160, 234, 235]","[6329, 2, 1]"
3,83,115,999,0.00045935198746746174,3.8999999999979806e-07,1,[160],[6310]
4,83,115,999,0.00045970198746746155,3.4999999999981877e-07,1,[160],[6221]
5,83,115,999,0.00046011198746746134,4.099999999997877e-07,1,[160],[6173]
6,83,115,1000,0.00046026352988788025,0.00046026352988788025,3,"[160, 234, 235]","[6039, 229, 3]"
7,83,116,999,0.0004596117737618178,0.0004596117737618178,1,[160],[6272]
8,83,116,1000,0.0004598670115750782,0.0004598670115750782,1,[160],[6339]
9,83,116,1000,0.00046041701157507794,5.499999999997152e-07,1,[160],[6260]
10,83,116,1000,0.00046093701157507767,5.199999999997307e-07,1,[160],[6254]
11,83,116,1000,0.00046153701157507736,5.999999999996893e-07,1,[160],[6220]
12,83,116,1000,0.00046231701157507696,7.799999999995961e-07,1,[160],[6235]
13,83,116,1000,0.00046368701157507625,1.3699999999992906e-06,1,[160],[6203]
14,83,116,1001,0.00046325434600802065,0.00046325434600802065,1,[160],[6254]
15,83,117,1000,0.0004639632887390304,0.0004639632887390304,1,[160],[6274]
16,83,117,1000,0.00046623328873902925,2.2699999999988246e-06,1,[160],[6231]
17,83,117,1001,0.0004640506361978365,0.0004640506361978365,1,[160],[6306]
18,83,117,1001,0.0004648406361978361,7.899999999995909e-07,1,[160],[6207]
19,83,117,1001,0.0004656806361978357,8.39999999999565e-07,1,[160],[6285]
20,83,117,1001,0.00046712063619783493,1.4399999999992544e-06,1,[160],[6202]
21,83,118,1000,0.0004676681836697593,0.0004676681836697593,1,[160],[6281]
22,83,118,1000,0.00046870818366975874,1.0399999999994615e-06,1,[160],[6239]
23,83,118,1000,0.0004695981836697583,8.899999999995392e-07,1,[160],[6262]
24,83,118,1000,0.0004705381836697578,9.399999999995133e-07,1,[160],[6261]
25,83,118,1000,0.0004718781836697571,1.3399999999993062e-06,1,[160],[6241]
26,83,118,1001,0.00046702800538653185,0.00046702800538653185,1,[160],[6270]
27,83,118,1001,0.0004684780053865311,1.4499999999992492e-06,1,[160],[6250]
28,83,118,1001,0.0004700580053865303,1.5799999999991819e-06,1,[160],[6255]
29,83,119,1000,0.0004718312700872222,0.0004718312700872222,1,[160],[6272]
30,83,119,1000,0.00047305127008722157,1.2199999999993683e-06,1,[160],[6299]
31,83,119,1000,0.0004740012700872211,9.499999999995081e-07,1,[160],[6245]
32,83,119,1000,0.00047483127008722065,8.299999999995702e-07,1,[160],[6186]
33,83,119,1000,0.00047564127008722023,8.099999999995806e-07,1,[160],[6307]
34,83,119,1000,0.0004764312700872198,7.899999999995909e-07,1,[160],[6238]
35,83,119,1000,0.00047735127008721934,9.199999999995236e-07,1,[160],[6250]
36,83,119,1001,0.00047753653109964774,0.00047753653109964774,2,"[160, 231]","[6259, 1]"
37,83,120,1000,0.00047778772711077114,0.00047778772711077114,2,"[160, 231]","[6280, 6]"
38,83,120,1000,0.00047890772711077056,1.11999999999942e-06,4,"[160, 231, 251, 252]","[5450, 774, 3, 1]"
39,83,120,1000,0.0004801577271107699,1.2499999999993528e-06,4,"[160, 231, 251, 252]","[4657, 1583, 15, 3]"
40,83,120,1001,0.00047902370034554216,0.00047902370034554216,4,"[160, 231, 251, 252]","[5067, 1199, 6, 1]"
41,83,120,1001,0.00047984370034554174,8.199999999995754e-07,4,"[160, 231, 251, 252]","[4722, 1552, 21, 3]"
42,83,120,1001,0.00048076370034554126,9.199999999995236e-07,4,"[160, 231, 251, 252]","[5990, 232, 13, 2]"
43,83,120,1001,0.0004816537003455408,8.899999999995392e-07,2,"[160, 231]","[6244, 1]"
44,83,120,1001,0.0004825737003455403,9.199999999995236e-07,1,[160],[6219]
45,83,120,1001,0.00048369370034553975,1.11999999999942e-06,1,[160],[6236]
46,83,120,1001,0.00048596370034553857,2.2699999999988246e-06,2,"[160, 229]","[6098, 145]"
47,83,121,1001,0.0004836014974096638,0.0004836014974096638,2,"[160, 231]","[6246, 15]"
48,83,121,1001,0.0004848314974096632,1.2299999999993631e-06,2,"[160, 229]","[6264, 20]"
49,83,121,1001,0.00048566149740966275,8.299999999995702e-07,2,"[160, 229]","[5140, 1101]"
50,83,121,1001,0.0004860914974096625,4.2999999999977735e-07,2,"[160, 229]","[2848, 3367]"
51,83,121,1001,0.00048641149740966236,3.199999999998343e-07,2,"[160, 229]","[1975, 4360]"
52,83,121,1001,0.0004867214974096622,3.099999999998395e-07,2,"[160, 229]","[1881, 4374]"
53,83,121,1001,0.000487101497409662,3.7999999999980324e-07,2,"[160, 229]","[2429, 3804]"
54,83,121,1001,0.0004878614974096616,7.599999999996065e-07,2,"[160, 229]","[4100, 2106]"
55,83,121,1002,0.0004867083248482671,0.0004867083248482671,2,"[160, 229]","[3617, 2663]"
56,83,121,1002,0.00048787832484826647,1.1699999999993942e-06,2,"[160, 229]","[5028, 1240]"
57,83,121,1002,0.0004887883248482687,9.100000000022393e-07,2,"[160, 229]","[6198, 16]"
58,83,121,1002,0.0004895883248482726,8.000000000039226e-07,1,[160],[6255]
59,83,121,1002,0.000490478324848277,8.900000000043639e-07,1,[160],[6234]
60,83,121,1002,0.000491908324848284,1.4300000000070116e-06,1,[160],[6276]
61,83,122,1002,0.0004905584095617024,0.0004905584095617024,2,"[160, 229]","[6118, 144]"
62,83,122,1002,0.0004918384095617086,1.2800000000062761e-06,1,[160],[6247]
63,83,122,1002,0.0004933584095617161,1.5200000000074529e-06,1,[160],[6245]
64,83,122,1003,0.0004928792804267045,0.0004928792804267045,1,[160],[6284]
65,83,122,1003,0.0004937692804267089,8.900000000043639e-07,2,"[160, 227]","[6218, 16]"
66,83,122,1003,0.0004944392804267122,6.700000000032852e-07,2,"[160, 227]","[5718, 600]"
67,83,122,1003,0.0004948792804267143,4.400000000021574e-07,2,"[160, 227]","[3803, 2408]"
68,83,122,1003,0.000495209280426716,3.3000000000161806e-07,2,"[160, 227]","[2668, 3617]"
69,83,122,1003,0.0004954992804267174,2.9000000000142193e-07,2,"[160, 227]","[2395, 3814]"
70,83,122,1003,0.000495829280426719,3.3000000000161806e-07,2,"[160, 227]","[2565, 3650]"
71,83,122,1003,0.0004963992804267218,5.700000000027948e-07,2,"[160, 227]","[3720, 2553]"
72,83,123,1003,0.0004968157059150112,0.0004968157059150112,2,"[160, 227]","[5300, 1005]"
73,83,123,1003,0.0004988057059150209,1.9900000000097574e-06,2,"[160, 227]","[6208, 2]"
74,83,123,1004,0.000497529783815176,0.000497529783815176,2,"[160, 227]","[6206, 46]"
75,83,123,1004,0.0004982497838151795,7.200000000035303e-07,1,[160],[6250]
76,83,123,1004,0.0004988997838151827,6.500000000031871e-07,1,[160],[6319]
77,83,123,1004,0.0004996597838151864,7.600000000037264e-07,1,[160],[6215]
78,83,124,1004,0.0004999639543206158,0.0004999639543206158,2,"[160, 273]","[6291, 4]"
79,83,124,1004,0.0005008539543206201,8.900000000043639e-07,2,"[160, 273]","[6238, 14]"
80,83,124,1004,0.0005022039543206268,1.3500000000066193e-06,2,"[160, 273]","[6199, 6]"
81,83,124,1005,0.0005013935272412026,0.0005013935272412026,2,"[160, 273]","[6311, 8]"
82,83,124,1005,0.0005021535272412063,7.600000000037264e-07,1,[160],[6183]
83,83,124,1005,0.0005029835272412104,8.300000000040697e-07,1,[160],[6309]
84,83,125,1005,0.0005031149960168241,0.0005031149960168241,1,[160],[6274]
85,83,125,1005,0.0005039749960168283,8.600000000042168e-07,1,[160],[6251]
86,83,125,1005,0.0005057349960168369,1.7600000000086297e-06,2,"[160, 274]","[6225, 1]"
87,83,125,1006,0.0005044625512751851,0.0005044625512751851,2,"[160, 274]","[6271, 2]"
88,83,125,1006,0.0005051925512751887,7.300000000035793e-07,2,"[160, 274]","[6270, 2]"
89,83,125,1006,0.0005059425512751924,7.500000000036774e-07,1,[160],[6219]
90,83,126,1006,0.0005063062796101715,0.0005063062796101715,2,"[160, 274]","[6287, 1]"
91,83,126,1006,0.0005072862796101763,9.800000000048052e-07,1,[160],[6235]
92,83,126,1007,0.0005075612603196836,0.0005075612603196836,2,"[160, 224]","[6184, 96]"
93,83,126,1007,0.000508251260319687,6.900000000033832e-07,2,"[160, 224]","[5310, 946]"
94,83,126,1007,0.0005088012603196897,5.500000000026968e-07,2,"[160, 224]","[4374, 1910]"
95,83,127,1007,0.0005089834212905792,0.0005089834212905792,2,"[160, 224]","[5255, 1052]"
96,83,127,1007,0.0005097934212905832,8.100000000039716e-07,3,"[160, 224, 280]","[5920, 293, 1]"
97,83,127,1008,0.0005097731072404097,0.0005097731072404097,4,"[160, 224, 240, 280]","[6083, 92, 74, 1]"
98,83,127,1008,0.0005103531072404126,5.800000000028439e-07,3,"[160, 224, 280]","[6247, 3, 21]"
99,83,127,1008,0.0005110631072404161,7.100000000034813e-07,2,"[160, 280]","[6214, 53]"
100,83,128,1008,0.0005109796334488785,0.0005109796334488785,3,"[160, 240, 280]","[5885, 97, 275]"
101,83,128,1008,0.0005117996334488825,8.200000000040206e-07,3,"[160, 223, 280]","[6126, 9, 142]"
102,83,128,1009,0.000511690989173775,0.000511690989173775,4,"[160, 223, 240, 280]","[5661, 194, 448, 8]"
103,83,128,1009,0.0005122209891737776,5.300000000025987e-07,3,"[160, 223, 280]","[5390, 842, 1]"
104,83,128,1009,0.00051272098917378,5.000000000024516e-07,2,"[160, 223]","[4897, 1384]"
105,83,128,1009,0.0005137109891737849,9.900000000048542e-07,2,"[160, 223]","[4942, 1244]"
106,83,129,1009,0.0005127045372693942,0.0005127045372693942,2,"[160, 223]","[3771, 2505]"
107,83,129,1009,0.0005135145372693982,8.100000000039716e-07,2,"[160, 223]","[5052, 1214]"
108,83,129,1010,0.0005139471725871161,0.0005139471725871161,2,"[160, 223]","[6093, 235]"
109,83,129,1010,0.0005145671725871191,6.2000000000304e-07,1,[160],[6240]
110,83,129,1010,0.0005151671725871221,6.000000000029419e-07,1,[160],[6215]
111,83,129,1010,0.0005161871725871271,1.0200000000050013e-06,1,[160],[6218]
112,83,130,1010,0.000516356465918858,0.000516356465918858,1,[160],[6268]
113,83,130,1011,0.0005164778777066487,0.0005164778777066487,2,"[160, 221]","[6181, 75]"
114,83,130,1011,0.0005170478777066515,5.700000000027948e-07,2,"[160, 221]","[5715, 597]"
115,83,130,1011,0.0005174978777066537,4.5000000000220645e-07,2,"[160, 221]","[4792, 1411]"
116,83,130,1011,0.0005179978777066561,5.000000000024516e-07,2,"[160, 221]","[4386, 1850]"
117,83,130,1012,0.0005199493118627928,0.0005199493118627928,3,"[160, 221, 283]","[5823, 425, 2]"
118,83,131,1012,0.0005191820505267794,0.0005191820505267794,4,"[160, 192, 221, 283]","[5976, 245, 50, 1]"
119,83,131,1012,0.0005198720505267827,6.900000000033832e-07,3,"[160, 283, 284]","[6215, 30, 4]"
120,83,131,1012,0.000520542050526786,6.700000000032852e-07,3,"[160, 283, 284]","[6212, 37, 4]"
121,83,131,1013,0.0005218471751203414,0.0005218471751203414,3,"[160, 192, 283]","[6275, 1, 5]"
122,83,132,1013,0.0005219181172078492,0.0005219181172078492,2,"[160, 192]","[6310, 2]"
123,83,132,1013,0.0005226081172078526,6.900000000033832e-07,1,[160],[6192]
124,83,132,1013,0.0005232681172078559,6.600000000032361e-07,2,"[160, 161]","[6318, 13]"
125,83,132,1013,0.000524308117207861,1.0400000000050993e-06,3,"[160, 161, 300]","[6119, 46, 9]"
126,83,132,1014,0.0005248708436999724,0.0005248708436999724,3,"[160, 161, 300]","[5589, 588, 87]"
127,83,133,1013,0.000524594647218948,0.000524594647218948,3,"[160, 161, 300]","[3914, 2297, 42]"
128,83,133,1014,0.0005233490695782787,0.0005233490695782787,2,"[160, 161]","[337, 5995]"
129,83,133,1014,0.0005236890695782803,3.400000000016671e-07,3,"[160, 161, 300]","[462, 5884, 5]"
130,83,133,1014,0.0005239690695782817,2.800000000013729e-07,3,"[160, 161, 300]","[604, 5464, 25]"
131,83,133,1014,0.0005242890695782833,3.2000000000156903e-07,3,"[160, 161, 300]","[1164, 5071, 67]"
132,83,133,1014,0.0005247490695782855,4.600000000022555e-07,4,"[160, 161, 300, 301]","[2462, 3485, 226, 2]"
133,83,133,1014,0.0005253190695782883,5.700000000027948e-07,4,"[160, 161, 300, 301]","[4617, 1312, 361, 3]"
134,83,133,1014,0.0005258990695782912,5.800000000028439e-07,4,"[160, 161, 300, 301]","[5608, 425, 183, 1]"
135,83,133,1014,0.0005265490695782944,6.500000000031871e-07,4,"[160, 161, 300, 301]","[5945, 286, 24, 1]"
136,83,133,1014,0.0005279690695783013,1.4200000000069626e-06,2,"[160, 161]","[5806, 437]"
137,83,133,1015,0.0005282766599857973,0.0005282766599857973,3,"[160, 161, 300]","[4584, 1672, 3]"
138,83,134,1014,0.0005238334146679682,0.0005238334146679682,2,"[160, 161]","[2, 6315]"
139,83,134,1014,0.0005243334146679706,5.000000000024516e-07,2,"[160, 161]","[2, 6230]"
140,83,134,1014,0.0005249334146679736,6.000000000029419e-07,3,"[160, 161, 300]","[44, 6197, 2]"
141,83,134,1014,0.0005256634146679771,7.300000000035793e-07,3,"[160, 161, 300]","[320, 5960, 4]"
142,83,134,1014,0.0005263434146679805,6.800000000033342e-07,2,"[160, 161]","[1089, 5165]"
143,83,134,1014,0.0005269734146679836,6.30000000003089e-07,2,"[160, 161]","[1978, 4256]"
144,83,134,1014,0.0005277434146679873,7.700000000037755e-07,2,"[160, 161]","[2797, 3426]"
145,83,134,1015,0.0005269646766367582,0.0005269646766367582,2,"[160, 161]","[1446, 4847]"
146,83,134,1015,0.0005275746766367612,6.10000000002991e-07,2,"[160, 161]","[2874, 3409]"
147,83,134,1015,0.0005280146766367634,4.400000000021574e-07,2,"[160, 161]","[3250, 2968]"
148,83,134,1015,0.0005285046766367658,4.900000000024026e-07,2,"[160, 161]","[3440, 2822]"
149,83,159,1055,0.0006161092845056148,0.0006161092845056148,3,"[144, 146, 159]","[4544, 1, 1706]"
150,83,159,1056,0.0006149665058402655,0.0006149665058402655,2,"[144, 159]","[5032, 1245]"
151,83,159,1056,0.0006155165058402682,5.500000000026968e-07,2,"[144, 159]","[5078, 1222]"
152,83,160,1056,0.000615523427190838,0.000615523427190838,3,"[144, 146, 159]","[4784, 2, 1491]"
153,83,197,1082,0.0006755216072155096,0.0006755216072155096,1,[123],[6263]
154,83,203,1082,0.000691807126102439,0.000691807126102439,1,[7],[6276]
155,83,203,1082,0.000694247126102451,2.440000000011964e-06,1,[7],[6224]
156,83,203,1083,0.0006947602643726774,0.0006947602643726774,1,[7],[6256]
157,83,203,1083,0.0006962002643726845,1.4400000000070606e-06,1,[7],[6255]
158,83,203,1083,0.000697530264372691,1.3300000000065213e-06,1,[7],[6264]
159,83,203,1083,0.0006996002643727011,2.0700000000101497e-06,1,[7],[6240]
160,83,203,1084,0.0006995930440349087,0.0006995930440349087,1,[7],[6263]
161,83,203,1084,0.0007011330440349163,1.540000000007551e-06,1,[7],[6252]
162,83,203,1084,0.0007029930440349254,1.86000000000912e-06,1,[7],[6252]
163,83,203,1084,0.0007065230440349427,3.5300000000173084e-06,4,"[7, 66, 99, 100]","[1629, 4283, 139, 233]"
164,83,203,1084,0.0007071330440349457,6.10000000002991e-07,3,"[66, 99, 100]","[5339, 25, 913]"
165,83,203,1084,0.000707593044034948,4.600000000022555e-07,3,"[66, 99, 100]","[4858, 8, 1329]"
166,83,203,1084,0.0007083130440349515,7.200000000035303e-07,2,"[66, 100]","[4657, 1591]"
167,83,203,1085,0.0007058181603211937,0.0007058181603211937,4,"[7, 66, 99, 100]","[4774, 1170, 317, 2]"
168,83,204,1081,0.0006873138691521419,0.0006873138691521419,1,[7],[6267]
169,83,204,1081,0.0006913238691521616,4.010000000019662e-06,1,[7],[6237]
170,83,204,1082,0.0006872283134013195,0.0006872283134013195,1,[7],[6291]
171,83,204,1082,0.0006882583134013245,1.0300000000050503e-06,1,[7],[6238]
172,83,204,1082,0.0006891383134013288,8.800000000043148e-07,1,[7],[6230]
173,83,204,1082,0.0006900483134013333,9.100000000044619e-07,1,[7],[6285]
174,83,204,1082,0.0006909583134013377,9.100000000044619e-07,1,[7],[6268]
175,83,204,1082,0.0006920083134013429,1.0500000000051484e-06,1,[7],[6213]
176,83,204,1082,0.0006934083134013498,1.4000000000068645e-06,1,[7],[6249]
177,83,204,1083,0.0006939072964415806,0.0006939072964415806,1,[7],[6256]
178,83,204,1083,0.0006959072964415904,2.0000000000098064e-06,1,[7],[6277]
179,83,204,1083,0.0006975172964415983,1.6100000000078942e-06,1,[7],[6260]
180,83,204,1083,0.00069989729644161,2.3800000000116697e-06,1,[7],[6220]
181,83,204,1084,0.0006997106488071524,0.0006997106488071524,1,[7],[6259]
182,83,204,1084,0.0007011306488071594,1.4200000000069626e-06,1,[7],[6257]
183,83,204,1084,0.0007025006488071661,1.3700000000067174e-06,1,[7],[6235]
184,83,204,1084,0.0007042906488071749,1.7900000000087768e-06,3,"[7, 66, 99]","[6233, 17, 6]"
185,83,204,1084,0.0007060806488071836,1.7900000000087768e-06,4,"[7, 66, 99, 100]","[1296, 4313, 673, 9]"
186,83,204,1084,0.0007070006488071882,9.20000000004511e-07,4,"[7, 66, 99, 100]","[22, 5468, 514, 241]"
187,83,204,1085,0.0007034040688458125,0.0007034040688458125,1,[7],[6261]
188,83,204,1085,0.0007041640688458163,7.600000000037264e-07,3,"[7, 66, 99]","[6207, 34, 8]"
189,83,204,1085,0.0007048040688458194,6.400000000031381e-07,3,"[7, 66, 99]","[5721, 508, 128]"
190,83,204,1085,0.0007052740688458217,4.700000000023045e-07,3,"[7, 66, 99]","[3699, 1988, 598]"
191,83,204,1085,0.0007056040688458233,3.3000000000161806e-07,3,"[7, 66, 99]","[2192, 2986, 980]"
192,83,204,1085,0.0007058940688458248,2.9000000000142193e-07,3,"[7, 66, 99]","[1473, 3602, 1119]"
193,83,204,1085,0.0007061940688458262,3.0000000000147097e-07,4,"[7, 66, 99, 100]","[1118, 3950, 1293, 3]"
194,83,204,1085,0.0007065440688458279,3.500000000017161e-07,4,"[7, 66, 99, 100]","[925, 4074, 1192, 4]"
195,83,204,1085,0.0007073840688458321,8.400000000041187e-07,4,"[7, 66, 99, 100]","[915, 4205, 1047, 44]"
196,83,204,1086,0.0007071643353246216,0.0007071643353246216,3,"[7, 66, 99]","[3875, 2189, 191]"
197,83,205,1081,0.0006791041872954394,0.0006791041872954394,1,[7],[6264]
198,83,205,1081,0.0006795541872954416,4.5000000000220645e-07,1,[7],[6298]
199,83,205,1081,0.0006799941872954438,4.400000000021574e-07,1,[7],[6220]
200,83,205,1081,0.0006807241872954473,7.300000000035793e-07,1,[7],[6229]
201,83,205,1081,0.0006835541872954612,2.830000000013876e-06,1,[7],[6270]
202,83,205,1081,0.000684534187295466,9.800000000048052e-07,1,[7],[6281]
203,83,205,1081,0.000685544187295471,1.0100000000049522e-06,1,[7],[6231]
204,83,205,1081,0.0006881741872954839,2.6300000000128955e-06,1,[7],[6207]
205,83,205,1082,0.0006795062951301556,0.0006795062951301556,1,[7],[6318]
206,83,205,1082,0.0006805862951301609,1.0800000000052955e-06,1,[7],[6192]
207,83,205,1082,0.0006842362951301788,3.6500000000178967e-06,1,[7],[6266]
208,83,205,1082,0.000685706295130186,1.4700000000072077e-06,1,[7],[6242]
209,83,205,1082,0.0006879062951301968,2.200000000010787e-06,1,[7],[6237]
210,83,205,1085,0.0007056356766733969,0.0007056356766733969,3,"[7, 66, 99]","[5010, 1211, 91]"
211,83,205,1085,0.0007063556766734005,7.200000000035303e-07,3,"[7, 66, 99]","[3380, 2719, 164]"
212,83,205,1085,0.0007072456766734048,8.900000000043639e-07,4,"[7, 66, 99, 103]","[3641, 2447, 88, 1]"
213,83,205,1086,0.0007065397415147566,0.0007065397415147566,3,"[7, 66, 99]","[4741, 1534, 15]"
214,83,205,1086,0.0007073197415147604,7.800000000038245e-07,5,"[7, 66, 101, 103, 104]","[5395, 879, 2, 11, 1]"
215,83,205,1086,0.0007080097415147638,6.900000000033832e-07,4,"[7, 66, 101, 103]","[5984, 170, 11, 81]"
216,83,205,1086,0.0007087597415147674,7.500000000036774e-07,5,"[7, 66, 101, 103, 104]","[6063, 14, 7, 116, 5]"
217,83,205,1086,0.0007099397415147732,1.1800000000057858e-06,3,"[7, 101, 103]","[6194, 3, 57]"
218,83,206,1081,0.0006803659392068158,0.0006803659392068158,2,"[7, 69]","[5669, 598]"
219,83,206,1081,0.0006823159392068253,1.9500000000095613e-06,1,[7],[6288]
220,83,206,1081,0.0006833759392068305,1.0600000000051974e-06,1,[7],[6204]
221,83,206,1082,0.0006797956402980759,0.0006797956402980759,2,"[7, 69]","[6244, 109]"
222,83,206,1082,0.0006803456402980786,5.500000000026968e-07,1,[7],[6172]
223,83,206,1082,0.0006809456402980816,6.000000000029419e-07,1,[7],[6273]
224,83,206,1082,0.0006817756402980856,8.300000000040697e-07,1,[7],[6238]
225,83,206,1082,0.0006826456402980899,8.700000000042658e-07,1,[7],[6238]
226,83,206,1086,0.0007092437701662719,0.0007092437701662719,5,"[7, 66, 101, 103, 104]","[6174, 21, 6, 76, 3]"
227,83,206,1086,0.0007103037701662771,1.0600000000051974e-06,2,"[7, 103]","[6257, 3]"
228,83,206,1086,0.0007115737701662834,1.270000000006227e-06,1,[7],[6245]
229,83,206,1087,0.0007108365511056517,0.0007108365511056517,2,"[7, 103]","[6256, 3]"
230,83,206,1087,0.0007119265511056571,1.0900000000053445e-06,1,[7],[6284]
231,83,206,1087,0.0007132565511056636,1.3300000000065213e-06,1,[7],[6218]
232,83,207,1081,0.0006728767213739169,0.0006728767213739169,1,[69],[6251]
233,83,207,1081,0.0006734067213739195,5.300000000025987e-07,1,[69],[6302]
234,83,207,1081,0.0006750167213739274,1.6100000000078942e-06,1,[69],[6198]
235,83,207,1082,0.0006815449911656594,0.0006815449911656594,2,"[7, 69]","[3440, 2833]"
236,83,207,1087,0.0007131120619147294,0.0007131120619147294,1,[7],[6255]
237,83,207,1087,0.0007140220619147339,9.100000000044619e-07,1,[7],[6292]
238,83,207,1087,0.0007148120619147378,7.900000000038735e-07,1,[7],[6228]
239,83,207,1087,0.000715672061914742,8.600000000042168e-07,1,[7],[6230]
240,83,207,1087,0.0007175720619147513,1.9000000000093161e-06,1,[7],[6247]
241,83,208,1081,0.0006729619850765282,0.0006729619850765282,1,[69],[6272]
242,83,208,1081,0.0006734819850765307,5.200000000025497e-07,1,[69],[6291]
243,83,208,1081,0.0006740319850765334,5.500000000026968e-07,1,[69],[6237]
244,83,208,1081,0.0006747919850765372,7.600000000037264e-07,1,[69],[6200]
245,83,208,1087,0.0007162541350469558,0.0007162541350469558,1,[7],[6261]
246,83,208,1087,0.0007171841350469603,9.3000000000456e-07,1,[7],[6320]
247,83,208,1087,0.0007180141350469644,8.300000000040697e-07,1,[7],[6245]
248,83,208,1087,0.0007190141350469693,1.0000000000049032e-06,1,[7],[6222]
249,83,208,1088,0.0007196601540470654,0.0007196601540470654,1,[7],[6264]
250,83,209,1087,0.0007197204990729521,0.0007197204990729521,1,[7],[6280]
251,83,209,1087,0.0007209604990729582,1.24000000000608e-06,1,[7],[6252]
252,83,209,1087,0.0007226804990729666,1.7200000000084335e-06,2,"[7, 108]","[6220, 2]"
253,83,209,1088,0.0007206567805317076,0.0007206567805317076,1,[7],[6275]
254,83,209,1088,0.0007219967805317142,1.3400000000065703e-06,3,"[7, 107, 108]","[6233, 1, 2]"
255,83,209,1088,0.0007251567805317297,3.160000000015494e-06,3,"[7, 108, 111]","[6235, 2, 4]"
256,83,210,1087,0.0007239682712670511,0.0007239682712670511,3,"[7, 107, 111]","[6259, 1, 2]"
257,83,210,1088,0.0007231178283708445,0.0007231178283708445,3,"[7, 107, 108]","[6286, 4, 4]"
258,83,210,1088,0.0007240678283708491,9.500000000046581e-07,3,"[7, 107, 111]","[6220, 2, 4]"
259,83,210,1088,0.0007249478283708534,8.800000000043148e-07,2,"[7, 111]","[6280, 3]"
260,83,210,1088,0.0007259278283708583,9.800000000048052e-07,1,[7],[6198]
261,83,211,1088,0.000726219088398731,0.000726219088398731,2,"[7, 118]","[6249, 1]"
262,83,211,1088,0.0007271790883987357,9.60000000004707e-07,3,"[7, 118, 119]","[6293, 14, 1]"
263,83,211,1088,0.0007279890883987397,8.100000000039716e-07,3,"[7, 118, 119]","[6205, 20, 1]"
264,83,211,1088,0.0007288490883987439,8.600000000042168e-07,3,"[7, 118, 119]","[6228, 18, 3]"
265,83,211,1088,0.0007308390883987536,1.9900000000097574e-06,1,[7],[6220]
266,83,212,1088,0.0007296393685931413,0.0007296393685931413,2,"[7, 118]","[6296, 4]"
267,83,212,1088,0.0007307693685931468,1.1300000000055406e-06,1,[7],[6206]
268,83,212,1089,0.0007306663491715253,0.0007306663491715253,2,"[7, 118]","[6295, 1]"
269,83,212,1089,0.000731836349171531,1.1700000000057368e-06,1,[7],[6236]
270,83,213,1089,0.0007322788001311233,0.0007322788001311233,1,[7],[6253]
271,83,213,1089,0.0007330788001311272,8.000000000039226e-07,2,"[7, 60]","[6289, 4]"
272,83,213,1089,0.0007338088001311308,7.300000000035793e-07,2,"[7, 60]","[6136, 97]"
273,83,213,1089,0.0007346988001311352,8.900000000043639e-07,3,"[7, 59, 60]","[5367, 4, 853]"
274,83,214,1089,0.0007344746376960839,0.0007344746376960839,3,"[7, 59, 60]","[4179, 23, 2113]"
275,83,214,1089,0.0007350746376960869,6.000000000029419e-07,4,"[7, 59, 60, 140]","[2990, 204, 3029, 1]"
276,83,214,1089,0.0007356946376960899,6.2000000000304e-07,5,"[7, 59, 60, 140, 141]","[3195, 846, 2256, 1, 2]"
277,83,214,1089,0.0007366946376960948,1.0000000000049032e-06,4,"[7, 59, 60, 140]","[3535, 1954, 665, 12]"
278,83,214,1090,0.0007352533129101985,0.0007352533129101985,5,"[7, 59, 60, 140, 141]","[3389, 833, 2059, 4, 1]"
279,83,214,1090,0.0007359233129102017,6.700000000032852e-07,5,"[7, 59, 60, 140, 141]","[3251, 2431, 581, 13, 1]"
280,83,214,1090,0.0007365233129102047,6.000000000029419e-07,5,"[7, 59, 60, 140, 141]","[3580, 2484, 112, 27, 1]"
281,83,214,1090,0.0007374733129102093,9.500000000046581e-07,5,"[7, 59, 60, 140, 141]","[4932, 1304, 8, 10, 2]"
282,83,215,1090,0.0007371329926965715,0.0007371329926965715,5,"[7, 59, 60, 140, 141]","[5361, 852, 54, 8, 1]"
283,83,215,1090,0.0007378929926965752,7.600000000037264e-07,2,"[7, 59]","[6272, 29]"
284,83,215,1090,0.0007386329926965788,7.400000000036284e-07,2,"[7, 59]","[6187, 1]"
285,83,215,1091,0.0007395882942906239,0.0007395882942906239,3,"[7, 47, 59]","[6249, 4, 10]"
286,83,216,1090,0.0007407139928611872,0.0007407139928611872,3,"[7, 8, 32]","[6249, 1, 6]"
287,83,216,1091,0.0007398700610145773,0.0007398700610145773,4,"[7, 8, 32, 47]","[6157, 48, 111, 10]"
288,83,216,1091,0.0007405300610145805,6.600000000032361e-07,4,"[7, 8, 32, 47]","[5102, 352, 800, 35]"
289,83,216,1091,0.0007410100610145829,4.800000000023535e-07,4,"[7, 8, 32, 47]","[3897, 860, 1417, 53]"
290,83,216,1091,0.0007414800610145852,4.700000000023045e-07,4,"[7, 8, 32, 47]","[3276, 1295, 1619, 40]"
291,83,216,1091,0.0007423000610145892,8.200000000040206e-07,5,"[7, 8, 32, 47, 305]","[3311, 1381, 1482, 18, 8]"
292,83,216,1092,0.0007411258549838781,0.0007411258549838781,4,"[7, 8, 32, 47]","[1202, 2148, 2715, 254]"
293,83,216,1092,0.0007418858549838818,7.600000000037264e-07,4,"[7, 8, 32, 47]","[1367, 2455, 2289, 91]"
294,83,217,1091,0.0007411630525155897,0.0007411630525155897,3,"[7, 8, 32]","[2289, 3208, 844]"
295,83,217,1091,0.0007417530525155926,5.900000000028929e-07,3,"[7, 8, 32]","[2176, 3496, 558]"
296,83,217,1091,0.0007425330525155964,7.800000000038245e-07,4,"[7, 8, 32, 305]","[3130, 2758, 295, 2]"
297,83,217,1092,0.000741187818567753,0.000741187818567753,4,"[7, 8, 32, 50]","[753, 4648, 911, 1]"
298,83,217,1092,0.0007416778185677554,4.900000000024026e-07,3,"[7, 8, 32]","[1203, 4604, 507]"
299,83,217,1092,0.0007421378185677577,4.600000000022555e-07,4,"[7, 8, 32, 304]","[2033, 3848, 256, 1]"
300,83,217,1092,0.0007426678185677603,5.300000000025987e-07,4,"[7, 8, 32, 304]","[3517, 2666, 89, 1]"
301,83,217,1092,0.0007432478185677631,5.800000000028439e-07,4,"[7, 8, 32, 304]","[4896, 1318, 12, 1]"
302,83,217,1092,0.0007440078185677668,7.600000000037264e-07,3,"[7, 8, 304]","[5721, 574, 1]"
303,83,218,1092,0.0007420489957339209,0.0007420489957339209,4,"[7, 8, 32, 50]","[94, 6173, 2, 5]"
304,83,218,1092,0.0007426489957339239,6.000000000029419e-07,2,"[7, 8]","[377, 5897]"
305,83,218,1092,0.0007431589957339264,5.100000000025006e-07,2,"[7, 8]","[866, 5448]"
306,83,218,1092,0.0007436489957339288,4.900000000024026e-07,2,"[7, 8]","[1620, 4550]"
307,83,218,1092,0.0007441689957339313,5.200000000025497e-07,2,"[7, 8]","[2442, 3858]"
308,83,218,1092,0.0007447489957339342,5.800000000028439e-07,2,"[7, 8]","[3230, 3036]"
309,83,218,1092,0.0007456589957339386,9.100000000044619e-07,2,"[7, 8]","[3767, 2435]"
310,83,218,1093,0.0007440796318669142,0.0007440796318669142,3,"[7, 8, 50]","[1456, 4818, 8]"
311,83,218,1093,0.0007447796318669176,7.000000000034323e-07,2,"[7, 8]","[3075, 3241]"
312,83,218,1093,0.0007452996318669202,5.200000000025497e-07,2,"[7, 8]","[3643, 2605]"
313,83,218,1093,0.0007457696318669225,4.700000000023045e-07,2,"[7, 8]","[3860, 2381]"
314,83,218,1093,0.0007463096318669251,5.400000000026477e-07,2,"[7, 8]","[3943, 2222]"
315,83,218,1093,0.0007473596318669303,1.0500000000051484e-06,2,"[7, 8]","[4037, 2214]"
316,83,219,1093,0.0007455235502637313,0.0007455235502637313,2,"[7, 8]","[1345, 4945]"
317,83,219,1093,0.0007462335502637348,7.100000000034813e-07,2,"[7, 8]","[2589, 3699]"
318,83,219,1093,0.000746883550263738,6.500000000031871e-07,2,"[7, 8]","[3018, 3216]"
319,83,285,1155,0.0009072449756644292,0.0009072449756644292,2,"[1, 2]","[5750, 521]"
320,83,285,1156,0.0009080826662162294,0.0009080826662162294,2,"[1, 2]","[6228, 23]"
321,83,286,1132,0.0010080481988295556,0.0010080481988295556,2,"[2, 754]","[6289, 5]"
322,83,286,1132,0.0010094281988295474,1.3799999999918044e-06,1,[2],[6262]
323,83,286,1132,0.0010139281988295207,4.499999999973275e-06,2,"[2, 757]","[6081, 115]"
324,83,286,1133,0.0010069649325635996,0.0010069649325635996,2,"[2, 754]","[6141, 111]"
325,83,286,1152,0.0009206684145738,0.0009206684145738,1,[2],[6252]
326,83,286,1152,0.0009232684145738128,2.6000000000127484e-06,2,"[2, 747]","[5421, 837]"
327,83,286,1153,0.0009138024864014634,0.0009138024864014634,2,"[1, 2]","[4, 6274]"
328,83,286,1153,0.0009153924864014712,1.5900000000077961e-06,1,[2],[6250]
329,83,286,1153,0.0009168024864014781,1.4100000000069135e-06,1,[2],[6227]
330,83,286,1153,0.0009184824864014863,1.6800000000082374e-06,1,[2],[6259]
331,83,286,1154,0.0009073870260392058,0.0009073870260392058,2,"[1, 2]","[4123, 2178]"
332,83,286,1154,0.0009086670260392121,1.2800000000062761e-06,2,"[1, 2]","[867, 5345]"
333,83,286,1154,0.0009097170260392172,1.0500000000051484e-06,2,"[1, 2]","[19, 6230]"
334,83,286,1154,0.0009106370260392217,9.20000000004511e-07,1,[2],[6273]
335,83,286,1154,0.0009115370260392261,9.000000000044129e-07,1,[2],[6250]
336,83,286,1154,0.0009124770260392307,9.40000000004609e-07,1,[2],[6225]
337,83,286,1154,0.0009136770260392366,1.2000000000058839e-06,1,[2],[6256]
338,83,286,1154,0.000915987026039248,2.3100000000113264e-06,1,[2],[6238]
339,83,286,1155,0.0009059745453903148,0.0009059745453903148,2,"[1, 2]","[5975, 310]"
340,83,286,1155,0.0009062845453903163,3.1000000000152e-07,2,"[1, 2]","[6097, 371]"
341,83,286,1155,0.0009064945453903173,2.1000000000102968e-07,2,"[1, 2]","[5714, 389]"
342,83,286,1155,0.0009066745453903182,1.8000000000088258e-07,2,"[1, 2]","[5669, 503]"
343,83,286,1155,0.0009068545453903191,1.8000000000088258e-07,2,"[1, 2]","[5800, 585]"
344,83,286,1155,0.0009070245453903199,1.7000000000083355e-07,2,"[1, 2]","[5636, 666]"
345,83,286,1155,0.0009071945453903207,1.7000000000083355e-07,2,"[1, 2]","[5253, 795]"
346,83,286,1155,0.0009074045453903218,2.1000000000102968e-07,2,"[1, 2]","[5475, 976]"
347,83,286,1155,0.000907644545390323,2.4000000000117677e-07,2,"[1, 2]","[4764, 1300]"
348,83,286,1155,0.0009080245453903248,3.800000000018632e-07,2,"[1, 2]","[4360, 1976]"
349,83,286,1155,0.000908874545390329,8.500000000041677e-07,2,"[1, 2]","[2284, 3886]"
350,83,286,1155,0.000912334545390346,3.460000000016965e-06,2,"[1, 2]","[85, 6134]"
351,83,286,1156,0.0009061721099479797,0.0009061721099479797,2,"[1, 2]","[6296, 21]"
352,83,286,1156,0.0009064621099479811,2.9000000000142193e-07,2,"[1, 2]","[6163, 20]"
353,83,286,1156,0.0009066821099479822,2.200000000010787e-07,2,"[1, 2]","[6581, 9]"
354,83,286,1156,0.000906852109947983,1.7000000000083355e-07,2,"[1, 2]","[6090, 17]"
355,83,286,1156,0.0009070121099479838,1.6000000000078451e-07,2,"[1, 2]","[6143, 9]"
356,83,286,1156,0.0009071721099479846,1.6000000000078451e-07,2,"[1, 2]","[6309, 21]"
357,83,286,1156,0.0009073321099479853,1.6000000000078451e-07,2,"[1, 2]","[6301, 19]"
358,83,286,1156,0.0009075021099479862,1.7000000000083355e-07,2,"[1, 2]","[6135, 22]"
359,83,286,1156,0.0009076921099479871,1.900000000009316e-07,2,"[1, 2]","[6103, 14]"
360,83,286,1156,0.0009079621099479884,2.7000000000132387e-07,2,"[1, 2]","[6287, 31]"
361,83,286,1156,0.0009084721099479909,5.100000000025006e-07,2,"[1, 2]","[6140, 35]"
362,83,286,1157,0.0009066083093485167,0.0009066083093485167,1,[1],[6274]
363,83,286,1157,0.0009069283093485183,3.2000000000156903e-07,1,[1],[6300]
364,83,286,1157,0.0009071583093485194,2.3000000000112774e-07,1,[1],[6362]
365,83,286,1157,0.0009073583093485204,2.0000000000098064e-07,1,[1],[6274]
366,83,286,1157,0.0009075483093485213,1.900000000009316e-07,1,[1],[6191]
367,83,286,1157,0.0009077483093485223,2.0000000000098064e-07,1,[1],[6300]
368,83,286,1157,0.0009079683093485234,2.200000000010787e-07,1,[1],[6197]
369,83,286,1157,0.0009082683093485248,3.0000000000147097e-07,1,[1],[6194]
370,83,286,1157,0.0009090483093485286,7.800000000038245e-07,1,[1],[6171]
371,83,286,1158,0.0009069928169307976,0.0009069928169307976,1,[1],[6254]
372,83,286,1158,0.0009073428169307993,3.500000000017161e-07,1,[1],[6252]
373,83,286,1158,0.0009076228169308006,2.800000000013729e-07,1,[1],[6309]
374,83,286,1158,0.000907902816930802,2.800000000013729e-07,1,[1],[6346]
375,83,286,1158,0.0009082228169308036,3.2000000000156903e-07,1,[1],[6215]
376,83,286,1158,0.0009087628169308062,5.400000000026477e-07,1,[1],[6128]
377,83,286,1159,0.0009074009972861452,0.0009074009972861452,1,[1],[6304]
378,83,286,1159,0.0009078609972861475,4.600000000022555e-07,1,[1],[6286]
379,83,286,1159,0.0009083109972861497,4.5000000000220645e-07,1,[1],[6162]
380,83,286,1159,0.0009094209972861551,1.1100000000054426e-06,1,[1],[6256]
381,83,286,1160,0.000908012740325594,0.000908012740325594,1,[1],[6288]
382,83,286,1160,0.0009090527403255991,1.0400000000050993e-06,1,[1],[6221]
383,83,286,1161,0.0009094630432817276,0.0009094630432817276,1,[1],[6251]
384,83,287,1089,0.0011913799313442734,0.0011913799313442734,3,"[817, 818, 822]","[3998, 1858, 421]"
385,83,287,1090,0.0011912660330390338,0.0011912660330390338,3,"[817, 818, 822]","[3678, 2129, 449]"
386,83,287,1090,0.0011929760330390237,1.7099999999898446e-06,3,"[817, 818, 822]","[6069, 153, 33]"
387,83,287,1090,0.001194586033039014,1.6099999999904385e-06,1,[817],[6246]
388,83,287,1131,0.0010111864244311674,0.0010111864244311674,1,[2],[6250]
389,83,287,1131,0.0010165364244311356,5.349999999968227e-06,2,"[2, 757]","[157, 6106]"
390,83,287,1131,0.0010177964244311281,1.259999999992517e-06,1,[757],[6283]
391,83,287,1131,0.0010191164244311203,1.3199999999921608e-06,1,[757],[6227]
392,83,287,1132,0.0010047685276585695,0.0010047685276585695,2,"[2, 754]","[6157, 100]"
393,83,287,1132,0.0010058085276585633,1.0399999999938236e-06,1,[2],[6286]
394,83,287,1132,0.001006518527658559,7.099999999957834e-07,1,[2],[6269]
395,83,287,1132,0.0010070885276585557,5.699999999966149e-07,1,[2],[6227]
396,83,287,1132,0.0010075685276585528,4.799999999971494e-07,1,[2],[6311]
397,83,287,1132,0.0010079885276585503,4.199999999975057e-07,1,[2],[6161]
398,83,287,1132,0.001008388527658548,3.999999999976245e-07,1,[2],[6247]
399,83,287,1132,0.0010087485276585458,3.5999999999786203e-07,1,[2],[6254]
400,83,287,1132,0.0010090985276585438,3.499999999979214e-07,1,[2],[6270]
401,83,287,1132,0.0010094485276585417,3.499999999979214e-07,1,[2],[6277]
402,83,287,1132,0.0010098285276585394,3.7999999999774325e-07,1,[2],[6315]
403,83,287,1132,0.0010102785276585367,4.4999999999732754e-07,1,[2],[6208]
404,83,287,1132,0.0010112885276585307,1.0099999999940018e-06,1,[2],[6168]
405,83,287,1132,0.001015628527658505,4.339999999974226e-06,2,"[2, 757]","[660, 5616]"
406,83,287,1132,0.0010177185276584926,2.089999999987588e-06,1,[757],[6235]
407,83,287,1133,0.0009998784693055365,0.0009998784693055365,2,"[2, 754]","[6293, 4]"
408,83,287,1133,0.0010009184693055304,1.0399999999938236e-06,2,"[2, 754]","[6073, 180]"
409,83,287,1133,0.0010015984693055263,6.799999999959616e-07,2,"[2, 754]","[5626, 652]"
410,83,287,1133,0.001002148469305523,5.499999999967337e-07,2,"[2, 754]","[5275, 926]"
411,83,287,1133,0.00100265846930552,5.099999999969712e-07,2,"[2, 754]","[5527, 787]"
412,83,287,1133,0.0010031484693055171,4.8999999999709e-07,2,"[2, 754]","[5845, 441]"
413,83,287,1133,0.0010036184693055143,4.6999999999720876e-07,2,"[2, 754]","[6008, 191]"
414,83,287,1133,0.0010040684693055117,4.4999999999732754e-07,2,"[2, 754]","[6161, 35]"
415,83,287,1133,0.001004528469305509,4.5999999999726815e-07,2,"[2, 754]","[6254, 7]"
416,83,287,1133,0.0010049984693055061,4.6999999999720876e-07,2,"[2, 754]","[6294, 1]"
417,83,287,1133,0.0010054884693055032,4.8999999999709e-07,1,[2],[6274]
418,83,287,1133,0.0010060184693055,5.299999999968524e-07,1,[2],[6195]
419,83,287,1133,0.0010066584693054963,6.399999999961992e-07,1,[2],[6239]
420,83,287,1133,0.001007378469305492,7.199999999957241e-07,1,[2],[6221]
421,83,287,1133,0.001008378469305486,9.999999999940612e-07,1,[2],[6285]
422,83,287,1133,0.0010104784693054736,2.0999999999875285e-06,1,[2],[6210]
423,83,287,1134,0.000995875164743135,0.000995875164743135,2,"[2, 753]","[6290, 2]"
424,83,287,1134,0.0009968251647431293,9.499999999943581e-07,1,[2],[6254]
425,83,287,1134,0.000997555164743125,7.299999999956647e-07,1,[2],[6285]
426,83,287,1134,0.000998235164743121,6.799999999959616e-07,1,[2],[6180]
427,83,287,1134,0.000998885164743117,6.499999999961398e-07,1,[2],[6269]
428,83,287,1134,0.0009995451647431132,6.599999999960804e-07,1,[2],[6232]
429,83,287,1134,0.0010002851647431088,7.399999999956053e-07,2,"[2, 754]","[6228, 10]"
430,83,287,1134,0.0010012051647431033,9.199999999945363e-07,2,"[2, 754]","[6129, 167]"
431,83,287,1134,0.0010022851647430969,1.079999999993586e-06,2,"[2, 754]","[5329, 879]"
432,83,287,1134,0.0010048551647430816,2.5699999999847373e-06,2,"[2, 754]","[5547, 704]"
433,83,287,1135,0.0009923821898488892,0.0009923821898488892,2,"[2, 753]","[5404, 894]"
434,83,287,1135,0.000993432189848883,1.0499999999937643e-06,2,"[2, 753]","[6178, 50]"
435,83,287,1135,0.000994252189848878,8.199999999951302e-07,1,[2],[6236]
436,83,287,1135,0.0009950621898488733,8.099999999951896e-07,1,[2],[6315]
437,83,287,1135,0.000995962189848868,8.999999999946551e-07,1,[2],[6179]
438,83,287,1135,0.00099730218984886,1.339999999992042e-06,1,[2],[6275]
439,83,287,1136,0.0009891156312183762,0.0009891156312183762,3,"[2, 752, 753]","[6257, 24, 8]"
440,83,287,1136,0.0009901956312183698,1.079999999993586e-06,2,"[2, 753]","[5999, 220]"
441,83,287,1136,0.0009909756312183652,7.799999999953677e-07,2,"[2, 753]","[5349, 943]"
442,83,287,1136,0.000991675631218361,6.999999999958428e-07,2,"[2, 753]","[4819, 1408]"
443,83,287,1136,0.0009926656312183551,9.899999999941206e-07,2,"[2, 753]","[5348, 885]"
444,83,287,1137,0.0009852296976413375,0.0009852296976413375,2,"[2, 752]","[5386, 901]"
445,83,287,1137,0.0009863496976413309,1.1199999999933485e-06,2,"[2, 752]","[5434, 834]"
446,83,287,1137,0.0009873596976413249,1.0099999999940018e-06,2,"[2, 752]","[6141, 96]"
447,83,287,1137,0.0009884296976413185,1.0699999999936455e-06,2,"[2, 752]","[6221, 1]"
448,83,287,1137,0.0009901396976413083,1.7099999999898446e-06,2,"[2, 753]","[6243, 12]"
449,83,287,1138,0.0009817501079382343,0.0009817501079382343,1,[2],[6295]
450,83,287,1138,0.0009831001079382263,1.3499999999919826e-06,2,"[2, 752]","[6227, 2]"
451,83,287,1138,0.0009843001079382191,1.1999999999928734e-06,2,"[2, 752]","[6043, 187]"
452,83,287,1138,0.0009855901079382115,1.289999999992339e-06,2,"[2, 752]","[5161, 1105]"
453,83,287,1139,0.0009781949101473604,0.0009781949101473604,1,[2],[6270]
454,83,287,1139,0.0009797549101473511,1.5599999999907355e-06,1,[2],[6236]
455,83,287,1139,0.00098163491014734,1.879999999988835e-06,1,[2],[6246]
456,83,287,1140,0.0009751557605997292,0.0009751557605997292,1,[2],[6254]
457,83,287,1140,0.0009769457605997337,1.7900000000045484e-06,1,[2],[6262]
458,83,287,1141,0.0009720238806854596,0.0009720238806854596,2,"[2, 751]","[6207, 51]"
459,83,287,1141,0.0009763238806854807,4.300000000021084e-06,1,[2],[6242]
460,83,287,1142,0.0009689079759446246,0.0009689079759446246,3,"[2, 750, 751]","[5443, 24, 790]"
461,83,287,1143,0.0009658600209619547,0.0009658600209619547,5,"[2, 748, 749, 750, 751]","[5056, 4, 32, 1157, 9]"
462,83,287,1144,0.0009628398300445653,0.0009628398300445653,4,"[2, 748, 749, 750]","[4630, 604, 386, 633]"
463,83,287,1145,0.000959553160264277,0.000959553160264277,3,"[2, 748, 749]","[4995, 1196, 59]"
464,83,287,1146,0.0009514050795368669,0.0009514050795368669,1,[2],[6251]
465,83,287,1147,0.0009444307324468947,0.0009444307324468947,1,[2],[6250]
466,83,287,1147,0.0009476607324469105,3.2300000000158374e-06,1,[2],[6253]
467,83,287,1148,0.0009391018063466336,0.0009391018063466336,1,[2],[6250]
468,83,287,1148,0.000940821806346642,1.7200000000084335e-06,1,[2],[6282]
469,83,287,1148,0.0009428318063466519,2.0100000000098555e-06,1,[2],[6237]
470,83,287,1149,0.0009342402896670579,0.0009342402896670579,1,[2],[6279]
471,83,287,1149,0.0009355102896670642,1.270000000006227e-06,1,[2],[6236]
472,83,287,1149,0.0009365902896670695,1.0800000000052955e-06,1,[2],[6240]
473,83,287,1149,0.0009378402896670756,1.250000000006129e-06,1,[2],[6260]
474,83,287,1149,0.0009402302896670873,2.3900000000117187e-06,1,[2],[6244]
475,83,287,1150,0.000929233207539567,0.000929233207539567,2,"[2, 747]","[6251, 2]"
476,83,287,1150,0.0009305232075395734,1.2900000000063251e-06,1,[2],[6312]
477,83,287,1150,0.0009315132075395782,9.900000000048542e-07,1,[2],[6207]
478,83,287,1150,0.000932493207539583,9.800000000048052e-07,1,[2],[6266]
479,83,287,1150,0.000933513207539588,1.0200000000050013e-06,1,[2],[6243]
480,83,287,1150,0.0009349032075395948,1.3900000000068155e-06,1,[2],[6219]
481,83,287,1151,0.0009239459295900428,0.0009239459295900428,2,"[2, 747]","[4975, 1303]"
482,83,287,1151,0.0009252559295900492,1.3100000000064232e-06,2,"[2, 747]","[6000, 237]"
483,83,287,1151,0.0009262259295900539,9.700000000047561e-07,2,"[2, 747]","[6238, 5]"
484,83,287,1151,0.0009271059295900583,8.800000000043148e-07,1,[2],[6280]
485,83,287,1151,0.0009279859295900626,8.800000000043148e-07,1,[2],[6284]
486,83,287,1151,0.0009289759295900674,9.900000000048542e-07,1,[2],[6181]
487,83,287,1151,0.0009304259295900745,1.4500000000071097e-06,1,[2],[6268]
488,83,287,1152,0.0009194985252350859,0.0009194985252350859,1,[2],[6251]
489,83,287,1152,0.0009206585252350916,1.1600000000056877e-06,1,[2],[6276]
490,83,287,1152,0.0009215285252350959,8.700000000042658e-07,2,"[2, 747]","[6167, 57]"
491,83,287,1152,0.0009222685252350995,7.400000000036284e-07,2,"[2, 747]","[5792, 548]"
492,83,287,1152,0.0009228685252351025,6.000000000029419e-07,2,"[2, 747]","[4474, 1773]"
493,83,287,1152,0.000923398525235105,5.300000000025987e-07,2,"[2, 747]","[3738, 2432]"
494,83,287,1152,0.0009240285252351081,6.30000000003089e-07,2,"[2, 747]","[3826, 2473]"
495,83,287,1152,0.0009251085252351134,1.0800000000052955e-06,2,"[2, 747]","[5103, 1124]"
496,83,287,1153,0.0009150954980349254,0.0009150954980349254,2,"[1, 2]","[1, 6263]"
497,83,287,1153,0.0009166054980349328,1.5100000000074039e-06,1,[2],[6241]
498,83,287,1153,0.0009178354980349388,1.230000000006031e-06,1,[2],[6291]
499,83,287,1153,0.0009190454980349447,1.2100000000059329e-06,1,[2],[6246]
500,83,287,1153,0.0009205854980349523,1.540000000007551e-06,1,[2],[6214]
501,83,287,1154,0.0009116812872821031,0.0009116812872821031,2,"[1, 2]","[539, 5726]"
502,83,287,1154,0.0009143312872821161,2.6500000000129935e-06,1,[2],[6237]
503,83,287,1155,0.0009076071374567805,0.0009076071374567805,2,"[1, 2]","[5648, 615]"
504,83,287,1156,0.0009072481233525808,0.0009072481233525808,2,"[1, 2]","[6266, 10]"
505,83,287,1157,0.0009071981259231803,0.0009071981259231803,1,[1],[6330]
506,83,287,1157,0.0009077581259231831,5.600000000027458e-07,1,[1],[6222]
507,83,287,1157,0.0009087281259231878,9.700000000047561e-07,1,[1],[6200]
508,83,287,1158,0.0009071436077828338,0.0009071436077828338,1,[1],[6274]
509,83,287,1158,0.0009075636077828359,4.2000000000205935e-07,1,[1],[6261]
510,83,287,1158,0.0009079236077828377,3.6000000000176516e-07,1,[1],[6398]
511,83,287,1158,0.0009083536077828398,4.300000000021084e-07,1,[1],[6154]
512,83,287,1159,0.0009072071052719826,0.0009072071052719826,1,[1],[6334]
513,83,287,1159,0.0009075471052719842,3.400000000016671e-07,1,[1],[6254]
514,83,287,1159,0.0009078171052719856,2.7000000000132387e-07,1,[1],[6237]
515,83,287,1159,0.0009080671052719868,2.500000000012258e-07,1,[1],[6184]
516,83,287,1159,0.0009083471052719882,2.800000000013729e-07,1,[1],[6330]
517,83,287,1159,0.00090872710527199,3.800000000018632e-07,1,[1],[6266]
518,83,287,1160,0.0009073240393140826,0.0009073240393140826,1,[1],[6260]
519,83,287,1160,0.0009076540393140842,3.3000000000161806e-07,1,[1],[6380]
520,83,287,1160,0.0009078940393140854,2.4000000000117677e-07,1,[1],[6235]
521,83,287,1160,0.0009081140393140865,2.200000000010787e-07,1,[1],[6282]
522,83,287,1160,0.0009083340393140876,2.200000000010787e-07,1,[1],[6260]
523,83,287,1160,0.0009085740393140888,2.4000000000117677e-07,1,[1],[6122]
524,83,287,1160,0.0009089040393140904,3.3000000000161806e-07,1,[1],[6216]
525,83,287,1161,0.0009074932682722097,0.0009074932682722097,1,[1],[6393]
526,83,287,1161,0.0009078132682722112,3.2000000000156903e-07,1,[1],[6221]
527,83,287,1161,0.0009080532682722124,2.4000000000117677e-07,1,[1],[6331]
528,83,287,1161,0.0009082632682722134,2.1000000000102968e-07,1,[1],[6193]
529,83,287,1161,0.0009084732682722145,2.1000000000102968e-07,1,[1],[6252]
530,83,287,1161,0.0009087032682722156,2.3000000000112774e-07,1,[1],[6186]
531,83,287,1161,0.000908993268272217,2.9000000000142193e-07,1,[1],[6215]
532,83,287,1161,0.0009096632682722203,6.700000000032852e-07,1,[1],[6220]
533,83,287,1162,0.000907622128686483,0.000907622128686483,1,[1],[6309]
534,83,287,1162,0.0009079521286864846,3.3000000000161806e-07,1,[1],[6291]
535,83,287,1162,0.0009082021286864858,2.500000000012258e-07,1,[1],[6334]
536,83,287,1162,0.0009084221286864869,2.200000000010787e-07,1,[1],[6076]
537,83,287,1162,0.000908652128686488,2.3000000000112774e-07,1,[1],[6336]
538,83,287,1162,0.0009089221286864894,2.7000000000132387e-07,1,[1],[6296]
539,83,287,1162,0.0009093121286864913,3.9000000000191225e-07,1,[1],[6178]
540,83,287,1163,0.0009077378680840922,0.0009077378680840922,1,[1],[6356]
541,83,287,1163,0.0009080778680840938,3.400000000016671e-07,1,[1],[6203]
542,83,287,1163,0.0009083478680840952,2.7000000000132387e-07,1,[1],[6306]
543,83,287,1163,0.0009085978680840964,2.500000000012258e-07,1,[1],[6236]
544,83,287,1163,0.0009088678680840977,2.7000000000132387e-07,1,[1],[6303]
545,83,287,1163,0.0009092378680840995,3.700000000018142e-07,1,[1],[6164]
546,83,287,1164,0.0009078791570562271,0.0009078791570562271,1,[1],[6370]
547,83,287,1164,0.0009082491570562289,3.700000000018142e-07,1,[1],[6201]
548,83,287,1164,0.0009085591570562304,3.1000000000152e-07,1,[1],[6351]
549,83,287,1164,0.0009088691570562319,3.1000000000152e-07,1,[1],[6202]
550,83,287,1164,0.0009092791570562339,4.100000000020103e-07,1,[1],[6224]
551,83,287,1165,0.0009081048677273425,0.0009081048677273425,1,[1],[6363]
552,83,287,1165,0.0009085248677273446,4.2000000000205935e-07,1,[1],[6295]
553,83,287,1165,0.0009088948677273464,3.700000000018142e-07,1,[1],[6129]
554,83,287,1165,0.0009093848677273488,4.900000000024026e-07,1,[1],[6236]
555,83,287,1166,0.0009083766870966777,0.0009083766870966777,1,[1],[6334]
556,83,287,1166,0.0009088566870966801,4.800000000023535e-07,1,[1],[6186]
557,83,287,1166,0.0009093766870966827,5.200000000025497e-07,1,[1],[6294]
558,83,287,1167,0.000908699966362748,0.000908699966362748,1,[1],[6302]
559,83,287,1167,0.0009093499663627512,6.500000000031871e-07,1,[1],[6271]
560,83,287,1168,0.0009090021962527251,0.0009090021962527251,1,[1],[6269]
561,83,287,1168,0.0009099821962527299,9.800000000048052e-07,1,[1],[6265]
562,83,287,1169,0.0009093737924756331,0.0009093737924756331,1,[1],[6260]
563,83,287,1170,0.0009098728230528284,0.0009098728230528284,1,[1],[6255]
564,83,287,1171,0.000910452203638799,0.000910452203638799,1,[1],[6252]
565,83,288,1089,0.0011929398018715243,0.0011929398018715243,3,"[817, 818, 822]","[5629, 510, 112]"
566,83,288,1090,0.0011922571210720692,0.0011922571210720692,3,"[817, 818, 822]","[5552, 627, 116]"
567,83,288,1090,0.0011931671210720638,9.099999999945957e-07,1,[817],[6243]
568,83,288,1090,0.0011938471210720598,6.799999999959616e-07,1,[817],[6288]
569,83,288,1090,0.001194827121072054,9.7999999999418e-07,1,[817],[6199]
570,83,288,1091,0.0011938977818840403,0.0011938977818840403,3,"[817, 818, 822]","[6254, 18, 4]"
571,83,288,1131,0.0010194893223898448,0.0010194893223898448,2,"[2, 757]","[416, 5858]"
572,83,288,1132,0.0010087083006327323,0.0010087083006327323,2,"[2, 754]","[6222, 32]"
573,83,288,1133,0.0010009152670578951,0.0010009152670578951,2,"[2, 754]","[6204, 72]"
574,83,288,1133,0.0010023352670578867,1.419999999991567e-06,2,"[2, 754]","[5452, 816]"
575,83,288,1133,0.0010037552670578783,1.419999999991567e-06,2,"[2, 754]","[5749, 489]"
576,83,288,1133,0.0010058852670578656,2.1299999999873503e-06,2,"[2, 754]","[6216, 22]"
577,83,288,1134,0.000996295146441563,0.000996295146441563,2,"[2, 753]","[6274, 1]"
578,83,288,1134,0.0009975351464415556,1.2399999999926359e-06,1,[2],[6231]
579,83,288,1134,0.0009987151464415486,1.1799999999929922e-06,1,[2],[6278]
580,83,288,1134,0.0010000251464415408,1.3099999999922202e-06,2,"[2, 754]","[6240, 1]"
581,83,288,1134,0.0010020551464415288,2.0299999999879442e-06,2,"[2, 754]","[5870, 373]"
582,83,288,1135,0.0009925641541663692,0.0009925641541663692,2,"[2, 753]","[5522, 749]"
583,83,288,1135,0.0009937441541663621,1.1799999999929922e-06,2,"[2, 753]","[6246, 16]"
584,83,288,1135,0.0009947341541663563,9.899999999941206e-07,1,[2],[6239]
585,83,288,1135,0.0009958941541663494,1.159999999993111e-06,1,[2],[6258]
586,83,288,1135,0.0009984341541663343,2.5399999999849154e-06,1,[2],[6221]
587,83,288,1136,0.0009891103503321928,0.0009891103503321928,3,"[2, 752, 753]","[6264, 23, 2]"
588,83,288,1136,0.0009902203503321862,1.109999999993408e-06,2,"[2, 753]","[6037, 206]"
589,83,288,1136,0.0009910703503321812,8.49999999994952e-07,2,"[2, 753]","[5345, 920]"
590,83,288,1136,0.0009919103503321762,8.399999999950114e-07,2,"[2, 753]","[4993, 1253]"
591,83,288,1136,0.0009933803503321674,1.46999999999127e-06,2,"[2, 753]","[5655, 579]"
592,83,288,1137,0.0009849163012791828,0.0009849163012791828,2,"[2, 752]","[5729, 542]"
593,83,288,1137,0.0009859863012791764,1.0699999999936455e-06,2,"[2, 752]","[5361, 900]"
594,83,288,1137,0.0009869163012791709,9.299999999944769e-07,2,"[2, 752]","[6014, 225]"
595,83,288,1137,0.0009878663012791652,9.499999999943581e-07,2,"[2, 752]","[6281, 12]"
596,83,288,1137,0.0009890463012791582,1.1799999999929922e-06,1,[2],[6240]
597,83,288,1138,0.0009809104492215692,0.0009809104492215692,1,[2],[6260]
598,83,288,1138,0.0009820104492215627,1.0999999999934673e-06,1,[2],[6256]
599,83,288,1138,0.0009828704492215576,8.599999999948926e-07,2,"[2, 752]","[6237, 1]"
600,83,288,1138,0.0009837104492215526,8.399999999950114e-07,2,"[2, 752]","[6245, 27]"
601,83,288,1138,0.000984640449221547,9.299999999944769e-07,2,"[2, 752]","[5910, 331]"
602,83,288,1138,0.0009858104492215401,1.1699999999930516e-06,2,"[2, 752]","[5229, 1015]"
603,83,288,1139,0.0009770630045436745,0.0009770630045436745,1,[2],[6272]
604,83,288,1139,0.0009780330045436687,9.699999999942394e-07,1,[2],[6257]
605,83,288,1139,0.000978833004543664,7.99999999995249e-07,1,[2],[6296]
606,83,288,1139,0.0009796030045436594,7.699999999954271e-07,1,[2],[6177]
607,83,288,1139,0.0009804930045436541,8.899999999947145e-07,1,[2],[6283]
608,83,288,1139,0.0009817530045436466,1.259999999992517e-06,1,[2],[6217]
609,83,288,1140,0.0009734942761474438,0.0009734942761474438,1,[2],[6266]
610,83,288,1140,0.0009745442761474489,1.0500000000051484e-06,1,[2],[6245]
611,83,288,1140,0.0009753642761474529,8.200000000040206e-07,1,[2],[6320]
612,83,288,1140,0.0009760942761474565,7.300000000035793e-07,1,[2],[6174]
613,83,288,1140,0.0009769042761474567,8.100000000001769e-07,1,[2],[6284]
614,83,288,1140,0.0009780842761474497,1.1799999999929922e-06,1,[2],[6215]
615,83,288,1141,0.0009694443040426424,0.0009694443040426424,2,"[2, 751]","[6001, 285]"
616,83,288,1141,0.0009704843040426475,1.0400000000050993e-06,1,[2],[6256]
617,83,288,1141,0.0009712843040426514,8.000000000039226e-07,1,[2],[6259]
618,83,288,1141,0.0009720443040426551,7.600000000037264e-07,1,[2],[6277]
619,83,288,1141,0.000972834304042659,7.900000000038735e-07,1,[2],[6190]
620,83,288,1141,0.000973844304042664,1.0100000000049522e-06,1,[2],[6254]
621,83,288,1141,0.000976914304042675,3.0700000000111497e-06,1,[2],[6228]
622,83,288,1142,0.0009653784730861585,0.0009653784730861585,3,"[2, 750, 751]","[6105, 135, 18]"
623,83,288,1142,0.0009663784730861634,1.0000000000049032e-06,2,"[2, 751]","[5833, 420]"
624,83,288,1142,0.0009670384730861666,6.600000000032361e-07,2,"[2, 751]","[4906, 1338]"
625,83,288,1142,0.0009676084730861694,5.700000000027948e-07,2,"[2, 751]","[4776, 1556]"
626,83,288,1142,0.0009681884730861723,5.800000000028439e-07,2,"[2, 751]","[5061, 1201]"
627,83,288,1142,0.0009688384730861755,6.500000000031871e-07,2,"[2, 751]","[5709, 474]"
628,83,288,1142,0.0009696484730861794,8.100000000039716e-07,2,"[2, 751]","[6212, 79]"
629,83,288,1142,0.0009709184730861857,1.270000000006227e-06,2,"[2, 751]","[6189, 3]"
630,83,288,1143,0.0009608277177703831,0.0009608277177703831,4,"[2, 748, 749, 750]","[5558, 24, 417, 258]"
631,83,288,1143,0.0009617377177703876,9.100000000044619e-07,2,"[2, 750]","[4452, 1853]"
632,83,288,1143,0.0009623877177703907,6.500000000031871e-07,2,"[2, 750]","[4137, 2133]"
633,83,288,1143,0.0009630077177703938,6.2000000000304e-07,2,"[2, 750]","[4913, 1274]"
634,83,288,1143,0.0009636777177703971,6.700000000032852e-07,2,"[2, 750]","[5824, 438]"
635,83,288,1143,0.0009644077177704006,7.300000000035793e-07,2,"[2, 750]","[6252, 43]"
636,83,288,1143,0.0009652177177704046,8.100000000039716e-07,3,"[2, 750, 751]","[6171, 1, 2]"
637,83,288,1143,0.0009662877177704099,1.0700000000052464e-06,2,"[2, 751]","[6190, 93]"
638,83,288,1143,0.0009682377177704194,1.9500000000095613e-06,2,"[2, 751]","[5101, 1116]"
639,83,288,1144,0.0009556923970014064,0.0009556923970014064,2,"[2, 748]","[3969, 2331]"
640,83,288,1144,0.0009566623970014112,9.700000000047561e-07,3,"[2, 748, 749]","[4148, 2078, 4]"
641,83,288,1144,0.0009575523970014155,8.900000000043639e-07,3,"[2, 748, 749]","[5573, 513, 217]"
642,83,288,1144,0.000958252397001419,7.000000000034323e-07,3,"[2, 748, 749]","[5268, 29, 919]"
643,83,288,1144,0.0009588523970014219,6.000000000029419e-07,3,"[2, 748, 749]","[4752, 1, 1512]"
644,83,288,1144,0.0009594423970014248,5.900000000028929e-07,2,"[2, 749]","[4876, 1393]"
645,83,288,1144,0.0009601323970014282,6.900000000033832e-07,3,"[2, 749, 750]","[5467, 705, 14]"
646,83,288,1144,0.0009609723970014323,8.400000000041187e-07,3,"[2, 749, 750]","[5894, 118, 236]"
647,83,288,1144,0.0009618723970014367,9.000000000044129e-07,3,"[2, 749, 750]","[4871, 5, 1377]"
648,83,288,1144,0.0009630723970014426,1.2000000000058839e-06,2,"[2, 750]","[4122, 2132]"
649,83,288,1145,0.0009516578628516128,0.0009516578628516128,1,[2],[6259]
650,83,288,1145,0.0009527978628516184,1.1400000000055897e-06,1,[2],[6242]
651,83,288,1145,0.0009536678628516227,8.700000000042658e-07,2,"[2, 748]","[6281, 30]"
652,83,288,1145,0.0009544178628516264,7.500000000036774e-07,2,"[2, 748]","[5922, 368]"
653,83,288,1145,0.0009550378628516294,6.2000000000304e-07,2,"[2, 748]","[4783, 1367]"
654,83,288,1145,0.0009555578628516319,5.200000000025497e-07,2,"[2, 748]","[3782, 2498]"
655,83,288,1145,0.0009560778628516345,5.200000000025497e-07,2,"[2, 748]","[3500, 2808]"
656,83,288,1145,0.0009567078628516376,6.30000000003089e-07,3,"[2, 748, 749]","[3811, 2348, 1]"
657,83,288,1145,0.0009579178628516435,1.2100000000059329e-06,3,"[2, 748, 749]","[5287, 882, 86]"
658,83,288,1146,0.0009471588154477033,0.0009471588154477033,1,[2],[6297]
659,83,288,1146,0.0009482688154477088,1.1100000000054426e-06,1,[2],[6222]
660,83,288,1146,0.0009491488154477131,8.800000000043148e-07,1,[2],[6297]
661,83,288,1146,0.0009499388154477169,7.900000000038735e-07,1,[2],[6262]
662,83,288,1146,0.0009507488154477209,8.100000000039716e-07,1,[2],[6196]
663,83,288,1146,0.0009516588154477254,9.100000000044619e-07,1,[2],[6256]
664,83,288,1146,0.0009529688154477318,1.3100000000064232e-06,1,[2],[6234]
665,83,288,1147,0.0009429737014157215,0.0009429737014157215,1,[2],[6295]
666,83,288,1147,0.0009440637014157268,1.0900000000053445e-06,1,[2],[6220]
667,83,288,1147,0.0009449337014157311,8.700000000042658e-07,1,[2],[6300]
668,83,288,1147,0.0009457037014157348,7.700000000037755e-07,1,[2],[6190]
669,83,288,1147,0.000946543701415739,8.400000000041187e-07,1,[2],[6259]
670,83,288,1147,0.0009475437014157439,1.0000000000049032e-06,1,[2],[6264]
671,83,288,1147,0.0009496537014157542,2.1100000000103458e-06,1,[2],[6231]
672,83,288,1148,0.0009390911318086681,0.0009390911318086681,1,[2],[6285]
673,83,288,1148,0.0009403211318086741,1.230000000006031e-06,1,[2],[6218]
674,83,288,1148,0.0009413411318086791,1.0200000000050013e-06,1,[2],[6263]
675,83,288,1148,0.000942331131808684,9.900000000048542e-07,1,[2],[6240]
676,83,288,1148,0.0009436511318086905,1.3200000000064722e-06,1,[2],[6276]
677,83,288,1149,0.0009354353986838151,0.0009354353986838151,1,[2],[6277]
678,83,288,1149,0.0009369353986838225,1.5000000000073548e-06,1,[2],[6263]
679,83,288,1149,0.0009384253986838298,1.4900000000073058e-06,1,[2],[6228]
680,83,288,1149,0.0009426453986838505,4.2200000000206916e-06,1,[2],[6232]
681,83,288,1150,0.0009322493864517506,0.0009322493864517506,1,[2],[6272]
682,83,288,1150,0.0009350393864517643,2.79000000001368e-06,1,[2],[6230]
683,83,288,1151,0.0009302989551572857,0.0009302989551572857,2,"[2, 747]","[6121, 130]"
684,83,288,1161,0.000909593861857679,0.000909593861857679,1,[1],[6251]
685,83,288,1162,0.0009085355264650869,0.0009085355264650869,1,[1],[6295]
686,83,288,1163,0.000908277888445036,0.000908277888445036,1,[1],[6345]
687,83,288,1163,0.0009090078884450396,7.300000000035793e-07,1,[1],[6197]
688,83,288,1164,0.0009081701567836266,0.0009081701567836266,1,[1],[6316]
689,83,288,1164,0.0009087001567836292,5.300000000025987e-07,1,[1],[6220]
690,83,288,1164,0.0009093901567836326,6.900000000033832e-07,1,[1],[6221]
691,83,288,1165,0.000908164483832577,0.000908164483832577,1,[1],[6331]
692,83,288,1165,0.0009086044838325792,4.400000000021574e-07,1,[1],[6226]
693,83,288,1165,0.0009090344838325813,4.300000000021084e-07,1,[1],[6265]
694,83,288,1165,0.000909794483832585,7.600000000037264e-07,1,[1],[6199]
695,83,288,1166,0.000908217491342664,0.000908217491342664,1,[1],[6302]
696,83,288,1166,0.000908617491342666,4.000000000019613e-07,1,[1],[6355]
697,83,288,1166,0.0009089674913426677,3.500000000017161e-07,1,[1],[6226]
698,83,288,1166,0.0009093474913426696,3.800000000018632e-07,1,[1],[6121]
699,83,288,1166,0.0009103974913426747,1.0500000000051484e-06,1,[1],[6248]
700,83,288,1167,0.0009083337886628087,0.0009083337886628087,1,[1],[6332]
701,83,288,1167,0.0009087137886628105,3.800000000018632e-07,1,[1],[6180]
702,83,288,1167,0.0009090437886628121,3.3000000000161806e-07,1,[1],[6373]
703,83,288,1167,0.0009093837886628138,3.400000000016671e-07,1,[1],[6254]
704,83,288,1167,0.0009098937886628163,5.100000000025006e-07,1,[1],[6127]
705,83,288,1168,0.0009084543542804923,0.0009084543542804923,1,[1],[6373]
706,83,288,1168,0.000908814354280494,3.6000000000176516e-07,1,[1],[6196]
707,83,288,1168,0.0009091143542804955,3.0000000000147097e-07,1,[1],[6217]
708,83,288,1168,0.000909424354280497,3.1000000000152e-07,1,[1],[6289]
709,83,288,1168,0.000909824354280499,4.000000000019613e-07,1,[1],[6284]
710,83,288,1169,0.0009085734421628677,0.0009085734421628677,1,[1],[6288]
711,83,288,1169,0.0009089434421628695,3.700000000018142e-07,1,[1],[6357]
712,83,288,1169,0.000909233442162871,2.9000000000142193e-07,1,[1],[6156]
713,83,288,1169,0.0009095334421628724,3.0000000000147097e-07,1,[1],[6315]
714,83,288,1169,0.0009098934421628742,3.6000000000176516e-07,1,[1],[6196]
715,83,288,1170,0.0009087682684232297,0.0009087682684232297,1,[1],[6333]
716,83,288,1170,0.0009091282684232315,3.6000000000176516e-07,1,[1],[6172]
717,83,288,1170,0.000909428268423233,3.0000000000147097e-07,1,[1],[6299]
718,83,288,1170,0.0009097382684232345,3.1000000000152e-07,1,[1],[6305]
719,83,288,1170,0.0009101182684232363,3.800000000018632e-07,1,[1],[6167]
720,83,288,1171,0.0009089511815388176,0.0009089511815388176,1,[1],[6338]
721,83,288,1171,0.0009093211815388194,3.700000000018142e-07,1,[1],[6317]
722,83,288,1171,0.0009096111815388208,2.9000000000142193e-07,1,[1],[6144]
723,83,288,1171,0.0009099011815388222,2.9000000000142193e-07,1,[1],[6205]
724,83,288,1171,0.0009102811815388241,3.800000000018632e-07,1,[1],[6366]
725,83,288,1171,0.0009117711815388314,1.4900000000073058e-06,1,[1],[6131]
726,83,288,1172,0.0009090942834432188,0.0009090942834432188,1,[1],[6295]
727,83,288,1172,0.0009094542834432206,3.6000000000176516e-07,1,[1],[6300]
728,83,288,1172,0.000909734283443222,2.800000000013729e-07,1,[1],[6223]
729,83,288,1172,0.0009100142834432233,2.800000000013729e-07,1,[1],[6187]
730,83,288,1172,0.0009103442834432249,3.3000000000161806e-07,1,[1],[6317]
731,83,288,1172,0.000910964283443228,6.2000000000304e-07,1,[1],[6180]
732,83,288,1173,0.0009092310817545573,0.0009092310817545573,1,[1],[6287]
733,83,288,1173,0.000909591081754559,3.6000000000176516e-07,1,[1],[6408]
734,83,288,1173,0.0009098610817545604,2.7000000000132387e-07,1,[1],[6192]
735,83,288,1173,0.0009101410817545617,2.800000000013729e-07,1,[1],[6276]
736,83,288,1173,0.0009104510817545632,3.1000000000152e-07,1,[1],[6102]
737,83,288,1173,0.000911021081754566,5.700000000027948e-07,1,[1],[6284]
738,83,288,1174,0.0009093414891692064,0.0009093414891692064,1,[1],[6334]
739,83,288,1174,0.0009097014891692081,3.6000000000176516e-07,1,[1],[6202]
740,83,288,1174,0.0009100014891692096,3.0000000000147097e-07,1,[1],[6447]
741,83,288,1174,0.000910281489169211,2.800000000013729e-07,1,[1],[6174]
742,83,288,1174,0.0009106214891692126,3.400000000016671e-07,1,[1],[6154]
743,83,288,1174,0.0009113514891692162,7.300000000035793e-07,1,[1],[6197]
744,83,288,1175,0.0009094299261126077,0.0009094299261126077,1,[1],[6328]
745,83,288,1175,0.0009097999261126095,3.700000000018142e-07,1,[1],[6327]
746,83,288,1175,0.0009100799261126109,2.800000000013729e-07,1,[1],[6167]
747,83,288,1175,0.0009103699261126123,2.9000000000142193e-07,1,[1],[6234]
748,83,288,1175,0.0009107299261126141,3.6000000000176516e-07,1,[1],[6244]
749,83,288,1175,0.0009116799261126188,9.500000000046581e-07,1,[1],[6204]
750,83,288,1176,0.0009095103292341746,0.0009095103292341746,1,[1],[6269]
751,83,288,1176,0.0009098803292341764,3.700000000018142e-07,1,[1],[6341]
752,83,288,1176,0.0009101703292341779,2.9000000000142193e-07,1,[1],[6216]
753,83,288,1176,0.0009104603292341793,2.9000000000142193e-07,1,[1],[6245]
754,83,288,1176,0.0009108303292341811,3.700000000018142e-07,1,[1],[6334]
755,83,288,1177,0.0009095870428677826,0.0009095870428677826,1,[1],[6390]
756,83,288,1177,0.0009099370428677843,3.500000000017161e-07,1,[1],[6138]
757,83,288,1177,0.0009102370428677858,3.0000000000147097e-07,1,[1],[6382]
758,83,288,1177,0.0009105270428677872,2.9000000000142193e-07,1,[1],[6288]
759,83,288,1177,0.0009108770428677889,3.500000000017161e-07,1,[1],[6134]
760,83,288,1177,0.0009117770428677933,9.000000000044129e-07,1,[1],[6168]
761,83,288,1178,0.0009096632877147057,0.0009096632877147057,1,[1],[6313]
762,83,288,1178,0.0009100232877147075,3.6000000000176516e-07,1,[1],[6316]
763,83,288,1178,0.0009103032877147088,2.800000000013729e-07,1,[1],[6179]
764,83,288,1178,0.0009106032877147103,3.0000000000147097e-07,1,[1],[6302]
765,83,288,1178,0.000910953287714712,3.500000000017161e-07,1,[1],[6239]
766,83,288,1178,0.0009118932877147166,9.40000000004609e-07,1,[1],[6160]
767,83,288,1179,0.000909733775533574,0.000909733775533574,1,[1],[6303]
768,83,288,1179,0.0009101037755335758,3.700000000018142e-07,1,[1],[6315]
769,83,288,1179,0.0009104037755335773,3.0000000000147097e-07,1,[1],[6324]
770,83,288,1179,0.0009107037755335788,3.0000000000147097e-07,1,[1],[6114]
771,83,288,1179,0.0009110937755335807,3.9000000000191225e-07,1,[1],[6227]
772,83,288,1180,0.000909733823019006,0.000909733823019006,1,[1],[6279]
773,83,288,1180,0.0009101038230190079,3.700000000018142e-07,1,[1],[6309]
774,83,288,1180,0.0009103938230190093,2.9000000000142193e-07,1,[1],[6262]
775,83,288,1180,0.0009106938230190108,3.0000000000147097e-07,1,[1],[6336]
776,83,288,1180,0.0009110538230190125,3.6000000000176516e-07,1,[1],[6095]
777,83,288,1181,0.0009097586201737232,0.0009097586201737232,1,[1],[6319]
778,83,288,1181,0.000910128620173725,3.700000000018142e-07,1,[1],[6198]
779,83,288,1181,0.0009104286201737265,3.0000000000147097e-07,1,[1],[6378]
780,83,288,1181,0.000910728620173728,3.0000000000147097e-07,1,[1],[6199]
781,83,288,1181,0.00091112862017373,4.000000000019613e-07,1,[1],[6204]
782,83,288,1182,0.0009097602646964486,0.0009097602646964486,1,[1],[6365]
783,83,288,1182,0.0009101302646964504,3.700000000018142e-07,1,[1],[6148]
784,83,288,1182,0.0009104402646964519,3.1000000000152e-07,1,[1],[6392]
785,83,288,1182,0.0009107502646964534,3.1000000000152e-07,1,[1],[6239]
786,83,288,1182,0.0009111702646964555,4.2000000000205935e-07,1,[1],[6146]
787,83,288,1183,0.0009097098448009739,0.0009097098448009739,1,[1],[6297]
788,83,288,1183,0.0009100798448009758,3.700000000018142e-07,1,[1],[6337]
789,83,288,1183,0.0009103798448009772,3.0000000000147097e-07,1,[1],[6135]
790,83,288,1183,0.0009106898448009787,3.1000000000152e-07,1,[1],[6344]
791,83,288,1183,0.0009111098448009808,4.2000000000205935e-07,1,[1],[6161]
792,83,288,1184,0.0009096833700760115,0.0009096833700760115,1,[1],[6358]
793,83,288,1184,0.0009100633700760134,3.800000000018632e-07,1,[1],[6269]
794,83,288,1184,0.0009103633700760148,3.0000000000147097e-07,1,[1],[6145]
795,83,288,1184,0.0009106933700760165,3.3000000000161806e-07,1,[1],[6291]
796,83,288,1184,0.0009111533700760187,4.600000000022555e-07,1,[1],[6273]
797,83,288,1185,0.0009096915061362962,0.0009096915061362962,1,[1],[6323]
798,83,288,1185,0.000910061506136298,3.700000000018142e-07,1,[1],[6180]
799,83,288,1185,0.0009103815061362996,3.2000000000156903e-07,1,[1],[6303]
800,83,288,1185,0.0009107315061363013,3.500000000017161e-07,1,[1],[6323]
801,83,288,1185,0.0009112715061363039,5.400000000026477e-07,1,[1],[6144]
802,83,288,1186,0.0009096341330784328,0.0009096341330784328,1,[1],[6256]
803,83,288,1186,0.0009100241330784347,3.9000000000191225e-07,1,[1],[6408]
804,83,288,1186,0.0009103341330784362,3.1000000000152e-07,1,[1],[6194]
805,83,288,1186,0.0009106641330784379,3.3000000000161806e-07,1,[1],[6145]
806,83,288,1186,0.0009112041330784405,5.400000000026477e-07,1,[1],[6271]
807,83,288,1187,0.0009096319999818077,0.0009096319999818077,1,[1],[6332]
808,83,288,1187,0.0009100119999818096,3.800000000018632e-07,1,[1],[6183]
809,83,288,1187,0.0009103519999818112,3.400000000016671e-07,1,[1],[6421]
810,83,288,1187,0.0009107019999818129,3.500000000017161e-07,1,[1],[6165]
811,83,288,1187,0.000911321999981816,6.2000000000304e-07,1,[1],[6164]
812,83,288,1188,0.0009099748831945972,0.0009099748831945972,1,[1],[6268]
813,83,288,1188,0.0009106248831946004,6.500000000031871e-07,1,[1],[6273]
814,83,289,1143,0.0009652377082916121,0.0009652377082916121,4,"[2, 748, 749, 750]","[5577, 5, 94, 580]"
815,83,289,1144,0.0009590688916957091,0.0009590688916957091,3,"[2, 748, 749]","[4699, 846, 716]"
816,83,289,1145,0.0009556446545751974,0.0009556446545751974,2,"[2, 748]","[5436, 829]"
817,83,362,1142,0.0011943396584881676,0.0011943396584881676,3,"[308, 309, 702]","[2159, 2795, 1296]"
818,83,362,1142,0.0011968696584881526,2.529999999984975e-06,3,"[308, 309, 702]","[2159, 3576, 521]"
819,83,362,1143,0.0011930448122300847,0.0011930448122300847,3,"[308, 309, 702]","[2696, 2753, 828]"
820,83,362,1143,0.0011936248122300813,5.799999999965555e-07,3,"[308, 309, 702]","[2322, 2481, 1456]"
821,83,362,1143,0.0011941048122300784,4.799999999971494e-07,3,"[308, 309, 702]","[2365, 2358, 1506]"
822,83,362,1143,0.0011946048122300755,4.999999999970306e-07,3,"[308, 309, 702]","[2587, 2366, 1319]"
823,83,362,1143,0.0011952048122300719,5.999999999964367e-07,3,"[308, 309, 702]","[2852, 2510, 877]"
824,83,362,1143,0.0011960648122300668,8.599999999948926e-07,3,"[308, 309, 702]","[3310, 2646, 284]"
825,83,362,1143,0.0011983148122300534,2.2499999999866377e-06,3,"[308, 309, 702]","[3686, 2530, 20]"
826,83,363,1142,0.0011961107266189642,0.0011961107266189642,3,"[308, 309, 702]","[2060, 3503, 698]"
827,83,363,1142,0.0011977707266189544,1.6599999999901416e-06,3,"[308, 309, 702]","[1678, 4587, 1]"
828,83,363,1142,0.0011997407266189427,1.9699999999883006e-06,2,"[308, 309]","[1288, 4940]"
829,83,363,1143,0.0011943982149718703,0.0011943982149718703,3,"[308, 309, 702]","[2254, 2231, 1784]"
830,83,363,1143,0.0011953382149718647,9.399999999944175e-07,3,"[308, 309, 702]","[3138, 2601, 569]"
831,83,363,1143,0.0011960682149718604,7.299999999956647e-07,3,"[308, 309, 702]","[3406, 2780, 76]"
832,83,363,1143,0.0011967082149718566,6.399999999961992e-07,3,"[308, 309, 702]","[3646, 2571, 6]"
833,83,363,1143,0.001197308214971853,5.999999999964367e-07,2,"[308, 309]","[3718, 2530]"
834,83,363,1143,0.0011979282149718494,6.199999999963179e-07,2,"[308, 309]","[3767, 2481]"
835,83,363,1143,0.0011986182149718453,6.899999999959022e-07,2,"[308, 309]","[3784, 2457]"
836,83,363,1143,0.00119948821497184,8.699999999948332e-07,2,"[308, 309]","[3882, 2335]"
837,83,363,1143,0.0012012182149718298,1.7299999999897259e-06,2,"[308, 309]","[4008, 2231]"
838,83,363,1144,0.0011993960855386186,0.0011993960855386186,3,"[308, 309, 702]","[5095, 924, 235]"
839,83,364,1142,0.001199721388916872,0.001199721388916872,3,"[308, 309, 702]","[1125, 5138, 7]"
840,83,364,1142,0.0012012713889168628,1.5499999999907949e-06,2,"[308, 309]","[718, 5561]"
841,83,364,1142,0.0012028913889168531,1.6199999999903791e-06,2,"[308, 309]","[461, 5742]"
842,83,364,1143,0.0011984573443488025,0.0011984573443488025,3,"[308, 309, 702]","[3620, 2623, 13]"
843,83,364,1143,0.0011994673443487965,1.0099999999940018e-06,2,"[308, 309]","[3757, 2531]"
844,83,364,1143,0.0012002573443487918,7.899999999953083e-07,2,"[308, 309]","[3712, 2495]"
845,83,364,1143,0.0012009773443487875,7.199999999957241e-07,2,"[308, 309]","[3836, 2420]"
846,83,364,1143,0.0012017073443487832,7.299999999956647e-07,2,"[308, 309]","[3841, 2446]"
847,83,364,1143,0.0012025173443487784,8.099999999951896e-07,2,"[308, 309]","[3991, 2258]"
848,83,364,1143,0.0012035473443487723,1.029999999993883e-06,2,"[308, 309]","[4192, 2032]"
849,83,364,1143,0.0012058273443487587,2.2799999999864595e-06,3,"[308, 309, 670]","[4789, 1448, 1]"
850,83,364,1144,0.0012017407833995852,0.0012017407833995852,2,"[308, 309]","[5936, 326]"
851,83,364,1144,0.0012041107833995711,2.369999999985925e-06,2,"[308, 309]","[6161, 88]"
852,83,365,1078,0.0012588322787069582,0.0012588322787069582,4,"[760, 761, 764, 804]","[3106, 3143, 12, 3]"
853,83,365,1078,0.001261062278706945,2.2299999999867565e-06,6,"[760, 761, 764, 765, 804, 805]","[1966, 3382, 881, 2, 5, 1]"
854,83,365,1079,0.0012579970852546838,0.0012579970852546838,4,"[760, 761, 804, 805]","[3276, 3037, 3, 1]"
855,83,365,1079,0.001258797085254679,7.99999999995249e-07,3,"[760, 761, 804]","[3950, 2269, 7]"
856,83,365,1079,0.0012599070852546725,1.109999999993408e-06,5,"[760, 761, 764, 804, 805]","[4072, 2072, 74, 13, 3]"
857,83,365,1142,0.0012033592703581857,0.0012033592703581857,2,"[308, 309]","[237, 6047]"
858,83,365,1142,0.0012048692703581767,1.5099999999910324e-06,4,"[308, 309, 670, 671]","[115, 6123, 6, 2]"
859,83,365,1142,0.001206329270358168,1.4599999999913293e-06,4,"[308, 309, 670, 671]","[64, 6152, 19, 5]"
860,83,365,1142,0.0012097592703581477,3.42999999997963e-06,4,"[308, 309, 316, 670]","[25, 6192, 15, 3]"
861,83,365,1143,0.0012027553176349429,0.0012027553176349429,2,"[308, 309]","[3168, 3109]"
862,83,365,1143,0.001204075317634935,1.3199999999921608e-06,2,"[308, 309]","[3166, 3067]"
863,83,365,1143,0.001205255317634928,1.1799999999929922e-06,4,"[308, 309, 670, 671]","[3435, 2822, 8, 1]"
864,83,365,1143,0.0012066753176349196,1.419999999991567e-06,3,"[308, 309, 670]","[3828, 2398, 7]"
865,83,365,1144,0.0012047320770701645,0.0012047320770701645,2,"[308, 309]","[6150, 104]"
866,83,365,1144,0.0012060720770701566,1.339999999992042e-06,2,"[308, 309]","[6230, 26]"
867,83,365,1144,0.0012072820770701494,1.209999999992814e-06,2,"[308, 309]","[6243, 19]"
868,83,365,1144,0.0012101620770701323,2.8799999999828962e-06,2,"[308, 309]","[6230, 2]"
869,83,366,1078,0.0012591186662847776,0.0012591186662847776,5,"[760, 761, 764, 804, 805]","[2495, 3686, 122, 4, 1]"
870,83,366,1078,0.001260068666284772,9.499999999943581e-07,5,"[760, 761, 764, 765, 804]","[969, 4252, 995, 18, 3]"
871,83,366,1078,0.0012607586662847679,6.899999999959022e-07,5,"[760, 761, 764, 765, 799]","[179, 4161, 1826, 76, 1]"
872,83,366,1078,0.0012614686662847637,7.099999999957834e-07,5,"[760, 761, 764, 765, 799]","[33, 3939, 1994, 282, 2]"
873,83,366,1078,0.0012644686662847458,2.9999999999821836e-06,5,"[760, 761, 764, 765, 799]","[3, 4291, 1185, 594, 141]"
874,83,366,1079,0.0012584184123376981,0.0012584184123376981,4,"[760, 761, 764, 804]","[3555, 2751, 6, 1]"
875,83,366,1079,0.0012593284123376927,9.099999999945957e-07,5,"[760, 761, 764, 804, 805]","[3644, 2506, 71, 5, 1]"
876,83,366,1079,0.0012606084123376851,1.2799999999923983e-06,6,"[760, 761, 764, 765, 804, 805]","[2074, 3327, 806, 4, 4, 1]"
877,83,366,1141,0.001210973517221999,0.001210973517221999,2,"[309, 316]","[4953, 1310]"
878,83,366,1141,0.0012137635172219823,2.7899999999834307e-06,2,"[309, 316]","[4895, 1342]"
879,83,366,1142,0.001206876250743399,0.001206876250743399,4,"[308, 309, 670, 671]","[14, 6255, 9, 1]"
880,83,366,1142,0.0012082662507433908,1.389999999991745e-06,2,"[308, 309]","[5, 6229]"
881,83,366,1142,0.001209416250743384,1.1499999999931704e-06,2,"[309, 316]","[6110, 147]"
882,83,366,1142,0.0012104662507433778,1.0499999999937643e-06,3,"[308, 309, 316]","[1, 4886, 1352]"
883,83,366,1142,0.0012115662507433712,1.0999999999934673e-06,2,"[309, 316]","[3441, 2816]"
884,83,366,1143,0.0012080262238009516,0.0012080262238009516,4,"[308, 309, 670, 671]","[2407, 3859, 4, 2]"
885,83,366,1144,0.0012076344408297405,0.0012076344408297405,2,"[308, 309]","[6224, 30]"
886,83,366,1144,0.001208884440829733,1.2499999999925765e-06,2,"[308, 309]","[6266, 7]"
887,83,366,1144,0.0012103244408297245,1.4399999999914481e-06,2,"[308, 309]","[6230, 4]"
888,83,366,1144,0.0012163344408296888,6.009999999964308e-06,4,"[308, 705, 706, 707]","[6076, 1, 5, 160]"
889,83,366,1145,0.0012103200880534762,0.0012103200880534762,1,[308],[6250]
890,83,366,1145,0.0012119500880534665,1.6299999999903197e-06,2,"[308, 705]","[6255, 1]"
891,83,366,1145,0.0012134800880534574,1.5299999999909136e-06,3,"[308, 705, 706]","[6173, 61, 39]"
892,83,366,1145,0.0012145900880534508,1.109999999993408e-06,4,"[308, 705, 706, 707]","[5890, 136, 210, 3]"
893,83,366,1146,0.0012143835432445844,0.0012143835432445844,4,"[308, 705, 706, 707]","[5563, 263, 471, 1]"
894,83,366,1146,0.0012176935432445647,3.3099999999803426e-06,4,"[308, 705, 706, 707]","[5425, 155, 611, 11]"
895,83,367,1077,0.0012620571244561939,0.0012620571244561939,5,"[760, 761, 764, 765, 799]","[1, 4992, 70, 1236, 10]"
896,83,367,1077,0.0012629971244561883,9.399999999944175e-07,4,"[761, 764, 765, 799]","[5675, 4, 493, 52]"
897,83,367,1077,0.0012648571244561772,1.8599999999889538e-06,3,"[761, 765, 799]","[5930, 96, 194]"
898,83,367,1078,0.00126113156193046,0.00126113156193046,5,"[760, 761, 764, 765, 804]","[85, 4798, 552, 842, 1]"
899,83,367,1078,0.001261971561930455,8.399999999950114e-07,5,"[760, 761, 764, 765, 799]","[1, 4632, 244, 1375, 14]"
900,83,367,1078,0.0012629215619304494,9.499999999943581e-07,4,"[761, 764, 765, 799]","[4987, 58, 1085, 102]"
901,83,367,1138,0.0012259907040117056,0.0012259907040117056,5,"[309, 318, 319, 357, 361]","[5151, 881, 156, 1, 62]"
902,83,367,1139,0.0012203858161754508,0.0012203858161754508,2,"[309, 318]","[6231, 35]"
903,83,367,1139,0.0012221558161754403,1.7699999999894883e-06,2,"[309, 318]","[5051, 1198]"
904,83,367,1140,0.001216415675245985,0.001216415675245985,2,"[309, 316]","[6256, 25]"
905,83,367,1140,0.0012178156752459767,1.3999999999916857e-06,1,[309],[6219]
906,83,367,1140,0.0012193456752459676,1.5299999999909136e-06,1,[309],[6272]
907,83,367,1141,0.0012118913797941706,0.0012118913797941706,2,"[309, 316]","[4685, 1596]"
908,83,367,1141,0.0012134113797941616,1.519999999990973e-06,2,"[309, 316]","[6016, 221]"
909,83,367,1141,0.001214671379794154,1.259999999992517e-06,2,"[309, 316]","[6259, 2]"
910,83,367,1141,0.001216041379794146,1.3699999999918638e-06,1,[309],[6226]
911,83,367,1142,0.0012105093384603904,0.0012105093384603904,2,"[309, 316]","[5164, 1097]"
912,83,367,1142,0.0012118893384603822,1.3799999999918044e-06,2,"[309, 316]","[3954, 2291]"
913,83,367,1145,0.0012126408908055431,0.0012126408908055431,3,"[308, 705, 706]","[6167, 98, 13]"
914,83,367,1145,0.001213510890805538,8.699999999948332e-07,3,"[308, 705, 706]","[5569, 579, 117]"
915,83,367,1145,0.0012140708908055346,5.599999999966743e-07,3,"[308, 705, 706]","[5237, 770, 251]"
916,83,367,1145,0.0012146608908055311,5.899999999964961e-07,4,"[308, 705, 706, 707]","[5106, 731, 399, 1]"
917,83,367,1145,0.0012159808908055233,1.3199999999921608e-06,4,"[308, 705, 706, 707]","[5078, 578, 545, 14]"
918,83,367,1146,0.0012136549329439222,0.0012136549329439222,3,"[308, 705, 706]","[4579, 1248, 443]"
919,83,367,1146,0.0012142649329439186,6.099999999963773e-07,3,"[308, 705, 706]","[4382, 1197, 754]"
920,83,367,1146,0.0012148349329439152,5.699999999966149e-07,3,"[308, 705, 706]","[4207, 976, 983]"
921,83,368,1076,0.0012615772687165328,0.0012615772687165328,2,"[761, 765]","[6266, 2]"
922,83,368,1076,0.0012624272687165278,8.49999999994952e-07,2,"[761, 765]","[6282, 1]"
923,83,368,1077,0.0012618723022417824,0.0012618723022417824,2,"[761, 765]","[6184, 120]"
924,83,368,1077,0.0012625623022417783,6.899999999959022e-07,3,"[761, 765, 799]","[6153, 58, 3]"
925,83,368,1077,0.001263272302241774,7.099999999957834e-07,3,"[761, 765, 799]","[6211, 30, 5]"
926,83,368,1137,0.0012278690613638083,0.0012278690613638083,6,"[309, 318, 319, 357, 358, 361]","[2234, 14, 754, 1, 2, 3253]"
927,83,368,1138,0.0012232971418715151,0.0012232971418715151,3,"[309, 318, 319]","[4618, 1637, 1]"
928,83,368,1138,0.0012246171418715073,1.3199999999921608e-06,5,"[309, 318, 319, 357, 361]","[5821, 100, 239, 1, 106]"
929,83,368,1138,0.0012254571418715023,8.399999999950114e-07,6,"[309, 318, 319, 357, 358, 361]","[4693, 1, 976, 5, 4, 552]"
930,83,368,1138,0.0012261471418714982,6.899999999959022e-07,4,"[309, 319, 357, 361]","[3759, 1512, 7, 988]"
931,83,368,1138,0.0012269171418714936,7.699999999954271e-07,4,"[309, 319, 357, 361]","[3955, 1319, 6, 989]"
932,83,368,1138,0.0012281371418714864,1.2199999999927547e-06,4,"[309, 319, 358, 361]","[5309, 491, 1, 448]"
933,83,368,1138,0.0012297771418714766,1.6399999999902604e-06,3,"[309, 319, 361]","[6190, 13, 9]"
934,83,368,1139,0.0012203486575647464,0.0012203486575647464,2,"[309, 318]","[6194, 63]"
935,83,368,1139,0.0012216486575647386,1.2999999999922796e-06,2,"[309, 318]","[5124, 1134]"
936,83,368,1139,0.0012227286575647322,1.079999999993586e-06,2,"[309, 318]","[4276, 1979]"
937,83,368,1139,0.0012244186575647222,1.6899999999899634e-06,4,"[309, 318, 319, 361]","[5428, 793, 27, 1]"
938,83,368,1139,0.0012271886575647057,2.7699999999835495e-06,6,"[309, 318, 319, 357, 358, 361]","[5240, 6, 916, 3, 1, 70]"
939,83,368,1140,0.0012183277630695905,0.0012183277630695905,1,[309],[6277]
940,83,368,1140,0.001220777763069576,2.44999999998545e-06,2,"[309, 318]","[6221, 13]"
941,83,369,1138,0.0012260185372125697,0.0012260185372125697,5,"[309, 318, 319, 357, 361]","[3937, 114, 1190, 4, 1013]"
942,83,369,1138,0.0012274685372125611,1.4499999999913887e-06,4,"[309, 319, 357, 361]","[4231, 1027, 3, 1002]"
943,83,369,1138,0.0012295885372125485,2.1199999999874097e-06,3,"[309, 319, 361]","[6104, 53, 73]"
944,83,383,1127,0.0011858513938349084,0.0011858513938349084,1,[323],[6267]
945,83,383,1127,0.0011879913938348957,2.139999999987291e-06,1,[323],[6234]
946,83,384,1127,0.0011853914427810914,0.0011853914427810914,1,[323],[6281]
947,83,384,1127,0.0011865914427810842,1.1999999999928734e-06,1,[323],[6227]
948,83,395,1127,0.0013358838087006478,0.0013358838087006478,2,"[324, 373]","[29, 6236]"
949,83,396,1126,0.0013385236305338097,0.0013385236305338097,2,"[324, 373]","[27, 6238]"
950,83,396,1126,0.0013414536305337923,2.9299999999825993e-06,1,[373],[6256]
951,83,396,1127,0.0013357981172271926,0.0013357981172271926,2,"[324, 373]","[1, 6289]"
952,83,396,1127,0.0013371781172271844,1.3799999999918044e-06,1,[373],[6227]
953,83,396,1127,0.0013386481172271757,1.46999999999127e-06,1,[373],[6262]
954,83,396,1127,0.0013414781172271589,2.829999999983193e-06,1,[373],[6229]
955,83,397,1126,0.0013406115662125163,0.0013406115662125163,1,[373],[6263]
956,83,397,1126,0.0013421315662125073,1.519999999990973e-06,1,[373],[6271]
957,83,397,1126,0.0013434815662124993,1.3499999999919826e-06,1,[373],[6242]
958,83,397,1126,0.0013452415662124888,1.7599999999895477e-06,1,[373],[6233]
959,83,397,1127,0.0013401209838676336,0.0013401209838676336,1,[373],[6254]
960,83,397,1127,0.001343070983867616,2.9499999999824805e-06,1,[373],[6254]
961,83,398,1125,0.0013491198100848232,0.0013491198100848232,1,[373],[6250]
962,83,398,1126,0.001344375604811118,0.001344375604811118,1,[373],[6270]
963,83,398,1126,0.0013456156048111106,1.2399999999926359e-06,1,[373],[6232]
964,83,398,1126,0.001346715604811104,1.0999999999934673e-06,1,[373],[6265]
965,83,398,1140,0.0013364837012527365,0.0013364837012527365,1,[682],[6277]
966,83,399,1125,0.0013489390506992817,0.0013489390506992817,1,[373],[6258]
967,83,399,1126,0.001346741179398944,0.001346741179398944,2,"[369, 373]","[2, 6304]"
968,83,399,1126,0.0013477311793989382,9.899999999941206e-07,1,[373],[6224]
969,83,399,1129,0.0013487259314078253,0.0013487259314078253,4,"[369, 375, 377, 379]","[2, 5942, 307, 11]"
970,83,400,1125,0.0013493676791603547,0.0013493676791603547,1,[373],[6256]
971,83,400,1126,0.0013480232248547312,0.0013480232248547312,3,"[369, 370, 373]","[66, 1, 6192]"
972,83,400,1126,0.0013490432248547252,1.0199999999939424e-06,1,[373],[6289]
973,83,400,1128,0.001348503436146612,0.001348503436146612,5,"[369, 370, 373, 375, 377]","[449, 2, 2, 5803, 7]"
974,83,400,1129,0.0013475780297591707,0.0013475780297591707,3,"[369, 375, 377]","[6, 6247, 11]"
975,83,400,1129,0.0013486680297591642,1.0899999999935267e-06,1,[375],[6273]
976,83,400,1129,0.0013494680297591595,7.99999999995249e-07,1,[375],[6228]
977,83,400,1129,0.0013503680297591541,8.999999999946551e-07,1,[375],[6240]
978,83,400,1130,0.001349865780687008,0.001349865780687008,2,"[375, 379]","[6307, 3]"
979,83,400,1130,0.001350895780687002,1.029999999993883e-06,1,[375],[6225]
980,83,401,1125,0.0013496425007895187,0.0013496425007895187,1,[373],[6260]
981,83,401,1125,0.0013511525007895097,1.5099999999910324e-06,1,[373],[6253]
982,83,401,1125,0.0013574725007894721,6.319999999962467e-06,1,[373],[6240]
983,83,401,1126,0.0013491392815609545,0.0013491392815609545,2,"[369, 373]","[20, 6289]"
984,83,401,1126,0.001350419281560947,1.2799999999923983e-06,1,[373],[6205]
985,83,401,1129,0.0013511670697561604,0.0013511670697561604,2,"[369, 375]","[3, 6260]"
986,83,401,1130,0.0013509791302575157,0.0013509791302575157,1,[375],[6274]
987,83,402,1124,0.001355182428323654,0.001355182428323654,1,[373],[6278]
988,83,402,1124,0.0013561024283236486,9.199999999945363e-07,1,[373],[6298]
989,83,402,1124,0.0013569124283236437,8.099999999951896e-07,1,[373],[6178]
990,83,402,1125,0.0013507844615176538,0.0013507844615176538,1,[373],[6281]
991,83,402,1125,0.001351744461517648,9.599999999942987e-07,1,[373],[6280]
992,83,402,1125,0.0013527444615176422,9.999999999940612e-07,1,[373],[6230]
993,83,402,1125,0.001354634461517631,1.8899999999887757e-06,1,[373],[6218]
994,83,402,1125,0.0013556644615176248,1.029999999993883e-06,1,[373],[6306]
995,83,402,1125,0.0013563844615176205,7.199999999957241e-07,1,[373],[6253]
996,83,402,1126,0.001351577982672749,0.001351577982672749,1,[373],[6272]
997,83,403,1123,0.0013568721692427232,0.0013568721692427232,1,[373],[6290]
998,83,403,1124,0.0013546198213309722,0.0013546198213309722,1,[373],[6262]
999,83,403,1124,0.001355669821330966,1.0499999999937643e-06,1,[373],[6248]
1000,83,403,1124,0.001356329821330962,6.599999999960804e-07,1,[373],[6241]
1001,83,403,1124,0.0013569698213309583,6.399999999961992e-07,1,[373],[6266]
1002,83,403,1125,0.001352841070135924,0.001352841070135924,1,[373],[6272]
1003,83,403,1125,0.001354011070135917,1.1699999999930516e-06,1,[373],[6242]
1004,83,403,1125,0.001355381070135909,1.3699999999918638e-06,1,[373],[6267]
1005,83,403,1125,0.0013578610701358942,2.4799999999852718e-06,1,[373],[6225]
1006,83,404,1124,0.0013560418337126162,0.0013560418337126162,2,"[373, 396]","[6271, 3]"
