,event,pixel_x,pixel_y,reset_time,TSLR,nMCParticles,MC_TrackIDs,MC_Weights
0,28,215,1408,0.0007266111404591009,0.0007266111404591009,1,[682],[6319]
1,28,215,1408,0.0007271411404591035,5.300000000025987e-07,2,"[682, 683]","[6237, 2]"
2,28,215,1408,0.0007278811404591071,7.400000000036284e-07,2,"[682, 683]","[6232, 3]"
3,28,220,1143,0.0010257162857992422,0.0010257162857992422,1,[137],[6260]
4,28,222,1355,0.0008936092528303105,0.0008936092528303105,1,[636],[6250]
5,28,222,1356,0.0008875991318715955,0.0008875991318715955,1,[636],[6293]
6,28,222,1356,0.0008889491318716022,1.3500000000066193e-06,1,[636],[6235]
7,28,222,1357,0.0008838413632854879,0.0008838413632854879,1,[636],[6317]
8,28,222,1357,0.0008845613632854914,7.200000000035303e-07,1,[636],[6189]
9,28,222,1357,0.0008851313632854942,5.700000000027948e-07,1,[636],[6325]
10,28,222,1357,0.0008856713632854968,5.400000000026477e-07,1,[636],[6275]
11,28,222,1357,0.0008862513632854997,5.800000000028439e-07,1,[636],[6159]
12,28,222,1357,0.0008870113632855034,7.600000000037264e-07,1,[636],[6260]
13,28,222,1358,0.000880809562910216,0.000880809562910216,1,[636],[6351]
14,28,222,1358,0.0008812795629102183,4.700000000023045e-07,1,[636],[6175]
15,28,222,1358,0.0008816395629102201,3.6000000000176516e-07,1,[636],[6283]
16,28,222,1358,0.0008819495629102216,3.1000000000152e-07,1,[636],[6239]
17,28,222,1358,0.000882239562910223,2.9000000000142193e-07,1,[636],[6326]
18,28,222,1358,0.0008825195629102244,2.800000000013729e-07,1,[636],[6137]
19,28,222,1358,0.0008827995629102258,2.800000000013729e-07,1,[636],[6290]
20,28,222,1358,0.0008830795629102272,2.800000000013729e-07,1,[636],[6257]
21,28,222,1358,0.0008833795629102286,3.0000000000147097e-07,1,[636],[6308]
22,28,222,1358,0.0008837095629102302,3.3000000000161806e-07,1,[636],[6228]
23,28,222,1358,0.0008840995629102322,3.9000000000191225e-07,1,[636],[6189]
24,28,222,1358,0.0008845995629102346,5.000000000024516e-07,1,[636],[6301]
25,28,222,1358,0.000885499562910239,9.000000000044129e-07,1,[636],[6168]
26,28,222,1359,0.0008801607903563927,0.0008801607903563927,1,[636],[6267]
27,28,222,1359,0.0008805407903563946,3.800000000018632e-07,1,[636],[6347]
28,28,222,1359,0.000880830790356396,2.9000000000142193e-07,1,[636],[6287]
29,28,222,1359,0.0008810907903563973,2.6000000000127484e-07,1,[636],[6266]
30,28,222,1359,0.0008813507903563985,2.6000000000127484e-07,1,[636],[6248]
31,28,222,1359,0.0008816407903564,2.9000000000142193e-07,1,[636],[6243]
32,28,222,1359,0.0008819907903564017,3.500000000017161e-07,1,[636],[6165]
33,28,222,1359,0.0008825307903564043,5.400000000026477e-07,1,[636],[6248]
34,28,223,1353,0.0008934864113961378,0.0008934864113961378,2,"[636, 639]","[6273, 6]"
35,28,223,1353,0.0008939864113961403,5.000000000024516e-07,2,"[636, 639]","[6241, 7]"
36,28,223,1353,0.0008944264113961424,4.400000000021574e-07,2,"[636, 639]","[6347, 19]"
37,28,223,1353,0.0008950164113961453,5.900000000028929e-07,2,"[636, 639]","[6086, 22]"
38,28,223,1354,0.0008918813885328671,0.0008918813885328671,2,"[636, 843]","[6259, 2]"
39,28,223,1354,0.0008923613885328694,4.800000000023535e-07,2,"[636, 843]","[6282, 4]"
40,28,223,1354,0.0008927013885328711,3.400000000016671e-07,2,"[636, 843]","[6278, 3]"
41,28,223,1354,0.0008929813885328725,2.800000000013729e-07,2,"[636, 843]","[6241, 1]"
42,28,223,1354,0.0008932413885328738,2.6000000000127484e-07,2,"[636, 843]","[6317, 2]"
43,28,223,1354,0.0008935113885328751,2.7000000000132387e-07,3,"[636, 639, 843]","[6275, 2, 2]"
44,28,223,1354,0.0008938013885328765,2.9000000000142193e-07,2,"[636, 843]","[6143, 1]"
45,28,223,1354,0.0008941713885328783,3.700000000018142e-07,2,"[636, 639]","[6281, 3]"
46,28,223,1354,0.0008948713885328817,7.000000000034323e-07,2,"[636, 639]","[6189, 3]"
47,28,223,1355,0.000889287918072791,0.000889287918072791,1,[636],[6293]
48,28,223,1355,0.0008898679180727938,5.800000000028439e-07,1,[636],[6332]
49,28,223,1355,0.0008902679180727958,4.000000000019613e-07,1,[636],[6139]
50,28,223,1355,0.0008906079180727974,3.400000000016671e-07,1,[636],[6398]
51,28,223,1355,0.0008909079180727989,3.0000000000147097e-07,2,"[636, 843]","[6184, 1]"
52,28,223,1355,0.0008911879180728003,2.800000000013729e-07,2,"[636, 843]","[6235, 1]"
53,28,223,1355,0.0008914679180728017,2.800000000013729e-07,2,"[636, 843]","[6231, 1]"
54,28,223,1355,0.000891747918072803,2.800000000013729e-07,2,"[636, 843]","[6378, 1]"
55,28,223,1355,0.0008920279180728044,2.800000000013729e-07,2,"[636, 843]","[6086, 1]"
56,28,223,1355,0.000892347918072806,3.2000000000156903e-07,2,"[636, 843]","[6307, 6]"
57,28,223,1355,0.0008927279180728078,3.800000000018632e-07,2,"[636, 843]","[6163, 6]"
58,28,223,1355,0.0008932979180728106,5.700000000027948e-07,2,"[636, 843]","[6249, 5]"
59,28,223,1356,0.0008865924520138767,0.0008865924520138767,1,[636],[6327]
60,28,223,1356,0.0008871824520138796,5.900000000028929e-07,1,[636],[6307]
61,28,223,1356,0.0008875824520138816,4.000000000019613e-07,1,[636],[6260]
62,28,223,1356,0.0008879024520138831,3.2000000000156903e-07,1,[636],[6144]
63,28,223,1356,0.0008881924520138845,2.9000000000142193e-07,1,[636],[6232]
64,28,223,1356,0.0008884624520138859,2.7000000000132387e-07,1,[636],[6322]
65,28,223,1356,0.0008887224520138871,2.6000000000127484e-07,1,[636],[6272]
66,28,223,1356,0.0008889824520138884,2.6000000000127484e-07,1,[636],[6204]
67,28,223,1356,0.0008892624520138898,2.800000000013729e-07,1,[636],[6387]
68,28,223,1356,0.0008895524520138912,2.9000000000142193e-07,1,[636],[6205]
69,28,223,1356,0.0008898824520138928,3.3000000000161806e-07,1,[636],[6269]
70,28,223,1356,0.0008902724520138947,3.9000000000191225e-07,1,[636],[6196]
71,28,223,1356,0.0008908224520138974,5.500000000026968e-07,1,[636],[6204]
72,28,223,1356,0.0008927524520139069,1.930000000009463e-06,1,[636],[6178]
73,28,223,1357,0.0008839081406768189,0.0008839081406768189,1,[636],[6315]
74,28,223,1357,0.0008844981406768218,5.900000000028929e-07,1,[636],[6243]
75,28,223,1357,0.0008849081406768238,4.100000000020103e-07,1,[636],[6348]
76,28,223,1357,0.0008852581406768255,3.500000000017161e-07,1,[636],[6212]
77,28,223,1357,0.0008855781406768271,3.2000000000156903e-07,1,[636],[6320]
78,28,223,1357,0.0008858681406768285,2.9000000000142193e-07,1,[636],[6100]
79,28,223,1357,0.00088616814067683,3.0000000000147097e-07,1,[636],[6312]
80,28,223,1357,0.0008864581406768314,2.9000000000142193e-07,1,[636],[6161]
81,28,223,1357,0.000886778140676833,3.2000000000156903e-07,1,[636],[6442]
82,28,223,1357,0.0008871181406768347,3.400000000016671e-07,1,[636],[6144]
83,28,223,1357,0.0008875181406768366,4.000000000019613e-07,1,[636],[6154]
84,28,223,1357,0.0008880781406768394,5.600000000027458e-07,1,[636],[6308]
85,28,223,1357,0.0008894781406768462,1.4000000000068645e-06,1,[636],[6213]
86,28,223,1358,0.0008814984131119206,0.0008814984131119206,1,[636],[6257]
87,28,223,1358,0.0008821584131119239,6.600000000032361e-07,1,[636],[6287]
88,28,223,1358,0.0008826384131119262,4.800000000023535e-07,1,[636],[6286]
89,28,223,1358,0.0008830584131119283,4.2000000000205935e-07,1,[636],[6223]
90,28,223,1358,0.0008834584131119302,4.000000000019613e-07,1,[636],[6325]
91,28,223,1358,0.0008838584131119322,4.000000000019613e-07,1,[636],[6170]
92,28,223,1358,0.0008842984131119344,4.400000000021574e-07,1,[636],[6212]
93,28,223,1358,0.000884838413111937,5.400000000026477e-07,1,[636],[6332]
94,28,223,1358,0.0008856884131119412,8.500000000041677e-07,1,[636],[6205]
95,28,223,1359,0.0008808884523967448,0.0008808884523967448,1,[636],[6264]
96,28,223,1359,0.0008816684523967486,7.800000000038245e-07,1,[636],[6305]
97,28,223,1359,0.0008828684523967545,1.2000000000058839e-06,1,[636],[6194]
98,28,223,1362,0.000896508330236578,0.000896508330236578,2,"[659, 674]","[4579, 1737]"
99,28,223,1362,0.0008971983302365813,6.900000000033832e-07,2,"[659, 674]","[4766, 1471]"
100,28,223,1363,0.0008969469982294952,0.0008969469982294952,2,"[659, 674]","[4415, 1840]"
101,28,224,1353,0.0008941841667158303,0.0008941841667158303,2,"[636, 639]","[6256, 13]"
102,28,224,1354,0.0008927388579487125,0.0008927388579487125,2,"[636, 843]","[6248, 4]"
103,28,224,1354,0.0008934788579487162,7.400000000036284e-07,1,[636],[6297]
104,28,224,1354,0.0008944188579487208,9.40000000004609e-07,2,"[636, 843]","[6238, 2]"
105,28,224,1355,0.0008913047218992257,0.0008913047218992257,3,"[636, 675, 843]","[6254, 7, 1]"
106,28,224,1355,0.0008925147218992316,1.2100000000059329e-06,2,"[636, 843]","[6268, 4]"
107,28,224,1356,0.0008907373365702845,0.0008907373365702845,2,"[636, 675]","[6251, 2]"
108,28,224,1362,0.0008972281510037729,0.0008972281510037729,2,"[659, 674]","[4808, 1464]"
109,28,241,1214,0.0011120911056692732,0.0011120911056692732,5,"[937, 949, 951, 952, 954]","[4764, 1395, 102, 2, 7]"
110,28,242,1214,0.0011105955756902316,0.0011105955756902316,4,"[937, 949, 951, 952]","[5546, 654, 101, 3]"
111,28,242,1214,0.0011110955756902287,4.999999999970306e-07,4,"[937, 949, 951, 952]","[5130, 1127, 44, 1]"
112,28,242,1214,0.001111535575690226,4.399999999973869e-07,3,"[937, 949, 951]","[4694, 1518, 28]"
113,28,242,1214,0.0011121055756902227,5.699999999966149e-07,3,"[937, 949, 951]","[4094, 2067, 15]"
114,28,242,1215,0.0011125506290012366,0.0011125506290012366,4,"[937, 949, 951, 952]","[4824, 1418, 14, 1]"
115,28,243,1214,0.0011107256188303046,0.0011107256188303046,4,"[937, 949, 951, 957]","[6185, 82, 2, 5]"
116,28,243,1214,0.001111685618830299,9.599999999942987e-07,3,"[937, 949, 957]","[5987, 267, 3]"
117,28,243,1215,0.0011109754848520963,0.0011109754848520963,4,"[937, 949, 951, 957]","[6256, 33, 1, 6]"
118,28,244,1214,0.0011103531980583862,0.0011103531980583862,5,"[937, 949, 957, 958, 961]","[6286, 1, 10, 4, 3]"
119,28,244,1214,0.0011115131980583793,1.159999999993111e-06,4,"[937, 949, 957, 958]","[6180, 1, 17, 2]"
120,28,244,1215,0.0011107658871000825,0.0011107658871000825,3,"[937, 957, 958]","[6292, 6, 1]"
121,28,245,1214,0.0011095384168051138,0.0011095384168051138,3,"[937, 961, 962]","[6282, 24, 2]"
122,28,245,1214,0.0011102984168051093,7.599999999954865e-07,4,"[937, 957, 961, 962]","[6229, 1, 16, 1]"
123,28,246,1213,0.0011093820166843396,0.0011093820166843396,3,"[937, 961, 962]","[6252, 1, 1]"
124,28,246,1214,0.0011093055173738318,0.0011093055173738318,3,"[937, 961, 962]","[6288, 10, 1]"
125,28,246,1214,0.0011103955173738253,1.0899999999935267e-06,2,"[937, 961]","[6190, 18]"
126,28,247,1213,0.001108013129967754,0.001108013129967754,2,"[607, 937]","[6, 6280]"
127,28,247,1213,0.001108843129967749,8.299999999950708e-07,1,[937],[6280]
128,28,247,1213,0.0011099531299677424,1.109999999993408e-06,1,[937],[6199]
129,28,247,1214,0.0011099715181254574,0.0011099715181254574,1,[937],[6263]
130,28,248,1212,0.001105196894923255,0.001105196894923255,5,"[607, 608, 937, 965, 966]","[774, 1, 5508, 2, 2]"
131,28,248,1212,0.0011070768949232438,1.879999999988835e-06,1,[937],[6216]
132,28,248,1213,0.0011063688487304127,0.0011063688487304127,2,"[607, 937]","[20, 6267]"
133,28,248,1213,0.0011072988487304072,9.299999999944769e-07,1,[937],[6251]
134,28,248,1213,0.0011083988487304007,1.0999999999934673e-06,1,[937],[6216]
135,28,249,1211,0.0011040633066742322,0.0011040633066742322,5,"[607, 608, 937, 965, 966]","[15, 5, 6231, 22, 3]"
136,28,249,1212,0.0011043153975079168,0.0011043153975079168,5,"[607, 608, 937, 965, 966]","[25, 94, 6161, 7, 2]"
137,28,249,1212,0.0011055853975079093,1.2699999999924577e-06,1,[937],[6236]
138,28,255,1163,0.0009592588801399817,0.0009592588801399817,4,"[135, 148, 149, 161]","[6206, 15, 1, 55]"
139,28,255,1163,0.0009599988801399853,7.400000000036284e-07,4,"[135, 148, 149, 161]","[6199, 31, 2, 14]"
140,28,272,1158,0.0009687326442252087,0.0009687326442252087,1,[936],[6339]
141,28,272,1158,0.0009692326442252111,5.000000000024516e-07,1,[936],[6166]
142,28,272,1158,0.0009697526442252137,5.200000000025497e-07,1,[936],[6292]
143,28,272,1159,0.000969941218168802,0.000969941218168802,1,[936],[6250]
144,28,273,1158,0.0009691116955074301,0.0009691116955074301,1,[936],[6313]
145,28,273,1158,0.0009700916955074349,9.800000000048052e-07,1,[936],[6218]
146,28,273,1159,0.0009692816404178246,0.0009692816404178246,1,[936],[6312]
147,28,273,1159,0.0009701216404178287,8.400000000041187e-07,1,[936],[6251]
148,28,273,1159,0.0009709716404178329,8.500000000041677e-07,1,[936],[6228]
149,28,273,1159,0.0009719816404178378,1.0100000000049522e-06,1,[936],[6244]
150,28,273,1159,0.0009731516404178435,1.1700000000057368e-06,1,[936],[6235]
151,28,274,1159,0.0009725770539493824,0.0009725770539493824,2,"[134, 936]","[2, 6285]"
152,28,274,1159,0.0009733670539493862,7.900000000038735e-07,1,[936],[6304]
153,28,274,1159,0.0009739470539493891,5.800000000028439e-07,1,[936],[6205]
154,28,274,1159,0.0009749170539493938,9.700000000047561e-07,1,[936],[6218]
155,28,275,1159,0.0009729783333367049,0.0009729783333367049,1,[936],[6253]
156,28,275,1159,0.0009737483333367087,7.700000000037755e-07,1,[936],[6250]
157,28,280,1131,0.000897330300891765,0.000897330300891765,3,"[12, 23, 50]","[4942, 1245, 100]"
158,28,280,1132,0.0008964963043167919,0.0008964963043167919,4,"[12, 22, 23, 50]","[5881, 118, 256, 61]"
159,28,280,1132,0.0008969863043167943,4.900000000024026e-07,3,"[12, 22, 23]","[5891, 37, 343]"
160,28,280,1132,0.0008974863043167968,5.000000000024516e-07,3,"[12, 22, 23]","[5817, 18, 411]"
161,28,280,1133,0.0008959255021945477,0.0008959255021945477,2,"[12, 22]","[3738, 2535]"
162,28,280,1133,0.0008963855021945499,4.600000000022555e-07,2,"[12, 22]","[4376, 1917]"
163,28,280,1133,0.0008968255021945521,4.400000000021574e-07,3,"[12, 22, 23]","[4641, 1595, 1]"
164,28,280,1133,0.0008975355021945556,7.100000000034813e-07,3,"[12, 22, 23]","[4960, 1259, 3]"
165,28,280,1134,0.0008960006704439263,0.0008960006704439263,2,"[12, 22]","[4892, 1418]"
166,28,280,1134,0.0008966306704439294,6.30000000003089e-07,2,"[12, 22]","[4891, 1328]"
167,28,281,1131,0.0008978933808459426,0.0008978933808459426,3,"[12, 23, 50]","[4112, 2021, 137]"
168,28,281,1132,0.0008974185140195125,0.0008974185140195125,4,"[12, 22, 23, 50]","[4999, 46, 1145, 78]"
169,28,281,1134,0.0008961886140719588,0.0008961886140719588,2,"[12, 22]","[5727, 557]"
170,28,281,1135,0.0008949395301338504,0.0008949395301338504,2,"[12, 20]","[6255, 8]"
171,28,281,1135,0.000895669530133854,7.300000000035793e-07,2,"[12, 20]","[6277, 4]"
172,28,281,1136,0.0008947811720462038,0.0008947811720462038,2,"[12, 20]","[5895, 418]"
173,28,281,1136,0.0008954811720462072,7.000000000034323e-07,2,"[12, 20]","[5616, 632]"
174,28,281,1137,0.0008963294291855654,0.0008963294291855654,2,"[12, 20]","[4676, 1588]"
175,28,282,1136,0.0008953429137148269,0.0008953429137148269,2,"[12, 20]","[5251, 1059]"
176,28,282,1137,0.0008955926497132626,0.0008955926497132626,3,"[12, 19, 20]","[4899, 2, 1357]"
177,28,282,1137,0.0008963826497132665,7.900000000038735e-07,3,"[12, 19, 20]","[5816, 42, 453]"
178,28,282,1137,0.0008973226497132711,9.40000000004609e-07,4,"[12, 18, 19, 20]","[5868, 5, 260, 65]"
179,28,282,1138,0.0008971248840330579,0.0008971248840330579,4,"[12, 18, 19, 20]","[5099, 76, 1126, 14]"
180,28,282,1138,0.0008978148840330613,6.900000000033832e-07,3,"[12, 18, 19]","[4420, 398, 1398]"
181,28,282,1138,0.0008986148840330652,8.000000000039226e-07,3,"[12, 18, 19]","[4448, 905, 918]"
182,28,283,1138,0.000897728833796092,0.000897728833796092,3,"[12, 18, 19]","[4409, 588, 1281]"
183,28,283,1138,0.0008984388337960955,7.100000000034813e-07,3,"[12, 18, 19]","[4493, 1199, 542]"
184,28,283,1138,0.0008993988337961002,9.60000000004707e-07,3,"[12, 18, 19]","[4837, 1288, 138]"
185,28,283,1139,0.0008987239751408222,0.0008987239751408222,3,"[12, 18, 19]","[5456, 689, 129]"
186,28,283,1139,0.0008993939751408255,6.700000000032852e-07,3,"[12, 18, 19]","[6096, 211, 5]"
187,28,283,1139,0.0009004439751408306,1.0500000000051484e-06,2,"[12, 18]","[6141, 44]"
188,28,283,1140,0.0008995679974871283,0.0008995679974871283,1,[12],[6291]
189,28,283,1165,0.0009215202319386433,0.0009215202319386433,2,"[109, 110]","[6224, 36]"
190,28,284,1140,0.0008990785191794271,0.0008990785191794271,1,[12],[6337]
191,28,284,1140,0.0008999285191794313,8.500000000041677e-07,1,[12],[6180]
192,28,284,1141,0.0008982603714215124,0.0008982603714215124,2,"[12, 66]","[6274, 1]"
193,28,284,1141,0.0008988603714215153,6.000000000029419e-07,2,"[12, 66]","[6288, 1]"
194,28,284,1141,0.0008997203714215195,8.600000000042168e-07,1,[12],[6208]
195,28,284,1142,0.0008978631088393285,0.0008978631088393285,2,"[12, 66]","[6229, 76]"
196,28,284,1142,0.0008987031088393327,8.400000000041187e-07,2,"[12, 66]","[6173, 50]"
197,28,284,1143,0.0008982090057420347,0.0008982090057420347,3,"[12, 66, 69]","[6206, 42, 33]"
198,28,284,1144,0.0008956754106105617,0.0008956754106105617,3,"[12, 69, 70]","[2, 6250, 1]"
199,28,284,1145,0.00089475249469433,0.00089475249469433,2,"[69, 70]","[6303, 1]"
200,28,284,1145,0.0008987324946943495,3.980000000019515e-06,3,"[12, 69, 70]","[1742, 4454, 6]"
201,28,284,1165,0.0009205501167023946,0.0009205501167023946,2,"[109, 110]","[6227, 26]"
202,28,284,1165,0.0009215101167023993,9.60000000004707e-07,1,[109],[6261]
203,28,285,1142,0.000898050522796668,0.000898050522796668,2,"[12, 66]","[6185, 75]"
204,28,285,1143,0.0008975609208653736,0.0008975609208653736,3,"[12, 66, 69]","[6243, 22, 13]"
205,28,285,1143,0.0008983509208653775,7.900000000038735e-07,2,"[12, 66]","[6235, 20]"
206,28,285,1144,0.0008975030899406956,0.0008975030899406956,2,"[12, 69]","[4782, 1531]"
207,28,285,1144,0.0008982130899406991,7.100000000034813e-07,1,[12],[6211]
208,28,285,1145,0.0008981029058558928,0.0008981029058558928,2,"[12, 69]","[3755, 2531]"
209,28,285,1145,0.0008988829058558966,7.800000000038245e-07,1,[12],[6242]
210,28,285,1145,0.0008997429058559008,8.600000000042168e-07,1,[12],[6261]
211,28,285,1146,0.0008994487994517905,0.0008994487994517905,2,"[12, 69]","[6291, 47]"
212,28,285,1146,0.000900158799451794,7.100000000034813e-07,1,[12],[6167]
213,28,285,1146,0.000939518799451987,3.936000000019299e-05,3,"[12, 898, 899]","[6243, 1, 1]"
214,28,285,1146,0.0009434487994520063,3.93000000001927e-06,3,"[898, 899, 903]","[24, 6124, 127]"
215,28,285,1147,0.0009005125875658347,0.0009005125875658347,1,[12],[6322]
216,28,285,1147,0.0009012625875658383,7.500000000036774e-07,1,[12],[6200]
217,28,285,1147,0.0009428425875660422,4.1580000000203876e-05,3,"[12, 899, 903]","[5183, 1064, 2]"
218,28,285,1147,0.00094442258756605,1.580000000007747e-06,1,[899],[6241]
219,28,285,1148,0.0009016897694153986,0.0009016897694153986,1,[12],[6310]
220,28,285,1148,0.000902799769415404,1.1100000000054426e-06,1,[12],[6218]
221,28,285,1149,0.0009041910114517503,0.0009041910114517503,1,[12],[6251]
222,28,286,1145,0.000940006909317659,0.000940006909317659,7,"[12, 69, 898, 899, 903, 990, 991]","[1664, 2, 3055, 1528, 10, 7, 1]"
223,28,286,1145,0.0009407469093176626,7.400000000036284e-07,5,"[898, 899, 903, 990, 991]","[3493, 2687, 138, 1, 2]"
224,28,286,1145,0.0009415369093176665,7.900000000038735e-07,4,"[898, 899, 903, 991]","[2263, 3367, 564, 1]"
225,28,286,1145,0.0009441669093176794,2.6300000000128955e-06,3,"[898, 899, 903]","[548, 4343, 1327]"
226,28,286,1146,0.0009404499855403446,0.0009404499855403446,5,"[12, 898, 899, 903, 990]","[3059, 2064, 1058, 82, 1]"
227,28,286,1146,0.0009414099855403493,9.60000000004707e-07,3,"[898, 899, 903]","[1943, 3462, 833]"
228,28,286,1146,0.0009421099855403528,7.000000000034323e-07,3,"[898, 899, 903]","[508, 4509, 1269]"
229,28,286,1146,0.0009427999855403562,6.900000000033832e-07,3,"[898, 899, 903]","[75, 5328, 889]"
230,28,286,1146,0.0009437599855403609,9.60000000004707e-07,3,"[898, 899, 903]","[9, 5933, 258]"
231,28,286,1147,0.0009421183491688021,0.0009421183491688021,4,"[12, 898, 899, 903]","[4858, 29, 1345, 37]"
232,28,286,1147,0.0009431683491688072,1.0500000000051484e-06,3,"[898, 899, 903]","[1, 6215, 26]"
233,28,286,1147,0.0009437783491688102,6.10000000002991e-07,2,"[899, 903]","[6327, 1]"
234,28,286,1147,0.000944558349168814,7.800000000038245e-07,1,[899],[6217]
235,28,286,1148,0.0009026621587031785,0.0009026621587031785,1,[12],[6256]
236,28,286,1148,0.0009428521587033755,4.019000000019706e-05,2,"[12, 899]","[3339, 2943]"
237,28,286,1148,0.0009828621587035034,4.001000000012787e-05,2,"[47, 899]","[442, 5774]"
238,28,286,1149,0.0009032428829041265,0.0009032428829041265,1,[12],[6284]
239,28,286,1149,0.0009040928829041307,8.500000000041677e-07,1,[12],[6254]
240,28,286,1149,0.0009055328829041377,1.4400000000070606e-06,1,[12],[6218]
241,28,286,1150,0.0009047177740245245,0.0009047177740245245,1,[12],[6300]
242,28,286,1150,0.0009055977740245288,8.800000000043148e-07,1,[12],[6255]
243,28,286,1150,0.000907687774024539,2.0900000000102477e-06,1,[12],[6197]
244,28,286,1151,0.0009071754627248869,0.0009071754627248869,1,[12],[6272]
245,28,287,1145,0.0009398424102259764,0.0009398424102259764,5,"[887, 898, 899, 990, 991]","[79, 4007, 2196, 12, 3]"
246,28,287,1145,0.0009403324102259788,4.900000000024026e-07,5,"[898, 899, 903, 990, 991]","[3961, 2330, 10, 10, 2]"
247,28,287,1145,0.000940772410225981,4.400000000021574e-07,5,"[898, 899, 903, 990, 991]","[3892, 2276, 40, 5, 1]"
248,28,287,1145,0.0009414024102259841,6.30000000003089e-07,4,"[898, 899, 903, 990]","[3571, 2471, 150, 2]"
249,28,287,1146,0.0009406369189273665,0.0009406369189273665,5,"[12, 887, 898, 899, 903]","[3, 3, 4695, 1537, 52]"
250,28,287,1146,0.0009417969189273722,1.1600000000056877e-06,3,"[898, 899, 903]","[3467, 2223, 540]"
251,28,287,1147,0.0009427622707195914,0.0009427622707195914,4,"[12, 898, 899, 903]","[10, 65, 6170, 23]"
252,28,287,1148,0.0009425142262533115,0.0009425142262533115,2,"[12, 899]","[122, 6154]"
253,28,287,1150,0.0009065008752919593,0.0009065008752919593,1,[12],[6264]
254,28,287,1151,0.0009068022297870075,0.0009068022297870075,1,[12],[6271]
255,28,287,1151,0.0009077022297870119,9.000000000044129e-07,3,"[12, 15, 16]","[6260, 5, 4]"
256,28,287,1151,0.0009097922297870222,2.0900000000102477e-06,3,"[12, 15, 16]","[5826, 218, 168]"
257,28,287,1152,0.0009080449162104593,0.0009080449162104593,3,"[12, 15, 16]","[5394, 698, 208]"
258,28,287,1152,0.0009086149162104621,5.700000000027948e-07,3,"[12, 15, 16]","[4110, 1627, 592]"
259,28,287,1152,0.0009090549162104642,4.400000000021574e-07,3,"[12, 15, 16]","[3242, 2129, 827]"
260,28,287,1152,0.0009095549162104667,5.000000000024516e-07,3,"[12, 15, 16]","[3088, 2239, 887]"
261,28,287,1153,0.0009094665788169442,0.0009094665788169442,3,"[12, 15, 16]","[3419, 2349, 523]"
262,28,287,1153,0.0009106765788169501,1.2100000000059329e-06,3,"[12, 15, 16]","[5213, 789, 235]"
263,28,288,1152,0.0009094361899897436,0.0009094361899897436,3,"[12, 15, 16]","[3893, 1325, 1053]"
264,28,288,1153,0.0009098957994007606,0.0009098957994007606,6,"[1, 5, 9, 12, 15, 16]","[1, 8, 1, 5431, 550, 284]"
265,28,288,1153,0.0009107157994007646,8.200000000040206e-07,9,"[1, 5, 7, 9, 12, 13, 15, 16, 844]","[1, 25, 5, 1, 6148, 4, 62, 40, 5]"
266,28,288,1154,0.0009104440114430059,0.0009104440114430059,10,"[1, 5, 6, 7, 9, 12, 13, 15, 16, 844]","[366, 240, 243, 856, 317, 4187, 103, 1, 1, 56]"
267,28,288,1154,0.0009108340114430078,3.9000000000191225e-07,8,"[1, 5, 6, 7, 9, 12, 13, 844]","[526, 358, 295, 1207, 394, 3176, 212, 84]"
268,28,288,1154,0.0009111240114430092,2.9000000000142193e-07,8,"[1, 5, 6, 7, 9, 12, 13, 844]","[640, 390, 331, 1316, 394, 2849, 298, 88]"
269,28,288,1154,0.0009113840114430105,2.6000000000127484e-07,8,"[1, 5, 6, 7, 9, 12, 13, 844]","[630, 421, 266, 1351, 443, 2518, 354, 94]"
270,28,288,1154,0.000911684011443012,3.0000000000147097e-07,8,"[1, 5, 6, 7, 9, 12, 13, 844]","[684, 448, 287, 1474, 462, 2488, 474, 113]"
271,28,288,1154,0.0009120540114430138,3.700000000018142e-07,8,"[1, 5, 6, 7, 9, 12, 13, 844]","[637, 435, 243, 1402, 412, 2386, 556, 88]"
272,28,288,1155,0.0009102692356847517,0.0009102692356847517,10,"[1, 5, 6, 7, 9, 12, 13, 89, 93, 844]","[1184, 76, 1999, 1521, 1259, 217, 50, 91, 2, 6]"
273,28,288,1155,0.000910539235684753,2.7000000000132387e-07,9,"[1, 5, 6, 7, 9, 12, 13, 89, 844]","[1451, 75, 1580, 1628, 1231, 249, 46, 57, 3]"
274,28,288,1155,0.0009107192356847539,1.8000000000088258e-07,9,"[1, 5, 6, 7, 9, 12, 13, 89, 844]","[1395, 88, 1399, 1604, 1178, 275, 59, 29, 7]"
275,28,288,1155,0.0009108792356847547,1.6000000000078451e-07,10,"[1, 5, 6, 7, 9, 12, 13, 89, 93, 844]","[1637, 78, 1312, 1811, 1289, 341, 77, 27, 1, 2]"
276,28,288,1155,0.0009110092356847553,1.3000000000063742e-07,10,"[1, 5, 6, 7, 9, 12, 13, 89, 93, 844]","[1482, 91, 1145, 1755, 1216, 322, 91, 29, 2, 3]"
277,28,288,1155,0.0009111292356847559,1.2000000000058839e-07,10,"[1, 5, 6, 7, 9, 12, 13, 89, 93, 844]","[1651, 81, 1091, 1726, 1232, 329, 90, 21, 1, 6]"
278,28,288,1155,0.0009112492356847565,1.2000000000058839e-07,10,"[1, 5, 6, 7, 9, 12, 13, 89, 93, 844]","[1758, 72, 1059, 1783, 1283, 380, 113, 25, 2, 6]"
279,28,288,1155,0.000911359235684757,1.1000000000053935e-07,9,"[1, 5, 6, 7, 9, 12, 13, 89, 844]","[1728, 85, 943, 1691, 1138, 407, 95, 27, 3]"
280,28,288,1155,0.0009114792356847576,1.2000000000058839e-07,9,"[1, 5, 6, 7, 9, 12, 13, 89, 844]","[1831, 88, 916, 1772, 1273, 483, 111, 16, 4]"
281,28,288,1155,0.0009115892356847581,1.1000000000053935e-07,10,"[1, 5, 6, 7, 9, 12, 13, 89, 93, 844]","[1650, 77, 793, 1653, 1058, 443, 125, 9, 1, 1]"
282,28,288,1155,0.0009117192356847588,1.3000000000063742e-07,9,"[1, 5, 6, 7, 9, 12, 13, 89, 844]","[1958, 74, 821, 1821, 1132, 559, 138, 13, 7]"
283,28,288,1155,0.0009118592356847595,1.4000000000068645e-07,9,"[1, 5, 6, 7, 9, 12, 13, 89, 844]","[1841, 85, 737, 1742, 1118, 577, 156, 10, 3]"
284,28,288,1155,0.0009120192356847603,1.6000000000078451e-07,9,"[1, 5, 6, 7, 9, 12, 13, 89, 844]","[1818, 96, 637, 1656, 1084, 675, 181, 9, 8]"
285,28,288,1155,0.0009122192356847612,2.0000000000098064e-07,8,"[1, 5, 6, 7, 9, 12, 13, 89]","[1850, 89, 538, 1647, 982, 753, 178, 2]"
286,28,288,1155,0.0009125592356847629,3.400000000016671e-07,9,"[1, 5, 6, 7, 9, 12, 13, 89, 844]","[1901, 84, 488, 1597, 993, 968, 216, 5, 6]"
287,28,288,1156,0.0009102333507373881,0.0009102333507373881,7,"[1, 5, 6, 7, 9, 89, 93]","[1301, 1, 3108, 71, 107, 1694, 43]"
288,28,288,1156,0.0009105633507373897,3.3000000000161806e-07,8,"[1, 5, 6, 7, 9, 12, 89, 93]","[2064, 3, 2538, 93, 134, 4, 1314, 27]"
289,28,288,1156,0.0009108033507373909,2.4000000000117677e-07,8,"[1, 5, 6, 7, 9, 12, 89, 93]","[2657, 2, 2314, 104, 152, 6, 1081, 25]"
290,28,288,1156,0.0009110133507373919,2.1000000000102968e-07,7,"[1, 6, 7, 9, 12, 89, 93]","[3051, 2020, 144, 205, 9, 938, 15]"
291,28,288,1156,0.0009112033507373929,1.900000000009316e-07,8,"[1, 6, 7, 9, 12, 13, 89, 93]","[3299, 1790, 136, 191, 13, 1, 739, 24]"
292,28,288,1156,0.0009113933507373938,1.900000000009316e-07,7,"[1, 6, 7, 9, 12, 89, 93]","[3723, 1488, 149, 191, 24, 638, 11]"
293,28,288,1156,0.0009116033507373948,2.1000000000102968e-07,9,"[1, 5, 6, 7, 9, 12, 13, 89, 93]","[4059, 3, 1285, 151, 196, 16, 1, 529, 10]"
294,28,288,1156,0.000911843350737396,2.4000000000117677e-07,8,"[1, 6, 7, 9, 12, 13, 89, 93]","[4294, 1066, 144, 196, 42, 2, 396, 7]"
295,28,288,1156,0.0009121833507373977,3.400000000016671e-07,9,"[1, 5, 6, 7, 9, 12, 13, 89, 93]","[4768, 1, 785, 152, 164, 40, 3, 292, 6]"
296,28,288,1157,0.0009106981053510818,0.0009106981053510818,5,"[1, 6, 9, 89, 93]","[4574, 660, 1, 1079, 30]"
297,28,288,1157,0.0009110881053510838,3.9000000000191225e-07,4,"[1, 6, 89, 93]","[5427, 299, 545, 10]"
298,28,288,1157,0.0009113981053510853,3.1000000000152e-07,4,"[1, 6, 89, 93]","[5833, 200, 299, 5]"
299,28,288,1157,0.0009116881053510867,2.9000000000142193e-07,4,"[1, 6, 89, 93]","[5748, 151, 188, 3]"
300,28,288,1157,0.0009120481053510885,3.6000000000176516e-07,4,"[1, 6, 89, 93]","[6000, 75, 133, 8]"
301,28,288,1157,0.0009130081053510932,9.60000000004707e-07,4,"[1, 6, 89, 93]","[6126, 44, 69, 2]"
302,28,288,1158,0.0009108872983381583,0.0009108872983381583,3,"[1, 6, 89]","[6293, 3, 1]"
303,28,288,1158,0.0009112672983381602,3.800000000018632e-07,2,"[1, 89]","[6330, 2]"
304,28,288,1158,0.0009115772983381617,3.1000000000152e-07,1,[1],[6242]
305,28,288,1158,0.0009119072983381633,3.3000000000161806e-07,1,[1],[6206]
306,28,288,1158,0.0009123772983381656,4.700000000023045e-07,1,[1],[6212]
307,28,288,1159,0.0009109685446165154,0.0009109685446165154,1,[1],[6322]
308,28,288,1159,0.0009113585446165173,3.9000000000191225e-07,1,[1],[6306]
309,28,288,1159,0.0009116785446165188,3.2000000000156903e-07,1,[1],[6315]
310,28,288,1159,0.0009120285446165206,3.500000000017161e-07,1,[1],[6159]
311,28,288,1159,0.0009126185446165235,5.900000000028929e-07,1,[1],[6164]
312,28,288,1160,0.0009110412360900952,0.0009110412360900952,1,[1],[6356]
313,28,288,1160,0.0009114512360900972,4.100000000020103e-07,1,[1],[6278]
314,28,288,1160,0.000911811236090099,3.6000000000176516e-07,1,[1],[6207]
315,28,288,1160,0.0009122412360901011,4.300000000021084e-07,1,[1],[6189]
316,28,288,1161,0.0009111382828973539,0.0009111382828973539,1,[1],[6302]
317,28,288,1161,0.000911558282897356,4.2000000000205935e-07,1,[1],[6254]
318,28,288,1161,0.0009119482828973579,3.9000000000191225e-07,1,[1],[6256]
319,28,288,1161,0.0009125182828973607,5.700000000027948e-07,1,[1],[6244]
320,28,288,1162,0.0009112350823540489,0.0009112350823540489,1,[1],[6261]
321,28,288,1162,0.000911675082354051,4.400000000021574e-07,1,[1],[6324]
322,28,288,1162,0.0009120950823540531,4.2000000000205935e-07,1,[1],[6191]
323,28,288,1162,0.0009128450823540568,7.500000000036774e-07,1,[1],[6238]
324,28,288,1163,0.0009112952698261211,0.0009112952698261211,1,[1],[6314]
325,28,288,1163,0.0009117452698261233,4.5000000000220645e-07,1,[1],[6302]
326,28,288,1163,0.0009121652698261254,4.2000000000205935e-07,1,[1],[6152]
327,28,288,1163,0.0009129452698261292,7.800000000038245e-07,1,[1],[6239]
328,28,288,1164,0.0009112845645519215,0.0009112845645519215,1,[1],[6336]
329,28,288,1164,0.0009117545645519238,4.700000000023045e-07,1,[1],[6281]
330,28,288,1164,0.0009122445645519262,4.900000000024026e-07,1,[1],[6224]
331,28,288,1165,0.0009110676076512779,0.0009110676076512779,1,[1],[6340]
332,28,288,1165,0.0009115276076512802,4.600000000022555e-07,1,[1],[6223]
333,28,288,1165,0.0009119876076512824,4.600000000022555e-07,1,[1],[6201]
334,28,288,1165,0.0009136776076512907,1.6900000000082864e-06,1,[1],[6236]
335,28,288,1166,0.00091085613429871,0.00091085613429871,1,[1],[6369]
336,28,288,1166,0.0009112861342987121,4.300000000021084e-07,1,[1],[6156]
337,28,288,1166,0.0009117061342987142,4.2000000000205935e-07,1,[1],[6258]
338,28,288,1166,0.0009124561342987178,7.500000000036774e-07,1,[1],[6251]
339,28,288,1167,0.0009106663511096623,0.0009106663511096623,1,[1],[6347]
340,28,288,1167,0.0009111063511096644,4.400000000021574e-07,1,[1],[6287]
341,28,288,1167,0.0009115263511096665,4.2000000000205935e-07,1,[1],[6224]
342,28,288,1167,0.00091223635110967,7.100000000034813e-07,1,[1],[6169]
343,28,288,1168,0.0009104428713249267,0.0009104428713249267,1,[1],[6306]
344,28,288,1168,0.0009108828713249289,4.400000000021574e-07,1,[1],[6263]
345,28,288,1168,0.0009112828713249308,4.000000000019613e-07,1,[1],[6193]
346,28,288,1168,0.0009118528713249336,5.700000000027948e-07,1,[1],[6270]
347,28,288,1169,0.0009102087232358056,0.0009102087232358056,1,[1],[6277]
348,28,288,1169,0.0009106387232358077,4.300000000021084e-07,1,[1],[6396]
349,28,288,1169,0.0009109987232358095,3.6000000000176516e-07,1,[1],[6118]
350,28,288,1169,0.0009114587232358117,4.600000000022555e-07,1,[1],[6236]
351,28,288,1170,0.0009099993516968742,0.0009099993516968742,1,[1],[6288]
352,28,288,1170,0.0009103893516968761,3.9000000000191225e-07,1,[1],[6233]
353,28,288,1170,0.0009107293516968778,3.400000000016671e-07,1,[1],[6388]
354,28,288,1170,0.0009110993516968796,3.700000000018142e-07,1,[1],[6142]
355,28,288,1170,0.0009118793516968834,7.800000000038245e-07,1,[1],[6222]
356,28,288,1171,0.0009097942880701183,0.0009097942880701183,1,[1],[6259]
357,28,288,1171,0.0009101842880701202,3.9000000000191225e-07,1,[1],[6319]
358,28,288,1171,0.0009105042880701218,3.2000000000156903e-07,1,[1],[6355]
359,28,288,1171,0.0009108342880701234,3.3000000000161806e-07,1,[1],[6169]
360,28,288,1171,0.0009113442880701259,5.100000000025006e-07,1,[1],[6213]
361,28,288,1172,0.000909646749571663,0.000909646749571663,2,"[1, 4]","[6263, 8]"
362,28,288,1172,0.0009100267495716649,3.800000000018632e-07,2,"[1, 4]","[6273, 5]"
363,28,288,1172,0.0009103367495716664,3.1000000000152e-07,2,"[1, 4]","[6380, 5]"
364,28,288,1172,0.000910646749571668,3.1000000000152e-07,2,"[1, 4]","[6075, 4]"
365,28,288,1172,0.0009111167495716703,4.700000000023045e-07,2,"[1, 4]","[6342, 2]"
366,28,288,1173,0.0009094847220708394,0.0009094847220708394,2,"[1, 4]","[5914, 405]"
367,28,288,1173,0.0009098447220708412,3.6000000000176516e-07,2,"[1, 4]","[5858, 402]"
368,28,288,1173,0.0009101347220708426,2.9000000000142193e-07,2,"[1, 4]","[5987, 366]"
369,28,288,1173,0.000910414722070844,2.800000000013729e-07,2,"[1, 4]","[5827, 369]"
370,28,288,1173,0.0009107547220708457,3.400000000016671e-07,2,"[1, 4]","[5856, 348]"
371,28,288,1173,0.0009114947220708493,7.400000000036284e-07,2,"[1, 4]","[5893, 286]"
372,28,288,1174,0.0009093852763980995,0.0009093852763980995,2,"[1, 4]","[6065, 318]"
373,28,288,1174,0.0009097452763981012,3.6000000000176516e-07,2,"[1, 4]","[5852, 371]"
374,28,288,1174,0.0009100352763981027,2.9000000000142193e-07,2,"[1, 4]","[5947, 375]"
375,28,288,1174,0.000910315276398104,2.800000000013729e-07,2,"[1, 4]","[5720, 374]"
376,28,288,1174,0.0009106552763981057,3.400000000016671e-07,2,"[1, 4]","[5878, 371]"
377,28,288,1174,0.0009114152763981094,7.600000000037264e-07,2,"[1, 4]","[5846, 410]"
378,28,288,1175,0.0009093082688404212,0.0009093082688404212,3,"[1, 3, 4]","[6233, 44, 5]"
379,28,288,1175,0.0009096882688404231,3.800000000018632e-07,2,"[1, 3]","[6221, 58]"
380,28,288,1175,0.0009099982688404246,3.1000000000152e-07,3,"[1, 3, 4]","[6328, 49, 3]"
381,28,288,1175,0.0009103082688404261,3.1000000000152e-07,3,"[1, 3, 4]","[6060, 36, 1]"
382,28,288,1175,0.0009107382688404282,4.300000000021084e-07,3,"[1, 3, 4]","[6191, 47, 7]"
383,28,288,1176,0.0009091618831227267,0.0009091618831227267,2,"[1, 3]","[5803, 479]"
384,28,288,1176,0.0009095318831227285,3.700000000018142e-07,2,"[1, 3]","[5832, 571]"
385,28,288,1176,0.0009098018831227298,2.7000000000132387e-07,2,"[1, 3]","[5582, 555]"
386,28,288,1176,0.0009100718831227311,2.7000000000132387e-07,2,"[1, 3]","[5762, 620]"
387,28,288,1176,0.0009103718831227326,3.0000000000147097e-07,2,"[1, 3]","[5488, 620]"
388,28,288,1176,0.000910871883122735,5.000000000024516e-07,2,"[1, 3]","[5591, 645]"
389,28,288,1177,0.0009091226837305293,0.0009091226837305293,2,"[1, 3]","[6200, 103]"
390,28,288,1177,0.000909472683730531,3.500000000017161e-07,2,"[1, 3]","[6153, 100]"
391,28,288,1177,0.0009097526837305324,2.800000000013729e-07,2,"[1, 3]","[6129, 133]"
392,28,288,1177,0.0009100126837305336,2.6000000000127484e-07,2,"[1, 3]","[6077, 121]"
393,28,288,1177,0.0009103426837305353,3.3000000000161806e-07,2,"[1, 3]","[6205, 166]"
394,28,288,1177,0.0009109126837305381,5.700000000027948e-07,2,"[1, 3]","[5983, 155]"
395,28,288,1178,0.00090911933519985,0.00090911933519985,1,[1],[6290]
396,28,288,1178,0.0009094893351998518,3.700000000018142e-07,1,[1],[6374]
397,28,288,1178,0.0009097793351998532,2.9000000000142193e-07,1,[1],[6176]
398,28,288,1178,0.0009100693351998546,2.9000000000142193e-07,1,[1],[6265]
399,28,288,1178,0.0009104493351998565,3.800000000018632e-07,1,[1],[6263]
400,28,288,1179,0.0009091436237244221,0.0009091436237244221,1,[1],[6392]
401,28,288,1179,0.0009095036237244239,3.6000000000176516e-07,1,[1],[6130]
402,28,288,1179,0.0009098036237244253,3.0000000000147097e-07,1,[1],[6415]
403,28,288,1179,0.0009101136237244269,3.1000000000152e-07,1,[1],[6225]
404,28,288,1179,0.0009105236237244289,4.100000000020103e-07,1,[1],[6210]
405,28,288,1180,0.0009091501710532318,0.0009091501710532318,1,[1],[6280]
406,28,288,1180,0.0009095201710532336,3.700000000018142e-07,1,[1],[6223]
407,28,288,1180,0.0009098301710532351,3.1000000000152e-07,1,[1],[6446]
408,28,288,1180,0.0009101401710532366,3.1000000000152e-07,1,[1],[6214]
409,28,288,1180,0.0009105501710532386,4.100000000020103e-07,1,[1],[6183]
410,28,288,1181,0.0009092059520523497,0.0009092059520523497,1,[1],[6310]
411,28,288,1181,0.0009095859520523515,3.800000000018632e-07,1,[1],[6196]
412,28,288,1181,0.0009099159520523532,3.3000000000161806e-07,1,[1],[6292]
413,28,288,1181,0.0009102659520523549,3.500000000017161e-07,1,[1],[6300]
414,28,288,1181,0.0009108359520523577,5.700000000027948e-07,1,[1],[6173]
415,28,288,1182,0.000909267751516909,0.000909267751516909,1,[1],[6370]
416,28,288,1182,0.0009096477515169108,3.800000000018632e-07,1,[1],[6146]
417,28,288,1182,0.0009099877515169125,3.400000000016671e-07,1,[1],[6362]
418,28,288,1182,0.0009103577515169143,3.700000000018142e-07,1,[1],[6262]
419,28,288,1182,0.0009110377515169177,6.800000000033342e-07,1,[1],[6120]
420,28,288,1183,0.0009093266474178832,0.0009093266474178832,1,[1],[6329]
421,28,288,1183,0.0009097266474178852,4.000000000019613e-07,1,[1],[6325]
422,28,288,1183,0.0009100466474178867,3.2000000000156903e-07,1,[1],[6129]
423,28,288,1183,0.0009104266474178886,3.800000000018632e-07,1,[1],[6315]
424,28,288,1183,0.0009111466474178921,7.200000000035303e-07,1,[1],[6177]
425,28,288,1184,0.0009093861711162303,0.0009093861711162303,1,[1],[6319]
426,28,288,1184,0.0009097761711162322,3.9000000000191225e-07,1,[1],[6307]
427,28,288,1184,0.0009101061711162339,3.3000000000161806e-07,1,[1],[6159]
428,28,288,1184,0.0009104861711162357,3.800000000018632e-07,1,[1],[6248]
429,28,288,1184,0.0009112161711162393,7.300000000035793e-07,1,[1],[6248]
430,28,288,1185,0.0009094270821689476,0.0009094270821689476,1,[1],[6318]
431,28,288,1185,0.0009098170821689495,3.9000000000191225e-07,1,[1],[6349]
432,28,288,1185,0.0009101370821689511,3.2000000000156903e-07,1,[1],[6250]
433,28,288,1185,0.0009104870821689528,3.500000000017161e-07,1,[1],[6180]
434,28,288,1185,0.0009110270821689555,5.400000000026477e-07,1,[1],[6173]
435,28,288,1186,0.0009094967085162644,0.0009094967085162644,2,"[1, 2]","[6246, 78]"
436,28,288,1186,0.0009098767085162663,3.800000000018632e-07,2,"[1, 2]","[6154, 88]"
437,28,288,1186,0.0009101967085162678,3.2000000000156903e-07,2,"[1, 2]","[6170, 101]"
438,28,288,1186,0.0009105367085162695,3.400000000016671e-07,2,"[1, 2]","[6169, 93]"
439,28,288,1186,0.000911046708516272,5.100000000025006e-07,2,"[1, 2]","[6057, 95]"
440,28,288,1187,0.0009094889587074366,0.0009094889587074366,2,"[1, 2]","[5252, 1083]"
441,28,288,1187,0.0009098389587074384,3.500000000017161e-07,2,"[1, 2]","[5025, 1167]"
442,28,288,1187,0.0009101289587074398,2.9000000000142193e-07,2,"[1, 2]","[5337, 1113]"
443,28,288,1187,0.0009103989587074411,2.7000000000132387e-07,2,"[1, 2]","[5111, 1066]"
444,28,288,1187,0.0009107089587074426,3.1000000000152e-07,2,"[1, 2]","[5109, 1013]"
445,28,288,1187,0.0009112789587074454,5.700000000027948e-07,2,"[1, 2]","[5270, 1014]"
446,28,288,1188,0.0009099352540809808,0.0009099352540809808,2,"[1, 2]","[5761, 543]"
447,28,288,1188,0.0009105652540809839,6.30000000003089e-07,2,"[1, 2]","[5761, 515]"
448,28,289,1153,0.0009113675682532102,0.0009113675682532102,8,"[1, 5, 6, 7, 12, 13, 16, 844]","[11, 5308, 3, 31, 523, 4, 3, 414]"
449,28,289,1153,0.0009120575682532136,6.900000000033832e-07,7,"[1, 5, 6, 7, 12, 13, 844]","[8, 5805, 11, 14, 118, 3, 259]"
450,28,289,1154,0.0009105226104663273,0.0009105226104663273,8,"[1, 5, 6, 7, 9, 12, 13, 844]","[1100, 2311, 635, 887, 207, 490, 73, 673]"
451,28,289,1154,0.0009108226104663288,3.0000000000147097e-07,8,"[1, 5, 6, 7, 9, 12, 13, 844]","[1100, 2419, 549, 851, 178, 387, 80, 677]"
452,28,289,1154,0.0009110526104663299,2.3000000000112774e-07,8,"[1, 5, 6, 7, 9, 12, 13, 844]","[1039, 2619, 542, 880, 166, 417, 111, 622]"
453,28,289,1154,0.0009112426104663308,1.900000000009316e-07,8,"[1, 5, 6, 7, 9, 12, 13, 844]","[1059, 2597, 467, 887, 144, 391, 93, 639]"
454,28,289,1154,0.0009114126104663317,1.7000000000083355e-07,8,"[1, 5, 6, 7, 9, 12, 13, 844]","[1066, 2551, 418, 825, 146, 348, 123, 589]"
455,28,289,1154,0.0009116026104663326,1.900000000009316e-07,8,"[1, 5, 6, 7, 9, 12, 13, 844]","[1129, 2761, 422, 827, 143, 441, 143, 610]"
456,28,289,1154,0.0009117926104663335,1.900000000009316e-07,8,"[1, 5, 6, 7, 9, 12, 13, 844]","[1078, 2623, 373, 791, 117, 394, 137, 534]"
457,28,289,1154,0.0009120326104663347,2.4000000000117677e-07,8,"[1, 5, 6, 7, 9, 12, 13, 844]","[1021, 2742, 349, 800, 94, 417, 155, 575]"
458,28,289,1154,0.0009124126104663366,3.800000000018632e-07,8,"[1, 5, 6, 7, 9, 12, 13, 844]","[971, 2849, 337, 703, 131, 509, 193, 556]"
459,28,289,1155,0.0009102223937411219,0.0009102223937411219,10,"[1, 5, 6, 7, 9, 12, 13, 89, 93, 844]","[2122, 284, 2350, 900, 552, 46, 17, 26, 2, 34]"
460,28,289,1155,0.0009104823937411231,2.6000000000127484e-07,10,"[1, 5, 6, 7, 9, 12, 13, 89, 93, 844]","[2430, 301, 1983, 958, 556, 78, 20, 21, 3, 36]"
461,28,289,1155,0.000910652393741124,1.7000000000083355e-07,9,"[1, 5, 6, 7, 9, 12, 13, 89, 844]","[2436, 321, 1761, 913, 519, 82, 21, 11, 38]"
462,28,289,1155,0.0009107923937411247,1.4000000000068645e-07,9,"[1, 5, 6, 7, 9, 12, 13, 89, 844]","[2678, 305, 1649, 978, 519, 88, 24, 12, 36]"
463,28,289,1155,0.0009109123937411253,1.2000000000058839e-07,9,"[1, 5, 6, 7, 9, 12, 13, 89, 844]","[2778, 310, 1591, 999, 529, 94, 31, 10, 34]"
464,28,289,1155,0.0009110223937411258,1.1000000000053935e-07,10,"[1, 5, 6, 7, 9, 12, 13, 89, 93, 844]","[2918, 342, 1547, 1023, 562, 113, 45, 11, 1, 30]"
465,28,289,1155,0.0009111223937411263,1.0000000000049032e-07,9,"[1, 5, 6, 7, 9, 12, 13, 89, 844]","[2867, 338, 1337, 962, 542, 128, 33, 10, 30]"
466,28,289,1155,0.0009112123937411267,9.000000000044129e-08,9,"[1, 5, 6, 7, 9, 12, 13, 89, 844]","[2684, 309, 1267, 872, 483, 141, 46, 9, 47]"
467,28,289,1155,0.0009113123937411272,1.0000000000049032e-07,9,"[1, 5, 6, 7, 9, 12, 13, 89, 844]","[3192, 364, 1367, 1026, 542, 175, 45, 5, 48]"
468,28,289,1155,0.0009114023937411277,9.000000000044129e-08,9,"[1, 5, 6, 7, 9, 12, 13, 89, 844]","[2975, 292, 1104, 968, 467, 174, 50, 3, 33]"
469,28,289,1155,0.0009114923937411281,9.000000000044129e-08,9,"[1, 5, 6, 7, 9, 12, 13, 89, 844]","[2857, 321, 1043, 928, 481, 167, 45, 4, 35]"
470,28,289,1155,0.0009115923937411286,1.0000000000049032e-07,9,"[1, 5, 6, 7, 9, 12, 13, 89, 844]","[3153, 331, 1068, 1015, 503, 239, 64, 2, 41]"
471,28,289,1155,0.0009116923937411291,1.0000000000049032e-07,9,"[1, 5, 6, 7, 9, 12, 13, 89, 844]","[3017, 326, 996, 931, 461, 229, 64, 4, 37]"
472,28,289,1155,0.0009118023937411296,1.1000000000053935e-07,10,"[1, 5, 6, 7, 9, 12, 13, 89, 93, 844]","[3198, 360, 984, 1002, 465, 265, 64, 6, 1, 33]"
473,28,289,1155,0.0009119323937411303,1.3000000000063742e-07,9,"[1, 5, 6, 7, 9, 12, 13, 89, 844]","[3404, 340, 901, 966, 494, 259, 61, 3, 43]"
474,28,289,1155,0.0009120723937411309,1.4000000000068645e-07,9,"[1, 5, 6, 7, 9, 12, 13, 89, 844]","[3182, 300, 801, 950, 413, 343, 59, 1, 36]"
475,28,289,1155,0.0009122523937411318,1.8000000000088258e-07,9,"[1, 5, 6, 7, 9, 12, 13, 89, 844]","[3145, 292, 713, 863, 434, 416, 78, 5, 46]"
476,28,289,1155,0.0009125423937411332,2.9000000000142193e-07,8,"[1, 5, 6, 7, 9, 12, 13, 844]","[3312, 304, 676, 933, 403, 522, 89, 31]"
477,28,289,1156,0.0009103253062553866,0.0009103253062553866,8,"[1, 5, 6, 7, 9, 12, 89, 93]","[2547, 1, 2778, 42, 64, 1, 801, 27]"
478,28,289,1156,0.0009106453062553882,3.2000000000156903e-07,7,"[1, 6, 7, 9, 12, 89, 93]","[3506, 2207, 46, 89, 2, 524, 9]"
479,28,289,1156,0.0009108653062553893,2.200000000010787e-07,10,"[1, 5, 6, 7, 9, 12, 13, 89, 93, 844]","[3838, 5, 1733, 67, 77, 4, 2, 405, 11, 1]"
480,28,289,1156,0.0009110553062553902,1.900000000009316e-07,9,"[1, 5, 6, 7, 9, 12, 13, 89, 93]","[4377, 2, 1434, 70, 94, 8, 1, 357, 3]"
481,28,289,1156,0.000911225306255391,1.7000000000083355e-07,8,"[1, 5, 6, 7, 9, 12, 89, 93]","[4548, 7, 1232, 61, 90, 5, 268, 7]"
482,28,289,1156,0.0009113953062553919,1.7000000000083355e-07,8,"[1, 5, 6, 7, 9, 12, 89, 93]","[4807, 4, 1112, 69, 90, 9, 220, 4]"
483,28,289,1156,0.0009115653062553927,1.7000000000083355e-07,9,"[1, 5, 6, 7, 9, 12, 13, 89, 93]","[4861, 4, 972, 54, 85, 11, 1, 175, 5]"
484,28,289,1156,0.0009117553062553936,1.900000000009316e-07,9,"[1, 5, 6, 7, 9, 12, 13, 89, 93]","[5140, 5, 797, 57, 86, 11, 1, 133, 4]"
485,28,289,1156,0.0009119953062553948,2.4000000000117677e-07,8,"[1, 5, 6, 7, 9, 12, 89, 93]","[5391, 3, 675, 52, 89, 24, 102, 3]"
486,28,289,1156,0.0009123253062553964,3.3000000000161806e-07,7,"[1, 5, 6, 7, 9, 12, 89]","[5466, 1, 485, 51, 85, 27, 56]"
487,28,289,1157,0.0009107146352000374,0.0009107146352000374,4,"[1, 6, 89, 93]","[5584, 389, 374, 12]"
488,28,289,1157,0.0009110646352000391,3.500000000017161e-07,5,"[1, 6, 9, 89, 93]","[5859, 153, 1, 162, 4]"
489,28,289,1157,0.0009113446352000405,2.800000000013729e-07,5,"[1, 6, 9, 89, 93]","[6138, 105, 1, 120, 3]"
490,28,289,1157,0.0009116046352000418,2.6000000000127484e-07,4,"[1, 6, 89, 93]","[6124, 76, 79, 1]"
491,28,289,1157,0.0009118846352000431,2.800000000013729e-07,4,"[1, 6, 89, 93]","[6065, 48, 48, 1]"
492,28,289,1157,0.0009122846352000451,4.000000000019613e-07,4,"[1, 6, 89, 93]","[6158, 22, 33, 2]"
493,28,289,1158,0.0009108855464134317,0.0009108855464134317,2,"[1, 89]","[6330, 1]"
494,28,289,1158,0.0009112655464134336,3.800000000018632e-07,1,[1],[6300]
495,28,289,1158,0.0009115755464134351,3.1000000000152e-07,1,[1],[6311]
496,28,289,1158,0.0009118955464134367,3.2000000000156903e-07,1,[1],[6113]
497,28,289,1158,0.0009123555464134389,4.600000000022555e-07,1,[1],[6261]
498,28,289,1159,0.0009109724272187359,0.0009109724272187359,1,[1],[6370]
499,28,289,1159,0.0009113524272187377,3.800000000018632e-07,1,[1],[6307]
500,28,289,1159,0.0009116624272187393,3.1000000000152e-07,1,[1],[6077]
501,28,289,1159,0.0009120024272187409,3.400000000016671e-07,1,[1],[6271]
502,28,289,1159,0.0009125624272187437,5.600000000027458e-07,1,[1],[6271]
503,28,289,1160,0.0009109958980094324,0.0009109958980094324,1,[1],[6278]
504,28,289,1160,0.0009113758980094343,3.800000000018632e-07,1,[1],[6340]
505,28,289,1160,0.0009116958980094358,3.2000000000156903e-07,1,[1],[6305]
506,28,289,1160,0.0009120358980094375,3.400000000016671e-07,1,[1],[6104]
507,28,289,1160,0.0009126058980094403,5.700000000027948e-07,1,[1],[6274]
508,28,289,1161,0.0009110570531808115,0.0009110570531808115,1,[1],[6359]
509,28,289,1161,0.0009114470531808134,3.9000000000191225e-07,1,[1],[6328]
510,28,289,1161,0.000911767053180815,3.2000000000156903e-07,1,[1],[6090]
511,28,289,1161,0.0009121370531808168,3.700000000018142e-07,1,[1],[6282]
512,28,289,1161,0.00091279705318082,6.600000000032361e-07,1,[1],[6233]
513,28,289,1162,0.000911147931857246,0.000911147931857246,1,[1],[6294]
514,28,289,1162,0.000911547931857248,4.000000000019613e-07,1,[1],[6362]
515,28,289,1162,0.0009118879318572497,3.400000000016671e-07,1,[1],[6220]
516,28,289,1162,0.0009122779318572516,3.9000000000191225e-07,1,[1],[6171]
517,28,289,1162,0.000913377931857257,1.1000000000053935e-06,1,[1],[6211]
518,28,289,1163,0.0009112012507444033,0.0009112012507444033,1,[1],[6268]
519,28,289,1163,0.0009116012507444052,4.000000000019613e-07,1,[1],[6281]
520,28,289,1163,0.0009119412507444069,3.400000000016671e-07,1,[1],[6289]
521,28,289,1163,0.0009123312507444088,3.9000000000191225e-07,1,[1],[6227]
522,28,289,1163,0.0009135012507444145,1.1700000000057368e-06,1,[1],[6185]
523,28,289,1164,0.000911196027948936,0.000911196027948936,1,[1],[6294]
524,28,289,1164,0.000911616027948938,4.2000000000205935e-07,1,[1],[6227]
525,28,289,1164,0.00091200602794894,3.9000000000191225e-07,1,[1],[6388]
526,28,289,1164,0.0009125160279489425,5.100000000025006e-07,1,[1],[6107]
527,28,289,1165,0.0009109812941550532,0.0009109812941550532,1,[1],[6333]
528,28,289,1165,0.0009114012941550553,4.2000000000205935e-07,1,[1],[6268]
529,28,289,1165,0.0009117712941550571,3.700000000018142e-07,1,[1],[6162]
530,28,289,1165,0.0009122412941550594,4.700000000023045e-07,1,[1],[6288]
531,28,289,1166,0.0009107696060672622,0.0009107696060672622,1,[1],[6292]
532,28,289,1166,0.0009111796060672642,4.100000000020103e-07,1,[1],[6372]
533,28,289,1166,0.0009115296060672659,3.500000000017161e-07,1,[1],[6191]
534,28,289,1166,0.000911949606067268,4.2000000000205935e-07,1,[1],[6161]
535,28,289,1167,0.0009106151948735092,0.0009106151948735092,1,[1],[6364]
536,28,289,1167,0.0009110351948735112,4.2000000000205935e-07,1,[1],[6211]
537,28,289,1167,0.0009114151948735131,3.800000000018632e-07,1,[1],[6303]
538,28,289,1167,0.0009119151948735156,5.000000000024516e-07,1,[1],[6160]
539,28,289,1168,0.0009105047641987574,0.0009105047641987574,1,[1],[6304]
540,28,289,1168,0.0009109647641987596,4.600000000022555e-07,1,[1],[6259]
541,28,289,1168,0.0009114347641987619,4.700000000023045e-07,1,[1],[6253]
542,28,289,1168,0.0009128447641987688,1.4100000000069135e-06,1,[1],[6185]
543,28,289,1169,0.0009104228827057948,0.0009104228827057948,1,[1],[6345]
544,28,289,1169,0.0009109428827057973,5.200000000025497e-07,1,[1],[6184]
545,28,289,1169,0.0009116228827058007,6.800000000033342e-07,1,[1],[6263]
546,28,289,1170,0.0009103435710923473,0.0009103435710923473,1,[1],[6258]
547,28,289,1170,0.0009109935710923505,6.500000000031871e-07,1,[1],[6263]
548,28,289,1171,0.0009102526886244515,0.0009102526886244515,1,[1],[6268]
549,28,289,1171,0.0009110426886244553,7.900000000038735e-07,1,[1],[6282]
550,28,289,1172,0.0009102233308881316,0.0009102233308881316,2,"[1, 4]","[6323, 5]"
551,28,289,1172,0.0009113033308881369,1.0800000000052955e-06,2,"[1, 4]","[6177, 4]"
552,28,289,1173,0.00091008998765548,0.00091008998765548,2,"[1, 4]","[5920, 399]"
553,28,289,1173,0.0009110999876554849,1.0100000000049522e-06,2,"[1, 4]","[5800, 396]"
554,28,289,1174,0.0009100899251334942,0.0009100899251334942,2,"[1, 4]","[5857, 420]"
555,28,289,1175,0.0009103186667474842,0.0009103186667474842,3,"[1, 3, 4]","[6228, 27, 3]"
556,28,289,1176,0.0009103956282307612,0.0009103956282307612,2,"[1, 3]","[5793, 473]"
557,28,289,1177,0.0009108202702995711,0.0009108202702995711,2,"[1, 3]","[6124, 133]"
558,28,290,1151,0.0009120690993701559,0.0009120690993701559,1,[5],[6282]
559,28,290,1151,0.0009129690993701603,9.000000000044129e-07,1,[5],[6235]
560,28,290,1152,0.000911442134658843,0.000911442134658843,1,[5],[6368]
561,28,290,1152,0.0009118721346588452,4.300000000021084e-07,1,[5],[6280]
562,28,290,1152,0.0009122621346588471,3.9000000000191225e-07,1,[5],[6154]
563,28,290,1152,0.0009128321346588499,5.700000000027948e-07,1,[5],[6244]
564,28,290,1153,0.0009113172776661774,0.0009113172776661774,2,"[5, 844]","[6250, 59]"
565,28,290,1153,0.0009118072776661798,4.900000000024026e-07,2,"[5, 844]","[6269, 31]"
566,28,290,1153,0.0009123272776661824,5.200000000025497e-07,2,"[5, 844]","[6199, 22]"
567,28,290,1154,0.0009118898328010878,0.0009118898328010878,8,"[1, 5, 6, 7, 9, 12, 13, 844]","[236, 5118, 116, 97, 8, 2, 5, 692]"
568,28,291,1142,0.0009164037109327489,0.0009164037109327489,1,[851],[6253]
569,28,291,1142,0.0009169637109327516,5.600000000027458e-07,1,[851],[6353]
570,28,291,1142,0.0009176437109327549,6.800000000033342e-07,1,[851],[6214]
571,28,291,1143,0.0009186324398144141,0.0009186324398144141,2,"[851, 856]","[6137, 113]"
572,28,291,1143,0.0009200524398144211,1.4200000000069626e-06,2,"[851, 856]","[4402, 1876]"
573,28,291,1149,0.0009126141750758513,0.0009126141750758513,2,"[5, 845]","[5680, 642]"
574,28,291,1149,0.0009132941750758547,6.800000000033342e-07,2,"[5, 845]","[5551, 690]"
575,28,291,1150,0.0009120133633457077,0.0009120133633457077,2,"[5, 845]","[6302, 19]"
576,28,291,1150,0.0009124433633457098,4.300000000021084e-07,2,"[5, 845]","[6176, 39]"
577,28,291,1150,0.0009128533633457118,4.100000000020103e-07,2,"[5, 845]","[6283, 43]"
578,28,291,1150,0.0009134133633457146,5.600000000027458e-07,2,"[5, 845]","[6122, 68]"
579,28,291,1151,0.0009118387999381202,0.0009118387999381202,1,[5],[6303]
580,28,291,1151,0.0009123187999381225,4.800000000023535e-07,1,[5],[6204]
581,28,291,1151,0.0009128387999381251,5.200000000025497e-07,1,[5],[6326]
582,28,291,1152,0.0009123178737394158,0.0009123178737394158,1,[5],[6268]
583,28,292,1142,0.0009173715959175213,0.0009173715959175213,1,[851],[6294]
584,28,292,1142,0.0009199115959175338,2.540000000012454e-06,2,"[851, 856]","[5515, 695]"
585,28,292,1143,0.0009187451954271545,0.0009187451954271545,3,"[5, 851, 856]","[1, 5942, 347]"
586,28,292,1143,0.0009195451954271584,8.000000000039226e-07,2,"[851, 856]","[4600, 1698]"
587,28,292,1143,0.0009201451954271614,6.000000000029419e-07,2,"[851, 856]","[4035, 2169]"
588,28,292,1143,0.0009208151954271646,6.700000000032852e-07,2,"[851, 856]","[4461, 1752]"
589,28,292,1143,0.0009216851954271689,8.700000000042658e-07,2,"[851, 856]","[5643, 622]"
590,28,292,1143,0.0009231051954271759,1.4200000000069626e-06,2,"[851, 856]","[6196, 51]"
591,28,292,1144,0.0009227049141976917,0.0009227049141976917,3,"[5, 851, 856]","[35, 5735, 486]"
592,28,292,1147,0.0009133484475018143,0.0009133484475018143,2,"[5, 846]","[5818, 480]"
593,28,292,1147,0.0009139884475018174,6.400000000031381e-07,2,"[5, 846]","[5564, 718]"
594,28,292,1148,0.0009127176390180101,0.0009127176390180101,3,"[5, 845, 846]","[6073, 220, 9]"
595,28,292,1148,0.0009131376390180122,4.2000000000205935e-07,3,"[5, 845, 846]","[6100, 125, 26]"
596,28,292,1148,0.000913517639018014,3.800000000018632e-07,3,"[5, 845, 846]","[6184, 86, 36]"
597,28,292,1148,0.0009139876390180163,4.700000000023045e-07,3,"[5, 845, 846]","[6102, 47, 68]"
598,28,292,1149,0.0009124460037344017,0.0009124460037344017,2,"[5, 845]","[5402, 961]"
599,28,292,1149,0.0009128760037344038,4.300000000021084e-07,2,"[5, 845]","[5417, 819]"
600,28,292,1149,0.0009132760037344058,4.000000000019613e-07,2,"[5, 845]","[5510, 779]"
601,28,292,1149,0.0009138060037344084,5.300000000025987e-07,2,"[5, 845]","[5474, 712]"
602,28,292,1150,0.0009129897398043206,0.0009129897398043206,2,"[5, 845]","[6032, 220]"
603,28,293,1139,0.0009237554360665268,0.0009237554360665268,2,"[851, 854]","[6237, 21]"
604,28,293,1140,0.0009226062007562902,0.0009226062007562902,1,[851],[6319]
605,28,293,1140,0.0009233262007562938,7.200000000035303e-07,1,[851],[6260]
606,28,293,1141,0.0009228159814116248,0.0009228159814116248,4,"[5, 851, 882, 883]","[7, 6309, 1, 4]"
607,28,293,1141,0.0009234959814116282,6.800000000033342e-07,3,"[851, 882, 883]","[6179, 4, 1]"
608,28,293,1142,0.0009227580011850281,0.0009227580011850281,5,"[5, 851, 856, 882, 883]","[254, 6027, 39, 4, 1]"
609,28,293,1142,0.0009233980011850312,6.400000000031381e-07,4,"[851, 856, 882, 883]","[6170, 1, 1, 3]"
610,28,293,1143,0.0009217431323608757,0.0009217431323608757,3,"[5, 851, 856]","[2250, 3887, 156]"
611,28,293,1143,0.0009226731323608802,9.3000000000456e-07,1,[851],[6207]
612,28,293,1143,0.0009236831323608852,1.0100000000049522e-06,1,[851],[6250]
613,28,293,1144,0.000915049535077271,0.000915049535077271,1,[5],[6301]
614,28,293,1145,0.0009140361326553919,0.0009140361326553919,1,[5],[6295]
615,28,293,1145,0.0009145261326553943,4.900000000024026e-07,1,[5],[6331]
616,28,293,1145,0.0009150361326553968,5.100000000025006e-07,1,[5],[6217]
617,28,293,1146,0.0009134802990713107,0.0009134802990713107,2,"[5, 846]","[6168, 154]"
618,28,293,1146,0.0009138802990713127,4.000000000019613e-07,2,"[5, 846]","[6041, 144]"
619,28,293,1146,0.0009142202990713144,3.400000000016671e-07,2,"[5, 846]","[6196, 109]"
620,28,293,1146,0.0009145902990713162,3.700000000018142e-07,2,"[5, 846]","[6220, 78]"
621,28,293,1146,0.0009152102990713192,6.2000000000304e-07,2,"[5, 846]","[6101, 62]"
622,28,293,1147,0.0009132168640430877,0.0009132168640430877,2,"[5, 846]","[5692, 669]"
623,28,293,1147,0.0009136368640430898,4.2000000000205935e-07,2,"[5, 846]","[5431, 774]"
624,28,293,1147,0.0009140168640430917,3.800000000018632e-07,2,"[5, 846]","[5417, 882]"
625,28,293,1147,0.000914496864043094,4.800000000023535e-07,2,"[5, 846]","[5257, 933]"
626,28,293,1148,0.000913709216008704,0.000913709216008704,3,"[5, 845, 846]","[6089, 10, 162]"
627,28,294,1138,0.0009209166492106902,0.0009209166492106902,4,"[5, 848, 851, 854]","[34, 15, 4517, 1698]"
628,28,294,1139,0.0009209867229733963,0.0009209867229733963,3,"[5, 851, 854]","[57, 4919, 1294]"
629,28,294,1139,0.0009216467229733995,6.600000000032361e-07,2,"[851, 854]","[5814, 432]"
630,28,294,1139,0.0009223467229734029,7.000000000034323e-07,2,"[851, 854]","[6155, 129]"
631,28,294,1140,0.0009226719305263148,0.0009226719305263148,3,"[5, 851, 854]","[654, 5611, 16]"
632,28,294,1141,0.0009223243087970505,0.0009223243087970505,2,"[5, 851]","[5620, 643]"
633,28,294,1142,0.0009153223949088045,0.0009153223949088045,1,[5],[6330]
634,28,294,1142,0.0009159423949088076,6.2000000000304e-07,1,[5],[6215]
635,28,294,1142,0.000922142394908838,6.2000000000304e-06,2,"[5, 851]","[5972, 240]"
636,28,294,1143,0.0009146639410475288,0.0009146639410475288,1,[5],[6265]
637,28,294,1143,0.0009150539410475307,3.9000000000191225e-07,1,[5],[6360]
638,28,294,1143,0.0009153739410475322,3.2000000000156903e-07,1,[5],[6327]
639,28,294,1143,0.0009156939410475338,3.2000000000156903e-07,1,[5],[6187]
640,28,294,1143,0.0009161239410475359,4.300000000021084e-07,1,[5],[6150]
641,28,294,1144,0.0009143101856807845,0.0009143101856807845,1,[5],[6299]
642,28,294,1144,0.0009146901856807864,3.800000000018632e-07,1,[5],[6308]
643,28,294,1144,0.0009150001856807879,3.1000000000152e-07,1,[5],[6265]
644,28,294,1144,0.0009153201856807895,3.2000000000156903e-07,1,[5],[6308]
645,28,294,1144,0.0009157201856807915,4.000000000019613e-07,1,[5],[6081]
646,28,294,1145,0.0009141809185475378,0.0009141809185475378,1,[5],[6351]
647,28,294,1145,0.0009146809185475403,5.000000000024516e-07,1,[5],[6294]
648,28,294,1145,0.0009152009185475428,5.200000000025497e-07,1,[5],[6200]
649,28,294,1146,0.000914876748669627,0.000914876748669627,2,"[5, 846]","[6235, 18]"
650,28,295,1137,0.0009175095272289594,0.0009175095272289594,3,"[5, 848, 851]","[2358, 3754, 170]"
651,28,295,1137,0.0009212595272289778,3.750000000018387e-06,4,"[5, 848, 851, 854]","[243, 1296, 4638, 43]"
652,28,295,1138,0.0009162161454992641,0.0009162161454992641,2,"[5, 848]","[5634, 648]"
653,28,295,1138,0.0009167561454992667,5.400000000026477e-07,3,"[5, 848, 851]","[5032, 1225, 14]"
654,28,295,1138,0.00091741614549927,6.600000000032361e-07,3,"[5, 848, 851]","[4274, 1790, 148]"
655,28,295,1138,0.0009187061454992763,1.2900000000063251e-06,4,"[5, 848, 851, 854]","[1483, 1354, 3426, 5]"
656,28,295,1138,0.0009194861454992801,7.800000000038245e-07,4,"[5, 848, 851, 854]","[12, 38, 6131, 114]"
657,28,295,1138,0.000920076145499283,5.900000000028929e-07,3,"[848, 851, 854]","[1, 5803, 455]"
658,28,295,1138,0.000920676145499286,6.000000000029419e-07,2,"[851, 854]","[5296, 929]"
659,28,295,1138,0.0009219961454992924,1.3200000000064722e-06,2,"[851, 854]","[4852, 1340]"
660,28,295,1139,0.0009159410451877499,0.0009159410451877499,2,"[5, 848]","[6275, 4]"
661,28,295,1139,0.0009165610451877529,6.2000000000304e-07,2,"[5, 848]","[6296, 14]"
662,28,295,1139,0.0009193010451877664,2.740000000013435e-06,4,"[5, 848, 851, 854]","[5496, 42, 594, 42]"
663,28,295,1139,0.0009209510451877745,1.6500000000080903e-06,2,"[851, 854]","[4817, 1439]"
664,28,295,1140,0.0009155696767107748,0.0009155696767107748,1,[5],[6328]
665,28,295,1140,0.0009159896767107769,4.2000000000205935e-07,1,[5],[6215]
666,28,295,1140,0.0009163596767107787,3.700000000018142e-07,1,[5],[6255]
667,28,295,1140,0.000916829676710781,4.700000000023045e-07,1,[5],[6243]
668,28,295,1141,0.0009152621949232836,0.0009152621949232836,1,[5],[6294]
669,28,295,1141,0.0009156221949232854,3.6000000000176516e-07,1,[5],[6398]
670,28,295,1141,0.0009158921949232867,2.7000000000132387e-07,1,[5],[6180]
671,28,295,1141,0.000916152194923288,2.6000000000127484e-07,1,[5],[6298]
672,28,295,1141,0.0009164421949232894,2.9000000000142193e-07,1,[5],[6220]
673,28,295,1141,0.0009168421949232913,4.000000000019613e-07,1,[5],[6199]
674,28,295,1142,0.0009151383814720419,0.0009151383814720419,1,[5],[6261]
675,28,295,1142,0.0009155483814720439,4.100000000020103e-07,1,[5],[6313]
676,28,295,1142,0.0009159083814720457,3.6000000000176516e-07,1,[5],[6277]
677,28,295,1142,0.0009163283814720477,4.2000000000205935e-07,1,[5],[6181]
678,28,295,1143,0.0009153281409375851,0.0009153281409375851,1,[5],[6257]
679,28,295,1143,0.0009162681409375898,9.40000000004609e-07,1,[5],[6251]
680,28,296,1137,0.0009165736049602086,0.0009165736049602086,3,"[5, 848, 851]","[3395, 2921, 5]"
681,28,296,1137,0.0009171836049602116,6.10000000002991e-07,3,"[5, 848, 851]","[2270, 3821, 97]"
682,28,296,1137,0.0009181036049602161,9.20000000004511e-07,3,"[5, 848, 851]","[1323, 4203, 740]"
683,28,296,1138,0.0009157006255295755,0.0009157006255295755,2,"[5, 848]","[5922, 427]"
684,28,296,1138,0.0009160206255295771,3.2000000000156903e-07,2,"[5, 848]","[5541, 640]"
685,28,296,1138,0.0009162606255295782,2.4000000000117677e-07,3,"[5, 848, 851]","[5578, 773, 4]"
686,28,296,1138,0.0009164706255295793,2.1000000000102968e-07,3,"[5, 848, 851]","[5482, 947, 7]"
687,28,296,1138,0.0009166606255295802,1.900000000009316e-07,3,"[5, 848, 851]","[5045, 1071, 7]"
688,28,296,1138,0.0009168606255295812,2.0000000000098064e-07,3,"[5, 848, 851]","[4848, 1323, 18]"
689,28,296,1138,0.0009170806255295823,2.200000000010787e-07,3,"[5, 848, 851]","[4554, 1551, 39]"
690,28,296,1138,0.0009173606255295836,2.800000000013729e-07,3,"[5, 848, 851]","[4305, 1832, 105]"
691,28,296,1138,0.0009178306255295859,4.700000000023045e-07,3,"[5, 848, 851]","[3596, 2228, 429]"
692,28,296,1138,0.0009191806255295926,1.3500000000066193e-06,3,"[5, 848, 851]","[1180, 1402, 3655]"
693,28,296,1139,0.0009154786868393731,0.0009154786868393731,2,"[5, 848]","[6390, 1]"
694,28,296,1139,0.0009158086868393747,3.3000000000161806e-07,2,"[5, 848]","[6113, 4]"
695,28,296,1139,0.000916068686839376,2.6000000000127484e-07,2,"[5, 848]","[6270, 5]"
696,28,296,1139,0.0009163086868393772,2.4000000000117677e-07,2,"[5, 848]","[6299, 7]"
697,28,296,1139,0.0009165586868393784,2.500000000012258e-07,2,"[5, 848]","[6252, 17]"
698,28,296,1139,0.0009168486868393798,2.9000000000142193e-07,2,"[5, 848]","[6115, 29]"
699,28,296,1139,0.0009173886868393825,5.400000000026477e-07,3,"[5, 848, 851]","[6248, 51, 3]"
700,28,296,1140,0.0009155727092564619,0.0009155727092564619,1,[5],[6295]
701,28,296,1140,0.0009159727092564638,4.000000000019613e-07,1,[5],[6266]
702,28,296,1140,0.0009163227092564655,3.500000000017161e-07,1,[5],[6257]
703,28,296,1140,0.0009167527092564676,4.300000000021084e-07,1,[5],[6208]
704,28,296,1141,0.000916350581645333,0.000916350581645333,1,[5],[6298]
705,28,309,1108,0.000985581759535457,0.000985581759535457,3,"[619, 620, 634]","[3550, 952, 1753]"
706,28,309,1108,0.0009863217595354526,7.399999999956053e-07,3,"[619, 620, 634]","[4182, 88, 2044]"
707,28,309,1109,0.0009856537642947958,0.0009856537642947958,3,"[619, 620, 634]","[5683, 348, 251]"
708,28,309,1109,0.0009874037642947854,1.749999999989607e-06,3,"[619, 620, 634]","[5752, 36, 433]"
709,28,310,1108,0.000985739440018097,0.000985739440018097,3,"[619, 620, 634]","[4603, 122, 1596]"
710,28,310,1108,0.0009864794400180927,7.399999999956053e-07,3,"[619, 620, 634]","[4839, 6, 1403]"
711,28,310,1109,0.0009860295224276142,0.0009860295224276142,3,"[619, 620, 634]","[5946, 35, 286]"
712,28,313,1182,0.0009643221741309587,0.0009643221741309587,2,"[225, 226]","[3387, 2920]"
713,28,313,1182,0.0009654621741309643,1.1400000000055897e-06,3,"[225, 226, 259]","[4668, 1558, 3]"
714,28,314,1181,0.0009681685986174543,0.0009681685986174543,2,"[225, 226]","[3425, 2826]"
715,28,314,1182,0.0009637868978392984,0.0009637868978392984,2,"[225, 226]","[1057, 5208]"
716,28,314,1182,0.0009642968978393009,5.100000000025006e-07,2,"[225, 226]","[1363, 4931]"
717,28,314,1182,0.0009647868978393033,4.900000000024026e-07,2,"[225, 226]","[1992, 4218]"
718,28,314,1182,0.0009653868978393062,6.000000000029419e-07,2,"[225, 226]","[3517, 2775]"
719,28,314,1182,0.0009659968978393092,6.10000000002991e-07,3,"[225, 226, 259]","[5546, 702, 6]"
720,28,314,1182,0.0009665268978393118,5.300000000025987e-07,3,"[225, 226, 259]","[6232, 86, 2]"
721,28,314,1182,0.000967176897839315,6.500000000031871e-07,3,"[225, 226, 259]","[6113, 8, 2]"
722,28,314,1183,0.0009656412051390427,0.0009656412051390427,4,"[225, 226, 259, 260]","[1900, 4296, 62, 1]"
723,28,315,1182,0.0009636595753951714,0.0009636595753951714,3,"[225, 226, 238]","[6, 6292, 1]"
724,28,315,1182,0.0009646495753951762,9.900000000048542e-07,2,"[225, 226]","[37, 6211]"
725,28,315,1183,0.0009639873860947509,0.0009639873860947509,2,"[225, 226]","[3, 6250]"
726,28,316,1182,0.0009630558561405187,0.0009630558561405187,3,"[226, 238, 254]","[6260, 9, 1]"
727,28,316,1183,0.0009637342805910903,0.0009637342805910903,4,"[226, 238, 254, 255]","[5880, 302, 68, 2]"
728,28,323,1182,0.000913352442838425,0.000913352442838425,1,[240],[6260]
729,28,323,1183,0.0009128435530877751,0.0009128435530877751,1,[240],[6258]
730,28,343,1132,0.0009625123355764378,0.0009625123355764378,1,[273],[6256]
731,28,345,1114,0.0008640185656121796,0.0008640185656121796,1,[275],[6338]
732,28,345,1114,0.0008645285656121821,5.100000000025006e-07,1,[275],[6226]
733,28,345,1114,0.0008650585656121847,5.300000000025987e-07,1,[275],[6213]
734,28,345,1114,0.0008662185656121904,1.1600000000056877e-06,2,"[275, 276]","[6223, 1]"
735,28,345,1115,0.00086478528277284,0.00086478528277284,1,[275],[6256]
736,28,346,1114,0.0008643144600454778,0.0008643144600454778,1,[275],[6311]
737,28,346,1114,0.0008650444600454813,7.300000000035793e-07,1,[275],[6236]
738,28,346,1114,0.000866004460045486,9.60000000004707e-07,2,"[275, 276]","[6218, 1]"
739,28,374,1245,0.001065738419955871,0.001065738419955871,1,[906],[6250]
740,28,375,1244,0.0010663178083434913,0.0010663178083434913,1,[906],[6262]
741,28,375,1245,0.001065091275132046,0.001065091275132046,1,[906],[6282]
742,28,375,1245,0.0010658512751320415,7.599999999954865e-07,1,[906],[6274]
743,28,375,1245,0.0010666412751320368,7.899999999953083e-07,1,[906],[6226]
