,event,pixel_x,pixel_y,reset_time,TSLR,nMCParticles,MC_TrackIDs,MC_Weights
0,33,260,1032,0.0009061160757237114,0.0009061160757237114,1,[3],[6252]
1,33,260,1033,0.0009056379465925545,0.0009056379465925545,1,[3],[6252]
2,33,260,1034,0.000905347176273716,0.000905347176273716,1,[3],[6269]
3,33,260,1035,0.000905079132816011,0.000905079132816011,1,[3],[6261]
4,33,260,1036,0.0009048473543562432,0.0009048473543562432,1,[3],[6253]
5,33,260,1037,0.0009048699697536049,0.0009048699697536049,1,[3],[6258]
6,33,260,1038,0.0009051429089300635,0.0009051429089300635,1,[3],[6268]
7,33,260,1039,0.0009051272511437159,0.0009051272511437159,1,[3],[6257]
8,33,260,1040,0.0009052103123258243,0.0009052103123258243,1,[3],[6260]
9,33,260,1041,0.0009051848220082832,0.0009051848220082832,1,[3],[6272]
10,33,260,1042,0.000905502622658084,0.000905502622658084,1,[3],[6259]
11,33,260,1043,0.0009059429760021454,0.0009059429760021454,1,[3],[6254]
12,33,260,1044,0.0009065371836982464,0.0009065371836982464,1,[3],[6251]
13,33,261,1024,0.0009063503309207564,0.0009063503309207564,1,[3],[6280]
14,33,261,1024,0.0009069703309207594,6.2000000000304e-07,1,[3],[6226]
15,33,261,1024,0.0009094003309207713,2.430000000011915e-06,2,"[3, 26]","[5140, 1118]"
16,33,261,1025,0.0009058541416447498,0.0009058541416447498,1,[3],[6328]
17,33,261,1025,0.0009061841416447515,3.3000000000161806e-07,1,[3],[6390]
18,33,261,1025,0.0009064341416447527,2.500000000012258e-07,1,[3],[6199]
19,33,261,1025,0.0009066541416447538,2.200000000010787e-07,1,[3],[6130]
20,33,261,1025,0.0009068841416447549,2.3000000000112774e-07,1,[3],[6308]
21,33,261,1025,0.0009071541416447562,2.7000000000132387e-07,1,[3],[6278]
22,33,261,1025,0.0009075641416447582,4.100000000020103e-07,2,"[3, 26]","[6150, 1]"
23,33,261,1025,0.0009097041416447687,2.140000000010493e-06,2,"[3, 26]","[3589, 2665]"
24,33,261,1026,0.0009056173725609742,0.0009056173725609742,2,"[3, 23]","[6337, 2]"
25,33,261,1026,0.0009059573725609759,3.400000000016671e-07,2,"[3, 23]","[6220, 1]"
26,33,261,1026,0.0009062273725609772,2.7000000000132387e-07,2,"[3, 23]","[6393, 1]"
27,33,261,1026,0.0009064573725609783,2.3000000000112774e-07,1,[3],[6151]
28,33,261,1026,0.0009067073725609795,2.500000000012258e-07,1,[3],[6281]
29,33,261,1026,0.000907007372560981,3.0000000000147097e-07,1,[3],[6197]
30,33,261,1026,0.0009075373725609836,5.300000000025987e-07,2,"[3, 26]","[6180, 1]"
31,33,261,1027,0.0009050770819669628,0.0009050770819669628,2,"[3, 23]","[5612, 687]"
32,33,261,1027,0.0009054470819669647,3.700000000018142e-07,2,"[3, 23]","[5858, 355]"
33,33,261,1027,0.0009057370819669661,2.9000000000142193e-07,2,"[3, 23]","[6137, 234]"
34,33,261,1027,0.0009059870819669673,2.500000000012258e-07,2,"[3, 23]","[5928, 196]"
35,33,261,1027,0.0009062670819669687,2.800000000013729e-07,2,"[3, 23]","[6121, 137]"
36,33,261,1027,0.0009065970819669703,3.3000000000161806e-07,2,"[3, 23]","[6212, 79]"
37,33,261,1027,0.0009072570819669735,6.600000000032361e-07,2,"[3, 23]","[6188, 40]"
38,33,261,1028,0.000904591626753925,0.000904591626753925,2,"[3, 23]","[5710, 623]"
39,33,261,1028,0.0009049416267539267,3.500000000017161e-07,2,"[3, 23]","[5705, 599]"
40,33,261,1028,0.000905211626753928,2.7000000000132387e-07,2,"[3, 23]","[5764, 615]"
41,33,261,1028,0.0009054516267539292,2.4000000000117677e-07,2,"[3, 23]","[5501, 530]"
42,33,261,1028,0.0009057216267539305,2.7000000000132387e-07,2,"[3, 23]","[5799, 527]"
43,33,261,1028,0.0009060616267539322,3.400000000016671e-07,2,"[3, 23]","[5685, 519]"
44,33,261,1028,0.000906841626753936,7.800000000038245e-07,2,"[3, 23]","[5693, 504]"
45,33,261,1029,0.0009043701826777779,0.0009043701826777779,2,"[3, 23]","[6267, 8]"
46,33,261,1029,0.0009047601826777798,3.9000000000191225e-07,2,"[3, 23]","[6399, 15]"
47,33,261,1029,0.0009050601826777813,3.0000000000147097e-07,2,"[3, 23]","[6236, 20]"
48,33,261,1029,0.0009053701826777828,3.1000000000152e-07,2,"[3, 23]","[6086, 18]"
49,33,261,1029,0.0009057801826777848,4.100000000020103e-07,2,"[3, 23]","[6211, 24]"
50,33,261,1030,0.0009042152953463107,0.0009042152953463107,1,[3],[6307]
51,33,261,1030,0.0009045852953463125,3.700000000018142e-07,1,[3],[6251]
52,33,261,1030,0.0009048852953463139,3.0000000000147097e-07,1,[3],[6231]
53,33,261,1030,0.0009052052953463155,3.2000000000156903e-07,1,[3],[6303]
54,33,261,1030,0.0009056552953463177,4.5000000000220645e-07,1,[3],[6221]
55,33,261,1031,0.0009041632242159234,0.0009041632242159234,1,[3],[6367]
56,33,261,1031,0.0009045532242159253,3.9000000000191225e-07,1,[3],[6208]
57,33,261,1031,0.000904893224215927,3.400000000016671e-07,1,[3],[6282]
58,33,261,1031,0.0009052732242159289,3.800000000018632e-07,1,[3],[6256]
59,33,261,1031,0.0009060832242159328,8.100000000039716e-07,1,[3],[6153]
60,33,261,1032,0.000904086457903796,0.000904086457903796,1,[3],[6271]
61,33,261,1032,0.000904496457903798,4.100000000020103e-07,1,[3],[6364]
62,33,261,1032,0.0009048464579037997,3.500000000017161e-07,1,[3],[6231]
63,33,261,1032,0.0009052564579038017,4.100000000020103e-07,1,[3],[6188]
64,33,261,1033,0.0009040014159147416,0.0009040014159147416,1,[3],[6339]
65,33,261,1033,0.0009044014159147436,4.000000000019613e-07,1,[3],[6252]
66,33,261,1033,0.0009047614159147454,3.6000000000176516e-07,1,[3],[6272]
67,33,261,1033,0.0009051814159147474,4.2000000000205935e-07,1,[3],[6139]
68,33,261,1034,0.0009039137568361651,0.0009039137568361651,1,[3],[6291]
69,33,261,1034,0.0009043337568361672,4.2000000000205935e-07,1,[3],[6243]
70,33,261,1034,0.0009047137568361691,3.800000000018632e-07,1,[3],[6217]
71,33,261,1034,0.0009052437568361717,5.300000000025987e-07,1,[3],[6253]
72,33,261,1035,0.0009038126179397328,0.0009038126179397328,1,[3],[6360]
73,33,261,1035,0.000904242617939735,4.300000000021084e-07,1,[3],[6153]
74,33,261,1035,0.000904662617939737,4.2000000000205935e-07,1,[3],[6384]
75,33,261,1035,0.00090528261793974,6.2000000000304e-07,1,[3],[6114]
76,33,261,1036,0.0009037090500100295,0.0009037090500100295,1,[3],[6328]
77,33,261,1036,0.0009041390500100316,4.300000000021084e-07,1,[3],[6197]
78,33,261,1036,0.0009045390500100335,4.000000000019613e-07,1,[3],[6365]
79,33,261,1036,0.0009050990500100363,5.600000000027458e-07,1,[3],[6174]
80,33,261,1037,0.0009037346867875254,0.0009037346867875254,1,[3],[6305]
81,33,261,1037,0.0009041746867875276,4.400000000021574e-07,1,[3],[6264]
82,33,261,1037,0.0009045846867875296,4.100000000020103e-07,1,[3],[6206]
83,33,261,1037,0.0009052646867875329,6.800000000033342e-07,1,[3],[6259]
84,33,261,1038,0.0009038239907551194,0.0009038239907551194,1,[3],[6304]
85,33,261,1038,0.0009042839907551217,4.600000000022555e-07,1,[3],[6366]
86,33,261,1038,0.0009047239907551238,4.400000000021574e-07,1,[3],[6186]
87,33,261,1038,0.0009057539907551289,1.0300000000050503e-06,1,[3],[6152]
88,33,261,1039,0.0009039638565501157,0.0009039638565501157,1,[3],[6283]
89,33,261,1039,0.0009044138565501179,4.5000000000220645e-07,1,[3],[6228]
90,33,261,1039,0.0009048638565501201,4.5000000000220645e-07,1,[3],[6302]
91,33,261,1039,0.0009061038565501262,1.24000000000608e-06,1,[3],[6187]
92,33,261,1040,0.0009041446142744874,0.0009041446142744874,1,[3],[6366]
93,33,261,1040,0.0009046046142744896,4.600000000022555e-07,1,[3],[6199]
94,33,261,1040,0.0009050646142744919,4.600000000022555e-07,1,[3],[6242]
95,33,261,1041,0.0009043793350031145,0.0009043793350031145,1,[3],[6276]
96,33,261,1041,0.0009048593350031169,4.800000000023535e-07,1,[3],[6326]
97,33,261,1041,0.0009053193350031191,4.600000000022555e-07,1,[3],[6258]
98,33,261,1042,0.0009046983639250031,0.0009046983639250031,1,[3],[6351]
99,33,261,1042,0.0009051983639250055,5.000000000024516e-07,1,[3],[6176]
100,33,261,1042,0.0009057383639250082,5.400000000026477e-07,1,[3],[6281]
101,33,261,1043,0.0009051161291598434,0.0009051161291598434,1,[3],[6346]
102,33,261,1043,0.0009056261291598459,5.100000000025006e-07,1,[3],[6187]
103,33,261,1043,0.0009062161291598488,5.900000000028929e-07,1,[3],[6283]
104,33,261,1044,0.0009055379017561545,0.0009055379017561545,1,[3],[6329]
105,33,261,1044,0.0009060679017561571,5.300000000025987e-07,1,[3],[6215]
106,33,261,1044,0.0009067479017561605,6.800000000033342e-07,1,[3],[6235]
107,33,261,1045,0.0009059151426960483,0.0009059151426960483,1,[3],[6259]
108,33,261,1045,0.0009064451426960509,5.300000000025987e-07,1,[3],[6355]
109,33,261,1045,0.0009070451426960539,6.000000000029419e-07,1,[3],[6166]
110,33,261,1046,0.0009062767939323526,0.0009062767939323526,1,[3],[6316]
111,33,261,1046,0.0009067767939323551,5.000000000024516e-07,1,[3],[6201]
112,33,261,1046,0.0009073267939323578,5.500000000026968e-07,1,[3],[6242]
113,33,261,1047,0.0009065229539121328,0.0009065229539121328,2,"[3, 22]","[6310, 7]"
114,33,261,1047,0.0009069929539121351,4.700000000023045e-07,2,"[3, 22]","[6305, 6]"
115,33,261,1047,0.0009074629539121374,4.700000000023045e-07,2,"[3, 22]","[6195, 10]"
116,33,261,1048,0.0009067140758582284,0.0009067140758582284,2,"[3, 22]","[5778, 495]"
117,33,261,1048,0.0009071640758582306,4.5000000000220645e-07,2,"[3, 22]","[5662, 686]"
118,33,261,1048,0.0009075740758582326,4.100000000020103e-07,2,"[3, 22]","[5398, 758]"
119,33,261,1048,0.0009081940758582357,6.2000000000304e-07,2,"[3, 22]","[5334, 909]"
120,33,261,1049,0.0009069745294872267,0.0009069745294872267,2,"[3, 22]","[5624, 687]"
121,33,261,1049,0.000907444529487229,4.700000000023045e-07,2,"[3, 22]","[5557, 702]"
122,33,261,1049,0.0009079345294872314,4.900000000024026e-07,2,"[3, 22]","[5552, 710]"
123,33,261,1050,0.0009074058663052342,0.0009074058663052342,2,"[3, 22]","[6248, 5]"
124,33,261,1050,0.0009080358663052373,6.30000000003089e-07,2,"[3, 22]","[6326, 4]"
125,33,261,1051,0.0009079408094345372,0.0009079408094345372,1,[3],[6300]
126,33,261,1052,0.0009091872411942626,0.0009091872411942626,2,"[3, 21]","[6249, 2]"
127,33,262,1024,0.0009070311324664651,0.0009070311324664651,2,"[3, 26]","[6259, 1]"
128,33,262,1024,0.0009109611324664844,3.93000000001927e-06,2,"[3, 26]","[2242, 4001]"
129,33,262,1025,0.0009063232676743732,0.0009063232676743732,1,[3],[6265]
130,33,262,1025,0.0009069132676743761,5.900000000028929e-07,1,[3],[6246]
131,33,262,1025,0.0009083832676743833,1.4700000000072077e-06,2,"[3, 26]","[5901, 340]"
132,33,262,1025,0.0009095932676743893,1.2100000000059329e-06,2,"[3, 26]","[76, 6177]"
133,33,262,1025,0.0009102232676743924,6.30000000003089e-07,1,[26],[6281]
134,33,262,1026,0.000906486151379329,0.000906486151379329,1,[3],[6321]
135,33,262,1026,0.0009088161513793404,2.3300000000114245e-06,2,"[3, 26]","[5299, 893]"
136,33,262,1026,0.0009098661513793455,1.0500000000051484e-06,2,"[3, 26]","[4, 6246]"
137,33,262,1026,0.0009111561513793519,1.2900000000063251e-06,1,[26],[6239]
138,33,262,1027,0.0009068405928013413,0.0009068405928013413,2,"[3, 23]","[6058, 197]"
139,33,262,1049,0.0009078745964485024,0.0009078745964485024,2,"[3, 22]","[5906, 385]"
140,33,262,1050,0.0009076527789761543,0.0009076527789761543,2,"[3, 22]","[6287, 2]"
141,33,262,1050,0.00090880277897616,1.1500000000056387e-06,2,"[3, 22]","[6225, 1]"
142,33,262,1051,0.0009076871857079173,0.0009076871857079173,1,[3],[6320]
143,33,262,1051,0.0009082971857079203,6.10000000002991e-07,1,[3],[6209]
144,33,262,1052,0.0009077916864772196,0.0009077916864772196,2,"[3, 21]","[6260, 9]"
145,33,262,1052,0.000908291686477222,5.000000000024516e-07,2,"[3, 21]","[6249, 18]"
146,33,262,1052,0.0009088716864772249,5.800000000028439e-07,2,"[3, 21]","[6244, 52]"
147,33,262,1053,0.0009079553436803121,0.0009079553436803121,2,"[3, 21]","[5476, 796]"
148,33,262,1053,0.000908355343680314,4.000000000019613e-07,2,"[3, 21]","[5103, 1198]"
149,33,262,1053,0.0009087053436803158,3.500000000017161e-07,2,"[3, 21]","[4811, 1481]"
150,33,262,1053,0.0009090953436803177,3.9000000000191225e-07,2,"[3, 21]","[4467, 1692]"
151,33,262,1053,0.0009099953436803221,9.000000000044129e-07,2,"[3, 21]","[4035, 2194]"
152,33,262,1054,0.0009082676628845172,0.0009082676628845172,2,"[3, 21]","[5227, 1148]"
153,33,262,1054,0.0009086976628845193,4.300000000021084e-07,2,"[3, 21]","[5083, 1153]"
154,33,262,1054,0.0009091076628845213,4.100000000020103e-07,2,"[3, 21]","[5022, 1228]"
155,33,262,1054,0.0009096876628845241,5.800000000028439e-07,2,"[3, 21]","[4990, 1199]"
156,33,262,1055,0.0009088830126816521,0.0009088830126816521,2,"[3, 21]","[6277, 28]"
157,33,262,1055,0.0009095630126816555,6.800000000033342e-07,2,"[3, 21]","[6207, 8]"
158,33,262,1056,0.0009096765499790853,0.0009096765499790853,1,[3],[6261]
159,33,263,1026,0.0009098924987388735,0.0009098924987388735,2,"[3, 26]","[15, 6281]"
160,33,263,1027,0.0009095573407760432,0.0009095573407760432,3,"[3, 26, 133]","[8, 6245, 1]"
161,33,263,1027,0.0009102073407760464,6.500000000031871e-07,2,"[26, 133]","[6314, 2]"
162,33,263,1028,0.0009102726137434319,0.0009102726137434319,5,"[3, 23, 26, 133, 134]","[1, 1, 6235, 23, 1]"
163,33,263,1054,0.000909293336179229,0.000909293336179229,2,"[3, 21]","[5132, 1132]"
164,33,263,1055,0.000909176570883324,0.000909176570883324,2,"[3, 21]","[6257, 8]"
165,33,263,1055,0.0009105365708833307,1.3600000000066684e-06,2,"[3, 21]","[6236, 2]"
166,33,263,1056,0.0009092538148906693,0.0009092538148906693,1,[3],[6330]
167,33,263,1056,0.0009098438148906722,5.900000000028929e-07,1,[3],[6195]
168,33,263,1056,0.0009109038148906774,1.0600000000051974e-06,1,[3],[6237]
169,33,263,1057,0.000909515339258952,0.000909515339258952,1,[3],[6327]
170,33,263,1057,0.0009100153392589545,5.000000000024516e-07,1,[3],[6191]
171,33,263,1057,0.0009105953392589573,5.800000000028439e-07,1,[3],[6282]
172,33,263,1058,0.0009098837959137756,0.0009098837959137756,1,[3],[6333]
173,33,263,1058,0.0009104137959137782,5.300000000025987e-07,1,[3],[6285]
174,33,263,1058,0.0009110837959137815,6.700000000032852e-07,1,[3],[6188]
175,33,263,1059,0.0009102893027710517,0.0009102893027710517,2,"[3, 20]","[6305, 1]"
176,33,263,1059,0.000910969302771055,6.800000000033342e-07,2,"[3, 20]","[6219, 1]"
177,33,263,1060,0.0009109668450803509,0.0009109668450803509,2,"[3, 20]","[5980, 299]"
178,33,264,1028,0.000909456896863806,0.000909456896863806,3,"[26, 133, 134]","[6298, 28, 1]"
179,33,264,1028,0.0009101268968638093,6.700000000032852e-07,3,"[26, 133, 134]","[6184, 48, 7]"
180,33,264,1029,0.0009095310075139496,0.0009095310075139496,2,"[26, 133]","[6317, 2]"
181,33,264,1029,0.0009104910075139543,9.60000000004707e-07,2,"[26, 133]","[6191, 3]"
182,33,264,1059,0.0009106527604378918,0.0009106527604378918,2,"[3, 20]","[6276, 9]"
183,33,264,1060,0.0009105098997879889,0.0009105098997879889,2,"[3, 20]","[5800, 462]"
184,33,264,1060,0.0009110698997879916,5.600000000027458e-07,2,"[3, 20]","[5616, 671]"
185,33,264,1060,0.000911949899787996,8.800000000043148e-07,2,"[3, 20]","[5420, 809]"
186,33,264,1061,0.0009105573908431703,0.0009105573908431703,2,"[3, 20]","[5723, 632]"
187,33,264,1061,0.0009110173908431726,4.600000000022555e-07,2,"[3, 20]","[5652, 621]"
188,33,264,1061,0.0009114773908431748,4.600000000022555e-07,3,"[3, 19, 20]","[5550, 1, 650]"
189,33,264,1062,0.0009106742066179072,0.0009106742066179072,4,"[3, 19, 20, 166]","[6141, 140, 9, 4]"
190,33,264,1062,0.0009111442066179095,4.700000000023045e-07,4,"[3, 19, 20, 166]","[5967, 324, 7, 6]"
191,33,264,1062,0.0009116042066179118,4.600000000022555e-07,4,"[3, 19, 20, 166]","[5623, 571, 4, 43]"
192,33,264,1062,0.0009124242066179158,8.200000000040206e-07,4,"[3, 19, 20, 166]","[4370, 1478, 4, 314]"
193,33,264,1063,0.0009108179703028207,0.0009108179703028207,3,"[3, 19, 166]","[5218, 1081, 11]"
194,33,264,1063,0.000911277970302823,4.600000000022555e-07,3,"[3, 19, 166]","[4736, 1519, 70]"
195,33,264,1063,0.000911687970302825,4.100000000020103e-07,3,"[3, 19, 166]","[3793, 2116, 284]"
196,33,264,1063,0.0009121279703028271,4.400000000021574e-07,3,"[3, 19, 166]","[2625, 2911, 710]"
197,33,264,1063,0.0009126279703028296,5.000000000024516e-07,3,"[3, 19, 166]","[1142, 3728, 1397]"
198,33,264,1063,0.0009132679703028327,6.400000000031381e-07,3,"[3, 19, 166]","[265, 4133, 1814]"
199,33,264,1064,0.0009113864704559855,0.0009113864704559855,3,"[3, 19, 166]","[6001, 274, 15]"
200,33,264,1064,0.000913116470455994,1.7300000000084826e-06,3,"[3, 19, 166]","[5270, 671, 275]"
201,33,264,1065,0.0009122220082422717,0.0009122220082422717,2,"[3, 19]","[6276, 1]"
202,33,265,1029,0.0009096805416368937,0.0009096805416368937,1,[26],[6304]
203,33,265,1030,0.000909256696474258,0.000909256696474258,1,[26],[6298]
204,33,265,1030,0.000909866696474261,6.10000000002991e-07,1,[26],[6209]
205,33,265,1031,0.0009100032541550164,0.0009100032541550164,1,[26],[6260]
206,33,265,1062,0.0009125944569622706,0.0009125944569622706,4,"[3, 19, 20, 166]","[5180, 970, 2, 104]"
207,33,265,1063,0.000911241763539548,0.000911241763539548,3,"[3, 19, 166]","[5080, 1169, 19]"
208,33,265,1063,0.0009121817635395526,9.40000000004609e-07,3,"[3, 19, 166]","[3944, 2062, 271]"
209,33,265,1064,0.0009112942601484086,0.0009112942601484086,3,"[3, 19, 166]","[6191, 125, 3]"
210,33,265,1064,0.000912204260148413,9.100000000044619e-07,3,"[3, 19, 166]","[6008, 160, 20]"
211,33,265,1065,0.0009113236321935889,0.0009113236321935889,1,[3],[6328]
212,33,265,1065,0.0009119636321935921,6.400000000031381e-07,1,[3],[6239]
213,33,265,1066,0.0009114253454781467,0.0009114253454781467,1,[3],[6330]
214,33,265,1066,0.0009119753454781494,5.500000000026968e-07,1,[3],[6179]
215,33,265,1066,0.0009129553454781542,9.800000000048052e-07,1,[3],[6261]
216,33,265,1067,0.0009115793713590025,0.0009115793713590025,2,"[3, 18]","[6324, 27]"
217,33,265,1067,0.0009121093713590051,5.300000000025987e-07,2,"[3, 18]","[6195, 40]"
218,33,265,1067,0.0009128893713590089,7.800000000038245e-07,2,"[3, 18]","[6128, 47]"
219,33,265,1068,0.0009115771483875661,0.0009115771483875661,3,"[3, 17, 18]","[4388, 188, 1790]"
220,33,265,1068,0.0009119971483875682,4.2000000000205935e-07,3,"[3, 17, 18]","[4109, 132, 1990]"
221,33,265,1068,0.00091237714838757,3.800000000018632e-07,3,"[3, 17, 18]","[4071, 125, 2062]"
222,33,265,1068,0.0009128871483875726,5.100000000025006e-07,3,"[3, 17, 18]","[4038, 102, 2086]"
223,33,265,1069,0.0009115425761794442,0.0009115425761794442,3,"[3, 17, 18]","[2284, 2700, 1327]"
224,33,265,1069,0.0009119425761794462,4.000000000019613e-07,3,"[3, 17, 18]","[2744, 2125, 1448]"
225,33,265,1069,0.0009122725761794478,3.3000000000161806e-07,3,"[3, 17, 18]","[2867, 1837, 1481]"
226,33,265,1069,0.0009126425761794496,3.700000000018142e-07,3,"[3, 17, 18]","[3143, 1564, 1496]"
227,33,265,1069,0.0009133025761794528,6.600000000032361e-07,3,"[3, 17, 18]","[3400, 1336, 1533]"
228,33,265,1070,0.0009123069420958697,0.0009123069420958697,3,"[3, 17, 18]","[4663, 1596, 33]"
229,33,265,1070,0.0009134369420958753,1.1300000000055406e-06,3,"[3, 17, 18]","[5517, 664, 36]"
230,33,265,1071,0.0009135912904876193,0.0009135912904876193,2,"[3, 17]","[6251, 5]"
231,33,266,1031,0.0009092028859953957,0.0009092028859953957,1,[26],[6325]
232,33,266,1031,0.000909872885995399,6.700000000032852e-07,1,[26],[6181]
233,33,266,1032,0.0009092602532694226,0.0009092602532694226,3,"[26, 128, 129]","[6281, 8, 1]"
234,33,266,1032,0.0009102902532694277,1.0300000000050503e-06,2,"[26, 128]","[6214, 2]"
235,33,266,1068,0.0009127052111874911,0.0009127052111874911,3,"[3, 17, 18]","[4674, 204, 1381]"
236,33,266,1069,0.000912049622868487,0.000912049622868487,3,"[3, 17, 18]","[3509, 2078, 689]"
237,33,266,1069,0.0009128996228684912,8.500000000041677e-07,3,"[3, 17, 18]","[4121, 1428, 679]"
238,33,266,1070,0.0009123091550063794,0.0009123091550063794,3,"[3, 17, 18]","[5647, 640, 9]"
239,33,266,1070,0.0009131691550063836,8.600000000042168e-07,3,"[3, 17, 18]","[5939, 295, 7]"
240,33,266,1071,0.0009124035861016172,0.0009124035861016172,2,"[3, 17]","[6328, 2]"
241,33,266,1071,0.0009130035861016202,6.000000000029419e-07,1,[3],[6202]
242,33,266,1072,0.0009125188326899558,0.0009125188326899558,1,[3],[6270]
243,33,266,1072,0.0009130688326899585,5.500000000026968e-07,1,[3],[6305]
244,33,266,1072,0.0009139188326899627,8.500000000041677e-07,1,[3],[6205]
245,33,266,1073,0.0009127258858869015,0.0009127258858869015,1,[3],[6291]
246,33,266,1073,0.0009132858858869042,5.600000000027458e-07,1,[3],[6235]
247,33,266,1073,0.0009142058858869087,9.20000000004511e-07,1,[3],[6226]
248,33,266,1074,0.0009130259379245396,0.0009130259379245396,1,[3],[6292]
249,33,266,1074,0.0009136959379245429,6.700000000032852e-07,1,[3],[6211]
250,33,266,1075,0.0009135292826306642,0.0009135292826306642,1,[3],[6293]
251,33,267,1032,0.0009093673028646673,0.0009093673028646673,3,"[26, 128, 129]","[6223, 37, 1]"
252,33,267,1033,0.000908524388410051,0.000908524388410051,3,"[26, 128, 129]","[6294, 20, 1]"
253,33,267,1033,0.0009091643884100542,6.400000000031381e-07,3,"[26, 128, 129]","[6210, 36, 1]"
254,33,267,1034,0.0009084077533539021,0.0009084077533539021,3,"[26, 123, 124]","[6262, 1, 1]"
255,33,267,1074,0.0009137809059823026,0.0009137809059823026,1,[3],[6276]
256,33,267,1075,0.0009133936484592551,0.0009133936484592551,1,[3],[6283]
257,33,267,1075,0.0009144236484592602,1.0300000000050503e-06,1,[3],[6240]
258,33,267,1076,0.0009133034529285129,0.0009133034529285129,1,[3],[6337]
259,33,267,1076,0.0009138734529285157,5.700000000027948e-07,1,[3],[6175]
260,33,267,1076,0.0009149034529285208,1.0300000000050503e-06,1,[3],[6253]
261,33,267,1077,0.0009134006496333246,0.0009134006496333246,1,[3],[6260]
262,33,267,1077,0.0009139406496333273,5.400000000026477e-07,1,[3],[6251]
263,33,267,1077,0.0009147106496333311,7.700000000037755e-07,1,[3],[6258]
264,33,267,1078,0.0009137093953169325,0.0009137093953169325,1,[3],[6266]
265,33,267,1078,0.000914429395316936,7.200000000035303e-07,1,[3],[6238]
266,33,267,1079,0.0009143236819643368,0.0009143236819643368,1,[3],[6287]
267,33,268,1034,0.0009080826401005378,0.0009080826401005378,3,"[26, 123, 124]","[6290, 4, 4]"
268,33,268,1034,0.0009100326401005474,1.9500000000095613e-06,3,"[26, 123, 124]","[6198, 2, 2]"
269,33,268,1035,0.0009071151918704542,0.0009071151918704542,2,"[26, 123]","[6307, 4]"
270,33,268,1035,0.0009078651918704579,7.500000000036774e-07,3,"[26, 123, 124]","[6244, 5, 1]"
271,33,268,1036,0.0009066634708197401,0.0009066634708197401,1,[26],[6267]
272,33,268,1078,0.0009141506461855841,0.0009141506461855841,1,[3],[6282]
273,33,268,1079,0.0009138599979155023,0.0009138599979155023,2,"[3, 16]","[6273, 1]"
274,33,268,1079,0.0009145199979155056,6.600000000032361e-07,2,"[3, 16]","[6236, 1]"
275,33,268,1080,0.0009138445717574715,0.0009138445717574715,2,"[3, 16]","[5859, 452]"
276,33,268,1080,0.0009143445717574739,5.000000000024516e-07,2,"[3, 16]","[5635, 613]"
277,33,268,1080,0.0009149045717574767,5.600000000027458e-07,2,"[3, 16]","[5439, 811]"
278,33,268,1081,0.0009139839510605806,0.0009139839510605806,2,"[3, 16]","[4995, 1300]"
279,33,268,1081,0.000914473951060583,4.900000000024026e-07,2,"[3, 16]","[4656, 1630]"
280,33,268,1081,0.0009150039510605856,5.300000000025987e-07,2,"[3, 16]","[4370, 1823]"
281,33,268,1082,0.0009146080825669251,0.0009146080825669251,2,"[3, 16]","[6179, 108]"
282,33,269,1036,0.0009061464500377237,0.0009061464500377237,1,[26],[6284]
283,33,269,1036,0.0009078664500377321,1.7200000000084335e-06,1,[26],[6216]
284,33,269,1037,0.0009052400700752541,0.0009052400700752541,1,[26],[6339]
285,33,269,1037,0.0009059900700752577,7.500000000036774e-07,1,[26],[6198]
286,33,269,1081,0.0009152503181856869,0.0009152503181856869,2,"[3, 16]","[5331, 927]"
287,33,269,1082,0.0009144826245595832,0.0009144826245595832,3,"[3, 16, 167]","[6256, 18, 1]"
288,33,269,1083,0.0009143084334463379,0.0009143084334463379,3,"[3, 15, 167]","[6036, 94, 153]"
289,33,269,1083,0.0009149084334463409,6.000000000029419e-07,3,"[3, 15, 167]","[5898, 158, 184]"
290,33,269,1084,0.0009141574631620201,0.0009141574631620201,3,"[3, 15, 167]","[3927, 869, 1457]"
291,33,269,1084,0.0009145674631620221,4.100000000020103e-07,3,"[3, 15, 167]","[3763, 1238, 1407]"
292,33,269,1084,0.0009149174631620238,3.500000000017161e-07,3,"[3, 15, 167]","[3539, 1398, 1238]"
293,33,269,1084,0.0009153174631620258,4.000000000019613e-07,3,"[3, 15, 167]","[3303, 1752, 1155]"
294,33,269,1084,0.0009168474631620333,1.530000000007502e-06,3,"[3, 15, 167]","[2914, 2373, 923]"
295,33,269,1085,0.000914490526307167,0.000914490526307167,3,"[3, 15, 167]","[5432, 356, 482]"
296,33,269,1085,0.0009151905263071705,7.000000000034323e-07,3,"[3, 15, 167]","[5177, 624, 480]"
297,33,270,1037,0.0009056208982086533,0.0009056208982086533,1,[26],[6278]
298,33,270,1038,0.0009041508687156238,0.0009041508687156238,1,[26],[6266]
299,33,270,1038,0.0009048508687156272,7.000000000034323e-07,1,[26],[6272]
300,33,270,1039,0.00090437026857813,0.00090437026857813,1,[26],[6271]
301,33,270,1084,0.0009148972348902811,0.0009148972348902811,3,"[3, 15, 167]","[3549, 1482, 1256]"
302,33,270,1085,0.0009145482833898863,0.0009145482833898863,3,"[3, 15, 167]","[5989, 173, 143]"
303,33,270,1085,0.0009153482833898902,8.000000000039226e-07,3,"[3, 15, 167]","[5768, 290, 166]"
304,33,270,1086,0.0009142855216539016,0.0009142855216539016,2,"[3, 14]","[6318, 4]"
305,33,270,1086,0.0009148055216539042,5.200000000025497e-07,2,"[3, 14]","[6286, 5]"
306,33,270,1086,0.0009154755216539075,6.700000000032852e-07,3,"[3, 14, 15]","[6131, 8, 1]"
307,33,270,1087,0.000914224435350485,0.000914224435350485,2,"[3, 14]","[5783, 515]"
308,33,270,1087,0.0009147044353504873,4.800000000023535e-07,2,"[3, 14]","[5626, 617]"
309,33,270,1087,0.0009152244353504899,5.200000000025497e-07,2,"[3, 14]","[5581, 650]"
310,33,270,1088,0.000914367923209807,0.000914367923209807,2,"[3, 14]","[5446, 819]"
311,33,270,1088,0.0009150679232098105,7.000000000034323e-07,2,"[3, 14]","[5326, 972]"
312,33,270,1089,0.0009153200320334542,0.0009153200320334542,2,"[3, 14]","[6231, 23]"
313,33,271,1039,0.0009032304876407008,0.0009032304876407008,2,"[26, 32]","[6281, 1]"
314,33,271,1039,0.0009038504876407038,6.2000000000304e-07,1,[26],[6230]
315,33,271,1040,0.0009029967813628444,0.0009029967813628444,3,"[26, 32, 46]","[5785, 247, 239]"
316,33,271,1040,0.0009041167813628499,1.1200000000054916e-06,2,"[26, 32]","[6160, 69]"
317,33,271,1087,0.0009155226196096467,0.0009155226196096467,2,"[3, 14]","[4933, 1324]"
318,33,271,1088,0.0009144861085573346,0.0009144861085573346,2,"[3, 14]","[5631, 659]"
319,33,271,1088,0.0009154661085573394,9.800000000048052e-07,2,"[3, 14]","[5291, 930]"
320,33,271,1089,0.0009141807171165483,0.0009141807171165483,2,"[3, 14]","[6324, 2]"
321,33,271,1089,0.0009147507171165511,5.700000000027948e-07,2,"[3, 14]","[6193, 7]"
322,33,271,1090,0.0009140411691711265,0.0009140411691711265,1,[3],[6279]
323,33,271,1090,0.0009145711691711291,5.300000000025987e-07,1,[3],[6272]
324,33,271,1090,0.0009153211691711328,7.500000000036774e-07,1,[3],[6238]
325,33,271,1091,0.0009141190861732175,0.0009141190861732175,1,[3],[6297]
326,33,271,1091,0.0009148590861732211,7.400000000036284e-07,1,[3],[6221]
327,33,271,1092,0.0009149413640824048,0.0009149413640824048,1,[3],[6274]
328,33,272,1040,0.0009023733783064127,0.0009023733783064127,5,"[26, 32, 33, 34, 46]","[4262, 1483, 50, 5, 464]"
329,33,272,1040,0.000903033378306416,6.600000000032361e-07,3,"[26, 32, 33]","[5117, 1184, 12]"
330,33,272,1041,0.0009009296036929883,0.0009009296036929883,7,"[26, 32, 33, 34, 46, 83, 86]","[1915, 80, 229, 708, 3341, 2, 1]"
331,33,272,1041,0.0009017296036929922,8.000000000039226e-07,4,"[26, 32, 33, 34]","[4061, 652, 924, 638]"
332,33,272,1041,0.0009022496036929947,5.200000000025497e-07,4,"[26, 32, 33, 34]","[4071, 1269, 656, 211]"
333,33,272,1041,0.0009028196036929975,5.700000000027948e-07,4,"[26, 32, 33, 34]","[4042, 1671, 488, 51]"
334,33,272,1042,0.0009010804169298428,0.0009010804169298428,7,"[26, 32, 33, 34, 46, 83, 86]","[3608, 4, 175, 2169, 328, 6, 3]"
335,33,272,1091,0.0009144824638987646,0.0009144824638987646,1,[3],[6264]
336,33,272,1092,0.0009139925836398437,0.0009139925836398437,1,[3],[6283]
337,33,272,1092,0.0009147525836398474,7.600000000037264e-07,1,[3],[6222]
338,33,272,1093,0.0009137525338855991,0.0009137525338855991,1,[3],[6276]
339,33,272,1093,0.0009143525338856021,6.000000000029419e-07,1,[3],[6241]
340,33,272,1094,0.0009138063424688034,0.0009138063424688034,1,[3],[6303]
341,33,272,1094,0.0009147163424688079,9.100000000044619e-07,1,[3],[6199]
342,33,272,1095,0.0009146905714880524,0.0009146905714880524,1,[3],[6252]
343,33,273,1041,0.0009011625763506125,0.0009011625763506125,8,"[26, 32, 33, 34, 40, 46, 83, 86]","[3949, 21, 295, 1061, 881, 66, 6, 3]"
344,33,273,1041,0.0009025225763506191,1.3600000000066684e-06,5,"[26, 32, 33, 34, 83]","[3895, 412, 1225, 690, 2]"
345,33,273,1042,0.0008990962078415335,0.0008990962078415335,5,"[26, 34, 40, 46, 80]","[6275, 8, 16, 3, 2]"
346,33,273,1042,0.0008999262078415376,8.300000000040697e-07,4,"[26, 33, 34, 83]","[6013, 1, 212, 2]"
347,33,273,1042,0.0009007462078415416,8.200000000040206e-07,5,"[26, 33, 34, 83, 86]","[5018, 42, 1179, 7, 3]"
348,33,273,1042,0.0009019162078415474,1.1700000000057368e-06,6,"[26, 32, 33, 34, 83, 86]","[3443, 1, 438, 2343, 8, 2]"
349,33,273,1094,0.0009141144844904399,0.0009141144844904399,1,[3],[6287]
350,33,273,1095,0.000913530141515719,0.000913530141515719,1,[3],[6307]
351,33,273,1095,0.0009142301415157225,7.000000000034323e-07,1,[3],[6233]
352,33,273,1096,0.0009133161422032802,0.0009133161422032802,1,[3],[6293]
353,33,273,1096,0.0009139161422032832,6.000000000029419e-07,1,[3],[6210]
354,33,273,1097,0.000913407556059,0.000913407556059,2,"[3, 13]","[6336, 1]"
355,33,273,1097,0.0009144375560590051,1.0300000000050503e-06,1,[3],[6173]
356,33,273,1098,0.0009145329135490056,0.0009145329135490056,2,"[3, 13]","[6047, 206]"
357,33,274,1040,0.0008943855012287346,0.0008943855012287346,2,"[40, 44]","[6208, 81]"
358,33,274,1041,0.0008938423591793849,0.0008938423591793849,1,[40],[6290]
359,33,274,1041,0.0008948723591793899,1.0300000000050503e-06,2,"[40, 41]","[6220, 1]"
360,33,274,1042,0.0008986658954682529,0.0008986658954682529,3,"[26, 40, 80]","[5990, 280, 12]"
361,33,274,1043,0.0008984638852998579,0.0008984638852998579,2,"[26, 80]","[6309, 13]"
362,33,274,1043,0.0008998438852998647,1.3800000000067664e-06,2,"[26, 80]","[6172, 15]"
363,33,274,1097,0.0009136525207490725,0.0009136525207490725,1,[3],[6266]
364,33,274,1098,0.0009129700660183001,0.0009129700660183001,2,"[3, 13]","[5177, 1118]"
365,33,274,1098,0.0009135700660183031,6.000000000029419e-07,2,"[3, 13]","[5826, 386]"
366,33,274,1099,0.0009122876835103568,0.0009122876835103568,2,"[3, 13]","[1748, 4524]"
367,33,274,1099,0.0009127076835103589,4.2000000000205935e-07,2,"[3, 13]","[2732, 3641]"
368,33,274,1099,0.0009130376835103605,3.3000000000161806e-07,2,"[3, 13]","[3090, 3029]"
369,33,274,1099,0.0009133876835103622,3.500000000017161e-07,2,"[3, 13]","[3664, 2656]"
370,33,274,1099,0.0009139076835103648,5.200000000025497e-07,2,"[3, 13]","[4211, 1970]"
371,33,274,1100,0.0009128075670754764,0.0009128075670754764,2,"[3, 13]","[4557, 1770]"
372,33,274,1100,0.0009134975670754798,6.900000000033832e-07,2,"[3, 13]","[5037, 1214]"
373,33,274,1101,0.0009140462942002233,0.0009140462942002233,2,"[3, 13]","[6246, 6]"
374,33,275,1042,0.000898734307818601,0.000898734307818601,2,"[26, 40]","[6196, 92]"
375,33,275,1043,0.00089798858485907,0.00089798858485907,1,[26],[6308]
376,33,275,1043,0.0008987385848590737,7.500000000036774e-07,2,"[26, 80]","[6220, 1]"
377,33,275,1099,0.0009141308983072567,0.0009141308983072567,2,"[3, 13]","[3811, 2445]"
378,33,275,1100,0.0009131762874378788,0.0009131762874378788,2,"[3, 13]","[5841, 462]"
379,33,275,1101,0.0009127352318590929,0.0009127352318590929,1,[3],[6353]
380,33,275,1101,0.0009134152318590963,6.800000000033342e-07,2,"[3, 13]","[6158, 1]"
381,33,275,1102,0.0009125677874549138,0.0009125677874549138,1,[3],[6335]
382,33,275,1102,0.0009131677874549167,6.000000000029419e-07,1,[3],[6247]
383,33,275,1103,0.0009126510440016816,0.0009126510440016816,2,"[3, 12]","[6208, 84]"
384,33,275,1103,0.000913541044001686,8.900000000043639e-07,2,"[3, 12]","[6152, 57]"
385,33,275,1104,0.0009129354036394952,0.0009129354036394952,3,"[3, 11, 12]","[5086, 23, 1188]"
386,33,276,1042,0.0008978571526331862,0.0008978571526331862,2,"[26, 59]","[6084, 175]"
387,33,276,1043,0.0008971723697835015,0.0008971723697835015,2,"[26, 59]","[6252, 4]"
388,33,276,1043,0.0008979423697835052,7.700000000037755e-07,2,"[26, 59]","[6246, 2]"
389,33,276,1103,0.0009129615805974116,0.0009129615805974116,2,"[3, 12]","[5912, 347]"
390,33,276,1104,0.0009122498559711699,0.0009122498559711699,4,"[3, 10, 11, 12]","[4544, 1, 111, 1617]"
391,33,276,1104,0.0009127598559711724,5.100000000025006e-07,4,"[3, 10, 11, 12]","[4426, 1, 88, 1716]"
392,33,276,1104,0.0009133598559711753,6.000000000029419e-07,3,"[3, 11, 12]","[4427, 86, 1768]"
393,33,276,1105,0.000912003745087606,0.000912003745087606,4,"[3, 10, 11, 12]","[4010, 247, 1883, 165]"
394,33,276,1105,0.000912413745087608,4.100000000020103e-07,4,"[3, 10, 11, 12]","[4027, 228, 1863, 216]"
395,33,276,1105,0.0009127737450876097,3.6000000000176516e-07,4,"[3, 10, 11, 12]","[3913, 224, 1745, 229]"
396,33,276,1105,0.000913243745087612,4.700000000023045e-07,4,"[3, 10, 11, 12]","[4009, 228, 1817, 250]"
397,33,276,1106,0.000912068153310143,0.000912068153310143,3,"[3, 10, 11]","[4497, 988, 807]"
398,33,276,1106,0.0009125781533101455,5.100000000025006e-07,3,"[3, 10, 11]","[4463, 981, 878]"
399,33,276,1106,0.0009131881533101485,6.10000000002991e-07,3,"[3, 10, 11]","[4184, 978, 992]"
400,33,276,1107,0.0009125020499065621,0.0009125020499065621,3,"[3, 10, 11]","[6195, 73, 4]"
401,33,277,1042,0.0008973153887508431,0.0008973153887508431,3,"[26, 59, 76]","[5110, 1174, 27]"
402,33,277,1042,0.0008982853887508479,9.700000000047561e-07,2,"[26, 59]","[4007, 2207]"
403,33,277,1043,0.00089742021136371,0.00089742021136371,5,"[26, 48, 59, 76, 77]","[5907, 5, 25, 327, 3]"
404,33,277,1106,0.000913029814647662,0.000913029814647662,3,"[3, 10, 11]","[5224, 679, 361]"
405,33,277,1107,0.0009123322785644844,0.0009123322785644844,2,"[3, 10]","[6240, 15]"
406,33,277,1108,0.0009120141826896254,0.0009120141826896254,1,[3],[6286]
407,33,277,1108,0.0009126541826896286,6.400000000031381e-07,1,[3],[6278]
408,33,277,1109,0.0009119184938321636,0.0009119184938321636,1,[3],[6354]
409,33,277,1109,0.0009124984938321664,5.800000000028439e-07,1,[3],[6192]
410,33,277,1109,0.0009142984938321753,1.8000000000088258e-06,1,[3],[6204]
411,33,277,1110,0.0009119035165289687,0.0009119035165289687,1,[3],[6317]
412,33,277,1110,0.0009125535165289719,6.500000000031871e-07,1,[3],[6225]
413,33,277,1111,0.0009121120210165886,0.0009121120210165886,1,[3],[6285]
414,33,277,1112,0.0009127791302332227,0.0009127791302332227,1,[3],[6260]
415,33,278,1111,0.0009121653814403356,0.0009121653814403356,1,[3],[6278]
416,33,278,1112,0.0009118334489031917,0.0009118334489031917,1,[3],[6304]
417,33,278,1112,0.0009125434489031951,7.100000000034813e-07,1,[3],[6237]
418,33,278,1113,0.0009116768879310984,0.0009116768879310984,1,[3],[6356]
419,33,278,1113,0.0009122468879311012,5.700000000027948e-07,1,[3],[6198]
420,33,278,1113,0.00091405688793111,1.8100000000088748e-06,1,[3],[6196]
421,33,278,1114,0.0009116439245109534,0.0009116439245109534,1,[3],[6303]
422,33,278,1114,0.0009122639245109565,6.2000000000304e-07,1,[3],[6280]
423,33,278,1115,0.0009117621750675615,0.0009117621750675615,2,"[3, 9]","[6293, 10]"
424,33,278,1115,0.0009127021750675661,9.40000000004609e-07,2,"[3, 9]","[6213, 11]"
425,33,278,1116,0.0009119854985200521,0.0009119854985200521,2,"[3, 9]","[5085, 1213]"
426,33,279,1115,0.0009120530001922144,0.0009120530001922144,2,"[3, 9]","[6220, 36]"
427,33,279,1116,0.0009115041578520431,0.0009115041578520431,2,"[3, 9]","[5055, 1227]"
428,33,279,1116,0.0009120741578520459,5.700000000027948e-07,2,"[3, 9]","[4704, 1529]"
429,33,279,1116,0.0009130341578520506,9.60000000004707e-07,2,"[3, 9]","[4416, 1840]"
430,33,279,1117,0.0009114516738388359,0.0009114516738388359,2,"[3, 9]","[5321, 941]"
431,33,279,1117,0.0009119716738388385,5.200000000025497e-07,2,"[3, 9]","[5257, 1068]"
432,33,279,1117,0.0009126116738388416,6.400000000031381e-07,2,"[3, 9]","[4986, 1235]"
433,33,279,1118,0.0009116107167253859,0.0009116107167253859,2,"[3, 9]","[6309, 16]"
434,33,279,1118,0.0009122107167253889,6.000000000029419e-07,2,"[3, 9]","[6175, 12]"
435,33,279,1119,0.0009118677198166438,0.0009118677198166438,1,[3],[6250]
436,33,279,1119,0.0009128677198166487,1.0000000000049032e-06,1,[3],[6257]
437,33,279,1120,0.0009124458807737245,0.0009124458807737245,1,[3],[6272]
438,33,280,1119,0.0009122329384785755,0.0009122329384785755,1,[3],[6266]
439,33,280,1120,0.0009118979085035033,0.0009118979085035033,1,[3],[6274]
440,33,280,1120,0.0009127179085035073,8.200000000040206e-07,1,[3],[6264]
441,33,280,1121,0.0009118343872552629,0.0009118343872552629,1,[3],[6294]
442,33,280,1121,0.0009124343872552659,6.000000000029419e-07,1,[3],[6233]
443,33,280,1122,0.0009119043363744181,0.0009119043363744181,2,"[3, 8]","[6026, 251]"
444,33,280,1122,0.0009124843363744209,5.800000000028439e-07,2,"[3, 8]","[5873, 381]"
445,33,280,1123,0.0009118814818554693,0.0009118814818554693,2,"[3, 8]","[3795, 2574]"
446,33,280,1123,0.0009123514818554716,4.700000000023045e-07,2,"[3, 8]","[3371, 2764]"
447,33,280,1123,0.000912851481855474,5.000000000024516e-07,2,"[3, 8]","[3317, 2998]"
448,33,280,1124,0.0009127965546123158,0.0009127965546123158,3,"[3, 7, 8]","[4928, 23, 1331]"
449,33,281,1123,0.0009122362769710615,0.0009122362769710615,2,"[3, 8]","[4489, 1818]"
450,33,281,1123,0.0009131962769710662,9.60000000004707e-07,2,"[3, 8]","[4180, 2032]"
451,33,281,1124,0.0009122269450731081,0.0009122269450731081,3,"[3, 7, 8]","[5832, 116, 307]"
452,33,281,1124,0.0009129669450731118,7.400000000036284e-07,3,"[3, 7, 8]","[5838, 203, 254]"
453,33,281,1125,0.0009121807179709459,0.0009121807179709459,2,"[3, 7]","[5281, 1007]"
454,33,281,1125,0.0009127007179709484,5.200000000025497e-07,2,"[3, 7]","[4995, 1274]"
455,33,281,1125,0.0009133707179709517,6.700000000032852e-07,2,"[3, 7]","[4789, 1439]"
456,33,281,1126,0.0009123914824613336,0.0009123914824613336,2,"[3, 7]","[6128, 206]"
457,33,281,1126,0.0009130414824613368,6.500000000031871e-07,2,"[3, 7]","[5968, 239]"
458,33,281,1127,0.0009128091793736568,0.0009128091793736568,1,[3],[6269]
459,33,282,1126,0.0009132391228438623,0.0009132391228438623,2,"[3, 7]","[6189, 75]"
460,33,282,1127,0.0009126132272489868,0.0009126132272489868,1,[3],[6265]
461,33,282,1127,0.0009136032272489917,9.900000000048542e-07,1,[3],[6250]
462,33,282,1128,0.000912504170807268,0.000912504170807268,1,[3],[6307]
463,33,282,1128,0.000913114170807271,6.10000000002991e-07,1,[3],[6201]
464,33,282,1129,0.0009125426541583533,0.0009125426541583533,1,[3],[6266]
465,33,282,1129,0.000913102654158356,5.600000000027458e-07,1,[3],[6246]
466,33,282,1129,0.0009140926541583609,9.900000000048542e-07,1,[3],[6247]
467,33,282,1130,0.0009127448838743635,0.0009127448838743635,1,[3],[6290]
468,33,282,1130,0.000913464883874367,7.200000000035303e-07,1,[3],[6216]
469,33,282,1131,0.0009132159363776939,0.0009132159363776939,1,[3],[6282]
470,33,283,1130,0.0009134080321888047,0.0009134080321888047,1,[3],[6264]
471,33,283,1131,0.0009129328955197946,0.0009129328955197946,1,[3],[6320]
472,33,283,1131,0.0009138028955197988,8.700000000042658e-07,1,[3],[6214]
473,33,283,1132,0.0009128162151176975,0.0009128162151176975,1,[3],[6318]
474,33,283,1132,0.0009134062151177004,5.900000000028929e-07,1,[3],[6241]
475,33,283,1132,0.0009148362151177074,1.4300000000070116e-06,1,[3],[6196]
476,33,283,1133,0.0009128948473662097,0.0009128948473662097,2,"[3, 6]","[6312, 15]"
477,33,283,1133,0.0009134648473662125,5.700000000027948e-07,2,"[3, 6]","[6155, 19]"
478,33,283,1133,0.0009146648473662184,1.2000000000058839e-06,2,"[3, 6]","[6174, 82]"
479,33,283,1134,0.0009129389226886988,0.0009129389226886988,2,"[3, 6]","[4878, 1459]"
480,33,283,1134,0.0009134489226887013,5.100000000025006e-07,2,"[3, 6]","[4437, 1788]"
481,33,283,1134,0.0009139589226887039,5.100000000025006e-07,2,"[3, 6]","[3763, 2499]"
482,33,283,1134,0.0009147089226887075,7.500000000036774e-07,2,"[3, 6]","[2146, 4052]"
483,33,283,1135,0.0009130930272381921,0.0009130930272381921,3,"[3, 5, 6]","[3269, 73, 2930]"
484,33,283,1135,0.000913683027238195,5.900000000028929e-07,3,"[3, 5, 6]","[3201, 96, 2994]"
485,33,283,1135,0.0009143730272381984,6.900000000033832e-07,3,"[3, 5, 6]","[2344, 89, 3758]"
486,33,283,1136,0.0009138718216264819,0.0009138718216264819,3,"[3, 5, 6]","[3434, 2642, 191]"
487,33,284,1134,0.0009132738220852826,0.0009132738220852826,2,"[3, 6]","[4470, 1790]"
488,33,284,1134,0.000914163822085287,8.900000000043639e-07,2,"[3, 6]","[3830, 2432]"
489,33,284,1135,0.0009129480986327424,0.0009129480986327424,3,"[3, 5, 6]","[3976, 104, 2192]"
490,33,284,1135,0.0009134480986327448,5.000000000024516e-07,3,"[3, 5, 6]","[4157, 186, 2007]"
491,33,284,1135,0.0009139680986327474,5.200000000025497e-07,3,"[3, 5, 6]","[3955, 179, 2055]"
492,33,284,1136,0.0009129866358519764,0.0009129866358519764,3,"[3, 5, 6]","[4393, 1845, 116]"
493,33,284,1136,0.0009134266358519786,4.400000000021574e-07,3,"[3, 5, 6]","[4076, 2061, 75]"
494,33,284,1136,0.0009138366358519806,4.100000000020103e-07,3,"[3, 5, 6]","[3946, 2303, 72]"
495,33,284,1136,0.0009144366358519835,6.000000000029419e-07,3,"[3, 5, 6]","[3575, 2503, 59]"
496,33,284,1137,0.0009131234699836934,0.0009131234699836934,2,"[3, 5]","[5721, 532]"
497,33,284,1137,0.0009136734699836961,5.500000000026968e-07,2,"[3, 5]","[5688, 665]"
498,33,284,1137,0.0009145134699837002,8.400000000041187e-07,2,"[3, 5]","[5406, 772]"
499,33,284,1138,0.0009132334634558303,0.0009132334634558303,1,[3],[6262]
500,33,284,1138,0.000913993463455834,7.600000000037264e-07,2,"[3, 5]","[6264, 1]"
501,33,284,1139,0.000913538309138024,0.000913538309138024,1,[3],[6301]
502,33,285,1138,0.00091402556777587,0.00091402556777587,1,[3],[6250]
503,33,285,1139,0.0009133373551190644,0.0009133373551190644,1,[3],[6287]
504,33,285,1139,0.0009145573551190704,1.220000000005982e-06,1,[3],[6226]
505,33,285,1140,0.0009130932060496402,0.0009130932060496402,1,[3],[6262]
506,33,285,1140,0.0009137532060496434,6.600000000032361e-07,1,[3],[6317]
507,33,285,1141,0.0009130264844945649,0.0009130264844945649,1,[3],[6288]
508,33,285,1141,0.0009136264844945678,6.000000000029419e-07,1,[3],[6282]
509,33,285,1142,0.000913039648635117,0.000913039648635117,1,[3],[6257]
510,33,285,1142,0.0009137396486351204,7.000000000034323e-07,1,[3],[6244]
511,33,285,1143,0.0009132966753268317,0.0009132966753268317,1,[3],[6311]
512,33,285,1144,0.0009143728173052132,0.0009143728173052132,2,"[3, 4]","[6251, 5]"
513,33,286,1142,0.0009143328479829657,0.0009143328479829657,1,[3],[6261]
514,33,286,1143,0.0009132750584345056,0.0009132750584345056,1,[3],[6255]
515,33,286,1144,0.0009129657003912682,0.0009129657003912682,2,"[3, 4]","[6281, 29]"
516,33,286,1144,0.0009136657003912716,7.000000000034323e-07,2,"[3, 4]","[6223, 22]"
517,33,286,1145,0.000912761113645738,0.000912761113645738,2,"[3, 4]","[5213, 1069]"
518,33,286,1145,0.0009132711136457405,5.100000000025006e-07,2,"[3, 4]","[5132, 1174]"
519,33,286,1145,0.0009138711136457434,6.000000000029419e-07,2,"[3, 4]","[4919, 1304]"
520,33,286,1146,0.0009127580235119117,0.0009127580235119117,2,"[3, 4]","[5493, 831]"
521,33,286,1146,0.0009133380235119145,5.800000000028439e-07,2,"[3, 4]","[5107, 1069]"
522,33,286,1147,0.0009128536173638988,0.0009128536173638988,2,"[3, 4]","[6306, 5]"
523,33,286,1148,0.000913339206753083,0.000913339206753083,1,[3],[6265]
524,33,287,1147,0.0009129932559818026,0.0009129932559818026,2,"[3, 4]","[6260, 3]"
525,33,287,1148,0.0009124494336848619,0.0009124494336848619,1,[3],[6286]
526,33,287,1148,0.000913299433684866,8.500000000041677e-07,1,[3],[6216]
527,33,287,1149,0.000912112470636958,0.000912112470636958,1,[3],[6356]
528,33,287,1149,0.0009127624706369612,6.500000000031871e-07,1,[3],[6207]
529,33,287,1150,0.0009119270237635192,0.0009119270237635192,1,[3],[6255]
530,33,287,1150,0.0009126070237635226,6.800000000033342e-07,1,[3],[6305]
531,33,287,1151,0.0009118814813590699,0.0009118814813590699,1,[3],[6320]
532,33,287,1151,0.000912921481359075,1.0400000000050993e-06,1,[3],[6206]
533,33,287,1152,0.0009121248485040676,0.0009121248485040676,1,[3],[6278]
534,33,287,1154,0.0009116997859508788,0.0009116997859508788,2,"[1, 3]","[5780, 509]"
535,33,287,1155,0.0009109078055335638,0.0009109078055335638,2,"[1, 3]","[6269, 1]"
536,33,287,1155,0.0009118178055335682,9.100000000044619e-07,2,"[1, 3]","[6250, 4]"
537,33,287,1156,0.0009104534902274868,0.0009104534902274868,1,[1],[6286]
538,33,287,1156,0.0009109734902274894,5.200000000025497e-07,1,[1],[6289]
539,33,287,1156,0.0009116234902274926,6.500000000031871e-07,1,[1],[6205]
540,33,287,1157,0.0009101691940152277,0.0009101691940152277,1,[1],[6323]
541,33,287,1157,0.0009106091940152298,4.400000000021574e-07,1,[1],[6336]
542,33,287,1157,0.0009109991940152317,3.9000000000191225e-07,1,[1],[6128]
543,33,287,1157,0.0009115591940152345,5.600000000027458e-07,1,[1],[6218]
544,33,287,1158,0.0009099451363899574,0.0009099451363899574,1,[1],[6312]
545,33,287,1158,0.0009103451363899593,4.000000000019613e-07,1,[1],[6222]
546,33,287,1158,0.0009106951363899611,3.500000000017161e-07,1,[1],[6261]
547,33,287,1158,0.0009111151363899631,4.2000000000205935e-07,1,[1],[6283]
548,33,287,1159,0.0009097472949864571,0.0009097472949864571,1,[1],[6266]
549,33,287,1159,0.000910137294986459,3.9000000000191225e-07,1,[1],[6351]
550,33,287,1159,0.0009104572949864605,3.2000000000156903e-07,1,[1],[6191]
551,33,287,1159,0.0009108072949864623,3.500000000017161e-07,1,[1],[6331]
552,33,287,1159,0.000911357294986465,5.500000000026968e-07,1,[1],[6186]
553,33,287,1160,0.000909621346789908,0.000909621346789908,1,[1],[6273]
554,33,287,1160,0.0009100013467899098,3.800000000018632e-07,1,[1],[6351]
555,33,287,1160,0.0009103113467899114,3.1000000000152e-07,1,[1],[6261]
556,33,287,1160,0.0009106213467899129,3.1000000000152e-07,1,[1],[6199]
557,33,287,1160,0.000911041346789915,4.2000000000205935e-07,1,[1],[6249]
558,33,287,1161,0.0009095149175155809,0.0009095149175155809,1,[1],[6328]
559,33,287,1161,0.0009098849175155827,3.700000000018142e-07,1,[1],[6302]
560,33,287,1161,0.0009101849175155842,3.0000000000147097e-07,1,[1],[6169]
561,33,287,1161,0.0009104849175155857,3.0000000000147097e-07,1,[1],[6260]
562,33,287,1161,0.0009108849175155876,4.000000000019613e-07,1,[1],[6193]
563,33,287,1162,0.0009093799853342732,0.0009093799853342732,1,[1],[6356]
564,33,287,1162,0.0009097499853342751,3.700000000018142e-07,1,[1],[6309]
565,33,287,1162,0.0009100399853342765,2.9000000000142193e-07,1,[1],[6158]
566,33,287,1162,0.000910349985334278,3.1000000000152e-07,1,[1],[6327]
567,33,287,1162,0.0009107199853342798,3.700000000018142e-07,1,[1],[6165]
568,33,287,1163,0.0009092399841014224,0.0009092399841014224,1,[1],[6304]
569,33,287,1163,0.0009095999841014241,3.6000000000176516e-07,1,[1],[6201]
570,33,287,1163,0.0009098899841014256,2.9000000000142193e-07,1,[1],[6268]
571,33,287,1163,0.000910189984101427,3.0000000000147097e-07,1,[1],[6376]
572,33,287,1163,0.0009105599841014288,3.700000000018142e-07,1,[1],[6217]
573,33,287,1164,0.0009091211003803284,0.0009091211003803284,1,[1],[6263]
574,33,287,1164,0.0009094911003803303,3.700000000018142e-07,1,[1],[6369]
575,33,287,1164,0.0009097711003803316,2.800000000013729e-07,1,[1],[6140]
576,33,287,1164,0.000910061100380333,2.9000000000142193e-07,1,[1],[6354]
577,33,287,1164,0.0009104111003803348,3.500000000017161e-07,1,[1],[6206]
578,33,287,1164,0.0009113511003803394,9.40000000004609e-07,1,[1],[6186]
579,33,287,1165,0.0009090614014159264,0.0009090614014159264,1,[1],[6372]
580,33,287,1165,0.0009094314014159282,3.700000000018142e-07,1,[1],[6182]
581,33,287,1165,0.0009097314014159297,3.0000000000147097e-07,1,[1],[6237]
582,33,287,1165,0.0009100514014159312,3.2000000000156903e-07,1,[1],[6221]
583,33,287,1165,0.0009105114014159335,4.600000000022555e-07,1,[1],[6279]
584,33,287,1166,0.0009089582675868789,0.0009089582675868789,1,[1],[6290]
585,33,287,1166,0.0009093382675868808,3.800000000018632e-07,1,[1],[6211]
586,33,287,1166,0.0009096582675868824,3.2000000000156903e-07,1,[1],[6305]
587,33,287,1166,0.000909998267586884,3.400000000016671e-07,1,[1],[6324]
588,33,287,1166,0.0009104982675868865,5.000000000024516e-07,1,[1],[6122]
589,33,287,1167,0.000908855226181172,0.000908855226181172,1,[1],[6289]
590,33,287,1167,0.0009092352261811738,3.800000000018632e-07,1,[1],[6287]
591,33,287,1167,0.0009095552261811754,3.2000000000156903e-07,1,[1],[6301]
592,33,287,1167,0.000909875226181177,3.2000000000156903e-07,1,[1],[6129]
593,33,287,1167,0.0009103552261811793,4.800000000023535e-07,1,[1],[6295]
594,33,287,1168,0.0009087678852948602,0.0009087678852948602,1,[1],[6264]
595,33,287,1168,0.0009091478852948621,3.800000000018632e-07,1,[1],[6313]
596,33,287,1168,0.0009094578852948636,3.1000000000152e-07,1,[1],[6178]
597,33,287,1168,0.0009097878852948652,3.3000000000161806e-07,1,[1],[6335]
598,33,287,1168,0.0009102578852948675,4.700000000023045e-07,1,[1],[6188]
599,33,287,1169,0.0009087774885384022,0.0009087774885384022,1,[1],[6372]
600,33,287,1169,0.000909157488538404,3.800000000018632e-07,1,[1],[6254]
601,33,287,1169,0.0009094774885384056,3.2000000000156903e-07,1,[1],[6237]
602,33,287,1169,0.0009098374885384074,3.6000000000176516e-07,1,[1],[6220]
603,33,287,1169,0.0009104474885384103,6.10000000002991e-07,1,[1],[6215]
604,33,287,1170,0.0009088716980778257,0.0009088716980778257,1,[1],[6326]
605,33,287,1170,0.0009092716980778277,4.000000000019613e-07,1,[1],[6303]
606,33,287,1170,0.0009096216980778294,3.500000000017161e-07,1,[1],[6298]
607,33,287,1170,0.0009100216980778313,4.000000000019613e-07,1,[1],[6145]
608,33,287,1171,0.0009090373132985282,0.0009090373132985282,1,[1],[6256]
609,33,287,1171,0.0009094673132985303,4.300000000021084e-07,1,[1],[6298]
610,33,287,1171,0.0009098573132985322,3.9000000000191225e-07,1,[1],[6274]
611,33,287,1171,0.0009103973132985349,5.400000000026477e-07,1,[1],[6213]
612,33,287,1172,0.000909188410563531,0.000909188410563531,1,[1],[6284]
613,33,287,1172,0.0009096384105635332,4.5000000000220645e-07,1,[1],[6371]
614,33,287,1172,0.0009100484105635352,4.100000000020103e-07,1,[1],[6113]
615,33,287,1172,0.0009107984105635389,7.500000000036774e-07,1,[1],[6234]
616,33,287,1173,0.0009093167242778653,0.0009093167242778653,1,[1],[6366]
617,33,287,1173,0.0009097667242778675,4.5000000000220645e-07,1,[1],[6277]
618,33,287,1173,0.0009102067242778697,4.400000000021574e-07,1,[1],[6140]
619,33,287,1173,0.0009113467242778752,1.1400000000055897e-06,1,[1],[6217]
620,33,287,1174,0.0009094503892135361,0.0009094503892135361,1,[1],[6300]
621,33,287,1174,0.0009099403892135385,4.900000000024026e-07,1,[1],[6329]
622,33,287,1174,0.0009104703892135411,5.300000000025987e-07,1,[1],[6134]
623,33,287,1175,0.0009095737982859072,0.0009095737982859072,1,[1],[6268]
624,33,287,1175,0.0009100937982859098,5.200000000025497e-07,1,[1],[6315]
625,33,287,1175,0.0009107137982859128,6.2000000000304e-07,1,[1],[6172]
626,33,287,1176,0.0009097124618249666,0.0009097124618249666,1,[1],[6268]
627,33,287,1176,0.0009102824618249694,5.700000000027948e-07,1,[1],[6315]
628,33,287,1176,0.0009113624618249747,1.0800000000052955e-06,1,[1],[6178]
629,33,287,1177,0.0009098365126728044,0.0009098365126728044,1,[1],[6281]
630,33,287,1177,0.0009104865126728076,6.500000000031871e-07,1,[1],[6260]
631,33,287,1178,0.0009099597750891031,0.0009099597750891031,1,[1],[6299]
632,33,287,1178,0.0009106997750891068,7.400000000036284e-07,1,[1],[6248]
633,33,287,1179,0.0009101500288185318,0.0009101500288185318,1,[1],[6303]
634,33,287,1179,0.0009113800288185379,1.230000000006031e-06,1,[1],[6204]
635,33,287,1180,0.000910250976459555,0.000910250976459555,1,[1],[6251]
636,33,287,1181,0.0009104065668619681,0.0009104065668619681,1,[1],[6298]
637,33,287,1182,0.0009104205769960718,0.0009104205769960718,1,[1],[6270]
638,33,287,1183,0.000910562549754066,0.000910562549754066,1,[1],[6279]
639,33,287,1184,0.0009109469843366804,0.0009109469843366804,1,[1],[6255]
640,33,287,1185,0.0009119886787955398,0.0009119886787955398,1,[1],[6250]
641,33,288,1151,0.0009123258587992856,0.0009123258587992856,1,[3],[6263]
642,33,288,1152,0.0009116285736157784,0.0009116285736157784,2,"[1, 3]","[4, 6252]"
643,33,288,1152,0.0009127385736157838,1.1100000000054426e-06,2,"[1, 3]","[4, 6263]"
644,33,288,1153,0.0009110075896221097,0.0009110075896221097,2,"[1, 3]","[2409, 3898]"
645,33,288,1153,0.0009115175896221122,5.100000000025006e-07,2,"[1, 3]","[1893, 4335]"
646,33,288,1153,0.0009121075896221151,5.900000000028929e-07,2,"[1, 3]","[1551, 4719]"
647,33,288,1154,0.0009103364699536413,0.0009103364699536413,2,"[1, 3]","[6079, 320]"
648,33,288,1154,0.0009106264699536427,2.9000000000142193e-07,2,"[1, 3]","[5921, 380]"
649,33,288,1154,0.0009108364699536438,2.1000000000102968e-07,2,"[1, 3]","[5815, 414]"
650,33,288,1154,0.0009110164699536446,1.8000000000088258e-07,2,"[1, 3]","[5905, 466]"
651,33,288,1154,0.0009111764699536454,1.6000000000078451e-07,2,"[1, 3]","[5626, 457]"
652,33,288,1154,0.0009113464699536463,1.7000000000083355e-07,2,"[1, 3]","[5819, 501]"
653,33,288,1154,0.0009115264699536471,1.8000000000088258e-07,2,"[1, 3]","[5803, 567]"
654,33,288,1154,0.000911706469953648,1.8000000000088258e-07,2,"[1, 3]","[5408, 520]"
655,33,288,1154,0.0009119564699536492,2.500000000012258e-07,2,"[1, 3]","[5674, 598]"
656,33,288,1154,0.0009123864699536514,4.300000000021084e-07,2,"[1, 3]","[5558, 695]"
657,33,288,1155,0.0009101506203610499,0.0009101506203610499,1,[1],[6271]
658,33,288,1155,0.0009104506203610514,3.0000000000147097e-07,2,"[1, 3]","[6494, 2]"
659,33,288,1155,0.0009106606203610524,2.1000000000102968e-07,2,"[1, 3]","[6202, 6]"
660,33,288,1155,0.0009108406203610533,1.8000000000088258e-07,2,"[1, 3]","[6393, 5]"
661,33,288,1155,0.0009110006203610541,1.6000000000078451e-07,2,"[1, 3]","[6102, 1]"
662,33,288,1155,0.0009111606203610549,1.6000000000078451e-07,2,"[1, 3]","[6263, 5]"
663,33,288,1155,0.0009113306203610557,1.7000000000083355e-07,2,"[1, 3]","[6348, 8]"
664,33,288,1155,0.0009115106203610566,1.8000000000088258e-07,2,"[1, 3]","[6015, 4]"
665,33,288,1155,0.0009117306203610577,2.200000000010787e-07,2,"[1, 3]","[6263, 12]"
666,33,288,1155,0.0009120606203610593,3.3000000000161806e-07,2,"[1, 3]","[6128, 3]"
667,33,288,1156,0.000910034840979041,0.000910034840979041,1,[1],[6254]
668,33,288,1156,0.0009103548409790425,3.2000000000156903e-07,1,[1],[6342]
669,33,288,1156,0.0009105948409790437,2.4000000000117677e-07,1,[1],[6383]
670,33,288,1156,0.0009107948409790447,2.0000000000098064e-07,1,[1],[6088]
671,33,288,1156,0.0009110048409790457,2.1000000000102968e-07,1,[1],[6488]
672,33,288,1156,0.0009112148409790467,2.1000000000102968e-07,1,[1],[6032]
673,33,288,1156,0.000911474840979048,2.6000000000127484e-07,1,[1],[6237]
674,33,288,1156,0.00091188484097905,4.100000000020103e-07,1,[1],[6181]
675,33,288,1157,0.0009099616704677971,0.0009099616704677971,1,[1],[6281]
676,33,288,1157,0.0009103016704677988,3.400000000016671e-07,1,[1],[6288]
677,33,288,1157,0.0009105716704678001,2.7000000000132387e-07,1,[1],[6402]
678,33,288,1157,0.0009108116704678013,2.4000000000117677e-07,1,[1],[6099]
679,33,288,1157,0.0009110716704678025,2.6000000000127484e-07,1,[1],[6389]
680,33,288,1157,0.0009114016704678042,3.3000000000161806e-07,1,[1],[6091]
681,33,288,1157,0.0009123416704678088,9.40000000004609e-07,1,[1],[6201]
682,33,288,1158,0.0009099017076969096,0.0009099017076969096,1,[1],[6333]
683,33,288,1158,0.0009102717076969114,3.700000000018142e-07,1,[1],[6194]
684,33,288,1158,0.0009105817076969129,3.1000000000152e-07,1,[1],[6365]
685,33,288,1158,0.0009108917076969145,3.1000000000152e-07,1,[1],[6155]
686,33,288,1158,0.0009113117076969165,4.2000000000205935e-07,1,[1],[6261]
687,33,288,1159,0.0009098513481381451,0.0009098513481381451,1,[1],[6348]
688,33,288,1159,0.000910251348138147,4.000000000019613e-07,1,[1],[6160]
689,33,288,1159,0.0009106313481381489,3.800000000018632e-07,1,[1],[6397]
690,33,288,1159,0.0009110813481381511,4.5000000000220645e-07,1,[1],[6140]
691,33,288,1160,0.0009097936301360868,0.0009097936301360868,1,[1],[6261]
692,33,288,1160,0.0009102336301360889,4.400000000021574e-07,1,[1],[6251]
693,33,288,1160,0.000910663630136091,4.300000000021084e-07,1,[1],[6243]
694,33,288,1160,0.0009114536301360949,7.900000000038735e-07,1,[1],[6265]
695,33,288,1161,0.0009097293827362614,0.0009097293827362614,1,[1],[6250]
696,33,288,1161,0.0009102193827362638,4.900000000024026e-07,1,[1],[6373]
697,33,288,1161,0.0009107293827362663,5.100000000025006e-07,1,[1],[6174]
698,33,288,1162,0.0009096997545047622,0.0009096997545047622,1,[1],[6345]
699,33,288,1162,0.0009102397545047648,5.400000000026477e-07,1,[1],[6169]
700,33,288,1162,0.0009110697545047689,8.300000000040697e-07,1,[1],[6278]
701,33,288,1163,0.0009096682859729247,0.0009096682859729247,1,[1],[6336]
702,33,288,1163,0.0009103182859729279,6.500000000031871e-07,1,[1],[6234]
703,33,288,1164,0.000909594996123564,0.000909594996123564,1,[1],[6280]
704,33,288,1164,0.0009102849961235673,6.900000000033832e-07,1,[1],[6265]
705,33,288,1165,0.0009095315937872682,0.0009095315937872682,1,[1],[6265]
706,33,288,1165,0.000910321593787272,7.900000000038735e-07,1,[1],[6289]
707,33,288,1166,0.0009093781762387489,0.0009093781762387489,1,[1],[6281]
708,33,288,1166,0.0009100981762387525,7.200000000035303e-07,1,[1],[6255]
709,33,288,1167,0.000909218608690612,0.000909218608690612,1,[1],[6300]
710,33,288,1167,0.000909848608690615,6.30000000003089e-07,1,[1],[6229]
711,33,288,1168,0.0009090994170791012,0.0009090994170791012,1,[1],[6257]
712,33,288,1168,0.0009096994170791041,6.000000000029419e-07,1,[1],[6299]
713,33,288,1169,0.0009090882267474371,0.0009090882267474371,1,[1],[6276]
714,33,288,1169,0.00090968822674744,6.000000000029419e-07,1,[1],[6261]
715,33,288,1170,0.0009091541813428106,0.0009091541813428106,1,[1],[6301]
716,33,288,1170,0.0009097241813428134,5.700000000027948e-07,1,[1],[6272]
717,33,288,1170,0.0009112441813428208,1.5200000000074529e-06,1,[1],[6180]
718,33,288,1171,0.0009092706458554602,0.0009092706458554602,1,[1],[6312]
719,33,288,1171,0.000909860645855463,5.900000000028929e-07,1,[1],[6260]
720,33,288,1172,0.0009093407448876935,0.0009093407448876935,1,[1],[6257]
721,33,288,1172,0.0009098907448876962,5.500000000026968e-07,1,[1],[6257]
722,33,288,1172,0.0009107407448877004,8.500000000041677e-07,1,[1],[6255]
723,33,288,1173,0.0009093938174401057,0.0009093938174401057,1,[1],[6267]
724,33,288,1173,0.0009099038174401082,5.100000000025006e-07,1,[1],[6237]
725,33,288,1173,0.0009105438174401114,6.400000000031381e-07,1,[1],[6298]
726,33,288,1174,0.0009094468835284324,0.0009094468835284324,1,[1],[6285]
727,33,288,1174,0.0009099268835284348,4.800000000023535e-07,1,[1],[6218]
728,33,288,1174,0.0009104568835284374,5.300000000025987e-07,1,[1],[6313]
729,33,288,1175,0.0009094790855968677,0.0009094790855968677,1,[1],[6333]
730,33,288,1175,0.00090992908559687,4.5000000000220645e-07,1,[1],[6308]
731,33,288,1175,0.0009103590855968721,4.300000000021084e-07,1,[1],[6166]
732,33,288,1175,0.0009112590855968765,9.000000000044129e-07,1,[1],[6200]
733,33,288,1176,0.0009095372587328925,0.0009095372587328925,1,[1],[6273]
734,33,288,1176,0.0009099772587328947,4.400000000021574e-07,1,[1],[6257]
735,33,288,1176,0.0009103872587328967,4.100000000020103e-07,1,[1],[6276]
736,33,288,1176,0.0009110472587328999,6.600000000032361e-07,1,[1],[6218]
737,33,288,1177,0.0009095811185150692,0.0009095811185150692,1,[1],[6358]
738,33,288,1177,0.0009100011185150713,4.2000000000205935e-07,1,[1],[6204]
739,33,288,1177,0.0009104011185150732,4.000000000019613e-07,1,[1],[6319]
740,33,288,1177,0.000910961118515076,5.600000000027458e-07,1,[1],[6149]
741,33,288,1178,0.0009096208643510178,0.0009096208643510178,1,[1],[6380]
742,33,288,1178,0.0009100308643510198,4.100000000020103e-07,1,[1],[6191]
743,33,288,1178,0.0009104108643510217,3.800000000018632e-07,1,[1],[6213]
744,33,288,1178,0.0009109208643510242,5.100000000025006e-07,1,[1],[6252]
745,33,288,1179,0.0009096848197657348,0.0009096848197657348,1,[1],[6362]
746,33,288,1179,0.0009101148197657369,4.300000000021084e-07,1,[1],[6158]
747,33,288,1179,0.0009105248197657389,4.100000000020103e-07,1,[1],[6306]
748,33,288,1179,0.0009112048197657423,6.800000000033342e-07,1,[1],[6219]
749,33,288,1180,0.0009096845841335277,0.0009096845841335277,1,[1],[6330]
750,33,288,1180,0.0009101145841335298,4.300000000021084e-07,1,[1],[6243]
751,33,288,1180,0.0009105245841335318,4.100000000020103e-07,1,[1],[6302]
752,33,288,1180,0.0009111245841335348,6.000000000029419e-07,1,[1],[6128]
753,33,288,1181,0.0009096829361901805,0.0009096829361901805,1,[1],[6254]
754,33,288,1181,0.0009101029361901825,4.2000000000205935e-07,1,[1],[6349]
755,33,288,1181,0.0009104829361901844,3.800000000018632e-07,1,[1],[6174]
756,33,288,1181,0.000911012936190187,5.300000000025987e-07,1,[1],[6287]
757,33,288,1182,0.0009096598153074146,0.0009096598153074146,1,[1],[6371]
758,33,288,1182,0.0009100498153074165,3.9000000000191225e-07,1,[1],[6209]
759,33,288,1182,0.0009103898153074182,3.400000000016671e-07,1,[1],[6248]
760,33,288,1182,0.0009107898153074202,4.000000000019613e-07,1,[1],[6301]
761,33,288,1182,0.0009120298153074262,1.24000000000608e-06,1,[1],[6123]
762,33,288,1183,0.0009096513708451737,0.0009096513708451737,1,[1],[6308]
763,33,288,1183,0.0009100413708451756,3.9000000000191225e-07,1,[1],[6299]
764,33,288,1183,0.0009103713708451773,3.3000000000161806e-07,1,[1],[6285]
765,33,288,1183,0.000910731370845179,3.6000000000176516e-07,1,[1],[6229]
766,33,288,1183,0.0009113513708451821,6.2000000000304e-07,1,[1],[6144]
767,33,288,1184,0.000909680474925732,0.000909680474925732,1,[1],[6327]
768,33,288,1184,0.000910070474925734,3.9000000000191225e-07,1,[1],[6272]
769,33,288,1184,0.0009104004749257356,3.3000000000161806e-07,1,[1],[6297]
770,33,288,1184,0.0009107504749257373,3.500000000017161e-07,1,[1],[6216]
771,33,288,1184,0.0009113704749257403,6.2000000000304e-07,1,[1],[6179]
772,33,288,1185,0.0009096919540751696,0.0009096919540751696,1,[1],[6260]
773,33,288,1185,0.0009100919540751715,4.000000000019613e-07,1,[1],[6373]
774,33,288,1185,0.0009104119540751731,3.2000000000156903e-07,1,[1],[6144]
775,33,288,1185,0.0009107819540751749,3.700000000018142e-07,1,[1],[6314]
776,33,288,1185,0.0009114719540751783,6.900000000033832e-07,1,[1],[6193]
777,33,288,1186,0.0009096669036791873,0.0009096669036791873,1,[1],[6382]
778,33,288,1186,0.0009100369036791891,3.700000000018142e-07,1,[1],[6151]
779,33,288,1186,0.0009103569036791907,3.2000000000156903e-07,1,[1],[6310]
780,33,288,1186,0.0009107069036791924,3.500000000017161e-07,1,[1],[6277]
781,33,288,1186,0.0009112569036791951,5.500000000026968e-07,1,[1],[6190]
782,33,288,1187,0.0009096313497954376,0.0009096313497954376,1,[1],[6261]
783,33,288,1187,0.0009100213497954395,3.9000000000191225e-07,1,[1],[6344]
784,33,288,1187,0.000910341349795441,3.2000000000156903e-07,1,[1],[6150]
785,33,288,1187,0.0009107113497954429,3.700000000018142e-07,1,[1],[6355]
786,33,288,1187,0.0009113713497954461,6.600000000032361e-07,1,[1],[6154]
787,33,288,1188,0.0009099869293002795,0.0009099869293002795,1,[1],[6345]
788,33,288,1188,0.0009106469293002828,6.600000000032361e-07,1,[1],[6174]
789,33,289,1154,0.0009116508718324823,0.0009116508718324823,2,"[1, 3]","[5906, 354]"
790,33,329,1110,0.0008326068134018799,0.0008326068134018799,1,[87],[6258]
791,33,329,1111,0.000833460201444742,0.000833460201444742,1,[87],[6259]
792,33,330,1110,0.0008335884022039681,0.0008335884022039681,1,[87],[6260]
793,33,348,1158,0.0008076997761376887,0.0008076997761376887,1,[89],[6282]
794,33,348,1158,0.0008085397761376928,8.400000000041187e-07,1,[89],[6264]
795,33,348,1159,0.0008079210064396948,0.0008079210064396948,1,[89],[6275]
796,33,348,1159,0.0008084010064396971,4.800000000023535e-07,1,[89],[6236]
797,33,348,1159,0.0008088510064396993,4.5000000000220645e-07,1,[89],[6250]
798,33,348,1159,0.0008097010064397035,8.500000000041677e-07,1,[89],[6260]
799,33,460,1339,0.0008491686542103152,0.0008491686542103152,2,"[137, 160]","[6345, 6]"
800,33,460,1339,0.0008498386542103185,6.700000000032852e-07,2,"[137, 160]","[6146, 4]"
801,33,460,1339,0.0008510986542103247,1.260000000006178e-06,2,"[137, 160]","[6249, 3]"
802,33,460,1339,0.00085217865421033,1.0800000000052955e-06,1,[137],[6278]
803,33,460,1340,0.0008502085005609142,0.0008502085005609142,1,[137],[6259]
804,33,460,1340,0.0008513785005609199,1.1700000000057368e-06,1,[137],[6245]
805,33,460,1340,0.0008529285005609275,1.5500000000076e-06,1,[137],[6247]
806,33,461,1336,0.0008505395643752436,0.0008505395643752436,2,"[137, 138]","[3687, 2568]"
807,33,461,1336,0.0008512795643752472,7.400000000036284e-07,2,"[137, 138]","[2668, 3607]"
808,33,461,1337,0.0008496415507368494,0.0008496415507368494,2,"[137, 138]","[6142, 205]"
809,33,461,1337,0.000850171550736852,5.300000000025987e-07,2,"[137, 138]","[5454, 721]"
810,33,461,1337,0.0008506415507368543,4.700000000023045e-07,2,"[137, 138]","[4528, 1708]"
811,33,461,1337,0.0008512415507368572,6.000000000029419e-07,2,"[137, 138]","[3253, 3030]"
812,33,461,1338,0.0008490256032698836,0.0008490256032698836,3,"[137, 160, 163]","[6325, 20, 2]"
813,33,461,1338,0.000849525603269886,5.000000000024516e-07,3,"[137, 138, 160]","[6255, 6, 19]"
814,33,461,1338,0.0008500956032698888,5.700000000027948e-07,4,"[137, 138, 160, 163]","[6094, 37, 18, 1]"
815,33,461,1339,0.000849069127740717,0.000849069127740717,3,"[137, 160, 163]","[6269, 15, 2]"
816,33,461,1339,0.0008496991277407201,6.30000000003089e-07,3,"[137, 160, 163]","[6263, 18, 2]"
817,33,461,1339,0.0008508591277407258,1.1600000000056877e-06,3,"[137, 160, 163]","[6186, 9, 2]"
818,33,461,1339,0.0008525991277407343,1.7400000000085316e-06,1,[137],[6251]
819,33,461,1340,0.0008504371760575197,0.0008504371760575197,1,[137],[6300]
820,33,461,1340,0.0008520771760575277,1.6400000000080413e-06,1,[137],[6209]
821,33,462,1337,0.0008505820420106875,0.0008505820420106875,2,"[137, 138]","[2667, 3658]"
822,33,462,1337,0.0008511520420106903,5.700000000027948e-07,2,"[137, 138]","[604, 5573]"
823,33,462,1337,0.0008517620420106933,6.10000000002991e-07,2,"[137, 138]","[198, 6107]"
824,33,462,1338,0.000851251959144618,0.000851251959144618,3,"[137, 138, 160]","[2097, 4165, 4]"
825,33,462,1338,0.0008525019591446242,1.250000000006129e-06,2,"[137, 138]","[13, 6238]"
826,33,463,1338,0.0008513379029498765,0.0008513379029498765,2,"[137, 138]","[1, 6341]"
827,33,463,1338,0.0008518779029498792,5.400000000026477e-07,1,[138],[6241]
828,33,463,1338,0.0008526279029498828,7.500000000036774e-07,1,[138],[6171]
829,33,463,1339,0.0008519509163758881,0.0008519509163758881,1,[138],[6282]
830,33,464,1338,0.0008526093955185575,0.0008526093955185575,1,[138],[6251]
831,33,464,1339,0.0008505646095961385,0.0008505646095961385,1,[138],[6296]
832,33,464,1339,0.0008511646095961414,6.000000000029419e-07,1,[138],[6286]
833,33,464,1339,0.0008518346095961447,6.700000000032852e-07,1,[138],[6224]
834,33,464,1340,0.0008521557094008312,0.0008521557094008312,1,[138],[6251]
835,33,465,1339,0.0008496973188007644,0.0008496973188007644,1,[138],[6296]
836,33,465,1339,0.0008509373188007705,1.24000000000608e-06,1,[138],[6212]
837,33,465,1340,0.0008420910882318483,0.0008420910882318483,1,[138],[6267]
838,33,465,1340,0.0008442310882318588,2.140000000010493e-06,1,[138],[6250]
839,33,465,1340,0.0008458310882318666,1.6000000000078451e-06,1,[138],[6267]
840,33,465,1340,0.0008468910882318718,1.0600000000051974e-06,1,[138],[6232]
841,33,465,1340,0.0008478610882318765,9.700000000047561e-07,1,[138],[6282]
842,33,465,1340,0.0008488210882318813,9.60000000004707e-07,1,[138],[6267]
843,33,465,1340,0.0008498510882318863,1.0300000000050503e-06,1,[138],[6218]
844,33,465,1341,0.0008415640751424955,0.0008415640751424955,1,[138],[6308]
845,33,465,1341,0.0008420540751424979,4.900000000024026e-07,1,[138],[6207]
846,33,465,1341,0.0008425240751425002,4.700000000023045e-07,1,[138],[6324]
847,33,465,1341,0.0008431340751425032,6.10000000002991e-07,1,[138],[6210]
848,33,465,1341,0.0008439840751425073,8.500000000041677e-07,1,[138],[6279]
849,33,465,1341,0.0008450140751425124,1.0300000000050503e-06,1,[138],[6178]
850,33,465,1341,0.0008471540751425229,2.140000000010493e-06,1,[138],[6247]
851,33,466,1340,0.0008472270692750989,0.0008472270692750989,1,[138],[6255]
852,33,466,1341,0.0008423169110897781,0.0008423169110897781,1,[138],[6271]
