,event,pixel_x,pixel_y,reset_time,TSLR,nMCParticles,MC_TrackIDs,MC_Weights
0,96,154,1142,0.0008774132572077787,0.0008774132572077787,1,[3],[6381]
1,96,154,1142,0.0008778232572077807,4.100000000020103e-07,1,[3],[6192]
2,96,154,1142,0.0008782032572077826,3.800000000018632e-07,1,[3],[6248]
3,96,154,1142,0.0008787132572077851,5.100000000025006e-07,2,"[3, 29]","[6193, 2]"
4,96,154,1142,0.0008808932572077957,2.180000000010689e-06,2,"[3, 29]","[3293, 2968]"
5,96,154,1142,0.0008828832572078055,1.9900000000097574e-06,1,[29],[6227]
6,96,154,1143,0.0008782951135865347,0.0008782951135865347,1,[3],[6280]
7,96,154,1143,0.0008987851135866351,2.0490000000100467e-05,5,"[3, 29, 42, 54, 57]","[2485, 2765, 963, 16, 2]"
8,96,154,1146,0.000903078575887605,0.000903078575887605,2,"[29, 39]","[6203, 47]"
9,96,155,1142,0.0008771472038789638,0.0008771472038789638,1,[3],[6378]
10,96,155,1142,0.0008774672038789654,3.2000000000156903e-07,1,[3],[6207]
11,96,155,1142,0.0008777072038789666,2.4000000000117677e-07,1,[3],[6249]
12,96,155,1142,0.0008779272038789677,2.200000000010787e-07,1,[3],[6323]
13,96,155,1142,0.0008781472038789687,2.200000000010787e-07,1,[3],[6243]
14,96,155,1142,0.00087839720387897,2.500000000012258e-07,1,[3],[6258]
15,96,155,1142,0.0008787472038789717,3.500000000017161e-07,2,"[3, 29]","[6124, 1]"
16,96,155,1142,0.0008808072038789818,2.0600000000101006e-06,2,"[3, 29]","[5104, 1113]"
17,96,155,1142,0.0008822172038789887,1.4100000000069135e-06,1,[29],[6288]
18,96,155,1142,0.0008831172038789931,9.000000000044129e-07,2,"[29, 115]","[6242, 1]"
19,96,155,1142,0.0008842972038789989,1.1800000000057858e-06,4,"[29, 81, 82, 115]","[6214, 2, 6, 20]"
20,96,155,1143,0.0008777331680321002,0.0008777331680321002,1,[3],[6329]
21,96,155,1143,0.0008784431680321037,7.100000000034813e-07,1,[3],[6219]
22,96,155,1143,0.0008825131680321236,4.070000000019956e-06,2,"[3, 29]","[3408, 2794]"
23,96,155,1145,0.0009020455619220852,0.0009020455619220852,7,"[29, 36, 39, 42, 54, 70, 71]","[6129, 43, 77, 1, 1, 3, 2]"
24,96,155,1146,0.0009012665181843252,0.0009012665181843252,3,"[29, 39, 70]","[5944, 315, 1]"
25,96,155,1146,0.0009017365181843275,4.700000000023045e-07,2,"[29, 39]","[5817, 477]"
26,96,155,1146,0.0009021565181843295,4.2000000000205935e-07,2,"[29, 39]","[5709, 571]"
27,96,155,1146,0.0009027565181843325,6.000000000029419e-07,2,"[29, 39]","[5453, 735]"
28,96,155,1147,0.0009024338919557715,0.0009024338919557715,2,"[29, 39]","[5914, 344]"
29,96,156,1142,0.0008771845368249069,0.0008771845368249069,1,[3],[6288]
30,96,156,1142,0.0008775245368249086,3.400000000016671e-07,1,[3],[6312]
31,96,156,1142,0.0008777945368249099,2.7000000000132387e-07,1,[3],[6211]
32,96,156,1142,0.0008780545368249112,2.6000000000127484e-07,1,[3],[6366]
33,96,156,1142,0.0008783345368249126,2.800000000013729e-07,1,[3],[6080]
34,96,156,1142,0.0008787645368249147,4.300000000021084e-07,1,[3],[6292]
35,96,156,1142,0.0008834645368249377,4.700000000023045e-06,4,"[3, 29, 81, 115]","[3658, 2539, 3, 8]"
36,96,156,1142,0.0008848045368249443,1.3400000000065703e-06,5,"[29, 81, 82, 115, 116]","[6123, 2, 1, 145, 3]"
37,96,156,1142,0.0008857845368249491,9.800000000048052e-07,3,"[29, 115, 116]","[6094, 126, 3]"
38,96,156,1142,0.0008868845368249545,1.1000000000053935e-06,4,"[29, 86, 115, 116]","[6243, 5, 23, 1]"
39,96,156,1142,0.0008908745368249741,3.990000000019564e-06,4,"[29, 34, 77, 86]","[6005, 170, 2, 47]"
40,96,156,1143,0.0008777418611912226,0.0008777418611912226,1,[3],[6331]
41,96,156,1143,0.0008785318611912265,7.900000000038735e-07,1,[3],[6176]
42,96,156,1143,0.0008856018611912612,7.070000000034666e-06,6,"[3, 29, 81, 82, 115, 116]","[2262, 3894, 2, 2, 93, 2]"
43,96,156,1143,0.0008978418611913212,1.2240000000060015e-05,7,"[29, 34, 36, 77, 86, 115, 116]","[6189, 19, 4, 8, 17, 9, 1]"
44,96,156,1144,0.0008989243738074407,0.0008989243738074407,5,"[3, 29, 36, 74, 115]","[30, 3936, 2355, 2, 1]"
45,96,156,1144,0.0008995743738074439,6.500000000031871e-07,4,"[29, 36, 74, 75]","[3376, 2902, 1, 2]"
46,96,156,1144,0.000900204373807447,6.30000000003089e-07,6,"[29, 36, 42, 70, 71, 74]","[4120, 2030, 1, 12, 1, 3]"
47,96,156,1144,0.0009013043738074523,1.1000000000053935e-06,6,"[29, 36, 70, 71, 74, 75]","[5429, 790, 11, 1, 1, 2]"
48,96,156,1145,0.000900143792221187,0.000900143792221187,6,"[29, 36, 39, 70, 71, 74]","[2977, 3284, 1, 7, 2, 3]"
49,96,156,1145,0.0009011037922211917,9.60000000004707e-07,6,"[29, 36, 39, 70, 71, 75]","[5763, 509, 7, 24, 1, 1]"
50,96,156,1145,0.0009019137922211957,8.100000000039716e-07,4,"[29, 36, 39, 70]","[6134, 23, 20, 9]"
51,96,156,1146,0.0009023658052082282,0.0009023658052082282,3,"[29, 36, 39]","[5298, 17, 941]"
52,96,157,1142,0.0008772392634343418,0.0008772392634343418,1,[3],[6328]
53,96,157,1142,0.0008775992634343435,3.6000000000176516e-07,1,[3],[6287]
54,96,157,1142,0.000877889263434345,2.9000000000142193e-07,1,[3],[6209]
55,96,157,1142,0.0008781892634343464,3.0000000000147097e-07,1,[3],[6339]
56,96,157,1142,0.0008785592634343482,3.700000000018142e-07,1,[3],[6204]
57,96,157,1142,0.0008852692634343811,6.710000000032901e-06,3,"[3, 29, 115]","[5566, 552, 17]"
58,96,157,1142,0.0008874592634343919,2.190000000010738e-06,4,"[29, 34, 86, 115]","[6095, 4, 171, 7]"
59,96,157,1142,0.0008884292634343966,9.700000000047561e-07,3,"[29, 34, 86]","[5548, 258, 486]"
60,96,157,1142,0.0008892292634344005,8.000000000039226e-07,3,"[29, 34, 86]","[4936, 1108, 204]"
61,96,157,1142,0.0008899692634344042,7.400000000036284e-07,4,"[29, 34, 77, 86]","[4477, 1678, 7, 24]"
62,96,157,1142,0.0008908592634344085,8.900000000043639e-07,5,"[29, 34, 77, 78, 86]","[5306, 884, 81, 1, 1]"
63,96,157,1142,0.0008918292634344133,9.700000000047561e-07,4,"[29, 34, 77, 78]","[5906, 86, 240, 3]"
64,96,157,1142,0.0008930292634344192,1.2000000000058839e-06,4,"[29, 34, 77, 78]","[6169, 1, 89, 1]"
65,96,157,1142,0.000896249263434435,3.2200000000157884e-06,1,[29],[6228]
66,96,157,1143,0.0008778174848177875,0.0008778174848177875,1,[3],[6266]
67,96,157,1143,0.0008787974848177923,9.800000000048052e-07,1,[3],[6246]
68,96,157,1143,0.0008910674848178525,1.2270000000060162e-05,7,"[3, 29, 34, 77, 78, 86, 115]","[1146, 4016, 447, 42, 2, 585, 7]"
69,96,157,1143,0.0008929574848178617,1.890000000009267e-06,4,"[29, 34, 77, 78]","[6150, 3, 99, 1]"
70,96,157,1143,0.0008940474848178671,1.0900000000053445e-06,2,"[29, 77]","[6288, 2]"
71,96,157,1143,0.0008949574848178715,9.100000000044619e-07,1,[29],[6261]
72,96,157,1143,0.0008958374848178759,8.800000000043148e-07,1,[29],[6233]
73,96,157,1143,0.0008967674848178804,9.3000000000456e-07,1,[29],[6226]
74,96,157,1143,0.0008979874848178864,1.220000000005982e-06,2,"[29, 36]","[6233, 6]"
75,96,157,1144,0.0008974697516285156,0.0008974697516285156,4,"[3, 29, 36, 86]","[30, 6231, 28, 2]"
76,96,157,1144,0.0008985297516285208,1.0600000000051974e-06,2,"[29, 36]","[5479, 787]"
77,96,157,1144,0.0008992297516285243,7.000000000034323e-07,2,"[29, 36]","[4126, 2133]"
78,96,157,1144,0.0009000097516285281,7.800000000038245e-07,5,"[29, 36, 70, 74, 75]","[3632, 2547, 3, 2, 1]"
79,96,158,1142,0.000877376851663409,0.000877376851663409,1,[3],[6354]
80,96,158,1142,0.0008777568516634108,3.800000000018632e-07,1,[3],[6264]
81,96,158,1142,0.0008780768516634124,3.2000000000156903e-07,1,[3],[6338]
82,96,158,1142,0.0008784168516634141,3.400000000016671e-07,1,[3],[6190]
83,96,158,1142,0.0008789768516634168,5.600000000027458e-07,1,[3],[6159]
84,96,158,1142,0.0008904168516634729,1.1440000000056093e-05,5,"[3, 29, 34, 77, 86]","[2124, 2843, 1029, 4, 199]"
85,96,158,1143,0.000877783483865758,0.000877783483865758,1,[3],[6267]
86,96,158,1143,0.0008784834838657615,7.000000000034323e-07,1,[3],[6285]
87,96,158,1143,0.0008930934838658331,1.4610000000071636e-05,5,"[3, 29, 34, 77, 86]","[3661, 2216, 117, 41, 164]"
88,96,159,1142,0.0008776161818639197,0.0008776161818639197,1,[3],[6289]
89,96,159,1142,0.0008780361818639217,4.2000000000205935e-07,1,[3],[6357]
90,96,159,1142,0.0008784061818639235,3.700000000018142e-07,1,[3],[6145]
91,96,159,1142,0.000878906181863926,5.000000000024516e-07,1,[3],[6249]
92,96,159,1143,0.0008778596737738795,0.0008778596737738795,1,[3],[6311]
93,96,159,1143,0.0008784196737738822,5.600000000027458e-07,1,[3],[6286]
94,96,159,1143,0.0008793396737738868,9.20000000004511e-07,1,[3],[6157]
95,96,160,1142,0.0008780458296489475,0.0008780458296489475,1,[3],[6290]
96,96,160,1142,0.0008785758296489501,5.300000000025987e-07,1,[3],[6322]
97,96,160,1142,0.0008792358296489533,6.600000000032361e-07,1,[3],[6145]
98,96,160,1143,0.0008780540865213763,0.0008780540865213763,1,[3],[6296]
99,96,160,1143,0.0008785640865213788,5.100000000025006e-07,1,[3],[6259]
100,96,160,1143,0.0008791840865213818,6.2000000000304e-07,1,[3],[6249]
101,96,161,1142,0.0008783955855646029,0.0008783955855646029,1,[3],[6286]
102,96,161,1142,0.0008790955855646063,7.000000000034323e-07,1,[3],[6269]
103,96,161,1143,0.0008781160777461006,0.0008781160777461006,1,[3],[6341]
104,96,161,1143,0.0008785460777461028,4.300000000021084e-07,1,[3],[6254]
105,96,161,1143,0.0008789560777461048,4.100000000020103e-07,1,[3],[6184]
106,96,161,1143,0.0008796560777461082,7.000000000034323e-07,1,[3],[6236]
107,96,162,1142,0.0008786534994174927,0.0008786534994174927,1,[3],[6321]
108,96,162,1142,0.0008805034994175017,1.850000000009071e-06,1,[3],[6180]
109,96,162,1143,0.0008781367699067012,0.0008781367699067012,1,[3],[6276]
110,96,162,1143,0.0008785467699067032,4.100000000020103e-07,1,[3],[6349]
111,96,162,1143,0.000878906769906705,3.6000000000176516e-07,1,[3],[6260]
112,96,162,1143,0.0008793667699067072,4.600000000022555e-07,1,[3],[6204]
113,96,163,1142,0.0008789801933245461,0.0008789801933245461,1,[3],[6276]
114,96,163,1143,0.0008782737505970816,0.0008782737505970816,1,[3],[6355]
115,96,163,1143,0.0008787137505970838,4.400000000021574e-07,1,[3],[6249]
116,96,163,1143,0.0008791337505970858,4.2000000000205935e-07,1,[3],[6152]
117,96,163,1143,0.0008799137505970897,7.800000000038245e-07,1,[3],[6272]
118,96,164,1142,0.0008790529320050068,0.0008790529320050068,1,[3],[6276]
119,96,164,1143,0.0008783626265246364,0.0008783626265246364,1,[3],[6320]
120,96,164,1143,0.0008788026265246385,4.400000000021574e-07,1,[3],[6255]
121,96,164,1143,0.0008792326265246406,4.300000000021084e-07,1,[3],[6193]
122,96,164,1143,0.0008802026265246454,9.700000000047561e-07,1,[3],[6243]
123,96,165,1142,0.0008790791155191945,0.0008790791155191945,1,[3],[6251]
124,96,165,1143,0.0008783472545085414,0.0008783472545085414,2,"[3, 26]","[6307, 1]"
125,96,165,1143,0.0008787772545085435,4.300000000021084e-07,2,"[3, 26]","[6338, 1]"
126,96,165,1143,0.0008791772545085455,4.000000000019613e-07,1,[3],[6196]
127,96,165,1143,0.0008798172545085486,6.400000000031381e-07,2,"[3, 26]","[6178, 1]"
128,96,166,1142,0.0008791848013933459,0.0008791848013933459,2,"[3, 26]","[6005, 254]"
129,96,166,1143,0.0008782929065360532,0.0008782929065360532,2,"[3, 26]","[6000, 260]"
130,96,166,1143,0.0008787029065360552,4.100000000020103e-07,2,"[3, 26]","[6091, 277]"
131,96,166,1143,0.0008790429065360569,3.400000000016671e-07,2,"[3, 26]","[5906, 238]"
132,96,166,1143,0.0008794929065360591,4.5000000000220645e-07,2,"[3, 26]","[6027, 236]"
133,96,167,1142,0.0008794196698850544,0.0008794196698850544,2,"[3, 26]","[5263, 989]"
134,96,167,1143,0.0008782551040373153,0.0008782551040373153,2,"[3, 26]","[5424, 868]"
135,96,167,1143,0.0008786351040373172,3.800000000018632e-07,2,"[3, 26]","[5508, 854]"
136,96,167,1143,0.0008789451040373187,3.1000000000152e-07,2,"[3, 26]","[5341, 847]"
137,96,167,1143,0.0008792851040373204,3.400000000016671e-07,2,"[3, 26]","[5329, 834]"
138,96,167,1143,0.0008798851040373233,6.000000000029419e-07,2,"[3, 26]","[5494, 798]"
139,96,168,1143,0.0008784021532874974,0.0008784021532874974,2,"[3, 26]","[6242, 62]"
140,96,168,1143,0.0008788221532874995,4.2000000000205935e-07,2,"[3, 26]","[6192, 50]"
141,96,168,1143,0.0008792221532875014,4.000000000019613e-07,2,"[3, 26]","[6222, 52]"
142,96,168,1143,0.0008798121532875043,5.900000000028929e-07,2,"[3, 26]","[6142, 38]"
143,96,169,1143,0.0008784815192381917,0.0008784815192381917,1,[3],[6307]
144,96,169,1143,0.0008789115192381938,4.300000000021084e-07,1,[3],[6306]
145,96,169,1143,0.0008793015192381957,3.9000000000191225e-07,1,[3],[6218]
146,96,169,1143,0.0008799015192381987,6.000000000029419e-07,1,[3],[6183]
147,96,170,1143,0.000878632819567277,0.000878632819567277,1,[3],[6339]
148,96,170,1143,0.000879052819567279,4.2000000000205935e-07,1,[3],[6250]
149,96,170,1143,0.0008794228195672808,3.700000000018142e-07,1,[3],[6169]
150,96,170,1143,0.0008799428195672834,5.200000000025497e-07,1,[3],[6252]
151,96,171,1143,0.0008789223214204112,0.0008789223214204112,1,[3],[6270]
152,96,171,1143,0.0008793823214204135,4.600000000022555e-07,2,"[3, 25]","[6285, 2]"
153,96,171,1143,0.0008798323214204157,4.5000000000220645e-07,2,"[3, 25]","[6208, 1]"
154,96,172,1143,0.0008792510104981906,0.0008792510104981906,2,"[3, 25]","[6117, 158]"
155,96,172,1143,0.0008797210104981929,4.700000000023045e-07,2,"[3, 25]","[5938, 288]"
156,96,172,1143,0.0008802110104981953,4.900000000024026e-07,2,"[3, 25]","[5900, 390]"
157,96,172,1144,0.0008807206913953718,0.0008807206913953718,2,"[3, 25]","[5750, 500]"
158,96,173,1143,0.0008795512995649148,0.0008795512995649148,2,"[3, 25]","[5612, 736]"
159,96,173,1143,0.000880011299564917,4.600000000022555e-07,2,"[3, 25]","[5494, 792]"
160,96,173,1143,0.0008804612995649192,4.5000000000220645e-07,2,"[3, 25]","[5407, 774]"
161,96,173,1143,0.000881641299564925,1.1800000000057858e-06,2,"[3, 25]","[5436, 754]"
162,96,173,1144,0.0008803278002611855,0.0008803278002611855,2,"[3, 25]","[5310, 946]"
163,96,174,1143,0.0008800193600306148,0.0008800193600306148,2,"[3, 25]","[6312, 49]"
164,96,174,1143,0.0008805293600306173,5.100000000025006e-07,2,"[3, 25]","[6160, 25]"
165,96,174,1143,0.0008811093600306202,5.800000000028439e-07,2,"[3, 25]","[6235, 5]"
166,96,174,1144,0.0008806665777831709,0.0008806665777831709,2,"[3, 25]","[6228, 31]"
167,96,175,1143,0.000880497590444072,0.000880497590444072,1,[3],[6292]
168,96,175,1143,0.0008810475904440747,5.500000000026968e-07,1,[3],[6271]
169,96,175,1143,0.0008817775904440783,7.300000000035793e-07,1,[3],[6232]
170,96,175,1144,0.0008809882415455566,0.0008809882415455566,1,[3],[6266]
171,96,176,1143,0.000881048906976671,0.000881048906976671,1,[3],[6327]
172,96,176,1143,0.000881648906976674,6.000000000029419e-07,1,[3],[6191]
173,96,176,1144,0.0008814353499848513,0.0008814353499848513,1,[3],[6303]
174,96,177,1143,0.0008816107534252104,0.0008816107534252104,1,[3],[6282]
175,96,177,1143,0.0008822807534252136,6.700000000032852e-07,1,[3],[6267]
176,96,177,1144,0.0008818290009236688,0.0008818290009236688,1,[3],[6275]
177,96,177,1144,0.0008830590009236748,1.230000000006031e-06,1,[3],[6230]
178,96,178,1143,0.0008822161644626591,0.0008822161644626591,1,[3],[6297]
179,96,178,1143,0.0008830561644626632,8.400000000041187e-07,1,[3],[6238]
180,96,178,1144,0.0008822456473048606,0.0008822456473048606,1,[3],[6293]
181,96,178,1144,0.0008830656473048646,8.200000000040206e-07,1,[3],[6250]
182,96,179,1143,0.0008828212173101821,0.0008828212173101821,2,"[3, 24]","[6291, 1]"
183,96,179,1143,0.0008844712173101902,1.6500000000080903e-06,2,"[3, 24]","[6208, 1]"
184,96,179,1144,0.0008825701446127021,0.0008825701446127021,1,[3],[6281]
185,96,179,1144,0.0008831901446127051,6.2000000000304e-07,2,"[3, 24]","[6284, 1]"
186,96,180,1143,0.0008835139291669837,0.0008835139291669837,3,"[3, 23, 24]","[6114, 2, 156]"
187,96,180,1144,0.0008829391732095669,0.0008829391732095669,3,"[3, 23, 24]","[6207, 4, 120]"
188,96,180,1144,0.0008834691732095695,5.300000000025987e-07,3,"[3, 23, 24]","[6046, 4, 227]"
189,96,180,1144,0.0008840691732095725,6.000000000029419e-07,3,"[3, 23, 24]","[5843, 16, 368]"
190,96,181,1143,0.0008842420131184701,0.0008842420131184701,3,"[3, 23, 24]","[5055, 487, 748]"
191,96,181,1144,0.0008832966108929033,0.0008832966108929033,3,"[3, 23, 24]","[5225, 358, 694]"
192,96,181,1144,0.0008837366108929055,4.400000000021574e-07,3,"[3, 23, 24]","[5065, 538, 624]"
193,96,181,1144,0.0008841466108929075,4.100000000020103e-07,3,"[3, 23, 24]","[5025, 748, 598]"
194,96,181,1144,0.0008846866108929101,5.400000000026477e-07,3,"[3, 23, 24]","[4745, 937, 496]"
195,96,182,1144,0.0008837389933362907,0.0008837389933362907,4,"[3, 22, 23, 24]","[5465, 79, 756, 30]"
196,96,182,1144,0.0008841689933362928,4.300000000021084e-07,4,"[3, 22, 23, 24]","[5432, 149, 679, 18]"
197,96,182,1144,0.0008845689933362948,4.000000000019613e-07,4,"[3, 22, 23, 24]","[5401, 201, 645, 16]"
198,96,182,1144,0.0008850989933362974,5.300000000025987e-07,4,"[3, 22, 23, 24]","[5406, 300, 490, 6]"
199,96,183,1144,0.0008841320851114762,0.0008841320851114762,3,"[3, 22, 23]","[5408, 917, 9]"
200,96,183,1144,0.0008845620851114783,4.300000000021084e-07,3,"[3, 22, 23]","[5263, 965, 11]"
201,96,183,1144,0.0008849520851114802,3.9000000000191225e-07,3,"[3, 22, 23]","[5207, 1000, 1]"
202,96,183,1144,0.000885522085111483,5.700000000027948e-07,3,"[3, 22, 23]","[5313, 970, 2]"
203,96,184,1144,0.0008845752449560609,0.0008845752449560609,2,"[3, 22]","[6250, 102]"
204,96,184,1144,0.0008850852449560634,5.100000000025006e-07,3,"[3, 21, 22]","[6190, 3, 74]"
205,96,184,1144,0.0008857152449560665,6.30000000003089e-07,2,"[3, 22]","[6148, 47]"
206,96,184,1145,0.0008859325323053399,0.0008859325323053399,3,"[3, 21, 22]","[6232, 2, 20]"
207,96,185,1144,0.0008849345780560244,0.0008849345780560244,3,"[3, 21, 208]","[6051, 228, 2]"
208,96,185,1144,0.0008855145780560272,5.800000000028439e-07,3,"[3, 21, 208]","[5942, 279, 1]"
209,96,185,1145,0.0008853245312801189,0.0008853245312801189,4,"[3, 21, 208, 209]","[5843, 414, 1, 1]"
210,96,186,1144,0.0008852598857994225,0.0008852598857994225,4,"[3, 21, 208, 209]","[4736, 1584, 1, 2]"
211,96,186,1144,0.000885969885799426,7.100000000034813e-07,3,"[3, 21, 208]","[5111, 1118, 7]"
212,96,186,1145,0.0008851891193873217,0.0008851891193873217,4,"[3, 21, 208, 209]","[4750, 1538, 4, 2]"
213,96,186,1145,0.0008857691193873246,5.800000000028439e-07,4,"[3, 21, 208, 209]","[5050, 1160, 2, 2]"
214,96,186,1145,0.0008869191193873302,1.1500000000056387e-06,4,"[3, 21, 208, 209]","[5375, 866, 2, 1]"
215,96,187,1144,0.000886066325825563,0.000886066325825563,4,"[3, 20, 21, 208]","[6059, 86, 135, 2]"
216,96,187,1145,0.0008854695196352679,0.0008854695196352679,3,"[3, 20, 21]","[6068, 182, 105]"
217,96,187,1145,0.0008859895196352705,5.200000000025497e-07,3,"[3, 20, 21]","[5858, 248, 40]"
218,96,187,1145,0.0008866595196352738,6.700000000032852e-07,3,"[3, 20, 21]","[5929, 317, 28]"
219,96,188,1144,0.0008872303266304987,0.0008872303266304987,3,"[3, 19, 20]","[4827, 1, 1427]"
220,96,188,1145,0.0008855545317447749,0.0008855545317447749,2,"[3, 20]","[4719, 1606]"
221,96,188,1145,0.0008859645317447769,4.100000000020103e-07,2,"[3, 20]","[4800, 1482]"
222,96,188,1145,0.0008863245317447787,3.6000000000176516e-07,3,"[3, 19, 20]","[4714, 2, 1465]"
223,96,188,1145,0.0008867545317447808,4.300000000021084e-07,3,"[3, 19, 20]","[4882, 1, 1437]"
224,96,189,1145,0.0008859978905023326,0.0008859978905023326,3,"[3, 19, 20]","[5603, 308, 385]"
225,96,189,1145,0.0008864378905023348,4.400000000021574e-07,3,"[3, 19, 20]","[5625, 469, 182]"
226,96,189,1145,0.0008868278905023367,3.9000000000191225e-07,3,"[3, 19, 20]","[5443, 625, 132]"
227,96,189,1145,0.0008873478905023392,5.200000000025497e-07,3,"[3, 19, 20]","[5409, 753, 75]"
228,96,190,1145,0.0008863995508679028,0.0008863995508679028,3,"[3, 19, 20]","[4636, 1617, 1]"
229,96,190,1145,0.0008868395508679049,4.400000000021574e-07,2,"[3, 19]","[4825, 1421]"
230,96,190,1145,0.0008872395508679069,4.000000000019613e-07,2,"[3, 19]","[4969, 1376]"
231,96,190,1145,0.0008878395508679098,6.000000000029419e-07,2,"[3, 19]","[5004, 1163]"
232,96,191,1145,0.0008870654070050718,0.0008870654070050718,2,"[3, 19]","[6248, 93]"
233,96,191,1145,0.0008876554070050747,5.900000000028929e-07,2,"[3, 19]","[6171, 35]"
234,96,191,1145,0.0008888254070050805,1.1700000000057368e-06,2,"[3, 19]","[6191, 14]"
235,96,191,1146,0.0008883557016783948,0.0008883557016783948,2,"[3, 19]","[6249, 14]"
236,96,192,1145,0.0008875806447680421,0.0008875806447680421,1,[3],[6281]
237,96,192,1145,0.0008883006447680457,7.200000000035303e-07,1,[3],[6234]
238,96,192,1146,0.0008880896519684995,0.0008880896519684995,1,[3],[6267]
239,96,193,1145,0.0008881559402504853,0.0008881559402504853,1,[3],[6258]
240,96,193,1145,0.0008896559402504926,1.5000000000073548e-06,1,[3],[6245]
241,96,193,1146,0.0008882426022116493,0.0008882426022116493,1,[3],[6304]
242,96,194,1145,0.0008888617583259018,0.0008888617583259018,1,[3],[6290]
243,96,194,1146,0.0008884374142477542,0.0008884374142477542,1,[3],[6294]
244,96,194,1146,0.0008891674142477578,7.300000000035793e-07,1,[3],[6273]
245,96,195,1146,0.0008887392951987613,0.0008887392951987613,1,[3],[6314]
246,96,195,1146,0.0008893492951987643,6.10000000002991e-07,1,[3],[6212]
247,96,195,1146,0.0008912992951987739,1.9500000000095613e-06,1,[3],[6224]
248,96,196,1146,0.0008890943226223549,0.0008890943226223549,1,[3],[6350]
249,96,196,1146,0.0008896343226223576,5.400000000026477e-07,2,"[3, 18]","[6173, 4]"
250,96,196,1146,0.0008903743226223612,7.400000000036284e-07,2,"[3, 18]","[6226, 9]"
251,96,197,1146,0.0008894571507496151,0.0008894571507496151,2,"[3, 18]","[5883, 377]"
252,96,197,1146,0.0008899571507496176,5.000000000024516e-07,2,"[3, 18]","[5609, 711]"
253,96,197,1146,0.00089044715074962,4.900000000024026e-07,2,"[3, 18]","[5125, 1092]"
254,96,198,1146,0.0008897941966206096,0.0008897941966206096,2,"[3, 18]","[5091, 1248]"
255,96,198,1146,0.0008902541966206119,4.600000000022555e-07,2,"[3, 18]","[4868, 1367]"
256,96,198,1146,0.0008907241966206142,4.700000000023045e-07,2,"[3, 18]","[4760, 1488]"
257,96,198,1147,0.0008910069710871169,0.0008910069710871169,2,"[3, 18]","[4817, 1440]"
258,96,199,1146,0.0008903048352433463,0.0008903048352433463,2,"[3, 18]","[6207, 47]"
259,96,199,1146,0.0008909748352433496,6.700000000032852e-07,2,"[3, 18]","[6239, 36]"
260,96,199,1147,0.0008909588333988189,0.0008909588333988189,2,"[3, 18]","[6252, 24]"
261,96,200,1146,0.0008908327340869431,0.0008908327340869431,1,[3],[6254]
262,96,200,1146,0.0008920227340869489,1.1900000000058348e-06,1,[3],[6263]
263,96,200,1147,0.0008909666859893953,0.0008909666859893953,1,[3],[6278]
264,96,201,1146,0.0008914880754732767,0.0008914880754732767,1,[3],[6258]
265,96,201,1147,0.000891085964322997,0.000891085964322997,1,[3],[6286]
266,96,201,1147,0.0008918359643230007,7.500000000036774e-07,1,[3],[6239]
267,96,202,1146,0.0008934218572023542,0.0008934218572023542,1,[3],[6251]
268,96,202,1147,0.0008913198197136277,0.0008913198197136277,1,[3],[6252]
269,96,202,1147,0.0008919198197136307,6.000000000029419e-07,1,[3],[6341]
270,96,202,1147,0.0008930298197136361,1.1100000000054426e-06,1,[3],[6172]
271,96,203,1147,0.0008916572514149196,0.0008916572514149196,1,[3],[6309]
272,96,203,1147,0.0008921972514149223,5.400000000026477e-07,1,[3],[6246]
273,96,203,1147,0.0008929272514149258,7.300000000035793e-07,1,[3],[6245]
274,96,204,1147,0.0008920066133464097,0.0008920066133464097,2,"[3, 17]","[6308, 2]"
275,96,204,1147,0.0008925666133464124,5.600000000027458e-07,2,"[3, 17]","[6259, 5]"
276,96,204,1147,0.0008932866133464159,7.200000000035303e-07,2,"[3, 17]","[6164, 13]"
277,96,205,1147,0.0008923593126565988,0.0008923593126565988,2,"[3, 17]","[5751, 559]"
278,96,205,1147,0.0008928893126566014,5.300000000025987e-07,2,"[3, 17]","[5627, 670]"
279,96,205,1147,0.0008935393126566045,6.500000000031871e-07,2,"[3, 17]","[5366, 822]"
280,96,205,1148,0.0008935652697042402,0.0008935652697042402,2,"[3, 17]","[5053, 1201]"
281,96,206,1147,0.0008927806552799858,0.0008927806552799858,2,"[3, 17]","[5186, 1076]"
282,96,206,1147,0.0008933906552799888,6.10000000002991e-07,2,"[3, 17]","[5433, 820]"
283,96,206,1148,0.0008932921346227717,0.0008932921346227717,2,"[3, 17]","[5227, 1042]"
284,96,207,1147,0.000893354084046988,0.000893354084046988,2,"[3, 17]","[6285, 16]"
285,96,207,1147,0.0008944340840469933,1.0800000000052955e-06,2,"[3, 17]","[6210, 8]"
286,96,207,1148,0.0008934746189736927,0.0008934746189736927,2,"[3, 17]","[6266, 9]"
287,96,208,1147,0.0008939122718004235,0.0008939122718004235,1,[3],[6253]
288,96,208,1148,0.0008936466709756551,0.0008936466709756551,1,[3],[6302]
289,96,208,1148,0.0008944566709756591,8.100000000039716e-07,1,[3],[6239]
290,96,209,1147,0.0008948335611663737,0.0008948335611663737,1,[3],[6259]
291,96,209,1148,0.0008938583383935637,0.0008938583383935637,1,[3],[6326]
292,96,209,1148,0.0008944783383935667,6.2000000000304e-07,1,[3],[6215]
293,96,210,1148,0.0008941141092408072,0.0008941141092408072,2,"[3, 16]","[6247, 32]"
294,96,210,1148,0.00089468410924081,5.700000000027948e-07,2,"[3, 16]","[6237, 64]"
295,96,210,1148,0.0008955941092408144,9.100000000044619e-07,2,"[3, 16]","[6097, 85]"
296,96,211,1148,0.0008943187250904638,0.0008943187250904638,2,"[3, 16]","[5150, 1183]"
297,96,211,1148,0.0008947987250904661,4.800000000023535e-07,2,"[3, 16]","[4964, 1218]"
298,96,211,1148,0.0008953087250904686,5.100000000025006e-07,2,"[3, 16]","[5160, 1123]"
299,96,212,1148,0.0008947312234782298,0.0008947312234782298,2,"[3, 16]","[5721, 594]"
300,96,212,1148,0.0008952912234782325,5.600000000027458e-07,2,"[3, 16]","[5806, 391]"
301,96,212,1148,0.0008961712234782369,8.800000000043148e-07,2,"[3, 16]","[6018, 236]"
302,96,213,1148,0.0008951422692100627,0.0008951422692100627,1,[3],[6340]
303,96,213,1148,0.0008957822692100658,6.400000000031381e-07,1,[3],[6176]
304,96,214,1148,0.0008955250103321806,0.0008955250103321806,1,[3],[6310]
305,96,214,1148,0.0008962750103321843,7.500000000036774e-07,1,[3],[6221]
306,96,214,1149,0.0008963229478218843,0.0008963229478218843,1,[3],[6273]
307,96,215,1148,0.0008959605051731591,0.0008959605051731591,1,[3],[6320]
308,96,215,1148,0.0008972805051731655,1.3200000000064722e-06,1,[3],[6185]
309,96,215,1149,0.0008962063158197899,0.0008962063158197899,1,[3],[6284]
310,96,216,1148,0.0008965074540251349,0.0008965074540251349,1,[3],[6252]
311,96,216,1149,0.0008962981294706037,0.0008962981294706037,1,[3],[6276]
312,96,216,1149,0.0008976881294706106,1.3900000000068155e-06,1,[3],[6225]
313,96,217,1148,0.0008972587078884363,0.0008972587078884363,1,[3],[6256]
314,96,217,1149,0.000896414193395879,0.000896414193395879,1,[3],[6333]
315,96,217,1149,0.0008971141933958824,7.000000000034323e-07,1,[3],[6186]
316,96,218,1149,0.0008965626254036087,0.0008965626254036087,1,[3],[6320]
317,96,218,1149,0.0008971526254036116,5.900000000028929e-07,1,[3],[6191]
318,96,219,1149,0.0008967893735307633,0.0008967893735307633,1,[3],[6307]
319,96,219,1149,0.0008973593735307661,5.700000000027948e-07,1,[3],[6250]
320,96,219,1149,0.0008983093735307708,9.500000000046581e-07,1,[3],[6210]
321,96,220,1149,0.0008970543817199546,0.0008970543817199546,1,[3],[6274]
322,96,220,1149,0.0008976243817199574,5.700000000027948e-07,1,[3],[6256]
323,96,220,1149,0.0008988243817199633,1.2000000000058839e-06,1,[3],[6224]
324,96,221,1149,0.0008973670636135202,0.0008973670636135202,1,[3],[6294]
325,96,221,1149,0.0008979970636135233,6.30000000003089e-07,1,[3],[6227]
326,96,221,1150,0.0008996863095842152,0.0008996863095842152,1,[3],[6250]
327,96,222,1149,0.0008977395633792785,0.0008977395633792785,2,"[3, 15]","[6268, 5]"
328,96,222,1149,0.0008985795633792826,8.400000000041187e-07,2,"[3, 15]","[6258, 7]"
329,96,222,1150,0.0008982141875776771,0.0008982141875776771,2,"[3, 15]","[6248, 8]"
330,96,223,1149,0.0008980977728740973,0.0008980977728740973,2,"[3, 15]","[5666, 623]"
331,96,223,1149,0.0008993377728741034,1.24000000000608e-06,2,"[3, 15]","[5526, 694]"
332,96,223,1150,0.0008980534019550732,0.0008980534019550732,2,"[3, 15]","[5570, 735]"
333,96,223,1150,0.0008989534019550776,9.000000000044129e-07,2,"[3, 15]","[5422, 779]"
334,96,224,1149,0.0008985822610245429,0.0008985822610245429,2,"[3, 15]","[5187, 1067]"
335,96,224,1150,0.0008981222047743958,0.0008981222047743958,2,"[3, 15]","[5413, 881]"
336,96,224,1150,0.000898772204774399,6.500000000031871e-07,2,"[3, 15]","[5618, 639]"
337,96,225,1150,0.0008983466351354594,0.0008983466351354594,3,"[3, 14, 15]","[6254, 10, 14]"
338,96,225,1150,0.0008989466351354623,6.000000000029419e-07,3,"[3, 14, 15]","[6225, 28, 2]"
339,96,226,1150,0.0008984685104165259,0.0008984685104165259,3,"[3, 13, 14]","[5560, 47, 691]"
340,96,226,1150,0.0008989685104165284,5.000000000024516e-07,3,"[3, 13, 14]","[5213, 147, 947]"
341,96,226,1150,0.0008995185104165311,5.500000000026968e-07,3,"[3, 13, 14]","[4871, 305, 994]"
342,96,227,1150,0.00089861641068681,0.00089861641068681,3,"[3, 13, 14]","[4514, 1238, 498]"
343,96,227,1150,0.0008990164106868119,4.000000000019613e-07,3,"[3, 13, 14]","[3815, 2032, 412]"
344,96,227,1150,0.0008993564106868136,3.400000000016671e-07,3,"[3, 13, 14]","[3485, 2590, 309]"
345,96,227,1150,0.0008997064106868153,3.500000000017161e-07,3,"[3, 13, 14]","[2922, 3082, 221]"
346,96,227,1150,0.0009002064106868177,5.000000000024516e-07,3,"[3, 13, 14]","[2317, 3650, 202]"
347,96,227,1151,0.0009002279816421109,0.0009002279816421109,3,"[3, 13, 14]","[2609, 3483, 159]"
348,96,228,1150,0.0008990081282606138,0.0008990081282606138,3,"[3, 13, 14]","[5313, 1011, 4]"
349,96,228,1150,0.0008995181282606163,5.100000000025006e-07,3,"[3, 13, 14]","[5070, 1111, 3]"
350,96,228,1150,0.0009001381282606193,6.2000000000304e-07,2,"[3, 13]","[4998, 1254]"
351,96,229,1150,0.0008994517211107553,0.0008994517211107553,2,"[3, 13]","[6258, 6]"
352,96,229,1150,0.0009001717211107588,7.200000000035303e-07,2,"[3, 13]","[6257, 7]"
353,96,229,1151,0.0009003232903498533,0.0009003232903498533,2,"[3, 13]","[6265, 5]"
354,96,230,1150,0.0008998772195005957,0.0008998772195005957,1,[3],[6281]
355,96,230,1150,0.0009011072195006018,1.230000000006031e-06,1,[3],[6224]
356,96,230,1151,0.0009000826601104883,0.0009000826601104883,1,[3],[6282]
357,96,231,1150,0.000900481414600866,0.000900481414600866,1,[3],[6265]
358,96,231,1151,0.0009001637230224179,0.0009001637230224179,1,[3],[6262]
359,96,231,1151,0.000901393723022424,1.230000000006031e-06,1,[3],[6260]
360,96,232,1150,0.0009015322377750582,0.0009015322377750582,1,[3],[6257]
361,96,232,1151,0.0009002316687731431,0.0009002316687731431,1,[3],[6258]
362,96,232,1151,0.0009010016687731469,7.700000000037755e-07,1,[3],[6273]
363,96,233,1151,0.0009003086839464672,0.0009003086839464672,1,[3],[6325]
364,96,233,1151,0.0009009486839464704,6.400000000031381e-07,1,[3],[6228]
365,96,234,1151,0.0009004369198182928,0.0009004369198182928,1,[3],[6335]
366,96,234,1151,0.0009010369198182958,6.000000000029419e-07,1,[3],[6194]
367,96,235,1151,0.0009005763137425772,0.0009005763137425772,1,[3],[6295]
368,96,235,1151,0.0009011763137425802,6.000000000029419e-07,1,[3],[6227]
369,96,236,1151,0.0009007785308537007,0.0009007785308537007,1,[3],[6321]
370,96,236,1151,0.0009014085308537038,6.30000000003089e-07,1,[3],[6218]
371,96,237,1151,0.0009009895904295029,0.0009009895904295029,1,[3],[6342]
372,96,237,1151,0.0009017295904295065,7.400000000036284e-07,1,[3],[6218]
373,96,237,1152,0.0009022814779425498,0.0009022814779425498,1,[3],[6265]
374,96,238,1151,0.0009012786643218372,0.0009012786643218372,1,[3],[6321]
375,96,238,1151,0.0009023186643218423,1.0400000000050993e-06,1,[3],[6187]
376,96,238,1152,0.0009016683521197583,0.0009016683521197583,1,[3],[6290]
377,96,239,1151,0.0009016458073278189,0.0009016458073278189,2,"[3, 12]","[6260, 51]"
378,96,239,1152,0.0009015108251585745,0.0009015108251585745,2,"[3, 12]","[6176, 145]"
379,96,240,1151,0.0009018474306049295,0.0009018474306049295,2,"[3, 12]","[5065, 1222]"
380,96,240,1152,0.0009013337510573435,0.0009013337510573435,2,"[3, 12]","[4282, 2028]"
381,96,240,1152,0.0009018237510573459,4.900000000024026e-07,2,"[3, 12]","[3747, 2559]"
382,96,240,1152,0.0009023337510573484,5.100000000025006e-07,2,"[3, 12]","[3417, 2768]"
383,96,241,1151,0.0009025097568016708,0.0009025097568016708,2,"[3, 12]","[5490, 778]"
384,96,241,1152,0.0009015023227660758,0.0009015023227660758,2,"[3, 12]","[5383, 885]"
385,96,241,1152,0.0009021023227660787,6.000000000029419e-07,2,"[3, 12]","[5275, 996]"
386,96,242,1152,0.0009016351136848653,0.0009016351136848653,2,"[3, 12]","[6300, 4]"
387,96,242,1152,0.0009022851136848684,6.500000000031871e-07,1,[3],[6250]
388,96,243,1152,0.0009016960862857337,0.0009016960862857337,1,[3],[6325]
389,96,243,1152,0.0009023160862857367,6.2000000000304e-07,1,[3],[6221]
390,96,244,1152,0.0009017565390621214,0.0009017565390621214,1,[3],[6283]
391,96,244,1152,0.0009023565390621244,6.000000000029419e-07,1,[3],[6298]
392,96,245,1152,0.0009018535729693942,0.0009018535729693942,1,[3],[6334]
393,96,245,1152,0.0009024435729693971,5.900000000028929e-07,1,[3],[6242]
394,96,246,1152,0.0009019374722121323,0.0009019374722121323,1,[3],[6253]
395,96,246,1152,0.0009025274722121351,5.900000000028929e-07,1,[3],[6263]
396,96,246,1152,0.0009793574722124815,7.683000000034636e-05,4,"[3, 109, 111, 112]","[6000, 1, 231, 4]"
397,96,247,1152,0.0009020384467105787,0.0009020384467105787,1,[3],[6342]
398,96,247,1152,0.0009026384467105816,6.000000000029419e-07,1,[3],[6164]
399,96,248,1152,0.000902152172412664,0.000902152172412664,1,[3],[6279]
400,96,248,1152,0.0009027821724126671,6.30000000003089e-07,1,[3],[6286]
401,96,249,1152,0.0009022830943070959,0.0009022830943070959,3,"[3, 9, 11]","[6235, 2, 29]"
402,96,249,1152,0.0009029630943070992,6.800000000033342e-07,2,"[3, 11]","[6236, 33]"
403,96,250,1152,0.0009021898553326355,0.0009021898553326355,5,"[3, 9, 10, 11, 213]","[4440, 328, 147, 1406, 19]"
404,96,250,1152,0.0009026398553326377,4.5000000000220645e-07,6,"[3, 9, 10, 11, 213, 215]","[3926, 590, 257, 1378, 42, 1]"
405,96,250,1152,0.0009030798553326399,4.400000000021574e-07,6,"[3, 9, 10, 11, 213, 215]","[3551, 1009, 361, 1324, 44, 4]"
406,96,250,1152,0.0009038198553326435,7.400000000036284e-07,6,"[3, 9, 10, 11, 213, 215]","[2883, 1632, 507, 1100, 81, 12]"
407,96,250,1153,0.0009026969530399945,0.0009026969530399945,6,"[3, 9, 10, 11, 213, 215]","[4095, 141, 247, 1759, 24, 4]"
408,96,251,1152,0.0009020965817529669,0.0009020965817529669,6,"[3, 9, 10, 11, 213, 215]","[2807, 1703, 648, 840, 325, 4]"
409,96,251,1152,0.0009024365817529686,3.400000000016671e-07,6,"[3, 9, 10, 11, 213, 215]","[2281, 2138, 789, 661, 454, 8]"
410,96,251,1152,0.0009026865817529698,2.500000000012258e-07,7,"[3, 9, 10, 11, 213, 215, 216]","[2034, 2420, 842, 581, 521, 8, 1]"
411,96,251,1152,0.0009028965817529708,2.1000000000102968e-07,7,"[3, 9, 10, 11, 213, 215, 216]","[1676, 2506, 849, 439, 576, 9, 1]"
412,96,251,1152,0.0009031065817529718,2.1000000000102968e-07,7,"[3, 9, 10, 11, 213, 215, 216]","[1537, 2816, 875, 419, 528, 15, 1]"
413,96,251,1152,0.000903336581752973,2.3000000000112774e-07,7,"[3, 9, 10, 11, 213, 215, 216]","[1302, 2995, 991, 353, 554, 21, 1]"
414,96,251,1152,0.0009036165817529743,2.800000000013729e-07,7,"[3, 9, 10, 11, 213, 215, 216]","[1108, 3247, 1062, 242, 588, 24, 2]"
415,96,251,1152,0.0009040865817529766,4.700000000023045e-07,7,"[3, 9, 10, 11, 213, 215, 216]","[835, 3472, 1072, 233, 596, 25, 1]"
416,96,251,1153,0.0009024806008877421,0.0009024806008877421,6,"[3, 9, 10, 11, 213, 215]","[3100, 1019, 902, 974, 280, 6]"
417,96,251,1153,0.0009030406008877449,5.600000000027458e-07,6,"[3, 9, 10, 11, 213, 215]","[2544, 1433, 1178, 688, 450, 10]"
418,96,251,1153,0.0009037706008877484,7.300000000035793e-07,7,"[3, 9, 10, 11, 213, 215, 216]","[1814, 1824, 1516, 480, 527, 11, 4]"
419,96,252,1152,0.0009023748234753662,0.0009023748234753662,5,"[3, 9, 10, 11, 213]","[3754, 2287, 105, 9, 208]"
420,96,252,1152,0.0009028448234753685,4.700000000023045e-07,6,"[3, 9, 10, 11, 213, 215]","[3397, 2365, 121, 11, 281, 3]"
421,96,252,1152,0.0009033448234753709,5.000000000024516e-07,5,"[3, 9, 10, 11, 213]","[3173, 2641, 148, 4, 330]"
422,96,252,1153,0.0009027147540047616,0.0009027147540047616,6,"[3, 9, 10, 11, 213, 215]","[4226, 1835, 103, 6, 105, 2]"
423,96,252,1153,0.0009037347540047666,1.0200000000050013e-06,5,"[3, 9, 10, 11, 213]","[3856, 1992, 184, 5, 206]"
424,96,253,1152,0.0009028250741697944,0.0009028250741697944,2,"[3, 9]","[6049, 229]"
425,96,253,1153,0.0009030266706354731,0.0009030266706354731,3,"[3, 8, 9]","[6131, 2, 135]"
426,96,254,1152,0.0009029175146609135,0.0009029175146609135,2,"[3, 8]","[5508, 800]"
427,96,254,1153,0.0009028774357435053,0.0009028774357435053,2,"[3, 8]","[5582, 730]"
428,96,254,1153,0.0009043074357435123,1.4300000000070116e-06,2,"[3, 8]","[5373, 819]"
429,96,255,1152,0.0009029765645667801,0.0009029765645667801,2,"[3, 8]","[4801, 1451]"
430,96,255,1153,0.0009027776785638258,0.0009027776785638258,2,"[3, 8]","[5036, 1220]"
431,96,255,1153,0.0009035176785638294,7.400000000036284e-07,2,"[3, 8]","[5042, 1222]"
432,96,256,1152,0.0009033783381585105,0.0009033783381585105,4,"[3, 6, 7, 8]","[5931, 2, 299, 34]"
433,96,256,1153,0.0009028756060634344,0.0009028756060634344,4,"[3, 6, 7, 8]","[5889, 2, 323, 37]"
434,96,256,1153,0.0009037156060634385,8.400000000041187e-07,4,"[3, 6, 7, 8]","[5935, 2, 323, 29]"
435,96,257,1152,0.0009032309464422576,0.0009032309464422576,4,"[3, 5, 6, 7]","[4219, 60, 374, 1630]"
436,96,257,1153,0.0009026985087761962,0.0009026985087761962,4,"[3, 5, 6, 7]","[4464, 90, 314, 1462]"
437,96,257,1153,0.0009032085087761987,5.100000000025006e-07,4,"[3, 5, 6, 7]","[4455, 95, 365, 1282]"
438,96,257,1153,0.000903888508776202,6.800000000033342e-07,4,"[3, 5, 6, 7]","[4679, 92, 375, 1135]"
439,96,258,1152,0.0009034803967132248,0.0009034803967132248,4,"[3, 5, 6, 7]","[3924, 996, 1181, 163]"
440,96,258,1153,0.0009027113255992871,0.0009027113255992871,4,"[3, 5, 6, 7]","[4017, 1217, 910, 129]"
441,96,258,1153,0.0009031913255992894,4.800000000023535e-07,4,"[3, 5, 6, 7]","[4070, 1143, 912, 115]"
442,96,258,1153,0.0009037313255992921,5.400000000026477e-07,4,"[3, 5, 6, 7]","[4085, 1144, 930, 90]"
443,96,259,1153,0.0009030026250862026,0.0009030026250862026,3,"[3, 5, 6]","[5938, 339, 57]"
444,96,259,1153,0.0009036326250862057,6.30000000003089e-07,3,"[3, 5, 6]","[5938, 244, 37]"
445,96,260,1153,0.0009031130388155339,0.0009031130388155339,1,[3],[6279]
446,96,260,1153,0.000903743038815537,6.30000000003089e-07,1,[3],[6241]
447,96,261,1153,0.0009032126594162874,0.0009032126594162874,1,[3],[6281]
448,96,261,1153,0.0009038226594162904,6.10000000002991e-07,1,[3],[6234]
449,96,262,1153,0.0009033282650191292,0.0009033282650191292,1,[3],[6348]
450,96,262,1153,0.0009039282650191321,6.000000000029419e-07,1,[3],[6252]
451,96,263,1153,0.0009034321806964038,0.0009034321806964038,1,[3],[6261]
452,96,263,1153,0.0009040321806964068,6.000000000029419e-07,1,[3],[6347]
453,96,264,1153,0.0009035407172472487,0.0009035407172472487,1,[3],[6254]
454,96,264,1153,0.0009041507172472517,6.10000000002991e-07,1,[3],[6304]
455,96,265,1153,0.0009036585724737241,0.0009036585724737241,1,[3],[6341]
456,96,265,1153,0.000904248572473727,5.900000000028929e-07,1,[3],[6184]
457,96,266,1153,0.0009037847472527564,0.0009037847472527564,1,[3],[6301]
458,96,266,1153,0.0009043847472527594,6.000000000029419e-07,1,[3],[6289]
459,96,267,1153,0.0009039159168010765,0.0009039159168010765,1,[3],[6265]
460,96,267,1153,0.0009045259168010795,6.10000000002991e-07,1,[3],[6291]
461,96,268,1153,0.0009040313991043303,0.0009040313991043303,1,[3],[6304]
462,96,268,1153,0.0009046413991043333,6.10000000002991e-07,1,[3],[6205]
463,96,269,1153,0.0009041592629017848,0.0009041592629017848,2,"[3, 4]","[6289, 1]"
464,96,269,1153,0.0009047892629017879,6.30000000003089e-07,2,"[3, 4]","[6247, 1]"
465,96,270,1153,0.0009042361150326378,0.0009042361150326378,2,"[3, 4]","[5771, 519]"
466,96,270,1153,0.0009048361150326408,6.000000000029419e-07,2,"[3, 4]","[5844, 422]"
467,96,271,1153,0.000904190846349087,0.000904190846349087,2,"[3, 4]","[3814, 2468]"
468,96,271,1153,0.0009047008463490895,5.100000000025006e-07,2,"[3, 4]","[4312, 2007]"
469,96,271,1153,0.0009052508463490922,5.500000000026968e-07,2,"[3, 4]","[4507, 1667]"
470,96,271,1154,0.0009054039537149374,0.0009054039537149374,2,"[3, 4]","[4281, 1973]"
471,96,272,1153,0.0009047287526643586,0.0009047287526643586,2,"[3, 4]","[5950, 309]"
472,96,272,1153,0.0009054787526643623,7.500000000036774e-07,2,"[3, 4]","[6156, 143]"
473,96,273,1153,0.0009050156803459593,0.0009050156803459593,1,[3],[6263]
474,96,273,1153,0.0009057256803459627,7.100000000034813e-07,1,[3],[6248]
475,96,273,1154,0.0009062869927433793,0.0009062869927433793,1,[3],[6252]
476,96,274,1153,0.0009053354349159226,0.0009053354349159226,1,[3],[6278]
477,96,274,1153,0.0009060554349159261,7.200000000035303e-07,1,[3],[6273]
478,96,274,1154,0.0009063459569242065,0.0009063459569242065,1,[3],[6251]
479,96,275,1153,0.0009056797242306589,0.0009056797242306589,1,[3],[6298]
480,96,275,1153,0.0009064397242306626,7.600000000037264e-07,1,[3],[6239]
481,96,275,1154,0.0009065098860163931,0.0009065098860163931,1,[3],[6250]
482,96,276,1153,0.0009060174100060904,0.0009060174100060904,1,[3],[6305]
483,96,276,1153,0.0009068174100060944,8.000000000039226e-07,1,[3],[6201]
484,96,276,1154,0.0009066242704628186,0.0009066242704628186,1,[3],[6253]
485,96,277,1153,0.0009063388581106461,0.0009063388581106461,1,[3],[6294]
486,96,277,1153,0.0009072188581106505,8.800000000043148e-07,1,[3],[6243]
487,96,277,1154,0.0009069020898803308,0.0009069020898803308,1,[3],[6266]
488,96,278,1153,0.000906680692948359,0.000906680692948359,1,[3],[6323]
489,96,278,1153,0.0009076006929483636,9.20000000004511e-07,1,[3],[6190]
490,96,278,1154,0.000907113595787411,0.000907113595787411,1,[3],[6267]
491,96,279,1153,0.0009070115327510615,0.0009070115327510615,1,[3],[6251]
492,96,279,1153,0.0009080215327510664,1.0100000000049522e-06,1,[3],[6252]
493,96,279,1154,0.0009073511985892926,0.0009073511985892926,1,[3],[6273]
494,96,280,1153,0.0009073718280942023,0.0009073718280942023,1,[3],[6272]
495,96,280,1153,0.0009086518280942086,1.2800000000062761e-06,1,[3],[6229]
496,96,280,1154,0.000907582601863144,0.000907582601863144,1,[3],[6252]
497,96,281,1148,0.0011932337275627162,0.0011932337275627162,2,"[120, 121]","[329, 5921]"
498,96,281,1149,0.0011919020225957077,0.0011919020225957077,2,"[120, 121]","[2378, 3878]"
499,96,281,1153,0.0009077306590507732,0.0009077306590507732,1,[3],[6274]
500,96,281,1154,0.000907853186510298,0.000907853186510298,1,[3],[6282]
501,96,282,1148,0.0011915521843796721,0.0011915521843796721,2,"[120, 121]","[255, 6030]"
502,96,282,1148,0.001192262184379668,7.099999999957834e-07,2,"[120, 121]","[251, 6020]"
503,96,282,1148,0.00119361218437966,1.3499999999919826e-06,2,"[120, 121]","[499, 5701]"
504,96,282,1149,0.0011913643496532242,0.0011913643496532242,2,"[120, 121]","[2289, 4025]"
505,96,282,1149,0.001191924349653221,5.599999999966743e-07,2,"[120, 121]","[2295, 3949]"
506,96,282,1149,0.0011924543496532177,5.299999999968524e-07,2,"[120, 121]","[2680, 3612]"
507,96,282,1149,0.001193084349653214,6.299999999962586e-07,2,"[120, 121]","[3222, 2932]"
508,96,282,1149,0.0011943043496532068,1.2199999999927547e-06,3,"[120, 121, 202]","[4999, 1266, 5]"
509,96,282,1150,0.001193428322821427,0.001193428322821427,3,"[120, 121, 202]","[4514, 1738, 2]"
510,96,282,1153,0.0009080649497840563,0.0009080649497840563,1,[3],[6291]
511,96,282,1154,0.0009081224153816614,0.0009081224153816614,1,[3],[6320]
512,96,283,1149,0.0011941993647107962,0.0011941993647107962,4,"[120, 121, 202, 203]","[5068, 1190, 8, 2]"
513,96,283,1149,0.0011957093647107873,1.5099999999910324e-06,5,"[120, 121, 173, 202, 203]","[6132, 6, 46, 80, 4]"
514,96,283,1149,0.0011971593647107787,1.4499999999913887e-06,4,"[120, 173, 202, 203]","[5290, 912, 16, 2]"
515,96,283,1149,0.0012012893647107541,4.129999999975473e-06,3,"[120, 173, 202]","[4928, 1316, 1]"
516,96,283,1150,0.0011958127939842487,0.0011958127939842487,5,"[120, 121, 173, 202, 203]","[6012, 103, 82, 61, 2]"
517,96,283,1150,0.001197442793984239,1.6299999999903197e-06,3,"[120, 173, 202]","[4580, 1655, 8]"
518,96,283,1150,0.0012002627939842222,2.8199999999832526e-06,3,"[120, 173, 202]","[4773, 1477, 1]"
519,96,283,1150,0.0012109627939841587,1.0699999999936455e-05,3,"[120, 183, 184]","[6246, 3, 1]"
520,96,283,1150,0.0012126927939841484,1.7299999999897259e-06,2,"[120, 177]","[6260, 6]"
521,96,283,1151,0.0012089351976438433,0.0012089351976438433,3,"[120, 173, 183]","[6140, 120, 3]"
522,96,283,1151,0.001210515197643834,1.5799999999906167e-06,4,"[120, 177, 183, 184]","[6253, 1, 19, 1]"
523,96,283,1151,0.001211505197643828,9.899999999941206e-07,3,"[120, 177, 183]","[6214, 5, 1]"
524,96,283,1151,0.001212195197643824,6.899999999959022e-07,2,"[120, 177]","[6317, 3]"
525,96,283,1151,0.0012128151976438203,6.199999999963179e-07,2,"[120, 177]","[6250, 7]"
526,96,283,1151,0.0012139551976438135,1.1399999999932298e-06,2,"[120, 177]","[6170, 2]"
527,96,283,1153,0.0009084282946139223,0.0009084282946139223,1,[3],[6312]
528,96,283,1154,0.0009083964950121741,0.0009083964950121741,1,[3],[6326]
529,96,284,1149,0.0011979827293744768,0.0011979827293744768,3,"[120, 173, 202]","[4740, 1522, 10]"
530,96,284,1149,0.0012003327293744629,2.349999999986044e-06,2,"[120, 173]","[5849, 387]"
531,96,284,1150,0.0011979790203168362,0.0011979790203168362,4,"[120, 121, 173, 202]","[4367, 1, 1911, 6]"
532,96,284,1150,0.001199509020316827,1.5299999999909136e-06,2,"[120, 173]","[5711, 523]"
533,96,284,1150,0.0012008490203168191,1.339999999992042e-06,2,"[120, 173]","[6259, 11]"
534,96,284,1150,0.0012022390203168109,1.389999999991745e-06,1,[120],[6240]
535,96,284,1150,0.0012039190203168009,1.6799999999900228e-06,1,[120],[6249]
536,96,284,1150,0.0012053690203167923,1.4499999999913887e-06,1,[120],[6231]
537,96,284,1150,0.001206929020316783,1.5599999999907355e-06,1,[120],[6242]
538,96,284,1150,0.0012108490203167597,3.91999999997672e-06,4,"[120, 177, 183, 184]","[6254, 5, 6, 3]"
539,96,284,1150,0.0012126090203167493,1.7599999999895477e-06,3,"[120, 177, 178]","[6239, 28, 2]"
540,96,284,1151,0.001205832032204351,0.001205832032204351,2,"[120, 173]","[6153, 113]"
541,96,284,1151,0.0012076020322043404,1.7699999999894883e-06,2,"[120, 183]","[6263, 1]"
542,96,284,1151,0.0012091020322043315,1.4999999999910918e-06,2,"[120, 183]","[6240, 9]"
543,96,284,1151,0.0012108220322043213,1.7199999999897853e-06,5,"[120, 177, 178, 183, 184]","[6220, 5, 1, 19, 2]"
544,96,284,1151,0.0012118420322043153,1.0199999999939424e-06,5,"[120, 177, 178, 183, 184]","[6192, 39, 1, 6, 1]"
545,96,284,1151,0.0012125120322043113,6.69999999996021e-07,3,"[120, 177, 178]","[6214, 23, 1]"
546,96,284,1151,0.0012133620322043062,8.49999999994952e-07,2,"[120, 177]","[6262, 13]"
547,96,284,1153,0.0009087677467816934,0.0009087677467816934,1,[3],[6260]
548,96,284,1154,0.0009086478053180113,0.0009086478053180113,2,"[1, 3]","[1, 6286]"
549,96,284,1154,0.0009101978053180189,1.5500000000076e-06,1,[3],[6218]
550,96,285,1150,0.001202466817645385,0.001202466817645385,2,"[120, 173]","[6220, 59]"
551,96,285,1150,0.001204306817645374,1.8399999999890726e-06,1,[120],[6231]
552,96,285,1150,0.0012126768176453243,8.369999999950292e-06,2,"[120, 177]","[6238, 6]"
553,96,285,1150,0.0012170368176452984,4.359999999974107e-06,1,[120],[6251]
554,96,285,1151,0.0012118845883509692,0.0012118845883509692,4,"[120, 173, 177, 178]","[6241, 2, 7, 1]"
555,96,285,1151,0.0012131745883509615,1.289999999992339e-06,3,"[120, 177, 178]","[6276, 2, 1]"
556,96,285,1151,0.0012142045883509554,1.029999999993883e-06,2,"[120, 177]","[6258, 1]"
557,96,285,1151,0.0012158245883509458,1.6199999999903791e-06,1,[120],[6228]
558,96,285,1153,0.000909119101912203,0.000909119101912203,2,"[1, 3]","[209, 6074]"
559,96,285,1154,0.0009088168857850622,0.0009088168857850622,2,"[1, 3]","[745, 5578]"
560,96,285,1154,0.0009095068857850656,6.900000000033832e-07,2,"[1, 3]","[1407, 4772]"
561,96,286,1150,0.0012164638619045515,0.0012164638619045515,1,[120],[6289]
562,96,286,1150,0.001217373861904546,9.099999999945957e-07,1,[120],[6267]
563,96,286,1151,0.0012153903988987844,0.0012153903988987844,1,[120],[6260]
564,96,286,1151,0.0012167003988987767,1.3099999999922202e-06,1,[120],[6256]
565,96,286,1151,0.0012187003988987648,1.9999999999881224e-06,1,[120],[6237]
566,96,286,1153,0.0009090877178244566,0.0009090877178244566,2,"[1, 3]","[3583, 2726]"
567,96,286,1153,0.0009097477178244598,6.600000000032361e-07,2,"[1, 3]","[3971, 2235]"
568,96,286,1154,0.000908451341654594,0.000908451341654594,2,"[1, 3]","[5162, 1206]"
569,96,286,1154,0.0009087413416545955,2.9000000000142193e-07,2,"[1, 3]","[5284, 1022]"
570,96,286,1154,0.0009089413416545965,2.0000000000098064e-07,2,"[1, 3]","[5332, 870]"
571,96,286,1154,0.0009091213416545973,1.8000000000088258e-07,2,"[1, 3]","[5662, 817]"
572,96,286,1154,0.0009092713416545981,1.5000000000073548e-07,2,"[1, 3]","[5186, 761]"
573,96,286,1154,0.0009094213416545988,1.5000000000073548e-07,2,"[1, 3]","[5484, 742]"
574,96,286,1154,0.0009095813416545996,1.6000000000078451e-07,2,"[1, 3]","[5776, 706]"
575,96,286,1154,0.0009097413416546004,1.6000000000078451e-07,2,"[1, 3]","[5405, 626]"
576,96,286,1154,0.0009099313416546013,1.900000000009316e-07,2,"[1, 3]","[5736, 631]"
577,96,286,1154,0.0009101713416546025,2.4000000000117677e-07,2,"[1, 3]","[5631, 537]"
578,96,286,1154,0.0009106313416546047,4.600000000022555e-07,2,"[1, 3]","[5777, 458]"
579,96,286,1155,0.0009085379572781019,0.0009085379572781019,2,"[1, 3]","[6280, 25]"
580,96,286,1155,0.0009088379572781034,3.0000000000147097e-07,2,"[1, 3]","[6219, 18]"
581,96,286,1155,0.0009090579572781044,2.200000000010787e-07,2,"[1, 3]","[6428, 17]"
582,96,286,1155,0.0009092379572781053,1.8000000000088258e-07,2,"[1, 3]","[6326, 16]"
583,96,286,1155,0.0009093979572781061,1.6000000000078451e-07,2,"[1, 3]","[6118, 13]"
584,96,286,1155,0.0009095579572781069,1.6000000000078451e-07,2,"[1, 3]","[6090, 13]"
585,96,286,1155,0.0009097379572781078,1.8000000000088258e-07,2,"[1, 3]","[6357, 9]"
586,96,286,1155,0.0009099379572781088,2.0000000000098064e-07,2,"[1, 3]","[6174, 10]"
587,96,286,1155,0.00091019795727811,2.6000000000127484e-07,2,"[1, 3]","[6332, 7]"
588,96,286,1155,0.0009106979572781125,5.000000000024516e-07,2,"[1, 3]","[6078, 8]"
589,96,286,1156,0.0009084978976588314,0.0009084978976588314,1,[1],[6277]
590,96,286,1156,0.0009088178976588329,3.2000000000156903e-07,1,[1],[6421]
591,96,286,1156,0.000909047897658834,2.3000000000112774e-07,1,[1],[6364]
592,96,286,1156,0.000909237897658835,1.900000000009316e-07,1,[1],[6131]
593,96,286,1156,0.0009094278976588359,1.900000000009316e-07,1,[1],[6278]
594,96,286,1156,0.0009096178976588368,1.900000000009316e-07,1,[1],[6254]
595,96,286,1156,0.0009098278976588379,2.1000000000102968e-07,1,[1],[6055]
596,96,286,1156,0.0009101278976588393,3.0000000000147097e-07,1,[1],[6361]
597,96,286,1156,0.0009107978976588426,6.700000000032852e-07,1,[1],[6117]
598,96,286,1157,0.000908437174776229,0.000908437174776229,1,[1],[6410]
599,96,286,1157,0.0009087471747762305,3.1000000000152e-07,1,[1],[6261]
600,96,286,1157,0.0009089771747762316,2.3000000000112774e-07,1,[1],[6180]
601,96,286,1157,0.0009091871747762327,2.1000000000102968e-07,1,[1],[6444]
602,96,286,1157,0.0009093771747762336,1.900000000009316e-07,1,[1],[6001]
603,96,286,1157,0.0009095971747762347,2.200000000010787e-07,1,[1],[6457]
604,96,286,1157,0.0009098571747762359,2.6000000000127484e-07,1,[1],[6067]
605,96,286,1157,0.000910277174776238,4.2000000000205935e-07,1,[1],[6222]
606,96,286,1158,0.000908415339418707,0.000908415339418707,1,[1],[6282]
607,96,286,1158,0.0009087353394187086,3.2000000000156903e-07,1,[1],[6383]
608,96,286,1158,0.0009089653394187097,2.3000000000112774e-07,1,[1],[6271]
609,96,286,1158,0.0009091753394187107,2.1000000000102968e-07,1,[1],[6243]
610,96,286,1158,0.0009093853394187117,2.1000000000102968e-07,1,[1],[6329]
611,96,286,1158,0.0009096153394187129,2.3000000000112774e-07,1,[1],[6139]
612,96,286,1158,0.0009099053394187143,2.9000000000142193e-07,1,[1],[6269]
613,96,286,1158,0.000910465339418717,5.600000000027458e-07,1,[1],[6088]
614,96,286,1159,0.0009084592424134767,0.0009084592424134767,1,[1],[6278]
615,96,286,1159,0.0009087892424134783,3.3000000000161806e-07,1,[1],[6430]
616,96,286,1159,0.0009090292424134795,2.4000000000117677e-07,1,[1],[6251]
617,96,286,1159,0.0009092492424134806,2.200000000010787e-07,1,[1],[6191]
618,96,286,1159,0.0009094792424134817,2.3000000000112774e-07,1,[1],[6322]
619,96,286,1159,0.0009097292424134829,2.500000000012258e-07,1,[1],[6047]
620,96,286,1159,0.0009101192424134848,3.9000000000191225e-07,1,[1],[6317]
621,96,286,1160,0.0009085219381915081,0.0009085219381915081,1,[1],[6331]
622,96,286,1160,0.0009088619381915098,3.400000000016671e-07,1,[1],[6276]
623,96,286,1160,0.0009091319381915111,2.7000000000132387e-07,1,[1],[6288]
624,96,286,1160,0.0009093719381915123,2.4000000000117677e-07,1,[1],[6176]
625,96,286,1160,0.0009096519381915137,2.800000000013729e-07,1,[1],[6344]
626,96,286,1160,0.0009100119381915154,3.6000000000176516e-07,1,[1],[6121]
627,96,286,1161,0.0009086038535910238,0.0009086038535910238,1,[1],[6375]
628,96,286,1161,0.0009089638535910256,3.6000000000176516e-07,1,[1],[6202]
629,96,286,1161,0.0009092638535910271,3.0000000000147097e-07,1,[1],[6366]
630,96,286,1161,0.0009095638535910285,3.0000000000147097e-07,1,[1],[6214]
631,96,286,1161,0.0009099338535910304,3.700000000018142e-07,1,[1],[6105]
632,96,286,1162,0.0009087459482372018,0.0009087459482372018,1,[1],[6361]
633,96,286,1162,0.0009091259482372037,3.800000000018632e-07,1,[1],[6269]
634,96,286,1162,0.0009094459482372053,3.2000000000156903e-07,1,[1],[6236]
635,96,286,1162,0.000909795948237207,3.500000000017161e-07,1,[1],[6231]
636,96,286,1162,0.00091040594823721,6.10000000002991e-07,1,[1],[6158]
637,96,286,1163,0.0009088755075835773,0.0009088755075835773,1,[1],[6372]
638,96,286,1163,0.0009092755075835793,4.000000000019613e-07,1,[1],[6201]
639,96,286,1163,0.0009096355075835811,3.6000000000176516e-07,1,[1],[6188]
640,96,286,1163,0.0009101155075835834,4.800000000023535e-07,1,[1],[6311]
641,96,286,1164,0.0009090242230179454,0.0009090242230179454,1,[1],[6333]
642,96,286,1164,0.0009094842230179477,4.600000000022555e-07,1,[1],[6277]
643,96,286,1164,0.0009099242230179498,4.400000000021574e-07,1,[1],[6150]
644,96,286,1164,0.0009114842230179575,1.560000000007649e-06,1,[1],[6240]
645,96,286,1165,0.0009091803780493935,0.0009091803780493935,1,[1],[6301]
646,96,286,1165,0.0009097003780493961,5.200000000025497e-07,1,[1],[6244]
647,96,286,1165,0.0009103703780493994,6.700000000032852e-07,1,[1],[6253]
648,96,286,1166,0.0009093004957606799,0.0009093004957606799,1,[1],[6322]
649,96,286,1166,0.0009098804957606828,5.800000000028439e-07,1,[1],[6218]
650,96,286,1167,0.0009093905180538353,0.0009093905180538353,1,[1],[6318]
651,96,286,1167,0.0009100905180538388,7.000000000034323e-07,1,[1],[6240]
652,96,286,1168,0.0009094950478650833,0.0009094950478650833,1,[1],[6291]
653,96,286,1168,0.0009105950478650887,1.1000000000053935e-06,1,[1],[6215]
654,96,286,1169,0.0009096906396864334,0.0009096906396864334,1,[1],[6250]
655,96,286,1170,0.0009101322353233523,0.0009101322353233523,1,[1],[6271]
656,96,287,1154,0.0009092206075488299,0.0009092206075488299,2,"[1, 3]","[5984, 289]"
657,96,287,1154,0.0009099506075488335,7.300000000035793e-07,2,"[1, 3]","[6052, 216]"
658,96,287,1155,0.0009092581209818105,0.0009092581209818105,2,"[1, 3]","[6300, 2]"
659,96,287,1155,0.0009100081209818142,7.500000000036774e-07,2,"[1, 3]","[6213, 2]"
660,96,287,1156,0.0009092464412555367,0.0009092464412555367,1,[1],[6285]
661,96,287,1156,0.0009102264412555415,9.800000000048052e-07,1,[1],[6215]
662,96,287,1157,0.0009092121179323535,0.0009092121179323535,1,[1],[6303]
663,96,287,1157,0.0009104721179323597,1.260000000006178e-06,1,[1],[6217]
664,96,287,1158,0.00090914413940379,0.00090914413940379,1,[1],[6296]
665,96,287,1158,0.0009101941394037952,1.0500000000051484e-06,1,[1],[6211]
666,96,287,1159,0.0009090769143947858,0.0009090769143947858,1,[1],[6293]
667,96,287,1159,0.0009098469143947896,7.700000000037755e-07,1,[1],[6227]
668,96,287,1160,0.0009089927214866788,0.0009089927214866788,1,[1],[6298]
669,96,287,1160,0.0009096127214866819,6.2000000000304e-07,1,[1],[6237]
670,96,287,1161,0.0009089016764479583,0.0009089016764479583,1,[1],[6305]
671,96,287,1161,0.000909431676447961,5.300000000025987e-07,1,[1],[6197]
672,96,287,1161,0.0009101316764479644,7.000000000034323e-07,1,[1],[6290]
673,96,287,1162,0.0009088951292778026,0.0009088951292778026,1,[1],[6306]
674,96,287,1162,0.0009093551292778049,4.600000000022555e-07,1,[1],[6290]
675,96,287,1162,0.0009098151292778071,4.600000000022555e-07,1,[1],[6260]
676,96,287,1163,0.0009089034358708709,0.0009089034358708709,1,[1],[6353]
677,96,287,1163,0.000909333435870873,4.300000000021084e-07,1,[1],[6267]
678,96,287,1163,0.000909733435870875,4.000000000019613e-07,1,[1],[6133]
679,96,287,1163,0.000910353435870878,6.2000000000304e-07,1,[1],[6281]
680,96,287,1164,0.0009089448006850289,0.0009089448006850289,1,[1],[6283]
681,96,287,1164,0.0009093648006850309,4.2000000000205935e-07,1,[1],[6313]
682,96,287,1164,0.0009097348006850327,3.700000000018142e-07,1,[1],[6271]
683,96,287,1164,0.000910204800685035,4.700000000023045e-07,1,[1],[6193]
684,96,287,1165,0.0009089860465755707,0.0009089860465755707,1,[1],[6319]
685,96,287,1165,0.0009093860465755727,4.000000000019613e-07,1,[1],[6317]
686,96,287,1165,0.0009097260465755744,3.400000000016671e-07,1,[1],[6222]
687,96,287,1165,0.0009101360465755764,4.100000000020103e-07,1,[1],[6192]
688,96,287,1166,0.0009090168395403797,0.0009090168395403797,1,[1],[6387]
689,96,287,1166,0.0009094068395403816,3.9000000000191225e-07,1,[1],[6202]
690,96,287,1166,0.0009097468395403833,3.400000000016671e-07,1,[1],[6230]
691,96,287,1166,0.0009101268395403852,3.800000000018632e-07,1,[1],[6223]
692,96,287,1166,0.0009110568395403897,9.3000000000456e-07,1,[1],[6216]
693,96,287,1167,0.0009089738869325461,0.0009089738869325461,1,[1],[6326]
694,96,287,1167,0.0009093438869325479,3.700000000018142e-07,1,[1],[6244]
695,96,287,1167,0.0009096538869325494,3.1000000000152e-07,1,[1],[6203]
696,96,287,1167,0.000909983886932551,3.3000000000161806e-07,1,[1],[6378]
697,96,287,1167,0.0009104438869325533,4.600000000022555e-07,1,[1],[6113]
698,96,287,1168,0.0009089182037862393,0.0009089182037862393,1,[1],[6342]
699,96,287,1168,0.000909278203786241,3.6000000000176516e-07,1,[1],[6192]
700,96,287,1168,0.0009095782037862425,3.0000000000147097e-07,1,[1],[6367]
701,96,287,1168,0.000909888203786244,3.1000000000152e-07,1,[1],[6272]
702,96,287,1168,0.000910288203786246,4.000000000019613e-07,1,[1],[6133]
703,96,287,1169,0.0009088678014444174,0.0009088678014444174,1,[1],[6360]
704,96,287,1169,0.0009092278014444192,3.6000000000176516e-07,1,[1],[6148]
705,96,287,1169,0.0009095278014444206,3.0000000000147097e-07,1,[1],[6327]
706,96,287,1169,0.0009098278014444221,3.0000000000147097e-07,1,[1],[6261]
707,96,287,1169,0.000910207801444424,3.800000000018632e-07,1,[1],[6288]
708,96,287,1170,0.000908848440032098,0.000908848440032098,1,[1],[6361]
709,96,287,1170,0.0009092084400320997,3.6000000000176516e-07,1,[1],[6250]
710,96,287,1170,0.0009094984400321012,2.9000000000142193e-07,1,[1],[6275]
711,96,287,1170,0.0009097784400321025,2.800000000013729e-07,1,[1],[6129]
712,96,287,1170,0.0009101284400321042,3.500000000017161e-07,1,[1],[6248]
713,96,287,1170,0.0009109284400321082,8.000000000039226e-07,1,[1],[6257]
714,96,287,1171,0.0009088424217106397,0.0009088424217106397,1,[1],[6383]
715,96,287,1171,0.0009091924217106414,3.500000000017161e-07,1,[1],[6260]
716,96,287,1171,0.0009094624217106427,2.7000000000132387e-07,1,[1],[6113]
717,96,287,1171,0.0009097324217106441,2.7000000000132387e-07,1,[1],[6363]
718,96,287,1171,0.0009100424217106456,3.1000000000152e-07,1,[1],[6235]
719,96,287,1171,0.0009105524217106481,5.100000000025006e-07,1,[1],[6180]
720,96,287,1172,0.0009088534496293592,0.0009088534496293592,1,[1],[6275]
721,96,287,1172,0.000909213449629361,3.6000000000176516e-07,1,[1],[6293]
722,96,287,1172,0.0009094934496293623,2.800000000013729e-07,1,[1],[6231]
723,96,287,1172,0.0009097834496293637,2.9000000000142193e-07,1,[1],[6408]
724,96,287,1172,0.0009101234496293654,3.400000000016671e-07,1,[1],[6158]
725,96,287,1172,0.0009108234496293688,7.000000000034323e-07,1,[1],[6147]
726,96,287,1173,0.0009088825117373319,0.0009088825117373319,1,[1],[6271]
727,96,287,1173,0.0009092525117373338,3.700000000018142e-07,1,[1],[6307]
728,96,287,1173,0.0009095525117373352,3.0000000000147097e-07,1,[1],[6369]
729,96,287,1173,0.0009098525117373367,3.0000000000147097e-07,1,[1],[6251]
730,96,287,1173,0.0009102325117373386,3.800000000018632e-07,1,[1],[6097]
731,96,287,1174,0.0009089635853114823,0.0009089635853114823,1,[1],[6392]
732,96,287,1174,0.0009093535853114842,3.9000000000191225e-07,1,[1],[6273]
733,96,287,1174,0.0009096935853114858,3.400000000016671e-07,1,[1],[6262]
734,96,287,1174,0.0009100835853114878,3.9000000000191225e-07,1,[1],[6144]
735,96,287,1174,0.0009109735853114921,8.900000000043639e-07,1,[1],[6193]
736,96,287,1175,0.0009090625236916251,0.0009090625236916251,1,[1],[6357]
737,96,287,1175,0.0009094925236916272,4.300000000021084e-07,1,[1],[6217]
738,96,287,1175,0.0009099025236916292,4.100000000020103e-07,1,[1],[6281]
739,96,287,1175,0.0009105225236916322,6.2000000000304e-07,1,[1],[6186]
740,96,287,1176,0.0009091866200825126,0.0009091866200825126,1,[1],[6294]
741,96,287,1176,0.000909676620082515,4.900000000024026e-07,1,[1],[6290]
742,96,287,1176,0.0009102466200825177,5.700000000027948e-07,1,[1],[6225]
743,96,287,1177,0.0009093155520246162,0.0009093155520246162,1,[1],[6342]
744,96,287,1177,0.000909895552024619,5.800000000028439e-07,1,[1],[6251]
745,96,287,1177,0.0009116055520246274,1.7100000000083845e-06,1,[1],[6157]
746,96,287,1178,0.0009094952722892504,0.0009094952722892504,1,[1],[6317]
747,96,287,1178,0.0009103052722892543,8.100000000039716e-07,1,[1],[6236]
748,96,287,1179,0.0009097850651744546,0.0009097850651744546,1,[1],[6268]
749,96,287,1180,0.0009100899573878333,0.0009100899573878333,1,[1],[6255]
750,96,287,1181,0.0009105771098952645,0.0009105771098952645,1,[1],[6277]
751,96,288,1172,0.0009103751198423422,0.0009103751198423422,1,[1],[6267]
752,96,288,1173,0.0009097061760266975,0.0009097061760266975,1,[1],[6285]
753,96,288,1174,0.0009094732032720188,0.0009094732032720188,1,[1],[6313]
754,96,288,1174,0.0009104632032720237,9.900000000048542e-07,1,[1],[6208]
755,96,288,1175,0.0009093056458092454,0.0009093056458092454,1,[1],[6332]
756,96,288,1175,0.0009099056458092483,6.000000000029419e-07,1,[1],[6168]
757,96,288,1176,0.0009091943067518537,0.0009091943067518537,1,[1],[6310]
758,96,288,1176,0.0009096943067518562,5.000000000024516e-07,1,[1],[6254]
759,96,288,1176,0.000910274306751859,5.800000000028439e-07,1,[1],[6251]
760,96,288,1177,0.0009091118568712001,0.0009091118568712001,1,[1],[6289]
761,96,288,1177,0.0009095418568712022,4.300000000021084e-07,1,[1],[6254]
762,96,288,1177,0.0009099518568712042,4.100000000020103e-07,1,[1],[6294]
763,96,288,1177,0.0009105818568712073,6.30000000003089e-07,1,[1],[6216]
764,96,288,1178,0.0009090830008105892,0.0009090830008105892,1,[1],[6293]
765,96,288,1178,0.0009094830008105912,4.000000000019613e-07,1,[1],[6255]
766,96,288,1178,0.0009098430008105929,3.6000000000176516e-07,1,[1],[6232]
767,96,288,1178,0.0009102830008105951,4.400000000021574e-07,1,[1],[6307]
768,96,288,1179,0.0009091308216060346,0.0009091308216060346,1,[1],[6272]
769,96,288,1179,0.0009095308216060365,4.000000000019613e-07,1,[1],[6368]
770,96,288,1179,0.0009098708216060382,3.400000000016671e-07,1,[1],[6226]
771,96,288,1179,0.0009102708216060402,4.000000000019613e-07,1,[1],[6142]
772,96,288,1180,0.0009091961131920061,0.0009091961131920061,1,[1],[6288]
773,96,288,1180,0.0009095861131920081,3.9000000000191225e-07,1,[1],[6230]
774,96,288,1180,0.0009099161131920097,3.3000000000161806e-07,1,[1],[6328]
775,96,288,1180,0.0009102761131920114,3.6000000000176516e-07,1,[1],[6211]
776,96,288,1180,0.0009109461131920147,6.700000000032852e-07,1,[1],[6200]
777,96,288,1181,0.0009092664048709916,0.0009092664048709916,1,[1],[6299]
778,96,288,1181,0.0009096464048709935,3.800000000018632e-07,1,[1],[6246]
779,96,288,1181,0.000909966404870995,3.2000000000156903e-07,1,[1],[6212]
780,96,288,1181,0.0009103164048709967,3.500000000017161e-07,1,[1],[6263]
781,96,288,1181,0.0009109064048709996,5.900000000028929e-07,1,[1],[6264]
782,96,288,1182,0.0009093325948311358,0.0009093325948311358,1,[1],[6299]
783,96,288,1182,0.0009097225948311378,3.9000000000191225e-07,1,[1],[6244]
784,96,288,1182,0.0009100425948311393,3.2000000000156903e-07,1,[1],[6309]
785,96,288,1182,0.000910392594831141,3.500000000017161e-07,1,[1],[6290]
786,96,288,1182,0.0009109225948311436,5.300000000025987e-07,1,[1],[6138]
787,96,288,1183,0.0009093892045216519,0.0009093892045216519,1,[1],[6375]
788,96,288,1183,0.0009097692045216538,3.800000000018632e-07,1,[1],[6223]
789,96,288,1183,0.0009100792045216553,3.1000000000152e-07,1,[1],[6192]
790,96,288,1183,0.000910419204521657,3.400000000016671e-07,1,[1],[6358]
791,96,288,1183,0.0009108992045216593,4.800000000023535e-07,1,[1],[6130]
792,96,288,1184,0.0009094501508665197,0.0009094501508665197,1,[1],[6289]
793,96,288,1184,0.0009098301508665216,3.800000000018632e-07,1,[1],[6307]
794,96,288,1184,0.0009101501508665231,3.2000000000156903e-07,1,[1],[6294]
795,96,288,1184,0.0009104901508665248,3.400000000016671e-07,1,[1],[6217]
796,96,288,1184,0.0009110301508665275,5.400000000026477e-07,1,[1],[6186]
797,96,288,1185,0.0009095145181102493,0.0009095145181102493,1,[1],[6355]
798,96,288,1185,0.0009098945181102512,3.800000000018632e-07,1,[1],[6249]
799,96,288,1185,0.0009102245181102528,3.3000000000161806e-07,1,[1],[6320]
800,96,288,1185,0.0009105845181102546,3.6000000000176516e-07,1,[1],[6125]
801,96,288,1185,0.0009112145181102576,6.30000000003089e-07,1,[1],[6205]
802,96,288,1186,0.0009095397262964088,0.0009095397262964088,1,[1],[6349]
803,96,288,1186,0.0009099297262964107,3.9000000000191225e-07,1,[1],[6259]
804,96,288,1186,0.0009102497262964122,3.2000000000156903e-07,1,[1],[6197]
805,96,288,1186,0.0009106197262964141,3.700000000018142e-07,1,[1],[6264]
806,96,288,1186,0.0009112497262964171,6.30000000003089e-07,1,[1],[6194]
807,96,288,1187,0.0009095807008951836,0.0009095807008951836,1,[1],[6260]
808,96,288,1187,0.0009099707008951855,3.9000000000191225e-07,1,[1],[6366]
809,96,288,1187,0.0009103007008951871,3.3000000000161806e-07,1,[1],[6275]
810,96,288,1187,0.0009106707008951889,3.700000000018142e-07,1,[1],[6247]
811,96,288,1187,0.0009113507008951923,6.800000000033342e-07,1,[1],[6128]
812,96,288,1188,0.0009099840626330671,0.0009099840626330671,1,[1],[6304]
813,96,288,1188,0.0009106540626330704,6.700000000032852e-07,1,[1],[6244]
