,event,pixel_x,pixel_y,reset_time,TSLR,nMCParticles,MC_TrackIDs,MC_Weights
0,40,95,1152,0.0006705297558216702,0.0006705297558216702,2,"[109, 123]","[3685, 2612]"
1,40,95,1152,0.0006709297558216722,4.000000000019613e-07,2,"[109, 123]","[4001, 2292]"
2,40,95,1152,0.000671309755821674,3.800000000018632e-07,2,"[109, 123]","[4135, 2106]"
3,40,95,1152,0.0006722097558216785,9.000000000044129e-07,2,"[109, 123]","[4424, 1751]"
4,40,95,1153,0.0006709195800230105,0.0006709195800230105,2,"[109, 123]","[5345, 947]"
5,40,95,1153,0.0006719195800230154,1.0000000000049032e-06,2,"[109, 123]","[5480, 748]"
6,40,210,1143,0.0005369918984411329,0.0005369918984411329,1,[124],[6383]
7,40,210,1143,0.0005373518984411347,3.6000000000176516e-07,1,[124],[6181]
8,40,210,1143,0.0005377018984411364,3.500000000017161e-07,1,[124],[6294]
9,40,210,1143,0.0005382618984411391,5.600000000027458e-07,1,[124],[6188]
10,40,210,1144,0.0005377773257611636,0.0005377773257611636,1,[124],[6273]
11,40,239,1170,0.0005754485869278036,0.0005754485869278036,1,[32],[6320]
12,40,239,1170,0.0005758985869278058,4.5000000000220645e-07,1,[32],[6295]
13,40,239,1170,0.0005763685869278081,4.700000000023045e-07,1,[32],[6149]
14,40,239,1170,0.0005769785869278111,6.10000000002991e-07,3,"[32, 100, 101]","[6264, 3, 1]"
15,40,239,1170,0.0005775285869278138,5.500000000026968e-07,3,"[32, 100, 101]","[6293, 8, 1]"
16,40,239,1170,0.0005780185869278162,4.900000000024026e-07,3,"[32, 100, 101]","[6219, 22, 1]"
17,40,239,1170,0.0005786785869278194,6.600000000032361e-07,3,"[32, 100, 101]","[6188, 26, 6]"
18,40,239,1171,0.0005788035108422555,0.0005788035108422555,3,"[32, 33, 100]","[6280, 1, 4]"
19,40,239,1171,0.0005796235108422595,8.200000000040206e-07,1,[32],[6228]
20,40,239,1173,0.0005703488126923314,0.0005703488126923314,1,[33],[6335]
21,40,239,1173,0.0005711688126923355,8.200000000040206e-07,1,[33],[6171]
22,40,239,1173,0.0005723188126923411,1.1500000000056387e-06,1,[33],[6251]
23,40,239,1173,0.0005736588126923477,1.3400000000065703e-06,1,[33],[6251]
24,40,239,1173,0.0005765288126923617,2.8700000000140722e-06,2,"[33, 84]","[6232, 23]"
25,40,239,1174,0.0005750888791238861,0.0005750888791238861,3,"[33, 84, 85]","[6078, 175, 4]"
26,40,240,1170,0.0005783084852844602,0.0005783084852844602,3,"[32, 100, 101]","[6260, 8, 1]"
27,40,240,1171,0.0005791269038032038,0.0005791269038032038,3,"[32, 33, 100]","[6316, 1, 2]"
28,40,240,1171,0.0005802469038032093,1.1200000000054916e-06,1,[32],[6185]
29,40,240,1172,0.0005791509081703565,0.0005791509081703565,3,"[32, 33, 88]","[1841, 4422, 5]"
30,40,240,1172,0.0005797309081703593,5.800000000028439e-07,2,"[32, 33]","[5260, 990]"
31,40,240,1172,0.0005802009081703616,4.700000000023045e-07,2,"[32, 33]","[5756, 554]"
32,40,240,1173,0.0005701341504933039,0.0005701341504933039,1,[33],[6346]
33,40,240,1173,0.0005706841504933066,5.500000000026968e-07,1,[33],[6197]
34,40,240,1173,0.0005715341504933108,8.500000000041677e-07,1,[33],[6226]
35,40,240,1173,0.0005725441504933158,1.0100000000049522e-06,1,[33],[6248]
36,40,240,1173,0.0005735341504933206,9.900000000048542e-07,1,[33],[6281]
37,40,240,1173,0.0005753641504933296,1.8300000000089729e-06,3,"[33, 84, 85]","[6201, 7, 1]"
38,40,240,1173,0.0005768441504933368,1.4800000000072568e-06,2,"[33, 84]","[6273, 2]"
39,40,240,1173,0.0005778441504933417,1.0000000000049032e-06,3,"[33, 88, 91]","[6231, 10, 2]"
40,40,240,1173,0.0005786841504933459,8.400000000041187e-07,4,"[32, 33, 88, 91]","[29, 6204, 27, 5]"
41,40,240,1173,0.0005793841504933493,7.000000000034323e-07,4,"[32, 33, 88, 91]","[292, 6005, 4, 1]"
42,40,240,1173,0.0005799841504933522,6.000000000029419e-07,2,"[32, 33]","[541, 5663]"
43,40,240,1173,0.000580744150493356,7.600000000037264e-07,2,"[32, 33]","[485, 5783]"
44,40,240,1174,0.00057416694352371,0.00057416694352371,2,"[33, 84]","[6241, 10]"
45,40,240,1174,0.0005760769435237194,1.910000000009365e-06,3,"[33, 84, 85]","[6152, 95, 4]"
46,40,241,1172,0.0005797892341562715,0.0005797892341562715,2,"[32, 33]","[6124, 138]"
47,40,241,1172,0.0005806192341562755,8.300000000040697e-07,2,"[32, 33]","[6060, 181]"
48,40,241,1173,0.0005800689911401879,0.0005800689911401879,2,"[32, 33]","[4317, 1950]"
49,40,241,1173,0.0005806389911401907,5.700000000027948e-07,2,"[32, 33]","[3605, 2699]"
50,40,241,1173,0.0005810489911401927,4.100000000020103e-07,2,"[32, 33]","[3121, 3090]"
51,40,241,1173,0.0005814089911401945,3.6000000000176516e-07,2,"[32, 33]","[2990, 3318]"
52,40,241,1173,0.0005817789911401963,3.700000000018142e-07,2,"[32, 33]","[2777, 3436]"
53,40,241,1173,0.0005823089911401989,5.300000000025987e-07,2,"[32, 33]","[2564, 3639]"
54,40,241,1174,0.0005821248036877262,0.0005821248036877262,2,"[32, 33]","[879, 5384]"
55,40,242,1173,0.0005817340304686903,0.0005817340304686903,2,"[32, 33]","[5608, 724]"
56,40,242,1173,0.0005824040304686936,6.700000000032852e-07,2,"[32, 33]","[4828, 1433]"
57,40,242,1174,0.0005821215453710675,0.0005821215453710675,2,"[32, 33]","[3222, 3120]"
58,40,242,1174,0.0005824915453710694,3.700000000018142e-07,2,"[32, 33]","[2984, 3241]"
59,40,242,1174,0.0005828115453710709,3.2000000000156903e-07,2,"[32, 33]","[2963, 3367]"
60,40,242,1174,0.0005831415453710725,3.3000000000161806e-07,2,"[32, 33]","[2739, 3389]"
61,40,242,1174,0.0005837215453710754,5.800000000028439e-07,2,"[32, 33]","[2880, 3396]"
62,40,255,1187,0.0005976857977251386,0.0005976857977251386,3,"[25, 137, 138]","[1718, 2770, 1820]"
63,40,255,1187,0.0005986157977251431,9.3000000000456e-07,3,"[25, 137, 138]","[2262, 1609, 2348]"
64,40,256,1187,0.0005976819287164726,0.0005976819287164726,3,"[25, 137, 138]","[3157, 2188, 972]"
65,40,256,1187,0.0005982319287164753,5.500000000026968e-07,3,"[25, 137, 138]","[4249, 1054, 976]"
66,40,256,1187,0.0005991119287164796,8.800000000043148e-07,3,"[25, 137, 138]","[5319, 330, 527]"
67,40,256,1188,0.0005984019646720651,0.0005984019646720651,3,"[25, 137, 138]","[4993, 979, 304]"
68,40,256,1188,0.0005990319646720682,6.30000000003089e-07,3,"[25, 137, 138]","[6181, 64, 55]"
69,40,256,1188,0.000600811964672077,1.7800000000087277e-06,3,"[25, 137, 138]","[6171, 1, 2]"
70,40,257,1188,0.0005994078111277586,0.0005994078111277586,2,"[25, 137]","[6336, 1]"
71,40,257,1189,0.0005997859915311972,0.0005997859915311972,2,"[25, 28]","[6205, 46]"
72,40,257,1189,0.0006003759915312001,5.900000000028929e-07,2,"[25, 28]","[6055, 254]"
73,40,258,1189,0.0006005891727059486,0.0006005891727059486,2,"[25, 28]","[5160, 1170]"
74,40,258,1189,0.0006018691727059549,1.2800000000062761e-06,2,"[25, 28]","[5059, 1126]"
75,40,258,1190,0.0006007129016195151,0.0006007129016195151,2,"[25, 28]","[4233, 2108]"
76,40,258,1190,0.0006012429016195177,5.300000000025987e-07,2,"[25, 28]","[5265, 997]"
77,40,258,1190,0.0006018329016195206,5.900000000028929e-07,2,"[25, 28]","[5835, 355]"
78,40,259,1190,0.0006018281150608145,0.0006018281150608145,2,"[25, 28]","[6298, 30]"
79,40,259,1190,0.000602538115060818,7.100000000034813e-07,1,[25],[6198]
80,40,259,1191,0.0006025456883976441,0.0006025456883976441,1,[25],[6287]
81,40,259,1191,0.0006035256883976489,9.800000000048052e-07,1,[25],[6240]
82,40,260,1191,0.0006031080480875023,0.0006031080480875023,1,[25],[6362]
83,40,260,1191,0.0006036380480875049,5.300000000025987e-07,1,[25],[6228]
84,40,260,1191,0.0006042980480875081,6.600000000032361e-07,1,[25],[6194]
85,40,260,1192,0.0006046296251800546,0.0006046296251800546,1,[25],[6264]
86,40,261,1192,0.0006042519113492067,0.0006042519113492067,1,[25],[6355]
87,40,261,1192,0.0006046919113492089,4.400000000021574e-07,1,[25],[6147]
88,40,261,1192,0.0006052319113492115,5.400000000026477e-07,1,[25],[6309]
89,40,262,1192,0.0006054633055559383,0.0006054633055559383,3,"[5, 25, 26]","[89, 6167, 10]"
90,40,262,1193,0.0006042424248565535,0.0006042424248565535,2,"[5, 25]","[5715, 548]"
91,40,262,1193,0.000605142424856558,9.000000000044129e-07,3,"[5, 25, 26]","[1, 6136, 206]"
92,40,262,1193,0.0006055924248565602,4.5000000000220645e-07,2,"[25, 26]","[5616, 575]"
93,40,262,1193,0.0006061224248565628,5.300000000025987e-07,2,"[25, 26]","[5055, 1208]"
94,40,263,1192,0.0006054411843772223,0.0006054411843772223,3,"[5, 25, 26]","[6130, 111, 10]"
95,40,263,1193,0.0006005542239288168,0.0006005542239288168,1,[5],[6327]
96,40,263,1193,0.0006008742239288184,3.2000000000156903e-07,1,[5],[6252]
97,40,263,1193,0.0006011142239288195,2.4000000000117677e-07,1,[5],[6213]
98,40,263,1193,0.0006013342239288206,2.200000000010787e-07,1,[5],[6228]
99,40,263,1193,0.0006015542239288217,2.200000000010787e-07,1,[5],[6461]
100,40,263,1193,0.0006017742239288228,2.200000000010787e-07,1,[5],[6079]
101,40,263,1193,0.0006020142239288239,2.4000000000117677e-07,1,[5],[6425]
102,40,263,1193,0.0006022542239288251,2.4000000000117677e-07,1,[5],[6058]
103,40,263,1193,0.0006025442239288265,2.9000000000142193e-07,1,[5],[6395]
104,40,263,1193,0.0006028842239288282,3.400000000016671e-07,1,[5],[6167]
105,40,263,1193,0.0006033142239288303,4.300000000021084e-07,2,"[5, 25]","[6191, 1]"
106,40,263,1193,0.0006040042239288337,6.900000000033832e-07,2,"[5, 25]","[6199, 10]"
107,40,263,1193,0.000605484223928841,1.4800000000072568e-06,3,"[5, 25, 26]","[3298, 2054, 906]"
108,40,263,1193,0.0006063542239288452,8.700000000042658e-07,3,"[5, 25, 26]","[128, 2976, 3133]"
109,40,263,1194,0.0006011918392907128,0.0006011918392907128,1,[5],[6259]
110,40,263,1194,0.0006051818392907324,3.990000000019564e-06,3,"[5, 25, 26]","[5979, 189, 77]"
111,40,264,1192,0.0006040466056517829,0.0006040466056517829,1,[5],[6276]
112,40,264,1192,0.000604676605651786,6.30000000003089e-07,1,[5],[6316]
113,40,264,1192,0.0006051466056517883,4.700000000023045e-07,1,[5],[6249]
114,40,264,1192,0.0006055366056517902,3.9000000000191225e-07,1,[5],[6178]
115,40,264,1192,0.0006059566056517922,4.2000000000205935e-07,1,[5],[6278]
116,40,264,1192,0.0006064066056517944,4.5000000000220645e-07,1,[5],[6304]
117,40,264,1192,0.0006070266056517975,6.2000000000304e-07,1,[5],[6162]
118,40,264,1193,0.0006023806032980579,0.0006023806032980579,1,[5],[6283]
119,40,264,1193,0.000603010603298061,6.30000000003089e-07,1,[5],[6223]
120,40,264,1193,0.0006034806032980633,4.700000000023045e-07,1,[5],[6292]
121,40,264,1193,0.0006039106032980654,4.300000000021084e-07,1,[5],[6324]
122,40,264,1193,0.0006043306032980675,4.2000000000205935e-07,1,[5],[6238]
123,40,264,1193,0.0006048106032980698,4.800000000023535e-07,2,"[5, 25]","[6174, 3]"
124,40,264,1193,0.0006054806032980731,6.700000000032852e-07,3,"[5, 25, 26]","[6239, 2, 2]"
125,40,265,1186,0.0006254775763352462,0.0006254775763352462,2,"[5, 21]","[6251, 1]"
126,40,265,1187,0.0006189127706286519,0.0006189127706286519,2,"[5, 21]","[5408, 861]"
127,40,265,1187,0.000620152770628658,1.24000000000608e-06,2,"[5, 21]","[6079, 165]"
128,40,265,1187,0.0006226127706286701,2.460000000012062e-06,2,"[5, 21]","[6242, 1]"
129,40,265,1188,0.0006159880259872915,0.0006159880259872915,2,"[5, 22]","[6208, 97]"
130,40,265,1188,0.0006168280259872956,8.400000000041187e-07,2,"[5, 21]","[6213, 4]"
131,40,265,1188,0.0006175880259872993,7.600000000037264e-07,2,"[5, 21]","[6107, 171]"
132,40,265,1188,0.0006184680259873036,8.800000000043148e-07,2,"[5, 21]","[5335, 895]"
133,40,265,1189,0.0006128906377790696,0.0006128906377790696,2,"[5, 22]","[6186, 111]"
134,40,265,1189,0.0006135406377790728,6.500000000031871e-07,2,"[5, 22]","[5591, 707]"
135,40,265,1189,0.0006140306377790752,4.900000000024026e-07,2,"[5, 22]","[5128, 1074]"
136,40,265,1189,0.0006145406377790777,5.100000000025006e-07,2,"[5, 22]","[5320, 951]"
137,40,265,1189,0.0006152406377790811,7.000000000034323e-07,2,"[5, 22]","[5902, 337]"
138,40,265,1189,0.0006169506377790895,1.7100000000083845e-06,2,"[5, 22]","[6174, 26]"
139,40,265,1190,0.0006102391232488083,0.0006102391232488083,1,[5],[6257]
140,40,265,1190,0.0006108291232488112,5.900000000028929e-07,1,[5],[6333]
141,40,265,1190,0.0006112791232488134,4.5000000000220645e-07,1,[5],[6301]
142,40,265,1190,0.0006116891232488155,4.100000000020103e-07,1,[5],[6216]
143,40,265,1190,0.0006121191232488176,4.300000000021084e-07,2,"[5, 22]","[6227, 1]"
144,40,265,1190,0.0006126291232488201,5.100000000025006e-07,2,"[5, 22]","[6197, 2]"
145,40,265,1190,0.0006134491232488241,8.200000000040206e-07,2,"[5, 22]","[6158, 91]"
146,40,265,1191,0.0006077139642187279,0.0006077139642187279,1,[5],[6277]
147,40,265,1191,0.0006082539642187306,5.400000000026477e-07,1,[5],[6244]
148,40,265,1191,0.0006086539642187325,4.000000000019613e-07,1,[5],[6322]
149,40,265,1191,0.0006089939642187342,3.400000000016671e-07,1,[5],[6324]
150,40,265,1191,0.0006093139642187358,3.2000000000156903e-07,1,[5],[6114]
151,40,265,1191,0.0006096639642187375,3.500000000017161e-07,1,[5],[6369]
152,40,265,1191,0.0006100639642187395,4.000000000019613e-07,1,[5],[6151]
153,40,265,1191,0.0006106339642187423,5.700000000027948e-07,1,[5],[6224]
154,40,265,1192,0.0006060333188608609,0.0006060333188608609,1,[5],[6345]
155,40,265,1192,0.0006065433188608634,5.100000000025006e-07,1,[5],[6266]
156,40,265,1192,0.0006069333188608653,3.9000000000191225e-07,1,[5],[6288]
157,40,265,1192,0.0006072733188608669,3.400000000016671e-07,1,[5],[6121]
158,40,265,1192,0.0006076433188608687,3.700000000018142e-07,1,[5],[6315]
159,40,265,1192,0.0006080633188608708,4.2000000000205935e-07,1,[5],[6191]
160,40,265,1192,0.000608703318860874,6.400000000031381e-07,1,[5],[6242]
161,40,266,1184,0.000629154240595574,0.000629154240595574,1,[5],[6283]
162,40,266,1184,0.000630164240595579,1.0100000000049522e-06,1,[5],[6245]
163,40,266,1184,0.0006311142405955836,9.500000000046581e-07,1,[5],[6244]
164,40,266,1184,0.0006323842405955898,1.270000000006227e-06,1,[5],[6245]
165,40,266,1185,0.0006251487787096203,0.0006251487787096203,1,[5],[6269]
166,40,266,1185,0.0006259387787096242,7.900000000038735e-07,1,[5],[6232]
167,40,266,1185,0.0006265487787096272,6.10000000002991e-07,1,[5],[6270]
168,40,266,1185,0.0006271087787096299,5.600000000027458e-07,1,[5],[6242]
169,40,266,1185,0.0006276887787096327,5.800000000028439e-07,1,[5],[6281]
170,40,266,1185,0.0006283287787096359,6.400000000031381e-07,1,[5],[6282]
171,40,266,1185,0.00062917877870964,8.500000000041677e-07,1,[5],[6193]
172,40,266,1186,0.0006216084773217934,0.0006216084773217934,2,"[5, 21]","[6307, 1]"
173,40,266,1186,0.0006223284773217969,7.200000000035303e-07,1,[5],[6232]
174,40,266,1186,0.0006229084773217997,5.800000000028439e-07,1,[5],[6265]
175,40,266,1186,0.0006234184773218022,5.100000000025006e-07,1,[5],[6229]
176,40,266,1186,0.0006239284773218047,5.100000000025006e-07,1,[5],[6220]
177,40,266,1186,0.0006244684773218074,5.400000000026477e-07,1,[5],[6292]
178,40,266,1186,0.0006251384773218107,6.700000000032852e-07,1,[5],[6265]
179,40,266,1186,0.0006262584773218162,1.1200000000054916e-06,1,[5],[6201]
180,40,266,1187,0.0006185390360315521,0.0006185390360315521,2,"[5, 21]","[5419, 878]"
181,40,266,1187,0.0006192790360315557,7.400000000036284e-07,2,"[5, 21]","[5833, 405]"
182,40,266,1187,0.0006198790360315586,6.000000000029419e-07,2,"[5, 21]","[6204, 50]"
183,40,266,1187,0.0006204390360315614,5.600000000027458e-07,2,"[5, 21]","[6259, 2]"
184,40,266,1187,0.0006209890360315641,5.500000000026968e-07,1,[5],[6244]
185,40,266,1187,0.0006216490360315673,6.600000000032361e-07,1,[5],[6276]
186,40,266,1187,0.0006228790360315734,1.230000000006031e-06,1,[5],[6190]
187,40,266,1188,0.0006160231960828554,0.0006160231960828554,2,"[5, 22]","[6178, 95]"
188,40,266,1188,0.0006167731960828591,7.500000000036774e-07,2,"[5, 21]","[6223, 4]"
189,40,266,1188,0.0006174031960828622,6.30000000003089e-07,2,"[5, 21]","[6222, 112]"
190,40,266,1188,0.0006180131960828652,6.10000000002991e-07,2,"[5, 21]","[5691, 561]"
191,40,266,1188,0.0006187631960828688,7.500000000036774e-07,2,"[5, 21]","[5127, 1084]"
192,40,266,1189,0.0006134588774295946,0.0006134588774295946,2,"[5, 22]","[5704, 582]"
193,40,266,1189,0.0006141788774295981,7.200000000035303e-07,2,"[5, 22]","[4998, 1319]"
194,40,266,1189,0.0006148988774296016,7.200000000035303e-07,2,"[5, 22]","[5428, 735]"
195,40,266,1189,0.0006160988774296075,1.2000000000058839e-06,2,"[5, 22]","[6150, 97]"
196,40,266,1190,0.0006117160376174678,0.0006117160376174678,1,[5],[6275]
197,40,266,1190,0.0006130360376174743,1.3200000000064722e-06,2,"[5, 22]","[6215, 24]"
198,40,266,1191,0.0006107690591634401,0.0006107690591634401,1,[5],[6265]
199,40,267,1182,0.0006392181787037468,0.0006392181787037468,2,"[5, 20]","[6109, 162]"
200,40,267,1182,0.0006431181787037659,3.9000000000191225e-06,1,[5],[6229]
201,40,267,1183,0.0006334105016831451,0.0006334105016831451,1,[5],[6306]
202,40,267,1183,0.0006343105016831495,9.000000000044129e-07,2,"[5, 20]","[6233, 3]"
203,40,267,1183,0.0006349805016831528,6.700000000032852e-07,2,"[5, 20]","[6196, 92]"
204,40,267,1183,0.0006355005016831553,5.200000000025497e-07,2,"[5, 20]","[5584, 604]"
205,40,267,1183,0.0006359405016831575,4.400000000021574e-07,2,"[5, 20]","[4902, 1471]"
206,40,267,1183,0.0006363205016831593,3.800000000018632e-07,2,"[5, 20]","[4310, 1886]"
207,40,267,1183,0.0006367005016831612,3.800000000018632e-07,2,"[5, 20]","[4386, 1831]"
208,40,267,1183,0.0006371505016831634,4.5000000000220645e-07,2,"[5, 20]","[5010, 1302]"
209,40,267,1183,0.0006377405016831663,5.900000000028929e-07,2,"[5, 20]","[5722, 438]"
210,40,267,1183,0.0006385405016831702,8.000000000039226e-07,2,"[5, 20]","[6233, 42]"
211,40,267,1183,0.000640130501683178,1.5900000000077961e-06,1,[5],[6202]
212,40,267,1184,0.0006301472710172032,0.0006301472710172032,1,[5],[6290]
213,40,267,1184,0.0006310972710172079,9.500000000046581e-07,1,[5],[6213]
214,40,267,1184,0.0006318672710172116,7.700000000037755e-07,1,[5],[6305]
215,40,267,1184,0.0006326072710172153,7.400000000036284e-07,1,[5],[6272]
216,40,267,1184,0.0006333972710172191,7.900000000038735e-07,1,[5],[6229]
217,40,267,1184,0.000634377271017224,9.800000000048052e-07,1,[5],[6203]
218,40,267,1184,0.000636227271017233,1.850000000009071e-06,2,"[5, 20]","[5554, 710]"
219,40,267,1185,0.0006284064159562972,0.0006284064159562972,1,[5],[6271]
220,40,268,1181,0.0006459448438395478,0.0006459448438395478,1,[5],[6264]
221,40,268,1181,0.000650074843839568,4.13000000002025e-06,1,[5],[6236]
222,40,268,1182,0.0006395982248241012,0.0006395982248241012,2,"[5, 20]","[6231, 32]"
223,40,268,1182,0.0006405682248241059,9.700000000047561e-07,1,[5],[6242]
224,40,268,1182,0.0006412882248241095,7.200000000035303e-07,1,[5],[6316]
225,40,268,1182,0.0006418882248241124,6.000000000029419e-07,1,[5],[6189]
226,40,268,1182,0.0006424482248241152,5.600000000027458e-07,1,[5],[6278]
227,40,268,1182,0.0006430082248241179,5.600000000027458e-07,1,[5],[6220]
228,40,268,1182,0.0006436182248241209,6.10000000002991e-07,1,[5],[6247]
229,40,268,1182,0.0006443182248241243,7.000000000034323e-07,1,[5],[6261]
230,40,268,1182,0.000645268224824129,9.500000000046581e-07,1,[5],[6267]
231,40,268,1182,0.0006480782248241428,2.810000000013778e-06,1,[5],[6218]
232,40,268,1183,0.0006371113170281764,0.0006371113170281764,2,"[5, 20]","[4922, 1337]"
233,40,268,1183,0.000638461317028183,1.3500000000066193e-06,2,"[5, 20]","[6136, 127]"
234,40,268,1183,0.000639691317028189,1.230000000006031e-06,1,[5],[6237]
235,40,268,1183,0.0006413713170281973,1.6800000000082374e-06,1,[5],[6257]
236,40,269,1180,0.0006525459698974454,0.0006525459698974454,1,[5],[6277]
237,40,269,1180,0.0006543159698974541,1.7700000000086787e-06,1,[5],[6242]
238,40,269,1180,0.0006564459698974645,2.130000000010444e-06,1,[5],[6241]
239,40,269,1181,0.0006464763229246141,0.0006464763229246141,1,[5],[6276]
240,40,269,1181,0.0006475163229246192,1.0400000000050993e-06,1,[5],[6262]
241,40,269,1181,0.000648276322924623,7.600000000037264e-07,1,[5],[6231]
242,40,269,1181,0.0006489263229246261,6.500000000031871e-07,1,[5],[6301]
243,40,269,1181,0.0006495663229246293,6.400000000031381e-07,1,[5],[6214]
244,40,269,1181,0.0006502163229246325,6.500000000031871e-07,1,[5],[6285]
245,40,269,1181,0.000650926322924636,7.100000000034813e-07,1,[5],[6187]
246,40,269,1181,0.0006517663229246401,8.400000000041187e-07,1,[5],[6269]
247,40,269,1181,0.000652966322924646,1.2000000000058839e-06,1,[5],[6235]
248,40,269,1182,0.0006445625663797514,0.0006445625663797514,1,[5],[6255]
249,40,269,1182,0.0006461525663797592,1.5900000000077961e-06,1,[5],[6251]
250,40,269,1182,0.0006479425663797679,1.7900000000087768e-06,1,[5],[6252]
251,40,270,1179,0.0006591946272993145,0.0006591946272993145,1,[5],[6282]
252,40,270,1179,0.0006604946272993209,1.3000000000063742e-06,1,[5],[6249]
253,40,270,1179,0.0006615246272993259,1.0300000000050503e-06,1,[5],[6249]
254,40,270,1179,0.0006625846272993311,1.0600000000051974e-06,1,[5],[6238]
255,40,270,1179,0.0006639446272993378,1.3600000000066684e-06,2,"[5, 19]","[6110, 140]"
256,40,270,1179,0.0006668646272993521,2.9200000000143174e-06,2,"[5, 19]","[4998, 1235]"
257,40,270,1180,0.0006538207147638058,0.0006538207147638058,1,[5],[6279]
258,40,270,1180,0.0006549707147638115,1.1500000000056387e-06,1,[5],[6262]
259,40,270,1180,0.0006558107147638156,8.400000000041187e-07,1,[5],[6264]
260,40,270,1180,0.000656520714763819,7.100000000034813e-07,1,[5],[6215]
261,40,270,1180,0.0006572307147638225,7.100000000034813e-07,1,[5],[6252]
262,40,270,1180,0.0006579607147638261,7.300000000035793e-07,1,[5],[6319]
263,40,270,1180,0.0006587207147638298,7.600000000037264e-07,1,[5],[6162]
264,40,270,1180,0.0006597007147638346,9.800000000048052e-07,1,[5],[6294]
265,40,270,1180,0.0006613707147638428,1.6700000000081884e-06,1,[5],[6210]
266,40,270,1181,0.0006521471748248325,0.0006521471748248325,1,[5],[6273]
267,40,270,1181,0.0006544271748248437,2.2800000000111793e-06,1,[5],[6237]
268,40,271,1177,0.00067131599158424,0.00067131599158424,2,"[5, 18]","[4829, 1429]"
269,40,271,1177,0.000672955991584248,1.6400000000080413e-06,2,"[5, 18]","[6251, 1]"
270,40,271,1177,0.0006745459915842558,1.5900000000077961e-06,1,[5],[6247]
271,40,271,1177,0.0006781059915842733,3.5600000000174555e-06,1,[5],[6245]
272,40,271,1178,0.0006656363870497371,0.0006656363870497371,2,"[5, 19]","[5411, 844]"
273,40,271,1178,0.0006667763870497427,1.1400000000055897e-06,2,"[5, 19]","[6212, 35]"
274,40,271,1178,0.0006676063870497468,8.300000000040697e-07,2,"[5, 18]","[6312, 19]"
275,40,271,1178,0.0006682763870497501,6.700000000032852e-07,2,"[5, 18]","[5865, 383]"
276,40,271,1178,0.0006688063870497527,5.300000000025987e-07,2,"[5, 18]","[4741, 1506]"
277,40,271,1178,0.0006692363870497548,4.300000000021084e-07,2,"[5, 18]","[3811, 2475]"
278,40,271,1178,0.0006696563870497569,4.2000000000205935e-07,2,"[5, 18]","[3388, 2827]"
279,40,271,1178,0.0006701463870497593,4.900000000024026e-07,2,"[5, 18]","[3703, 2548]"
280,40,271,1178,0.000670906387049763,7.600000000037264e-07,2,"[5, 18]","[4860, 1335]"
281,40,271,1178,0.00067232638704977,1.4200000000069626e-06,2,"[5, 18]","[6121, 110]"
282,40,271,1179,0.0006619483992113254,0.0006619483992113254,1,[5],[6299]
283,40,271,1179,0.0006631883992113315,1.24000000000608e-06,2,"[5, 19]","[6247, 17]"
284,40,271,1179,0.0006640483992113357,8.600000000042168e-07,2,"[5, 19]","[5667, 552]"
285,40,271,1179,0.0006647483992113392,7.000000000034323e-07,2,"[5, 19]","[4633, 1637]"
286,40,271,1179,0.0006654883992113428,7.400000000036284e-07,2,"[5, 19]","[4852, 1393]"
287,40,271,1179,0.0006665883992113482,1.1000000000053935e-06,2,"[5, 19]","[5936, 293]"
288,40,271,1179,0.000669408399211362,2.820000000013827e-06,3,"[5, 18, 19]","[5984, 239, 1]"
289,40,272,1175,0.0006833305961343061,0.0006833305961343061,1,[5],[6282]
290,40,272,1175,0.0006854305961343164,2.1000000000102968e-06,1,[5],[6236]
291,40,272,1176,0.0006772008285916957,0.0006772008285916957,1,[5],[6293]
292,40,272,1176,0.000678290828591701,1.0900000000053445e-06,1,[5],[6241]
293,40,272,1176,0.0006791408285917052,8.500000000041677e-07,1,[5],[6225]
294,40,272,1176,0.000679920828591709,7.800000000038245e-07,1,[5],[6336]
295,40,272,1176,0.0006806808285917127,7.600000000037264e-07,1,[5],[6225]
296,40,272,1176,0.000681550828591717,8.700000000042658e-07,1,[5],[6233]
297,40,272,1176,0.0006826608285917224,1.1100000000054426e-06,1,[5],[6209]
298,40,272,1177,0.0006727341219208603,0.0006727341219208603,2,"[5, 18]","[5980, 276]"
299,40,272,1177,0.000673914121920866,1.1800000000057858e-06,1,[5],[6255]
300,40,272,1177,0.0006747941219208704,8.800000000043148e-07,1,[5],[6251]
301,40,272,1177,0.0006756341219208745,8.400000000041187e-07,1,[5],[6314]
302,40,272,1177,0.0006764641219208786,8.300000000040697e-07,1,[5],[6217]
303,40,272,1177,0.0006774441219208834,9.800000000048052e-07,1,[5],[6261]
304,40,272,1177,0.0006790541219208913,1.6100000000078942e-06,1,[5],[6196]
305,40,272,1178,0.000669977805632512,0.000669977805632512,3,"[5, 18, 19]","[4375, 1870, 11]"
306,40,272,1178,0.0006722878056325233,2.3100000000113264e-06,2,"[5, 18]","[5749, 513]"
307,40,273,1173,0.0006965108783227515,0.0006965108783227515,3,"[5, 16, 17]","[5806, 438, 8]"
308,40,273,1174,0.0006881768968648605,0.0006881768968648605,2,"[5, 17]","[4918, 1359]"
309,40,273,1174,0.0006891868968648654,1.0100000000049522e-06,2,"[5, 17]","[4384, 1889]"
310,40,273,1174,0.0006902068968648704,1.0200000000050013e-06,2,"[5, 17]","[5931, 326]"
311,40,273,1174,0.0006911568968648751,9.500000000046581e-07,2,"[5, 17]","[6211, 3]"
312,40,273,1174,0.0006921468968648799,9.900000000048542e-07,1,[5],[6231]
313,40,273,1174,0.0006933068968648856,1.1600000000056877e-06,1,[5],[6284]
314,40,273,1174,0.0006953068968648954,2.0000000000098064e-06,2,"[5, 16]","[6220, 5]"
315,40,273,1175,0.0006839081133540586,0.0006839081133540586,1,[5],[6282]
316,40,273,1175,0.000685008113354064,1.1000000000053935e-06,1,[5],[6248]
317,40,273,1175,0.0006858481133540681,8.400000000041187e-07,1,[5],[6260]
318,40,273,1175,0.0006865981133540717,7.500000000036774e-07,2,"[5, 17]","[6208, 7]"
319,40,273,1175,0.0006873581133540755,7.600000000037264e-07,2,"[5, 17]","[6058, 204]"
320,40,273,1175,0.0006880581133540789,7.000000000034323e-07,2,"[5, 17]","[5232, 1035]"
321,40,273,1175,0.0006888181133540826,7.600000000037264e-07,2,"[5, 17]","[4428, 1827]"
322,40,273,1175,0.0006902681133540897,1.4500000000071097e-06,2,"[5, 17]","[5327, 912]"
323,40,273,1176,0.0006817924295173928,0.0006817924295173928,1,[5],[6263]
324,40,273,1176,0.0006839424295174033,2.150000000010542e-06,1,[5],[6256]
325,40,274,1172,0.0007011763834364177,0.0007011763834364177,2,"[5, 16]","[6239, 40]"
326,40,274,1172,0.0007025863834364246,1.4100000000069135e-06,1,[5],[6257]
327,40,274,1172,0.0007037863834364305,1.2000000000058839e-06,2,"[5, 15]","[6220, 1]"
328,40,274,1172,0.0007051563834364372,1.3700000000067174e-06,2,"[5, 15]","[6128, 129]"
329,40,274,1172,0.0007068063834364453,1.6500000000080903e-06,2,"[5, 15]","[4679, 1565]"
330,40,274,1173,0.0006954413596050683,0.0006954413596050683,2,"[5, 16]","[6151, 136]"
331,40,274,1173,0.0006963513596050727,9.100000000044619e-07,2,"[5, 16]","[4489, 1726]"
332,40,274,1173,0.000697031359605076,6.800000000033342e-07,2,"[5, 16]","[4188, 2100]"
333,40,274,1173,0.0006977413596050795,7.100000000034813e-07,2,"[5, 16]","[5240, 1000]"
334,40,274,1173,0.0006984713596050831,7.300000000035793e-07,2,"[5, 16]","[6162, 131]"
335,40,274,1173,0.0006991913596050866,7.200000000035303e-07,2,"[5, 16]","[6185, 2]"
336,40,274,1173,0.0006999813596050905,7.900000000038735e-07,1,[5],[6256]
337,40,274,1173,0.0007009113596050951,9.3000000000456e-07,1,[5],[6248]
338,40,274,1173,0.0007023013596051019,1.3900000000068155e-06,1,[5],[6237]
339,40,274,1174,0.000691695622927605,0.000691695622927605,2,"[5, 17]","[5820, 452]"
340,40,274,1174,0.0006932756229276127,1.580000000007747e-06,1,[5],[6243]
341,40,274,1174,0.0006946256229276194,1.3500000000066193e-06,2,"[5, 16]","[6257, 1]"
342,40,274,1174,0.0006960356229276263,1.4100000000069135e-06,2,"[5, 16]","[5756, 479]"
343,40,274,1174,0.000697825622927635,1.7900000000087768e-06,2,"[5, 16]","[4070, 2183]"
344,40,275,1170,0.0007143193384037599,0.0007143193384037599,2,"[5, 15]","[6258, 1]"
345,40,275,1170,0.0007176693384037763,3.3500000000164258e-06,1,[5],[6249]
346,40,275,1171,0.0007073800173805001,0.0007073800173805001,2,"[5, 15]","[4837, 1430]"
347,40,275,1171,0.0007087100173805066,1.3300000000065213e-06,2,"[5, 15]","[6220, 21]"
348,40,275,1171,0.0007096400173805112,9.3000000000456e-07,1,[5],[6295]
349,40,275,1171,0.0007104700173805153,8.300000000040697e-07,1,[5],[6238]
350,40,275,1171,0.0007113000173805193,8.300000000040697e-07,1,[5],[6275]
351,40,275,1171,0.0007122300173805239,9.3000000000456e-07,1,[5],[6208]
352,40,275,1171,0.0007135600173805304,1.3300000000065213e-06,1,[5],[6239]
353,40,275,1172,0.0007034112042699351,0.0007034112042699351,2,"[5, 16]","[6269, 2]"
354,40,275,1172,0.0007047012042699414,1.2900000000063251e-06,2,"[5, 15]","[6162, 67]"
355,40,275,1172,0.0007056012042699458,9.000000000044129e-07,2,"[5, 15]","[5252, 1034]"
356,40,275,1172,0.0007062912042699492,6.900000000033832e-07,2,"[5, 15]","[4191, 2082]"
357,40,275,1172,0.0007071612042699535,8.700000000042658e-07,2,"[5, 15]","[4599, 1599]"
358,40,275,1172,0.0007085912042699605,1.4300000000070116e-06,2,"[5, 15]","[6114, 165]"
359,40,275,1173,0.0007028729880938514,0.0007028729880938514,2,"[5, 16]","[6067, 190]"
360,40,276,1169,0.0007197685560510628,0.0007197685560510628,1,[5],[6282]
361,40,276,1169,0.0007212585560510701,1.4900000000073058e-06,1,[5],[6252]
362,40,276,1169,0.0007224485560510759,1.1900000000058348e-06,1,[5],[6255]
363,40,276,1169,0.0007239385560510833,1.4900000000073058e-06,1,[5],[6227]
364,40,276,1170,0.0007146142150237319,0.0007146142150237319,1,[5],[6252]
365,40,276,1170,0.0007157742150237376,1.1600000000056877e-06,1,[5],[6302]
366,40,276,1170,0.0007166542150237419,8.800000000043148e-07,1,[5],[6264]
367,40,276,1170,0.0007174442150237458,7.900000000038735e-07,1,[5],[6217]
368,40,276,1170,0.0007182342150237497,7.900000000038735e-07,1,[5],[6268]
369,40,276,1170,0.000719124215023754,8.900000000043639e-07,1,[5],[6225]
370,40,276,1170,0.0007203542150237601,1.230000000006031e-06,1,[5],[6261]
371,40,276,1171,0.0007123894600300681,0.0007123894600300681,2,"[5, 15]","[6252, 21]"
372,40,276,1171,0.0007143994600300779,2.0100000000098555e-06,1,[5],[6238]
373,40,277,1167,0.0007323915663763278,0.0007323915663763278,1,[5],[6265]
374,40,277,1167,0.0007349515663763403,2.5600000000125522e-06,1,[5],[6251]
375,40,277,1168,0.00072595805594408,0.00072595805594408,1,[5],[6266]
376,40,277,1168,0.0007270980559440855,1.1400000000055897e-06,1,[5],[6249]
377,40,277,1168,0.0007279880559440899,8.900000000043639e-07,1,[5],[6283]
378,40,277,1168,0.0007287980559440939,8.100000000039716e-07,1,[5],[6262]
379,40,277,1168,0.0007295880559440978,7.900000000038735e-07,1,[5],[6237]
380,40,277,1168,0.0007304980559441022,9.100000000044619e-07,1,[5],[6259]
381,40,277,1168,0.0007316980559441081,1.2000000000058839e-06,1,[5],[6209]
382,40,277,1169,0.0007220673696047092,0.0007220673696047092,1,[5],[6294]
383,40,277,1169,0.0007233073696047153,1.24000000000608e-06,1,[5],[6235]
384,40,277,1169,0.0007243073696047202,1.0000000000049032e-06,1,[5],[6264]
385,40,277,1169,0.000725297369604725,9.900000000048542e-07,1,[5],[6222]
386,40,277,1169,0.0007264573696047307,1.1600000000056877e-06,1,[5],[6240]
387,40,277,1169,0.0007285273696047409,2.0700000000101497e-06,1,[5],[6248]
388,40,277,1170,0.0007233573655664071,0.0007233573655664071,1,[5],[6253]
389,40,278,1166,0.0007382891761343989,0.0007382891761343989,1,[5],[6258]
390,40,278,1166,0.0007397591761344061,1.4700000000072077e-06,1,[5],[6283]
391,40,278,1166,0.0007410691761344125,1.3100000000064232e-06,1,[5],[6213]
392,40,278,1166,0.0007425691761344199,1.5000000000073548e-06,1,[5],[6269]
393,40,278,1166,0.0007458291761344359,3.2600000000159845e-06,1,[5],[6233]
394,40,278,1167,0.000732927302178636,0.000732927302178636,1,[5],[6286]
395,40,278,1167,0.0007340773021786417,1.1500000000056387e-06,1,[5],[6217]
396,40,278,1167,0.0007349773021786461,9.000000000044129e-07,1,[5],[6305]
397,40,278,1167,0.0007358473021786504,8.700000000042658e-07,1,[5],[6221]
398,40,278,1167,0.0007367473021786548,9.000000000044129e-07,1,[5],[6238]
399,40,278,1167,0.0007377073021786595,9.60000000004707e-07,1,[5],[6255]
400,40,278,1167,0.0007389773021786657,1.270000000006227e-06,1,[5],[6233]
401,40,278,1168,0.0007304912751942588,0.0007304912751942588,1,[5],[6262]
402,40,278,1168,0.0007324312751942683,1.9400000000095122e-06,1,[5],[6239]
403,40,278,1168,0.0007359712751942856,3.5400000000173574e-06,1,[5],[6254]
404,40,279,1164,0.0007525057003536661,0.0007525057003536661,2,"[5, 14]","[5313, 946]"
405,40,279,1165,0.0007452708527017426,0.0007452708527017426,1,[5],[6253]
406,40,279,1165,0.000746580852701749,1.3100000000064232e-06,1,[5],[6259]
407,40,279,1165,0.0007475808527017539,1.0000000000049032e-06,1,[5],[6292]
408,40,279,1165,0.0007485008527017584,9.20000000004511e-07,1,[5],[6200]
409,40,279,1165,0.000749440852701763,9.40000000004609e-07,1,[5],[6252]
410,40,279,1165,0.0007505508527017685,1.1100000000054426e-06,2,"[5, 14]","[6230, 18]"
411,40,279,1165,0.0007520208527017757,1.4700000000072077e-06,2,"[5, 14]","[5303, 963]"
412,40,279,1166,0.0007409683114835592,0.0007409683114835592,1,[5],[6251]
413,40,279,1166,0.0007423983114835662,1.4300000000070116e-06,1,[5],[6300]
414,40,279,1166,0.0007435383114835718,1.1400000000055897e-06,1,[5],[6233]
415,40,279,1166,0.0007446683114835773,1.1300000000055406e-06,1,[5],[6264]
416,40,279,1166,0.0007460083114835839,1.3400000000065703e-06,1,[5],[6223]
417,40,279,1166,0.000748888311483598,2.8800000000141213e-06,1,[5],[6232]
418,40,279,1167,0.0007454904280111557,0.0007454904280111557,1,[5],[6250]
419,40,280,1163,0.0007606837372553967,0.0007606837372553967,2,"[5, 14]","[6246, 5]"
420,40,280,1163,0.000764223737255414,3.5400000000173574e-06,2,"[5, 13]","[5809, 455]"
421,40,280,1164,0.0007524608000657965,0.0007524608000657965,2,"[5, 14]","[4663, 1610]"
422,40,280,1164,0.0007538608000658034,1.4000000000068645e-06,2,"[5, 14]","[5879, 357]"
423,40,280,1164,0.0007549208000658086,1.0600000000051974e-06,1,[5],[6279]
424,40,280,1164,0.0007558308000658131,9.100000000044619e-07,1,[5],[6258]
425,40,280,1164,0.0007566808000658172,8.500000000041677e-07,1,[5],[6227]
426,40,280,1164,0.0007575408000658214,8.600000000042168e-07,1,[5],[6228]
427,40,280,1164,0.0007584908000658261,9.500000000046581e-07,1,[5],[6287]
428,40,280,1164,0.0007596508000658318,1.1600000000056877e-06,1,[5],[6243]
429,40,280,1164,0.0007616508000658416,2.0000000000098064e-06,1,[5],[6237]
430,40,280,1165,0.0007500081724400515,0.0007500081724400515,2,"[5, 14]","[6260, 3]"
431,40,280,1165,0.0007516281724400595,1.6200000000079432e-06,2,"[5, 14]","[5269, 985]"
432,40,280,1165,0.000752968172440066,1.3400000000065703e-06,2,"[5, 14]","[4409, 1844]"
433,40,280,1165,0.0007554681724400783,2.500000000012258e-06,2,"[5, 14]","[6115, 123]"
434,40,281,1162,0.0007698555571050293,0.0007698555571050293,2,"[5, 13]","[5876, 387]"
435,40,281,1162,0.0007736355571050478,3.780000000018534e-06,1,[5],[6245]
436,40,281,1163,0.0007617367704524351,0.0007617367704524351,1,[5],[6255]
437,40,281,1163,0.0007630767704524417,1.3400000000065703e-06,2,"[5, 13]","[6214, 87]"
438,40,281,1163,0.0007638867704524456,8.100000000039716e-07,3,"[5, 13, 176]","[4822, 1400, 1]"
439,40,281,1163,0.0007643967704524481,5.100000000025006e-07,4,"[5, 13, 175, 176]","[3298, 2947, 3, 1]"
440,40,281,1163,0.0007647967704524501,4.000000000019613e-07,3,"[5, 13, 175]","[2691, 3526, 7]"
441,40,281,1163,0.0007652367704524522,4.400000000021574e-07,3,"[5, 13, 176]","[2922, 3431, 1]"
442,40,281,1163,0.000765796770452455,5.600000000027458e-07,4,"[5, 13, 175, 176]","[3848, 2353, 6, 1]"
443,40,281,1163,0.0007665367704524586,7.400000000036284e-07,4,"[5, 13, 175, 176]","[5528, 695, 2, 1]"
444,40,281,1163,0.0007673567704524626,8.200000000040206e-07,2,"[5, 13]","[6178, 34]"
445,40,281,1163,0.0007683267704524674,9.700000000047561e-07,1,[5],[6298]
446,40,281,1163,0.000769466770452473,1.1400000000055897e-06,1,[5],[6235]
447,40,281,1163,0.0007712167704524816,1.7500000000085806e-06,1,[5],[6246]
448,40,281,1164,0.000759199290778445,0.000759199290778445,2,"[5, 14]","[6248, 17]"
449,40,281,1164,0.0007611892907784547,1.9900000000097574e-06,1,[5],[6249]
450,40,281,1164,0.0007632492907784648,2.0600000000101006e-06,2,"[5, 13]","[6194, 60]"
451,40,281,1164,0.0007648092907784725,1.560000000007649e-06,4,"[5, 13, 175, 176]","[3058, 3169, 4, 1]"
452,40,282,1161,0.0007817710851490997,0.0007817710851490997,1,[5],[6258]
453,40,282,1162,0.0007713624591480682,0.0007713624591480682,2,"[5, 13]","[6249, 27]"
454,40,282,1162,0.0007728724591480756,1.5100000000074039e-06,1,[5],[6271]
455,40,282,1162,0.000773962459148081,1.0900000000053445e-06,1,[5],[6223]
456,40,282,1162,0.0007749024591480856,9.40000000004609e-07,1,[5],[6264]
457,40,282,1162,0.0007757624591480898,8.600000000042168e-07,1,[5],[6222]
458,40,282,1162,0.0007765924591480939,8.300000000040697e-07,1,[5],[6245]
459,40,282,1162,0.0007774424591480981,8.500000000041677e-07,1,[5],[6308]
460,40,282,1162,0.0007783624591481026,9.20000000004511e-07,1,[5],[6259]
461,40,282,1162,0.0007794124591481077,1.0500000000051484e-06,1,[5],[6199]
462,40,282,1162,0.0007808624591481148,1.4500000000071097e-06,1,[5],[6263]
463,40,282,1162,0.0007842524591481314,3.390000000016622e-06,2,"[5, 12]","[6215, 10]"
464,40,282,1163,0.0007679401061291063,0.0007679401061291063,2,"[5, 13]","[5259, 993]"
465,40,282,1163,0.000769920106129116,1.9800000000097084e-06,1,[5],[6284]
466,40,282,1163,0.0007715201061291239,1.6000000000078451e-06,1,[5],[6259]
467,40,282,1163,0.0007732301061291323,1.7100000000083845e-06,1,[5],[6232]
468,40,282,1163,0.0007757901061291448,2.5600000000125522e-06,1,[5],[6230]
469,40,283,1160,0.0007956303343815644,0.0007956303343815644,2,"[5, 12]","[6165, 90]"
470,40,283,1161,0.0007820934471422312,0.0007820934471422312,1,[5],[6257]
471,40,283,1161,0.0007836334471422388,1.540000000007551e-06,2,"[5, 12]","[6245, 11]"
472,40,283,1161,0.0007846634471422438,1.0300000000050503e-06,2,"[5, 12]","[5531, 754]"
473,40,283,1161,0.0007853734471422473,7.100000000034813e-07,2,"[5, 12]","[4232, 2014]"
474,40,283,1161,0.0007860634471422507,6.900000000033832e-07,2,"[5, 12]","[4363, 1903]"
475,40,283,1161,0.0007869234471422549,8.600000000042168e-07,2,"[5, 12]","[5583, 635]"
476,40,283,1161,0.0007878734471422595,9.500000000046581e-07,2,"[5, 12]","[6186, 36]"
477,40,283,1161,0.0007888834471422645,1.0100000000049522e-06,1,[5],[6274]
478,40,283,1161,0.0007900834471422704,1.2000000000058839e-06,1,[5],[6256]
479,40,283,1161,0.0007918934471422793,1.8100000000088748e-06,1,[5],[6239]
480,40,283,1161,0.0007955334471422971,3.6400000000178477e-06,1,[5],[6234]
481,40,283,1162,0.0007782585500780027,0.0007782585500780027,1,[5],[6268]
482,40,283,1162,0.0007800385500780114,1.7800000000087277e-06,1,[5],[6248]
483,40,283,1162,0.0007814585500780184,1.4200000000069626e-06,1,[5],[6282]
484,40,283,1162,0.0007828385500780251,1.3800000000067664e-06,1,[5],[6225]
485,40,283,1162,0.0007843185500780324,1.4800000000072568e-06,2,"[5, 12]","[6140, 120]"
486,40,283,1162,0.0007858985500780401,1.580000000007747e-06,2,"[5, 12]","[4535, 1727]"
487,40,284,1159,0.0008119631295855995,0.0008119631295855995,1,[5],[6252]
488,40,284,1160,0.0007941226597427131,0.0007941226597427131,2,"[5, 12]","[6265, 2]"
489,40,284,1160,0.0007960526597427226,1.930000000009463e-06,1,[5],[6253]
490,40,284,1160,0.0007975026597427297,1.4500000000071097e-06,1,[5],[6280]
491,40,284,1160,0.0007987326597427357,1.230000000006031e-06,1,[5],[6254]
492,40,284,1160,0.0007998826597427414,1.1500000000056387e-06,1,[5],[6196]
493,40,284,1160,0.0008010526597427471,1.1700000000057368e-06,1,[5],[6259]
494,40,284,1160,0.000802262659742753,1.2100000000059329e-06,1,[5],[6253]
495,40,284,1160,0.0008036226597427597,1.3600000000066684e-06,1,[5],[6254]
496,40,284,1160,0.0008054626597427687,1.840000000009022e-06,1,[5],[6260]
497,40,284,1160,0.0008092326597427872,3.770000000018485e-06,1,[5],[6228]
498,40,284,1161,0.0007885687015079313,0.0007885687015079313,2,"[5, 12]","[5918, 335]"
499,40,284,1161,0.0007905287015079409,1.9600000000096103e-06,1,[5],[6256]
500,40,284,1161,0.0007921987015079491,1.6700000000081884e-06,1,[5],[6268]
501,40,284,1161,0.0007935887015079559,1.3900000000068155e-06,1,[5],[6241]
502,40,284,1161,0.0007950487015079631,1.4600000000071587e-06,1,[5],[6234]
503,40,284,1161,0.0007966987015079712,1.6500000000080903e-06,1,[5],[6268]
504,40,284,1161,0.0007989687015079823,2.2700000000111303e-06,1,[5],[6241]
505,40,285,1159,0.0008078754267274109,0.0008078754267274109,1,[5],[6269]
506,40,285,1159,0.0008099054267274208,2.0300000000099535e-06,1,[5],[6248]
507,40,285,1159,0.0008114154267274283,1.5100000000074039e-06,1,[5],[6259]
508,40,285,1159,0.0008126954267274345,1.2800000000062761e-06,1,[5],[6243]
509,40,285,1159,0.0008138854267274404,1.1900000000058348e-06,2,"[5, 11]","[6126, 117]"
510,40,285,1159,0.0008148754267274452,9.900000000048542e-07,2,"[5, 11]","[4921, 1336]"
511,40,285,1159,0.0008158354267274499,9.60000000004707e-07,2,"[5, 11]","[4336, 1917]"
512,40,285,1159,0.0008171754267274565,1.3400000000065703e-06,2,"[5, 11]","[5782, 454]"
513,40,285,1159,0.0008188854267274649,1.7100000000083845e-06,2,"[5, 11]","[6239, 4]"
514,40,285,1159,0.0008220954267274806,3.2100000000157393e-06,1,[5],[6256]
515,40,285,1160,0.0008015429294671474,0.0008015429294671474,1,[5],[6252]
516,40,285,1160,0.0008036429294671577,2.1000000000102968e-06,1,[5],[6258]
517,40,285,1160,0.0008051729294671652,1.530000000007502e-06,1,[5],[6274]
518,40,285,1160,0.0008065429294671719,1.3700000000067174e-06,1,[5],[6246]
519,40,285,1160,0.0008078629294671784,1.3200000000064722e-06,1,[5],[6247]
520,40,285,1160,0.0008092429294671851,1.3800000000067664e-06,1,[5],[6252]
521,40,285,1160,0.0008108629294671931,1.6200000000079432e-06,1,[5],[6242]
522,40,285,1160,0.0008132229294672046,2.3600000000115716e-06,2,"[5, 11]","[6243, 1]"
523,40,286,1157,0.0008413788591236237,0.0008413788591236237,3,"[5, 9, 10]","[4675, 815, 760]"
524,40,286,1158,0.0008218773951884665,0.0008218773951884665,2,"[5, 11]","[6145, 106]"
525,40,286,1158,0.0008240573951884772,2.180000000010689e-06,1,[5],[6263]
526,40,286,1158,0.0008256573951884851,1.6000000000078451e-06,1,[5],[6257]
527,40,286,1158,0.0008270273951884918,1.3700000000067174e-06,1,[5],[6261]
528,40,286,1158,0.0008283573951884983,1.3300000000065213e-06,1,[5],[6223]
529,40,286,1158,0.0008297073951885049,1.3500000000066193e-06,1,[5],[6264]
530,40,286,1158,0.0008312173951885123,1.5100000000074039e-06,2,"[5, 10]","[6154, 110]"
531,40,286,1158,0.0008324573951885184,1.24000000000608e-06,2,"[5, 10]","[4257, 2005]"
532,40,286,1158,0.0008339273951885256,1.4700000000072077e-06,2,"[5, 10]","[4142, 2091]"
533,40,286,1158,0.0008366873951885391,2.760000000013533e-06,3,"[5, 9, 10]","[5117, 1057, 61]"
534,40,286,1159,0.0008147010125378712,0.0008147010125378712,2,"[5, 11]","[5557, 695]"
535,40,286,1159,0.0008164710125378798,1.7700000000086787e-06,2,"[5, 11]","[4673, 1605]"
536,40,286,1159,0.0008180710125378877,1.6000000000078451e-06,2,"[5, 11]","[6193, 32]"
537,40,286,1159,0.0008194110125378943,1.3400000000065703e-06,1,[5],[6282]
538,40,286,1159,0.0008206110125379001,1.2000000000058839e-06,1,[5],[6217]
539,40,286,1159,0.000821811012537906,1.2000000000058839e-06,1,[5],[6310]
540,40,286,1159,0.0008230410125379121,1.230000000006031e-06,1,[5],[6199]
541,40,286,1159,0.0008244310125379189,1.3900000000068155e-06,1,[5],[6279]
542,40,286,1159,0.0008261510125379273,1.7200000000084335e-06,1,[5],[6227]
543,40,286,1159,0.0008289610125379411,2.810000000013778e-06,1,[5],[6236]
544,40,287,1156,0.000863752812364607,0.000863752812364607,2,"[5, 9]","[6246, 4]"
545,40,287,1157,0.0008360208144236417,0.0008360208144236417,3,"[5, 9, 10]","[5200, 193, 865]"
546,40,287,1157,0.000837900814423651,1.880000000009218e-06,2,"[5, 9]","[4236, 2014]"
547,40,287,1157,0.0008398308144236604,1.930000000009463e-06,2,"[5, 9]","[6095, 177]"
548,40,287,1157,0.0008416108144236691,1.7800000000087277e-06,1,[5],[6232]
549,40,287,1157,0.0008431708144236768,1.560000000007649e-06,1,[5],[6275]
550,40,287,1157,0.0008445708144236837,1.4000000000068645e-06,1,[5],[6223]
551,40,287,1157,0.0008459608144236905,1.3900000000068155e-06,1,[5],[6255]
552,40,287,1157,0.0008473908144236975,1.4300000000070116e-06,1,[5],[6270]
553,40,287,1157,0.0008489508144237051,1.560000000007649e-06,1,[5],[6225]
554,40,287,1157,0.0008507808144237141,1.8300000000089729e-06,1,[5],[6246]
555,40,287,1157,0.0008531208144237256,2.3400000000114735e-06,1,[5],[6257]
556,40,287,1157,0.0008572508144237458,4.13000000002025e-06,1,[5],[6241]
557,40,287,1158,0.0008287718656423048,0.0008287718656423048,1,[5],[6265]
558,40,287,1158,0.0008307718656423146,2.0000000000098064e-06,2,"[5, 10]","[6234, 23]"
559,40,287,1158,0.0008320018656423206,1.230000000006031e-06,2,"[5, 10]","[5124, 1113]"
560,40,287,1158,0.0008328318656423247,8.300000000040697e-07,2,"[5, 10]","[4013, 2235]"
561,40,287,1158,0.0008337418656423291,9.100000000044619e-07,2,"[5, 10]","[4960, 1331]"
562,40,287,1158,0.0008347918656423343,1.0500000000051484e-06,3,"[5, 9, 10]","[6085, 7, 126]"
563,40,287,1158,0.0008357818656423391,9.900000000048542e-07,3,"[5, 9, 10]","[5971, 270, 1]"
564,40,287,1158,0.0008365218656423428,7.400000000036284e-07,2,"[5, 9]","[4423, 1841]"
565,40,287,1158,0.0008371118656423456,5.900000000028929e-07,2,"[5, 9]","[3468, 2873]"
566,40,287,1158,0.0008377518656423488,6.400000000031381e-07,2,"[5, 9]","[3648, 2500]"
567,40,287,1158,0.0008387318656423536,9.800000000048052e-07,2,"[5, 9]","[5354, 907]"
568,40,287,1158,0.0008399718656423597,1.24000000000608e-06,2,"[5, 9]","[6217, 37]"
569,40,287,1158,0.0008416318656423678,1.6600000000081393e-06,1,[5],[6232]
570,40,287,1158,0.0008438918656423789,2.2600000000110813e-06,1,[5],[6244]
571,40,287,1158,0.0008477718656423979,3.8800000000190245e-06,1,[5],[6250]
572,40,287,1159,0.0008315455738755299,0.0008315455738755299,3,"[5, 10, 11]","[6217, 24, 9]"
573,40,288,1155,0.0008791519602012261,0.0008791519602012261,2,"[5, 8]","[5839, 412]"
574,40,288,1156,0.0008553171069828126,0.0008553171069828126,1,[5],[6256]
575,40,288,1156,0.0008580271069828258,2.7100000000132877e-06,1,[5],[6270]
576,40,288,1156,0.0008599471069828353,1.920000000009414e-06,1,[5],[6243]
577,40,288,1156,0.0008615671069828432,1.6200000000079432e-06,1,[5],[6269]
578,40,288,1156,0.0008630071069828503,1.4400000000070606e-06,1,[5],[6250]
579,40,288,1156,0.000864387106982857,1.3800000000067664e-06,1,[5],[6251]
580,40,288,1156,0.0008656871069828634,1.3000000000063742e-06,1,[5],[6227]
581,40,288,1156,0.0008670671069828702,1.3800000000067664e-06,1,[5],[6244]
582,40,288,1156,0.0008684871069828771,1.4200000000069626e-06,1,[5],[6256]
583,40,288,1156,0.0008700471069828848,1.560000000007649e-06,1,[5],[6258]
584,40,288,1156,0.0008718171069828935,1.7700000000086787e-06,2,"[5, 8]","[5877, 373]"
585,40,288,1156,0.0008737971069829032,1.9800000000097084e-06,2,"[5, 8]","[4594, 1635]"
586,40,288,1156,0.0008777571069829226,3.960000000019417e-06,2,"[5, 8]","[6208, 40]"
587,40,288,1157,0.0008444921224085123,0.0008444921224085123,3,"[5, 9, 10]","[6178, 77, 6]"
588,40,288,1157,0.0008470621224085249,2.5700000000126013e-06,1,[5],[6263]
589,40,288,1157,0.0008488421224085337,1.7800000000087277e-06,1,[5],[6265]
590,40,288,1157,0.0008503121224085409,1.4700000000072077e-06,1,[5],[6214]
591,40,288,1157,0.0008516121224085472,1.3000000000063742e-06,1,[5],[6251]
592,40,288,1157,0.0008528321224085532,1.220000000005982e-06,1,[5],[6285]
593,40,288,1157,0.0008539921224085589,1.1600000000056877e-06,1,[5],[6222]
594,40,288,1157,0.0008551221224085644,1.1300000000055406e-06,1,[5],[6254]
595,40,288,1157,0.00085626212240857,1.1400000000055897e-06,1,[5],[6251]
596,40,288,1157,0.000857482122408576,1.220000000005982e-06,1,[5],[6245]
597,40,288,1157,0.0008587521224085822,1.270000000006227e-06,1,[5],[6252]
598,40,288,1157,0.0008601821224085893,1.4300000000070116e-06,1,[5],[6273]
599,40,288,1157,0.0008618821224085976,1.7000000000083355e-06,1,[5],[6245]
600,40,288,1157,0.0008640621224086083,2.180000000010689e-06,1,[5],[6229]
601,40,288,1157,0.0008681621224086284,4.100000000020103e-06,1,[5],[6247]
602,40,288,1158,0.0008442879478774088,0.0008442879478774088,3,"[5, 9, 10]","[5930, 282, 41]"
603,40,288,1158,0.0008543879478774583,1.0100000000049522e-05,1,[5],[6248]
604,40,288,1167,0.0009090410051056963,0.0009090410051056963,1,[1],[6250]
605,40,288,1168,0.0009078237820177379,0.0009078237820177379,1,[1],[6261]
606,40,288,1169,0.000907683248161278,0.000907683248161278,1,[1],[6286]
607,40,288,1169,0.0009091932481612854,1.5100000000074039e-06,1,[1],[6217]
608,40,288,1170,0.000907670703049097,0.000907670703049097,1,[1],[6331]
609,40,288,1170,0.0009083907030491005,7.200000000035303e-07,1,[1],[6212]
610,40,288,1171,0.0009077300302063299,0.0009077300302063299,1,[1],[6298]
611,40,288,1171,0.0009083000302063327,5.700000000027948e-07,1,[1],[6269]
612,40,288,1171,0.0009094800302063385,1.1800000000057858e-06,1,[1],[6186]
613,40,288,1172,0.0009078084334920476,0.0009078084334920476,1,[1],[6270]
614,40,288,1172,0.0009083184334920501,5.100000000025006e-07,1,[1],[6279]
615,40,288,1172,0.0009088984334920529,5.800000000028439e-07,1,[1],[6219]
616,40,288,1173,0.0009078681274829576,0.0009078681274829576,1,[1],[6334]
617,40,288,1173,0.0009083081274829598,4.400000000021574e-07,1,[1],[6173]
618,40,288,1173,0.0009087481274829619,4.400000000021574e-07,1,[1],[6298]
619,40,288,1173,0.000909578127482966,8.300000000040697e-07,1,[1],[6224]
620,40,288,1174,0.000907988128918009,0.000907988128918009,1,[1],[6300]
621,40,288,1174,0.0009084181289180111,4.300000000021084e-07,1,[1],[6282]
622,40,288,1174,0.000908818128918013,4.000000000019613e-07,1,[1],[6220]
623,40,288,1174,0.0009094381289180161,6.2000000000304e-07,1,[1],[6230]
624,40,288,1175,0.0009080803555062474,0.0009080803555062474,2,"[1, 3]","[6278, 64]"
625,40,288,1175,0.0009084803555062494,4.000000000019613e-07,2,"[1, 3]","[6086, 91]"
626,40,288,1175,0.0009088503555062512,3.700000000018142e-07,2,"[1, 3]","[6125, 124]"
627,40,288,1175,0.0009093103555062534,4.600000000022555e-07,2,"[1, 3]","[6132, 151]"
628,40,288,1176,0.0009081027561980243,0.0009081027561980243,2,"[1, 3]","[5692, 597]"
629,40,288,1176,0.0009084827561980261,3.800000000018632e-07,2,"[1, 3]","[5655, 741]"
630,40,288,1176,0.0009087927561980277,3.1000000000152e-07,2,"[1, 3]","[5439, 761]"
631,40,288,1176,0.0009091127561980292,3.2000000000156903e-07,2,"[1, 3]","[5332, 838]"
632,40,288,1176,0.0009095627561980314,4.5000000000220645e-07,2,"[1, 3]","[5286, 944]"
633,40,288,1177,0.0009082330312496589,0.0009082330312496589,2,"[1, 3]","[6296, 78]"
634,40,288,1177,0.0009086230312496608,3.9000000000191225e-07,2,"[1, 3]","[6057, 86]"
635,40,288,1177,0.0009089630312496625,3.400000000016671e-07,2,"[1, 3]","[6170, 101]"
636,40,288,1177,0.0009093430312496644,3.800000000018632e-07,2,"[1, 3]","[6187, 89]"
637,40,288,1177,0.0009101830312496685,8.400000000041187e-07,2,"[1, 3]","[6088, 116]"
638,40,288,1178,0.0009083429521006204,0.0009083429521006204,1,[1],[6384]
639,40,288,1178,0.0009087329521006223,3.9000000000191225e-07,1,[1],[6246]
640,40,288,1178,0.0009090629521006239,3.3000000000161806e-07,2,"[1, 3]","[6177, 1]"
641,40,288,1178,0.0009094429521006258,3.800000000018632e-07,1,[1],[6255]
642,40,288,1178,0.0009102529521006297,8.100000000039716e-07,1,[1],[6196]
643,40,288,1179,0.0009084566857871195,0.0009084566857871195,1,[1],[6280]
644,40,288,1179,0.0009088466857871214,3.9000000000191225e-07,1,[1],[6297]
645,40,288,1179,0.000909176685787123,3.3000000000161806e-07,1,[1],[6245]
646,40,288,1179,0.0009095366857871247,3.6000000000176516e-07,1,[1],[6244]
647,40,288,1179,0.0009101766857871279,6.400000000031381e-07,1,[1],[6236]
648,40,288,1180,0.000908585644454967,0.000908585644454967,1,[1],[6354]
649,40,288,1180,0.0009089756444549689,3.9000000000191225e-07,1,[1],[6256]
650,40,288,1180,0.0009092956444549705,3.2000000000156903e-07,1,[1],[6239]
651,40,288,1180,0.0009096456444549722,3.500000000017161e-07,1,[1],[6227]
652,40,288,1180,0.0009102356444549751,5.900000000028929e-07,1,[1],[6209]
653,40,288,1181,0.0009087282995137012,0.0009087282995137012,2,"[1, 2]","[6262, 3]"
654,40,288,1181,0.0009091182995137031,3.9000000000191225e-07,2,"[1, 2]","[6266, 3]"
655,40,288,1181,0.0009094382995137047,3.2000000000156903e-07,2,"[1, 2]","[6381, 10]"
656,40,288,1181,0.0009097682995137063,3.3000000000161806e-07,2,"[1, 2]","[6076, 8]"
657,40,288,1181,0.0009102682995137087,5.000000000024516e-07,2,"[1, 2]","[6254, 5]"
658,40,288,1182,0.0009088617969083637,0.0009088617969083637,2,"[1, 2]","[5763, 496]"
659,40,288,1182,0.0009092317969083655,3.700000000018142e-07,2,"[1, 2]","[5821, 498]"
660,40,288,1182,0.0009095217969083669,2.9000000000142193e-07,2,"[1, 2]","[5752, 471]"
661,40,288,1182,0.0009098217969083684,3.0000000000147097e-07,2,"[1, 2]","[5783, 494]"
662,40,288,1182,0.0009102017969083703,3.800000000018632e-07,2,"[1, 2]","[5735, 491]"
663,40,288,1183,0.0009090142918463368,0.0009090142918463368,2,"[1, 2]","[5783, 538]"
664,40,288,1183,0.0009093742918463386,3.6000000000176516e-07,2,"[1, 2]","[5750, 496]"
665,40,288,1183,0.00090966429184634,2.9000000000142193e-07,2,"[1, 2]","[5916, 427]"
666,40,288,1183,0.0009099442918463414,2.800000000013729e-07,2,"[1, 2]","[5748, 389]"
667,40,288,1183,0.0009103042918463431,3.6000000000176516e-07,2,"[1, 2]","[5967, 337]"
668,40,288,1183,0.0009111642918463473,8.600000000042168e-07,2,"[1, 2]","[5873, 292]"
669,40,288,1184,0.0009092223991641046,0.0009092223991641046,2,"[1, 2]","[6328, 2]"
670,40,288,1184,0.0009096023991641064,3.800000000018632e-07,2,"[1, 2]","[6285, 5]"
671,40,288,1184,0.0009099123991641079,3.1000000000152e-07,2,"[1, 2]","[6220, 4]"
672,40,288,1184,0.0009102323991641095,3.2000000000156903e-07,2,"[1, 2]","[6219, 1]"
673,40,288,1184,0.0009106723991641117,4.400000000021574e-07,1,[1],[6211]
674,40,288,1185,0.0009093726069112152,0.0009093726069112152,1,[1],[6306]
675,40,288,1185,0.000909752606911217,3.800000000018632e-07,1,[1],[6237]
676,40,288,1185,0.0009100726069112186,3.2000000000156903e-07,1,[1],[6267]
677,40,288,1185,0.0009104126069112203,3.400000000016671e-07,1,[1],[6316]
678,40,288,1185,0.0009109426069112229,5.300000000025987e-07,1,[1],[6138]
679,40,288,1186,0.0009094389859966752,0.0009094389859966752,1,[1],[6340]
680,40,288,1186,0.0009098189859966771,3.800000000018632e-07,1,[1],[6336]
681,40,288,1186,0.0009101389859966786,3.2000000000156903e-07,1,[1],[6247]
682,40,288,1186,0.0009104689859966802,3.3000000000161806e-07,1,[1],[6114]
683,40,288,1186,0.0009109789859966827,5.100000000025006e-07,1,[1],[6276]
684,40,288,1187,0.000909524237430154,0.000909524237430154,1,[1],[6286]
685,40,288,1187,0.0009099042374301558,3.800000000018632e-07,1,[1],[6276]
686,40,288,1187,0.0009102242374301574,3.2000000000156903e-07,1,[1],[6214]
687,40,288,1187,0.0009105642374301591,3.400000000016671e-07,1,[1],[6232]
688,40,288,1187,0.0009111242374301618,5.600000000027458e-07,1,[1],[6256]
689,40,288,1188,0.0009099283801141435,0.0009099283801141435,1,[1],[6314]
690,40,288,1188,0.0009105683801141466,6.400000000031381e-07,1,[1],[6219]
691,40,289,1154,0.0008986041865672286,0.0008986041865672286,2,"[5, 7]","[5683, 569]"
692,40,289,1154,0.0009063841865672667,7.780000000038147e-06,3,"[1, 5, 6]","[2, 5451, 800]"
693,40,289,1155,0.0008752225956659876,0.0008752225956659876,2,"[5, 8]","[5591, 660]"
694,40,289,1155,0.0008784225956660033,3.2000000000156903e-06,1,[5],[6265]
695,40,289,1155,0.0008805825956660139,2.160000000010591e-06,1,[5],[6235]
696,40,289,1155,0.0008823725956660227,1.7900000000087768e-06,1,[5],[6293]
697,40,289,1155,0.0008839225956660303,1.5500000000076e-06,1,[5],[6210]
698,40,289,1155,0.0008853625956660373,1.4400000000070606e-06,1,[5],[6263]
699,40,289,1155,0.0008867525956660441,1.3900000000068155e-06,1,[5],[6233]
700,40,289,1155,0.0008880625956660506,1.3100000000064232e-06,1,[5],[6278]
701,40,289,1155,0.0008894025956660571,1.3400000000065703e-06,1,[5],[6233]
702,40,289,1155,0.0008907525956660638,1.3500000000066193e-06,1,[5],[6246]
703,40,289,1155,0.0008921525956660706,1.4000000000068645e-06,2,"[5, 7]","[6246, 3]"
704,40,289,1155,0.0008935925956660777,1.4400000000070606e-06,2,"[5, 7]","[5811, 450]"
705,40,289,1155,0.000894682595666083,1.0900000000053445e-06,2,"[5, 7]","[3968, 2293]"
706,40,289,1155,0.0008960125956660895,1.3300000000065213e-06,2,"[5, 7]","[4780, 1442]"
707,40,289,1155,0.0008980825956660997,2.0700000000101497e-06,2,"[5, 7]","[6231, 40]"
708,40,289,1155,0.0009008725956661134,2.79000000001368e-06,1,[5],[6240]
709,40,289,1155,0.0009053925956661355,4.5200000000221625e-06,2,"[5, 6]","[5609, 641]"
710,40,289,1155,0.0009085925956661512,3.2000000000156903e-06,3,"[1, 5, 6]","[4449, 1606, 205]"
711,40,289,1156,0.0008646916094542021,0.0008646916094542021,1,[5],[6255]
712,40,289,1156,0.0008672816094542148,2.5900000000126993e-06,1,[5],[6250]
713,40,289,1156,0.0008691816094542241,1.9000000000093161e-06,1,[5],[6255]
714,40,289,1156,0.0008707116094542316,1.530000000007502e-06,2,"[5, 8]","[6242, 14]"
715,40,289,1156,0.0008719616094542377,1.250000000006129e-06,2,"[5, 8]","[5536, 759]"
716,40,289,1156,0.0008729916094542428,1.0300000000050503e-06,2,"[5, 8]","[4426, 1813]"
717,40,289,1156,0.000874261609454249,1.270000000006227e-06,2,"[5, 8]","[5626, 615]"
718,40,289,1156,0.0008755816094542555,1.3200000000064722e-06,2,"[5, 8]","[6213, 9]"
719,40,289,1156,0.0008769016094542619,1.3200000000064722e-06,1,[5],[6264]
720,40,289,1156,0.0008782616094542686,1.3600000000066684e-06,1,[5],[6233]
721,40,289,1156,0.0008797216094542758,1.4600000000071587e-06,1,[5],[6274]
722,40,289,1156,0.0008813016094542835,1.580000000007747e-06,1,[5],[6244]
723,40,289,1156,0.0008831416094542925,1.840000000009022e-06,1,[5],[6228]
724,40,289,1156,0.0008853916094543036,2.2500000000110322e-06,1,[5],[6244]
725,40,289,1156,0.0008888716094543206,3.480000000017063e-06,1,[5],[6255]
726,40,289,1156,0.0009065516094544073,1.768000000008669e-05,4,"[1, 5, 6, 7]","[347, 5431, 5, 474]"
727,40,289,1156,0.0009078716094544138,1.3200000000064722e-06,2,"[1, 5]","[6294, 4]"
728,40,289,1156,0.000908741609454418,8.700000000042658e-07,2,"[1, 5]","[6214, 5]"
729,40,289,1157,0.0008650105682567593,0.0008650105682567593,1,[5],[6252]
730,40,289,1157,0.0009060705682569606,4.1060000000201326e-05,3,"[1, 5, 8]","[353, 5722, 174]"
731,40,289,1157,0.0009072405682569664,1.1700000000057368e-06,1,[1],[6331]
732,40,289,1157,0.0009077605682569689,5.200000000025497e-07,1,[1],[6168]
733,40,289,1157,0.0009084805682569724,7.200000000035303e-07,1,[1],[6284]
734,40,289,1158,0.0009068968872057332,0.0009068968872057332,2,"[1, 5]","[6117, 138]"
735,40,289,1158,0.0009073768872057355,4.800000000023535e-07,1,[1],[6308]
736,40,289,1158,0.000907876887205738,5.000000000024516e-07,1,[1],[6280]
737,40,289,1159,0.0009067304559681928,0.0009067304559681928,1,[1],[6344]
738,40,289,1159,0.0009071504559681949,4.2000000000205935e-07,1,[1],[6304]
739,40,289,1159,0.0009075304559681967,3.800000000018632e-07,1,[1],[6144]
740,40,289,1159,0.0009080604559681993,5.300000000025987e-07,1,[1],[6227]
741,40,289,1160,0.0009065726846441452,0.0009065726846441452,1,[1],[6353]
742,40,289,1160,0.0009069526846441471,3.800000000018632e-07,1,[1],[6250]
743,40,289,1160,0.0009072626846441486,3.1000000000152e-07,1,[1],[6264]
744,40,289,1160,0.0009075926846441502,3.3000000000161806e-07,1,[1],[6195]
745,40,289,1160,0.0009080826846441526,4.900000000024026e-07,1,[1],[6202]
746,40,289,1161,0.0009065326711724881,0.0009065326711724881,1,[1],[6315]
747,40,289,1161,0.0009068826711724898,3.500000000017161e-07,1,[1],[6214]
748,40,289,1161,0.0009071626711724912,2.800000000013729e-07,1,[1],[6317]
749,40,289,1161,0.0009074326711724925,2.7000000000132387e-07,1,[1],[6187]
750,40,289,1161,0.000907752671172494,3.2000000000156903e-07,1,[1],[6244]
751,40,289,1161,0.0009083326711724969,5.800000000028439e-07,1,[1],[6230]
752,40,289,1162,0.0009065325426888432,0.0009065325426888432,1,[1],[6348]
753,40,289,1162,0.0009068725426888449,3.400000000016671e-07,1,[1],[6305]
754,40,289,1162,0.0009071325426888462,2.6000000000127484e-07,1,[1],[6220]
755,40,289,1162,0.0009073825426888474,2.500000000012258e-07,1,[1],[6313]
756,40,289,1162,0.0009076425426888487,2.6000000000127484e-07,1,[1],[6223]
757,40,289,1162,0.0009079925426888504,3.500000000017161e-07,1,[1],[6181]
758,40,289,1163,0.0009065307381151244,0.0009065307381151244,1,[1],[6323]
759,40,289,1163,0.000906860738115126,3.3000000000161806e-07,1,[1],[6274]
760,40,289,1163,0.0009071207381151273,2.6000000000127484e-07,1,[1],[6341]
761,40,289,1163,0.0009073607381151284,2.4000000000117677e-07,1,[1],[6173]
762,40,289,1163,0.0009076107381151297,2.500000000012258e-07,1,[1],[6358]
763,40,289,1163,0.0009079207381151312,3.1000000000152e-07,1,[1],[6181]
764,40,289,1163,0.0009085307381151342,6.10000000002991e-07,1,[1],[6105]
765,40,289,1164,0.0009065579247997399,0.0009065579247997399,1,[1],[6390]
766,40,289,1164,0.0009068979247997416,3.400000000016671e-07,1,[1],[6260]
767,40,289,1164,0.0009071579247997429,2.6000000000127484e-07,1,[1],[6193]
768,40,289,1164,0.0009074079247997441,2.500000000012258e-07,1,[1],[6333]
769,40,289,1164,0.0009076779247997454,2.7000000000132387e-07,1,[1],[6140]
770,40,289,1164,0.0009080479247997472,3.700000000018142e-07,1,[1],[6278]
771,40,289,1165,0.0009065796605675598,0.0009065796605675598,1,[1],[6326]
772,40,289,1165,0.0009069196605675614,3.400000000016671e-07,1,[1],[6215]
773,40,289,1165,0.0009071896605675628,2.7000000000132387e-07,1,[1],[6376]
774,40,289,1165,0.000907439660567564,2.500000000012258e-07,1,[1],[6222]
775,40,289,1165,0.0009077096605675653,2.7000000000132387e-07,1,[1],[6119]
776,40,289,1165,0.0009080996605675672,3.9000000000191225e-07,1,[1],[6339]
777,40,289,1166,0.0009066155968707964,0.0009066155968707964,1,[1],[6264]
778,40,289,1166,0.0009069655968707981,3.500000000017161e-07,1,[1],[6435]
779,40,289,1166,0.0009072255968707994,2.6000000000127484e-07,1,[1],[6086]
780,40,289,1166,0.0009074855968708007,2.6000000000127484e-07,1,[1],[6427]
781,40,289,1166,0.0009077655968708021,2.800000000013729e-07,1,[1],[6228]
782,40,289,1166,0.0009081355968708039,3.700000000018142e-07,1,[1],[6119]
783,40,289,1167,0.0009067095044954499,0.0009067095044954499,1,[1],[6393]
784,40,289,1167,0.0009070495044954515,3.400000000016671e-07,1,[1],[6125]
785,40,289,1167,0.0009073195044954529,2.7000000000132387e-07,1,[1],[6392]
786,40,289,1167,0.0009075695044954541,2.500000000012258e-07,1,[1],[6184]
787,40,289,1167,0.0009078495044954555,2.800000000013729e-07,1,[1],[6256]
788,40,289,1167,0.0009082395044954574,3.9000000000191225e-07,1,[1],[6218]
789,40,289,1168,0.000906843002606714,0.000906843002606714,1,[1],[6326]
790,40,289,1168,0.0009071830026067156,3.400000000016671e-07,1,[1],[6194]
791,40,289,1168,0.000907463002606717,2.800000000013729e-07,1,[1],[6383]
792,40,289,1168,0.0009077230026067183,2.6000000000127484e-07,1,[1],[6104]
793,40,289,1168,0.0009080230026067197,3.0000000000147097e-07,1,[1],[6279]
794,40,289,1168,0.000908483002606722,4.600000000022555e-07,1,[1],[6246]
795,40,289,1169,0.0009070053765804359,0.0009070053765804359,1,[1],[6296]
796,40,289,1169,0.0009073753765804377,3.700000000018142e-07,1,[1],[6273]
797,40,289,1169,0.0009076653765804391,2.9000000000142193e-07,1,[1],[6314]
798,40,289,1169,0.0009079553765804406,2.9000000000142193e-07,1,[1],[6223]
799,40,289,1169,0.0009083153765804423,3.6000000000176516e-07,1,[1],[6145]
800,40,289,1169,0.0009093453765804474,1.0300000000050503e-06,1,[1],[6252]
801,40,289,1170,0.0009072221775742161,0.0009072221775742161,1,[1],[6257]
802,40,289,1170,0.000907612177574218,3.9000000000191225e-07,1,[1],[6422]
803,40,289,1170,0.0009079321775742196,3.2000000000156903e-07,1,[1],[6195]
804,40,289,1170,0.0009082721775742213,3.400000000016671e-07,1,[1],[6145]
805,40,289,1170,0.0009088121775742239,5.400000000026477e-07,1,[1],[6232]
806,40,289,1171,0.0009074481540399813,0.0009074481540399813,1,[1],[6263]
807,40,289,1171,0.0009078581540399833,4.100000000020103e-07,1,[1],[6238]
808,40,289,1171,0.0009082081540399851,3.500000000017161e-07,1,[1],[6258]
809,40,289,1171,0.0009086381540399872,4.300000000021084e-07,1,[1],[6348]
810,40,289,1172,0.0009077020093388959,0.0009077020093388959,1,[1],[6337]
811,40,289,1172,0.0009081420093388981,4.400000000021574e-07,1,[1],[6301]
812,40,289,1172,0.0009085520093389001,4.100000000020103e-07,1,[1],[6147]
813,40,289,1172,0.0009092120093389033,6.600000000032361e-07,1,[1],[6215]
814,40,289,1173,0.0009079235268346404,0.0009079235268346404,1,[1],[6352]
815,40,289,1173,0.0009084035268346428,4.800000000023535e-07,1,[1],[6251]
816,40,289,1173,0.0009089135268346453,5.100000000025006e-07,1,[1],[6220]
817,40,289,1174,0.0009081906561948367,0.0009081906561948367,1,[1],[6255]
818,40,289,1174,0.0009087806561948396,5.900000000028929e-07,1,[1],[6285]
819,40,289,1175,0.0009084261580382721,0.0009084261580382721,2,"[1, 3]","[6173, 83]"
820,40,289,1175,0.0009091661580382757,7.400000000036284e-07,2,"[1, 3]","[6144, 113]"
821,40,289,1176,0.0009086097158622703,0.0009086097158622703,2,"[1, 3]","[5603, 682]"
822,40,289,1176,0.0009094697158622745,8.600000000042168e-07,2,"[1, 3]","[5343, 890]"
823,40,289,1177,0.000908972524233157,0.000908972524233157,2,"[1, 3]","[6160, 142]"
824,40,289,1178,0.0009092832960466968,0.0009092832960466968,2,"[1, 3]","[6287, 1]"
825,40,289,1179,0.0009097654631670958,0.0009097654631670958,1,[1],[6265]
826,40,289,1180,0.0009106786438878241,0.0009106786438878241,1,[1],[6253]
827,40,290,1154,0.0008988650576055264,0.0008988650576055264,2,"[5, 7]","[5788, 469]"
828,40,290,1154,0.0009022450576055429,3.380000000016573e-06,1,[5],[6252]
829,40,290,1154,0.0009043150576055531,2.0700000000101497e-06,2,"[5, 6]","[5531, 749]"
830,40,290,1154,0.0009055450576055591,1.230000000006031e-06,2,"[5, 6]","[3749, 2496]"
831,40,290,1154,0.000907165057605567,1.6200000000079432e-06,3,"[1, 5, 6]","[138, 5406, 711]"
832,40,290,1154,0.000908175057605572,1.0100000000049522e-06,3,"[1, 5, 6]","[2749, 3558, 3]"
833,40,290,1154,0.0009087050576055746,5.300000000025987e-07,2,"[1, 5]","[4551, 1638]"
834,40,290,1154,0.0009091750576055769,4.700000000023045e-07,2,"[1, 5]","[5220, 1097]"
835,40,290,1154,0.0009099350576055806,7.600000000037264e-07,2,"[1, 5]","[5438, 728]"
836,40,290,1155,0.0008872727297095949,0.0008872727297095949,2,"[5, 8]","[6240, 10]"
837,40,290,1155,0.000890572729709611,3.3000000000161806e-06,1,[5],[6280]
838,40,290,1155,0.0008928927297096224,2.3200000000113755e-06,2,"[5, 7]","[6201, 37]"
839,40,290,1155,0.0008943927297096298,1.5000000000073548e-06,2,"[5, 7]","[4723, 1539]"
840,40,290,1155,0.0008957027297096362,1.3100000000064232e-06,2,"[5, 7]","[4640, 1602]"
841,40,290,1155,0.0008971927297096435,1.4900000000073058e-06,2,"[5, 7]","[6162, 83]"
842,40,290,1155,0.0008986027297096504,1.4100000000069135e-06,1,[5],[6257]
843,40,290,1155,0.000899942729709657,1.3400000000065703e-06,1,[5],[6241]
844,40,290,1155,0.0009012827297096636,1.3400000000065703e-06,1,[5],[6274]
845,40,290,1155,0.0009026327297096702,1.3500000000066193e-06,2,"[5, 6]","[6209, 3]"
846,40,290,1155,0.0009039627297096767,1.3300000000065213e-06,2,"[5, 6]","[5951, 299]"
847,40,290,1155,0.0009050627297096821,1.1000000000053935e-06,2,"[5, 6]","[4441, 1863]"
848,40,290,1155,0.0009063027297096882,1.24000000000608e-06,3,"[1, 5, 6]","[52, 4641, 1505]"
849,40,290,1155,0.0009073127297096931,1.0100000000049522e-06,3,"[1, 5, 6]","[2727, 3516, 71]"
850,40,290,1155,0.000907702729709695,3.9000000000191225e-07,2,"[1, 5]","[5062, 1281]"
851,40,290,1155,0.0009079527297096963,2.500000000012258e-07,2,"[1, 5]","[5549, 820]"
852,40,290,1155,0.0009081427297096972,1.900000000009316e-07,2,"[1, 5]","[5653, 580]"
853,40,290,1155,0.000908302729709698,1.6000000000078451e-07,2,"[1, 5]","[5546, 444]"
854,40,290,1155,0.0009084627297096988,1.6000000000078451e-07,2,"[1, 5]","[6008, 470]"
855,40,290,1155,0.0009086127297096995,1.5000000000073548e-07,2,"[1, 5]","[5826, 369]"
856,40,290,1155,0.0009087627297097002,1.5000000000073548e-07,2,"[1, 5]","[5912, 329]"
857,40,290,1155,0.000908922729709701,1.6000000000078451e-07,2,"[1, 5]","[6048, 317]"
858,40,290,1155,0.0009090927297097019,1.7000000000083355e-07,2,"[1, 5]","[5958, 271]"
859,40,290,1155,0.0009092927297097028,2.0000000000098064e-07,2,"[1, 5]","[5729, 266]"
860,40,290,1155,0.0009095827297097043,2.9000000000142193e-07,2,"[1, 5]","[5966, 282]"
861,40,290,1155,0.0009103127297097078,7.300000000035793e-07,2,"[1, 5]","[5995, 266]"
862,40,290,1156,0.0008893774835355477,0.0008893774835355477,2,"[5, 8]","[6184, 67]"
863,40,290,1156,0.0009066274835356322,1.725000000008458e-05,4,"[1, 5, 6, 7]","[1647, 4208, 33, 380]"
864,40,290,1156,0.000907197483535635,5.700000000027948e-07,3,"[1, 5, 6]","[6239, 18, 1]"
865,40,290,1156,0.0009074874835356365,2.9000000000142193e-07,2,"[1, 5]","[6414, 6]"
866,40,290,1156,0.0009076974835356375,2.1000000000102968e-07,2,"[1, 5]","[6057, 4]"
867,40,290,1156,0.0009078874835356384,1.900000000009316e-07,2,"[1, 5]","[6284, 7]"
868,40,290,1156,0.0009080674835356393,1.8000000000088258e-07,2,"[1, 5]","[6496, 3]"
869,40,290,1156,0.0009082374835356401,1.7000000000083355e-07,2,"[1, 5]","[6061, 3]"
870,40,290,1156,0.0009084274835356411,1.900000000009316e-07,2,"[1, 5]","[6433, 5]"
871,40,290,1156,0.0009086374835356421,2.1000000000102968e-07,2,"[1, 5]","[6082, 4]"
872,40,290,1156,0.0009089174835356435,2.800000000013729e-07,2,"[1, 5]","[6291, 8]"
873,40,290,1156,0.0009094574835356461,5.400000000026477e-07,2,"[1, 5]","[6097, 4]"
874,40,290,1157,0.000906778308054192,0.000906778308054192,3,"[1, 5, 8]","[6164, 103, 4]"
875,40,290,1157,0.0009071083080541936,3.3000000000161806e-07,1,[1],[6291]
876,40,290,1157,0.0009073583080541948,2.500000000012258e-07,1,[1],[6387]
877,40,290,1157,0.0009075683080541958,2.1000000000102968e-07,1,[1],[6129]
878,40,290,1157,0.0009077783080541969,2.1000000000102968e-07,1,[1],[6310]
879,40,290,1157,0.000908008308054198,2.3000000000112774e-07,1,[1],[6304]
880,40,290,1157,0.0009082883080541994,2.800000000013729e-07,1,[1],[6125]
881,40,290,1157,0.0009087783080542018,4.900000000024026e-07,1,[1],[6218]
882,40,290,1158,0.0009066425008822693,0.0009066425008822693,1,[1],[6254]
883,40,290,1158,0.0009070025008822711,3.6000000000176516e-07,1,[1],[6399]
884,40,290,1158,0.0009072725008822724,2.7000000000132387e-07,1,[1],[6249]
885,40,290,1158,0.0009075325008822737,2.6000000000127484e-07,1,[1],[6296]
886,40,290,1158,0.000907812500882275,2.800000000013729e-07,1,[1],[6152]
887,40,290,1158,0.000908212500882277,4.000000000019613e-07,1,[1],[6261]
888,40,290,1159,0.0009066334942168699,0.0009066334942168699,1,[1],[6358]
889,40,290,1159,0.0009070034942168717,3.700000000018142e-07,1,[1],[6270]
890,40,290,1159,0.0009073134942168732,3.1000000000152e-07,1,[1],[6324]
891,40,290,1159,0.0009076334942168748,3.2000000000156903e-07,1,[1],[6139]
892,40,290,1159,0.0009080934942168771,4.600000000022555e-07,1,[1],[6199]
893,40,290,1160,0.0009066839427287818,0.0009066839427287818,1,[1],[6325]
894,40,290,1160,0.0009071039427287839,4.2000000000205935e-07,1,[1],[6216]
895,40,290,1160,0.0009075039427287858,4.000000000019613e-07,1,[1],[6357]
896,40,290,1160,0.0009080639427287886,5.600000000027458e-07,1,[1],[6107]
897,40,290,1161,0.000906849200758619,0.000906849200758619,1,[1],[6300]
898,40,290,1161,0.0009073792007586216,5.300000000025987e-07,1,[1],[6268]
899,40,290,1161,0.0009080992007586251,7.200000000035303e-07,1,[1],[6195]
900,40,290,1162,0.0009070281763451226,0.0009070281763451226,1,[1],[6333]
901,40,290,1162,0.0009077081763451259,6.800000000033342e-07,1,[1],[6170]
902,40,290,1163,0.0009071482764323065,0.0009071482764323065,1,[1],[6252]
903,40,290,1163,0.0009079882764323106,8.400000000041187e-07,1,[1],[6277]
904,40,290,1164,0.0009072660987424069,0.0009072660987424069,1,[1],[6307]
905,40,290,1164,0.0009091960987424164,1.930000000009463e-06,1,[1],[6194]
906,40,290,1165,0.0009075220146178222,0.0009075220146178222,1,[1],[6283]
907,40,290,1166,0.0009082486992339944,0.0009082486992339944,1,[1],[6259]
908,40,291,1155,0.0009083996581982482,0.0009083996581982482,4,"[1, 5, 6, 7]","[3380, 2619, 260, 27]"
909,40,291,1155,0.0009100196581982562,1.6200000000079432e-06,2,"[1, 5]","[5926, 297]"
