,event,pixel_x,pixel_y,reset_time,TSLR,nMCParticles,MC_TrackIDs,MC_Weights
0,0,287,1155,0.0009120541382544475,0.0009120541382544475,2,"[1, 7]","[5809, 498]"
1,0,287,1156,0.0009125319864887141,0.0009125319864887141,2,"[1, 7]","[6153, 123]"
2,0,288,1154,0.0009119974415311758,0.0009119974415311758,2,"[1, 7]","[5396, 891]"
3,0,288,1155,0.0009109873785252686,0.0009109873785252686,2,"[1, 7]","[6065, 344]"
4,0,288,1155,0.0009112673785252699,2.800000000013729e-07,2,"[1, 7]","[5741, 480]"
5,0,288,1155,0.0009114673785252709,2.0000000000098064e-07,2,"[1, 7]","[5611, 544]"
6,0,288,1155,0.0009116373785252718,1.7000000000083355e-07,2,"[1, 7]","[5813, 634]"
7,0,288,1155,0.0009117873785252725,1.5000000000073548e-07,2,"[1, 7]","[5511, 696]"
8,0,288,1155,0.0009119273785252732,1.4000000000068645e-07,2,"[1, 7]","[5331, 762]"
9,0,288,1155,0.0009120773785252739,1.5000000000073548e-07,2,"[1, 7]","[5601, 952]"
10,0,288,1155,0.0009122273785252746,1.5000000000073548e-07,2,"[1, 7]","[5207, 1106]"
11,0,288,1155,0.0009123773785252754,1.5000000000073548e-07,2,"[1, 7]","[4720, 1202]"
12,0,288,1155,0.0009125573785252763,1.8000000000088258e-07,2,"[1, 7]","[4776, 1449]"
13,0,288,1155,0.0009127873785252774,2.3000000000112774e-07,2,"[1, 7]","[4487, 1837]"
14,0,288,1155,0.0009131273785252791,3.400000000016671e-07,2,"[1, 7]","[3828, 2343]"
15,0,288,1156,0.0009108978357242482,0.0009108978357242482,2,"[1, 7]","[6313, 20]"
16,0,288,1156,0.0009111878357242496,2.9000000000142193e-07,2,"[1, 7]","[6331, 52]"
17,0,288,1156,0.0009113878357242506,2.0000000000098064e-07,2,"[1, 7]","[5981, 67]"
18,0,288,1156,0.0009115678357242515,1.8000000000088258e-07,2,"[1, 7]","[6499, 94]"
19,0,288,1156,0.0009117178357242522,1.5000000000073548e-07,2,"[1, 7]","[5837, 142]"
20,0,288,1156,0.000911867835724253,1.5000000000073548e-07,2,"[1, 7]","[6115, 205]"
21,0,288,1156,0.0009120278357242537,1.6000000000078451e-07,2,"[1, 7]","[6154, 304]"
22,0,288,1156,0.0009121878357242545,1.6000000000078451e-07,2,"[1, 7]","[5778, 393]"
23,0,288,1156,0.0009123678357242554,1.8000000000088258e-07,2,"[1, 7]","[5579, 538]"
24,0,288,1156,0.0009125878357242565,2.200000000010787e-07,2,"[1, 7]","[5285, 862]"
25,0,288,1156,0.000912897835724258,3.1000000000152e-07,2,"[1, 7]","[4713, 1619]"
26,0,288,1156,0.0009134078357242605,5.100000000025006e-07,2,"[1, 7]","[2979, 3156]"
27,0,288,1156,0.0009151878357242692,1.7800000000087277e-06,2,"[1, 7]","[564, 5673]"
28,0,288,1157,0.0009109249177958129,0.0009109249177958129,1,[1],[6333]
29,0,288,1157,0.0009112249177958144,3.0000000000147097e-07,2,"[1, 7]","[6183, 2]"
30,0,288,1157,0.0009114549177958155,2.3000000000112774e-07,2,"[1, 7]","[6524, 2]"
31,0,288,1157,0.0009116349177958164,1.8000000000088258e-07,2,"[1, 7]","[6109, 1]"
32,0,288,1157,0.0009118149177958173,1.8000000000088258e-07,2,"[1, 7]","[6156, 4]"
33,0,288,1157,0.0009120049177958182,1.900000000009316e-07,2,"[1, 7]","[6352, 7]"
34,0,288,1157,0.0009122049177958192,2.0000000000098064e-07,2,"[1, 7]","[6113, 12]"
35,0,288,1157,0.0009124649177958204,2.6000000000127484e-07,2,"[1, 7]","[6298, 38]"
36,0,288,1157,0.0009128849177958225,4.2000000000205935e-07,2,"[1, 7]","[6007, 203]"
37,0,288,1157,0.0009147749177958318,1.890000000009267e-06,2,"[1, 7]","[2944, 3220]"
38,0,288,1158,0.0009109024681155068,0.0009109024681155068,1,[1],[6356]
39,0,288,1158,0.0009112224681155083,3.2000000000156903e-07,1,[1],[6240]
40,0,288,1158,0.0009114524681155095,2.3000000000112774e-07,1,[1],[6224]
41,0,288,1158,0.0009116624681155105,2.1000000000102968e-07,1,[1],[6231]
42,0,288,1158,0.0009118724681155115,2.1000000000102968e-07,1,[1],[6410]
43,0,288,1158,0.0009120924681155126,2.200000000010787e-07,1,[1],[6126]
44,0,288,1158,0.000912372468115514,2.800000000013729e-07,2,"[1, 7]","[6234, 1]"
45,0,288,1158,0.0009128624681155164,4.900000000024026e-07,2,"[1, 7]","[6208, 1]"
46,0,288,1159,0.0009107934046264563,0.0009107934046264563,1,[1],[6272]
47,0,288,1159,0.0009111134046264578,3.2000000000156903e-07,1,[1],[6283]
48,0,288,1159,0.0009113634046264591,2.500000000012258e-07,1,[1],[6440]
49,0,288,1159,0.0009115834046264601,2.200000000010787e-07,1,[1],[6287]
50,0,288,1159,0.0009117934046264612,2.1000000000102968e-07,1,[1],[5980]
51,0,288,1159,0.0009120434046264624,2.500000000012258e-07,1,[1],[6371]
52,0,288,1159,0.000912373404626464,3.3000000000161806e-07,1,[1],[6118]
53,0,288,1160,0.0009107270975946242,0.0009107270975946242,1,[1],[6284]
54,0,288,1160,0.0009110570975946258,3.3000000000161806e-07,1,[1],[6405]
55,0,288,1160,0.000911307097594627,2.500000000012258e-07,1,[1],[6156]
56,0,288,1160,0.0009115370975946281,2.3000000000112774e-07,1,[1],[6252]
57,0,288,1160,0.0009117870975946294,2.500000000012258e-07,1,[1],[6249]
58,0,288,1160,0.0009120870975946308,3.0000000000147097e-07,1,[1],[6213]
59,0,288,1160,0.0009126370975946335,5.500000000026968e-07,1,[1],[6230]
60,0,288,1161,0.0009106465540881882,0.0009106465540881882,1,[1],[6318]
61,0,288,1161,0.00091100655408819,3.6000000000176516e-07,1,[1],[6224]
62,0,288,1161,0.0009113065540881914,3.0000000000147097e-07,1,[1],[6339]
63,0,288,1161,0.0009115865540881928,2.800000000013729e-07,1,[1],[6129]
64,0,288,1161,0.0009119265540881945,3.400000000016671e-07,1,[1],[6278]
65,0,288,1161,0.0009126865540881982,7.600000000037264e-07,1,[1],[6215]
66,0,288,1162,0.0009105624839321186,0.0009105624839321186,1,[1],[6357]
67,0,288,1162,0.0009109524839321205,3.9000000000191225e-07,1,[1],[6297]
68,0,288,1162,0.0009112824839321222,3.3000000000161806e-07,1,[1],[6126]
69,0,288,1162,0.0009116724839321241,3.9000000000191225e-07,1,[1],[6223]
70,0,288,1162,0.0009125624839321284,8.900000000043639e-07,1,[1],[6260]
71,0,288,1163,0.0009104715704810723,0.0009104715704810723,1,[1],[6289]
72,0,288,1163,0.0009109215704810745,4.5000000000220645e-07,1,[1],[6293]
73,0,288,1163,0.0009113515704810766,4.300000000021084e-07,1,[1],[6188]
74,0,288,1163,0.0009122015704810807,8.500000000041677e-07,1,[1],[6242]
75,0,288,1164,0.0009104261700030122,0.0009104261700030122,1,[1],[6295]
76,0,288,1164,0.0009109361700030147,5.100000000025006e-07,1,[1],[6216]
77,0,288,1164,0.0009115761700030178,6.400000000031381e-07,1,[1],[6241]
78,0,288,1165,0.0009103341604367979,0.0009103341604367979,1,[1],[6324]
79,0,288,1165,0.0009109141604368008,5.800000000028439e-07,1,[1],[6231]
80,0,288,1165,0.0009120941604368065,1.1800000000057858e-06,1,[1],[6200]
81,0,288,1166,0.0009102068498047795,0.0009102068498047795,1,[1],[6298]
82,0,288,1166,0.0009107768498047823,5.700000000027948e-07,1,[1],[6263]
83,0,288,1166,0.0009120468498047885,1.270000000006227e-06,1,[1],[6193]
84,0,288,1167,0.0009101140296117276,0.0009101140296117276,1,[1],[6348]
85,0,288,1167,0.0009106840296117304,5.700000000027948e-07,1,[1],[6203]
86,0,288,1167,0.0009117740296117358,1.0900000000053445e-06,1,[1],[6199]
87,0,288,1168,0.0009100677745014147,0.0009100677745014147,2,"[1, 5]","[6355, 5]"
88,0,288,1168,0.0009106177745014174,5.500000000026968e-07,2,"[1, 5]","[6182, 6]"
89,0,288,1168,0.0009114877745014217,8.700000000042658e-07,2,"[1, 5]","[6205, 3]"
90,0,288,1169,0.0009099876533122557,0.0009099876533122557,3,"[1, 4, 5]","[5918, 8, 389]"
91,0,288,1169,0.0009104876533122581,5.000000000024516e-07,3,"[1, 4, 5]","[5855, 2, 414]"
92,0,288,1169,0.0009110476533122609,5.600000000027458e-07,3,"[1, 4, 5]","[5798, 4, 444]"
93,0,288,1170,0.000909902001536215,0.000909902001536215,3,"[1, 4, 5]","[5565, 435, 358]"
94,0,288,1170,0.0009103420015362172,4.400000000021574e-07,3,"[1, 4, 5]","[5417, 454, 378]"
95,0,288,1170,0.0009107720015362193,4.300000000021084e-07,3,"[1, 4, 5]","[5389, 387, 372]"
96,0,288,1170,0.0009114820015362228,7.100000000034813e-07,3,"[1, 4, 5]","[5523, 367, 384]"
97,0,288,1171,0.0009099274109226068,0.0009099274109226068,3,"[1, 4, 5]","[5934, 321, 7]"
98,0,288,1171,0.0009103574109226089,4.300000000021084e-07,3,"[1, 4, 5]","[6034, 331, 3]"
99,0,288,1171,0.0009107474109226108,3.9000000000191225e-07,3,"[1, 4, 5]","[5926, 294, 4]"
100,0,288,1171,0.0009113074109226135,5.600000000027458e-07,3,"[1, 4, 5]","[5878, 285, 5]"
101,0,288,1172,0.0009099302671959538,0.0009099302671959538,2,"[1, 4]","[6318, 4]"
102,0,288,1172,0.0009103302671959558,4.000000000019613e-07,2,"[1, 4]","[6191, 4]"
103,0,288,1172,0.0009107102671959576,3.800000000018632e-07,2,"[1, 4]","[6256, 2]"
104,0,288,1172,0.00091119026719596,4.800000000023535e-07,2,"[1, 4]","[6235, 1]"
105,0,288,1173,0.0009099025885116964,0.0009099025885116964,1,[1],[6285]
106,0,288,1173,0.0009103025885116983,4.000000000019613e-07,1,[1],[6249]
107,0,288,1173,0.0009106525885117001,3.500000000017161e-07,1,[1],[6221]
108,0,288,1173,0.0009110725885117021,4.2000000000205935e-07,1,[1],[6263]
109,0,288,1174,0.0009098349872521976,0.0009098349872521976,1,[1],[6274]
110,0,288,1174,0.0009102349872521996,4.000000000019613e-07,1,[1],[6372]
111,0,288,1174,0.0009105749872522013,3.400000000016671e-07,1,[1],[6242]
112,0,288,1174,0.0009109549872522031,3.800000000018632e-07,1,[1],[6228]
113,0,288,1174,0.0009118349872522074,8.800000000043148e-07,1,[1],[6154]
114,0,288,1175,0.000909768920074172,0.000909768920074172,2,"[1, 3]","[6294, 23]"
115,0,288,1175,0.0009101489200741739,3.800000000018632e-07,2,"[1, 3]","[6284, 22]"
116,0,288,1175,0.0009104689200741755,3.2000000000156903e-07,2,"[1, 3]","[6332, 15]"
117,0,288,1175,0.0009108089200741771,3.400000000016671e-07,2,"[1, 3]","[6036, 21]"
118,0,288,1175,0.0009113589200741798,5.500000000026968e-07,2,"[1, 3]","[6224, 9]"
119,0,288,1176,0.0009096348645034172,0.0009096348645034172,2,"[1, 3]","[5502, 748]"
120,0,288,1176,0.000909994864503419,3.6000000000176516e-07,2,"[1, 3]","[5625, 704]"
121,0,288,1176,0.0009102848645034204,2.9000000000142193e-07,2,"[1, 3]","[5577, 670]"
122,0,288,1176,0.0009105748645034218,2.9000000000142193e-07,2,"[1, 3]","[5645, 655]"
123,0,288,1176,0.0009109148645034235,3.400000000016671e-07,2,"[1, 3]","[5618, 532]"
124,0,288,1176,0.0009117348645034275,8.200000000040206e-07,2,"[1, 3]","[5701, 537]"
125,0,288,1177,0.000909648077834893,0.000909648077834893,2,"[1, 3]","[5951, 382]"
126,0,288,1177,0.0009100280778348949,3.800000000018632e-07,2,"[1, 3]","[5992, 357]"
127,0,288,1177,0.0009103280778348964,3.0000000000147097e-07,2,"[1, 3]","[5782, 320]"
128,0,288,1177,0.000910658077834898,3.3000000000161806e-07,2,"[1, 3]","[5994, 328]"
129,0,288,1177,0.0009111280778349003,4.700000000023045e-07,2,"[1, 3]","[5899, 279]"
130,0,288,1178,0.000909629189126712,0.000909629189126712,2,"[1, 3]","[6306, 3]"
131,0,288,1178,0.0009100191891267139,3.9000000000191225e-07,1,[1],[6287]
132,0,288,1178,0.0009103391891267155,3.2000000000156903e-07,1,[1],[6242]
133,0,288,1178,0.0009106891891267172,3.500000000017161e-07,1,[1],[6185]
134,0,288,1178,0.0009112991891267202,6.10000000002991e-07,2,"[1, 3]","[6253, 1]"
135,0,288,1179,0.0009096128972183929,0.0009096128972183929,1,[1],[6319]
136,0,288,1179,0.0009099928972183947,3.800000000018632e-07,1,[1],[6315]
137,0,288,1179,0.0009103028972183962,3.1000000000152e-07,1,[1],[6162]
138,0,288,1179,0.0009106428972183979,3.400000000016671e-07,1,[1],[6329]
139,0,288,1179,0.0009111328972184003,4.900000000024026e-07,1,[1],[6142]
140,0,288,1180,0.0009096294926423026,0.0009096294926423026,1,[1],[6302]
141,0,288,1180,0.0009100094926423045,3.800000000018632e-07,1,[1],[6381]
142,0,288,1180,0.000910319492642306,3.1000000000152e-07,1,[1],[6255]
143,0,288,1180,0.0009106394926423076,3.2000000000156903e-07,1,[1],[6074]
144,0,288,1180,0.00091112949264231,4.900000000024026e-07,1,[1],[6261]
145,0,288,1181,0.0009096405071201197,0.0009096405071201197,1,[1],[6323]
146,0,288,1181,0.0009100205071201216,3.800000000018632e-07,1,[1],[6357]
147,0,288,1181,0.0009103305071201231,3.1000000000152e-07,1,[1],[6242]
148,0,288,1181,0.0009106605071201247,3.3000000000161806e-07,1,[1],[6231]
149,0,288,1181,0.000911130507120127,4.700000000023045e-07,1,[1],[6132]
150,0,288,1182,0.0009096201239852651,0.0009096201239852651,1,[1],[6353]
151,0,288,1182,0.0009099901239852669,3.700000000018142e-07,1,[1],[6211]
152,0,288,1182,0.0009102901239852684,3.0000000000147097e-07,1,[1],[6294]
153,0,288,1182,0.0009106001239852699,3.1000000000152e-07,1,[1],[6259]
154,0,288,1182,0.0009110201239852719,4.2000000000205935e-07,1,[1],[6146]
155,0,288,1183,0.0009095980991117858,0.0009095980991117858,1,[1],[6262]
156,0,288,1183,0.0009099680991117876,3.700000000018142e-07,1,[1],[6292]
157,0,288,1183,0.0009102780991117891,3.1000000000152e-07,1,[1],[6375]
158,0,288,1183,0.0009105780991117906,3.0000000000147097e-07,1,[1],[6072]
159,0,288,1183,0.0009109880991117926,4.100000000020103e-07,1,[1],[6355]
160,0,288,1184,0.0009096109682891996,0.0009096109682891996,1,[1],[6290]
161,0,288,1184,0.0009100009682892015,3.9000000000191225e-07,1,[1],[6346]
162,0,288,1184,0.0009103209682892031,3.2000000000156903e-07,1,[1],[6307]
163,0,288,1184,0.0009106509682892047,3.3000000000161806e-07,1,[1],[6137]
164,0,288,1184,0.0009111609682892072,5.100000000025006e-07,1,[1],[6194]
165,0,288,1185,0.0009096231684735365,0.0009096231684735365,1,[1],[6278]
166,0,288,1185,0.0009100131684735384,3.9000000000191225e-07,1,[1],[6338]
167,0,288,1185,0.00091033316847354,3.2000000000156903e-07,1,[1],[6175]
168,0,288,1185,0.0009106931684735417,3.6000000000176516e-07,1,[1],[6299]
169,0,288,1185,0.0009112831684735446,5.900000000028929e-07,1,[1],[6189]
170,0,288,1186,0.0009096212847134447,0.0009096212847134447,2,"[1, 2]","[6360, 12]"
171,0,288,1186,0.0009100012847134465,3.800000000018632e-07,2,"[1, 2]","[6275, 7]"
172,0,288,1186,0.0009103212847134481,3.2000000000156903e-07,2,"[1, 2]","[6177, 8]"
173,0,288,1186,0.0009106612847134498,3.400000000016671e-07,2,"[1, 2]","[6158, 10]"
174,0,288,1186,0.0009112512847134527,5.900000000028929e-07,2,"[1, 2]","[6247, 12]"
175,0,288,1187,0.0009095735325108004,0.0009095735325108004,2,"[1, 2]","[5785, 550]"
176,0,288,1187,0.0009099335325108022,3.6000000000176516e-07,2,"[1, 2]","[5639, 552]"
177,0,288,1187,0.0009102435325108037,3.1000000000152e-07,2,"[1, 2]","[5791, 583]"
178,0,288,1187,0.0009105435325108052,3.0000000000147097e-07,2,"[1, 2]","[5565, 549]"
179,0,288,1187,0.0009109635325108072,4.2000000000205935e-07,2,"[1, 2]","[5657, 584]"
180,0,288,1188,0.0009099092084988308,0.0009099092084988308,2,"[1, 2]","[5616, 677]"
181,0,288,1188,0.0009104992084988337,5.900000000028929e-07,2,"[1, 2]","[5551, 715]"
182,0,289,1155,0.0009123753187343946,0.0009123753187343946,2,"[1, 7]","[5093, 1202]"
183,0,289,1156,0.00091200168180266,0.00091200168180266,2,"[1, 7]","[5987, 298]"
184,0,289,1156,0.0009130816818026653,1.0800000000052955e-06,2,"[1, 7]","[3384, 2867]"
185,0,289,1156,0.0009141016818026703,1.0200000000050013e-06,2,"[1, 7]","[254, 6015]"
186,0,289,1157,0.000911880289298842,0.000911880289298842,2,"[1, 7]","[6284, 10]"
187,0,289,1157,0.0009134002892988495,1.5200000000074529e-06,2,"[1, 7]","[4605, 1625]"
188,0,289,1157,0.0009143402892988541,9.40000000004609e-07,2,"[1, 7]","[76, 6169]"
189,0,289,1157,0.0009150202892988574,6.800000000033342e-07,1,[7],[6255]
190,0,289,1158,0.0009117093445412792,0.0009117093445412792,1,[1],[6284]
191,0,289,1158,0.0009138893445412899,2.180000000010689e-06,2,"[1, 7]","[5783, 440]"
192,0,289,1158,0.0009152993445412968,1.4100000000069135e-06,2,"[1, 7]","[6, 6299]"
193,0,289,1158,0.000916159344541301,8.600000000042168e-07,1,[7],[6203]
194,0,289,1159,0.0009113859162131147,0.0009113859162131147,1,[1],[6283]
195,0,289,1159,0.0009121259162131184,7.400000000036284e-07,1,[1],[6218]
196,0,289,1159,0.000916345916213139,4.2200000000206916e-06,2,"[1, 7]","[3097, 3171]"
197,0,289,1160,0.0009111583944323468,0.0009111583944323468,1,[1],[6265]
198,0,289,1160,0.0009117383944323497,5.800000000028439e-07,1,[1],[6290]
199,0,289,1160,0.0009129383944323556,1.2000000000058839e-06,1,[1],[6205]
200,0,289,1161,0.0009108986412774718,0.0009108986412774718,1,[1],[6329]
201,0,289,1161,0.0009113886412774742,4.900000000024026e-07,1,[1],[6248]
202,0,289,1161,0.0009119286412774769,5.400000000026477e-07,1,[1],[6195]
203,0,289,1162,0.0009106063150374404,0.0009106063150374404,1,[1],[6374]
204,0,289,1162,0.0009110263150374424,4.2000000000205935e-07,1,[1],[6156]
205,0,289,1162,0.0009114263150374444,4.000000000019613e-07,1,[1],[6318]
206,0,289,1162,0.0009120163150374473,5.900000000028929e-07,1,[1],[6193]
207,0,289,1163,0.0009103480567706396,0.0009103480567706396,1,[1],[6369]
208,0,289,1163,0.0009107380567706415,3.9000000000191225e-07,1,[1],[6145]
209,0,289,1163,0.0009110780567706432,3.400000000016671e-07,1,[1],[6331]
210,0,289,1163,0.000911458056770645,3.800000000018632e-07,1,[1],[6244]
211,0,289,1163,0.0009123080567706492,8.500000000041677e-07,1,[1],[6172]
212,0,289,1164,0.0009101655303748281,0.0009101655303748281,1,[1],[6376]
213,0,289,1164,0.00091053553037483,3.700000000018142e-07,1,[1],[6210]
214,0,289,1164,0.0009108555303748315,3.2000000000156903e-07,1,[1],[6354]
215,0,289,1164,0.0009111855303748331,3.3000000000161806e-07,1,[1],[6094]
216,0,289,1164,0.0009116955303748356,5.100000000025006e-07,1,[1],[6251]
217,0,289,1165,0.0009100306279848144,0.0009100306279848144,1,[1],[6373]
218,0,289,1165,0.0009104006279848162,3.700000000018142e-07,1,[1],[6244]
219,0,289,1165,0.0009107106279848177,3.1000000000152e-07,1,[1],[6203]
220,0,289,1165,0.0009110406279848193,3.3000000000161806e-07,1,[1],[6259]
221,0,289,1165,0.0009115306279848217,4.900000000024026e-07,1,[1],[6222]
222,0,289,1166,0.0009098822017977371,0.0009098822017977371,1,[1],[6291]
223,0,289,1166,0.000910252201797739,3.700000000018142e-07,1,[1],[6240]
224,0,289,1166,0.0009105622017977405,3.1000000000152e-07,1,[1],[6304]
225,0,289,1166,0.000910882201797742,3.2000000000156903e-07,1,[1],[6347]
226,0,289,1166,0.0009113322017977443,4.5000000000220645e-07,1,[1],[6115]
227,0,289,1167,0.0009098269738072333,0.0009098269738072333,1,[1],[6372]
228,0,289,1167,0.0009102069738072351,3.800000000018632e-07,1,[1],[6216]
229,0,289,1167,0.0009105269738072367,3.2000000000156903e-07,1,[1],[6269]
230,0,289,1167,0.0009108769738072384,3.500000000017161e-07,1,[1],[6275]
231,0,289,1167,0.0009114369738072412,5.600000000027458e-07,1,[1],[6143]
232,0,289,1168,0.0009098133162249425,0.0009098133162249425,2,"[1, 5]","[6376, 2]"
233,0,289,1168,0.0009102033162249444,3.9000000000191225e-07,2,"[1, 5]","[6252, 2]"
234,0,289,1168,0.0009105433162249461,3.400000000016671e-07,2,"[1, 5]","[6138, 2]"
235,0,289,1168,0.000910943316224948,4.000000000019613e-07,2,"[1, 5]","[6270, 2]"
236,0,289,1168,0.0009122433162249544,1.3000000000063742e-06,2,"[1, 5]","[6208, 1]"
237,0,289,1169,0.0009098204759573318,0.0009098204759573318,3,"[1, 4, 5]","[6003, 4, 278]"
238,0,289,1169,0.0009102204759573338,4.000000000019613e-07,3,"[1, 4, 5]","[5952, 8, 286]"
239,0,289,1169,0.0009105804759573355,3.6000000000176516e-07,3,"[1, 4, 5]","[5929, 2, 301]"
240,0,289,1169,0.0009110204759573377,4.400000000021574e-07,3,"[1, 4, 5]","[6016, 5, 279]"
241,0,289,1170,0.000909850200103714,0.000909850200103714,3,"[1, 4, 5]","[5576, 401, 346]"
242,0,289,1170,0.000910260200103716,4.100000000020103e-07,3,"[1, 4, 5]","[5442, 411, 349]"
243,0,289,1170,0.0009106302001037178,3.700000000018142e-07,3,"[1, 4, 5]","[5554, 430, 347]"
244,0,289,1170,0.0009110902001037201,4.600000000022555e-07,3,"[1, 4, 5]","[5456, 379, 366]"
245,0,289,1171,0.0009099751978346582,0.0009099751978346582,3,"[1, 4, 5]","[5819, 431, 6]"
246,0,289,1171,0.0009104351978346605,4.600000000022555e-07,3,"[1, 4, 5]","[5938, 366, 2]"
247,0,289,1171,0.0009109051978346628,4.700000000023045e-07,3,"[1, 4, 5]","[5838, 349, 3]"
248,0,289,1172,0.0009101321639005084,0.0009101321639005084,2,"[1, 4]","[6313, 1]"
249,0,289,1172,0.0009106821639005111,5.500000000026968e-07,2,"[1, 4]","[6235, 3]"
250,0,289,1172,0.0009115221639005152,8.400000000041187e-07,2,"[1, 4]","[6207, 1]"
251,0,289,1173,0.0009102133116828902,0.0009102133116828902,1,[1],[6353]
252,0,289,1173,0.0009108633116828934,6.500000000031871e-07,1,[1],[6165]
253,0,289,1174,0.0009102962669656757,0.0009102962669656757,1,[1],[6265]
254,0,289,1174,0.0009111062669656797,8.100000000039716e-07,1,[1],[6235]
255,0,289,1175,0.0009102950664316009,0.0009102950664316009,2,"[1, 3]","[6308, 21]"
256,0,289,1175,0.0009112950664316058,1.0000000000049032e-06,2,"[1, 3]","[6167, 13]"
257,0,289,1176,0.0009102485414598458,0.0009102485414598458,2,"[1, 3]","[5579, 691]"
258,0,289,1176,0.0009113385414598512,1.0900000000053445e-06,2,"[1, 3]","[5680, 561]"
259,0,289,1177,0.0009104029076319679,0.0009104029076319679,2,"[1, 3]","[5849, 436]"
260,0,289,1178,0.0009106036737250985,0.0009106036737250985,1,[1],[6264]
261,0,289,1179,0.000910764569531655,0.000910764569531655,1,[1],[6288]
262,0,289,1180,0.0009108693769624975,0.0009108693769624975,1,[1],[6252]
263,0,289,1181,0.0009110949171698061,0.0009110949171698061,1,[1],[6251]
264,0,289,1182,0.000911365544714614,0.000911365544714614,1,[1],[6251]
265,0,290,1158,0.0009161134049038399,0.0009161134049038399,2,"[1, 7]","[16, 6245]"
266,0,290,1159,0.0009164211933759828,0.0009164211933759828,2,"[1, 7]","[30, 6277]"
267,0,290,1159,0.0009171511933759864,7.300000000035793e-07,1,[7],[6253]
268,0,290,1160,0.0009173495128638599,0.0009173495128638599,2,"[1, 7]","[62, 6258]"
269,0,290,1160,0.0009180895128638635,7.400000000036284e-07,1,[7],[6244]
270,0,290,1161,0.0009189075690435146,0.0009189075690435146,2,"[1, 7]","[126, 6150]"
271,0,291,1160,0.0009190572778756189,0.0009190572778756189,1,[7],[6256]
272,0,291,1161,0.0009187286834986965,0.0009187286834986965,1,[7],[6309]
273,0,291,1161,0.0009195686834987006,8.400000000041187e-07,1,[7],[6218]
274,0,291,1162,0.0009195064614185359,0.0009195064614185359,2,"[7, 8]","[6328, 1]"
275,0,291,1162,0.0009201864614185393,6.800000000033342e-07,2,"[7, 8]","[6253, 2]"
276,0,291,1162,0.0009212164614185443,1.0300000000050503e-06,2,"[7, 8]","[6170, 14]"
277,0,291,1163,0.000920795704676083,0.000920795704676083,2,"[7, 8]","[5902, 380]"
278,0,291,1163,0.0009219957046760889,1.2000000000058839e-06,2,"[7, 8]","[4990, 1248]"
279,0,292,1163,0.0009209871142522539,0.0009209871142522539,2,"[7, 8]","[5232, 1092]"
280,0,292,1163,0.0009217971142522579,8.100000000039716e-07,2,"[7, 8]","[4275, 1912]"
281,0,292,1164,0.0009216046575992768,0.0009216046575992768,2,"[7, 8]","[4852, 1403]"
282,0,292,1164,0.0009223046575992802,7.000000000034323e-07,2,"[7, 8]","[5607, 652]"
283,0,292,1164,0.0009233046575992851,1.0000000000049032e-06,2,"[7, 8]","[6065, 201]"
284,0,292,1165,0.0009228808616329551,0.0009228808616329551,2,"[7, 8]","[6255, 15]"
285,0,292,1165,0.0009239008616329601,1.0200000000050013e-06,1,[7],[6236]
286,0,292,1166,0.000925014598987677,0.000925014598987677,1,[7],[6256]
287,0,293,1165,0.000923868737870213,0.000923868737870213,1,[7],[6259]
288,0,293,1166,0.0009240829541151523,0.0009240829541151523,1,[7],[6304]
289,0,293,1166,0.0009249429541151566,8.600000000042168e-07,1,[7],[6210]
290,0,293,1167,0.0009249335237966124,0.0009249335237966124,1,[7],[6272]
291,0,293,1167,0.0009257135237966162,7.800000000038245e-07,1,[7],[6246]
292,0,293,1168,0.0009263665155100037,0.0009263665155100037,1,[7],[6250]
293,0,294,1168,0.000926472898674975,0.000926472898674975,1,[7],[6267]
294,0,294,1168,0.0009280728986749828,1.6000000000078451e-06,1,[7],[6246]
295,0,294,1169,0.0009271139965781338,0.0009271139965781338,1,[7],[6315]
296,0,294,1169,0.0009278639965781375,7.500000000036774e-07,2,"[7, 9]","[6256, 5]"
297,0,294,1170,0.0009280708021705245,0.0009280708021705245,2,"[7, 9]","[4970, 1329]"
298,0,294,1170,0.0009287408021705278,6.700000000032852e-07,2,"[7, 9]","[4464, 1772]"
299,0,294,1171,0.000928839672447984,0.000928839672447984,2,"[7, 9]","[2018, 4297]"
300,0,294,1171,0.0009308396724479938,2.0000000000098064e-06,2,"[7, 9]","[4741, 1452]"
301,0,295,1170,0.0009286579793213002,0.0009286579793213002,2,"[7, 9]","[4152, 2160]"
302,0,295,1170,0.0009303079793213083,1.6500000000080903e-06,2,"[7, 9]","[4752, 1440]"
303,0,295,1171,0.0009288657393882754,0.0009288657393882754,2,"[7, 9]","[3250, 3062]"
304,0,295,1171,0.0009295557393882788,6.900000000033832e-07,2,"[7, 9]","[5386, 845]"
305,0,295,1171,0.0009302757393882823,7.200000000035303e-07,2,"[7, 9]","[6098, 179]"
306,0,295,1172,0.0009301905015582093,0.0009301905015582093,2,"[7, 9]","[6261, 65]"
307,0,295,1172,0.0009308805015582126,6.900000000033832e-07,2,"[7, 9]","[6258, 1]"
308,0,295,1172,0.0009320405015582183,1.1600000000056877e-06,2,"[7, 10]","[6179, 6]"
309,0,295,1173,0.0009315829101132751,0.0009315829101132751,2,"[7, 10]","[6044, 219]"
310,0,296,1172,0.000932088182919642,0.000932088182919642,3,"[7, 9, 10]","[6197, 1, 52]"
311,0,296,1173,0.0009314264488521626,0.0009314264488521626,2,"[7, 10]","[4911, 1351]"
312,0,296,1173,0.0009319564488521652,5.300000000025987e-07,2,"[7, 10]","[3849, 2483]"
313,0,296,1173,0.0009324664488521677,5.100000000025006e-07,2,"[7, 10]","[3319, 2890]"
314,0,296,1173,0.0009334364488521725,9.700000000047561e-07,2,"[7, 10]","[2878, 3341]"
315,0,296,1174,0.0009318962902586606,0.0009318962902586606,2,"[7, 10]","[2952, 3387]"
316,0,296,1174,0.000932386290258663,4.900000000024026e-07,2,"[7, 10]","[3349, 2840]"
317,0,296,1174,0.0009328462902586653,4.600000000022555e-07,2,"[7, 10]","[4001, 2264]"
318,0,296,1174,0.0009334562902586683,6.10000000002991e-07,2,"[7, 10]","[4869, 1377]"
319,0,296,1175,0.0009334898844874278,0.0009334898844874278,2,"[7, 10]","[6150, 105]"
320,0,296,1175,0.0009344898844874327,1.0000000000049032e-06,2,"[7, 10]","[6268, 2]"
321,0,296,1176,0.000935775505303776,0.000935775505303776,1,[7],[6253]
322,0,297,1174,0.0009341478478987115,0.0009341478478987115,2,"[7, 10]","[2987, 3266]"
323,0,297,1175,0.0009342469176244142,0.0009342469176244142,2,"[7, 10]","[6260, 43]"
324,0,297,1176,0.0009346281880536545,0.0009346281880536545,1,[7],[6297]
325,0,297,1176,0.0009353981880536583,7.700000000037755e-07,1,[7],[6258]
326,0,297,1177,0.0009355187260144237,0.0009355187260144237,3,"[7, 11, 12]","[6316, 8, 4]"
327,0,297,1177,0.0009362387260144272,7.200000000035303e-07,3,"[7, 11, 12]","[6138, 53, 17]"
328,0,297,1177,0.0009377687260144347,1.530000000007502e-06,3,"[7, 11, 12]","[5832, 187, 205]"
329,0,297,1178,0.0009365366636441816,0.0009365366636441816,3,"[7, 11, 12]","[4446, 1267, 563]"
330,0,297,1178,0.000937226663644185,6.900000000033832e-07,3,"[7, 11, 12]","[3533, 1363, 1345]"
331,0,297,1178,0.0009386466636441919,1.4200000000069626e-06,3,"[7, 11, 12]","[3200, 923, 2113]"
332,0,298,1178,0.0009366238997931815,0.0009366238997931815,3,"[7, 11, 12]","[3581, 1986, 734]"
333,0,298,1178,0.0009372138997931844,5.900000000028929e-07,3,"[7, 11, 12]","[3427, 1626, 1212]"
334,0,298,1178,0.0009378938997931877,6.800000000033342e-07,3,"[7, 11, 12]","[3668, 1124, 1410]"
335,0,298,1179,0.0009375399388019716,0.0009375399388019716,3,"[7, 11, 12]","[4776, 945, 591]"
336,0,298,1179,0.000938229938801975,6.900000000033832e-07,3,"[7, 11, 12]","[5863, 121, 248]"
337,0,298,1179,0.000939049938801979,8.200000000040206e-07,3,"[7, 11, 12]","[6140, 24, 68]"
338,0,298,1180,0.0009389667512146387,0.0009389667512146387,2,"[7, 11]","[6298, 1]"
339,0,298,1180,0.0009400167512146439,1.0500000000051484e-06,1,[7],[6231]
340,0,299,1180,0.0009396632009462952,0.0009396632009462952,1,[7],[6300]
341,0,299,1181,0.0009401584888247054,0.0009401584888247054,1,[7],[6329]
342,0,299,1181,0.000940898488824709,7.400000000036284e-07,1,[7],[6235]
343,0,299,1181,0.0009422384888247156,1.3400000000065703e-06,1,[7],[6187]
344,0,299,1182,0.0009412870312334735,0.0009412870312334735,1,[7],[6302]
345,0,299,1182,0.0009421170312334775,8.300000000040697e-07,1,[7],[6222]
346,0,299,1183,0.000943369795833633,0.000943369795833633,1,[7],[6260]
347,0,300,1182,0.0009424028454742459,0.0009424028454742459,1,[7],[6263]
348,0,300,1183,0.0009426099183726766,0.0009426099183726766,1,[7],[6299]
349,0,300,1183,0.0009433999183726805,7.900000000038735e-07,1,[7],[6203]
350,0,300,1184,0.0009436020458391573,0.0009436020458391573,1,[7],[6309]
351,0,300,1184,0.0009443720458391611,7.700000000037755e-07,1,[7],[6207]
352,0,300,1185,0.0009452454654082825,0.0009452454654082825,2,"[7, 13]","[6254, 1]"
353,0,301,1184,0.0009455761355041923,0.0009455761355041923,1,[7],[6256]
354,0,301,1185,0.0009450985219479897,0.0009450985219479897,2,"[7, 13]","[6275, 7]"
355,0,301,1185,0.000945978521947994,8.800000000043148e-07,3,"[7, 13, 446]","[6207, 67, 1]"
356,0,301,1186,0.0009459010759292133,0.0009459010759292133,3,"[7, 13, 445]","[5451, 838, 5]"
357,0,301,1186,0.0009465110759292163,6.10000000002991e-07,4,"[7, 13, 445, 446]","[4737, 1516, 8, 2]"
358,0,301,1186,0.0009471810759292196,6.700000000032852e-07,4,"[7, 13, 445, 446]","[4593, 1633, 6, 1]"
359,0,301,1187,0.0009473167854510899,0.0009473167854510899,4,"[7, 13, 445, 446]","[5392, 862, 5, 1]"
360,0,301,1187,0.0009490367854510984,1.7200000000084335e-06,3,"[7, 13, 14]","[6072, 135, 35]"
361,0,302,1186,0.0009484555575481385,0.0009484555575481385,4,"[7, 13, 445, 446]","[4537, 1704, 8, 3]"
362,0,302,1187,0.0009476979727137819,0.0009476979727137819,4,"[7, 13, 14, 445]","[5944, 301, 29, 2]"
363,0,302,1187,0.0009487679727137871,1.0700000000052464e-06,3,"[7, 13, 14]","[6001, 13, 218]"
364,0,302,1188,0.0009483427246721575,0.0009483427246721575,3,"[7, 13, 14]","[4989, 1, 1307]"
365,0,302,1188,0.0009489027246721602,5.600000000027458e-07,2,"[7, 14]","[4604, 1711]"
366,0,302,1188,0.0009494527246721629,5.500000000026968e-07,2,"[7, 14]","[4581, 1608]"
367,0,302,1188,0.0009505727246721684,1.1200000000054916e-06,2,"[7, 14]","[5078, 1139]"
368,0,302,1189,0.0009496213610219788,0.0009496213610219788,2,"[7, 14]","[5472, 786]"
369,0,302,1189,0.0009505713610219835,9.500000000046581e-07,2,"[7, 14]","[6137, 130]"
370,0,303,1189,0.0009503464945985239,0.0009503464945985239,2,"[7, 14]","[6111, 146]"
371,0,303,1189,0.0009531164945985375,2.770000000013582e-06,2,"[7, 14]","[6238, 5]"
372,0,303,1190,0.0009509308899176154,0.0009509308899176154,1,[7],[6255]
373,0,303,1190,0.0009516408899176189,7.100000000034813e-07,1,[7],[6307]
374,0,303,1190,0.0009526308899176237,9.900000000048542e-07,1,[7],[6199]
375,0,303,1191,0.0009520316736576112,0.0009520316736576112,1,[7],[6270]
376,0,303,1191,0.000952801673657615,7.700000000037755e-07,1,[7],[6304]
377,0,303,1192,0.0009538373113898201,0.0009538373113898201,1,[7],[6254]
378,0,304,1191,0.0009532755749785163,0.0009532755749785163,1,[7],[6251]
379,0,304,1192,0.000953444538187009,0.000953444538187009,1,[7],[6304]
380,0,304,1192,0.0009542345381870128,7.900000000038735e-07,1,[7],[6252]
381,0,304,1193,0.0009543836114584266,0.0009543836114584266,1,[7],[6312]
382,0,304,1193,0.0009550936114584301,7.100000000034813e-07,1,[7],[6236]
383,0,304,1193,0.0009560836114584349,9.900000000048542e-07,1,[7],[6232]
384,0,304,1194,0.0009558294880171578,0.0009558294880171578,1,[7],[6284]
385,0,304,1194,0.000958729488017172,2.9000000000142193e-06,1,[7],[6216]
386,0,305,1194,0.0009560411292553253,0.0009560411292553253,1,[7],[6290]
387,0,305,1194,0.0009570811292553304,1.0400000000050993e-06,1,[7],[6212]
388,0,305,1195,0.0009567908309115041,0.0009567908309115041,1,[7],[6284]
389,0,305,1195,0.0009574808309115075,6.900000000033832e-07,1,[7],[6310]
390,0,305,1195,0.0009583708309115119,8.900000000043639e-07,1,[7],[6172]
391,0,305,1196,0.0009580011874202014,0.0009580011874202014,1,[7],[6323]
392,0,305,1196,0.000958941187420206,9.40000000004609e-07,1,[7],[6215]
393,0,306,1196,0.0009587916132570622,0.0009587916132570622,1,[7],[6255]
394,0,306,1197,0.0009592663677815134,0.0009592663677815134,1,[7],[6283]
395,0,306,1197,0.0009599763677815169,7.100000000034813e-07,1,[7],[6252]
396,0,306,1197,0.0009617763677815257,1.8000000000088258e-06,1,[7],[6215]
397,0,306,1198,0.0009601575860835152,0.0009601575860835152,1,[7],[6288]
398,0,306,1198,0.0009608675860835186,7.100000000034813e-07,2,"[7, 15]","[6234, 4]"
399,0,306,1198,0.0009622675860835255,1.4000000000068645e-06,2,"[7, 15]","[6206, 26]"
400,0,306,1199,0.0009614337369796683,0.0009614337369796683,2,"[7, 15]","[5296, 1004]"
401,0,306,1199,0.0009629137369796756,1.4800000000072568e-06,2,"[7, 15]","[4470, 1732]"
402,0,306,1200,0.0009623013684031227,0.0009623013684031227,2,"[7, 15]","[1420, 4850]"
403,0,307,1198,0.0009616506992022245,0.0009616506992022245,2,"[7, 15]","[6226, 43]"
404,0,307,1199,0.000961209070410136,0.000961209070410136,2,"[7, 15]","[4234, 2096]"
405,0,307,1199,0.0009617490704101387,5.400000000026477e-07,2,"[7, 15]","[3883, 2287]"
406,0,307,1199,0.0009623090704101414,5.600000000027458e-07,2,"[7, 15]","[3892, 2384]"
407,0,307,1200,0.0009611435862296909,0.0009611435862296909,2,"[7, 15]","[697, 5635]"
408,0,307,1200,0.0009616535862296934,5.100000000025006e-07,2,"[7, 15]","[1604, 4679]"
409,0,307,1200,0.0009620935862296956,4.400000000021574e-07,2,"[7, 15]","[2590, 3636]"
410,0,307,1200,0.0009625335862296977,4.400000000021574e-07,2,"[7, 15]","[3733, 2432]"
411,0,307,1200,0.0009630935862297005,5.600000000027458e-07,2,"[7, 15]","[4978, 1269]"
412,0,307,1201,0.0009632715372497191,0.0009632715372497191,2,"[7, 15]","[5219, 1080]"
413,0,307,1201,0.0009643415372497244,1.0700000000052464e-06,2,"[7, 15]","[6198, 4]"
414,0,308,1201,0.0009638943807127287,0.0009638943807127287,2,"[7, 15]","[6204, 76]"
415,0,308,1202,0.0009644166073847716,0.0009644166073847716,3,"[7, 16, 17]","[6258, 20, 4]"
416,0,308,1202,0.000965116607384775,7.000000000034323e-07,3,"[7, 16, 17]","[6102, 107, 39]"
417,0,308,1202,0.0009661666073847801,1.0500000000051484e-06,3,"[7, 16, 17]","[5765, 282, 179]"
418,0,308,1203,0.0009651798370392215,0.0009651798370392215,3,"[7, 16, 17]","[4620, 816, 818]"
419,0,308,1203,0.0009657298370392242,5.500000000026968e-07,3,"[7, 16, 17]","[4088, 980, 1281]"
420,0,308,1203,0.0009662498370392267,5.200000000025497e-07,3,"[7, 16, 17]","[3763, 910, 1566]"
421,0,308,1203,0.0009675798370392333,1.3300000000065213e-06,3,"[7, 16, 17]","[3783, 736, 1645]"
422,0,308,1204,0.000966587217561181,0.000966587217561181,3,"[7, 16, 17]","[4642, 379, 1269]"
423,0,309,1203,0.0009658640008342635,0.0009658640008342635,3,"[7, 16, 17]","[3661, 915, 1689]"
424,0,309,1203,0.0009670540008342694,1.1900000000058348e-06,3,"[7, 16, 17]","[3964, 542, 1744]"
425,0,309,1204,0.0009663724154046705,0.0009663724154046705,3,"[7, 16, 17]","[5345, 142, 807]"
426,0,309,1204,0.000967082415404674,7.100000000034813e-07,3,"[7, 16, 17]","[6043, 19, 225]"
427,0,309,1204,0.0009685824154046813,1.5000000000073548e-06,3,"[7, 16, 17]","[6120, 3, 53]"
428,0,309,1205,0.0009672331648571216,0.0009672331648571216,2,"[7, 17]","[6321, 3]"
429,0,309,1205,0.000967933164857125,7.000000000034323e-07,1,[7],[6265]
430,0,309,1205,0.0009693831648571322,1.4500000000071097e-06,1,[7],[6167]
431,0,309,1206,0.0009684655318167665,0.0009684655318167665,1,[7],[6262]
432,0,310,1206,0.0009685271684023646,0.0009685271684023646,1,[7],[6267]
433,0,310,1206,0.0009694971684023694,9.700000000047561e-07,1,[7],[6249]
434,0,310,1207,0.0009690827288804109,0.0009690827288804109,1,[7],[6277]
435,0,310,1207,0.0009697527288804142,6.700000000032852e-07,1,[7],[6275]
436,0,310,1207,0.0009708027288804193,1.0500000000051484e-06,1,[7],[6215]
437,0,310,1208,0.0009701074687597325,0.0009701074687597325,1,[7],[6264]
438,0,310,1208,0.0009711174687597375,1.0100000000049522e-06,1,[7],[6262]
439,0,311,1208,0.000970627935599666,0.000970627935599666,1,[7],[6274]
440,0,311,1209,0.0009710109985890626,0.0009710109985890626,1,[7],[6257]
441,0,311,1209,0.0009716909985890659,6.800000000033342e-07,1,[7],[6253]
442,0,311,1209,0.0009729009985890719,1.2100000000059329e-06,1,[7],[6247]
443,0,311,1210,0.000971902793264662,0.000971902793264662,1,[7],[6259]
444,0,311,1210,0.0009727227932646661,8.200000000040206e-07,1,[7],[6254]
445,0,311,1211,0.0009735414849040172,0.0009735414849040172,1,[7],[6283]
446,0,312,1210,0.0009730539973188828,0.0009730539973188828,1,[7],[6274]
447,0,312,1211,0.0009729303892240921,0.0009729303892240921,1,[7],[6286]
448,0,312,1211,0.0009736503892240956,7.200000000035303e-07,1,[7],[6230]
449,0,312,1212,0.0009736024607717563,0.0009736024607717563,1,[7],[6344]
450,0,312,1212,0.0009742824607717596,6.800000000033342e-07,1,[7],[6202]
451,0,312,1212,0.0009755024607717656,1.220000000005982e-06,1,[7],[6212]
452,0,312,1213,0.0009748246149457337,0.0009748246149457337,1,[7],[6311]
453,0,313,1213,0.0009747898766191758,0.0009747898766191758,2,"[7, 18]","[6256, 7]"
454,0,313,1213,0.0009756698766191801,8.800000000043148e-07,2,"[7, 18]","[6189, 60]"
455,0,313,1214,0.0009752656191048578,0.0009752656191048578,2,"[7, 18]","[5477, 812]"
456,0,313,1214,0.0009757956191048604,5.300000000025987e-07,2,"[7, 18]","[4862, 1473]"
457,0,313,1214,0.0009762756191048627,4.800000000023535e-07,2,"[7, 18]","[4326, 1879]"
458,0,313,1214,0.0009770456191048613,7.699999999985713e-07,2,"[7, 18]","[3924, 2279]"
459,0,313,1215,0.0009761094512891766,0.0009761094512891766,2,"[7, 18]","[4665, 1606]"
460,0,313,1215,0.0009769194512891767,8.100000000001769e-07,2,"[7, 18]","[5075, 1168]"
461,0,314,1214,0.0009769090849668497,0.0009769090849668497,2,"[7, 18]","[3601, 2664]"
462,0,314,1215,0.0009765078095434278,0.0009765078095434278,2,"[7, 18]","[5303, 960]"
463,0,314,1215,0.0009774678095434226,9.599999999948408e-07,2,"[7, 18]","[5881, 363]"
464,0,314,1216,0.000977012112472773,0.000977012112472773,2,"[7, 18]","[6313, 8]"
465,0,314,1216,0.0009776521124727692,6.399999999961992e-07,1,[7],[6234]
466,0,314,1216,0.0009786321124727634,9.7999999999418e-07,1,[7],[6197]
467,0,314,1217,0.0009778949440798924,0.0009778949440798924,2,"[7, 19]","[6249, 23]"
468,0,314,1217,0.0009788549440798867,9.599999999942987e-07,2,"[7, 19]","[6131, 114]"
469,0,315,1217,0.0009783138196821496,0.0009783138196821496,2,"[7, 19]","[6052, 203]"
470,0,315,1217,0.000979583819682142,1.2699999999924577e-06,2,"[7, 19]","[5683, 563]"
471,0,315,1218,0.000978480243138328,0.000978480243138328,2,"[7, 19]","[5091, 1173]"
472,0,315,1218,0.0009790102431383248,5.299999999968524e-07,2,"[7, 19]","[5095, 1154]"
473,0,315,1218,0.0009795402431383216,5.299999999968524e-07,2,"[7, 19]","[5137, 1154]"
474,0,315,1219,0.0009794672735475018,0.0009794672735475018,2,"[7, 19]","[6016, 256]"
475,0,315,1219,0.000980297273547497,8.299999999950708e-07,2,"[7, 19]","[6207, 49]"
476,0,316,1219,0.0009799322738347522,0.0009799322738347522,2,"[7, 19]","[6298, 19]"
477,0,316,1219,0.000980982273834746,1.0499999999937643e-06,2,"[7, 19]","[6205, 2]"
478,0,316,1220,0.0009802688431688664,0.0009802688431688664,1,[7],[6295]
479,0,316,1220,0.0009808688431688628,5.999999999964367e-07,1,[7],[6224]
480,0,316,1220,0.0009815888431688586,7.199999999957241e-07,1,[7],[6252]
481,0,316,1221,0.0009812259276845673,0.0009812259276845673,1,[7],[6302]
482,0,316,1221,0.0009821859276845616,9.599999999942987e-07,1,[7],[6236]
483,0,317,1221,0.0009815471212570055,0.0009815471212570055,1,[7],[6298]
484,0,317,1221,0.000982477121257,9.299999999944769e-07,1,[7],[6208]
485,0,317,1222,0.0009819753813931392,0.0009819753813931392,1,[7],[6296]
486,0,317,1222,0.0009825653813931357,5.899999999964961e-07,1,[7],[6246]
487,0,317,1222,0.0009832753813931315,7.099999999957834e-07,1,[7],[6275]
488,0,317,1223,0.0009830144394613982,0.0009830144394613982,1,[7],[6272]
489,0,317,1223,0.0009842844394613907,1.2699999999924577e-06,1,[7],[6229]
490,0,318,1223,0.0009832301466311266,0.0009832301466311266,1,[7],[6308]
491,0,318,1223,0.0009841201466311213,8.899999999947145e-07,1,[7],[6199]
492,0,318,1224,0.0009837091200374363,0.0009837091200374363,1,[7],[6333]
493,0,318,1224,0.0009843291200374326,6.199999999963179e-07,1,[7],[6176]
494,0,318,1224,0.0009851891200374275,8.599999999948926e-07,1,[7],[6276]
495,0,318,1225,0.000984729063876325,0.000984729063876325,1,[7],[6261]
496,0,319,1225,0.0009848171473482137,0.0009848171473482137,1,[7],[6283]
497,0,319,1225,0.000985627147348209,8.099999999951896e-07,1,[7],[6268]
498,0,319,1226,0.0009853051586614602,0.0009853051586614602,1,[7],[6336]
499,0,319,1226,0.0009859151586614566,6.099999999963773e-07,1,[7],[6206]
500,0,319,1226,0.0009867351586614517,8.199999999951302e-07,1,[7],[6218]
501,0,319,1227,0.0009864089869265895,0.0009864089869265895,1,[7],[6264]
502,0,320,1227,0.0009864058117841328,0.0009864058117841328,1,[7],[6313]
503,0,320,1227,0.0009871658117841283,7.599999999954865e-07,2,"[7, 20]","[6192, 1]"
504,0,320,1228,0.0009869137150839724,0.0009869137150839724,3,"[7, 20, 21]","[6288, 37, 2]"
505,0,320,1228,0.0009875437150839686,6.299999999962586e-07,3,"[7, 20, 21]","[6096, 82, 9]"
506,0,320,1228,0.000988483715083963,9.399999999944175e-07,3,"[7, 20, 21]","[6080, 151, 17]"
507,0,320,1229,0.0009877235721102433,0.0009877235721102433,3,"[7, 20, 21]","[4089, 1870, 302]"
508,0,320,1229,0.0009885535721102384,8.299999999950708e-07,3,"[7, 20, 21]","[4164, 1544, 536]"
509,0,321,1228,0.000988453538836179,0.000988453538836179,3,"[7, 20, 21]","[5447, 673, 136]"
510,0,321,1229,0.0009873419205483783,0.0009873419205483783,3,"[7, 20, 21]","[2377, 3383, 493]"
511,0,321,1229,0.0009877919205483756,4.4999999999732754e-07,3,"[7, 20, 21]","[2855, 2690, 819]"
512,0,321,1229,0.0009881519205483735,3.5999999999786203e-07,3,"[7, 20, 21]","[3090, 2173, 907]"
513,0,321,1229,0.0009885419205483712,3.8999999999768387e-07,3,"[7, 20, 21]","[3565, 1686, 1012]"
514,0,321,1229,0.0009891319205483676,5.899999999964961e-07,3,"[7, 20, 21]","[3850, 1270, 1094]"
515,0,321,1230,0.0009879997807448625,0.0009879997807448625,3,"[7, 20, 21]","[3299, 2432, 606]"
516,0,321,1230,0.0009885597807448591,5.599999999966743e-07,3,"[7, 20, 21]","[4872, 758, 571]"
517,0,321,1230,0.000989099780744856,5.39999999996793e-07,3,"[7, 20, 21]","[5591, 291, 371]"
518,0,321,1230,0.0009900797807448501,9.7999999999418e-07,3,"[7, 20, 21]","[5924, 96, 197]"
519,0,321,1231,0.0009896162403517576,0.0009896162403517576,3,"[7, 20, 21]","[6268, 10, 3]"
520,0,322,1230,0.0009894272254071922,0.0009894272254071922,3,"[7, 20, 21]","[5946, 215, 119]"
521,0,322,1231,0.0009891975980743442,0.0009891975980743442,2,"[7, 21]","[6360, 1]"
522,0,322,1231,0.0009898075980743406,6.099999999963773e-07,1,[7],[6201]
523,0,322,1231,0.0009907675980743349,9.599999999942987e-07,1,[7],[6217]
524,0,322,1232,0.0009897447658957766,0.0009897447658957766,1,[7],[6261]
525,0,322,1232,0.0009903747658957728,6.299999999962586e-07,1,[7],[6302]
526,0,322,1232,0.000991524765895766,1.1499999999931704e-06,1,[7],[6199]
527,0,322,1233,0.0009914109805036295,0.0009914109805036295,1,[7],[6268]
528,0,323,1232,0.0009906093540974058,0.0009906093540974058,1,[7],[6277]
529,0,323,1233,0.000990475198282972,0.000990475198282972,1,[7],[6267]
530,0,323,1233,0.0009910751982829685,5.999999999964367e-07,1,[7],[6242]
531,0,323,1233,0.0009918951982829636,8.199999999951302e-07,1,[7],[6273]
532,0,323,1234,0.0009911601016380576,0.0009911601016380576,1,[7],[6257]
533,0,323,1234,0.0009918901016380533,7.299999999956647e-07,1,[7],[6309]
534,0,323,1235,0.0009931751707683398,0.0009931751707683398,1,[7],[6251]
535,0,324,1234,0.0009917616081225556,0.0009917616081225556,1,[7],[6253]
536,0,324,1235,0.0009917773065674302,0.0009917773065674302,1,[7],[6346]
537,0,324,1235,0.0009923673065674267,5.899999999964961e-07,1,[7],[6246]
538,0,324,1235,0.0009930873065674224,7.199999999957241e-07,1,[7],[6172]
539,0,324,1236,0.0009924589229367046,0.0009924589229367046,1,[7],[6272]
540,0,324,1236,0.0009931989229367002,7.399999999956053e-07,1,[7],[6270]
541,0,325,1236,0.0009929656515060303,0.0009929656515060303,1,[7],[6263]
542,0,325,1237,0.0009930762137249497,0.0009930762137249497,1,[7],[6349]
543,0,325,1237,0.0009936462137249463,5.699999999966149e-07,1,[7],[6166]
544,0,325,1237,0.0009944062137249418,7.599999999954865e-07,1,[7],[6255]
545,0,325,1238,0.000993714403470391,0.000993714403470391,1,[7],[6329]
546,0,325,1238,0.0009944144034703868,6.999999999958428e-07,1,[7],[6227]
547,0,326,1238,0.0009940732689547838,0.0009940732689547838,1,[7],[6282]
548,0,326,1238,0.000995053268954778,9.7999999999418e-07,1,[7],[6248]
549,0,326,1239,0.0009941704396814275,0.0009941704396814275,1,[7],[6329]
550,0,326,1239,0.0009946904396814244,5.199999999969118e-07,2,"[7, 22]","[6229, 1]"
551,0,326,1239,0.0009952404396814211,5.499999999967337e-07,2,"[7, 22]","[6282, 1]"
552,0,326,1240,0.0009948078840998644,0.0009948078840998644,2,"[7, 22]","[6152, 123]"
553,0,326,1240,0.0009954678840998605,6.599999999960804e-07,2,"[7, 22]","[6027, 240]"
554,0,326,1241,0.000996732105687707,0.000996732105687707,2,"[7, 22]","[5163, 1091]"
555,0,327,1240,0.000995126225445892,0.000995126225445892,2,"[7, 22]","[5644, 630]"
556,0,327,1240,0.0009958862254458875,7.599999999954865e-07,2,"[7, 22]","[5450, 819]"
557,0,327,1241,0.000995240895664388,0.000995240895664388,2,"[7, 22]","[5240, 1088]"
558,0,327,1241,0.0009957308956643851,4.8999999999709e-07,2,"[7, 22]","[5304, 882]"
559,0,327,1241,0.000996250895664382,5.199999999969118e-07,2,"[7, 22]","[5703, 623]"
560,0,327,1241,0.0009979108956643722,1.6599999999901416e-06,2,"[7, 22]","[5793, 368]"
561,0,327,1242,0.0009959929493073283,0.0009959929493073283,2,"[7, 22]","[6288, 46]"
562,0,327,1242,0.0009967429493073238,7.499999999955459e-07,2,"[7, 22]","[6191, 7]"
563,0,328,1242,0.0009963408407915352,0.0009963408407915352,2,"[7, 22]","[6285, 3]"
564,0,328,1242,0.0009974708407915285,1.1299999999932892e-06,1,[7],[6232]
565,0,328,1243,0.0009964398575957518,0.0009964398575957518,1,[7],[6327]
566,0,328,1243,0.0009969898575957485,5.499999999967337e-07,1,[7],[6212]
567,0,328,1243,0.0009976598575957446,6.69999999996021e-07,1,[7],[6225]
568,0,328,1244,0.000997032679452912,0.000997032679452912,2,"[7, 23]","[6175, 91]"
569,0,328,1244,0.0009977626794529077,7.299999999956647e-07,2,"[7, 23]","[6050, 197]"
570,0,328,1245,0.0009986382211968421,0.0009986382211968421,2,"[7, 23]","[5159, 1094]"
571,0,329,1244,0.000997339195031853,0.000997339195031853,2,"[7, 23]","[5844, 406]"
572,0,329,1244,0.0009982091950318478,8.699999999948332e-07,2,"[7, 23]","[5519, 745]"
573,0,329,1245,0.0009973583983867557,0.0009973583983867557,2,"[7, 23]","[5378, 948]"
574,0,329,1245,0.0009978483983867528,4.8999999999709e-07,2,"[7, 23]","[5240, 955]"
575,0,329,1245,0.00099831839838675,4.6999999999720876e-07,2,"[7, 23]","[5414, 934]"
576,0,329,1245,0.000999148398386745,8.299999999950708e-07,2,"[7, 23]","[5352, 785]"
577,0,329,1246,0.0009980190655185623,0.0009980190655185623,2,"[7, 23]","[6253, 77]"
578,0,329,1246,0.0009986890655185583,6.69999999996021e-07,2,"[7, 23]","[6138, 48]"
579,0,329,1247,0.0009999209118599392,0.0009999209118599392,1,[7],[6255]
580,0,330,1246,0.000998422506849381,0.000998422506849381,2,"[7, 23]","[6268, 8]"
581,0,330,1246,0.0009996725068493735,1.2499999999925765e-06,1,[7],[6238]
582,0,330,1247,0.000998432420282338,0.000998432420282338,1,[7],[6289]
583,0,330,1247,0.0009989924202823347,5.599999999966743e-07,1,[7],[6266]
584,0,330,1247,0.000999632420282331,6.399999999961992e-07,1,[7],[6203]
585,0,330,1248,0.0009989911843178252,0.0009989911843178252,1,[7],[6261]
586,0,330,1248,0.0009996411843178213,6.499999999961398e-07,1,[7],[6334]
587,0,330,1248,0.0010009711843178134,1.3299999999921014e-06,1,[7],[6160]
588,0,330,1249,0.0010003706271395876,0.0010003706271395876,1,[7],[6267]
589,0,331,1248,0.0009995528222319038,0.0009995528222319038,1,[7],[6284]
590,0,331,1249,0.000999577888914407,0.000999577888914407,1,[7],[6350]
591,0,331,1249,0.0010001178889144037,5.39999999996793e-07,1,[7],[6165]
592,0,331,1249,0.0010007478889144,6.299999999962586e-07,1,[7],[6268]
593,0,331,1250,0.0010001296548143909,0.0010001296548143909,1,[7],[6324]
594,0,331,1250,0.0010007196548143873,5.899999999964961e-07,1,[7],[6224]
595,0,331,1250,0.0010015196548143826,7.99999999995249e-07,1,[7],[6232]
596,0,331,1251,0.0010013719811274855,0.0010013719811274855,1,[7],[6275]
597,0,332,1250,0.0010008775913531451,0.0010008775913531451,1,[7],[6255]
598,0,332,1251,0.0010008168139517349,0.0010008168139517349,1,[7],[6339]
599,0,332,1251,0.0010013568139517317,5.39999999996793e-07,1,[7],[6220]
600,0,332,1251,0.0010019268139517283,5.699999999966149e-07,1,[7],[6251]
601,0,332,1252,0.0010013971448778584,0.0010013971448778584,1,[7],[6327]
602,0,332,1252,0.0010019971448778549,5.999999999964367e-07,1,[7],[6226]
603,0,332,1252,0.00100280714487785,8.099999999951896e-07,1,[7],[6212]
604,0,332,1253,0.0010029270419941647,0.0010029270419941647,1,[7],[6255]
605,0,333,1252,0.0010020291351425714,0.0010020291351425714,1,[7],[6269]
606,0,333,1252,0.0010039991351425597,1.9699999999883006e-06,1,[7],[6232]
607,0,333,1253,0.001002017233413883,0.001002017233413883,1,[7],[6304]
608,0,333,1253,0.00100254723341388,5.299999999968524e-07,1,[7],[6279]
609,0,333,1253,0.0010030872334138767,5.39999999996793e-07,1,[7],[6267]
610,0,333,1254,0.0010026181143978168,0.0010026181143978168,1,[7],[6268]
611,0,333,1254,0.001003238114397813,6.199999999963179e-07,1,[7],[6318]
612,0,333,1254,0.0010042881143978069,1.0499999999937643e-06,1,[7],[6173]
613,0,333,1255,0.0010044747725052874,0.0010044747725052874,1,[7],[6259]
614,0,334,1254,0.0010030071189699222,0.0010030071189699222,1,[7],[6337]
615,0,334,1254,0.0010037971189699175,7.899999999953083e-07,1,[7],[6217]
616,0,334,1255,0.0010030094338893875,0.0010030094338893875,1,[7],[6323]
617,0,334,1255,0.001003449433889385,4.399999999973869e-07,1,[7],[6298]
618,0,334,1255,0.0010038494338893826,3.999999999976245e-07,1,[7],[6189]
619,0,334,1255,0.0010043494338893796,4.999999999970306e-07,1,[7],[6231]
620,0,334,1256,0.0010036280474037815,0.0010036280474037815,1,[7],[6305]
621,0,334,1256,0.0010042480474037779,6.199999999963179e-07,1,[7],[6228]
622,0,334,1256,0.0010053780474037711,1.1299999999932892e-06,1,[7],[6222]
623,0,335,1256,0.001003834884996057,0.001003834884996057,1,[7],[6250]
624,0,335,1256,0.0010044448849960534,6.099999999963773e-07,1,[7],[6311]
625,0,335,1256,0.001005524884996047,1.079999999993586e-06,1,[7],[6201]
626,0,335,1257,0.001004082647371503,0.001004082647371503,1,[7],[6256]
627,0,335,1257,0.0010045926473715,5.099999999969712e-07,1,[7],[6335]
628,0,335,1257,0.0010050626473714973,4.6999999999720876e-07,1,[7],[6167]
629,0,335,1257,0.0010060726473714913,1.0099999999940018e-06,1,[7],[6244]
630,0,335,1258,0.0010049064363931058,0.0010049064363931058,1,[7],[6318]
631,0,335,1258,0.0010058664363931,9.599999999942987e-07,1,[7],[6211]
632,0,336,1257,0.0010058108853595049,0.0010058108853595049,1,[7],[6252]
633,0,336,1258,0.0010048752954960986,0.0010048752954960986,1,[7],[6253]
634,0,336,1258,0.001005475295496095,5.999999999964367e-07,1,[7],[6311]
635,0,336,1258,0.00100634529549609,8.699999999948332e-07,1,[7],[6206]
636,0,336,1259,0.0010051466730277181,0.0010051466730277181,1,[7],[6318]
637,0,336,1259,0.0010056466730277152,4.999999999970306e-07,1,[7],[6323]
638,0,336,1259,0.0010061366730277123,4.8999999999709e-07,1,[7],[6133]
639,0,336,1259,0.0010072766730277055,1.1399999999932298e-06,1,[7],[6236]
640,0,336,1260,0.0010059662991826722,0.0010059662991826722,1,[7],[6314]
641,0,336,1260,0.0010070562991826657,1.0899999999935267e-06,1,[7],[6215]
642,0,337,1259,0.0010060553842208355,0.0010060553842208355,1,[7],[6263]
643,0,337,1260,0.0010056966073175274,0.0010056966073175274,1,[7],[6295]
644,0,337,1260,0.0010061666073175246,4.6999999999720876e-07,1,[7],[6233]
645,0,337,1260,0.001006616607317522,4.4999999999732754e-07,1,[7],[6277]
646,0,337,1260,0.001007266607317518,6.499999999961398e-07,1,[7],[6210]
647,0,337,1261,0.0010061189180856122,0.0010061189180856122,1,[7],[6319]
648,0,337,1261,0.0010066089180856093,4.8999999999709e-07,1,[7],[6312]
649,0,337,1261,0.0010070689180856065,4.5999999999726815e-07,1,[7],[6135]
650,0,337,1261,0.0010078989180856016,8.299999999950708e-07,1,[7],[6263]
651,0,337,1262,0.0010073051617600904,0.0010073051617600904,1,[7],[6291]
652,0,338,1261,0.001006809331949641,0.001006809331949641,1,[7],[6295]
653,0,338,1261,0.0010078993319496345,1.0899999999935267e-06,1,[7],[6217]
654,0,338,1262,0.0010067593152404404,0.0010067593152404404,1,[7],[6271]
655,0,338,1262,0.0010072293152404376,4.6999999999720876e-07,1,[7],[6368]
656,0,338,1262,0.001007659315240435,4.299999999974463e-07,1,[7],[6247]
657,0,338,1262,0.0010082093152404318,5.499999999967337e-07,1,[7],[6178]
658,0,338,1263,0.0010074455704238555,0.0010074455704238555,1,[7],[6283]
659,0,338,1263,0.0010080155704238522,5.699999999966149e-07,1,[7],[6282]
660,0,338,1263,0.0010086655704238483,6.499999999961398e-07,1,[7],[6194]
661,0,339,1263,0.0010078126196858164,0.0010078126196858164,1,[7],[6318]
662,0,339,1263,0.0010084226196858128,6.099999999963773e-07,1,[7],[6236]
663,0,339,1263,0.0010093626196858072,9.399999999944175e-07,1,[7],[6206]
664,0,339,1264,0.0010079983822898712,0.0010079983822898712,1,[7],[6366]
665,0,339,1264,0.0010084383822898686,4.399999999973869e-07,1,[7],[6147]
666,0,339,1264,0.0010088383822898662,3.999999999976245e-07,1,[7],[6275]
667,0,339,1264,0.0010093183822898633,4.799999999971494e-07,1,[7],[6238]
668,0,339,1265,0.0010088267671770799,0.0010088267671770799,1,[7],[6270]
669,0,339,1265,0.001009646767177075,8.199999999951302e-07,1,[7],[6237]
670,0,340,1264,0.0010092806875458841,0.0010092806875458841,1,[7],[6266]
671,0,340,1265,0.001008755210950789,0.001008755210950789,1,[7],[6358]
672,0,340,1265,0.0010092352109507862,4.799999999971494e-07,1,[7],[6173]
673,0,340,1265,0.0010096752109507836,4.399999999973869e-07,1,[7],[6282]
674,0,340,1265,0.00101028521095078,6.099999999963773e-07,1,[7],[6200]
675,0,340,1266,0.0010092507119925085,0.0010092507119925085,1,[7],[6349]
676,0,340,1266,0.0010097407119925056,4.8999999999709e-07,1,[7],[6182]
677,0,340,1266,0.0010102007119925029,4.5999999999726815e-07,1,[7],[6347]
678,0,340,1266,0.001010850711992499,6.499999999961398e-07,1,[7],[6171]
679,0,340,1267,0.0010111966115712709,0.0010111966115712709,1,[7],[6263]
680,0,341,1266,0.0010096979416813045,0.0010096979416813045,1,[7],[6340]
681,0,341,1266,0.0010102479416813012,5.499999999967337e-07,1,[7],[6172]
682,0,341,1266,0.0010109079416812973,6.599999999960804e-07,1,[7],[6242]
683,0,341,1267,0.0010097770067036245,0.0010097770067036245,1,[7],[6339]
684,0,341,1267,0.001010197006703622,4.199999999975057e-07,1,[7],[6216]
685,0,341,1267,0.00101053700670362,3.399999999979808e-07,1,[7],[6304]
686,0,341,1267,0.001010887006703618,3.499999999979214e-07,1,[7],[6297]
687,0,341,1267,0.001011367006703615,4.799999999971494e-07,1,[7],[6160]
688,0,341,1268,0.0010108029161929254,0.0010108029161929254,1,[7],[6309]
689,0,341,1268,0.0010119929161929184,1.1899999999929328e-06,1,[7],[6200]
690,0,342,1267,0.0010107034533530992,0.0010107034533530992,1,[7],[6303]
691,0,342,1267,0.001011753453353093,1.0499999999937643e-06,1,[7],[6203]
692,0,342,1268,0.0010104937798651994,0.0010104937798651994,1,[7],[6272]
693,0,342,1268,0.001010913779865197,4.199999999975057e-07,1,[7],[6292]
694,0,342,1268,0.001011243779865195,3.299999999980402e-07,1,[7],[6204]
695,0,342,1268,0.001011583779865193,3.399999999979808e-07,1,[7],[6267]
696,0,342,1268,0.0010120037798651905,4.199999999975057e-07,1,[7],[6260]
697,0,342,1269,0.0010112946480186774,0.0010112946480186774,1,[7],[6275]
698,0,342,1269,0.0010119046480186738,6.099999999963773e-07,1,[7],[6307]
699,0,342,1269,0.0010126446480186694,7.399999999956053e-07,1,[7],[6177]
700,0,343,1268,0.0010118610334368592,0.0010118610334368592,1,[7],[6300]
701,0,343,1269,0.0010113441987410383,0.0010113441987410383,1,[7],[6301]
702,0,343,1269,0.0010117841987410357,4.399999999973869e-07,1,[7],[6371]
703,0,343,1269,0.0010121241987410337,3.399999999979808e-07,1,[7],[6202]
704,0,343,1269,0.0010124741987410316,3.499999999979214e-07,1,[7],[6186]
705,0,343,1269,0.001012924198741029,4.4999999999732754e-07,1,[7],[6234]
706,0,343,1270,0.0010119537666911996,0.0010119537666911996,1,[7],[6271]
707,0,343,1270,0.001012393766691197,4.399999999973869e-07,1,[7],[6390]
708,0,343,1270,0.001012733766691195,3.399999999979808e-07,1,[7],[6195]
709,0,343,1270,0.001013073766691193,3.399999999979808e-07,1,[7],[6177]
710,0,343,1270,0.0010134937666911904,4.199999999975057e-07,1,[7],[6320]
711,0,343,1270,0.0010144437666911848,9.499999999943581e-07,1,[7],[6150]
712,0,343,1271,0.0010133234383004788,0.0010133234383004788,2,"[7, 26]","[6284, 1]"
713,0,343,1271,0.0010147234383004705,1.3999999999916857e-06,2,"[7, 26]","[6213, 17]"
714,0,344,1270,0.0010125190395115391,0.0010125190395115391,1,[7],[6365]
715,0,344,1270,0.0010130090395115362,4.8999999999709e-07,1,[7],[6187]
716,0,344,1270,0.0010134490395115336,4.399999999973869e-07,1,[7],[6295]
717,0,344,1270,0.0010140190395115302,5.699999999966149e-07,2,"[7, 26]","[6179, 2]"
718,0,344,1271,0.0010127779866864355,0.0010127779866864355,2,"[7, 26]","[6329, 3]"
719,0,344,1271,0.0010131579866864333,3.7999999999774325e-07,2,"[7, 26]","[6336, 26]"
720,0,344,1271,0.0010134279866864317,2.699999999983965e-07,2,"[7, 26]","[6257, 43]"
721,0,344,1271,0.0010136579866864303,2.2999999999863407e-07,2,"[7, 26]","[5967, 64]"
722,0,344,1271,0.0010138979866864289,2.399999999985747e-07,2,"[7, 26]","[6217, 110]"
723,0,344,1271,0.0010141479866864274,2.499999999985153e-07,2,"[7, 26]","[6126, 207]"
724,0,344,1271,0.0010144379866864257,2.8999999999827775e-07,2,"[7, 26]","[5875, 368]"
725,0,344,1271,0.0010148579866864232,4.199999999975057e-07,2,"[7, 26]","[5416, 727]"
726,0,344,1272,0.0010140216007381263,0.0010140216007381263,2,"[7, 26]","[5869, 390]"
727,0,344,1272,0.0010149516007381208,9.299999999944769e-07,2,"[7, 26]","[4717, 1552]"
728,0,345,1271,0.0010141632523076294,0.0010141632523076294,2,"[7, 26]","[5137, 1153]"
729,0,345,1271,0.0010151132523076238,9.499999999943581e-07,2,"[7, 26]","[2618, 3608]"
730,0,345,1272,0.001014523799936354,0.001014523799936354,2,"[7, 26]","[2193, 4089]"
731,0,345,1272,0.0010152637999363496,7.399999999956053e-07,2,"[7, 26]","[704, 5548]"
732,0,346,1272,0.001014571987528183,0.001014571987528183,2,"[7, 26]","[9, 6266]"
733,0,346,1272,0.0010152219875281792,6.499999999961398e-07,2,"[7, 26]","[2, 6286]"
734,0,347,1272,0.001014515592836634,0.001014515592836634,2,"[26, 412]","[6244, 11]"
735,0,347,1272,0.00101519559283663,6.799999999959616e-07,2,"[26, 412]","[6243, 7]"
736,0,347,1273,0.0010154510847831778,0.0010154510847831778,2,"[26, 412]","[6228, 27]"
737,0,348,1272,0.0010147288379248301,0.0010147288379248301,4,"[26, 31, 412, 415]","[6185, 20, 87, 1]"
738,0,348,1273,0.0010144685607645398,0.0010144685607645398,4,"[26, 31, 412, 415]","[6076, 153, 91, 2]"
739,0,348,1273,0.0010156885607645325,1.2199999999927547e-06,4,"[26, 31, 412, 415]","[5988, 86, 103, 2]"
740,0,349,1272,0.0010149171948172987,0.0010149171948172987,3,"[26, 31, 412]","[5189, 1046, 15]"
741,0,349,1273,0.0010136993463303614,0.0010136993463303614,3,"[26, 31, 412]","[4454, 1827, 7]"
742,0,349,1273,0.0010142293463303582,5.299999999968524e-07,3,"[26, 31, 412]","[4129, 2176, 4]"
743,0,349,1273,0.001014779346330355,5.499999999967337e-07,4,"[26, 31, 412, 415]","[3881, 2363, 11, 1]"
744,0,350,1273,0.0010135003368994511,0.0010135003368994511,2,"[26, 31]","[5482, 841]"
745,0,350,1273,0.001014040336899448,5.39999999996793e-07,2,"[26, 31]","[4946, 1254]"
746,0,350,1273,0.0010146803368994441,6.399999999961992e-07,2,"[26, 31]","[4458, 1773]"
747,0,351,1273,0.0010134127948031608,0.0010134127948031608,2,"[26, 31]","[6286, 8]"
748,0,351,1273,0.0010141027948031567,6.899999999959022e-07,2,"[26, 31]","[6231, 20]"
749,0,352,1273,0.0010132547587499408,0.0010132547587499408,1,[26],[6336]
750,0,352,1273,0.0010139247587499368,6.69999999996021e-07,1,[26],[6212]
751,0,353,1273,0.0010131356125945086,0.0010131356125945086,2,"[26, 32]","[6292, 1]"
752,0,353,1273,0.0010138156125945046,6.799999999959616e-07,1,[26],[6268]
753,0,354,1272,0.00101476885522345,0.00101476885522345,2,"[26, 32]","[4978, 1272]"
754,0,354,1273,0.0010128716611759053,0.0010128716611759053,2,"[26, 32]","[4404, 1912]"
755,0,354,1273,0.0010135216611759014,6.499999999961398e-07,2,"[26, 32]","[5895, 343]"
756,0,354,1273,0.0010145416611758954,1.0199999999939424e-06,2,"[26, 32]","[6092, 123]"
757,0,355,1272,0.0010125867408245354,0.0010125867408245354,2,"[26, 32]","[732, 5523]"
758,0,355,1272,0.0010135967408245294,1.0099999999940018e-06,2,"[26, 32]","[3245, 3063]"
759,0,355,1273,0.001011973009913371,0.001011973009913371,2,"[26, 32]","[302, 6010]"
760,0,355,1273,0.001012613009913367,6.399999999961992e-07,2,"[26, 32]","[1535, 4695]"
761,0,355,1273,0.001013143009913364,5.299999999968524e-07,2,"[26, 32]","[3268, 3007]"
762,0,355,1273,0.0010136630099133609,5.199999999969118e-07,2,"[26, 32]","[4436, 1758]"
763,0,355,1273,0.0010145730099133555,9.099999999945957e-07,2,"[26, 32]","[5191, 1048]"
764,0,356,1272,0.0010135009803846282,0.0010135009803846282,2,"[26, 32]","[5008, 1280]"
765,0,356,1272,0.0010145109803846222,1.0099999999940018e-06,2,"[26, 32]","[6054, 178]"
766,0,356,1273,0.0010134809460634695,0.0010134809460634695,2,"[26, 32]","[4124, 2168]"
767,0,357,1272,0.0010136573964331023,0.0010136573964331023,2,"[26, 32]","[6306, 1]"
768,0,357,1272,0.0010143573964330982,6.999999999958428e-07,2,"[26, 32]","[6258, 1]"
769,0,358,1271,0.0010152958658226463,0.0010152958658226463,1,[26],[6251]
770,0,358,1272,0.0010143063999283834,0.0010143063999283834,1,[26],[6267]
771,0,358,1272,0.001015206399928378,8.999999999946551e-07,1,[26],[6292]
772,0,359,1271,0.0010159824359135615,0.0010159824359135615,1,[26],[6302]
773,0,359,1271,0.0010166824359135573,6.999999999958428e-07,1,[26],[6260]
774,0,359,1271,0.001017402435913553,7.199999999957241e-07,1,[26],[6236]
775,0,359,1272,0.0010170852339934878,0.0010170852339934878,1,[26],[6257]
776,0,360,1270,0.0010180218642229515,0.0010180218642229515,1,[26],[6279]
777,0,360,1271,0.001016981153043498,0.001016981153043498,1,[26],[6324]
778,0,360,1271,0.0010175711530434944,5.899999999964961e-07,1,[26],[6207]
779,0,360,1271,0.0010182411530434904,6.69999999996021e-07,1,[26],[6259]
780,0,361,1268,0.0010229178076138323,0.0010229178076138323,2,"[26, 36]","[6264, 3]"
781,0,361,1269,0.001020335189438647,0.001020335189438647,1,[26],[6276]
782,0,361,1269,0.0010213351894386412,9.999999999940612e-07,1,[26],[6262]
783,0,361,1269,0.0010226151894386336,1.2799999999923983e-06,1,[26],[6222]
784,0,361,1270,0.001018383358407608,0.001018383358407608,1,[26],[6268]
785,0,361,1270,0.0010191233584076035,7.399999999956053e-07,1,[26],[6327]
786,0,361,1270,0.0010197933584075996,6.69999999996021e-07,1,[26],[6205]
787,0,361,1270,0.0010208733584075932,1.079999999993586e-06,1,[26],[6201]
788,0,361,1271,0.0010184799444040364,0.0010184799444040364,1,[26],[6272]
789,0,362,1268,0.0010226285721042063,0.0010226285721042063,2,"[26, 36]","[6109, 148]"
790,0,362,1268,0.0010236285721042003,9.999999999940612e-07,2,"[26, 36]","[5716, 548]"
791,0,362,1269,0.0010208076349806103,0.0010208076349806103,1,[26],[6281]
792,0,362,1269,0.0010217976349806044,9.899999999941206e-07,1,[26],[6262]
793,0,362,1269,0.0010231876349805962,1.389999999991745e-06,2,"[26, 36]","[6211, 10]"
794,0,362,1270,0.0010213424758515927,0.0010213424758515927,1,[26],[6250]
