,event,pixel_x,pixel_y,reset_time,TSLR,nMCParticles,MC_TrackIDs,MC_Weights
0,9,288,1173,0.0009117270182299989,0.0009117270182299989,1,[1],[6270]
1,9,288,1174,0.0009112175417529495,0.0009112175417529495,2,"[1, 4]","[6242, 30]"
2,9,288,1175,0.0009108337783187927,0.0009108337783187927,2,"[1, 4]","[5706, 635]"
3,9,288,1175,0.0009115737783187963,7.400000000036284e-07,2,"[1, 4]","[5546, 622]"
4,9,288,1176,0.0009105764578240223,0.0009105764578240223,2,"[1, 4]","[6093, 168]"
5,9,288,1176,0.0009111564578240251,5.800000000028439e-07,2,"[1, 4]","[6077, 196]"
6,9,288,1176,0.000912556457824032,1.4000000000068645e-06,2,"[1, 4]","[5974, 242]"
7,9,288,1177,0.0009103862587503745,0.0009103862587503745,1,[1],[6334]
8,9,288,1177,0.000910896258750377,5.100000000025006e-07,1,[1],[6275]
9,9,288,1177,0.0009115162587503801,6.2000000000304e-07,1,[1],[6152]
10,9,288,1178,0.0009102126942012268,0.0009102126942012268,1,[1],[6287]
11,9,288,1178,0.000910672694201229,4.600000000022555e-07,1,[1],[6327]
12,9,288,1178,0.0009111226942012312,4.5000000000220645e-07,1,[1],[6229]
13,9,288,1178,0.0009123926942012374,1.270000000006227e-06,1,[1],[6158]
14,9,288,1179,0.0009100964167115807,0.0009100964167115807,1,[1],[6365]
15,9,288,1179,0.0009105264167115828,4.300000000021084e-07,1,[1],[6166]
16,9,288,1179,0.0009109264167115848,4.000000000019613e-07,1,[1],[6284]
17,9,288,1179,0.0009115164167115877,5.900000000028929e-07,1,[1],[6191]
18,9,288,1180,0.0009099796733154439,0.0009099796733154439,1,[1],[6299]
19,9,288,1180,0.0009103996733154459,4.2000000000205935e-07,1,[1],[6241]
20,9,288,1180,0.0009107696733154477,3.700000000018142e-07,1,[1],[6220]
21,9,288,1180,0.0009112596733154501,4.900000000024026e-07,1,[1],[6300]
22,9,288,1181,0.000909881408715823,0.000909881408715823,1,[1],[6345]
23,9,288,1181,0.0009102714087158249,3.9000000000191225e-07,1,[1],[6158]
24,9,288,1181,0.0009106214087158266,3.500000000017161e-07,1,[1],[6330]
25,9,288,1181,0.0009110214087158286,4.000000000019613e-07,1,[1],[6254]
26,9,288,1182,0.0009098224142886272,0.0009098224142886272,1,[1],[6358]
27,9,288,1182,0.0009102224142886291,4.000000000019613e-07,1,[1],[6278]
28,9,288,1182,0.0009105624142886308,3.400000000016671e-07,1,[1],[6216]
29,9,288,1182,0.0009109724142886328,4.100000000020103e-07,1,[1],[6262]
30,9,288,1183,0.0009097716285799222,0.0009097716285799222,2,"[1, 3]","[6361, 1]"
31,9,288,1183,0.0009101616285799242,3.9000000000191225e-07,1,[1],[6211]
32,9,288,1183,0.0009105016285799258,3.400000000016671e-07,1,[1],[6269]
33,9,288,1183,0.0009108816285799277,3.800000000018632e-07,1,[1],[6232]
34,9,288,1183,0.000911771628579932,8.900000000043639e-07,1,[1],[6191]
35,9,288,1184,0.0009097207535019118,0.0009097207535019118,2,"[1, 3]","[6145, 213]"
36,9,288,1184,0.0009101007535019137,3.800000000018632e-07,2,"[1, 3]","[6057, 138]"
37,9,288,1184,0.0009104307535019153,3.3000000000161806e-07,2,"[1, 3]","[6211, 161]"
38,9,288,1184,0.000910770753501917,3.400000000016671e-07,2,"[1, 3]","[6059, 131]"
39,9,288,1184,0.0009113607535019199,5.900000000028929e-07,2,"[1, 3]","[6050, 119]"
40,9,288,1185,0.000909592974739104,0.000909592974739104,3,"[1, 2, 3]","[5151, 26, 1125]"
41,9,288,1185,0.0009099529747391057,3.6000000000176516e-07,3,"[1, 2, 3]","[5411, 14, 961]"
42,9,288,1185,0.0009102329747391071,2.800000000013729e-07,3,"[1, 2, 3]","[5383, 19, 871]"
43,9,288,1185,0.0009105029747391084,2.7000000000132387e-07,3,"[1, 2, 3]","[5285, 15, 798]"
44,9,288,1185,0.00091083297473911,3.3000000000161806e-07,3,"[1, 2, 3]","[5441, 18, 769]"
45,9,288,1185,0.0009114529747391131,6.2000000000304e-07,3,"[1, 2, 3]","[5573, 9, 673]"
46,9,288,1186,0.000909564400425024,0.000909564400425024,3,"[1, 2, 3]","[5430, 739, 97]"
47,9,288,1186,0.0009099344004250259,3.700000000018142e-07,3,"[1, 2, 3]","[5634, 691, 103]"
48,9,288,1186,0.0009102144004250272,2.800000000013729e-07,3,"[1, 2, 3]","[5368, 631, 105]"
49,9,288,1186,0.0009105044004250287,2.9000000000142193e-07,3,"[1, 2, 3]","[5599, 565, 83]"
50,9,288,1186,0.0009108644004250304,3.6000000000176516e-07,3,"[1, 2, 3]","[5686, 554, 75]"
51,9,288,1186,0.0009116544004250343,7.900000000038735e-07,3,"[1, 2, 3]","[5588, 484, 77]"
52,9,288,1187,0.0009096263365547303,0.0009096263365547303,2,"[1, 2]","[5909, 357]"
53,9,288,1187,0.0009100163365547323,3.9000000000191225e-07,2,"[1, 2]","[6040, 344]"
54,9,288,1187,0.0009103263365547338,3.1000000000152e-07,2,"[1, 2]","[5818, 306]"
55,9,288,1187,0.0009106863365547355,3.6000000000176516e-07,2,"[1, 2]","[6037, 317]"
56,9,288,1187,0.0009112563365547383,5.700000000027948e-07,2,"[1, 2]","[5868, 284]"
57,9,288,1188,0.0009100240301680461,0.0009100240301680461,2,"[1, 2]","[6272, 4]"
58,9,288,1188,0.0009107240301680495,7.000000000034323e-07,2,"[1, 2]","[6244, 1]"
59,9,289,1165,0.0009119142618285508,0.0009119142618285508,1,[1],[6292]
60,9,289,1166,0.0009115307275618968,0.0009115307275618968,1,[1],[6310]
61,9,289,1166,0.0009123107275619006,7.800000000038245e-07,1,[1],[6228]
62,9,289,1167,0.0009112839336791871,0.0009112839336791871,1,[1],[6360]
63,9,289,1167,0.0009117839336791895,5.000000000024516e-07,1,[1],[6212]
64,9,289,1167,0.0009123639336791924,5.800000000028439e-07,1,[1],[6199]
65,9,289,1168,0.000911101647023215,0.000911101647023215,1,[1],[6256]
66,9,289,1168,0.0009115316470232172,4.300000000021084e-07,1,[1],[6391]
67,9,289,1168,0.000911901647023219,3.700000000018142e-07,1,[1],[6170]
68,9,289,1168,0.0009124016470232214,5.000000000024516e-07,1,[1],[6260]
69,9,289,1169,0.0009109900485281558,0.0009109900485281558,1,[1],[6267]
70,9,289,1169,0.0009113700485281576,3.800000000018632e-07,1,[1],[6304]
71,9,289,1169,0.0009116800485281591,3.1000000000152e-07,1,[1],[6181]
72,9,289,1169,0.0009120200485281608,3.400000000016671e-07,1,[1],[6383]
73,9,289,1169,0.0009125100485281632,4.900000000024026e-07,1,[1],[6184]
74,9,289,1170,0.0009108914380607341,0.0009108914380607341,1,[1],[6256]
75,9,289,1170,0.000911271438060736,3.800000000018632e-07,1,[1],[6434]
76,9,289,1170,0.0009115614380607374,2.9000000000142193e-07,1,[1],[6138]
77,9,289,1170,0.0009118514380607388,2.9000000000142193e-07,1,[1],[6176]
78,9,289,1170,0.0009122514380607408,4.000000000019613e-07,1,[1],[6347]
79,9,289,1171,0.0009107635084462456,0.0009107635084462456,1,[1],[6310]
80,9,289,1171,0.0009111235084462474,3.6000000000176516e-07,1,[1],[6220]
81,9,289,1171,0.0009114135084462488,2.9000000000142193e-07,1,[1],[6282]
82,9,289,1171,0.0009116935084462502,2.800000000013729e-07,1,[1],[6188]
83,9,289,1171,0.0009120335084462518,3.400000000016671e-07,1,[1],[6257]
84,9,289,1171,0.0009127735084462554,7.400000000036284e-07,1,[1],[6272]
85,9,289,1172,0.0009106349828694601,0.0009106349828694601,1,[1],[6251]
86,9,289,1172,0.0009110049828694619,3.700000000018142e-07,1,[1],[6445]
87,9,289,1172,0.0009112849828694633,2.800000000013729e-07,1,[1],[6066]
88,9,289,1172,0.0009115649828694647,2.800000000013729e-07,1,[1],[6283]
89,9,289,1172,0.0009119149828694664,3.500000000017161e-07,1,[1],[6330]
90,9,289,1172,0.0009125849828694697,6.700000000032852e-07,1,[1],[6134]
91,9,289,1173,0.0009105450907352243,0.0009105450907352243,1,[1],[6329]
92,9,289,1173,0.0009109150907352261,3.700000000018142e-07,1,[1],[6287]
93,9,289,1173,0.0009112050907352275,2.9000000000142193e-07,1,[1],[6234]
94,9,289,1173,0.000911505090735229,3.0000000000147097e-07,1,[1],[6260]
95,9,289,1173,0.0009118750907352308,3.700000000018142e-07,1,[1],[6193]
96,9,289,1174,0.0009104673331871443,0.0009104673331871443,2,"[1, 4]","[6299, 25]"
97,9,289,1174,0.0009108473331871462,3.800000000018632e-07,2,"[1, 4]","[6175, 21]"
98,9,289,1174,0.0009111573331871477,3.1000000000152e-07,2,"[1, 4]","[6237, 17]"
99,9,289,1174,0.0009114873331871493,3.3000000000161806e-07,2,"[1, 4]","[6315, 16]"
100,9,289,1174,0.0009119673331871517,4.800000000023535e-07,2,"[1, 4]","[6188, 12]"
101,9,289,1175,0.0009103477433638699,0.0009103477433638699,2,"[1, 4]","[5685, 589]"
102,9,289,1175,0.0009107177433638717,3.700000000018142e-07,2,"[1, 4]","[5828, 543]"
103,9,289,1175,0.0009110177433638731,3.0000000000147097e-07,2,"[1, 4]","[5670, 585]"
104,9,289,1175,0.0009113277433638747,3.1000000000152e-07,2,"[1, 4]","[5652, 567]"
105,9,289,1175,0.0009117377433638767,4.100000000020103e-07,2,"[1, 4]","[5613, 544]"
106,9,289,1176,0.0009102991868219435,0.0009102991868219435,2,"[1, 4]","[6064, 228]"
107,9,289,1176,0.0009106991868219454,4.000000000019613e-07,2,"[1, 4]","[6070, 255]"
108,9,289,1176,0.0009110391868219471,3.400000000016671e-07,2,"[1, 4]","[5900, 256]"
109,9,289,1176,0.000911429186821949,3.9000000000191225e-07,2,"[1, 4]","[6010, 292]"
110,9,289,1176,0.0009124091868219538,9.800000000048052e-07,2,"[1, 4]","[5882, 302]"
111,9,289,1177,0.0009102997226186003,0.0009102997226186003,2,"[1, 4]","[6261, 2]"
112,9,289,1177,0.0009107597226186026,4.600000000022555e-07,2,"[1, 4]","[6384, 1]"
113,9,289,1177,0.0009111997226186047,4.400000000021574e-07,1,[1],[6203]
114,9,289,1177,0.0009121697226186095,9.700000000047561e-07,2,"[1, 4]","[6148, 2]"
115,9,289,1178,0.0009103116842022565,0.0009103116842022565,1,[1],[6348]
116,9,289,1178,0.000910811684202259,5.000000000024516e-07,1,[1],[6223]
117,9,289,1178,0.0009114216842022619,6.10000000002991e-07,1,[1],[6211]
118,9,289,1179,0.000910371859256247,0.000910371859256247,1,[1],[6327]
119,9,289,1179,0.0009110218592562502,6.500000000031871e-07,1,[1],[6213]
120,9,289,1180,0.0009104568560445089,0.0009104568560445089,1,[1],[6298]
121,9,289,1180,0.0009114768560445139,1.0200000000050013e-06,1,[1],[6226]
122,9,289,1181,0.0009106016397744938,0.0009106016397744938,1,[1],[6285]
123,9,289,1182,0.0009109220277373252,0.0009109220277373252,1,[1],[6262]
124,9,289,1183,0.0009113605784119908,0.0009113605784119908,1,[1],[6258]
125,9,290,1158,0.0009121084222662907,0.0009121084222662907,1,[1],[6270]
126,9,290,1159,0.0009114433576846468,0.0009114433576846468,1,[1],[6329]
127,9,290,1159,0.0009124433576846517,1.0000000000049032e-06,1,[1],[6192]
128,9,290,1160,0.0009111893075561488,0.0009111893075561488,1,[1],[6313]
129,9,290,1160,0.0009116693075561512,4.800000000023535e-07,1,[1],[6203]
130,9,290,1160,0.0009122093075561538,5.400000000026477e-07,1,[1],[6294]
131,9,290,1161,0.000911130034797123,0.000911130034797123,1,[1],[6368]
132,9,290,1161,0.000911530034797125,4.000000000019613e-07,1,[1],[6173]
133,9,290,1161,0.0009118800347971267,3.500000000017161e-07,1,[1],[6335]
134,9,290,1161,0.0009123000347971287,4.2000000000205935e-07,1,[1],[6182]
135,9,290,1162,0.0009110927599694285,0.0009110927599694285,1,[1],[6263]
136,9,290,1162,0.0009114627599694303,3.700000000018142e-07,1,[1],[6255]
137,9,290,1162,0.0009117627599694318,3.0000000000147097e-07,1,[1],[6399]
138,9,290,1162,0.0009120527599694332,2.9000000000142193e-07,1,[1],[6088]
139,9,290,1162,0.0009124427599694351,3.9000000000191225e-07,1,[1],[6327]
140,9,290,1163,0.0009110661353493584,0.0009110661353493584,1,[1],[6315]
141,9,290,1163,0.0009113961353493601,3.3000000000161806e-07,1,[1],[6259]
142,9,290,1163,0.0009116561353493613,2.6000000000127484e-07,1,[1],[6188]
143,9,290,1163,0.0009119061353493626,2.500000000012258e-07,1,[1],[6239]
144,9,290,1163,0.0009121761353493639,2.7000000000132387e-07,1,[1],[6266]
145,9,290,1163,0.0009125461353493657,3.700000000018142e-07,1,[1],[6313]
146,9,290,1164,0.0009110145170811699,0.0009110145170811699,1,[1],[6365]
147,9,290,1164,0.0009113445170811715,3.3000000000161806e-07,1,[1],[6155]
148,9,290,1164,0.0009115945170811727,2.500000000012258e-07,1,[1],[6277]
149,9,290,1164,0.0009118345170811739,2.4000000000117677e-07,1,[1],[6414]
150,9,290,1164,0.0009120745170811751,2.4000000000117677e-07,1,[1],[6179]
151,9,290,1164,0.0009123645170811765,2.9000000000142193e-07,1,[1],[6192]
152,9,290,1164,0.0009128545170811789,4.900000000024026e-07,1,[1],[6176]
153,9,290,1165,0.0009110070712335959,0.0009110070712335959,1,[1],[6340]
154,9,290,1165,0.0009113470712335975,3.400000000016671e-07,1,[1],[6239]
155,9,290,1165,0.0009116170712335989,2.7000000000132387e-07,1,[1],[6376]
156,9,290,1165,0.0009118570712336,2.4000000000117677e-07,1,[1],[6100]
157,9,290,1165,0.0009121270712336014,2.7000000000132387e-07,1,[1],[6306]
158,9,290,1165,0.0009124870712336031,3.6000000000176516e-07,1,[1],[6209]
159,9,290,1166,0.0009110778532295008,0.0009110778532295008,1,[1],[6387]
160,9,290,1166,0.0009114378532295025,3.6000000000176516e-07,1,[1],[6142]
161,9,290,1166,0.0009117478532295041,3.1000000000152e-07,1,[1],[6374]
162,9,290,1166,0.0009120678532295056,3.2000000000156903e-07,1,[1],[6279]
163,9,290,1166,0.0009125178532295078,4.5000000000220645e-07,1,[1],[6084]
164,9,290,1167,0.0009111201782780571,0.0009111201782780571,1,[1],[6331]
165,9,290,1167,0.0009115401782780592,4.2000000000205935e-07,1,[1],[6245]
166,9,290,1167,0.000911910178278061,3.700000000018142e-07,1,[1],[6204]
167,9,290,1167,0.0009124001782780634,4.900000000024026e-07,1,[1],[6236]
168,9,290,1168,0.0009112526742719079,0.0009112526742719079,1,[1],[6366]
169,9,290,1168,0.0009117426742719103,4.900000000024026e-07,1,[1],[6192]
170,9,290,1168,0.0009123226742719132,5.800000000028439e-07,1,[1],[6225]
171,9,290,1169,0.000911504911654989,0.000911504911654989,1,[1],[6274]
172,9,290,1169,0.0009123049116549929,8.000000000039226e-07,1,[1],[6244]
173,9,290,1170,0.0009118371095825484,0.0009118371095825484,1,[1],[6292]
174,9,290,1171,0.0009130135732774648,0.0009130135732774648,1,[1],[6250]
175,9,291,1154,0.0009110058587857905,0.0009110058587857905,2,"[1, 6]","[6023, 300]"
176,9,291,1154,0.0009117958587857944,7.900000000038735e-07,2,"[1, 6]","[5757, 439]"
177,9,291,1155,0.000910457161361016,0.000910457161361016,2,"[1, 6]","[6274, 18]"
178,9,291,1155,0.0009108071613610177,3.500000000017161e-07,2,"[1, 6]","[6295, 24]"
179,9,291,1155,0.000911087161361019,2.800000000013729e-07,2,"[1, 6]","[6277, 20]"
180,9,291,1155,0.0009113471613610203,2.6000000000127484e-07,2,"[1, 6]","[6228, 16]"
181,9,291,1155,0.0009116371613610217,2.9000000000142193e-07,2,"[1, 6]","[6149, 26]"
182,9,291,1155,0.000912097161361024,4.600000000022555e-07,2,"[1, 6]","[6160, 42]"
183,9,291,1156,0.0009103373168991314,0.0009103373168991314,1,[1],[6271]
184,9,291,1156,0.0009106473168991329,3.1000000000152e-07,1,[1],[6287]
185,9,291,1156,0.000910877316899134,2.3000000000112774e-07,1,[1],[6227]
186,9,291,1156,0.000911077316899135,2.0000000000098064e-07,1,[1],[6358]
187,9,291,1156,0.000911267316899136,1.900000000009316e-07,1,[1],[6289]
188,9,291,1156,0.0009114673168991369,2.0000000000098064e-07,1,[1],[6169]
189,9,291,1156,0.0009117073168991381,2.4000000000117677e-07,1,[1],[6337]
190,9,291,1156,0.0009120473168991398,3.400000000016671e-07,1,[1],[6188]
191,9,291,1157,0.0009104286280920453,0.0009104286280920453,1,[1],[6330]
192,9,291,1157,0.0009107286280920468,3.0000000000147097e-07,1,[1],[6250]
193,9,291,1157,0.0009109586280920479,2.3000000000112774e-07,1,[1],[6381]
194,9,291,1157,0.0009111486280920488,1.900000000009316e-07,1,[1],[6115]
195,9,291,1157,0.0009113386280920498,1.900000000009316e-07,1,[1],[6262]
196,9,291,1157,0.0009115386280920507,2.0000000000098064e-07,1,[1],[6480]
197,9,291,1157,0.0009117486280920518,2.1000000000102968e-07,1,[1],[6028]
198,9,291,1157,0.0009120386280920532,2.9000000000142193e-07,1,[1],[6240]
199,9,291,1157,0.0009127086280920565,6.700000000032852e-07,1,[1],[6177]
200,9,291,1158,0.000910585575435591,0.000910585575435591,1,[1],[6320]
201,9,291,1158,0.0009108955754355925,3.1000000000152e-07,1,[1],[6196]
202,9,291,1158,0.0009111355754355937,2.4000000000117677e-07,1,[1],[6474]
203,9,291,1158,0.0009113355754355947,2.0000000000098064e-07,1,[1],[6206]
204,9,291,1158,0.0009115355754355957,2.0000000000098064e-07,1,[1],[6297]
205,9,291,1158,0.0009117455754355967,2.1000000000102968e-07,1,[1],[6112]
206,9,291,1158,0.000912005575435598,2.6000000000127484e-07,1,[1],[6322]
207,9,291,1158,0.0009123855754355998,3.800000000018632e-07,1,[1],[6073]
208,9,291,1159,0.0009107465858526358,0.0009107465858526358,1,[1],[6317]
209,9,291,1159,0.0009110765858526374,3.3000000000161806e-07,1,[1],[6269]
210,9,291,1159,0.0009113265858526386,2.500000000012258e-07,1,[1],[6210]
211,9,291,1159,0.0009115565858526397,2.3000000000112774e-07,1,[1],[6250]
212,9,291,1159,0.0009117965858526409,2.4000000000117677e-07,1,[1],[6410]
213,9,291,1159,0.0009120665858526422,2.7000000000132387e-07,1,[1],[6128]
214,9,291,1159,0.0009125065858526444,4.400000000021574e-07,1,[1],[6230]
215,9,291,1160,0.0009109048892016117,0.0009109048892016117,1,[1],[6300]
216,9,291,1160,0.0009112648892016134,3.6000000000176516e-07,1,[1],[6252]
217,9,291,1160,0.0009115648892016149,3.0000000000147097e-07,1,[1],[6414]
218,9,291,1160,0.0009118348892016162,2.7000000000132387e-07,1,[1],[6043]
219,9,291,1160,0.0009121648892016179,3.3000000000161806e-07,1,[1],[6242]
220,9,291,1160,0.0009128448892016212,6.800000000033342e-07,1,[1],[6277]
221,9,291,1161,0.0009111711142726518,0.0009111711142726518,1,[1],[6327]
222,9,291,1161,0.0009116111142726539,4.400000000021574e-07,1,[1],[6267]
223,9,291,1161,0.000912021114272656,4.100000000020103e-07,1,[1],[6178]
224,9,291,1161,0.0009126711142726591,6.500000000031871e-07,1,[1],[6281]
225,9,291,1162,0.0009114920218770013,0.0009114920218770013,1,[1],[6257]
226,9,291,1162,0.0009121320218770044,6.400000000031381e-07,1,[1],[6292]
227,9,291,1163,0.000911895136479774,0.000911895136479774,1,[1],[6281]
228,9,292,1154,0.0009105012499044558,0.0009105012499044558,2,"[1, 6]","[5778, 582]"
229,9,292,1154,0.0009108612499044576,3.6000000000176516e-07,2,"[1, 6]","[5467, 824]"
230,9,292,1154,0.000911141249904459,2.800000000013729e-07,2,"[1, 6]","[5178, 1069]"
231,9,292,1154,0.0009114012499044602,2.6000000000127484e-07,2,"[1, 6]","[4910, 1361]"
232,9,292,1154,0.0009116812499044616,2.800000000013729e-07,2,"[1, 6]","[4386, 1742]"
233,9,292,1154,0.0009120612499044635,3.800000000018632e-07,2,"[1, 6]","[3898, 2422]"
234,9,292,1154,0.0009128912499044675,8.300000000040697e-07,2,"[1, 6]","[2453, 3688]"
235,9,292,1155,0.0009103597310996205,0.0009103597310996205,2,"[1, 6]","[6261, 73]"
236,9,292,1155,0.000910669731099622,3.1000000000152e-07,2,"[1, 6]","[6160, 84]"
237,9,292,1155,0.0009109097310996232,2.4000000000117677e-07,2,"[1, 6]","[6278, 93]"
238,9,292,1155,0.0009111197310996243,2.1000000000102968e-07,2,"[1, 6]","[6236, 133]"
239,9,292,1155,0.0009113197310996252,2.0000000000098064e-07,2,"[1, 6]","[5878, 156]"
240,9,292,1155,0.0009115497310996264,2.3000000000112774e-07,2,"[1, 6]","[6144, 201]"
241,9,292,1155,0.0009118297310996277,2.800000000013729e-07,2,"[1, 6]","[5968, 241]"
242,9,292,1155,0.0009123397310996302,5.100000000025006e-07,2,"[1, 6]","[5720, 420]"
243,9,292,1156,0.000910690806962178,0.000910690806962178,2,"[1, 6]","[6340, 1]"
244,9,292,1156,0.0009111408069621802,4.5000000000220645e-07,1,[1],[6246]
245,9,292,1156,0.0009116008069621824,4.600000000022555e-07,2,"[1, 6]","[6172, 1]"
246,9,292,1156,0.0009128008069621883,1.2000000000058839e-06,1,[1],[6244]
247,9,292,1157,0.0009112161562219788,0.0009112161562219788,1,[1],[6250]
248,9,292,1157,0.0009125861562219855,1.3700000000067174e-06,1,[1],[6256]
249,9,292,1158,0.0009123950268305049,0.0009123950268305049,1,[1],[6250]
250,9,293,1154,0.0009123269922921914,0.0009123269922921914,2,"[1, 6]","[947, 5360]"
251,9,293,1154,0.0009131469922921954,8.200000000040206e-07,2,"[1, 6]","[40, 6194]"
252,9,293,1154,0.0009145769922922025,1.4300000000070116e-06,2,"[1, 6]","[1, 6209]"
253,9,294,1153,0.0009152950570260074,0.0009152950570260074,1,[6],[6265]
254,9,294,1154,0.0009138724221095945,0.0009138724221095945,1,[6],[6308]
255,9,294,1154,0.0009148424221095992,9.700000000047561e-07,1,[6],[6194]
256,9,295,1153,0.0009157643851484141,0.0009157643851484141,1,[6],[6294]
257,9,295,1154,0.0009155125538979325,0.0009155125538979325,1,[6],[6302]
258,9,296,1153,0.000916725227147896,0.000916725227147896,2,"[6, 7]","[6275, 32]"
259,9,296,1153,0.0009176752271479007,9.500000000046581e-07,2,"[6, 7]","[5857, 337]"
260,9,296,1154,0.0009175446872692858,0.0009175446872692858,2,"[6, 7]","[6194, 64]"
261,9,297,1153,0.0009177083002915521,0.0009177083002915521,2,"[6, 7]","[5168, 1098]"
262,9,297,1153,0.0009183183002915551,6.10000000002991e-07,2,"[6, 7]","[4990, 1357]"
263,9,297,1153,0.000918908300291558,5.900000000028929e-07,3,"[6, 7, 8]","[5074, 1109, 4]"
264,9,297,1153,0.0009202383002915645,1.3300000000065213e-06,3,"[6, 7, 8]","[5623, 547, 36]"
265,9,298,1153,0.0009190199646733029,0.0009190199646733029,3,"[6, 7, 8]","[5857, 150, 302]"
266,9,298,1153,0.0009195999646733058,5.800000000028439e-07,3,"[6, 7, 8]","[5137, 11, 1057]"
267,9,298,1153,0.0009201199646733083,5.200000000025497e-07,3,"[6, 7, 8]","[4550, 2, 1738]"
268,9,298,1153,0.0009207899646733116,6.700000000032852e-07,3,"[6, 7, 8]","[4173, 1, 2066]"
269,9,299,1152,0.000922079269005025,0.000922079269005025,2,"[6, 8]","[4576, 1682]"
270,9,299,1153,0.0009202579064948622,0.0009202579064948622,2,"[6, 8]","[3472, 2830]"
271,9,299,1153,0.000921037906494866,7.800000000038245e-07,2,"[6, 8]","[4638, 1627]"
272,9,299,1153,0.0009219779064948706,9.40000000004609e-07,2,"[6, 8]","[5755, 431]"
273,9,300,1152,0.000923159098239055,0.000923159098239055,2,"[6, 8]","[6245, 18]"
274,9,300,1153,0.000922585331494065,0.000922585331494065,2,"[6, 8]","[6264, 28]"
275,9,300,1153,0.0009243053314940735,1.7200000000084335e-06,1,[6],[6222]
276,9,301,1152,0.0009242301714684208,0.0009242301714684208,1,[6],[6307]
277,9,301,1152,0.0009253801714684264,1.1500000000056387e-06,2,"[6, 9]","[6155, 80]"
278,9,301,1153,0.0009247266827663995,0.0009247266827663995,2,"[6, 9]","[6262, 5]"
279,9,302,1152,0.0009254142569461253,0.0009254142569461253,2,"[6, 9]","[5454, 815]"
280,9,302,1152,0.0009260142569461283,6.000000000029419e-07,2,"[6, 9]","[4104, 2159]"
281,9,302,1152,0.0009265142569461307,5.000000000024516e-07,2,"[6, 9]","[3488, 2792]"
282,9,302,1152,0.0009270742569461335,5.600000000027458e-07,2,"[6, 9]","[2968, 3245]"
283,9,302,1153,0.0009266751141549789,0.0009266751141549789,2,"[6, 9]","[4082, 2175]"
284,9,303,1152,0.0009267366569226073,0.0009267366569226073,2,"[6, 9]","[5227, 1109]"
285,9,303,1152,0.0009274666569226109,7.300000000035793e-07,2,"[6, 9]","[5665, 504]"
286,9,303,1152,0.0009283466569226152,8.800000000043148e-07,2,"[6, 9]","[6170, 136]"
287,9,304,1151,0.0009296440773776479,0.0009296440773776479,2,"[6, 10]","[5569, 699]"
288,9,304,1152,0.0009284546986796618,0.0009284546986796618,3,"[6, 9, 10]","[6243, 2, 64]"
289,9,304,1152,0.0009292646986796657,8.100000000039716e-07,2,"[6, 10]","[5586, 624]"
290,9,304,1152,0.0009301646986796701,9.000000000044129e-07,2,"[6, 10]","[4360, 1878]"
291,9,305,1151,0.0009300598013621532,0.0009300598013621532,3,"[6, 10, 11]","[3881, 2376, 11]"
292,9,305,1151,0.0009309598013621576,9.000000000044129e-07,3,"[6, 10, 11]","[4588, 1483, 183]"
293,9,305,1152,0.0009296619336246712,0.0009296619336246712,2,"[6, 10]","[3330, 2932]"
294,9,305,1152,0.0009303319336246745,6.700000000032852e-07,3,"[6, 10, 11]","[3111, 3194, 18]"
295,9,305,1152,0.0009313119336246793,9.800000000048052e-07,3,"[6, 10, 11]","[3834, 2220, 135]"
296,9,306,1151,0.0009313477907029425,0.0009313477907029425,3,"[6, 10, 11]","[4720, 132, 1412]"
297,9,306,1151,0.0009320977907029462,7.500000000036774e-07,3,"[6, 10, 11]","[5059, 1, 1240]"
298,9,306,1151,0.0009330977907029511,1.0000000000049032e-06,2,"[6, 11]","[5669, 523]"
299,9,306,1152,0.0009321215601951817,0.0009321215601951817,3,"[6, 10, 11]","[4873, 247, 1142]"
300,9,307,1151,0.000932863022147541,0.000932863022147541,2,"[6, 11]","[6096, 162]"
301,9,307,1151,0.0009336530221475449,7.900000000038735e-07,2,"[6, 11]","[6304, 2]"
302,9,307,1151,0.00093469302214755,1.0400000000050993e-06,1,[6],[6211]
303,9,308,1151,0.0009343917556593865,0.0009343917556593865,1,[6],[6262]
304,9,308,1151,0.0009352317556593907,8.400000000041187e-07,1,[6],[6243]
305,9,308,1151,0.0009365617556593972,1.3300000000065213e-06,1,[6],[6250]
306,9,309,1150,0.0009369155405365308,0.0009369155405365308,1,[6],[6256]
307,9,309,1151,0.0009360944179143808,0.0009360944179143808,1,[6],[6291]
308,9,309,1151,0.0009371944179143862,1.1000000000053935e-06,1,[6],[6220]
309,9,310,1150,0.0009378355114076387,0.0009378355114076387,1,[6],[6260]
310,9,310,1150,0.0009389555114076442,1.1200000000054916e-06,1,[6],[6277]
311,9,310,1151,0.000938016522102303,0.000938016522102303,1,[6],[6274]
312,9,311,1150,0.000939095071876835,0.000939095071876835,1,[6],[6289]
313,9,311,1150,0.0009399250718768391,8.300000000040697e-07,1,[6],[6254]
314,9,311,1150,0.0009413950718768463,1.4700000000072077e-06,1,[6],[6208]
315,9,312,1150,0.0009404700666241793,0.0009404700666241793,2,"[6, 12]","[6246, 7]"
316,9,312,1150,0.0009412500666241831,7.800000000038245e-07,2,"[6, 12]","[6145, 117]"
317,9,312,1150,0.0009421600666241875,9.100000000044619e-07,2,"[6, 12]","[5702, 580]"
318,9,313,1149,0.0009432205419373984,0.0009432205419373984,2,"[6, 12]","[5146, 1119]"
319,9,313,1150,0.0009418113371536153,0.0009418113371536153,2,"[6, 12]","[4613, 1711]"
320,9,313,1150,0.0009424213371536183,6.10000000002991e-07,2,"[6, 12]","[4177, 2074]"
321,9,313,1150,0.0009430313371536213,6.10000000002991e-07,2,"[6, 12]","[4586, 1657]"
322,9,313,1150,0.0009442713371536274,1.24000000000608e-06,3,"[6, 12, 13]","[5470, 711, 3]"
323,9,314,1149,0.0009440046973090658,0.0009440046973090658,3,"[6, 12, 13]","[5953, 67, 245]"
324,9,314,1149,0.0009450246973090708,1.0200000000050013e-06,2,"[6, 13]","[5241, 1023]"
325,9,314,1150,0.0009435877132037788,0.0009435877132037788,3,"[6, 12, 13]","[5869, 352, 45]"
326,9,314,1150,0.0009445677132037836,9.800000000048052e-07,3,"[6, 12, 13]","[5772, 5, 516]"
327,9,315,1149,0.0009450808078234977,0.0009450808078234977,2,"[6, 13]","[5188, 1091]"
328,9,315,1149,0.0009458708078235016,7.900000000038735e-07,2,"[6, 13]","[5707, 575]"
329,9,315,1149,0.0009469908078235071,1.1200000000054916e-06,2,"[6, 13]","[6092, 122]"
330,9,315,1150,0.0009455423081769497,0.0009455423081769497,2,"[6, 13]","[5143, 1110]"
331,9,316,1149,0.00094653106242781,0.00094653106242781,2,"[6, 13]","[6252, 21]"
332,9,316,1149,0.0009472910624278137,7.600000000037264e-07,1,[6],[6278]
333,9,316,1149,0.0009482210624278183,9.3000000000456e-07,1,[6],[6202]
334,9,317,1149,0.0009479655593670484,0.0009479655593670484,1,[6],[6279]
335,9,317,1149,0.0009487455593670522,7.800000000038245e-07,1,[6],[6227]
336,9,317,1149,0.0009497555593670572,1.0100000000049522e-06,1,[6],[6259]
337,9,318,1148,0.0009503569328125194,0.0009503569328125194,1,[6],[6255]
338,9,318,1149,0.0009495938761154936,0.0009495938761154936,1,[6],[6268]
339,9,318,1149,0.0009505838761154985,9.900000000048542e-07,1,[6],[6238]
340,9,319,1148,0.0009512828207244111,0.0009512828207244111,1,[6],[6276]
341,9,319,1148,0.0009522328207244157,9.500000000046581e-07,1,[6],[6233]
342,9,319,1149,0.0009515204801188541,0.0009515204801188541,1,[6],[6252]
343,9,320,1148,0.0009524916188249242,0.0009524916188249242,1,[6],[6304]
344,9,320,1148,0.000953261618824928,7.700000000037755e-07,1,[6],[6252]
345,9,320,1148,0.000954281618824933,1.0200000000050013e-06,1,[6],[6229]
346,9,321,1148,0.0009538722513434356,0.0009538722513434356,1,[6],[6290]
347,9,321,1148,0.0009546122513434392,7.400000000036284e-07,1,[6],[6228]
348,9,321,1148,0.0009555422513434438,9.3000000000456e-07,1,[6],[6235]
349,9,322,1147,0.0009566174021072648,0.0009566174021072648,1,[6],[6280]
350,9,322,1148,0.0009554333810827154,0.0009554333810827154,1,[6],[6308]
351,9,322,1148,0.0009563133810827197,8.800000000043148e-07,1,[6],[6245]
352,9,323,1147,0.0009573279247698915,0.0009573279247698915,1,[6],[6270]
353,9,323,1147,0.0009584779247698972,1.1500000000056387e-06,1,[6],[6253]
354,9,323,1148,0.0009572235523985882,0.0009572235523985882,1,[6],[6288]
355,9,323,1148,0.0009603635523986036,3.140000000015396e-06,1,[6],[6212]
356,9,324,1147,0.0009585239115846675,0.0009585239115846675,1,[6],[6292]
357,9,324,1147,0.000959433911584672,9.100000000044619e-07,1,[6],[6252]
358,9,325,1147,0.0009598405051310192,0.0009598405051310192,2,"[6, 14]","[6085, 217]"
359,9,325,1147,0.0009605505051310226,7.100000000034813e-07,2,"[6, 14]","[5569, 682]"
360,9,325,1147,0.0009613605051310266,8.100000000039716e-07,2,"[6, 14]","[5003, 1237]"
361,9,326,1146,0.0009621411943325809,0.0009621411943325809,2,"[6, 14]","[4995, 1255]"
362,9,326,1147,0.0009608797865289771,0.0009608797865289771,2,"[6, 14]","[4292, 2027]"
363,9,326,1147,0.0009615897865289806,7.100000000034813e-07,2,"[6, 14]","[4889, 1329]"
364,9,326,1147,0.0009625497865289853,9.60000000004707e-07,2,"[6, 14]","[5693, 525]"
365,9,327,1146,0.0009628694777875201,0.0009628694777875201,2,"[6, 14]","[6244, 25]"
366,9,327,1146,0.0009644094777875277,1.540000000007551e-06,1,[6],[6241]
367,9,327,1147,0.0009627168149964948,0.0009627168149964948,2,"[6, 14]","[6206, 72]"
368,9,328,1146,0.0009637681974372248,0.0009637681974372248,1,[6],[6282]
369,9,328,1146,0.0009645781974372288,8.100000000039716e-07,1,[6],[6265]
370,9,328,1147,0.0009654068083691801,0.0009654068083691801,1,[6],[6255]
371,9,329,1146,0.0009648595244009321,0.0009648595244009321,1,[6],[6302]
372,9,329,1146,0.0009655995244009357,7.400000000036284e-07,1,[6],[6209]
373,9,329,1146,0.0009667095244009411,1.1100000000054426e-06,1,[6],[6259]
374,9,330,1145,0.0009677612248114235,0.0009677612248114235,1,[6],[6255]
375,9,330,1146,0.0009661210650182769,0.0009661210650182769,1,[6],[6280]
376,9,330,1146,0.0009669810650182811,8.600000000042168e-07,1,[6],[6232]
377,9,331,1145,0.0009679189979998409,0.0009679189979998409,1,[6],[6289]
378,9,331,1145,0.0009696389979998493,1.7200000000084335e-06,1,[6],[6211]
379,9,331,1146,0.000967658642478103,0.000967658642478103,1,[6],[6297]
380,9,331,1146,0.0009697986424781135,2.140000000010493e-06,1,[6],[6207]
381,9,332,1145,0.0009687580544817105,0.0009687580544817105,1,[6],[6309]
382,9,332,1145,0.0009695880544817146,8.300000000040697e-07,1,[6],[6212]
383,9,332,1146,0.0009699838068940452,0.0009699838068940452,1,[6],[6253]
384,9,333,1145,0.0009698680194785052,0.0009698680194785052,1,[6],[6311]
385,9,333,1145,0.0009706180194785089,7.500000000036774e-07,1,[6],[6263]
386,9,333,1145,0.0009717780194785146,1.1600000000056877e-06,1,[6],[6196]
387,9,334,1144,0.0009732584468980884,0.0009732584468980884,1,[6],[6259]
388,9,334,1145,0.0009711373238043187,0.0009711373238043187,1,[6],[6319]
389,9,334,1145,0.0009719873238043229,8.500000000041677e-07,1,[6],[6195]
390,9,335,1144,0.0009728639045456224,0.0009728639045456224,1,[6],[6306]
391,9,335,1144,0.000974013904545628,1.1500000000056387e-06,1,[6],[6194]
392,9,335,1145,0.0009726638998116846,0.0009726638998116846,1,[6],[6296]
393,9,335,1145,0.0009745338998116938,1.870000000009169e-06,1,[6],[6204]
394,9,336,1144,0.0009736268085116304,0.0009736268085116304,1,[6],[6277]
395,9,336,1144,0.0009743468085116339,7.200000000035303e-07,1,[6],[6278]
396,9,336,1144,0.0009752368085116383,8.900000000043639e-07,1,[6],[6243]
397,9,337,1143,0.0009773359765505388,0.0009773359765505388,1,[6],[6252]
398,9,337,1144,0.0009748204440753874,0.0009748204440753874,1,[6],[6250]
399,9,337,1144,0.000975550444075391,7.300000000035793e-07,1,[6],[6259]
400,9,337,1144,0.0009765104440753957,9.60000000004707e-07,1,[6],[6250]
401,9,338,1143,0.000976692472292386,0.000976692472292386,1,[6],[6252]
402,9,338,1143,0.0009779324722923785,1.2399999999926359e-06,1,[6],[6249]
403,9,338,1144,0.0009762802759639166,0.0009762802759639166,1,[6],[6299]
404,9,338,1144,0.0009774402759639127,1.1599999999961468e-06,1,[6],[6215]
405,9,339,1143,0.0009775099401642757,0.0009775099401642757,1,[6],[6312]
406,9,339,1143,0.0009782199401642715,7.099999999957834e-07,1,[6],[6201]
407,9,339,1143,0.0009791799401642658,9.599999999942987e-07,1,[6],[6261]
408,9,339,1144,0.0009789339638768754,0.0009789339638768754,1,[6],[6255]
409,9,340,1143,0.0009786510327754205,0.0009786510327754205,1,[6],[6282]
410,9,340,1143,0.0009793510327754163,6.999999999958428e-07,1,[6],[6228]
411,9,340,1143,0.000980251032775411,8.999999999946551e-07,1,[6],[6245]
412,9,341,1142,0.0009805991429166214,0.0009805991429166214,1,[6],[6294]
413,9,341,1142,0.0009821391429166123,1.5399999999908542e-06,1,[6],[6213]
414,9,341,1143,0.000980097135533263,0.000980097135533263,1,[6],[6301]
415,9,341,1143,0.000981127135533257,1.029999999993883e-06,1,[6],[6226]
416,9,342,1142,0.0009813679541075067,0.0009813679541075067,1,[6],[6267]
417,9,342,1142,0.000982157954107502,7.899999999953083e-07,1,[6],[6253]
418,9,342,1142,0.0009837079541074928,1.5499999999907949e-06,1,[6],[6235]
419,9,342,1143,0.0009824979738022601,0.0009824979738022601,1,[6],[6259]
420,9,343,1142,0.0009825770774538043,0.0009825770774538043,1,[6],[6252]
421,9,343,1142,0.0009833270774537999,7.499999999955459e-07,1,[6],[6271]
422,9,343,1142,0.000984317077453794,9.899999999941206e-07,1,[6],[6257]
423,9,344,1141,0.0009846424040791584,0.0009846424040791584,2,"[6, 15]","[6214, 36]"
424,9,344,1141,0.0009860724040791499,1.4299999999915075e-06,2,"[6, 15]","[5679, 588]"
425,9,344,1142,0.000984075603581667,0.000984075603581667,2,"[6, 15]","[6272, 1]"
426,9,344,1142,0.0009851556035816605,1.079999999993586e-06,2,"[6, 15]","[6203, 47]"
427,9,345,1141,0.0009853255736672556,0.0009853255736672556,2,"[6, 15]","[5083, 1220]"
428,9,345,1141,0.000985925573667252,5.999999999964367e-07,2,"[6, 15]","[4538, 1752]"
429,9,345,1141,0.0009865155736672486,5.899999999964961e-07,2,"[6, 15]","[4588, 1618]"
430,9,345,1141,0.0009878755736672405,1.3599999999919232e-06,2,"[6, 15]","[5145, 1057]"
431,9,345,1142,0.000986008173480569,0.000986008173480569,2,"[6, 15]","[5041, 1238]"
432,9,346,1140,0.00098911641503337,0.00098911641503337,3,"[6, 15, 16]","[6222, 27, 1]"
433,9,346,1141,0.0009866446122361052,0.0009866446122361052,2,"[6, 15]","[5727, 580]"
434,9,346,1141,0.0009873946122361007,7.499999999955459e-07,2,"[6, 15]","[6199, 56]"
435,9,346,1141,0.000988354612236095,9.599999999942987e-07,2,"[6, 15]","[6209, 10]"
436,9,347,1140,0.0009886077761683992,0.0009886077761683992,2,"[6, 16]","[6142, 171]"
437,9,347,1140,0.0009895277761683937,9.199999999945363e-07,2,"[6, 16]","[5416, 789]"
438,9,347,1141,0.0009883598419162321,0.0009883598419162321,2,"[6, 16]","[6254, 27]"
439,9,347,1141,0.0009897598419162238,1.3999999999916857e-06,2,"[6, 16]","[5744, 482]"
440,9,348,1140,0.0009893160799208027,0.0009893160799208027,2,"[6, 16]","[4469, 1822]"
441,9,348,1140,0.0009898860799207993,5.699999999966149e-07,2,"[6, 16]","[4392, 1903]"
442,9,348,1140,0.000990426079920796,5.39999999996793e-07,2,"[6, 16]","[4700, 1560]"
443,9,348,1140,0.000991276079920791,8.49999999994952e-07,2,"[6, 16]","[5318, 844]"
444,9,348,1141,0.0009905967535281815,0.0009905967535281815,2,"[6, 16]","[3831, 2422]"
445,9,349,1139,0.0009918088448823354,0.0009918088448823354,2,"[6, 16]","[6269, 8]"
446,9,349,1140,0.0009908647652347965,0.0009908647652347965,2,"[6, 16]","[5982, 297]"
447,9,349,1140,0.000991774765234791,9.099999999945957e-07,2,"[6, 16]","[6241, 19]"
448,9,350,1139,0.0009923459060624106,0.0009923459060624106,1,[6],[6306]
449,9,350,1139,0.0009930959060624061,7.499999999955459e-07,1,[6],[6231]
450,9,350,1139,0.0009943659060623986,1.2699999999924577e-06,1,[6],[6228]
451,9,350,1140,0.0009932806133980253,0.0009932806133980253,1,[6],[6256]
452,9,351,1138,0.0009951756480891137,0.0009951756480891137,1,[6],[6269]
453,9,351,1139,0.000993475017575828,0.000993475017575828,1,[6],[6286]
454,9,351,1139,0.0009942650175758232,7.899999999953083e-07,1,[6],[6259]
455,9,351,1139,0.0009957150175758146,1.4499999999913887e-06,1,[6],[6210]
456,9,352,1138,0.0009951501889987066,0.0009951501889987066,1,[6],[6250]
457,9,352,1138,0.0009960401889987014,8.899999999947145e-07,1,[6],[6286]
458,9,352,1139,0.000995224681043464,0.000995224681043464,1,[6],[6263]
459,9,353,1138,0.0009961144862589547,0.0009961144862589547,1,[6],[6304]
460,9,353,1138,0.0009968544862589503,7.399999999956053e-07,1,[6],[6199]
461,9,353,1138,0.0009978844862589442,1.029999999993883e-06,1,[6],[6249]
462,9,354,1137,0.0009980257278964088,0.0009980257278964088,1,[6],[6261]
463,9,354,1137,0.0009992957278964012,1.2699999999924577e-06,1,[6],[6242]
464,9,354,1138,0.0009976007584642245,0.0009976007584642245,1,[6],[6310]
465,9,354,1138,0.0009990607584642159,1.4599999999913293e-06,1,[6],[6206]
466,9,355,1137,0.0009986328265572141,0.0009986328265572141,1,[6],[6267]
467,9,355,1137,0.0009993028265572101,6.69999999996021e-07,2,"[6, 17]","[6230, 11]"
468,9,355,1137,0.0010001228265572053,8.199999999951302e-07,2,"[6, 17]","[6202, 44]"
469,9,356,1136,0.0010003761751652487,0.0010003761751652487,2,"[6, 17]","[5100, 1195]"
470,9,356,1136,0.0010014261751652425,1.0499999999937643e-06,2,"[6, 17]","[4984, 1222]"
471,9,356,1137,0.0009997521749448477,0.0009997521749448477,2,"[6, 17]","[5775, 485]"
472,9,356,1137,0.0010004821749448434,7.299999999956647e-07,2,"[6, 17]","[5174, 1127]"
473,9,356,1137,0.0010016021749448367,1.1199999999933485e-06,2,"[6, 17]","[4785, 1418]"
474,9,357,1136,0.0010009414703191623,0.0010009414703191623,2,"[6, 17]","[5796, 517]"
475,9,357,1136,0.0010016114703191583,6.69999999996021e-07,2,"[6, 17]","[6104, 167]"
476,9,357,1136,0.0010024314703191534,8.199999999951302e-07,2,"[6, 17]","[6178, 30]"
477,9,357,1137,0.0010018520920862248,0.0010018520920862248,2,"[6, 17]","[5466, 792]"
478,9,358,1135,0.0010030599143670694,0.0010030599143670694,2,"[6, 18]","[6246, 15]"
479,9,358,1136,0.0010020266298074426,0.0010020266298074426,2,"[6, 17]","[6266, 1]"
480,9,358,1136,0.001002796629807438,7.699999999954271e-07,1,[6],[6268]
481,9,359,1135,0.001003167848977602,0.001003167848977602,2,"[6, 18]","[5228, 1098]"
482,9,359,1135,0.001003697848977599,5.299999999968524e-07,2,"[6, 18]","[4337, 1887]"
483,9,359,1135,0.0010041678489775962,4.6999999999720876e-07,2,"[6, 18]","[4051, 2207]"
484,9,359,1135,0.0010048278489775922,6.599999999960804e-07,2,"[6, 18]","[3940, 2261]"
485,9,359,1136,0.001003744900777736,0.001003744900777736,2,"[6, 18]","[5736, 560]"
486,9,360,1134,0.0010053280971817605,0.0010053280971817605,2,"[6, 18]","[5251, 1040]"
487,9,360,1135,0.0010037470044867419,0.0010037470044867419,2,"[6, 18]","[2833, 3439]"
488,9,360,1135,0.0010042970044867386,5.499999999967337e-07,2,"[6, 18]","[3655, 2679]"
489,9,360,1135,0.0010048170044867355,5.199999999969118e-07,2,"[6, 18]","[4495, 1752]"
490,9,360,1135,0.0010055070044867314,6.899999999959022e-07,2,"[6, 18]","[5371, 804]"
491,9,361,1134,0.0010057329337721864,0.0010057329337721864,2,"[6, 18]","[6296, 22]"
492,9,361,1134,0.001006462933772182,7.299999999956647e-07,1,[6],[6272]
493,9,361,1134,0.0010075129337721758,1.0499999999937643e-06,1,[6],[6180]
494,9,361,1135,0.0010060254428305685,0.0010060254428305685,2,"[6, 18]","[6120, 158]"
495,9,362,1133,0.0010081896088628836,0.0010081896088628836,1,[6],[6250]
496,9,362,1134,0.0010067104294790167,0.0010067104294790167,1,[6],[6310]
497,9,362,1134,0.0010074204294790124,7.099999999957834e-07,1,[6],[6280]
498,9,362,1134,0.001008320429479007,8.999999999946551e-07,1,[6],[6182]
499,9,363,1133,0.0010082444399390597,0.0010082444399390597,1,[6],[6288]
500,9,363,1133,0.0010090144399390552,7.699999999954271e-07,1,[6],[6284]
501,9,363,1133,0.001010394439939047,1.3799999999918044e-06,1,[6],[6180]
502,9,363,1134,0.0010083647308485192,0.0010083647308485192,1,[6],[6257]
503,9,364,1132,0.0010111339079590025,0.0010111339079590025,1,[6],[6256]
504,9,364,1133,0.0010091853210137509,0.0010091853210137509,1,[6],[6309]
505,9,364,1133,0.0010098953210137466,7.099999999957834e-07,1,[6],[6254]
506,9,364,1133,0.0010108653210137409,9.699999999942394e-07,1,[6],[6200]
507,9,365,1132,0.0010107479800336374,0.0010107479800336374,1,[6],[6278]
508,9,365,1132,0.0010115479800336326,7.99999999995249e-07,1,[6],[6225]
509,9,365,1133,0.0010107653340934504,0.0010107653340934504,1,[6],[6287]
510,9,366,1132,0.0010115944444291172,0.0010115944444291172,1,[6],[6318]
511,9,366,1132,0.0010122644444291132,6.69999999996021e-07,1,[6],[6258]
512,9,366,1132,0.0010130644444291085,7.99999999995249e-07,1,[6],[6204]
513,9,367,1131,0.0010132634781375887,0.0010132634781375887,1,[6],[6266]
514,9,367,1131,0.001014203478137583,9.399999999944175e-07,1,[6],[6266]
515,9,367,1132,0.0010129798224074603,0.0010129798224074603,1,[6],[6266]
516,9,367,1132,0.0010142898224074525,1.3099999999922202e-06,1,[6],[6251]
517,9,368,1131,0.0010139871031449282,0.0010139871031449282,1,[6],[6262]
518,9,368,1131,0.0010146471031449243,6.599999999960804e-07,1,[6],[6285]
519,9,368,1131,0.0010154171031449197,7.699999999954271e-07,1,[6],[6212]
520,9,369,1130,0.0010157829069156723,0.0010157829069156723,1,[6],[6255]
521,9,369,1130,0.001017002906915665,1.2199999999927547e-06,1,[6],[6277]
522,9,369,1131,0.0010152673357078513,0.0010152673357078513,1,[6],[6257]
523,9,369,1131,0.0010162373357078455,9.699999999942394e-07,1,[6],[6246]
524,9,370,1130,0.001016252400338833,0.001016252400338833,1,[6],[6265]
525,9,370,1130,0.0010168924003388293,6.399999999961992e-07,1,[6],[6242]
526,9,370,1130,0.0010176424003388248,7.499999999955459e-07,1,[6],[6288]
527,9,371,1129,0.0010179852744391146,0.0010179852744391146,1,[6],[6259]
528,9,371,1129,0.0010194952744391056,1.5099999999910324e-06,1,[6],[6252]
529,9,371,1130,0.0010173421047045945,0.0010173421047045945,1,[6],[6305]
530,9,371,1130,0.0010181621047045896,8.199999999951302e-07,1,[6],[6247]
531,9,372,1129,0.0010184385630719534,0.0010184385630719534,1,[6],[6285]
532,9,372,1129,0.0010190885630719496,6.499999999961398e-07,1,[6],[6288]
533,9,372,1129,0.0010198785630719449,7.899999999953083e-07,1,[6],[6209]
534,9,372,1130,0.0010197933550774043,0.0010197933550774043,1,[6],[6254]
535,9,373,1128,0.0010203787987140506,0.0010203787987140506,2,"[6, 19]","[6086, 204]"
536,9,373,1129,0.0010194586876818698,0.0010194586876818698,2,"[6, 19]","[6289, 13]"
537,9,373,1129,0.001020268687681865,8.099999999951896e-07,2,"[6, 19]","[6147, 60]"
538,9,374,1128,0.0010204521646755573,0.0010204521646755573,2,"[6, 19]","[5096, 1166]"
539,9,374,1128,0.0010210321646755539,5.799999999965555e-07,2,"[6, 19]","[5210, 1048]"
540,9,374,1128,0.0010216521646755502,6.199999999963179e-07,2,"[6, 19]","[5466, 793]"
541,9,374,1129,0.001021081525756308,0.001021081525756308,2,"[6, 19]","[5249, 1010]"
542,9,375,1127,0.0010223231921072874,0.0010223231921072874,2,"[6, 19]","[6273, 10]"
543,9,375,1128,0.001021339340639989,0.001021339340639989,2,"[6, 19]","[6026, 283]"
544,9,375,1128,0.0010219993406399852,6.599999999960804e-07,2,"[6, 19]","[6147, 55]"
545,9,375,1128,0.0010229393406399796,9.399999999944175e-07,2,"[6, 19]","[6246, 15]"
546,9,376,1127,0.0010224537416348854,0.0010224537416348854,1,[6],[6273]
547,9,376,1127,0.0010230937416348816,6.399999999961992e-07,1,[6],[6232]
548,9,376,1127,0.0010239537416348765,8.599999999948926e-07,1,[6],[6248]
549,9,376,1128,0.0010230042851588326,0.0010230042851588326,1,[6],[6277]
550,9,377,1126,0.001024297245360623,0.001024297245360623,1,[6],[6277]
551,9,377,1127,0.0010232360396757122,0.0010232360396757122,1,[6],[6257]
552,9,377,1127,0.0010239160396757082,6.799999999959616e-07,1,[6],[6278]
553,9,377,1127,0.001024946039675702,1.029999999993883e-06,1,[6],[6233]
554,9,378,1126,0.0010243468468819734,0.0010243468468819734,1,[6],[6310]
555,9,378,1126,0.0010250068468819695,6.599999999960804e-07,1,[6],[6254]
556,9,378,1126,0.0010258968468819642,8.899999999947145e-07,1,[6],[6227]
557,9,378,1127,0.0010248701283461987,0.0010248701283461987,1,[6],[6273]
558,9,379,1125,0.0010261198414199357,0.0010261198414199357,1,[6],[6300]
559,9,379,1126,0.0010250731937373075,0.0010250731937373075,1,[6],[6272]
560,9,379,1126,0.0010257331937373036,6.599999999960804e-07,1,[6],[6324]
561,9,379,1126,0.0010266331937372982,8.999999999946551e-07,1,[6],[6186]
562,9,380,1125,0.0010261910590459492,0.0010261910590459492,1,[6],[6317]
563,9,380,1125,0.0010268210590459455,6.299999999962586e-07,1,[6],[6260]
564,9,380,1125,0.0010276410590459406,8.199999999951302e-07,1,[6],[6190]
565,9,380,1126,0.0010266046020633054,0.0010266046020633054,1,[6],[6255]
566,9,381,1124,0.0010279543423565801,0.0010279543423565801,1,[6],[6273]
567,9,381,1125,0.0010269341604975514,0.0010269341604975514,1,[6],[6329]
568,9,381,1125,0.0010275841604975475,6.499999999961398e-07,1,[6],[6259]
569,9,381,1125,0.0010283841604975428,7.99999999995249e-07,1,[6],[6208]
570,9,382,1124,0.0010279493051809905,0.0010279493051809905,1,[6],[6338]
571,9,382,1124,0.0010285593051809869,6.099999999963773e-07,1,[6],[6266]
572,9,382,1124,0.001029219305180983,6.599999999960804e-07,1,[6],[6159]
573,9,382,1125,0.0010283197310098394,0.0010283197310098394,1,[6],[6281]
574,9,383,1123,0.001029778016954583,0.001029778016954583,1,[6],[6292]
575,9,383,1124,0.0010286903507023954,0.0010286903507023954,1,[6],[6258]
576,9,383,1124,0.0010293003507023917,6.099999999963773e-07,1,[6],[6294]
577,9,383,1124,0.0010299903507023876,6.899999999959022e-07,1,[6],[6208]
578,9,384,1123,0.001029765341003049,0.001029765341003049,2,"[6, 20]","[6210, 46]"
579,9,384,1123,0.0010303853410030452,6.199999999963179e-07,2,"[6, 20]","[6162, 159]"
580,9,384,1123,0.0010310653410030412,6.799999999959616e-07,2,"[6, 20]","[5877, 305]"
581,9,384,1124,0.001030095748824131,0.001030095748824131,2,"[6, 20]","[6270, 5]"
582,9,385,1122,0.001031218458077014,0.001031218458077014,2,"[6, 20]","[5035, 1273]"
583,9,385,1122,0.001032898458077004,1.6799999999900228e-06,2,"[6, 20]","[5217, 977]"
584,9,385,1123,0.0010303265696113926,0.0010303265696113926,2,"[6, 20]","[5205, 1148]"
585,9,385,1123,0.0010307965696113898,4.6999999999720876e-07,2,"[6, 20]","[4686, 1518]"
586,9,385,1123,0.0010311965696113874,3.999999999976245e-07,2,"[6, 20]","[4390, 1817]"
587,9,385,1123,0.0010316765696113846,4.799999999971494e-07,2,"[6, 20]","[4417, 1854]"
588,9,386,1122,0.0010313579058641655,0.0010313579058641655,2,"[6, 20]","[6011, 261]"
589,9,386,1122,0.001031927905864162,5.699999999966149e-07,2,"[6, 20]","[6211, 79]"
590,9,386,1122,0.0010325079058641586,5.799999999965555e-07,2,"[6, 20]","[6186, 37]"
591,9,386,1123,0.001031520108942366,0.001031520108942366,2,"[6, 20]","[5273, 1012]"
592,9,387,1121,0.0010329560764287867,0.0010329560764287867,1,[6],[6261]
593,9,387,1122,0.0010320652603112016,0.0010320652603112016,2,"[6, 20]","[6328, 1]"
594,9,387,1122,0.0010326452603111982,5.799999999965555e-07,1,[6],[6217]
595,9,387,1122,0.0010333052603111942,6.599999999960804e-07,1,[6],[6221]
596,9,388,1121,0.0010328672008023184,0.0010328672008023184,1,[6],[6326]
597,9,388,1121,0.0010334172008023151,5.499999999967337e-07,1,[6],[6252]
598,9,388,1121,0.0010340372008023114,6.199999999963179e-07,1,[6],[6183]
599,9,388,1122,0.0010333903940380278,0.0010333903940380278,1,[6],[6276]
600,9,389,1120,0.0010339418229681461,0.0010339418229681461,1,[6],[6259]
601,9,389,1120,0.0010355018229681369,1.5599999999907355e-06,1,[6],[6247]
602,9,389,1121,0.0010333503853408635,0.0010333503853408635,1,[6],[6252]
603,9,389,1121,0.00103395038534086,5.999999999964367e-07,1,[6],[6248]
604,9,389,1121,0.0010348103853408549,8.599999999948926e-07,1,[6],[6285]
605,9,390,1120,0.001033916820197689,0.001033916820197689,1,[6],[6260]
606,9,390,1120,0.0010344468201976859,5.299999999968524e-07,1,[6],[6291]
607,9,390,1120,0.0010349968201976826,5.499999999967337e-07,1,[6],[6236]
608,9,390,1121,0.0010349494093496788,0.0010349494093496788,1,[6],[6275]
609,9,391,1119,0.00103481021514899,0.00103481021514899,1,[6],[6299]
610,9,391,1119,0.0010355502151489855,7.399999999956053e-07,1,[6],[6235]
611,9,391,1120,0.0010345351440526952,0.0010345351440526952,1,[6],[6321]
612,9,391,1120,0.0010352151440526911,6.799999999959616e-07,1,[6],[6243]
613,9,392,1118,0.0010369245240217733,0.0010369245240217733,1,[6],[6252]
614,9,392,1119,0.0010350237681320369,0.0010350237681320369,1,[6],[6283]
615,9,392,1119,0.0010355537681320337,5.299999999968524e-07,1,[6],[6232]
616,9,392,1119,0.0010361037681320304,5.499999999967337e-07,1,[6],[6243]
617,9,393,1118,0.001035958575847415,0.001035958575847415,1,[6],[6288]
618,9,393,1118,0.001036608575847411,6.499999999961398e-07,1,[6],[6280]
619,9,393,1118,0.0010377385758474043,1.1299999999932892e-06,1,[6],[6190]
620,9,393,1119,0.0010359138880631225,0.0010359138880631225,1,[6],[6325]
621,9,393,1119,0.0010369238880631165,1.0099999999940018e-06,1,[6],[6197]
622,9,394,1118,0.0010363877549962167,0.0010363877549962167,1,[6],[6267]
623,9,394,1118,0.0010369477549962134,5.599999999966743e-07,1,[6],[6245]
624,9,394,1118,0.00103751775499621,5.699999999966149e-07,1,[6],[6289]
625,9,395,1117,0.0010376359723010009,0.0010376359723010009,1,[6],[6310]
626,9,395,1117,0.0010384759723009959,8.399999999950114e-07,2,"[6, 21]","[6194, 1]"
627,9,395,1118,0.0010372919339240855,0.0010372919339240855,1,[6],[6256]
628,9,395,1118,0.001038061933924081,7.699999999954271e-07,1,[6],[6270]
629,9,396,1117,0.0010380187228480442,0.0010380187228480442,2,"[6, 21]","[6244, 33]"
630,9,396,1117,0.0010385687228480409,5.499999999967337e-07,2,"[6, 21]","[6226, 92]"
631,9,396,1117,0.0010390887228480378,5.199999999969118e-07,2,"[6, 21]","[5946, 217]"
632,9,396,1117,0.0010399987228480324,9.099999999945957e-07,2,"[6, 21]","[5794, 478]"
633,9,396,1118,0.001039203225706747,0.001039203225706747,2,"[6, 21]","[6254, 15]"
634,9,397,1112,0.0010976474781803753,0.0010976474781803753,3,"[25, 54, 66]","[6159, 145, 1]"
635,9,397,1112,0.0010985974781803696,9.499999999943581e-07,4,"[25, 54, 65, 66]","[5603, 618, 1, 1]"
636,9,397,1113,0.0010976717780916663,0.0010976717780916663,2,"[25, 54]","[6009, 255]"
637,9,397,1113,0.0010987817780916597,1.109999999993408e-06,4,"[25, 54, 65, 66]","[5396, 845, 2, 2]"
638,9,397,1116,0.0010394197934766336,0.0010394197934766336,2,"[6, 21]","[5043, 1214]"
639,9,397,1116,0.001040349793476628,9.299999999944769e-07,2,"[6, 21]","[5294, 977]"
640,9,397,1117,0.0010387180210786294,0.0010387180210786294,2,"[6, 21]","[5422, 941]"
641,9,397,1117,0.0010392080210786265,4.8999999999709e-07,2,"[6, 21]","[5032, 1139]"
642,9,397,1117,0.001039638021078624,4.299999999974463e-07,2,"[6, 21]","[5031, 1254]"
643,9,397,1117,0.0010401680210786208,5.299999999968524e-07,2,"[6, 21]","[5056, 1128]"
644,9,398,1112,0.0010973203433414507,0.0010973203433414507,1,[25],[6310]
645,9,398,1112,0.001098460343341444,1.1399999999932298e-06,3,"[25, 54, 66]","[6191, 2, 2]"
646,9,398,1113,0.0010949281496249704,0.0010949281496249704,1,[25],[6290]
647,9,398,1113,0.001095998149624964,1.0699999999936455e-06,1,[25],[6223]
648,9,398,1113,0.0010968881496249588,8.899999999947145e-07,1,[25],[6258]
649,9,398,1113,0.0010978281496249532,9.399999999944175e-07,4,"[25, 54, 66, 69]","[6235, 2, 1, 8]"
650,9,398,1114,0.0010968381416573657,0.0010968381416573657,3,"[6, 25, 74]","[4, 6250, 1]"
651,9,398,1116,0.0010398324404230922,0.0010398324404230922,2,"[6, 21]","[6093, 207]"
652,9,398,1116,0.0010403924404230889,5.599999999966743e-07,2,"[6, 21]","[6173, 47]"
653,9,398,1116,0.0010409524404230855,5.599999999966743e-07,2,"[6, 21]","[6280, 25]"
654,9,398,1116,0.0010424524404230766,1.4999999999910918e-06,2,"[6, 21]","[6173, 6]"
655,9,398,1117,0.0010400026862098814,0.0010400026862098814,2,"[6, 21]","[5863, 442]"
656,9,398,1117,0.001041262686209874,1.259999999992517e-06,2,"[6, 21]","[6095, 104]"
657,9,399,1113,0.0010900851261654724,0.0010900851261654724,3,"[25, 31, 74]","[6172, 1, 77]"
658,9,399,1113,0.0010916151261654633,1.5299999999909136e-06,2,"[25, 74]","[6277, 4]"
659,9,399,1113,0.001092845126165456,1.2299999999926953e-06,1,[25],[6249]
660,9,399,1113,0.001094005126165449,1.159999999993111e-06,1,[25],[6276]
661,9,399,1113,0.0010955551261654399,1.5499999999907949e-06,1,[25],[6210]
662,9,399,1114,0.0010936088863591933,0.0010936088863591933,3,"[6, 25, 74]","[80, 6194, 17]"
663,9,399,1114,0.0011073888863591115,1.3779999999918163e-05,4,"[25, 39, 41, 69]","[5849, 236, 11, 113]"
664,9,399,1115,0.001041812434293789,0.001041812434293789,1,[6],[6267]
665,9,399,1116,0.0010405131445763401,0.0010405131445763401,1,[6],[6341]
666,9,399,1116,0.001041023144576337,5.099999999969712e-07,1,[6],[6272]
667,9,399,1116,0.0010414931445763343,4.6999999999720876e-07,1,[6],[6181]
668,9,399,1116,0.0010421831445763302,6.899999999959022e-07,1,[6],[6257]
669,9,400,1112,0.0010842421491105258,0.0010842421491105258,3,"[25, 31, 86]","[5914, 351, 3]"
670,9,400,1112,0.001086072149110515,1.829999999989132e-06,2,"[25, 86]","[6251, 9]"
671,9,400,1112,0.0010873521491105073,1.2799999999923983e-06,1,[25],[6285]
672,9,400,1112,0.001088432149110501,1.079999999993586e-06,2,"[25, 74]","[6212, 1]"
673,9,400,1113,0.0010878026939749308,0.0010878026939749308,4,"[25, 31, 74, 86]","[5965, 283, 5, 1]"
674,9,400,1113,0.0010892326939749223,1.4299999999915075e-06,2,"[25, 74]","[6217, 42]"
675,9,400,1113,0.001090812693974913,1.5799999999906167e-06,2,"[25, 74]","[6232, 28]"
676,9,400,1113,0.0010933926939748976,2.579999999984678e-06,1,[25],[6239]
677,9,400,1115,0.001041546677737819,0.001041546677737819,1,[6],[6251]
678,9,400,1115,0.0010421466777378154,5.999999999964367e-07,1,[6],[6324]
679,9,400,1115,0.0010428466777378112,6.999999999958428e-07,1,[6],[6206]
680,9,400,1116,0.001041512763100932,0.001041512763100932,1,[6],[6254]
681,9,400,1116,0.001042322763100927,8.099999999951896e-07,1,[6],[6260]
682,9,401,1112,0.0010781346242070998,0.0010781346242070998,4,"[25, 30, 31, 70]","[4765, 132, 1374, 4]"
683,9,401,1112,0.0010790046242070946,8.699999999948332e-07,4,"[25, 31, 70, 71]","[2303, 3958, 7, 1]"
684,9,401,1112,0.0010798446242070896,8.399999999950114e-07,3,"[25, 31, 70]","[2504, 3708, 17]"
685,9,401,1112,0.0010812646242070812,1.419999999991567e-06,3,"[25, 31, 70]","[5054, 1200, 8]"
686,9,401,1112,0.0010827046242070726,1.4399999999914481e-06,2,"[25, 31]","[6261, 5]"
687,9,401,1112,0.0010841146242070642,1.4099999999916263e-06,2,"[25, 86]","[6233, 3]"
688,9,401,1112,0.0010856446242070552,1.5299999999909136e-06,2,"[25, 86]","[6208, 16]"
689,9,401,1112,0.0010874546242070444,1.8099999999892508e-06,2,"[25, 86]","[6256, 5]"
690,9,401,1113,0.001078305685855664,0.001078305685855664,4,"[6, 25, 30, 31]","[59, 4801, 81, 1338]"
691,9,401,1113,0.0010792256858556586,9.199999999945363e-07,2,"[25, 31]","[3106, 3133]"
692,9,401,1113,0.0010803856858556517,1.159999999993111e-06,2,"[25, 31]","[3944, 2293]"
693,9,401,1113,0.0010828956858556368,2.5099999999850936e-06,2,"[25, 31]","[6061, 191]"
694,9,401,1114,0.0010435137159686587,0.0010435137159686587,1,[6],[6263]
695,9,401,1115,0.001041906150174364,0.001041906150174364,1,[6],[6305]
696,9,401,1115,0.0010423761501743613,4.6999999999720876e-07,1,[6],[6312]
697,9,401,1115,0.0010427761501743589,3.999999999976245e-07,1,[6],[6141]
698,9,401,1115,0.001043256150174356,4.799999999971494e-07,1,[6],[6277]
699,9,402,1112,0.0010736112636303438,0.0010736112636303438,3,"[6, 25, 30]","[1, 3191, 3083]"
700,9,402,1112,0.0010745012636303385,8.899999999947145e-07,2,"[25, 30]","[3429, 2809]"
701,9,402,1112,0.0010756412636303318,1.1399999999932298e-06,2,"[25, 30]","[5379, 894]"
702,9,402,1112,0.0010770312636303235,1.389999999991745e-06,4,"[25, 30, 31, 70]","[6149, 31, 37, 1]"
703,9,402,1112,0.0010786112636303141,1.5799999999906167e-06,4,"[25, 31, 70, 71]","[3909, 2273, 90, 1]"
704,9,402,1112,0.0010803712636303037,1.7599999999895477e-06,4,"[25, 31, 70, 71]","[1652, 4328, 246, 1]"
705,9,402,1113,0.0010744928288719527,0.0010744928288719527,4,"[6, 22, 25, 30]","[1204, 2, 1674, 3379]"
706,9,402,1113,0.001076802828871939,2.3099999999862814e-06,3,"[25, 30, 31]","[5721, 544, 7]"
707,9,402,1113,0.0010786628288719279,1.8599999999889538e-06,3,"[25, 31, 70]","[4640, 1593, 3]"
708,9,402,1114,0.001043005796692779,0.001043005796692779,1,[6],[6271]
709,9,402,1114,0.0010436057966927755,5.999999999964367e-07,1,[6],[6297]
710,9,402,1114,0.0010442957966927714,6.899999999959022e-07,1,[6],[6224]
711,9,402,1115,0.00104278109443855,0.00104278109443855,1,[6],[6277]
712,9,402,1115,0.001043481094438546,6.999999999958428e-07,1,[6],[6298]
713,9,402,1115,0.0010452010944385357,1.7199999999897853e-06,1,[6],[6176]
714,9,403,1111,0.0010743654192268922,0.0010743654192268922,2,"[25, 30]","[6057, 195]"
715,9,403,1112,0.0010719913485107964,0.0010719913485107964,4,"[6, 22, 25, 30]","[102, 7, 6092, 79]"
716,9,403,1112,0.0010728513485107913,8.599999999948926e-07,2,"[25, 30]","[5627, 673]"
717,9,403,1112,0.0010735513485107871,6.999999999958428e-07,2,"[25, 30]","[4492, 1697]"
718,9,403,1112,0.001074411348510782,8.599999999948926e-07,2,"[25, 30]","[3901, 2371]"
719,9,403,1113,0.001044822741543608,0.001044822741543608,2,"[6, 22]","[5983, 295]"
720,9,403,1113,0.001073282741543439,2.845999999983098e-05,4,"[6, 22, 25, 30]","[3511, 439, 1291, 991]"
721,9,403,1114,0.0010434384280479415,0.0010434384280479415,2,"[6, 22]","[6279, 18]"
722,9,403,1114,0.0010439184280479387,4.799999999971494e-07,2,"[6, 22]","[6307, 45]"
723,9,403,1114,0.0010443084280479364,3.8999999999768387e-07,2,"[6, 22]","[6057, 80]"
724,9,403,1114,0.0010447484280479338,4.399999999973869e-07,2,"[6, 22]","[6163, 138]"
725,9,403,1114,0.0010454284280479297,6.799999999959616e-07,2,"[6, 22]","[5897, 314]"
726,9,404,1111,0.0010696767248547171,0.0010696767248547171,3,"[6, 25, 148]","[4, 6290, 1]"
727,9,404,1111,0.0010709667248547095,1.289999999992339e-06,1,[25],[6229]
728,9,404,1112,0.0010700549300565962,0.0010700549300565962,3,"[6, 22, 25]","[2406, 30, 3830]"
729,9,404,1112,0.001071424930056588,1.3699999999918638e-06,1,[25],[6252]
730,9,404,1113,0.0010445336538493569,0.0010445336538493569,2,"[6, 22]","[5751, 537]"
731,9,404,1113,0.001045003653849354,4.6999999999720876e-07,2,"[6, 22]","[5720, 515]"
732,9,404,1113,0.0010454036538493517,3.999999999976245e-07,2,"[6, 22]","[5828, 424]"
733,9,404,1113,0.001045853653849349,4.4999999999732754e-07,2,"[6, 22]","[5908, 385]"
734,9,404,1113,0.001046873653849343,1.0199999999939424e-06,2,"[6, 22]","[5950, 248]"
735,9,404,1114,0.0010444244090793311,0.0010444244090793311,2,"[6, 22]","[5821, 470]"
736,9,404,1114,0.0010450244090793276,5.999999999964367e-07,2,"[6, 22]","[5581, 692]"
737,9,404,1114,0.0010457244090793234,6.999999999958428e-07,2,"[6, 22]","[5392, 804]"
738,9,405,1111,0.0010672494989499208,0.0010672494989499208,5,"[6, 25, 27, 95, 148]","[278, 5838, 113, 13, 17]"
739,9,405,1111,0.0010681894989499152,9.399999999944175e-07,4,"[25, 27, 95, 148]","[6251, 3, 2, 2]"
740,9,405,1111,0.0010691294989499096,9.399999999944175e-07,1,[25],[6265]
741,9,405,1112,0.001045851125808714,0.001045851125808714,2,"[6, 22]","[6300, 2]"
742,9,405,1112,0.0010467711258087084,9.199999999945363e-07,1,[6],[6226]
743,9,405,1112,0.0010698711258085713,2.3099999999862814e-05,3,"[6, 25, 27]","[2409, 3802, 22]"
744,9,405,1113,0.0010450376673345446,0.0010450376673345446,2,"[6, 22]","[6289, 47]"
745,9,405,1113,0.001045467667334542,4.299999999974463e-07,2,"[6, 22]","[6284, 27]"
746,9,405,1113,0.00104580766733454,3.399999999979808e-07,2,"[6, 22]","[6110, 15]"
747,9,405,1113,0.0010461676673345379,3.5999999999786203e-07,2,"[6, 22]","[6236, 9]"
748,9,405,1113,0.0010466776673345348,5.099999999969712e-07,2,"[6, 22]","[6259, 4]"
749,9,406,1110,0.001064246903737265,0.001064246903737265,6,"[6, 25, 27, 122, 145, 148]","[13, 2833, 3042, 360, 2, 2]"
750,9,406,1110,0.0010656869037372564,1.4399999999914481e-06,5,"[25, 27, 95, 122, 148]","[5420, 800, 1, 5, 49]"
751,9,406,1110,0.0010675869037372451,1.8999999999887163e-06,6,"[25, 27, 95, 121, 148, 149]","[5192, 566, 9, 68, 380, 8]"
752,9,406,1111,0.001062912118222728,0.001062912118222728,4,"[6, 25, 27, 122]","[4523, 383, 1179, 185]"
753,9,406,1111,0.0010643921182227193,1.4799999999912106e-06,3,"[25, 27, 122]","[2443, 3752, 96]"
754,9,406,1111,0.0010651721182227147,7.799999999953677e-07,4,"[25, 27, 122, 148]","[3444, 2816, 2, 4]"
755,9,406,1111,0.0010658221182227108,6.499999999961398e-07,5,"[25, 27, 95, 148, 149]","[3803, 2453, 3, 12, 1]"
756,9,406,1111,0.001066462118222707,6.399999999961992e-07,5,"[25, 27, 95, 121, 148]","[3950, 2155, 4, 6, 48]"
757,9,406,1111,0.001067312118222702,8.49999999994952e-07,6,"[25, 27, 95, 121, 148, 149]","[4253, 1961, 15, 7, 58, 1]"
758,9,406,1112,0.0010457029444887339,0.0010457029444887339,1,[6],[6335]
759,9,406,1112,0.0010461229444887314,4.199999999975057e-07,1,[6],[6265]
760,9,406,1112,0.0010464729444887293,3.499999999979214e-07,1,[6],[6316]
761,9,406,1112,0.0010468229444887272,3.499999999979214e-07,1,[6],[6100]
762,9,406,1112,0.0010473429444887241,5.199999999969118e-07,1,[6],[6270]
763,9,406,1112,0.0010663129444886115,1.896999999988734e-05,4,"[6, 25, 27, 122]","[3594, 349, 2281, 2]"
764,9,406,1113,0.001046010973119175,0.001046010973119175,1,[6],[6303]
765,9,406,1113,0.00104688097311917,8.699999999948332e-07,1,[6],[6225]
766,9,407,1110,0.001060815616016016,0.001060815616016016,5,"[6, 25, 27, 122, 145]","[467, 2812, 2972, 10, 1]"
767,9,407,1110,0.0010615756160160116,7.599999999954865e-07,4,"[25, 27, 122, 145]","[2378, 3858, 103, 7]"
768,9,407,1110,0.0010621256160160083,5.499999999967337e-07,4,"[25, 27, 122, 145]","[2251, 3679, 271, 5]"
769,9,407,1110,0.0010626556160160052,5.299999999968524e-07,4,"[25, 27, 122, 145]","[2352, 3408, 486, 2]"
770,9,407,1110,0.001063195616016002,5.39999999996793e-07,4,"[25, 27, 122, 145]","[2609, 3105, 494, 1]"
771,9,407,1110,0.001063845616015998,6.499999999961398e-07,3,"[25, 27, 122]","[3170, 2746, 357]"
772,9,407,1110,0.0010648456160159922,9.999999999940612e-07,4,"[25, 27, 121, 122]","[3850, 2273, 1, 105]"
773,9,407,1110,0.0010666856160159812,1.8399999999890726e-06,5,"[25, 27, 121, 122, 148]","[2629, 2704, 854, 3, 60]"
774,9,407,1110,0.0010677056160159752,1.0199999999939424e-06,4,"[25, 27, 121, 148]","[135, 4130, 1972, 41]"
775,9,407,1111,0.001046356290715511,0.001046356290715511,1,[6],[6307]
776,9,407,1111,0.0010469362907155075,5.799999999965555e-07,1,[6],[6287]
777,9,407,1111,0.001047686290715503,7.499999999955459e-07,1,[6],[6176]
778,9,407,1111,0.0010616162907154203,1.3929999999917272e-05,5,"[6, 25, 27, 122, 145]","[2068, 2148, 1923, 93, 1]"
779,9,407,1111,0.0010626462907154142,1.029999999993883e-06,4,"[25, 27, 122, 145]","[2442, 3309, 540, 3]"
780,9,407,1111,0.0010633262907154101,6.799999999959616e-07,4,"[25, 27, 122, 145]","[2137, 3721, 419, 1]"
781,9,407,1111,0.0010639462907154065,6.199999999963179e-07,3,"[25, 27, 122]","[2058, 4041, 182]"
782,9,407,1111,0.0010645562907154028,6.099999999963773e-07,3,"[25, 27, 122]","[2102, 4070, 37]"
783,9,407,1111,0.0010652462907153987,6.899999999959022e-07,5,"[25, 27, 121, 122, 148]","[1951, 4279, 5, 3, 2]"
784,9,407,1111,0.0010659762907153944,7.299999999956647e-07,5,"[25, 27, 95, 121, 148]","[1285, 4828, 1, 78, 4]"
785,9,407,1111,0.0010665862907153908,6.099999999963773e-07,5,"[25, 27, 95, 121, 148]","[532, 5433, 1, 306, 13]"
786,9,407,1111,0.0010671362907153875,5.499999999967337e-07,4,"[25, 27, 121, 148]","[188, 5596, 508, 11]"
787,9,407,1111,0.0010677862907153837,6.499999999961398e-07,4,"[25, 27, 121, 148]","[85, 5418, 691, 7]"
788,9,407,1112,0.001045971279106657,0.001045971279106657,1,[6],[6295]
789,9,407,1112,0.0010463812791066545,4.099999999975651e-07,1,[6],[6344]
790,9,407,1112,0.0010467112791066526,3.299999999980402e-07,1,[6],[6221]
791,9,407,1112,0.0010470512791066506,3.399999999979808e-07,1,[6],[6181]
792,9,407,1112,0.0010475512791066476,4.999999999970306e-07,1,[6],[6258]
793,9,407,1112,0.0010657612791065395,1.8209999999891854e-05,4,"[6, 25, 27, 122]","[3690, 175, 2341, 14]"
794,9,408,1110,0.0010564297297182186,0.0010564297297182186,2,"[6, 25]","[5313, 943]"
795,9,408,1110,0.001058549729718206,2.1199999999874097e-06,2,"[25, 27]","[6137, 142]"
796,9,408,1110,0.0010594997297182003,9.499999999943581e-07,2,"[25, 27]","[5054, 1168]"
797,9,408,1110,0.0010601797297181963,6.799999999959616e-07,2,"[25, 27]","[3929, 2348]"
798,9,408,1110,0.0010608097297181926,6.299999999962586e-07,2,"[25, 27]","[3338, 2996]"
799,9,408,1110,0.0010615197297181884,7.099999999957834e-07,3,"[25, 27, 122]","[3040, 3087, 9]"
800,9,408,1110,0.0010627897297181808,1.2699999999924577e-06,4,"[25, 27, 122, 145]","[3165, 2984, 97, 4]"
801,9,408,1110,0.001067309729718154,4.519999999973157e-06,5,"[25, 27, 121, 122, 148]","[1220, 3129, 1831, 91, 1]"
802,9,408,1111,0.0010460817230956419,0.0010460817230956419,1,[6],[6276]
803,9,408,1111,0.0010464517230956397,3.6999999999780264e-07,1,[6],[6304]
804,9,408,1111,0.001046741723095638,2.8999999999827775e-07,1,[6],[6239]
805,9,408,1111,0.0010470017230956364,2.599999999984559e-07,1,[6],[6233]
806,9,408,1111,0.0010472917230956347,2.8999999999827775e-07,1,[6],[6236]
807,9,408,1111,0.0010476917230956323,3.999999999976245e-07,1,[6],[6288]
808,9,408,1111,0.0010569717230955772,9.279999999944888e-06,2,"[6, 25]","[5345, 831]"
809,9,408,1111,0.001060361723095557,3.3899999999798675e-06,2,"[25, 27]","[5131, 1143]"
810,9,408,1111,0.0010632617230955398,2.8999999999827775e-06,3,"[25, 27, 122]","[3809, 2306, 111]"
811,9,408,1111,0.001067441723095515,4.179999999975176e-06,5,"[25, 27, 121, 122, 148]","[438, 4708, 1116, 31, 1]"
812,9,408,1112,0.0010466656185144263,0.0010466656185144263,1,[6],[6282]
813,9,408,1112,0.0010475356185144211,8.699999999948332e-07,1,[6],[6263]
814,9,409,1110,0.001046426696812859,0.001046426696812859,1,[6],[6277]
815,9,409,1110,0.0010470166968128555,5.899999999964961e-07,1,[6],[6315]
816,9,409,1110,0.0010478066968128508,7.899999999953083e-07,1,[6],[6206]
817,9,409,1110,0.0010552466968128066,7.439999999955815e-06,2,"[6, 25]","[1680, 4545]"
818,9,409,1110,0.001056526696812799,1.2799999999923983e-06,1,[25],[6281]
819,9,409,1110,0.001057716696812792,1.1899999999929328e-06,1,[25],[6220]
820,9,409,1110,0.0010598666968127792,2.1499999999872316e-06,2,"[25, 27]","[5950, 284]"
821,9,409,1111,0.0010460167509048733,0.0010460167509048733,1,[6],[6301]
822,9,409,1111,0.0010463767509048712,3.5999999999786203e-07,1,[6],[6338]
823,9,409,1111,0.0010466467509048696,2.699999999983965e-07,1,[6],[6261]
824,9,409,1111,0.001046896750904868,2.499999999985153e-07,1,[6],[6292]
825,9,409,1111,0.0010471467509048666,2.499999999985153e-07,1,[6],[6179]
826,9,409,1111,0.0010474467509048648,2.9999999999821836e-07,1,[6],[6221]
827,9,409,1111,0.001047926750904862,4.799999999971494e-07,1,[6],[6190]
828,9,409,1111,0.0010550867509048194,7.159999999957478e-06,2,"[6, 25]","[3072, 3148]"
829,9,409,1111,0.0010572067509048069,2.1199999999874097e-06,1,[25],[6258]
830,9,410,1110,0.0010468046408239485,0.0010468046408239485,1,[6],[6293]
831,9,410,1110,0.00105328464082391,6.4799999999615165e-06,2,"[6, 25]","[5886, 325]"
832,9,410,1110,0.0010575946408238844,4.309999999974404e-06,1,[25],[6246]
833,9,410,1111,0.001046567124917776,0.001046567124917776,1,[6],[6307]
834,9,410,1111,0.0010473171249177715,7.499999999955459e-07,1,[6],[6220]
835,9,410,1111,0.0010547071249177276,7.389999999956112e-06,2,"[6, 25]","[3604, 2632]"
