,event,pixel_x,pixel_y,reset_time,TSLR,nMCParticles,MC_TrackIDs,MC_Weights
0,31,287,1161,0.0009101529098170749,0.0009101529098170749,1,[1],[6259]
1,31,287,1162,0.0009100511008885177,0.0009100511008885177,1,[1],[6292]
2,31,287,1163,0.0009099695249026739,0.0009099695249026739,1,[1],[6276]
3,31,287,1164,0.0009099291269701024,0.0009099291269701024,1,[1],[6284]
4,31,287,1164,0.0009114691269701099,1.540000000007551e-06,1,[1],[6217]
5,31,287,1165,0.0009100053952043718,0.0009100053952043718,1,[1],[6262]
6,31,287,1166,0.0009100659569433976,0.0009100659569433976,1,[1],[6268]
7,31,287,1167,0.0009101084024921765,0.0009101084024921765,1,[1],[6327]
8,31,287,1168,0.0009102566808334653,0.0009102566808334653,1,[1],[6308]
9,31,287,1169,0.0009103118850302521,0.0009103118850302521,1,[1],[6267]
10,31,287,1170,0.0009103529959190307,0.0009103529959190307,2,"[1, 4]","[6232, 56]"
11,31,287,1171,0.0009102240292365012,0.0009102240292365012,2,"[1, 4]","[5582, 701]"
12,31,287,1172,0.0009102935788574009,0.0009102935788574009,2,"[1, 4]","[6121, 148]"
13,31,287,1173,0.0009103993350323718,0.0009103993350323718,1,[1],[6270]
14,31,287,1174,0.0009103072998356295,0.0009103072998356295,1,[1],[6254]
15,31,287,1175,0.0009103389731465107,0.0009103389731465107,1,[1],[6265]
16,31,287,1176,0.0009104965186978053,0.0009104965186978053,1,[1],[6265]
17,31,287,1177,0.0009104995562740069,0.0009104995562740069,1,[1],[6271]
18,31,287,1178,0.0009105086178777777,0.0009105086178777777,1,[1],[6276]
19,31,287,1179,0.000910577346082829,0.000910577346082829,2,"[1, 3]","[6257, 24]"
20,31,287,1180,0.0009105318027083072,0.0009105318027083072,3,"[1, 2, 3]","[5609, 20, 633]"
21,31,287,1181,0.0009108128379408957,0.0009108128379408957,3,"[1, 2, 3]","[5396, 551, 304]"
22,31,288,1154,0.000908779212205316,0.000908779212205316,2,"[1, 6]","[4924, 1335]"
23,31,288,1155,0.0009077614379375973,0.0009077614379375973,2,"[1, 6]","[5897, 480]"
24,31,288,1155,0.0009081314379375991,3.700000000018142e-07,2,"[1, 6]","[6102, 187]"
25,31,288,1155,0.0009084214379376005,2.9000000000142193e-07,2,"[1, 6]","[6021, 165]"
26,31,288,1155,0.000908721437937602,3.0000000000147097e-07,2,"[1, 6]","[6136, 118]"
27,31,288,1155,0.0009090914379376038,3.700000000018142e-07,2,"[1, 6]","[6109, 93]"
28,31,288,1156,0.000907753666208942,0.000907753666208942,2,"[1, 6]","[6365, 2]"
29,31,288,1156,0.0009080936662089437,3.400000000016671e-07,1,[1],[6265]
30,31,288,1156,0.000908353666208945,2.6000000000127484e-07,2,"[1, 6]","[6233, 3]"
31,31,288,1156,0.0009086036662089462,2.500000000012258e-07,2,"[1, 6]","[6347, 2]"
32,31,288,1156,0.0009088636662089475,2.6000000000127484e-07,1,[1],[6054]
33,31,288,1156,0.0009092136662089492,3.500000000017161e-07,1,[1],[6311]
34,31,288,1157,0.0009079457947917098,0.0009079457947917098,1,[1],[6334]
35,31,288,1157,0.0009082757947917114,3.3000000000161806e-07,1,[1],[6260]
36,31,288,1157,0.0009085257947917127,2.500000000012258e-07,1,[1],[6189]
37,31,288,1157,0.0009087657947917139,2.4000000000117677e-07,1,[1],[6317]
38,31,288,1157,0.0009090157947917151,2.500000000012258e-07,1,[1],[6384]
39,31,288,1157,0.0009093057947917165,2.9000000000142193e-07,1,[1],[6097]
40,31,288,1157,0.000909805794791719,5.000000000024516e-07,1,[1],[6209]
41,31,288,1158,0.0009081927732301374,0.0009081927732301374,1,[1],[6282]
42,31,288,1158,0.000908512773230139,3.2000000000156903e-07,1,[1],[6228]
43,31,288,1158,0.0009087627732301402,2.500000000012258e-07,1,[1],[6429]
44,31,288,1158,0.0009089827732301413,2.200000000010787e-07,1,[1],[6284]
45,31,288,1158,0.0009091927732301423,2.1000000000102968e-07,1,[1],[6045]
46,31,288,1158,0.0009094427732301435,2.500000000012258e-07,1,[1],[6395]
47,31,288,1158,0.0009097627732301451,3.2000000000156903e-07,1,[1],[6135]
48,31,288,1158,0.0009106927732301497,9.3000000000456e-07,1,[1],[6207]
49,31,288,1159,0.0009084506463166439,0.0009084506463166439,1,[1],[6251]
50,31,288,1159,0.0009087906463166455,3.400000000016671e-07,1,[1],[6470]
51,31,288,1159,0.0009090306463166467,2.4000000000117677e-07,1,[1],[6219]
52,31,288,1159,0.0009092406463166477,2.1000000000102968e-07,1,[1],[6287]
53,31,288,1159,0.0009094506463166488,2.1000000000102968e-07,1,[1],[6301]
54,31,288,1159,0.0009096706463166498,2.200000000010787e-07,1,[1],[5996]
55,31,288,1159,0.0009099706463166513,3.0000000000147097e-07,1,[1],[6404]
56,31,288,1159,0.0009105306463166541,5.600000000027458e-07,1,[1],[6121]
57,31,288,1160,0.0009086896802145523,0.0009086896802145523,1,[1],[6334]
58,31,288,1160,0.0009090096802145539,3.2000000000156903e-07,1,[1],[6342]
59,31,288,1160,0.000909239680214555,2.3000000000112774e-07,1,[1],[6114]
60,31,288,1160,0.0009094596802145561,2.200000000010787e-07,1,[1],[6344]
61,31,288,1160,0.0009096696802145571,2.1000000000102968e-07,1,[1],[6233]
62,31,288,1160,0.0009098996802145582,2.3000000000112774e-07,1,[1],[6154]
63,31,288,1160,0.0009101996802145597,3.0000000000147097e-07,1,[1],[6345]
64,31,288,1160,0.0009107796802145625,5.800000000028439e-07,1,[1],[6162]
65,31,288,1161,0.0009089164586082058,0.0009089164586082058,1,[1],[6372]
66,31,288,1161,0.0009092364586082074,3.2000000000156903e-07,1,[1],[6241]
67,31,288,1161,0.0009094764586082086,2.4000000000117677e-07,1,[1],[6178]
68,31,288,1161,0.0009096964586082097,2.200000000010787e-07,1,[1],[6303]
69,31,288,1161,0.0009099164586082107,2.200000000010787e-07,1,[1],[6185]
70,31,288,1161,0.000910166458608212,2.500000000012258e-07,1,[1],[6443]
71,31,288,1161,0.0009104864586082135,3.2000000000156903e-07,1,[1],[6031]
72,31,288,1162,0.0009091182171816057,0.0009091182171816057,1,[1],[6361]
73,31,288,1162,0.0009094482171816073,3.3000000000161806e-07,1,[1],[6149]
74,31,288,1162,0.0009097082171816086,2.6000000000127484e-07,1,[1],[6420]
75,31,288,1162,0.0009099382171816097,2.3000000000112774e-07,1,[1],[6181]
76,31,288,1162,0.000910188217181611,2.500000000012258e-07,1,[1],[6166]
77,31,288,1162,0.0009104982171816125,3.1000000000152e-07,1,[1],[6301]
78,31,288,1162,0.0009110582171816152,5.600000000027458e-07,1,[1],[6200]
79,31,288,1163,0.0009092217368674907,0.0009092217368674907,1,[1],[6290]
80,31,288,1163,0.0009095617368674924,3.400000000016671e-07,1,[1],[6408]
81,31,288,1163,0.0009098117368674936,2.500000000012258e-07,1,[1],[6081]
82,31,288,1163,0.0009100617368674949,2.500000000012258e-07,1,[1],[6478]
83,31,288,1163,0.0009103117368674961,2.500000000012258e-07,1,[1],[6004]
84,31,288,1163,0.0009106517368674977,3.400000000016671e-07,1,[1],[6369]
85,31,288,1163,0.0009116317368675025,9.800000000048052e-07,1,[1],[6128]
86,31,288,1164,0.0009092393074474536,0.0009092393074474536,1,[1],[6378]
87,31,288,1164,0.0009095793074474553,3.400000000016671e-07,1,[1],[6318]
88,31,288,1164,0.0009098393074474566,2.6000000000127484e-07,1,[1],[6123]
89,31,288,1164,0.0009100893074474578,2.500000000012258e-07,1,[1],[6270]
90,31,288,1164,0.0009103593074474591,2.7000000000132387e-07,1,[1],[6182]
91,31,288,1164,0.000910749307447461,3.9000000000191225e-07,1,[1],[6321]
92,31,288,1165,0.0009092717038411428,0.0009092717038411428,1,[1],[6268]
93,31,288,1165,0.0009096217038411445,3.500000000017161e-07,1,[1],[6375]
94,31,288,1165,0.0009098817038411458,2.6000000000127484e-07,1,[1],[6138]
95,31,288,1165,0.0009101417038411471,2.6000000000127484e-07,1,[1],[6309]
96,31,288,1165,0.0009104217038411485,2.800000000013729e-07,1,[1],[6217]
97,31,288,1165,0.0009108317038411505,4.100000000020103e-07,1,[1],[6289]
98,31,288,1166,0.0009093088736001207,0.0009093088736001207,1,[1],[6317]
99,31,288,1166,0.0009096588736001224,3.500000000017161e-07,1,[1],[6320]
100,31,288,1166,0.0009099188736001237,2.6000000000127484e-07,1,[1],[6167]
101,31,288,1166,0.000910178873600125,2.6000000000127484e-07,1,[1],[6393]
102,31,288,1166,0.0009104588736001263,2.800000000013729e-07,1,[1],[6099]
103,31,288,1166,0.0009108588736001283,4.000000000019613e-07,1,[1],[6297]
104,31,288,1167,0.000909336142863534,0.000909336142863534,1,[1],[6259]
105,31,288,1167,0.0009096861428635357,3.500000000017161e-07,1,[1],[6433]
106,31,288,1167,0.000909946142863537,2.6000000000127484e-07,1,[1],[6072]
107,31,288,1167,0.0009101961428635382,2.500000000012258e-07,1,[1],[6286]
108,31,288,1167,0.0009104761428635396,2.800000000013729e-07,1,[1],[6307]
109,31,288,1167,0.0009108661428635415,3.9000000000191225e-07,1,[1],[6236]
110,31,288,1168,0.0009093763482556669,0.0009093763482556669,1,[1],[6278]
111,31,288,1168,0.0009097263482556686,3.500000000017161e-07,1,[1],[6257]
112,31,288,1168,0.00091000634825567,2.800000000013729e-07,1,[1],[6322]
113,31,288,1168,0.0009102763482556713,2.7000000000132387e-07,1,[1],[6312]
114,31,288,1168,0.0009105863482556728,3.1000000000152e-07,1,[1],[6263]
115,31,288,1168,0.0009110863482556752,5.000000000024516e-07,1,[1],[6097]
116,31,288,1169,0.0009093799499490897,0.0009093799499490897,1,[1],[6367]
117,31,288,1169,0.0009097299499490915,3.500000000017161e-07,1,[1],[6156]
118,31,288,1169,0.0009100199499490929,2.9000000000142193e-07,1,[1],[6365]
119,31,288,1169,0.0009102999499490943,2.800000000013729e-07,1,[1],[6125]
120,31,288,1169,0.0009106399499490959,3.400000000016671e-07,1,[1],[6298]
121,31,288,1169,0.0009113799499490996,7.400000000036284e-07,1,[1],[6209]
122,31,288,1170,0.0009093194961161871,0.0009093194961161871,2,"[1, 4]","[6213, 52]"
123,31,288,1170,0.0009096894961161889,3.700000000018142e-07,2,"[1, 4]","[6291, 55]"
124,31,288,1170,0.0009099794961161903,2.9000000000142193e-07,2,"[1, 4]","[6197, 49]"
125,31,288,1170,0.0009102694961161918,2.9000000000142193e-07,2,"[1, 4]","[6124, 38]"
126,31,288,1170,0.0009106394961161936,3.700000000018142e-07,2,"[1, 4]","[6207, 36]"
127,31,288,1171,0.0009092072161705196,0.0009092072161705196,2,"[1, 4]","[5734, 616]"
128,31,288,1171,0.0009095572161705213,3.500000000017161e-07,2,"[1, 4]","[5624, 566]"
129,31,288,1171,0.0009098472161705228,2.9000000000142193e-07,2,"[1, 4]","[5780, 600]"
130,31,288,1171,0.0009101172161705241,2.7000000000132387e-07,2,"[1, 4]","[5736, 573]"
131,31,288,1171,0.0009104272161705256,3.1000000000152e-07,2,"[1, 4]","[5448, 592]"
132,31,288,1171,0.0009109572161705282,5.300000000025987e-07,2,"[1, 4]","[5659, 596]"
133,31,288,1172,0.0009091543759141171,0.0009091543759141171,2,"[1, 4]","[6158, 105]"
134,31,288,1172,0.0009095243759141189,3.700000000018142e-07,2,"[1, 4]","[6233, 124]"
135,31,288,1172,0.0009098243759141204,3.0000000000147097e-07,2,"[1, 4]","[6242, 120]"
136,31,288,1172,0.0009101143759141218,2.9000000000142193e-07,2,"[1, 4]","[6017, 141]"
137,31,288,1172,0.0009104843759141236,3.700000000018142e-07,2,"[1, 4]","[6025, 133]"
138,31,288,1173,0.0009091030051180843,0.0009091030051180843,1,[1],[6327]
139,31,288,1173,0.0009094830051180862,3.800000000018632e-07,1,[1],[6329]
140,31,288,1173,0.0009097830051180876,3.0000000000147097e-07,1,[1],[6198]
141,31,288,1173,0.0009100930051180892,3.1000000000152e-07,1,[1],[6292]
142,31,288,1173,0.0009105030051180912,4.100000000020103e-07,1,[1],[6190]
143,31,288,1174,0.0009090743104712914,0.0009090743104712914,1,[1],[6325]
144,31,288,1174,0.0009094443104712932,3.700000000018142e-07,1,[1],[6356]
145,31,288,1174,0.0009097343104712947,2.9000000000142193e-07,1,[1],[6213]
146,31,288,1174,0.0009100343104712961,3.0000000000147097e-07,1,[1],[6168]
147,31,288,1174,0.0009104343104712981,4.000000000019613e-07,1,[1],[6257]
148,31,288,1175,0.0009090794227599596,0.0009090794227599596,1,[1],[6303]
149,31,288,1175,0.0009094494227599614,3.700000000018142e-07,1,[1],[6318]
150,31,288,1175,0.0009097494227599628,3.0000000000147097e-07,1,[1],[6137]
151,31,288,1175,0.0009100694227599644,3.2000000000156903e-07,1,[1],[6285]
152,31,288,1175,0.0009105094227599666,4.400000000021574e-07,1,[1],[6315]
153,31,288,1176,0.0009091060333574931,0.0009091060333574931,1,[1],[6343]
154,31,288,1176,0.000909486033357495,3.800000000018632e-07,1,[1],[6269]
155,31,288,1176,0.0009098060333574965,3.2000000000156903e-07,1,[1],[6258]
156,31,288,1176,0.0009101460333574982,3.400000000016671e-07,1,[1],[6202]
157,31,288,1176,0.0009106860333575009,5.400000000026477e-07,1,[1],[6203]
158,31,288,1177,0.0009091339384557131,0.0009091339384557131,1,[1],[6347]
159,31,288,1177,0.000909513938455715,3.800000000018632e-07,1,[1],[6334]
160,31,288,1177,0.0009098239384557165,3.1000000000152e-07,1,[1],[6116]
161,31,288,1177,0.0009101739384557182,3.500000000017161e-07,1,[1],[6300]
162,31,288,1177,0.0009107139384557209,5.400000000026477e-07,1,[1],[6191]
163,31,288,1178,0.0009091561043268471,0.0009091561043268471,1,[1],[6347]
164,31,288,1178,0.0009095261043268489,3.700000000018142e-07,1,[1],[6313]
165,31,288,1178,0.0009098361043268505,3.1000000000152e-07,1,[1],[6152]
166,31,288,1178,0.0009101661043268521,3.3000000000161806e-07,1,[1],[6201]
167,31,288,1178,0.0009106661043268545,5.000000000024516e-07,1,[1],[6276]
168,31,288,1179,0.0009091883004957493,0.0009091883004957493,2,"[1, 3]","[6317, 20]"
169,31,288,1179,0.0009095583004957511,3.700000000018142e-07,2,"[1, 3]","[6213, 6]"
170,31,288,1179,0.0009098683004957526,3.1000000000152e-07,2,"[1, 3]","[6324, 27]"
171,31,288,1179,0.0009101783004957541,3.1000000000152e-07,2,"[1, 3]","[6096, 31]"
172,31,288,1179,0.0009106283004957563,4.5000000000220645e-07,2,"[1, 3]","[6281, 30]"
173,31,288,1180,0.0009091986804539303,0.0009091986804539303,3,"[1, 2, 3]","[5735, 15, 596]"
174,31,288,1180,0.0009095486804539321,3.500000000017161e-07,3,"[1, 2, 3]","[5588, 11, 643]"
175,31,288,1180,0.0009098286804539334,2.800000000013729e-07,3,"[1, 2, 3]","[5446, 19, 752]"
176,31,288,1180,0.0009100986804539348,2.7000000000132387e-07,3,"[1, 2, 3]","[5426, 12, 844]"
177,31,288,1180,0.0009104086804539363,3.1000000000152e-07,3,"[1, 2, 3]","[5346, 5, 862]"
178,31,288,1180,0.0009109086804539387,5.000000000024516e-07,3,"[1, 2, 3]","[5339, 16, 901]"
179,31,288,1181,0.0009092517517655142,0.0009092517517655142,3,"[1, 2, 3]","[5498, 494, 310]"
180,31,288,1181,0.000909601751765516,3.500000000017161e-07,3,"[1, 2, 3]","[5435, 490, 313]"
181,31,288,1181,0.0009098817517655173,2.800000000013729e-07,3,"[1, 2, 3]","[5521, 494, 323]"
182,31,288,1181,0.0009101517517655186,2.7000000000132387e-07,3,"[1, 2, 3]","[5382, 493, 344]"
183,31,288,1181,0.0009104617517655202,3.1000000000152e-07,3,"[1, 2, 3]","[5386, 484, 358]"
184,31,288,1181,0.0009109717517655227,5.100000000025006e-07,3,"[1, 2, 3]","[5444, 418, 380]"
185,31,288,1182,0.0009093676295110399,0.0009093676295110399,3,"[1, 2, 3]","[5916, 353, 1]"
186,31,288,1182,0.0009097476295110417,3.800000000018632e-07,2,"[1, 2]","[6015, 308]"
187,31,288,1182,0.0009100476295110432,3.0000000000147097e-07,3,"[1, 2, 3]","[6015, 259, 1]"
188,31,288,1182,0.0009103576295110447,3.1000000000152e-07,2,"[1, 2]","[5900, 259]"
189,31,288,1182,0.0009107976295110469,4.400000000021574e-07,3,"[1, 2, 3]","[6009, 245, 2]"
190,31,288,1183,0.0009094359450743035,0.0009094359450743035,2,"[1, 2]","[6310, 4]"
191,31,288,1183,0.0009098159450743054,3.800000000018632e-07,2,"[1, 2]","[6187, 1]"
192,31,288,1183,0.000910135945074307,3.2000000000156903e-07,2,"[1, 2]","[6358, 1]"
193,31,288,1183,0.0009104759450743086,3.400000000016671e-07,1,[1],[6246]
194,31,288,1183,0.0009110159450743113,5.400000000026477e-07,2,"[1, 2]","[6190, 1]"
195,31,288,1184,0.0009094940499069183,0.0009094940499069183,1,[1],[6302]
196,31,288,1184,0.0009098740499069201,3.800000000018632e-07,1,[1],[6218]
197,31,288,1184,0.0009101940499069217,3.2000000000156903e-07,1,[1],[6242]
198,31,288,1184,0.0009105440499069234,3.500000000017161e-07,1,[1],[6346]
199,31,288,1184,0.000911074049906926,5.300000000025987e-07,1,[1],[6147]
200,31,288,1185,0.0009095430407303198,0.0009095430407303198,1,[1],[6371]
201,31,288,1185,0.0009099130407303216,3.700000000018142e-07,1,[1],[6172]
202,31,288,1185,0.0009102330407303232,3.2000000000156903e-07,1,[1],[6286]
203,31,288,1185,0.0009105730407303248,3.400000000016671e-07,1,[1],[6173]
204,31,288,1185,0.0009111530407303277,5.800000000028439e-07,1,[1],[6293]
205,31,288,1186,0.0009095378474361413,0.0009095378474361413,1,[1],[6280]
206,31,288,1186,0.0009099178474361432,3.800000000018632e-07,1,[1],[6285]
207,31,288,1186,0.0009102278474361447,3.1000000000152e-07,1,[1],[6319]
208,31,288,1186,0.0009105578474361463,3.3000000000161806e-07,1,[1],[6261]
209,31,288,1186,0.0009110578474361488,5.000000000024516e-07,1,[1],[6141]
210,31,288,1187,0.0009095746400766817,0.0009095746400766817,1,[1],[6354]
211,31,288,1187,0.0009099546400766835,3.800000000018632e-07,1,[1],[6173]
212,31,288,1187,0.0009102846400766852,3.3000000000161806e-07,1,[1],[6404]
213,31,288,1187,0.0009106246400766868,3.400000000016671e-07,1,[1],[6163]
214,31,288,1187,0.0009111646400766895,5.400000000026477e-07,1,[1],[6167]
215,31,288,1188,0.0009099589323158272,0.0009099589323158272,1,[1],[6314]
216,31,288,1188,0.0009105989323158303,6.400000000031381e-07,1,[1],[6212]
217,31,289,1154,0.0009061257489303782,0.0009061257489303782,3,"[1, 6, 7]","[9, 6284, 11]"
218,31,289,1154,0.0009072757489303839,1.1500000000056387e-06,2,"[1, 6]","[497, 5722]"
219,31,289,1154,0.0009080257489303876,7.500000000036774e-07,2,"[1, 6]","[2950, 3293]"
220,31,289,1154,0.0009086457489303906,6.2000000000304e-07,2,"[1, 6]","[4562, 1734]"
221,31,289,1155,0.0009072182102324299,0.0009072182102324299,2,"[1, 6]","[1899, 4421]"
222,31,289,1155,0.0009076782102324321,4.600000000022555e-07,2,"[1, 6]","[5042, 1299]"
223,31,289,1155,0.0009079482102324335,2.7000000000132387e-07,2,"[1, 6]","[5402, 751]"
224,31,289,1155,0.0009081682102324345,2.200000000010787e-07,2,"[1, 6]","[5659, 554]"
225,31,289,1155,0.0009083682102324355,2.0000000000098064e-07,2,"[1, 6]","[5827, 452]"
226,31,289,1155,0.0009085782102324365,2.1000000000102968e-07,2,"[1, 6]","[6103, 346]"
227,31,289,1155,0.0009087982102324376,2.200000000010787e-07,2,"[1, 6]","[5949, 261]"
228,31,289,1155,0.000909068210232439,2.7000000000132387e-07,2,"[1, 6]","[5882, 196]"
229,31,289,1155,0.0009095482102324413,4.800000000023535e-07,2,"[1, 6]","[6037, 184]"
230,31,289,1156,0.0009077965831952811,0.0009077965831952811,2,"[1, 6]","[6270, 31]"
231,31,289,1156,0.0009081565831952829,3.6000000000176516e-07,2,"[1, 6]","[6301, 5]"
232,31,289,1156,0.0009084465831952843,2.9000000000142193e-07,2,"[1, 6]","[6348, 6]"
233,31,289,1156,0.0009087165831952856,2.7000000000132387e-07,2,"[1, 6]","[6087, 4]"
234,31,289,1156,0.0009090465831952873,3.3000000000161806e-07,2,"[1, 6]","[6329, 2]"
235,31,289,1156,0.0009096865831952904,6.400000000031381e-07,1,[1],[6121]
236,31,289,1157,0.0009081542603562547,0.0009081542603562547,1,[1],[6302]
237,31,289,1157,0.0009085942603562568,4.400000000021574e-07,1,[1],[6200]
238,31,289,1157,0.0009090042603562588,4.100000000020103e-07,1,[1],[6254]
239,31,289,1157,0.0009095942603562617,5.900000000028929e-07,1,[1],[6296]
240,31,289,1158,0.0009086259382608299,0.0009086259382608299,1,[1],[6280]
241,31,289,1158,0.0009091959382608326,5.700000000027948e-07,1,[1],[6254]
242,31,289,1158,0.0009101759382608375,9.800000000048052e-07,1,[1],[6225]
243,31,289,1159,0.0009092483506593069,0.0009092483506593069,1,[1],[6262]
244,31,289,1160,0.0009101394019109693,0.0009101394019109693,1,[1],[6274]
245,31,290,1154,0.0009019725845354838,0.0009019725845354838,2,"[6, 7]","[3320, 2973]"
246,31,290,1154,0.00090322258453549,1.250000000006129e-06,2,"[6, 7]","[5910, 362]"
247,31,290,1154,0.0009041925845354947,9.700000000047561e-07,2,"[6, 7]","[6188, 4]"
248,31,290,1154,0.0009052225845354998,1.0300000000050503e-06,1,[6],[6251]
249,31,290,1154,0.0009076125845355115,2.3900000000117187e-06,2,"[1, 6]","[36, 6213]"
250,31,290,1155,0.0009089195860724444,0.0009089195860724444,3,"[1, 6, 7]","[633, 5427, 193]"
251,31,291,1153,0.0009004711842002411,0.0009004711842002411,3,"[6, 7, 8]","[5844, 372, 66]"
252,31,291,1154,0.0008995939932073901,0.0008995939932073901,3,"[6, 7, 8]","[6117, 142, 16]"
253,31,291,1154,0.0009004339932073942,8.400000000041187e-07,2,"[6, 7]","[4649, 1588]"
254,31,291,1154,0.000900993993207397,5.600000000027458e-07,2,"[6, 7]","[3513, 2762]"
255,31,291,1154,0.0009015539932073997,5.600000000027458e-07,2,"[6, 7]","[3179, 3083]"
256,31,291,1154,0.0009023839932074038,8.300000000040697e-07,2,"[6, 7]","[4046, 2197]"
257,31,292,1153,0.0008955232354595833,0.0008955232354595833,2,"[6, 8]","[3480, 2774]"
258,31,292,1153,0.0008962432354595869,7.200000000035303e-07,2,"[6, 8]","[2486, 3838]"
259,31,292,1153,0.0008970232354595907,7.800000000038245e-07,2,"[6, 8]","[3306, 2919]"
260,31,292,1153,0.0008983332354595971,1.3100000000064232e-06,2,"[6, 8]","[5443, 778]"
261,31,292,1154,0.0008966635281547695,0.0008966635281547695,2,"[6, 8]","[4421, 1868]"
262,31,292,1154,0.0008980935281547765,1.4300000000070116e-06,2,"[6, 8]","[5847, 395]"
263,31,292,1154,0.0008998835281547853,1.7900000000087768e-06,3,"[6, 7, 8]","[6202, 20, 7]"
264,31,293,1153,0.0008927548080347848,0.0008927548080347848,2,"[6, 9]","[6254, 29]"
265,31,293,1153,0.00089381480803479,1.0600000000051974e-06,2,"[6, 8]","[6245, 19]"
266,31,293,1153,0.0008947048080347943,8.900000000043639e-07,2,"[6, 8]","[5671, 546]"
267,31,293,1153,0.0008953948080347977,6.900000000033832e-07,2,"[6, 8]","[3682, 2650]"
268,31,293,1153,0.0008959448080348004,5.500000000026968e-07,2,"[6, 8]","[2192, 4051]"
269,31,293,1153,0.0008965348080348033,5.900000000028929e-07,2,"[6, 8]","[1561, 4625]"
270,31,293,1154,0.0008954985953201747,0.0008954985953201747,2,"[6, 8]","[5531, 743]"
271,31,294,1152,0.0008885858777448089,0.0008885858777448089,2,"[6, 9]","[1065, 5189]"
272,31,294,1153,0.0008881335606557091,0.0008881335606557091,2,"[6, 9]","[1134, 5131]"
273,31,294,1153,0.0008898735606557176,1.7400000000085316e-06,2,"[6, 9]","[6020, 276]"
274,31,294,1153,0.0008908435606557224,9.700000000047561e-07,2,"[6, 9]","[6210, 1]"
275,31,294,1153,0.000891783560655727,9.40000000004609e-07,1,[6],[6257]
276,31,294,1153,0.0008930735606557333,1.2900000000063251e-06,2,"[6, 8]","[6235, 1]"
277,31,295,1152,0.0008861058753050679,0.0008861058753050679,2,"[6, 9]","[4245, 2052]"
278,31,295,1152,0.0008869158753050719,8.100000000039716e-07,2,"[6, 9]","[2875, 3361]"
279,31,295,1152,0.0008878058753050762,8.900000000043639e-07,2,"[6, 9]","[3238, 2998]"
280,31,295,1152,0.0008902658753050883,2.460000000012062e-06,2,"[6, 9]","[4858, 1373]"
281,31,295,1153,0.000886305892212783,0.000886305892212783,2,"[6, 9]","[3363, 2909]"
282,31,295,1153,0.0008870058922127865,7.000000000034323e-07,2,"[6, 9]","[2693, 3611]"
283,31,295,1153,0.0008876458922127896,6.400000000031381e-07,2,"[6, 9]","[3009, 3178]"
284,31,295,1153,0.0008884558922127936,8.100000000039716e-07,2,"[6, 9]","[4038, 2221]"
285,31,295,1153,0.0008898758922128005,1.4200000000069626e-06,2,"[6, 9]","[5693, 556]"
286,31,296,1152,0.0008829750296543132,0.0008829750296543132,1,[6],[6254]
287,31,296,1152,0.0008840650296543186,1.0900000000053445e-06,1,[6],[6303]
288,31,296,1152,0.0008850950296543236,1.0300000000050503e-06,2,"[6, 9]","[6233, 1]"
289,31,296,1152,0.0008867650296543318,1.6700000000081884e-06,2,"[6, 9]","[6115, 113]"
290,31,296,1153,0.0008853309983395888,0.0008853309983395888,2,"[6, 9]","[6250, 6]"
291,31,297,1152,0.0008798472775931313,0.0008798472775931313,1,[6],[6311]
292,31,297,1152,0.000880807277593136,9.60000000004707e-07,1,[6],[6219]
293,31,297,1152,0.0008816972775931404,8.900000000043639e-07,1,[6],[6231]
294,31,297,1152,0.0008827472775931455,1.0500000000051484e-06,1,[6],[6251]
295,31,298,1151,0.0008771689692462383,0.0008771689692462383,1,[6],[6267]
296,31,298,1151,0.0008796389692462504,2.470000000012111e-06,1,[6],[6235]
297,31,298,1152,0.0008771140902172273,0.0008771140902172273,1,[6],[6259]
298,31,298,1152,0.0008782440902172328,1.1300000000055406e-06,1,[6],[6258]
299,31,298,1152,0.0008794140902172385,1.1700000000057368e-06,1,[6],[6278]
300,31,299,1151,0.0008732803081137276,0.0008732803081137276,1,[6],[6289]
301,31,299,1151,0.0008744003081137331,1.1200000000054916e-06,1,[6],[6211]
302,31,299,1151,0.0008755703081137388,1.1700000000057368e-06,1,[6],[6285]
303,31,299,1152,0.0008750709744360965,0.0008750709744360965,1,[6],[6279]
304,31,299,1152,0.0008774309744361081,2.3600000000115716e-06,1,[6],[6229]
305,31,300,1151,0.0008700342370060183,0.0008700342370060183,1,[6],[6281]
306,31,300,1151,0.0008710142370060231,9.800000000048052e-07,1,[6],[6237]
307,31,300,1151,0.0008718842370060274,8.700000000042658e-07,1,[6],[6252]
308,31,300,1151,0.0008729542370060326,1.0700000000052464e-06,1,[6],[6259]
309,31,301,1150,0.0008677016152150572,0.0008677016152150572,2,"[6, 10]","[5984, 277]"
310,31,301,1151,0.0008671956784200841,0.0008671956784200841,2,"[6, 10]","[6061, 211]"
311,31,301,1151,0.0008682556784200893,1.0600000000051974e-06,1,[6],[6287]
312,31,301,1151,0.0008692656784200942,1.0100000000049522e-06,1,[6],[6194]
313,31,301,1151,0.0008709156784201023,1.6500000000080903e-06,1,[6],[6249]
314,31,302,1150,0.0008637773796455718,0.0008637773796455718,2,"[6, 10]","[5843, 433]"
315,31,302,1150,0.0008647073796455764,9.3000000000456e-07,2,"[6, 10]","[4153, 2141]"
316,31,302,1150,0.0008657073796455813,1.0000000000049032e-06,2,"[6, 10]","[4300, 1902]"
317,31,302,1151,0.0008646144806036894,0.0008646144806036894,2,"[6, 10]","[4608, 1659]"
318,31,302,1151,0.0008659144806036958,1.3000000000063742e-06,2,"[6, 10]","[4642, 1612]"
319,31,302,1151,0.0008693744806037128,3.460000000016965e-06,2,"[6, 10]","[6128, 102]"
320,31,303,1150,0.0008607212064517126,0.0008607212064517126,1,[6],[6278]
321,31,303,1150,0.0008617212064517175,1.0000000000049032e-06,1,[6],[6285]
322,31,303,1150,0.000862651206451722,9.3000000000456e-07,1,[6],[6189]
323,31,303,1150,0.0008640912064517291,1.4400000000070606e-06,2,"[6, 10]","[6077, 172]"
324,31,303,1151,0.0008637576284108376,0.0008637576284108376,2,"[6, 10]","[6190, 71]"
325,31,304,1150,0.0008577750617451628,0.0008577750617451628,1,[6],[6281]
326,31,304,1150,0.0008587150617451674,9.40000000004609e-07,1,[6],[6297]
327,31,304,1150,0.0008595750617451716,8.600000000042168e-07,1,[6],[6202]
328,31,304,1150,0.000860685061745177,1.1100000000054426e-06,1,[6],[6237]
329,31,305,1149,0.0008562399396885399,0.0008562399396885399,1,[6],[6251]
330,31,305,1150,0.0008550650257791505,0.0008550650257791505,1,[6],[6274]
331,31,305,1150,0.0008560850257791555,1.0200000000050013e-06,1,[6],[6290]
332,31,305,1150,0.0008570750257791604,9.900000000048542e-07,1,[6],[6206]
333,31,305,1150,0.0008590950257791703,2.0200000000099045e-06,1,[6],[6232]
334,31,306,1149,0.000852245178846355,0.000852245178846355,1,[6],[6284]
335,31,306,1149,0.0008538451788463628,1.6000000000078451e-06,1,[6],[6229]
336,31,306,1150,0.0008526179814176652,0.0008526179814176652,1,[6],[6288]
337,31,306,1150,0.0008539079814176715,1.2900000000063251e-06,1,[6],[6247]
338,31,306,1150,0.0008562079814176828,2.3000000000112774e-06,1,[6],[6222]
339,31,307,1149,0.0008488623100348483,0.0008488623100348483,2,"[6, 11]","[5904, 372]"
340,31,307,1149,0.0008499423100348536,1.0800000000052955e-06,2,"[6, 11]","[6258, 3]"
341,31,307,1149,0.0008510923100348592,1.1500000000056387e-06,1,[6],[6246]
342,31,307,1150,0.0008506197822969223,0.0008506197822969223,2,"[6, 11]","[6239, 31]"
343,31,308,1148,0.0008481175130889041,0.0008481175130889041,2,"[6, 11]","[1618, 4653]"
344,31,308,1149,0.0008457942693153759,0.0008457942693153759,2,"[6, 11]","[5992, 309]"
345,31,308,1149,0.0008465242693153794,7.300000000035793e-07,2,"[6, 11]","[4380, 1869]"
346,31,308,1149,0.0008470242693153819,5.000000000024516e-07,2,"[6, 11]","[3199, 3136]"
347,31,308,1149,0.0008474442693153839,4.2000000000205935e-07,2,"[6, 11]","[2849, 3359]"
348,31,308,1149,0.0008478942693153862,4.5000000000220645e-07,2,"[6, 11]","[2786, 3426]"
349,31,308,1149,0.0008485342693153893,6.400000000031381e-07,2,"[6, 11]","[3461, 2795]"
350,31,308,1150,0.0008499158180974019,0.0008499158180974019,2,"[6, 11]","[5321, 931]"
351,31,309,1148,0.0008479322935353242,0.0008479322935353242,2,"[6, 11]","[4314, 1945]"
352,31,309,1149,0.0008429431878869195,0.0008429431878869195,1,[6],[6264]
353,31,309,1149,0.0008438731878869241,9.3000000000456e-07,1,[6],[6287]
354,31,309,1149,0.0008446831878869281,8.100000000039716e-07,1,[6],[6263]
355,31,309,1149,0.0008456531878869328,9.700000000047561e-07,2,"[6, 11]","[6121, 66]"
356,31,309,1149,0.0008469831878869393,1.3300000000065213e-06,2,"[6, 11]","[4037, 2220]"
357,31,310,1148,0.0008420858832769386,0.0008420858832769386,1,[6],[6258]
358,31,310,1149,0.0008401729781555851,0.0008401729781555851,1,[6],[6254]
359,31,310,1149,0.0008411229781555898,9.500000000046581e-07,1,[6],[6309]
360,31,310,1149,0.0008420029781555941,8.800000000043148e-07,1,[6],[6223]
361,31,310,1149,0.0008432429781556002,1.24000000000608e-06,1,[6],[6242]
362,31,311,1148,0.0008379765324852774,0.0008379765324852774,2,"[6, 12]","[6130, 149]"
363,31,311,1148,0.0008407165324852908,2.740000000013435e-06,1,[6],[6231]
364,31,311,1149,0.0008375285298055225,0.0008375285298055225,2,"[6, 12]","[6171, 79]"
365,31,311,1149,0.0008385985298055278,1.0700000000052464e-06,1,[6],[6256]
366,31,311,1149,0.0008397585298055334,1.1600000000056877e-06,1,[6],[6272]
367,31,312,1148,0.0008340450140117233,0.0008340450140117233,2,"[6, 12]","[4251, 2016]"
368,31,312,1148,0.0008347350140117266,6.900000000033832e-07,2,"[6, 12]","[2796, 3475]"
369,31,312,1148,0.0008354850140117303,7.500000000036774e-07,2,"[6, 12]","[3376, 2880]"
370,31,312,1148,0.0008368350140117369,1.3500000000066193e-06,2,"[6, 12]","[5439, 778]"
371,31,312,1149,0.000834473186733961,0.000834473186733961,2,"[6, 12]","[4118, 2203]"
372,31,312,1149,0.000835473186733966,1.0000000000049032e-06,2,"[6, 12]","[3984, 2197]"
373,31,312,1149,0.0008368631867339728,1.3900000000068155e-06,2,"[6, 12]","[5864, 386]"
374,31,313,1148,0.0008312549200797577,0.0008312549200797577,1,[6],[6266]
375,31,313,1148,0.0008322949200797628,1.0400000000050993e-06,2,"[6, 12]","[6232, 3]"
376,31,313,1148,0.0008333049200797678,1.0100000000049522e-06,2,"[6, 12]","[6169, 136]"
377,31,313,1148,0.0008344049200797732,1.1000000000053935e-06,2,"[6, 12]","[4450, 1795]"
378,31,313,1149,0.0008326218991451267,0.0008326218991451267,2,"[6, 12]","[6255, 4]"
379,31,313,1149,0.0008344718991451358,1.850000000009071e-06,2,"[6, 12]","[5167, 1103]"
380,31,314,1148,0.0008281050499286689,0.0008281050499286689,1,[6],[6253]
381,31,314,1148,0.0008290550499286736,9.500000000046581e-07,1,[6],[6261]
382,31,314,1148,0.0008299050499286778,8.500000000041677e-07,1,[6],[6307]
383,31,314,1148,0.0008309450499286829,1.0400000000050993e-06,1,[6],[6185]
384,31,314,1149,0.0008309056747938462,0.0008309056747938462,1,[6],[6250]
385,31,315,1148,0.000825113099857893,0.000825113099857893,1,[6],[6255]
386,31,315,1148,0.0008260230998578975,9.100000000044619e-07,1,[6],[6278]
387,31,315,1148,0.0008268030998579013,7.800000000038245e-07,1,[6],[6216]
388,31,315,1148,0.0008277130998579058,9.100000000044619e-07,1,[6],[6300]
389,31,315,1148,0.0008301130998579176,2.4000000000117677e-06,1,[6],[6205]
390,31,316,1148,0.0008221790115140059,0.0008221790115140059,1,[6],[6273]
391,31,316,1148,0.0008230790115140103,9.000000000044129e-07,1,[6],[6245]
392,31,316,1148,0.0008238690115140142,7.900000000038735e-07,1,[6],[6249]
393,31,316,1148,0.0008247590115140186,8.900000000043639e-07,1,[6],[6237]
394,31,316,1148,0.0008275190115140321,2.760000000013533e-06,1,[6],[6248]
395,31,317,1147,0.0008207656265326036,0.0008207656265326036,1,[6],[6255]
396,31,317,1148,0.0008193154451250509,0.0008193154451250509,1,[6],[6292]
397,31,317,1148,0.0008202954451250557,9.800000000048052e-07,1,[6],[6238]
398,31,317,1148,0.00082117544512506,8.800000000043148e-07,1,[6],[6274]
399,31,317,1148,0.0008223054451250656,1.1300000000055406e-06,1,[6],[6227]
400,31,318,1147,0.0008168970320863538,0.0008168970320863538,1,[6],[6262]
401,31,318,1147,0.0008188170320863632,1.920000000009414e-06,1,[6],[6251]
402,31,318,1148,0.0008166892717032155,0.0008166892717032155,1,[6],[6288]
403,31,318,1148,0.0008177692717032208,1.0800000000052955e-06,1,[6],[6261]
404,31,318,1148,0.0008189092717032264,1.1400000000055897e-06,1,[6],[6225]
405,31,319,1147,0.0008131518980434296,0.0008131518980434296,2,"[6, 13]","[6256, 1]"
406,31,319,1147,0.0008143718980434356,1.220000000005982e-06,1,[6],[6263]
407,31,319,1147,0.000815881898043443,1.5100000000074039e-06,1,[6],[6250]
408,31,319,1148,0.0008138168247814856,0.0008138168247814856,1,[6],[6254]
409,31,319,1148,0.0008152068247814924,1.3900000000068155e-06,1,[6],[6250]
410,31,320,1147,0.0008095309940807497,0.0008095309940807497,3,"[6, 13, 14]","[5778, 387, 115]"
411,31,320,1147,0.0008105709940807548,1.0400000000050993e-06,1,[6],[6232]
412,31,320,1147,0.0008115009940807594,9.3000000000456e-07,1,[6],[6262]
413,31,320,1147,0.0008126909940807652,1.1900000000058348e-06,1,[6],[6242]
414,31,320,1148,0.0008113678561214321,0.0008113678561214321,3,"[6, 13, 14]","[6224, 23, 7]"
415,31,320,1148,0.0008144678561214473,3.1000000000152e-06,1,[6],[6246]
416,31,321,1147,0.0008054812886921854,0.0008054812886921854,3,"[6, 13, 14]","[3139, 340, 2798]"
417,31,321,1147,0.0008060312886921881,5.500000000026968e-07,3,"[6, 13, 14]","[2040, 1418, 2829]"
418,31,321,1147,0.0008064412886921901,4.100000000020103e-07,3,"[6, 13, 14]","[2043, 2064, 2132]"
419,31,321,1147,0.0008068412886921921,4.000000000019613e-07,3,"[6, 13, 14]","[2371, 2405, 1452]"
420,31,321,1147,0.0008073212886921944,4.800000000023535e-07,3,"[6, 13, 14]","[3251, 2156, 927]"
421,31,321,1147,0.0008079312886921974,6.10000000002991e-07,3,"[6, 13, 14]","[4730, 1147, 292]"
422,31,321,1147,0.0008087612886922015,8.300000000040697e-07,3,"[6, 13, 14]","[6008, 171, 45]"
423,31,321,1147,0.0008100612886922079,1.3000000000063742e-06,2,"[6, 13]","[6255, 6]"
424,31,321,1148,0.0008086421292796204,0.0008086421292796204,3,"[6, 13, 14]","[4494, 825, 935]"
425,31,322,1147,0.0008025807963917255,0.0008025807963917255,1,[6],[6270]
426,31,322,1147,0.0008035807963917304,1.0000000000049032e-06,2,"[6, 14]","[6280, 2]"
427,31,322,1147,0.0008043907963917343,8.100000000039716e-07,3,"[6, 13, 14]","[6077, 1, 136]"
428,31,322,1147,0.0008051107963917379,7.200000000035303e-07,3,"[6, 13, 14]","[5249, 24, 970]"
429,31,322,1147,0.000805750796391741,6.400000000031381e-07,3,"[6, 13, 14]","[4016, 179, 2132]"
430,31,322,1147,0.0008064107963917442,6.600000000032361e-07,3,"[6, 13, 14]","[3039, 710, 2465]"
431,31,322,1147,0.0008075707963917499,1.1600000000056877e-06,3,"[6, 13, 14]","[2958, 1525, 1717]"
432,31,323,1147,0.00079895217422218,0.00079895217422218,1,[6],[6281]
433,31,323,1147,0.0007999521742221849,1.0000000000049032e-06,1,[6],[6242]
434,31,323,1147,0.0008008021742221891,8.500000000041677e-07,1,[6],[6296]
435,31,323,1147,0.0008016521742221932,8.500000000041677e-07,1,[6],[6243]
436,31,323,1147,0.000802832174222199,1.1800000000057858e-06,1,[6],[6211]
437,31,324,1146,0.00080109010707963,0.00080109010707963,1,[6],[6250]
438,31,324,1147,0.000795389312900403,0.000795389312900403,1,[6],[6282]
439,31,324,1147,0.000796399312900408,1.0100000000049522e-06,1,[6],[6232]
440,31,324,1147,0.0007972393129004121,8.400000000041187e-07,1,[6],[6299]
441,31,324,1147,0.0007981493129004166,9.100000000044619e-07,1,[6],[6204]
442,31,324,1147,0.0007994393129004229,1.2900000000063251e-06,1,[6],[6268]
443,31,325,1146,0.0007940883964996235,0.0007940883964996235,1,[6],[6258]
444,31,325,1147,0.0007918175477781307,0.0007918175477781307,1,[6],[6294]
445,31,325,1147,0.0007928575477781358,1.0400000000050993e-06,1,[6],[6211]
446,31,325,1147,0.0007937475477781402,8.900000000043639e-07,1,[6],[6258]
447,31,325,1147,0.0007947075477781449,9.60000000004707e-07,1,[6],[6279]
448,31,325,1147,0.0007962975477781527,1.5900000000077961e-06,1,[6],[6210]
449,31,326,1146,0.0007890438291209551,0.0007890438291209551,1,[6],[6262]
450,31,326,1146,0.0007925838291209724,3.5400000000173574e-06,1,[6],[6241]
451,31,326,1147,0.0007874801678686317,0.0007874801678686317,1,[6],[6253]
452,31,326,1147,0.0007887501678686379,1.270000000006227e-06,1,[6],[6302]
453,31,326,1147,0.000789800167868643,1.0500000000051484e-06,1,[6],[6225]
454,31,326,1147,0.0007908801678686483,1.0800000000052955e-06,1,[6],[6276]
455,31,326,1147,0.000792450167868656,1.570000000007698e-06,1,[6],[6217]
456,31,327,1146,0.000783690465728462,0.000783690465728462,1,[6],[6272]
457,31,327,1146,0.0007857904657284723,2.1000000000102968e-06,1,[6],[6246]
458,31,327,1147,0.0007828007124986851,0.0007828007124986851,1,[6],[6268]
459,31,327,1147,0.0007840807124986914,1.2800000000062761e-06,1,[6],[6264]
460,31,327,1147,0.0007851807124986968,1.1000000000053935e-06,1,[6],[6262]
461,31,327,1147,0.0007862807124987022,1.1000000000053935e-06,1,[6],[6230]
462,31,327,1147,0.0007877907124987096,1.5100000000074039e-06,1,[6],[6228]
463,31,328,1146,0.0007785062713053234,0.0007785062713053234,1,[6],[6277]
464,31,328,1146,0.0007803062713053322,1.8000000000088258e-06,1,[6],[6255]
465,31,328,1146,0.0007824362713053426,2.130000000010444e-06,1,[6],[6225]
466,31,328,1147,0.0007781500340429188,0.0007781500340429188,1,[6],[6257]
467,31,328,1147,0.0007794900340429254,1.3400000000065703e-06,1,[6],[6286]
468,31,328,1147,0.0007806600340429311,1.1700000000057368e-06,1,[6],[6211]
469,31,328,1147,0.0007819500340429374,1.2900000000063251e-06,1,[6],[6259]
470,31,328,1147,0.0007845800340429503,2.6300000000128955e-06,1,[6],[6242]
471,31,329,1146,0.0007732304330707064,0.0007732304330707064,2,"[6, 15]","[6222, 47]"
472,31,329,1146,0.0007748904330707146,1.6600000000081393e-06,1,[6],[6272]
473,31,329,1146,0.000776410433070722,1.5200000000074529e-06,1,[6],[6257]
474,31,329,1146,0.0007791804330707356,2.770000000013582e-06,1,[6],[6215]
475,31,329,1147,0.0007735639567175923,0.0007735639567175923,2,"[6, 15]","[6244, 28]"
476,31,329,1147,0.0007750439567175996,1.4800000000072568e-06,1,[6],[6284]
477,31,329,1147,0.0007763839567176061,1.3400000000065703e-06,1,[6],[6196]
478,31,329,1147,0.0007782739567176154,1.890000000009267e-06,1,[6],[6250]
479,31,330,1146,0.00076736728062032,0.00076736728062032,2,"[6, 15]","[6123, 129]"
480,31,330,1146,0.000768397280620325,1.0300000000050503e-06,2,"[6, 15]","[4566, 1732]"
481,31,330,1146,0.000769207280620329,8.100000000039716e-07,2,"[6, 15]","[4009, 2265]"
482,31,330,1146,0.000770227280620334,1.0200000000050013e-06,2,"[6, 15]","[5448, 745]"
483,31,330,1146,0.0007715172806203403,1.2900000000063251e-06,2,"[6, 15]","[6225, 20]"
484,31,330,1146,0.0007737272806203512,2.210000000010836e-06,1,[6],[6241]
485,31,330,1147,0.0007684388934118773,0.0007684388934118773,2,"[6, 15]","[5259, 1019]"
486,31,330,1147,0.0007699388934118847,1.5000000000073548e-06,2,"[6, 15]","[4729, 1495]"
487,31,330,1147,0.0007717288934118935,1.7900000000087768e-06,2,"[6, 15]","[6213, 43]"
488,31,330,1147,0.0007751488934119102,3.420000000016769e-06,1,[6],[6244]
489,31,331,1146,0.0007620143784527444,0.0007620143784527444,1,[6],[6296]
490,31,331,1146,0.0007632343784527504,1.220000000005982e-06,1,[6],[6215]
491,31,331,1146,0.0007642143784527552,9.800000000048052e-07,1,[6],[6279]
492,31,331,1146,0.0007651443784527597,9.3000000000456e-07,1,[6],[6262]
493,31,331,1146,0.0007661243784527645,9.800000000048052e-07,1,[6],[6261]
494,31,331,1146,0.0007673543784527706,1.230000000006031e-06,2,"[6, 15]","[6142, 53]"
495,31,331,1146,0.0007689243784527783,1.570000000007698e-06,2,"[6, 15]","[4256, 2006]"
496,31,331,1147,0.0007643267968176189,0.0007643267968176189,1,[6],[6270]
497,31,331,1147,0.0007667067968176306,2.3800000000116697e-06,2,"[6, 15]","[6243, 1]"
498,31,332,1146,0.0007567310490739271,0.0007567310490739271,1,[6],[6277]
499,31,332,1146,0.0007579010490739328,1.1700000000057368e-06,1,[6],[6247]
500,31,332,1146,0.0007588010490739372,9.000000000044129e-07,1,[6],[6266]
501,31,332,1146,0.0007596310490739413,8.300000000040697e-07,1,[6],[6255]
502,31,332,1146,0.0007604810490739455,8.500000000041677e-07,1,[6],[6261]
503,31,332,1146,0.0007614610490739503,9.800000000048052e-07,1,[6],[6224]
504,31,332,1146,0.0007628610490739571,1.4000000000068645e-06,1,[6],[6234]
505,31,332,1147,0.000760297856031699,0.000760297856031699,1,[6],[6264]
506,31,333,1146,0.0007517461450024024,0.0007517461450024024,1,[6],[6274]
507,31,333,1146,0.0007528061450024076,1.0600000000051974e-06,1,[6],[6276]
508,31,333,1146,0.0007536061450024115,8.000000000039226e-07,1,[6],[6205]
509,31,333,1146,0.0007543861450024154,7.800000000038245e-07,1,[6],[6294]
510,31,333,1146,0.0007551861450024193,8.000000000039226e-07,1,[6],[6205]
511,31,333,1146,0.0007560961450024237,9.100000000044619e-07,1,[6],[6302]
512,31,333,1146,0.0007572561450024294,1.1600000000056877e-06,1,[6],[6208]
513,31,333,1147,0.0007591514059635253,0.0007591514059635253,1,[6],[6251]
514,31,334,1145,0.0007489975880049143,0.0007489975880049143,3,"[6, 16, 111]","[5823, 338, 103]"
515,31,334,1146,0.0007470498464237208,0.0007470498464237208,3,"[6, 16, 111]","[5102, 906, 255]"
516,31,334,1146,0.0007481798464237263,1.1300000000055406e-06,2,"[6, 16]","[6255, 1]"
517,31,334,1146,0.0007490298464237305,8.500000000041677e-07,1,[6],[6250]
518,31,334,1146,0.0007497598464237341,7.300000000035793e-07,1,[6],[6306]
519,31,334,1146,0.0007505098464237377,7.500000000036774e-07,1,[6],[6244]
520,31,334,1146,0.0007513398464237418,8.300000000040697e-07,1,[6],[6208]
521,31,334,1146,0.0007524498464237473,1.1100000000054426e-06,1,[6],[6264]
522,31,335,1145,0.0007428773286954885,0.0007428773286954885,4,"[6, 16, 17, 111]","[5125, 763, 4, 394]"
523,31,335,1145,0.0007437473286954928,8.700000000042658e-07,3,"[6, 16, 111]","[3105, 1849, 1333]"
524,31,335,1145,0.0007445873286954969,8.400000000041187e-07,3,"[6, 16, 111]","[3408, 1995, 836]"
525,31,335,1145,0.0007458373286955031,1.250000000006129e-06,3,"[6, 16, 111]","[4394, 1720, 93]"
526,31,335,1146,0.0007426792283184881,0.0007426792283184881,4,"[6, 16, 17, 111]","[4013, 1777, 1, 529]"
527,31,335,1146,0.0007431592283184905,4.800000000023535e-07,3,"[6, 16, 111]","[1761, 3104, 1337]"
528,31,335,1146,0.0007435192283184923,3.6000000000176516e-07,3,"[6, 16, 111]","[1617, 3185, 1485]"
529,31,335,1146,0.0007438592283184939,3.400000000016671e-07,3,"[6, 16, 111]","[1776, 2972, 1527]"
530,31,335,1146,0.0007442392283184958,3.800000000018632e-07,3,"[6, 16, 111]","[2043, 2962, 1281]"
531,31,335,1146,0.000744689228318498,4.5000000000220645e-07,3,"[6, 16, 111]","[2688, 2834, 684]"
532,31,335,1146,0.0007452792283185009,5.900000000028929e-07,3,"[6, 16, 111]","[3697, 2272, 221]"
533,31,335,1146,0.0007460992283185049,8.200000000040206e-07,3,"[6, 16, 111]","[5290, 973, 15]"
534,31,335,1146,0.0007471892283185102,1.0900000000053445e-06,2,"[6, 16]","[6117, 97]"
535,31,335,1146,0.0007492992283185206,2.1100000000103458e-06,2,"[6, 16]","[6253, 1]"
536,31,336,1145,0.0007367372806650417,0.0007367372806650417,4,"[6, 17, 18, 19]","[1392, 4818, 34, 19]"
537,31,336,1145,0.0007383272806650495,1.5900000000077961e-06,2,"[6, 17]","[4762, 1522]"
538,31,336,1145,0.000739467280665055,1.1400000000055897e-06,2,"[6, 17]","[6243, 11]"
539,31,336,1145,0.0007404372806650598,9.700000000047561e-07,1,[6],[6202]
540,31,336,1145,0.0007415072806650651,1.0700000000052464e-06,2,"[6, 16]","[6269, 2]"
541,31,336,1145,0.0007429872806650723,1.4800000000072568e-06,3,"[6, 16, 111]","[5909, 245, 99]"
542,31,336,1146,0.0007394065145433085,0.0007394065145433085,4,"[6, 17, 18, 19]","[5000, 1253, 4, 2]"
543,31,336,1146,0.0007410165145433164,1.6100000000078942e-06,2,"[6, 16]","[6265, 2]"
544,31,336,1146,0.0007424865145433236,1.4700000000072077e-06,3,"[6, 16, 111]","[5810, 352, 69]"
545,31,336,1146,0.0007437265145433297,1.24000000000608e-06,3,"[6, 16, 111]","[3340, 2135, 776]"
546,31,337,1145,0.0007333971240384518,0.0007333971240384518,3,"[6, 18, 19]","[4285, 573, 1428]"
547,31,337,1145,0.0007340871240384552,6.900000000033832e-07,4,"[6, 17, 18, 19]","[3228, 7, 1555, 1467]"
548,31,337,1145,0.0007347671240384585,6.800000000033342e-07,4,"[6, 17, 18, 19]","[3911, 196, 1553, 634]"
549,31,337,1145,0.0007353871240384616,6.2000000000304e-07,4,"[6, 17, 18, 19]","[4158, 1473, 467, 86]"
550,31,337,1145,0.0007358371240384638,4.5000000000220645e-07,3,"[6, 17, 18]","[3136, 3065, 56]"
551,31,337,1145,0.0007361971240384655,3.6000000000176516e-07,3,"[6, 17, 18]","[2508, 3801, 11]"
552,31,337,1145,0.0007365371240384672,3.400000000016671e-07,3,"[6, 17, 18]","[2393, 3890, 1]"
553,31,337,1145,0.0007369171240384691,3.800000000018632e-07,2,"[6, 17]","[2464, 3663]"
554,31,337,1145,0.0007374471240384717,5.300000000025987e-07,2,"[6, 17]","[3305, 2944]"
555,31,337,1145,0.0007385071240384769,1.0600000000051974e-06,2,"[6, 17]","[5147, 1095]"
556,31,337,1146,0.00073590323324698,0.00073590323324698,4,"[6, 17, 18, 19]","[3557, 1324, 765, 633]"
557,31,337,1146,0.0007373732332469872,1.4700000000072077e-06,3,"[6, 17, 18]","[2796, 3454, 4]"
558,31,338,1145,0.0007298047392909159,0.0007298047392909159,1,[6],[6288]
559,31,338,1145,0.0007307747392909207,9.700000000047561e-07,1,[6],[6219]
560,31,338,1145,0.0007315647392909246,7.900000000038735e-07,2,"[6, 19]","[6254, 1]"
561,31,338,1145,0.0007322947392909282,7.300000000035793e-07,3,"[6, 18, 19]","[6181, 9, 72]"
562,31,338,1145,0.0007330147392909317,7.200000000035303e-07,3,"[6, 18, 19]","[5561, 92, 613]"
563,31,338,1145,0.000733694739290935,6.800000000033342e-07,3,"[6, 18, 19]","[4273, 502, 1475]"
564,31,338,1145,0.0007345947392909394,9.000000000044129e-07,4,"[6, 17, 18, 19]","[3579, 2, 1229, 1432]"
565,31,339,1144,0.0007277168254233799,0.0007277168254233799,3,"[6, 20, 21]","[6056, 143, 71]"
566,31,339,1145,0.0007258950904885622,0.0007258950904885622,3,"[6, 20, 21]","[5937, 191, 122]"
567,31,339,1145,0.0007269250904885673,1.0300000000050503e-06,1,[6],[6281]
568,31,339,1145,0.0007277350904885713,8.100000000039716e-07,1,[6],[6222]
569,31,339,1145,0.0007285550904885753,8.200000000040206e-07,1,[6],[6264]
570,31,339,1145,0.0007294750904885798,9.20000000004511e-07,1,[6],[6287]
571,31,339,1145,0.0007310650904885876,1.5900000000077961e-06,1,[6],[6200]
572,31,340,1144,0.0007221964407508558,0.0007221964407508558,3,"[6, 20, 21]","[6041, 72, 153]"
573,31,340,1144,0.00072305644075086,8.600000000042168e-07,5,"[6, 20, 21, 106, 107]","[3903, 1179, 1237, 8, 1]"
574,31,340,1144,0.0007236564407508629,6.000000000029419e-07,5,"[6, 20, 21, 106, 107]","[2670, 1969, 1591, 10, 1]"
575,31,340,1144,0.0007245164407508671,8.600000000042168e-07,4,"[6, 20, 21, 106]","[3105, 2018, 1047, 5]"
576,31,340,1145,0.0007223247584121557,0.0007223247584121557,4,"[6, 20, 21, 106]","[5742, 188, 343, 3]"
577,31,340,1145,0.0007229647584121588,6.400000000031381e-07,4,"[6, 20, 21, 106]","[3681, 1177, 1404, 6]"
578,31,340,1145,0.000723404758412161,4.400000000021574e-07,5,"[6, 20, 21, 106, 107]","[2757, 1957, 1604, 10, 1]"
579,31,340,1145,0.0007238047584121629,4.000000000019613e-07,5,"[6, 20, 21, 106, 107]","[2701, 2010, 1409, 8, 1]"
580,31,340,1145,0.0007243447584121656,5.400000000026477e-07,5,"[6, 20, 21, 106, 107]","[3472, 1831, 1004, 6, 1]"
581,31,340,1145,0.0007252947584121702,9.500000000046581e-07,4,"[6, 20, 21, 106]","[5271, 663, 274, 1]"
582,31,340,1145,0.0007272347584121797,1.9400000000095122e-06,3,"[6, 20, 21]","[6220, 17, 3]"
583,31,341,1144,0.0007180547958911988,0.0007180547958911988,1,[6],[6284]
584,31,341,1144,0.0007190147958912036,9.60000000004707e-07,1,[6],[6244]
585,31,341,1144,0.0007198147958912075,8.000000000039226e-07,1,[6],[6273]
586,31,341,1144,0.0007206847958912117,8.700000000042658e-07,1,[6],[6224]
587,31,341,1144,0.0007218647958912175,1.1800000000057858e-06,3,"[6, 20, 21]","[6241, 5, 11]"
588,31,341,1144,0.0007239547958912278,2.0900000000102477e-06,5,"[6, 20, 21, 106, 107]","[3496, 1202, 1515, 24, 1]"
589,31,341,1145,0.0007196630765242659,0.0007196630765242659,1,[6],[6265]
590,31,341,1145,0.0007211430765242732,1.4800000000072568e-06,1,[6],[6289]
591,31,341,1145,0.0007228230765242814,1.6800000000082374e-06,5,"[6, 20, 21, 106, 107]","[5391, 268, 541, 7, 1]"
592,31,342,1144,0.0007138580887568641,0.0007138580887568641,1,[6],[6273]
593,31,342,1144,0.0007148280887568689,9.700000000047561e-07,1,[6],[6273]
594,31,342,1144,0.0007155480887568724,7.200000000035303e-07,1,[6],[6254]
595,31,342,1144,0.0007162080887568756,6.600000000032361e-07,1,[6],[6262]
596,31,342,1144,0.0007168580887568788,6.500000000031871e-07,1,[6],[6189]
597,31,342,1144,0.0007176180887568825,7.600000000037264e-07,1,[6],[6279]
598,31,342,1144,0.0007188380887568885,1.220000000005982e-06,1,[6],[6226]
599,31,342,1145,0.0007183927732966098,0.0007183927732966098,1,[6],[6259]
600,31,343,1143,0.0007098289002696238,0.0007098289002696238,3,"[6, 22, 23]","[6193, 61, 1]"
601,31,343,1143,0.0007116589002696328,1.8300000000089729e-06,1,[6],[6277]
602,31,343,1144,0.000710082533326028,0.000710082533326028,3,"[6, 22, 23]","[6271, 5, 1]"
603,31,343,1144,0.0007110725333260328,9.900000000048542e-07,1,[6],[6280]
604,31,343,1144,0.0007118525333260367,7.800000000038245e-07,1,[6],[6225]
605,31,343,1144,0.0007125625333260401,7.100000000034813e-07,1,[6],[6222]
606,31,343,1144,0.0007133125333260438,7.500000000036774e-07,1,[6],[6314]
607,31,343,1144,0.0007142725333260485,9.60000000004707e-07,1,[6],[6197]
608,31,343,1144,0.0007169925333260619,2.7200000000133367e-06,1,[6],[6238]
609,31,344,1143,0.0007042034571910159,0.0007042034571910159,3,"[6, 22, 23]","[4609, 708, 986]"
610,31,344,1143,0.0007049334571910195,7.300000000035793e-07,3,"[6, 22, 23]","[3572, 2626, 61]"
611,31,344,1143,0.0007055034571910222,5.700000000027948e-07,2,"[6, 22]","[3693, 2591]"
612,31,344,1143,0.0007061134571910252,6.10000000002991e-07,2,"[6, 22]","[4770, 1456]"
613,31,344,1143,0.0007068134571910287,7.000000000034323e-07,2,"[6, 22]","[5954, 277]"
614,31,344,1143,0.0007075834571910324,7.700000000037755e-07,2,"[6, 22]","[6238, 17]"
615,31,344,1143,0.0007084834571910369,9.000000000044129e-07,1,[6],[6240]
616,31,344,1143,0.000709933457191044,1.4500000000071097e-06,1,[6],[6217]
617,31,344,1144,0.0007074420039435617,0.0007074420039435617,3,"[6, 22, 23]","[5439, 790, 27]"
618,31,344,1144,0.00070913200394357,1.6900000000082864e-06,1,[6],[6253]
619,31,344,1144,0.0007117720039435829,2.6400000000129445e-06,1,[6],[6248]
620,31,345,1142,0.0006999404807809668,0.0006999404807809668,1,[6],[6254]
621,31,345,1142,0.0007012904807809734,1.3500000000066193e-06,2,"[6, 23]","[6269, 2]"
622,31,345,1142,0.0007028004807809808,1.5100000000074039e-06,2,"[6, 23]","[5790, 458]"
623,31,345,1143,0.0007008546642100203,0.0007008546642100203,1,[6],[6287]
624,31,345,1143,0.0007017646642100248,9.100000000044619e-07,2,"[6, 23]","[6215, 63]"
625,31,345,1143,0.0007023846642100278,6.2000000000304e-07,2,"[6, 23]","[5598, 605]"
626,31,345,1143,0.0007028646642100302,4.800000000023535e-07,2,"[6, 23]","[4526, 1723]"
627,31,345,1143,0.0007032846642100322,4.2000000000205935e-07,3,"[6, 22, 23]","[3896, 9, 2498]"
628,31,345,1143,0.0007037146642100343,4.300000000021084e-07,3,"[6, 22, 23]","[3691, 52, 2430]"
629,31,345,1143,0.0007042746642100371,5.600000000027458e-07,3,"[6, 22, 23]","[4156, 397, 1673]"
630,31,345,1143,0.0007050046642100407,7.300000000035793e-07,3,"[6, 22, 23]","[4185, 1643, 433]"
631,31,345,1143,0.0007061146642100461,1.1100000000054426e-06,3,"[6, 22, 23]","[4047, 2121, 22]"
632,31,346,1141,0.0006989817799229647,0.0006989817799229647,1,[6],[6250]
633,31,346,1142,0.0006954171244339823,0.0006954171244339823,1,[6],[6308]
634,31,346,1142,0.0006963271244339867,9.100000000044619e-07,1,[6],[6239]
635,31,346,1142,0.0006970171244339901,6.900000000033832e-07,1,[6],[6263]
636,31,346,1142,0.0006976471244339932,6.30000000003089e-07,1,[6],[6237]
637,31,346,1142,0.0006982471244339961,6.000000000029419e-07,1,[6],[6213]
638,31,346,1142,0.0006989071244339994,6.600000000032361e-07,1,[6],[6247]
639,31,346,1142,0.0006997471244340035,8.400000000041187e-07,1,[6],[6314]
640,31,346,1142,0.0007016271244340127,1.880000000009218e-06,1,[6],[6193]
641,31,346,1143,0.0006996653588107781,0.0006996653588107781,1,[6],[6270]
642,31,346,1143,0.0007024453588107917,2.780000000013631e-06,2,"[6, 23]","[6170, 60]"
643,31,347,1141,0.0006905190836914085,0.0006905190836914085,1,[6],[6263]
644,31,347,1141,0.000691439083691413,9.20000000004511e-07,1,[6],[6254]
645,31,347,1141,0.0006922190836914169,7.800000000038245e-07,1,[6],[6308]
646,31,347,1141,0.0006930390836914209,8.200000000040206e-07,1,[6],[6192]
647,31,347,1141,0.0006941090836914261,1.0700000000052464e-06,1,[6],[6252]
648,31,347,1142,0.0006928823545883366,0.0006928823545883366,1,[6],[6287]
649,31,347,1142,0.0006940123545883421,1.1300000000055406e-06,1,[6],[6225]
650,31,347,1142,0.0006950323545883471,1.0200000000050013e-06,1,[6],[6297]
651,31,347,1142,0.0006963823545883537,1.3500000000066193e-06,1,[6],[6206]
652,31,348,1140,0.0006860308776772147,0.0006860308776772147,1,[6],[6262]
653,31,348,1140,0.0006872408776772206,1.2100000000059329e-06,1,[6],[6238]
654,31,348,1140,0.0006888108776772283,1.570000000007698e-06,1,[6],[6269]
655,31,348,1141,0.0006868569200653876,0.0006868569200653876,1,[6],[6250]
656,31,348,1141,0.0006877369200653919,8.800000000043148e-07,1,[6],[6294]
657,31,348,1141,0.0006884469200653954,7.100000000034813e-07,1,[6],[6262]
658,31,348,1141,0.0006890869200653985,6.400000000031381e-07,1,[6],[6266]
659,31,348,1141,0.0006897069200654016,6.2000000000304e-07,1,[6],[6209]
660,31,348,1141,0.0006904369200654052,7.300000000035793e-07,1,[6],[6224]
661,31,348,1141,0.0006915169200654105,1.0800000000052955e-06,1,[6],[6263]
662,31,349,1140,0.0006815747781154303,0.0006815747781154303,1,[6],[6298]
663,31,349,1140,0.0006824347781154345,8.600000000042168e-07,1,[6],[6247]
664,31,349,1140,0.0006830747781154376,6.400000000031381e-07,1,[6],[6247]
665,31,349,1140,0.0006836247781154403,5.500000000026968e-07,1,[6],[6297]
666,31,349,1140,0.0006841247781154428,5.000000000024516e-07,1,[6],[6188]
667,31,349,1140,0.0006846347781154453,5.100000000025006e-07,1,[6],[6267]
668,31,349,1140,0.000685184778115448,5.500000000026968e-07,1,[6],[6248]
669,31,349,1140,0.0006858547781154513,6.700000000032852e-07,1,[6],[6259]
670,31,349,1140,0.0006869747781154568,1.1200000000054916e-06,1,[6],[6239]
671,31,349,1141,0.0006854618693993731,0.0006854618693993731,1,[6],[6273]
672,31,349,1141,0.0006871718693993815,1.7100000000083845e-06,1,[6],[6240]
673,31,350,1139,0.0006775095945713592,0.0006775095945713592,1,[6],[6258]
674,31,350,1139,0.0006789195945713662,1.4100000000069135e-06,1,[6],[6271]
675,31,350,1139,0.0006804595945713737,1.540000000007551e-06,1,[6],[6239]
676,31,350,1140,0.0006776542210455574,0.0006776542210455574,1,[6],[6267]
677,31,350,1140,0.0006786142210455621,9.60000000004707e-07,1,[6],[6267]
678,31,350,1140,0.0006793542210455657,7.400000000036284e-07,1,[6],[6310]
679,31,350,1140,0.000680024221045569,6.700000000032852e-07,1,[6],[6192]
680,31,350,1140,0.0006806842210455722,6.600000000032361e-07,1,[6],[6254]
681,31,350,1140,0.0006813942210455757,7.100000000034813e-07,1,[6],[6240]
682,31,350,1140,0.0006822942210455801,9.000000000044129e-07,1,[6],[6255]
683,31,350,1140,0.0006846942210455919,2.4000000000117677e-06,1,[6],[6216]
684,31,351,1139,0.0006725033737343353,0.0006725033737343353,4,"[6, 24, 25, 101]","[5546, 708, 3, 17]"
685,31,351,1139,0.00067346337373434,9.60000000004707e-07,2,"[6, 24]","[6228, 32]"
686,31,351,1139,0.0006741733737343435,7.100000000034813e-07,1,[6],[6292]
687,31,351,1139,0.0006748033737343466,6.30000000003089e-07,1,[6],[6214]
688,31,351,1139,0.0006754333737343497,6.30000000003089e-07,1,[6],[6215]
689,31,351,1139,0.0006761633737343533,7.300000000035793e-07,1,[6],[6313]
690,31,351,1139,0.0006772033737343584,1.0400000000050993e-06,1,[6],[6189]
691,31,351,1140,0.0006746353317579484,0.0006746353317579484,3,"[6, 24, 101]","[6213, 65, 2]"
692,31,351,1140,0.0006758553317579544,1.220000000005982e-06,1,[6],[6246]
693,31,351,1140,0.0006770653317579603,1.2100000000059329e-06,1,[6],[6226]
694,31,351,1140,0.0006791553317579706,2.0900000000102477e-06,1,[6],[6259]
695,31,352,1139,0.0006685946507892638,0.0006685946507892638,2,"[6, 25]","[5234, 1032]"
696,31,352,1139,0.0006693846507892677,7.900000000038735e-07,3,"[6, 24, 25]","[5998, 3, 315]"
697,31,352,1139,0.0006699646507892706,5.800000000028439e-07,3,"[6, 24, 25]","[6221, 18, 30]"
698,31,352,1139,0.0006704446507892729,4.800000000023535e-07,4,"[6, 24, 25, 101]","[5954, 190, 2, 3]"
699,31,352,1139,0.0006708846507892751,4.400000000021574e-07,4,"[6, 24, 101, 102]","[5703, 549, 10, 1]"
700,31,352,1139,0.0006712946507892771,4.100000000020103e-07,4,"[6, 24, 101, 102]","[5266, 1029, 16, 3]"
701,31,352,1139,0.0006717046507892791,4.100000000020103e-07,4,"[6, 24, 101, 102]","[4944, 1212, 20, 1]"
702,31,352,1139,0.0006722046507892815,5.000000000024516e-07,4,"[6, 24, 101, 102]","[5281, 1043, 34, 3]"
703,31,352,1139,0.0006728946507892849,6.900000000033832e-07,4,"[6, 24, 101, 102]","[5770, 390, 14, 1]"
704,31,352,1139,0.0006742846507892917,1.3900000000068155e-06,2,"[6, 24]","[6215, 21]"
705,31,352,1140,0.0006745009005176627,0.0006745009005176627,4,"[6, 24, 25, 101]","[5862, 354, 38, 4]"
706,31,353,1138,0.0006655901466174199,0.0006655901466174199,3,"[6, 26, 27]","[5887, 259, 118]"
707,31,353,1138,0.0006673101466174283,1.7200000000084335e-06,2,"[6, 25]","[6208, 53]"
708,31,353,1139,0.0006649769907137022,0.0006649769907137022,3,"[6, 26, 27]","[5812, 382, 85]"
709,31,353,1139,0.0006658269907137064,8.500000000041677e-07,2,"[6, 26]","[6243, 1]"
710,31,353,1139,0.0006664769907137096,6.500000000031871e-07,2,"[6, 25]","[6285, 5]"
711,31,353,1139,0.0006670669907137125,5.900000000028929e-07,2,"[6, 25]","[6174, 83]"
712,31,353,1139,0.0006675969907137151,5.300000000025987e-07,2,"[6, 25]","[5720, 511]"
713,31,353,1139,0.0006680969907137175,5.000000000024516e-07,2,"[6, 25]","[5079, 1193]"
714,31,353,1139,0.0006686169907137201,5.200000000025497e-07,2,"[6, 25]","[4802, 1451]"
715,31,353,1139,0.0006693469907137236,7.300000000035793e-07,2,"[6, 25]","[5211, 1008]"
716,31,353,1139,0.0006717069907137352,2.3600000000115716e-06,4,"[6, 24, 25, 101]","[6005, 92, 108, 3]"
717,31,354,1138,0.0006615597840116595,0.0006615597840116595,2,"[6, 27]","[6121, 169]"
718,31,354,1138,0.000662279784011663,7.200000000035303e-07,3,"[6, 26, 27]","[5201, 26, 1074]"
719,31,354,1138,0.0006628097840116656,5.300000000025987e-07,3,"[6, 26, 27]","[4714, 167, 1329]"
720,31,354,1138,0.0006633297840116681,5.200000000025497e-07,3,"[6, 26, 27]","[4837, 516, 886]"
721,31,354,1138,0.0006639397840116711,6.10000000002991e-07,3,"[6, 26, 27]","[5034, 933, 318]"
722,31,354,1138,0.0006648997840116758,9.60000000004707e-07,3,"[6, 26, 27]","[5628, 545, 45]"
723,31,354,1139,0.0006616848421419938,0.0006616848421419938,3,"[6, 26, 27]","[6049, 3, 231]"
724,31,354,1139,0.0006624148421419974,7.300000000035793e-07,3,"[6, 26, 27]","[5100, 85, 1068]"
725,31,354,1139,0.000662954842142,5.400000000026477e-07,3,"[6, 26, 27]","[4869, 408, 1044]"
726,31,354,1139,0.0006634348421420024,4.800000000023535e-07,3,"[6, 26, 27]","[4678, 982, 541]"
727,31,354,1139,0.0006639248421420048,4.900000000024026e-07,3,"[6, 26, 27]","[4868, 1234, 154]"
728,31,354,1139,0.0006645348421420078,6.10000000002991e-07,3,"[6, 26, 27]","[5342, 898, 23]"
729,31,354,1139,0.0006654448421420122,9.100000000044619e-07,3,"[6, 26, 27]","[6016, 217, 1]"
730,31,355,1138,0.0006578527322679669,0.0006578527322679669,1,[6],[6287]
731,31,355,1138,0.0006586427322679707,7.900000000038735e-07,1,[6],[6250]
732,31,355,1138,0.000659302732267974,6.600000000032361e-07,1,[6],[6219]
733,31,355,1138,0.0006599627322679772,6.600000000032361e-07,1,[6],[6279]
734,31,355,1138,0.0006606927322679808,7.300000000035793e-07,2,"[6, 27]","[6246, 1]"
735,31,355,1138,0.0006616327322679854,9.40000000004609e-07,2,"[6, 27]","[6189, 42]"
736,31,355,1139,0.0006583813635740228,0.0006583813635740228,1,[6],[6279]
737,31,355,1139,0.0006593013635740273,9.20000000004511e-07,1,[6],[6302]
738,31,355,1139,0.0006601313635740313,8.300000000040697e-07,1,[6],[6204]
739,31,355,1139,0.0006610613635740359,9.3000000000456e-07,2,"[6, 27]","[6233, 2]"
740,31,355,1139,0.0006626213635740435,1.560000000007649e-06,3,"[6, 26, 27]","[5940, 7, 299]"
741,31,356,1138,0.000653502380740694,0.000653502380740694,1,[6],[6271]
742,31,356,1138,0.0006543423807406981,8.400000000041187e-07,1,[6],[6258]
743,31,356,1138,0.000654922380740701,5.800000000028439e-07,1,[6],[6260]
744,31,356,1138,0.0006554023807407033,4.800000000023535e-07,1,[6],[6314]
745,31,356,1138,0.0006558423807407055,4.400000000021574e-07,1,[6],[6257]
746,31,356,1138,0.0006562823807407076,4.400000000021574e-07,1,[6],[6250]
747,31,356,1138,0.0006567523807407099,4.700000000023045e-07,1,[6],[6159]
748,31,356,1138,0.0006572923807407126,5.400000000026477e-07,1,[6],[6328]
749,31,356,1138,0.0006579623807407159,6.700000000032852e-07,1,[6],[6233]
750,31,356,1138,0.0006590523807407212,1.0900000000053445e-06,1,[6],[6190]
751,31,356,1139,0.000655032001529715,0.000655032001529715,2,"[6, 30]","[6291, 1]"
752,31,356,1139,0.0006561320015297204,1.1000000000053935e-06,1,[6],[6214]
753,31,356,1139,0.0006571420015297253,1.0100000000049522e-06,1,[6],[6249]
754,31,356,1139,0.0006583120015297311,1.1700000000057368e-06,1,[6],[6267]
755,31,357,1138,0.0006492421118647596,0.0006492421118647596,2,"[6, 30]","[5195, 1107]"
756,31,357,1138,0.0006496821118647618,4.400000000021574e-07,2,"[6, 30]","[5067, 1208]"
757,31,357,1138,0.0006500421118647635,3.6000000000176516e-07,2,"[6, 30]","[5231, 955]"
758,31,357,1138,0.0006504021118647653,3.6000000000176516e-07,2,"[6, 30]","[5753, 625]"
759,31,357,1138,0.0006507621118647671,3.6000000000176516e-07,2,"[6, 30]","[5949, 275]"
760,31,357,1138,0.0006511221118647688,3.6000000000176516e-07,2,"[6, 30]","[6154, 70]"
761,31,357,1138,0.0006514821118647706,3.6000000000176516e-07,2,"[6, 30]","[6296, 11]"
762,31,357,1138,0.0006518321118647723,3.500000000017161e-07,2,"[6, 30]","[6205, 2]"
763,31,357,1138,0.0006521921118647741,3.6000000000176516e-07,1,[6],[6283]
764,31,357,1138,0.0006525521118647758,3.6000000000176516e-07,1,[6],[6133]
765,31,357,1138,0.0006529221118647776,3.700000000018142e-07,1,[6],[6260]
766,31,357,1138,0.0006533321118647797,4.100000000020103e-07,1,[6],[6303]
767,31,357,1138,0.0006537921118647819,4.600000000022555e-07,1,[6],[6274]
768,31,357,1138,0.0006543521118647847,5.600000000027458e-07,1,[6],[6197]
769,31,357,1138,0.0006551521118647886,8.000000000039226e-07,1,[6],[6208]
770,31,357,1139,0.0006499968483119079,0.0006499968483119079,2,"[6, 30]","[5996, 302]"
771,31,357,1139,0.0006509668483119127,9.700000000047561e-07,2,"[6, 30]","[6096, 120]"
772,31,357,1139,0.0006519868483119177,1.0200000000050013e-06,2,"[6, 30]","[6257, 8]"
773,31,357,1139,0.0006532168483119237,1.230000000006031e-06,1,[6],[6227]
774,31,357,1139,0.0006553268483119341,2.1100000000103458e-06,1,[6],[6258]
775,31,358,1132,0.000650051917450093,0.000650051917450093,2,"[30, 84]","[6243, 10]"
776,31,358,1133,0.0006496010997747901,0.0006496010997747901,1,[30],[6254]
777,31,358,1134,0.0006492625523059539,0.0006492625523059539,1,[30],[6272]
778,31,358,1134,0.0006501925523059584,9.3000000000456e-07,1,[30],[6247]
779,31,358,1135,0.0006490311838148309,0.0006490311838148309,1,[30],[6295]
780,31,358,1135,0.0006496211838148338,5.900000000028929e-07,1,[30],[6213]
781,31,358,1136,0.0006489669513282209,0.0006489669513282209,1,[30],[6252]
782,31,358,1136,0.0006494369513282232,4.700000000023045e-07,1,[30],[6377]
783,31,358,1136,0.0006500869513282264,6.500000000031871e-07,1,[30],[6138]
784,31,358,1137,0.0006491443619879003,0.0006491443619879003,2,"[6, 30]","[58, 6253]"
785,31,358,1137,0.0006495943619879025,4.5000000000220645e-07,2,"[6, 30]","[42, 6256]"
786,31,358,1137,0.0006501643619879053,5.700000000027948e-07,2,"[6, 30]","[65, 6084]"
787,31,358,1138,0.0006489934351476106,0.0006489934351476106,2,"[6, 30]","[4226, 2106]"
788,31,358,1138,0.0006493534351476124,3.6000000000176516e-07,2,"[6, 30]","[3751, 2602]"
789,31,358,1138,0.0006496434351476138,2.9000000000142193e-07,2,"[6, 30]","[3321, 2828]"
790,31,358,1138,0.0006499534351476153,3.1000000000152e-07,2,"[6, 30]","[3376, 2802]"
791,31,358,1138,0.0006503734351476174,4.2000000000205935e-07,2,"[6, 30]","[3827, 2464]"
792,31,358,1138,0.0006513634351476222,9.900000000048542e-07,2,"[6, 30]","[5010, 1214]"
793,31,358,1139,0.0006498585876448173,0.0006498585876448173,2,"[6, 30]","[5634, 632]"
794,31,359,1125,0.000651559918992347,0.000651559918992347,3,"[30, 81, 82]","[6242, 13, 1]"
795,31,359,1126,0.0006510781877270818,0.0006510781877270818,2,"[30, 81]","[6342, 2]"
796,31,359,1126,0.000651718187727085,6.400000000031381e-07,3,"[30, 81, 82]","[6209, 3, 1]"
797,31,359,1127,0.0006506921665803624,0.0006506921665803624,1,[30],[6297]
798,31,359,1127,0.000651222166580365,5.300000000025987e-07,1,[30],[6267]
799,31,359,1128,0.0006504144895535958,0.0006504144895535958,1,[30],[6317]
800,31,359,1128,0.0006508944895535981,4.800000000023535e-07,1,[30],[6237]
801,31,359,1128,0.0006518044895536026,9.100000000044619e-07,1,[30],[6196]
802,31,359,1129,0.0006501844738178704,0.0006501844738178704,1,[30],[6326]
803,31,359,1129,0.0006506744738178728,4.900000000024026e-07,1,[30],[6285]
804,31,359,1129,0.0006523744738178811,1.7000000000083355e-06,1,[30],[6140]
805,31,359,1130,0.0006499787750510754,0.0006499787750510754,1,[30],[6295]
806,31,359,1130,0.000650528775051078,5.500000000026968e-07,1,[30],[6222]
807,31,359,1131,0.0006497872552311702,0.0006497872552311702,2,"[30, 84]","[6333, 23]"
808,31,359,1131,0.000650377255231173,5.900000000028929e-07,2,"[30, 84]","[6128, 19]"
809,31,359,1131,0.000681767255231327,3.139000000015391e-05,3,"[30, 38, 84]","[3509, 2735, 5]"
810,31,359,1132,0.0006496543052596329,0.0006496543052596329,2,"[30, 84]","[6329, 14]"
811,31,359,1132,0.0006505243052596372,8.700000000042658e-07,2,"[30, 84]","[6141, 19]"
812,31,359,1133,0.0006496379172120703,0.0006496379172120703,1,[30],[6312]
813,31,359,1134,0.000649983414547995,0.000649983414547995,1,[30],[6270]
814,31,360,1122,0.0006527757030533317,0.0006527757030533317,2,"[30, 33]","[6237, 20]"
815,31,360,1123,0.000651944168027774,0.000651944168027774,1,[30],[6339]
816,31,360,1123,0.0006524541680277765,5.100000000025006e-07,1,[30],[6205]
817,31,360,1124,0.0006516052458239516,0.0006516052458239516,1,[30],[6265]
818,31,360,1124,0.0006520652458239538,4.600000000022555e-07,1,[30],[6257]
819,31,360,1124,0.000652705245823957,6.400000000031381e-07,1,[30],[6237]
820,31,360,1125,0.0006516280397918893,0.0006516280397918893,3,"[30, 81, 82]","[6257, 15, 2]"
821,31,361,1120,0.0006537749422676893,0.0006537749422676893,2,"[30, 33]","[5488, 845]"
822,31,361,1120,0.0006546849422676938,9.100000000044619e-07,2,"[30, 33]","[6168, 28]"
823,31,361,1121,0.0006524435613179674,0.0006524435613179674,2,"[30, 33]","[3679, 2596]"
824,31,361,1121,0.0006528535613179694,4.100000000020103e-07,2,"[30, 33]","[4065, 2270]"
825,31,361,1121,0.0006532435613179713,3.9000000000191225e-07,2,"[30, 33]","[4385, 1834]"
826,31,361,1121,0.0006538235613179742,5.800000000028439e-07,2,"[30, 33]","[5053, 1191]"
827,31,361,1122,0.0006523918006313795,0.0006523918006313795,2,"[30, 33]","[6185, 110]"
828,31,361,1122,0.0006529818006313824,5.900000000028929e-07,2,"[30, 33]","[6063, 142]"
829,31,361,1123,0.0006532943191293665,0.0006532943191293665,1,[30],[6253]
830,31,362,1116,0.0006592455171934506,0.0006592455171934506,1,[30],[6266]
831,31,362,1117,0.0006575374244894889,0.0006575374244894889,1,[30],[6294]
832,31,362,1117,0.0006583974244894932,8.600000000042168e-07,1,[30],[6261]
833,31,362,1118,0.0006562175522785923,0.0006562175522785923,1,[30],[6323]
834,31,362,1118,0.0006568475522785954,6.30000000003089e-07,1,[30],[6184]
835,31,362,1118,0.0006578975522786005,1.0500000000051484e-06,1,[30],[6254]
836,31,362,1119,0.0006551276492449275,0.0006551276492449275,1,[30],[6333]
837,31,362,1119,0.0006557776492449307,6.500000000031871e-07,1,[30],[6229]
838,31,362,1119,0.0006569376492449364,1.1600000000056877e-06,1,[30],[6197]
839,31,362,1120,0.0006545898012124199,0.0006545898012124199,2,"[30, 33]","[6220, 67]"
840,31,363,1113,0.0006616035181965442,0.0006616035181965442,1,[30],[6302]
841,31,363,1113,0.0006624735181965485,8.700000000042658e-07,1,[30],[6204]
842,31,363,1114,0.0006605036063958514,0.0006605036063958514,1,[30],[6250]
843,31,363,1114,0.0006610536063958541,5.500000000026968e-07,1,[30],[6343]
844,31,363,1114,0.0006617636063958576,7.100000000034813e-07,1,[30],[6196]
845,31,363,1115,0.0006597112942374623,0.0006597112942374623,1,[30],[6322]
846,31,363,1115,0.000660271294237465,5.600000000027458e-07,1,[30],[6216]
847,31,363,1115,0.0006610912942374691,8.200000000040206e-07,1,[30],[6248]
848,31,363,1116,0.0006588901353353447,0.0006588901353353447,1,[30],[6298]
849,31,363,1116,0.0006597101353353487,8.200000000040206e-07,1,[30],[6212]
850,31,363,1117,0.0006582564769869927,0.0006582564769869927,1,[30],[6296]
851,31,364,1107,0.0006668129927130925,0.0006668129927130925,2,"[30, 70]","[6297, 15]"
852,31,364,1107,0.0006672429927130946,4.300000000021084e-07,2,"[30, 70]","[6267, 24]"
853,31,364,1107,0.0006676329927130965,3.9000000000191225e-07,2,"[30, 70]","[6164, 32]"
854,31,364,1107,0.0006680929927130988,4.600000000022555e-07,2,"[30, 70]","[6193, 39]"
855,31,364,1107,0.0006687629927131021,6.700000000032852e-07,2,"[30, 70]","[6206, 18]"
856,31,364,1108,0.0006675672692883546,0.0006675672692883546,2,"[30, 70]","[6272, 3]"
857,31,364,1108,0.0006680972692883572,5.300000000025987e-07,1,[30],[6283]
858,31,364,1108,0.0006685972692883597,5.000000000024516e-07,1,[30],[6240]
859,31,364,1108,0.000670287269288368,1.6900000000082864e-06,1,[30],[6202]
860,31,364,1109,0.0006664224862135654,0.0006664224862135654,1,[30],[6252]
861,31,364,1109,0.0006670824862135686,6.600000000032361e-07,1,[30],[6254]
862,31,364,1109,0.0006678824862135725,8.000000000039226e-07,1,[30],[6268]
863,31,364,1110,0.0006644773398599539,0.0006644773398599539,1,[30],[6292]
864,31,364,1110,0.0006651973398599574,7.200000000035303e-07,1,[30],[6249]
865,31,364,1110,0.0006658973398599609,7.000000000034323e-07,1,[30],[6281]
866,31,364,1110,0.0006673773398599681,1.4800000000072568e-06,1,[30],[6184]
867,31,364,1111,0.0006633232878835042,0.0006633232878835042,1,[30],[6295]
868,31,364,1111,0.0006638532878835068,5.300000000025987e-07,1,[30],[6295]
869,31,364,1111,0.0006645432878835102,6.900000000033832e-07,1,[30],[6161]
870,31,364,1112,0.0006627823440178053,0.0006627823440178053,1,[30],[6288]
871,31,364,1112,0.0006633723440178082,5.900000000028929e-07,1,[30],[6285]
872,31,364,1113,0.000662562990107212,0.000662562990107212,1,[30],[6252]
