,event,pixel_x,pixel_y,reset_time,TSLR,nMCParticles,MC_TrackIDs,MC_Weights
0,39,288,1153,0.0009185374295453555,0.0009185374295453555,2,"[1, 7]","[1243, 5009]"
1,39,288,1154,0.0009159458315266065,0.0009159458315266065,2,"[1, 7]","[5951, 374]"
2,39,288,1154,0.0009163158315266083,3.700000000018142e-07,2,"[1, 7]","[5657, 543]"
3,39,288,1154,0.0009166258315266098,3.1000000000152e-07,2,"[1, 7]","[5648, 726]"
4,39,288,1154,0.0009169258315266113,3.0000000000147097e-07,2,"[1, 7]","[5311, 960]"
5,39,288,1154,0.0009172958315266131,3.700000000018142e-07,2,"[1, 7]","[5088, 1074]"
6,39,288,1154,0.0009183358315266182,1.0400000000050993e-06,2,"[1, 7]","[4562, 1614]"
7,39,288,1155,0.0009154414941051928,0.0009154414941051928,2,"[1, 7]","[6294, 10]"
8,39,288,1155,0.0009157614941051943,3.2000000000156903e-07,2,"[1, 7]","[6341, 12]"
9,39,288,1155,0.0009160014941051955,2.4000000000117677e-07,2,"[1, 7]","[6324, 13]"
10,39,288,1155,0.0009162114941051965,2.1000000000102968e-07,2,"[1, 7]","[6271, 17]"
11,39,288,1155,0.0009164014941051975,1.900000000009316e-07,2,"[1, 7]","[5944, 24]"
12,39,288,1155,0.0009166114941051985,2.1000000000102968e-07,2,"[1, 7]","[6356, 30]"
13,39,288,1155,0.0009168514941051997,2.4000000000117677e-07,2,"[1, 7]","[6275, 33]"
14,39,288,1155,0.0009171814941052013,3.3000000000161806e-07,2,"[1, 7]","[6079, 51]"
15,39,288,1156,0.0009151461904019531,0.0009151461904019531,1,[1],[6377]
16,39,288,1156,0.0009154561904019547,3.1000000000152e-07,1,[1],[6163]
17,39,288,1156,0.0009156961904019558,2.4000000000117677e-07,1,[1],[6388]
18,39,288,1156,0.0009159061904019569,2.1000000000102968e-07,1,[1],[6255]
19,39,288,1156,0.0009161061904019578,2.0000000000098064e-07,1,[1],[6147]
20,39,288,1156,0.0009163261904019589,2.200000000010787e-07,1,[1],[6272]
21,39,288,1156,0.0009165861904019602,2.6000000000127484e-07,1,[1],[6178]
22,39,288,1156,0.0009170161904019623,4.300000000021084e-07,1,[1],[6232]
23,39,288,1157,0.0009149380823539075,0.0009149380823539075,1,[1],[6311]
24,39,288,1157,0.000915258082353909,3.2000000000156903e-07,1,[1],[6356]
25,39,288,1157,0.0009154980823539102,2.4000000000117677e-07,1,[1],[6385]
26,39,288,1157,0.0009156980823539112,2.0000000000098064e-07,1,[1],[6087]
27,39,288,1157,0.0009158980823539122,2.0000000000098064e-07,1,[1],[6177]
28,39,288,1157,0.0009161180823539132,2.200000000010787e-07,1,[1],[6437]
29,39,288,1157,0.0009163780823539145,2.6000000000127484e-07,1,[1],[6021]
30,39,288,1157,0.0009168180823539167,4.400000000021574e-07,1,[1],[6246]
31,39,288,1158,0.0009147851120443064,0.0009147851120443064,1,[1],[6313]
32,39,288,1158,0.000915105112044308,3.2000000000156903e-07,1,[1],[6265]
33,39,288,1158,0.0009153451120443092,2.4000000000117677e-07,1,[1],[6187]
34,39,288,1158,0.0009155651120443103,2.200000000010787e-07,1,[1],[6387]
35,39,288,1158,0.0009157751120443113,2.1000000000102968e-07,1,[1],[6112]
36,39,288,1158,0.0009160151120443125,2.4000000000117677e-07,1,[1],[6429]
37,39,288,1158,0.0009163151120443139,3.0000000000147097e-07,1,[1],[6100]
38,39,288,1158,0.0009170451120443175,7.300000000035793e-07,1,[1],[6235]
39,39,288,1159,0.000914636322890216,0.000914636322890216,1,[1],[6360]
40,39,288,1159,0.0009149563228902176,3.2000000000156903e-07,1,[1],[6178]
41,39,288,1159,0.0009152063228902188,2.500000000012258e-07,1,[1],[6503]
42,39,288,1159,0.0009154163228902198,2.1000000000102968e-07,1,[1],[6010]
43,39,288,1159,0.0009156363228902209,2.200000000010787e-07,1,[1],[6278]
44,39,288,1159,0.0009158863228902221,2.500000000012258e-07,1,[1],[6368]
45,39,288,1159,0.0009162063228902237,3.2000000000156903e-07,1,[1],[6196]
46,39,288,1159,0.0009172363228902288,1.0300000000050503e-06,1,[1],[6108]
47,39,288,1160,0.0009144830978351692,0.0009144830978351692,1,[1],[6328]
48,39,288,1160,0.0009148130978351708,3.3000000000161806e-07,1,[1],[6398]
49,39,288,1160,0.0009150630978351721,2.500000000012258e-07,1,[1],[6300]
50,39,288,1160,0.0009152830978351731,2.200000000010787e-07,1,[1],[6152]
51,39,288,1160,0.0009155130978351743,2.3000000000112774e-07,1,[1],[6081]
52,39,288,1160,0.0009157830978351756,2.7000000000132387e-07,1,[1],[6382]
53,39,288,1160,0.0009161730978351775,3.9000000000191225e-07,1,[1],[6152]
54,39,288,1161,0.0009143169739610411,0.0009143169739610411,1,[1],[6372]
55,39,288,1161,0.0009146469739610428,3.3000000000161806e-07,1,[1],[6185]
56,39,288,1161,0.000914906973961044,2.6000000000127484e-07,1,[1],[6403]
57,39,288,1161,0.0009151369739610452,2.3000000000112774e-07,1,[1],[6131]
58,39,288,1161,0.0009153769739610463,2.4000000000117677e-07,1,[1],[6382]
59,39,288,1161,0.0009156569739610477,2.800000000013729e-07,1,[1],[6116]
60,39,288,1161,0.00091611697396105,4.600000000022555e-07,1,[1],[6218]
61,39,288,1162,0.0009142034836154191,0.0009142034836154191,1,[1],[6358]
62,39,288,1162,0.0009145434836154208,3.400000000016671e-07,1,[1],[6219]
63,39,288,1162,0.0009148034836154221,2.6000000000127484e-07,1,[1],[6230]
64,39,288,1162,0.0009150434836154232,2.4000000000117677e-07,1,[1],[6235]
65,39,288,1162,0.0009152934836154245,2.500000000012258e-07,1,[1],[6233]
66,39,288,1162,0.000915613483615426,3.2000000000156903e-07,1,[1],[6336]
67,39,288,1162,0.0009163234836154295,7.100000000034813e-07,1,[1],[6146]
68,39,288,1163,0.0009141301629462697,0.0009141301629462697,1,[1],[6297]
69,39,288,1163,0.0009144601629462714,3.3000000000161806e-07,1,[1],[6205]
70,39,288,1163,0.0009147301629462727,2.7000000000132387e-07,1,[1],[6440]
71,39,288,1163,0.0009149801629462739,2.500000000012258e-07,1,[1],[6246]
72,39,288,1163,0.0009152401629462752,2.6000000000127484e-07,1,[1],[6219]
73,39,288,1163,0.0009155801629462768,3.400000000016671e-07,1,[1],[6216]
74,39,288,1164,0.0009140232136635511,0.0009140232136635511,1,[1],[6320]
75,39,288,1164,0.0009143632136635527,3.400000000016671e-07,1,[1],[6224]
76,39,288,1164,0.000914623213663554,2.6000000000127484e-07,1,[1],[6327]
77,39,288,1164,0.0009148632136635552,2.4000000000117677e-07,1,[1],[6251]
78,39,288,1164,0.0009151132136635564,2.500000000012258e-07,1,[1],[6170]
79,39,288,1164,0.000915433213663558,3.2000000000156903e-07,1,[1],[6322]
80,39,288,1164,0.0009161432136635615,7.100000000034813e-07,1,[1],[6153]
81,39,288,1165,0.0009139190809344206,0.0009139190809344206,1,[1],[6385]
82,39,288,1165,0.0009142590809344223,3.400000000016671e-07,1,[1],[6194]
83,39,288,1165,0.0009145290809344236,2.7000000000132387e-07,1,[1],[6307]
84,39,288,1165,0.0009147790809344249,2.500000000012258e-07,1,[1],[6204]
85,39,288,1165,0.0009150590809344262,2.800000000013729e-07,1,[1],[6297]
86,39,288,1165,0.0009154390809344281,3.800000000018632e-07,1,[1],[6120]
87,39,288,1166,0.0009137727027239836,0.0009137727027239836,1,[1],[6375]
88,39,288,1166,0.0009141227027239853,3.500000000017161e-07,1,[1],[6183]
89,39,288,1166,0.0009144127027239867,2.9000000000142193e-07,1,[1],[6418]
90,39,288,1166,0.000914672702723988,2.6000000000127484e-07,1,[1],[6036]
91,39,288,1166,0.0009149827027239895,3.1000000000152e-07,1,[1],[6317]
92,39,288,1166,0.000915482702723992,5.000000000024516e-07,1,[1],[6218]
93,39,288,1167,0.0009136059095569902,0.0009136059095569902,1,[1],[6315]
94,39,288,1167,0.000913965909556992,3.6000000000176516e-07,1,[1],[6185]
95,39,288,1167,0.0009142559095569934,2.9000000000142193e-07,1,[1],[6266]
96,39,288,1167,0.0009145459095569948,2.9000000000142193e-07,1,[1],[6316]
97,39,288,1167,0.0009148959095569965,3.500000000017161e-07,1,[1],[6267]
98,39,288,1167,0.0009156359095570002,7.400000000036284e-07,1,[1],[6156]
99,39,288,1168,0.0009133963356474274,0.0009133963356474274,1,[1],[6348]
100,39,288,1168,0.0009137763356474293,3.800000000018632e-07,1,[1],[6342]
101,39,288,1168,0.0009140763356474307,3.0000000000147097e-07,1,[1],[6080]
102,39,288,1168,0.0009143963356474323,3.2000000000156903e-07,1,[1],[6351]
103,39,288,1168,0.0009148063356474343,4.100000000020103e-07,1,[1],[6234]
104,39,288,1169,0.0009131992243075099,0.0009131992243075099,1,[1],[6347]
105,39,288,1169,0.0009135892243075118,3.9000000000191225e-07,1,[1],[6299]
106,39,288,1169,0.0009139192243075134,3.3000000000161806e-07,1,[1],[6282]
107,39,288,1169,0.0009142792243075152,3.6000000000176516e-07,1,[1],[6223]
108,39,288,1169,0.0009148692243075181,5.900000000028929e-07,1,[1],[6128]
109,39,288,1170,0.0009129909938057308,0.0009129909938057308,1,[1],[6268]
110,39,288,1170,0.0009133909938057327,4.000000000019613e-07,1,[1],[6355]
111,39,288,1170,0.0009137309938057344,3.400000000016671e-07,1,[1],[6273]
112,39,288,1170,0.0009141109938057363,3.800000000018632e-07,1,[1],[6140]
113,39,288,1170,0.0009149309938057403,8.200000000040206e-07,1,[1],[6220]
114,39,288,1171,0.0009127605268695975,0.0009127605268695975,1,[1],[6272]
115,39,288,1171,0.0009131705268695995,4.100000000020103e-07,1,[1],[6281]
116,39,288,1171,0.0009135205268696012,3.500000000017161e-07,1,[1],[6334]
117,39,288,1171,0.0009139205268696032,4.000000000019613e-07,1,[1],[6133]
118,39,288,1172,0.0009125157873186217,0.0009125157873186217,1,[1],[6291]
119,39,288,1172,0.0009129357873186237,4.2000000000205935e-07,1,[1],[6291]
120,39,288,1172,0.0009132957873186255,3.6000000000176516e-07,1,[1],[6278]
121,39,288,1172,0.0009137157873186276,4.2000000000205935e-07,1,[1],[6203]
122,39,288,1173,0.0009122780749863772,0.0009122780749863772,1,[1],[6361]
123,39,288,1173,0.0009126780749863792,4.000000000019613e-07,1,[1],[6167]
124,39,288,1173,0.000913038074986381,3.6000000000176516e-07,1,[1],[6359]
125,39,288,1173,0.000913448074986383,4.100000000020103e-07,1,[1],[6114]
126,39,288,1174,0.0009120226640535661,0.0009120226640535661,2,"[1, 5]","[6292, 12]"
127,39,288,1174,0.0009124226640535681,4.000000000019613e-07,2,"[1, 5]","[6263, 7]"
128,39,288,1174,0.0009127626640535697,3.400000000016671e-07,2,"[1, 5]","[6350, 4]"
129,39,288,1174,0.0009131426640535716,3.800000000018632e-07,2,"[1, 5]","[6106, 3]"
130,39,288,1174,0.0009140126640535759,8.700000000042658e-07,2,"[1, 5]","[6224, 2]"
131,39,288,1175,0.0009117433837697108,0.0009117433837697108,2,"[1, 5]","[5763, 533]"
132,39,288,1175,0.0009121333837697127,3.9000000000191225e-07,2,"[1, 5]","[5827, 487]"
133,39,288,1175,0.0009124433837697142,3.1000000000152e-07,2,"[1, 5]","[5722, 456]"
134,39,288,1175,0.0009127633837697158,3.2000000000156903e-07,2,"[1, 5]","[5892, 417]"
135,39,288,1175,0.000913213383769718,4.5000000000220645e-07,2,"[1, 5]","[5810, 394]"
136,39,288,1176,0.000911525000098216,0.000911525000098216,2,"[1, 5]","[5996, 295]"
137,39,288,1176,0.0009119150000982179,3.9000000000191225e-07,2,"[1, 5]","[5910, 387]"
138,39,288,1176,0.0009122350000982195,3.2000000000156903e-07,2,"[1, 5]","[5798, 443]"
139,39,288,1176,0.0009125750000982211,3.400000000016671e-07,2,"[1, 5]","[5804, 445]"
140,39,288,1176,0.0009130850000982236,5.100000000025006e-07,2,"[1, 5]","[5700, 542]"
141,39,288,1177,0.0009112851700792856,0.0009112851700792856,2,"[1, 5]","[6248, 2]"
142,39,288,1177,0.0009116951700792876,4.100000000020103e-07,2,"[1, 5]","[6334, 1]"
143,39,288,1177,0.0009120251700792892,3.3000000000161806e-07,2,"[1, 5]","[6288, 3]"
144,39,288,1177,0.000912385170079291,3.6000000000176516e-07,2,"[1, 5]","[6159, 4]"
145,39,288,1177,0.0009130351700792942,6.500000000031871e-07,2,"[1, 5]","[6251, 6]"
146,39,288,1178,0.0009110018800868668,0.0009110018800868668,1,[1],[6300]
147,39,288,1178,0.0009113918800868687,3.9000000000191225e-07,1,[1],[6342]
148,39,288,1178,0.0009117118800868703,3.2000000000156903e-07,1,[1],[6302]
149,39,288,1178,0.0009120418800868719,3.3000000000161806e-07,1,[1],[6183]
150,39,288,1178,0.0009125018800868742,4.600000000022555e-07,1,[1],[6157]
151,39,288,1179,0.0009107251916378998,0.0009107251916378998,2,"[1, 4]","[6120, 182]"
152,39,288,1179,0.0009111051916379017,3.800000000018632e-07,2,"[1, 4]","[6199, 139]"
153,39,288,1179,0.0009114051916379031,3.0000000000147097e-07,2,"[1, 4]","[6019, 119]"
154,39,288,1179,0.0009117251916379047,3.2000000000156903e-07,2,"[1, 4]","[6281, 97]"
155,39,288,1179,0.0009121151916379066,3.9000000000191225e-07,2,"[1, 4]","[6008, 88]"
156,39,288,1180,0.0009104653243510684,0.0009104653243510684,2,"[1, 4]","[5588, 668]"
157,39,288,1180,0.0009108353243510702,3.700000000018142e-07,2,"[1, 4]","[5632, 681]"
158,39,288,1180,0.0009111253243510717,2.9000000000142193e-07,2,"[1, 4]","[5549, 658]"
159,39,288,1180,0.0009114253243510731,3.0000000000147097e-07,2,"[1, 4]","[5626, 690]"
160,39,288,1180,0.0009117753243510748,3.500000000017161e-07,2,"[1, 4]","[5533, 666]"
161,39,288,1180,0.0009127753243510797,1.0000000000049032e-06,2,"[1, 4]","[5532, 682]"
162,39,288,1181,0.0009103171403557808,0.0009103171403557808,2,"[1, 4]","[6239, 41]"
163,39,288,1181,0.0009106971403557827,3.800000000018632e-07,2,"[1, 4]","[6205, 41]"
164,39,288,1181,0.0009110171403557843,3.2000000000156903e-07,2,"[1, 4]","[6310, 45]"
165,39,288,1181,0.0009113471403557859,3.3000000000161806e-07,2,"[1, 4]","[6194, 68]"
166,39,288,1181,0.0009118271403557882,4.800000000023535e-07,2,"[1, 4]","[6058, 76]"
167,39,288,1182,0.0009101565163956767,0.0009101565163956767,2,"[1, 3]","[6386, 11]"
168,39,288,1182,0.0009105265163956785,3.700000000018142e-07,2,"[1, 3]","[6103, 11]"
169,39,288,1182,0.0009108465163956801,3.2000000000156903e-07,2,"[1, 3]","[6433, 9]"
170,39,288,1182,0.0009111565163956816,3.1000000000152e-07,2,"[1, 3]","[6060, 4]"
171,39,288,1182,0.0009115965163956838,4.400000000021574e-07,2,"[1, 3]","[6255, 6]"
172,39,288,1183,0.0009099733809885968,0.0009099733809885968,2,"[1, 3]","[5796, 530]"
173,39,288,1183,0.0009103333809885986,3.6000000000176516e-07,2,"[1, 3]","[5738, 477]"
174,39,288,1183,0.0009106233809886,2.9000000000142193e-07,2,"[1, 3]","[5809, 435]"
175,39,288,1183,0.0009109133809886014,2.9000000000142193e-07,2,"[1, 3]","[5815, 416]"
176,39,288,1183,0.0009112833809886032,3.700000000018142e-07,2,"[1, 3]","[5916, 403]"
177,39,288,1183,0.0009123733809886086,1.0900000000053445e-06,2,"[1, 3]","[5808, 363]"
178,39,288,1184,0.0009098622657685813,0.0009098622657685813,3,"[1, 2, 3]","[5900, 86, 274]"
179,39,288,1184,0.0009102422657685832,3.800000000018632e-07,3,"[1, 2, 3]","[5948, 42, 339]"
180,39,288,1184,0.0009105422657685846,3.0000000000147097e-07,3,"[1, 2, 3]","[5882, 49, 307]"
181,39,288,1184,0.0009108522657685861,3.1000000000152e-07,3,"[1, 2, 3]","[5820, 37, 347]"
182,39,288,1184,0.0009112822657685883,4.300000000021084e-07,3,"[1, 2, 3]","[5899, 49, 325]"
183,39,288,1185,0.0009097416083014497,0.0009097416083014497,2,"[1, 2]","[5526, 751]"
184,39,288,1185,0.0009101116083014515,3.700000000018142e-07,3,"[1, 2, 3]","[5557, 819, 2]"
185,39,288,1185,0.000910411608301453,3.0000000000147097e-07,2,"[1, 2]","[5514, 753]"
186,39,288,1185,0.0009107016083014544,2.9000000000142193e-07,3,"[1, 2, 3]","[5491, 758, 2]"
187,39,288,1185,0.0009110716083014562,3.700000000018142e-07,3,"[1, 2, 3]","[5417, 774, 3]"
188,39,288,1186,0.0009097195187011049,0.0009097195187011049,2,"[1, 2]","[6108, 156]"
189,39,288,1186,0.0009101095187011068,3.9000000000191225e-07,2,"[1, 2]","[6093, 185]"
190,39,288,1186,0.0009104295187011084,3.2000000000156903e-07,2,"[1, 2]","[6029, 183]"
191,39,288,1186,0.0009107995187011102,3.700000000018142e-07,2,"[1, 2]","[6149, 195]"
192,39,288,1186,0.0009114595187011134,6.600000000032361e-07,2,"[1, 2]","[5989, 210]"
193,39,288,1187,0.0009096856145883276,0.0009096856145883276,2,"[1, 2]","[6349, 2]"
194,39,288,1187,0.0009100856145883296,4.000000000019613e-07,1,[1],[6218]
195,39,288,1187,0.0009104356145883313,3.500000000017161e-07,1,[1],[6337]
196,39,288,1187,0.0009108456145883333,4.100000000020103e-07,1,[1],[6196]
197,39,288,1188,0.000910040324523751,0.000910040324523751,1,[1],[6296]
198,39,288,1188,0.0009107503245237544,7.100000000034813e-07,1,[1],[6258]
199,39,289,1151,0.0009197407652451944,0.0009197407652451944,1,[7],[6274]
200,39,289,1152,0.0009183032261882955,0.0009183032261882955,1,[7],[6274]
201,39,289,1152,0.0009190332261882991,7.300000000035793e-07,1,[7],[6248]
202,39,289,1153,0.0009173103768481334,0.0009173103768481334,2,"[1, 7]","[746, 5553]"
203,39,289,1153,0.0009179903768481367,6.800000000033342e-07,2,"[1, 7]","[124, 6104]"
204,39,289,1153,0.0009190403768481419,1.0500000000051484e-06,2,"[1, 7]","[15, 6213]"
205,39,289,1154,0.0009161228824222266,0.0009161228824222266,2,"[1, 7]","[5560, 701]"
206,39,289,1154,0.0009165728824222288,4.5000000000220645e-07,2,"[1, 7]","[5275, 1119]"
207,39,289,1154,0.0009169628824222307,3.9000000000191225e-07,2,"[1, 7]","[4653, 1529]"
208,39,289,1154,0.0009174628824222331,5.000000000024516e-07,2,"[1, 7]","[4197, 2030]"
209,39,289,1155,0.0009156999921010609,0.0009156999921010609,2,"[1, 7]","[6284, 14]"
210,39,289,1155,0.0009160999921010628,4.000000000019613e-07,2,"[1, 7]","[6238, 21]"
211,39,289,1155,0.0009164499921010646,3.500000000017161e-07,2,"[1, 7]","[6264, 44]"
212,39,289,1155,0.0009168299921010664,3.800000000018632e-07,2,"[1, 7]","[6124, 56]"
213,39,289,1155,0.0009175199921010698,6.900000000033832e-07,2,"[1, 7]","[6116, 91]"
214,39,289,1156,0.0009155389905452622,0.0009155389905452622,1,[1],[6290]
215,39,289,1156,0.0009160289905452646,4.900000000024026e-07,1,[1],[6304]
216,39,289,1156,0.000916528990545267,5.000000000024516e-07,1,[1],[6180]
217,39,289,1157,0.0009155065101880668,0.0009155065101880668,1,[1],[6296]
218,39,289,1157,0.0009161465101880699,6.400000000031381e-07,1,[1],[6214]
219,39,289,1158,0.0009154329618507033,0.0009154329618507033,1,[1],[6251]
220,39,289,1158,0.0009162629618507074,8.300000000040697e-07,1,[1],[6299]
221,39,289,1159,0.0009154019925437804,0.0009154019925437804,1,[1],[6285]
222,39,289,1159,0.0009166819925437867,1.2800000000062761e-06,1,[1],[6224]
223,39,289,1160,0.000915405903768915,0.000915405903768915,1,[1],[6259]
224,39,289,1161,0.0009153593745124076,0.0009153593745124076,1,[1],[6286]
225,39,289,1162,0.0009153132688018133,0.0009153132688018133,1,[1],[6251]
226,39,289,1163,0.0009152849310362359,0.0009152849310362359,1,[1],[6261]
227,39,289,1164,0.0009151403164021642,0.0009151403164021642,1,[1],[6272]
228,39,289,1165,0.0009149049814501536,0.0009149049814501536,1,[1],[6301]
229,39,289,1166,0.0009145973781767393,0.0009145973781767393,1,[1],[6284]
230,39,289,1167,0.0009142927641163786,0.0009142927641163786,1,[1],[6299]
231,39,289,1168,0.0009139961843632465,0.0009139961843632465,1,[1],[6291]
232,39,289,1168,0.0009151661843632522,1.1700000000057368e-06,1,[1],[6226]
233,39,289,1169,0.0009136777943736644,0.0009136777943736644,1,[1],[6278]
234,39,289,1169,0.0009145477943736687,8.700000000042658e-07,1,[1],[6231]
235,39,289,1170,0.000913390865889051,0.000913390865889051,1,[1],[6281]
236,39,289,1170,0.0009141708658890549,7.800000000038245e-07,1,[1],[6236]
237,39,289,1171,0.0009131314761465838,0.0009131314761465838,1,[1],[6270]
238,39,289,1171,0.0009138714761465875,7.400000000036284e-07,1,[1],[6312]
239,39,289,1172,0.0009129311933224668,0.0009129311933224668,1,[1],[6260]
240,39,289,1172,0.0009136911933224706,7.600000000037264e-07,1,[1],[6265]
241,39,289,1173,0.0009127121870493944,0.0009127121870493944,1,[1],[6306]
242,39,289,1173,0.0009135221870493984,8.100000000039716e-07,1,[1],[6221]
243,39,289,1174,0.0009124811755148071,0.0009124811755148071,2,"[1, 5]","[6258, 10]"
244,39,289,1174,0.0009133611755148115,8.800000000043148e-07,2,"[1, 5]","[6282, 4]"
245,39,289,1175,0.0009122445929898521,0.0009122445929898521,2,"[1, 5]","[5841, 438]"
246,39,289,1175,0.0009130845929898562,8.400000000041187e-07,2,"[1, 5]","[5820, 429]"
247,39,289,1176,0.0009121336933073156,0.0009121336933073156,2,"[1, 5]","[5924, 341]"
248,39,289,1176,0.0009133736933073217,1.24000000000608e-06,2,"[1, 5]","[5726, 511]"
249,39,289,1177,0.0009120618236251083,0.0009120618236251083,2,"[1, 5]","[6301, 6]"
250,39,289,1178,0.000911899522681485,0.000911899522681485,1,[1],[6277]
251,39,289,1179,0.0009117285582935504,0.0009117285582935504,2,"[1, 4]","[6147, 143]"
252,39,289,1180,0.0009116444094431079,0.0009116444094431079,2,"[1, 4]","[5509, 753]"
253,39,289,1181,0.0009121741288010942,0.0009121741288010942,2,"[1, 4]","[6199, 61]"
254,39,290,1148,0.0009236188625135712,0.0009236188625135712,2,"[7, 8]","[5777, 483]"
255,39,290,1149,0.0009214110583659757,0.0009214110583659757,2,"[7, 8]","[6276, 1]"
256,39,290,1149,0.0009223910583659805,9.800000000048052e-07,2,"[7, 8]","[6266, 1]"
257,39,290,1150,0.000920327359211586,0.000920327359211586,1,[7],[6276]
258,39,290,1150,0.0009210073592115893,6.800000000033342e-07,1,[7],[6288]
259,39,290,1150,0.0009220873592115946,1.0800000000052955e-06,1,[7],[6196]
260,39,290,1151,0.0009196336966356456,0.0009196336966356456,1,[7],[6325]
261,39,290,1151,0.0009204936966356499,8.600000000042168e-07,1,[7],[6211]
262,39,290,1152,0.0009199142273224936,0.0009199142273224936,1,[7],[6250]
263,39,291,1146,0.0009248293787917312,0.0009248293787917312,2,"[7, 8]","[6255, 26]"
264,39,291,1147,0.000923133576305065,0.000923133576305065,2,"[7, 8]","[4503, 1816]"
265,39,291,1147,0.000923753576305068,6.2000000000304e-07,2,"[7, 8]","[4786, 1452]"
266,39,291,1147,0.0009246135763050723,8.600000000042168e-07,2,"[7, 8]","[5236, 993]"
267,39,291,1148,0.000922401665883927,0.000922401665883927,2,"[7, 8]","[5806, 462]"
268,39,291,1148,0.0009230016658839299,6.000000000029419e-07,2,"[7, 8]","[5087, 1233]"
269,39,291,1148,0.0009236616658839332,6.600000000032361e-07,2,"[7, 8]","[4287, 1902]"
270,39,291,1149,0.0009220313675787214,0.0009220313675787214,2,"[7, 8]","[6296, 2]"
271,39,292,1144,0.0009263632744948106,0.0009263632744948106,1,[7],[6276]
272,39,292,1145,0.0009252278399440014,0.0009252278399440014,1,[7],[6269]
273,39,292,1145,0.0009259678399440051,7.400000000036284e-07,1,[7],[6289]
274,39,292,1146,0.0009246045488376887,0.0009246045488376887,2,"[7, 8]","[6322, 7]"
275,39,292,1146,0.0009256345488376938,1.0300000000050503e-06,1,[7],[6177]
276,39,292,1147,0.0009251604382478908,0.0009251604382478908,2,"[7, 8]","[5756, 494]"
277,39,293,1141,0.000929429474023946,0.000929429474023946,2,"[7, 9]","[4358, 1910]"
278,39,293,1142,0.0009280469505258889,0.0009280469505258889,2,"[7, 9]","[5999, 295]"
279,39,293,1142,0.0009287869505258925,7.400000000036284e-07,2,"[7, 9]","[5152, 1064]"
280,39,293,1143,0.0009271593912692469,0.0009271593912692469,1,[7],[6263]
281,39,293,1143,0.0009279093912692506,7.500000000036774e-07,2,"[7, 9]","[6249, 3]"
282,39,293,1144,0.0009267828434490646,0.0009267828434490646,1,[7],[6273]
283,39,294,1139,0.0009320212216984347,0.0009320212216984347,1,[7],[6266]
284,39,294,1140,0.0009301107281977185,0.0009301107281977185,2,"[7, 9]","[6279, 15]"
285,39,294,1140,0.0009309607281977227,8.500000000041677e-07,2,"[7, 9]","[6243, 2]"
286,39,294,1141,0.0009290565714653277,0.0009290565714653277,2,"[7, 9]","[5003, 1261]"
287,39,294,1141,0.0009297665714653312,7.100000000034813e-07,2,"[7, 9]","[5485, 765]"
288,39,294,1141,0.0009312765714653386,1.5100000000074039e-06,2,"[7, 9]","[5942, 306]"
289,39,294,1142,0.0009288772260415173,0.0009288772260415173,2,"[7, 9]","[4895, 1398]"
290,39,295,1137,0.0009340893125072203,0.0009340893125072203,1,[7],[6274]
291,39,295,1138,0.0009323264234331781,0.0009323264234331781,1,[7],[6311]
292,39,295,1138,0.000933126423433182,8.000000000039226e-07,1,[7],[6192]
293,39,295,1139,0.0009314206379886045,0.0009314206379886045,1,[7],[6262]
294,39,295,1139,0.0009322606379886086,8.400000000041187e-07,1,[7],[6285]
295,39,295,1140,0.0009316394101107475,0.0009316394101107475,1,[7],[6255]
296,39,296,1135,0.0009360534238599421,0.0009360534238599421,2,"[7, 10]","[5816, 435]"
297,39,296,1136,0.0009344948695488353,0.0009344948695488353,1,[7],[6311]
298,39,296,1136,0.0009352948695488392,8.000000000039226e-07,2,"[7, 10]","[6235, 1]"
299,39,296,1137,0.0009336694507381414,0.0009336694507381414,1,[7],[6264]
300,39,296,1137,0.0009345494507381457,8.800000000043148e-07,1,[7],[6264]
301,39,296,1138,0.0009341777404553265,0.0009341777404553265,1,[7],[6254]
302,39,297,1133,0.000938113199886813,0.000938113199886813,2,"[7, 10]","[6242, 9]"
303,39,297,1134,0.0009365093537501384,0.0009365093537501384,2,"[7, 10]","[5050, 1264]"
304,39,297,1134,0.0009371993537501418,6.900000000033832e-07,2,"[7, 10]","[5644, 558]"
305,39,297,1134,0.0009381793537501466,9.800000000048052e-07,2,"[7, 10]","[6070, 171]"
306,39,297,1135,0.0009357938035275405,0.0009357938035275405,2,"[7, 10]","[5426, 851]"
307,39,297,1135,0.000936513803527544,7.200000000035303e-07,2,"[7, 10]","[4888, 1351]"
308,39,298,1131,0.0009395625955127821,0.0009395625955127821,2,"[7, 11]","[3050, 3233]"
309,39,298,1131,0.0009401225955127849,5.600000000027458e-07,2,"[7, 11]","[2826, 3412]"
310,39,298,1131,0.0009408425955127884,7.200000000035303e-07,2,"[7, 11]","[3153, 3086]"
311,39,298,1132,0.0009387808067182895,0.0009387808067182895,2,"[7, 11]","[6225, 31]"
312,39,298,1132,0.0009394808067182929,7.000000000034323e-07,2,"[7, 11]","[6175, 132]"
313,39,298,1132,0.0009405908067182983,1.1100000000054426e-06,2,"[7, 11]","[5718, 497]"
314,39,298,1133,0.0009380670165739038,0.0009380670165739038,1,[7],[6302]
315,39,298,1133,0.0009389570165739082,8.900000000043639e-07,1,[7],[6198]
316,39,299,1129,0.0009419077481539812,0.0009419077481539812,3,"[7, 11, 12]","[4478, 3, 1803]"
317,39,299,1129,0.0009428677481539859,9.60000000004707e-07,2,"[7, 12]","[4793, 1458]"
318,39,299,1130,0.000940657456196347,0.000940657456196347,3,"[7, 11, 12]","[4410, 1827, 45]"
319,39,299,1130,0.0009413074561963502,6.500000000031871e-07,3,"[7, 11, 12]","[5804, 264, 210]"
320,39,299,1130,0.0009419574561963534,6.500000000031871e-07,3,"[7, 11, 12]","[5760, 33, 438]"
321,39,299,1131,0.0009397445694388472,0.0009397445694388472,2,"[7, 11]","[3049, 3208]"
322,39,299,1131,0.00094032456943885,5.800000000028439e-07,2,"[7, 11]","[3732, 2562]"
323,39,299,1131,0.0009409245694388529,6.000000000029419e-07,2,"[7, 11]","[4448, 1766]"
324,39,300,1127,0.0009443999569052992,0.0009443999569052992,1,[7],[6279]
325,39,300,1128,0.0009430415483984468,0.0009430415483984468,2,"[7, 12]","[6141, 128]"
326,39,300,1128,0.0009437315483984502,6.900000000033832e-07,2,"[7, 12]","[6282, 4]"
327,39,300,1128,0.0009448415483984556,1.1100000000054426e-06,1,[7],[6211]
328,39,300,1129,0.000942098669596476,0.000942098669596476,2,"[7, 12]","[4279, 2017]"
329,39,300,1129,0.0009428786695964798,7.800000000038245e-07,2,"[7, 12]","[5306, 954]"
330,39,300,1130,0.0009431290178158069,0.0009431290178158069,3,"[7, 11, 12]","[4987, 19, 1246]"
331,39,301,1125,0.0009465105248736079,0.0009465105248736079,1,[7],[6270]
332,39,301,1126,0.0009451942339251639,0.0009451942339251639,1,[7],[6311]
333,39,301,1126,0.0009458842339251672,6.900000000033832e-07,1,[7],[6189]
334,39,301,1126,0.0009470142339251728,1.1300000000055406e-06,1,[7],[6254]
335,39,301,1127,0.0009445649343926527,0.0009445649343926527,1,[7],[6278]
336,39,301,1127,0.0009455749343926577,1.0100000000049522e-06,1,[7],[6262]
337,39,302,1123,0.0009486505407401062,0.0009486505407401062,1,[7],[6251]
338,39,302,1124,0.0009473214393335995,0.0009473214393335995,1,[7],[6256]
339,39,302,1124,0.0009480114393336029,6.900000000033832e-07,1,[7],[6254]
340,39,302,1124,0.0009491814393336087,1.1700000000057368e-06,1,[7],[6249]
341,39,302,1125,0.0009466798878933978,0.0009466798878933978,1,[7],[6251]
342,39,302,1125,0.0009476898878934027,1.0100000000049522e-06,1,[7],[6289]
343,39,303,1121,0.0009507740346814402,0.0009507740346814402,2,"[7, 13]","[5961, 313]"
344,39,303,1122,0.0009494125120599412,0.0009494125120599412,2,"[7, 13]","[5412, 881]"
345,39,303,1122,0.0009500125120599441,6.000000000029419e-07,2,"[7, 13]","[5026, 1227]"
346,39,303,1122,0.0009507025120599475,6.900000000033832e-07,2,"[7, 13]","[5059, 1154]"
347,39,303,1123,0.0009488644457191411,0.0009488644457191411,2,"[7, 13]","[6243, 41]"
348,39,303,1123,0.0009498344457191458,9.700000000047561e-07,2,"[7, 13]","[5962, 256]"
349,39,304,1119,0.000952928626198587,0.000952928626198587,2,"[7, 14]","[4974, 1309]"
350,39,304,1119,0.0009543886261985942,1.4600000000071587e-06,2,"[7, 14]","[5522, 706]"
351,39,304,1120,0.000951708891883499,0.000951708891883499,2,"[7, 14]","[6161, 143]"
352,39,304,1120,0.0009523588918835022,6.500000000031871e-07,2,"[7, 14]","[5781, 468]"
353,39,304,1120,0.000953128891883506,7.700000000037755e-07,2,"[7, 14]","[5370, 834]"
354,39,304,1121,0.0009510119923025589,0.0009510119923025589,2,"[7, 13]","[6222, 43]"
355,39,304,1121,0.0009519819923025637,9.700000000047561e-07,3,"[7, 13, 14]","[6248, 3, 2]"
356,39,305,1117,0.0009552465076843197,0.0009552465076843197,1,[7],[6301]
357,39,305,1118,0.0009539023094570116,0.0009539023094570116,2,"[7, 14]","[6252, 17]"
358,39,305,1118,0.0009545723094570149,6.700000000032852e-07,1,[7],[6331]
359,39,305,1118,0.0009555723094570198,1.0000000000049032e-06,2,"[7, 14]","[6158, 1]"
360,39,305,1119,0.0009530885159915233,0.0009530885159915233,2,"[7, 14]","[5367, 910]"
361,39,305,1119,0.0009539285159915274,8.400000000041187e-07,2,"[7, 14]","[5974, 298]"
362,39,305,1120,0.0009538280289815357,0.0009538280289815357,2,"[7, 14]","[5093, 1163]"
363,39,306,1115,0.0009571896975895343,0.0009571896975895343,3,"[7, 15, 16]","[4638, 1256, 424]"
364,39,306,1115,0.0009580496975895385,8.600000000042168e-07,3,"[7, 15, 16]","[4333, 545, 1330]"
365,39,306,1116,0.0009560530878107084,0.0009560530878107084,2,"[7, 15]","[5840, 441]"
366,39,306,1116,0.0009566430878107113,5.900000000028929e-07,2,"[7, 15]","[5232, 1018]"
367,39,306,1116,0.0009572930878107144,6.500000000031871e-07,3,"[7, 15, 16]","[4727, 1472, 29]"
368,39,306,1117,0.0009554183684817709,0.0009554183684817709,2,"[7, 15]","[6249, 7]"
369,39,306,1117,0.0009563783684817756,9.60000000004707e-07,2,"[7, 15]","[6249, 19]"
370,39,307,1113,0.0009594424940347626,0.0009594424940347626,2,"[7, 16]","[6246, 4]"
371,39,307,1113,0.0009605224940347679,1.0800000000052955e-06,1,[7],[6252]
372,39,307,1114,0.0009581745864038427,0.0009581745864038427,3,"[7, 15, 16]","[5113, 6, 1207]"
373,39,307,1114,0.000958844586403846,6.700000000032852e-07,2,"[7, 16]","[5657, 563]"
374,39,307,1114,0.0009597645864038505,9.20000000004511e-07,2,"[7, 16]","[6012, 218]"
375,39,307,1115,0.0009574536566951607,0.0009574536566951607,3,"[7, 15, 16]","[4191, 509, 1623]"
376,39,307,1115,0.0009580836566951638,6.30000000003089e-07,3,"[7, 15, 16]","[3661, 97, 2462]"
377,39,307,1115,0.000958943656695168,8.600000000042168e-07,3,"[7, 15, 16]","[3513, 38, 2657]"
378,39,308,1110,0.0009628828079028004,0.0009628828079028004,2,"[7, 17]","[5151, 1108]"
379,39,308,1111,0.000961271410712196,0.000961271410712196,2,"[7, 17]","[4603, 1714]"
380,39,308,1111,0.0009618114107121987,5.400000000026477e-07,2,"[7, 17]","[3943, 2304]"
381,39,308,1111,0.0009623514107122013,5.400000000026477e-07,2,"[7, 17]","[3929, 2334]"
382,39,308,1111,0.0009648114107122134,2.460000000012062e-06,2,"[7, 17]","[4324, 1849]"
383,39,308,1112,0.0009605366418015341,0.0009605366418015341,2,"[7, 17]","[6277, 29]"
384,39,308,1112,0.0009612666418015377,7.300000000035793e-07,2,"[7, 17]","[6031, 185]"
385,39,308,1112,0.0009627866418015452,1.5200000000074529e-06,2,"[7, 17]","[5498, 736]"
386,39,308,1113,0.0009601412179080798,0.0009601412179080798,1,[7],[6252]
387,39,309,1108,0.0009646992558548165,0.0009646992558548165,2,"[7, 18]","[4857, 1444]"
388,39,309,1108,0.0009655492558548206,8.500000000041677e-07,2,"[7, 18]","[5245, 992]"
389,39,309,1109,0.0009636047250083916,0.0009636047250083916,2,"[7, 18]","[6154, 130]"
390,39,309,1109,0.0009642447250083947,6.400000000031381e-07,2,"[7, 18]","[5733, 485]"
391,39,309,1109,0.0009649947250083984,7.500000000036774e-07,2,"[7, 18]","[5439, 854]"
392,39,309,1110,0.0009627027065651618,0.0009627027065651618,2,"[7, 17]","[5898, 388]"
393,39,309,1110,0.0009634827065651656,7.800000000038245e-07,2,"[7, 17]","[6221, 42]"
394,39,309,1111,0.000962224148143351,0.000962224148143351,2,"[7, 17]","[4285, 2006]"
395,39,310,1105,0.0009685537427121395,0.0009685537427121395,2,"[7, 19]","[6099, 171]"
396,39,310,1106,0.0009668408326533117,0.0009668408326533117,1,[7],[6290]
397,39,310,1106,0.0009675508326533152,7.100000000034813e-07,2,"[7, 19]","[6248, 2]"
398,39,310,1106,0.0009687608326533211,1.2100000000059329e-06,2,"[7, 19]","[6224, 3]"
399,39,310,1107,0.0009657421496525789,0.0009657421496525789,2,"[7, 18]","[6230, 33]"
400,39,310,1107,0.0009663521496525819,6.10000000002991e-07,2,"[7, 18]","[6332, 2]"
401,39,310,1107,0.0009669721496525849,6.2000000000304e-07,1,[7],[6181]
402,39,310,1108,0.0009649268819854348,0.0009649268819854348,2,"[7, 18]","[4983, 1275]"
403,39,310,1108,0.0009656768819854385,7.500000000036774e-07,2,"[7, 18]","[5756, 491]"
404,39,310,1109,0.0009653259594103193,0.0009653259594103193,2,"[7, 18]","[5012, 1243]"
405,39,311,1103,0.0009703751465536827,0.0009703751465536827,2,"[7, 19]","[6294, 11]"
406,39,311,1103,0.0009715251465536883,1.1500000000056387e-06,1,[7],[6220]
407,39,311,1104,0.000968926217677892,0.000968926217677892,2,"[7, 19]","[5330, 968]"
408,39,311,1104,0.000969536217677895,6.10000000002991e-07,2,"[7, 19]","[5583, 636]"
409,39,311,1104,0.0009701862176778982,6.500000000031871e-07,2,"[7, 19]","[5951, 334]"
410,39,311,1105,0.0009680489761323709,0.0009680489761323709,2,"[7, 19]","[5961, 364]"
411,39,311,1105,0.0009686389761323738,5.900000000028929e-07,2,"[7, 19]","[5397, 852]"
412,39,311,1105,0.0009692289761323767,5.900000000028929e-07,2,"[7, 19]","[4956, 1252]"
413,39,311,1106,0.0009676867972541264,0.0009676867972541264,2,"[7, 19]","[6254, 2]"
414,39,312,1100,0.0009740398354523194,0.0009740398354523194,1,[7],[6273]
415,39,312,1101,0.0009724286823775685,0.0009724286823775685,1,[7],[6267]
416,39,312,1101,0.000973138682377572,7.100000000034813e-07,1,[7],[6243]
417,39,312,1101,0.0009742686823775775,1.1300000000055406e-06,1,[7],[6259]
418,39,312,1102,0.0009713437933799953,0.0009713437933799953,1,[7],[6271]
419,39,312,1102,0.0009719937933799985,6.500000000031871e-07,1,[7],[6307]
420,39,312,1102,0.0009727337933800021,7.400000000036284e-07,1,[7],[6202]
421,39,312,1103,0.0009706760147368112,0.0009706760147368112,1,[7],[6290]
422,39,312,1103,0.0009716360147368159,9.60000000004707e-07,1,[7],[6214]
423,39,312,1104,0.0009714611334634346,0.0009714611334634346,2,"[7, 19]","[6043, 211]"
424,39,313,1097,0.0009779807183424008,0.0009779807183424008,1,[7],[6260]
425,39,313,1098,0.0009758586838716276,0.0009758586838716276,1,[7],[6260]
426,39,313,1098,0.00097675868387163,9.000000000023529e-07,1,[7],[6292]
427,39,313,1099,0.0009746641272494856,0.0009746641272494856,1,[7],[6301]
428,39,313,1099,0.0009753141272494887,6.500000000031871e-07,1,[7],[6280]
429,39,313,1099,0.0009760541272494924,7.400000000036284e-07,1,[7],[6197]
430,39,313,1100,0.0009738172127623071,0.0009738172127623071,1,[7],[6273]
431,39,313,1100,0.0009745772127623108,7.600000000037264e-07,1,[7],[6239]
432,39,313,1100,0.0009764872127623202,1.910000000009365e-06,1,[7],[6238]
433,39,313,1101,0.000973574502363838,0.000973574502363838,1,[7],[6262]
434,39,314,1094,0.0009804479167967097,0.0009804479167967097,1,[7],[6252]
435,39,314,1095,0.0009789461765809175,0.0009789461765809175,1,[7],[6289]
436,39,314,1095,0.0009797661765809126,8.199999999951302e-07,1,[7],[6232]
437,39,314,1096,0.0009778790661275785,0.0009778790661275785,1,[7],[6251]
438,39,314,1096,0.0009785290661275747,6.499999999961398e-07,1,[7],[6290]
439,39,314,1096,0.0009793590661275697,8.299999999950708e-07,1,[7],[6257]
440,39,314,1097,0.0009770565359872583,0.0009770565359872583,1,[7],[6316]
441,39,314,1097,0.000977766535987254,7.099999999957834e-07,1,[7],[6205]
442,39,314,1097,0.0009793565359872446,1.5899999999905573e-06,1,[7],[6232]
443,39,314,1098,0.0009765841088841378,0.0009765841088841378,1,[7],[6284]
444,39,315,1091,0.000983148383436826,0.000983148383436826,1,[7],[6281]
445,39,315,1092,0.0009818106583195855,0.0009818106583195855,1,[7],[6326]
446,39,315,1092,0.0009825506583195811,7.399999999956053e-07,1,[7],[6192]
447,39,315,1093,0.0009808175868491512,0.0009808175868491512,1,[7],[6323]
448,39,315,1093,0.0009814675868491474,6.499999999961398e-07,1,[7],[6226]
449,39,315,1093,0.0009822775868491426,8.099999999951896e-07,1,[7],[6246]
450,39,315,1094,0.0009800469839533646,0.0009800469839533646,1,[7],[6281]
451,39,315,1094,0.0009808369839533599,7.899999999953083e-07,1,[7],[6279]
452,39,315,1095,0.0009796969810932517,0.0009796969810932517,1,[7],[6265]
453,39,316,1087,0.0009874618397074002,0.0009874618397074002,4,"[7, 20, 21, 22]","[3345, 2035, 857, 17]"
454,39,316,1088,0.0009858188378917636,0.0009858188378917636,3,"[7, 20, 21]","[5563, 734, 5]"
455,39,316,1088,0.0009866388378917588,8.199999999951302e-07,3,"[7, 20, 21]","[4253, 1902, 50]"
456,39,316,1089,0.000984643851109688,0.000984643851109688,2,"[7, 20]","[6321, 1]"
457,39,316,1089,0.0009852838511096842,6.399999999961992e-07,2,"[7, 20]","[6218, 6]"
458,39,316,1089,0.0009861338511096792,8.49999999994952e-07,2,"[7, 20]","[6192, 46]"
459,39,316,1090,0.0009837078178370191,0.0009837078178370191,1,[7],[6250]
460,39,316,1090,0.0009843178178370155,6.099999999963773e-07,1,[7],[6311]
461,39,316,1090,0.0009849978178370115,6.799999999959616e-07,1,[7],[6261]
462,39,316,1091,0.0009831093593256715,0.0009831093593256715,1,[7],[6305]
463,39,316,1091,0.0009839993593256662,8.899999999947145e-07,1,[7],[6237]
464,39,316,1092,0.000982961659940488,0.000982961659940488,1,[7],[6277]
465,39,317,1085,0.0009888966296022989,0.0009888966296022989,3,"[7, 21, 22]","[5941, 3, 321]"
466,39,317,1086,0.0009873415430595276,0.0009873415430595276,4,"[7, 20, 21, 22]","[4581, 13, 528, 1193]"
467,39,317,1086,0.0009878915430595243,5.499999999967337e-07,4,"[7, 20, 21, 22]","[4669, 4, 327, 1266]"
468,39,317,1086,0.0009885015430595207,6.099999999963773e-07,3,"[7, 21, 22]","[4938, 224, 1062]"
469,39,317,1087,0.000986419558876463,0.000986419558876463,4,"[7, 20, 21, 22]","[4242, 1144, 897, 36]"
470,39,317,1087,0.0009868895588764602,4.6999999999720876e-07,4,"[7, 20, 21, 22]","[3863, 710, 1623, 92]"
471,39,317,1087,0.000987249558876458,3.5999999999786203e-07,4,"[7, 20, 21, 22]","[3559, 488, 1992, 130]"
472,39,317,1087,0.0009876295588764558,3.7999999999774325e-07,4,"[7, 20, 21, 22]","[3411, 326, 2330, 195]"
473,39,317,1087,0.0009881395588764528,5.099999999969712e-07,4,"[7, 20, 21, 22]","[3174, 196, 2585, 257]"
474,39,317,1088,0.000985858284533577,0.000985858284533577,3,"[7, 20, 21]","[5252, 1019, 40]"
475,39,317,1088,0.0009864682845335735,6.099999999963773e-07,3,"[7, 20, 21]","[4318, 1746, 187]"
476,39,317,1088,0.0009871182845335696,6.499999999961398e-07,3,"[7, 20, 21]","[3493, 2066, 631]"
477,39,317,1089,0.0009859066220300008,0.0009859066220300008,2,"[7, 20]","[6220, 45]"
478,39,318,1082,0.0009924683347804564,0.0009924683347804564,1,[7],[6252]
479,39,318,1083,0.0009903915628192415,0.0009903915628192415,1,[7],[6305]
480,39,318,1083,0.000991321562819236,9.299999999944769e-07,1,[7],[6209]
481,39,318,1084,0.0009893750692060255,0.0009893750692060255,1,[7],[6293]
482,39,318,1084,0.0009900250692060216,6.499999999961398e-07,1,[7],[6208]
483,39,318,1084,0.0009909250692060163,8.999999999946551e-07,1,[7],[6261]
484,39,318,1085,0.0009886898895081796,0.0009886898895081796,2,"[7, 22]","[6171, 120]"
485,39,318,1085,0.000989479889508175,7.899999999953083e-07,2,"[7, 22]","[6205, 5]"
486,39,318,1086,0.0009883007198120519,0.0009883007198120519,3,"[7, 21, 22]","[4987, 133, 1143]"
487,39,319,1080,0.0009932222670316463,0.0009932222670316463,1,[7],[6266]
488,39,319,1081,0.0009919898305464428,0.0009919898305464428,1,[7],[6289]
489,39,319,1081,0.0009927098305464385,7.199999999957241e-07,1,[7],[6291]
490,39,319,1082,0.0009912652737629477,0.0009912652737629477,1,[7],[6250]
491,39,319,1082,0.0009919752737629435,7.099999999957834e-07,1,[7],[6259]
492,39,319,1082,0.0009941352737629307,2.159999999987172e-06,1,[7],[6241]
493,39,319,1083,0.0009910296836140847,0.0009910296836140847,1,[7],[6301]
494,39,320,1077,0.0009967124370107163,0.0009967124370107163,1,[7],[6255]
495,39,320,1078,0.0009946477004300406,0.0009946477004300406,1,[7],[6315]
496,39,320,1078,0.0009956377004300347,9.899999999941206e-07,1,[7],[6222]
497,39,320,1079,0.0009936581062196961,0.0009936581062196961,1,[7],[6261]
498,39,320,1079,0.0009943281062196922,6.69999999996021e-07,1,[7],[6320]
499,39,320,1079,0.000995348106219686,1.0199999999939424e-06,1,[7],[6202]
500,39,320,1080,0.0009931049937860032,0.0009931049937860032,1,[7],[6283]
501,39,320,1080,0.0009939549937859982,8.49999999994952e-07,1,[7],[6225]
502,39,320,1081,0.0009934769338614943,0.0009934769338614943,1,[7],[6259]
503,39,321,1075,0.000997214131481797,0.000997214131481797,1,[7],[6303]
504,39,321,1076,0.0009959783415011262,0.0009959783415011262,1,[7],[6250]
505,39,321,1076,0.0009966283415011224,6.499999999961398e-07,1,[7],[6337]
506,39,321,1076,0.0009976383415011164,1.0099999999940018e-06,1,[7],[6171]
507,39,321,1077,0.0009952601798677285,0.0009952601798677285,1,[7],[6273]
508,39,321,1077,0.000995860179867725,5.999999999964367e-07,1,[7],[6244]
509,39,321,1077,0.0009966301798677204,7.699999999954271e-07,1,[7],[6300]
510,39,321,1078,0.0009950142330225713,0.0009950142330225713,1,[7],[6303]
511,39,321,1078,0.0009964842330225626,1.46999999999127e-06,1,[7],[6205]
512,39,322,1072,0.0010003117473445869,0.0010003117473445869,1,[7],[6268]
513,39,322,1073,0.0009984251652471454,0.0009984251652471454,1,[7],[6282]
514,39,322,1073,0.0009992451652471406,8.199999999951302e-07,1,[7],[6270]
515,39,322,1074,0.0009974902183581369,0.0009974902183581369,1,[7],[6302]
516,39,322,1074,0.0009981002183581333,6.099999999963773e-07,1,[7],[6268]
517,39,322,1074,0.0009988502183581288,7.499999999955459e-07,1,[7],[6214]
518,39,322,1075,0.0009969306406098883,0.0009969306406098883,1,[7],[6309]
519,39,322,1075,0.0009976206406098842,6.899999999959022e-07,1,[7],[6234]
520,39,322,1076,0.0009970003342338364,0.0009970003342338364,1,[7],[6276]
521,39,323,1070,0.0010011429530937881,0.0010011429530937881,1,[7],[6297]
522,39,323,1070,0.0010024929530937801,1.3499999999919826e-06,1,[7],[6204]
523,39,323,1071,0.00099997618133884,0.00099997618133884,1,[7],[6276]
524,39,323,1071,0.0010005761813388365,5.999999999964367e-07,1,[7],[6239]
525,39,323,1071,0.0010013161813388321,7.399999999956053e-07,1,[7],[6271]
526,39,323,1072,0.0009991886210642693,0.0009991886210642693,1,[7],[6356]
527,39,323,1072,0.0009997786210642658,5.899999999964961e-07,1,[7],[6197]
528,39,323,1072,0.0010004486210642618,6.69999999996021e-07,1,[7],[6215]
529,39,323,1073,0.0009988073608658864,0.0009988073608658864,1,[7],[6275]
530,39,323,1073,0.00099987736086588,1.0699999999936455e-06,1,[7],[6239]
531,39,324,1067,0.0010037437259877932,0.0010037437259877932,2,"[7, 23]","[6249, 3]"
532,39,324,1067,0.0010051537259877848,1.4099999999916263e-06,2,"[7, 23]","[6232, 19]"
533,39,324,1068,0.0010025831699912314,0.0010025831699912314,1,[7],[6266]
534,39,324,1068,0.0010032331699912276,6.499999999961398e-07,1,[7],[6302]
535,39,324,1068,0.0010040631699912226,8.299999999950708e-07,1,[7],[6196]
536,39,324,1069,0.0010017482752833799,0.0010017482752833799,1,[7],[6273]
537,39,324,1069,0.0010023382752833764,5.899999999964961e-07,1,[7],[6261]
538,39,324,1069,0.0010029782752833726,6.399999999961992e-07,1,[7],[6293]
539,39,324,1070,0.0010011774057013404,0.0010011774057013404,1,[7],[6274]
540,39,324,1070,0.0010019674057013357,7.899999999953083e-07,1,[7],[6260]
541,39,324,1071,0.001001345937640828,0.001001345937640828,1,[7],[6277]
542,39,325,1064,0.001006727996293133,0.001006727996293133,2,"[7, 23]","[6238, 34]"
543,39,325,1065,0.0010048668645607774,0.0010048668645607774,2,"[7, 23]","[3816, 2513]"
544,39,325,1065,0.0010054268645607741,5.599999999966743e-07,2,"[7, 23]","[4640, 1562]"
545,39,325,1065,0.0010060168645607706,5.899999999964961e-07,2,"[7, 23]","[5377, 904]"
546,39,325,1066,0.0010041646864007321,0.0010041646864007321,2,"[7, 23]","[4737, 1573]"
547,39,325,1066,0.0010046146864007295,4.4999999999732754e-07,2,"[7, 23]","[4249, 1997]"
548,39,325,1066,0.0010049946864007272,3.7999999999774325e-07,2,"[7, 23]","[4057, 2213]"
549,39,325,1066,0.0010054246864007247,4.299999999974463e-07,2,"[7, 23]","[3979, 2275]"
550,39,325,1066,0.0010061546864007203,7.299999999956647e-07,2,"[7, 23]","[4004, 2174]"
551,39,325,1067,0.001003755383773903,0.001003755383773903,2,"[7, 23]","[6284, 12]"
552,39,325,1067,0.0010045053837738984,7.499999999955459e-07,2,"[7, 23]","[6122, 85]"
553,39,325,1068,0.0010036813565290077,0.0010036813565290077,1,[7],[6283]
554,39,326,1062,0.0010081444547123271,0.0010081444547123271,1,[7],[6261]
555,39,326,1063,0.0010068102601880418,0.0010068102601880418,1,[7],[6292]
556,39,326,1063,0.001007460260188038,6.499999999961398e-07,1,[7],[6286]
557,39,326,1063,0.001008280260188033,8.199999999951302e-07,1,[7],[6187]
558,39,326,1064,0.0010060896427408982,0.0010060896427408982,2,"[7, 23]","[6249, 8]"
559,39,326,1064,0.0010066896427408946,5.999999999964367e-07,2,"[7, 23]","[6312, 1]"
560,39,326,1064,0.0010074196427408903,7.299999999956647e-07,1,[7],[6181]
561,39,326,1065,0.0010056633690364053,0.0010056633690364053,2,"[7, 23]","[5005, 1291]"
562,39,326,1065,0.0010069833690363975,1.3199999999921608e-06,2,"[7, 23]","[5940, 266]"
563,39,327,1060,0.001009897602009763,0.001009897602009763,2,"[7, 24]","[6208, 61]"
564,39,327,1061,0.0010085500386527464,0.0010085500386527464,1,[7],[6306]
565,39,327,1061,0.0010091600386527427,6.099999999963773e-07,1,[7],[6251]
566,39,327,1061,0.001009970038652738,8.099999999951896e-07,2,"[7, 24]","[6231, 1]"
567,39,327,1062,0.0010078870208784843,0.0010078870208784843,1,[7],[6288]
568,39,327,1062,0.0010085470208784804,6.599999999960804e-07,1,[7],[6290]
569,39,327,1062,0.0010094970208784748,9.499999999943581e-07,1,[7],[6172]
570,39,327,1063,0.0010080267407203062,0.0010080267407203062,1,[7],[6268]
571,39,328,1059,0.001010023066461611,0.001010023066461611,2,"[7, 24]","[5513, 809]"
572,39,328,1059,0.0010105630664616078,5.39999999996793e-07,2,"[7, 24]","[5474, 761]"
573,39,328,1059,0.001011203066461604,6.399999999961992e-07,2,"[7, 24]","[5408, 787]"
574,39,328,1060,0.0010095639358397425,0.0010095639358397425,2,"[7, 24]","[6019, 310]"
575,39,328,1060,0.001010153935839739,5.899999999964961e-07,2,"[7, 24]","[5689, 556]"
576,39,328,1060,0.001010833935839735,6.799999999959616e-07,2,"[7, 24]","[5383, 816]"
577,39,328,1061,0.0010097610345167628,0.0010097610345167628,2,"[7, 24]","[6270, 6]"
578,39,329,1057,0.0010114632255177984,0.0010114632255177984,1,[7],[6278]
579,39,329,1058,0.0010105759481001907,0.0010105759481001907,2,"[7, 24]","[6262, 5]"
580,39,329,1058,0.0010110859481001877,5.099999999969712e-07,2,"[7, 24]","[6255, 3]"
581,39,329,1058,0.0010116159481001845,5.299999999968524e-07,1,[7],[6233]
582,39,329,1059,0.0010105421231377794,0.0010105421231377794,2,"[7, 24]","[6030, 233]"
583,39,329,1059,0.0010114721231377739,9.299999999944769e-07,2,"[7, 24]","[6109, 146]"
584,39,330,1056,0.001011623362970218,0.001011623362970218,1,[7],[6299]
585,39,330,1056,0.0010122333629702144,6.099999999963773e-07,1,[7],[6275]
586,39,330,1056,0.0010131933629702087,9.599999999942987e-07,1,[7],[6208]
587,39,330,1057,0.0010111973192812851,0.0010111973192812851,1,[7],[6287]
588,39,330,1057,0.001011727319281282,5.299999999968524e-07,1,[7],[6301]
589,39,330,1057,0.0010122773192812787,5.499999999967337e-07,1,[7],[6173]
590,39,330,1058,0.0010120757724412957,0.0010120757724412957,1,[7],[6250]
591,39,331,1054,0.0010137089396778868,0.0010137089396778868,1,[7],[6286]
592,39,331,1055,0.0010121355910977245,0.0010121355910977245,1,[7],[6256]
593,39,331,1055,0.0010126655910977214,5.299999999968524e-07,1,[7],[6248]
594,39,331,1055,0.0010132155910977181,5.499999999967337e-07,1,[7],[6274]
595,39,331,1056,0.0010119358833669692,0.0010119358833669692,1,[7],[6301]
596,39,331,1056,0.0010126158833669652,6.799999999959616e-07,1,[7],[6217]
597,39,332,1053,0.0010141388694296437,0.0010141388694296437,1,[7],[6308]
598,39,332,1053,0.001015078869429638,9.399999999944175e-07,1,[7],[6244]
599,39,332,1054,0.001013070471557161,0.001013070471557161,1,[7],[6295]
600,39,332,1054,0.0010136004715571578,5.299999999968524e-07,1,[7],[6231]
601,39,332,1054,0.0010141104715571548,5.099999999969712e-07,1,[7],[6242]
602,39,332,1054,0.0010150104715571494,8.999999999946551e-07,1,[7],[6248]
603,39,332,1055,0.0010131122115710938,0.0010131122115710938,1,[7],[6255]
604,39,333,1051,0.0010167530207913454,0.0010167530207913454,3,"[7, 25, 26]","[5215, 971, 66]"
605,39,333,1052,0.0010150645272264172,0.0010150645272264172,2,"[7, 25]","[6198, 82]"
606,39,333,1052,0.0010156345272264139,5.699999999966149e-07,2,"[7, 25]","[5990, 256]"
607,39,333,1052,0.0010161745272264106,5.39999999996793e-07,2,"[7, 25]","[5817, 482]"
608,39,333,1052,0.001017114527226405,9.399999999944175e-07,3,"[7, 25, 26]","[5240, 947, 3]"
609,39,333,1053,0.0010142900229134653,0.0010142900229134653,1,[7],[6349]
610,39,333,1053,0.0010148900229134618,5.999999999964367e-07,1,[7],[6252]
611,39,333,1053,0.001015510022913458,6.199999999963179e-07,2,"[7, 25]","[6208, 11]"
612,39,333,1054,0.0010153750313791577,0.0010153750313791577,1,[7],[6255]
613,39,334,1050,0.0010173264841733124,0.0010173264841733124,3,"[7, 25, 26]","[5394, 8, 858]"
614,39,334,1050,0.0010179864841733085,6.599999999960804e-07,3,"[7, 25, 26]","[5687, 1, 574]"
615,39,334,1050,0.0010187564841733039,7.699999999954271e-07,2,"[7, 26]","[5962, 279]"
616,39,334,1051,0.0010161954534822879,0.0010161954534822879,3,"[7, 25, 26]","[5380, 636, 247]"
617,39,334,1051,0.0010167054534822848,5.099999999969712e-07,3,"[7, 25, 26]","[5274, 459, 573]"
618,39,334,1051,0.0010171354534822823,4.299999999974463e-07,3,"[7, 25, 26]","[5110, 293, 840]"
619,39,334,1051,0.0010176154534822794,4.799999999971494e-07,3,"[7, 25, 26]","[5007, 166, 1029]"
620,39,334,1051,0.0010184954534822742,8.799999999947739e-07,3,"[7, 25, 26]","[4979, 59, 1207]"
621,39,334,1052,0.0010158431554752106,0.0010158431554752106,3,"[7, 25, 26]","[5637, 666, 5]"
622,39,334,1052,0.001016623155475206,7.799999999953677e-07,3,"[7, 25, 26]","[5128, 1044, 25]"
623,39,335,1047,0.001022776189758289,0.001022776189758289,1,[7],[6252]
624,39,335,1048,0.0010200080693373243,0.0010200080693373243,1,[7],[6299]
625,39,335,1048,0.0010207080693373201,6.999999999958428e-07,1,[7],[6227]
626,39,335,1048,0.001021568069337315,8.599999999948926e-07,1,[7],[6249]
627,39,335,1049,0.0010186790410775172,0.0010186790410775172,2,"[7, 26]","[6329, 1]"
628,39,335,1049,0.001019209041077514,5.299999999968524e-07,1,[7],[6262]
629,39,335,1049,0.0010196790410775113,4.6999999999720876e-07,1,[7],[6264]
630,39,335,1049,0.001020239041077508,5.599999999966743e-07,1,[7],[6212]
631,39,335,1049,0.0010221290410774967,1.8899999999887757e-06,1,[7],[6183]
632,39,335,1050,0.0010179336338580994,0.0010179336338580994,2,"[7, 26]","[5972, 353]"
633,39,335,1050,0.0010186536338580951,7.199999999957241e-07,2,"[7, 26]","[6180, 69]"
634,39,335,1050,0.0010196136338580894,9.599999999942987e-07,2,"[7, 26]","[6183, 9]"
635,39,336,1045,0.0010259234269428806,0.0010259234269428806,2,"[7, 27]","[5718, 532]"
636,39,336,1046,0.0010223351241341436,0.0010223351241341436,2,"[7, 27]","[6321, 3]"
637,39,336,1046,0.00102295512413414,6.199999999963179e-07,2,"[7, 27]","[6239, 6]"
638,39,336,1046,0.0010236651241341357,7.099999999957834e-07,2,"[7, 27]","[6176, 48]"
639,39,336,1047,0.001021163637082954,0.001021163637082954,1,[7],[6308]
640,39,336,1047,0.001021663637082951,4.999999999970306e-07,1,[7],[6201]
641,39,336,1047,0.0010220736370829485,4.099999999975651e-07,1,[7],[6284]
642,39,336,1047,0.001022513637082946,4.399999999973869e-07,1,[7],[6218]
643,39,336,1047,0.001023183637082942,6.69999999996021e-07,1,[7],[6252]
644,39,336,1048,0.0010204079184857988,0.0010204079184857988,1,[7],[6270]
645,39,336,1048,0.001021057918485795,6.499999999961398e-07,1,[7],[6319]
646,39,336,1048,0.0010217579184857908,6.999999999958428e-07,1,[7],[6195]
647,39,336,1049,0.0010209761510571675,0.0010209761510571675,1,[7],[6261]
648,39,337,1043,0.0010264922408102237,0.0010264922408102237,1,[7],[6263]
649,39,337,1044,0.0010242307077848775,0.0010242307077848775,2,"[7, 27]","[6110, 213]"
650,39,337,1044,0.0010248407077848738,6.099999999963773e-07,2,"[7, 27]","[6130, 74]"
651,39,337,1044,0.0010255507077848696,7.099999999957834e-07,2,"[7, 27]","[6196, 35]"
652,39,337,1045,0.0010231644040388506,0.0010231644040388506,2,"[7, 27]","[5750, 589]"
653,39,337,1045,0.001023594404038848,4.299999999974463e-07,2,"[7, 27]","[5478, 704]"
654,39,337,1045,0.0010239544040388459,3.5999999999786203e-07,2,"[7, 27]","[5707, 714]"
655,39,337,1045,0.0010242944040388439,3.399999999979808e-07,2,"[7, 27]","[5339, 733]"
656,39,337,1045,0.0010247244040388413,4.299999999974463e-07,2,"[7, 27]","[5592, 689]"
657,39,337,1045,0.0010259344040388341,1.209999999992814e-06,2,"[7, 27]","[5681, 535]"
658,39,337,1046,0.0010226374589950692,0.0010226374589950692,2,"[7, 27]","[6219, 51]"
659,39,337,1046,0.001023187458995066,5.499999999967337e-07,2,"[7, 27]","[6115, 121]"
660,39,337,1046,0.0010237274589950628,5.39999999996793e-07,2,"[7, 27]","[6011, 254]"
661,39,337,1046,0.0010246674589950572,9.399999999944175e-07,2,"[7, 27]","[5754, 481]"
662,39,337,1047,0.001023103034543202,0.001023103034543202,1,[7],[6258]
663,39,338,1041,0.0010276129716328148,0.0010276129716328148,1,[7],[6284]
664,39,338,1042,0.0010259564981550296,0.0010259564981550296,1,[7],[6274]
665,39,338,1042,0.0010265164981550262,5.599999999966743e-07,1,[7],[6240]
666,39,338,1042,0.001027056498155023,5.39999999996793e-07,1,[7],[6334]
667,39,338,1042,0.001028076498155017,1.0199999999939424e-06,1,[7],[6168]
668,39,338,1043,0.0010250258307408055,0.0010250258307408055,1,[7],[6324]
669,39,338,1043,0.0010254758307408028,4.4999999999732754e-07,1,[7],[6274]
670,39,338,1043,0.0010258358307408007,3.5999999999786203e-07,1,[7],[6227]
671,39,338,1043,0.0010262158307407984,3.7999999999774325e-07,1,[7],[6274]
672,39,338,1043,0.0010267258307407954,5.099999999969712e-07,1,[7],[6216]
673,39,338,1044,0.0010244419000668581,0.0010244419000668581,2,"[7, 27]","[6302, 38]"
674,39,338,1044,0.001024951900066855,5.099999999969712e-07,2,"[7, 27]","[6224, 9]"
675,39,338,1044,0.0010254419000668522,4.8999999999709e-07,2,"[7, 27]","[6310, 1]"
676,39,338,1044,0.001026141900066848,6.999999999958428e-07,2,"[7, 27]","[6164, 1]"
677,39,338,1045,0.0010245657356271266,0.0010245657356271266,2,"[7, 27]","[5805, 501]"
678,39,339,1039,0.0010290361083025831,0.0010290361083025831,1,[7],[6287]
679,39,339,1039,0.0010298361083025784,7.99999999995249e-07,1,[7],[6275]
680,39,339,1040,0.0010277442735517883,0.0010277442735517883,1,[7],[6287]
681,39,339,1040,0.0010281842735517857,4.399999999973869e-07,1,[7],[6305]
682,39,339,1040,0.0010285342735517837,3.499999999979214e-07,1,[7],[6340]
683,39,339,1040,0.0010288742735517816,3.399999999979808e-07,1,[7],[6214]
684,39,339,1040,0.0010292742735517793,3.999999999976245e-07,1,[7],[6149]
685,39,339,1040,0.0010300842735517745,8.099999999951896e-07,1,[7],[6206]
686,39,339,1041,0.0010269135206154535,0.0010269135206154535,1,[7],[6301]
687,39,339,1041,0.0010273535206154509,4.399999999973869e-07,1,[7],[6304]
688,39,339,1041,0.0010276935206154489,3.399999999979808e-07,1,[7],[6280]
689,39,339,1041,0.001028013520615447,3.199999999980996e-07,1,[7],[6141]
690,39,339,1041,0.0010283835206154448,3.6999999999780264e-07,1,[7],[6364]
691,39,339,1041,0.0010289135206154416,5.299999999968524e-07,1,[7],[6172]
692,39,339,1042,0.001026357983571482,0.001026357983571482,1,[7],[6254]
693,39,339,1042,0.0010269579835714784,5.999999999964367e-07,1,[7],[6252]
694,39,339,1042,0.0010276179835714745,6.599999999960804e-07,1,[7],[6306]
695,39,339,1043,0.0010268381954021348,0.0010268381954021348,1,[7],[6259]
696,39,340,1038,0.0010298905871737112,0.0010298905871737112,1,[7],[6275]
697,39,340,1038,0.001030620587173707,7.299999999956647e-07,1,[7],[6229]
698,39,340,1038,0.0010368905871736697,6.269999999962764e-06,2,"[7, 30]","[4707, 1545]"
699,39,340,1039,0.0010287310377160015,0.0010287310377160015,1,[7],[6370]
700,39,340,1039,0.0010291210377159992,3.8999999999768387e-07,1,[7],[6190]
701,39,340,1039,0.0010294210377159974,2.9999999999821836e-07,1,[7],[6323]
702,39,340,1039,0.0010296810377159959,2.599999999984559e-07,1,[7],[6319]
703,39,340,1039,0.0010299210377159944,2.399999999985747e-07,1,[7],[6133]
704,39,340,1039,0.001030171037715993,2.499999999985153e-07,1,[7],[6295]
705,39,340,1039,0.0010304710377159912,2.9999999999821836e-07,1,[7],[6157]
706,39,340,1039,0.0010309010377159886,4.299999999974463e-07,1,[7],[6234]
707,39,340,1039,0.001036571037715955,5.669999999966327e-06,2,"[7, 30]","[4791, 1442]"
708,39,340,1040,0.0010282985860645838,0.0010282985860645838,1,[7],[6282]
709,39,340,1040,0.0010288385860645806,5.39999999996793e-07,1,[7],[6251]
710,39,340,1040,0.0010293585860645775,5.199999999969118e-07,1,[7],[6301]
711,39,340,1040,0.0010301585860645727,7.99999999995249e-07,1,[7],[6176]
712,39,340,1041,0.0010302024214866245,0.0010302024214866245,1,[7],[6250]
713,39,341,1038,0.001036718581854062,0.001036718581854062,2,"[7, 30]","[5088, 1163]"
714,39,341,1039,0.0010306432648693146,0.0010306432648693146,1,[7],[6265]
715,39,341,1039,0.0010374132648692744,6.769999999959794e-06,2,"[7, 30]","[2085, 4169]"
716,39,341,1039,0.0010385632648692675,1.1499999999931704e-06,1,[30],[6271]
717,39,341,1039,0.001039673264869261,1.109999999993408e-06,1,[30],[6265]
718,39,341,1039,0.0010419932648692472,2.319999999986222e-06,2,"[30, 33]","[6031, 172]"
719,39,341,1040,0.0010404037272756428,0.0010404037272756428,3,"[7, 30, 33]","[791, 5480, 4]"
720,39,342,1039,0.0010414824311130884,0.0010414824311130884,3,"[7, 30, 33]","[19, 5905, 344]"
721,39,342,1039,0.0010426124311130817,1.1299999999932892e-06,2,"[30, 33]","[4930, 1360]"
722,39,342,1039,0.0010438524311130743,1.2399999999926359e-06,2,"[30, 33]","[5501, 714]"
723,39,342,1040,0.0010416186519645605,0.0010416186519645605,3,"[7, 30, 33]","[1, 5696, 573]"
724,39,342,1040,0.0010426386519645544,1.0199999999939424e-06,2,"[30, 33]","[4770, 1511]"
725,39,343,1039,0.0010431659792189193,0.0010431659792189193,2,"[30, 33]","[6091, 235]"
726,39,343,1039,0.001043885979218915,7.199999999957241e-07,2,"[30, 33]","[6202, 18]"
727,39,343,1039,0.0010449559792189086,1.0699999999936455e-06,2,"[30, 33]","[6232, 4]"
728,39,344,1038,0.0010445561650313736,0.0010445561650313736,2,"[30, 34]","[6310, 3]"
729,39,344,1038,0.0010456461650313672,1.0899999999935267e-06,2,"[30, 34]","[6180, 26]"
730,39,344,1039,0.001044243694217303,0.001044243694217303,1,[30],[6282]
731,39,344,1039,0.0010453336942172966,1.0899999999935267e-06,1,[30],[6251]
732,39,345,1034,0.0010493663133403176,0.0010493663133403176,1,[30],[6250]
733,39,345,1035,0.001048241922658873,0.001048241922658873,1,[30],[6284]
734,39,345,1035,0.0010497219226588642,1.4799999999912106e-06,1,[30],[6238]
735,39,345,1036,0.0010480273309300871,0.0010480273309300871,3,"[30, 34, 68]","[6189, 71, 10]"
736,39,345,1037,0.0010454173661882161,0.0010454173661882161,4,"[30, 34, 68, 69]","[5068, 1189, 18, 1]"
737,39,345,1037,0.0010463873661882104,9.699999999942394e-07,4,"[30, 34, 68, 69]","[4752, 1432, 43, 2]"
738,39,345,1037,0.0010498673661881897,3.479999999979333e-06,4,"[30, 34, 68, 69]","[5770, 450, 24, 1]"
739,39,345,1038,0.001044686451274129,0.001044686451274129,3,"[30, 34, 68]","[5988, 289, 3]"
740,39,345,1038,0.0010453264512741251,6.399999999961992e-07,3,"[30, 34, 68]","[5672, 585, 9]"
741,39,345,1038,0.0010461364512741203,8.099999999951896e-07,3,"[30, 34, 68]","[5107, 1090, 16]"
742,39,346,1034,0.0010492033747205583,0.0010492033747205583,1,[30],[6272]
743,39,346,1035,0.0010475509708643374,0.0010475509708643374,1,[30],[6274]
744,39,346,1035,0.0010483209708643329,7.699999999954271e-07,1,[30],[6273]
745,39,346,1035,0.0010492809708643272,9.599999999942987e-07,1,[30],[6203]
746,39,346,1036,0.0010471437235736528,0.0010471437235736528,3,"[30, 34, 68]","[6261, 58, 5]"
747,39,346,1036,0.0010477137235736494,5.699999999966149e-07,3,"[30, 34, 68]","[6248, 1, 1]"
748,39,346,1036,0.0010483437235736456,6.299999999962586e-07,2,"[30, 34]","[6179, 1]"
749,39,346,1037,0.0010458903173830713,0.0010458903173830713,4,"[30, 34, 68, 69]","[4650, 1598, 41, 1]"
750,39,346,1037,0.0010467003173830665,8.099999999951896e-07,4,"[30, 34, 68, 69]","[5533, 666, 24, 3]"
751,39,346,1037,0.0010474703173830619,7.699999999954271e-07,3,"[30, 34, 68]","[6074, 149, 15]"
752,39,346,1038,0.0010465985853896596,0.0010465985853896596,4,"[30, 34, 68, 69]","[4453, 1769, 29, 2]"
753,39,386,1098,0.0012747106698351668,0.0012747106698351668,3,"[87, 88, 93]","[6247, 2, 20]"
754,39,386,1099,0.0012748789367993006,0.0012748789367993006,1,[87],[6263]
755,39,387,1098,0.0012747654837698633,0.0012747654837698633,3,"[87, 88, 93]","[6246, 4, 33]"
756,39,387,1099,0.0012758782136376384,0.0012758782136376384,2,"[87, 88]","[6248, 2]"
757,39,391,1089,0.001230484474774216,0.001230484474774216,4,"[86, 102, 103, 105]","[5772, 508, 5, 2]"
758,39,391,1089,0.001231174474774212,6.899999999959022e-07,3,"[86, 102, 103]","[5200, 1011, 2]"
759,39,391,1089,0.001232164474774206,9.899999999941206e-07,3,"[86, 102, 103]","[4635, 1632, 1]"
760,39,391,1090,0.001231051606787472,0.001231051606787472,2,"[86, 102]","[5184, 1078]"
761,39,391,1090,0.0012329416067874608,1.8899999999887757e-06,3,"[86, 102, 103]","[4315, 1923, 1]"
762,39,392,1088,0.0012245514087720914,0.0012245514087720914,1,[86],[6287]
763,39,392,1088,0.0012260514087720825,1.4999999999910918e-06,1,[86],[6237]
764,39,392,1088,0.0012300314087720589,3.9799999999763636e-06,4,"[86, 102, 103, 105]","[6231, 1, 7, 1]"
765,39,392,1089,0.0012275301409799197,0.0012275301409799197,1,[86],[6257]
766,39,392,1089,0.0012298001409799062,2.269999999986519e-06,4,"[86, 102, 103, 105]","[6244, 23, 12, 1]"
767,39,392,1089,0.0012305701409799016,7.699999999954271e-07,3,"[86, 102, 103]","[6177, 104, 17]"
768,39,392,1089,0.0012314301409798965,8.599999999948926e-07,3,"[86, 102, 103]","[5893, 281, 22]"
769,39,393,1088,0.0012257384606911077,0.0012257384606911077,1,[86],[6271]
770,39,393,1088,0.0012274084606910978,1.6699999999900822e-06,1,[86],[6255]
771,39,393,1088,0.0012294784606910855,2.0699999999877067e-06,2,"[86, 103]","[6237, 1]"
772,39,393,1089,0.0012270596892947011,0.0012270596892947011,1,[86],[6255]
773,39,393,1089,0.0012286396892946918,1.5799999999906167e-06,1,[86],[6258]
774,39,393,1089,0.0012298396892946846,1.1999999999928734e-06,2,"[86, 103]","[6251, 2]"
