,event,pixel_x,pixel_y,reset_time,TSLR,nMCParticles,MC_TrackIDs,MC_Weights
0,79,33,1169,0.0007547449356179636,0.0007547449356179636,1,[1562],[6268]
1,79,33,1169,0.0007558149356179689,1.0700000000052464e-06,1,[1562],[6248]
2,79,57,1145,0.0008037660425055116,0.0008037660425055116,1,[1392],[6314]
3,79,57,1145,0.0008045860425055156,8.200000000040206e-07,1,[1392],[6192]
4,79,114,1151,0.0007791876867141394,0.0007791876867141394,3,"[1391, 1416, 1417]","[5173, 1081, 8]"
5,79,114,1152,0.0007781624950529718,0.0007781624950529718,4,"[1391, 1416, 1417, 1420]","[5952, 319, 27, 2]"
6,79,114,1152,0.0007789324950529756,7.700000000037755e-07,3,"[1391, 1416, 1417]","[5466, 809, 2]"
7,79,115,1151,0.0007783131806024833,0.0007783131806024833,4,"[1391, 1416, 1417, 1420]","[5861, 345, 45, 1]"
8,79,115,1152,0.0007760361303922656,0.0007760361303922656,3,"[1391, 1417, 1420]","[6288, 27, 1]"
9,79,115,1152,0.0007767061303922689,6.700000000032852e-07,4,"[1391, 1416, 1417, 1420]","[6119, 1, 71, 4]"
10,79,115,1152,0.0007773661303922721,6.600000000032361e-07,4,"[1391, 1416, 1417, 1420]","[6200, 27, 85, 3]"
11,79,115,1152,0.0007780361303922754,6.700000000032852e-07,3,"[1391, 1416, 1417]","[5933, 270, 39]"
12,79,115,1152,0.0007787361303922788,7.000000000034323e-07,3,"[1391, 1416, 1417]","[5496, 741, 1]"
13,79,139,1177,0.0007451992557058757,0.0007451992557058757,2,"[1072, 1078]","[6265, 20]"
14,79,139,1177,0.0007463592557058814,1.1600000000056877e-06,2,"[1072, 1078]","[6208, 17]"
15,79,140,1177,0.0007450544441352944,0.0007450544441352944,2,"[1072, 1078]","[6278, 40]"
16,79,140,1177,0.0007456744441352974,6.2000000000304e-07,2,"[1072, 1078]","[6161, 36]"
17,79,159,1207,0.0007164641114548552,0.0007164641114548552,1,[1265],[6329]
18,79,159,1207,0.000717034111454858,5.700000000027948e-07,1,[1265],[6265]
19,79,159,1207,0.000717844111454862,8.100000000039716e-07,1,[1265],[6174]
20,79,173,1201,0.0006216438239280275,0.0006216438239280275,1,[1425],[6294]
21,79,174,1201,0.00062113592655269,0.00062113592655269,1,[1425],[6259]
22,79,174,1201,0.0006220059265526943,8.700000000042658e-07,1,[1425],[6272]
23,79,234,1178,0.0009011159493793516,0.0009011159493793516,5,"[214, 493, 504, 505, 1773]","[5748, 4, 80, 442, 2]"
24,79,234,1179,0.0009000345333852245,0.0009000345333852245,6,"[214, 493, 504, 505, 1773, 1774]","[5736, 3, 86, 419, 98, 1]"
25,79,234,1179,0.0009004245333852264,3.9000000000191225e-07,6,"[214, 493, 504, 505, 1773, 1774]","[5690, 4, 78, 349, 44, 2]"
26,79,234,1179,0.0009007745333852281,3.500000000017161e-07,5,"[214, 493, 504, 505, 1773]","[5902, 1, 66, 353, 32]"
27,79,234,1179,0.0009011645333852301,3.9000000000191225e-07,5,"[214, 493, 504, 505, 1773]","[5785, 2, 49, 315, 18]"
28,79,234,1179,0.0009024745333852365,1.3100000000064232e-06,6,"[214, 493, 504, 505, 1773, 1774]","[5837, 6, 46, 317, 14, 1]"
29,79,235,1178,0.000900639032633106,0.000900639032633106,5,"[214, 493, 504, 505, 1773]","[6201, 2, 13, 65, 4]"
30,79,235,1178,0.0009017990326331117,1.1600000000056877e-06,3,"[214, 504, 505]","[6159, 5, 54]"
31,79,235,1179,0.0008998656479457888,0.0008998656479457888,5,"[214, 504, 505, 1773, 1774]","[6183, 12, 68, 52, 1]"
32,79,235,1179,0.0009001856479457904,3.2000000000156903e-07,5,"[214, 504, 505, 1773, 1774]","[6317, 3, 53, 30, 2]"
33,79,235,1179,0.0009004056479457915,2.200000000010787e-07,4,"[214, 504, 505, 1773]","[6053, 4, 32, 25]"
34,79,235,1179,0.0009006056479457925,2.0000000000098064e-07,4,"[214, 504, 505, 1773]","[6181, 8, 46, 16]"
35,79,235,1179,0.0009007956479457934,1.900000000009316e-07,5,"[214, 493, 504, 505, 1773]","[6208, 1, 4, 39, 7]"
36,79,235,1179,0.0009009956479457944,2.0000000000098064e-07,4,"[214, 504, 505, 1773]","[6211, 5, 32, 3]"
37,79,235,1179,0.0009012156479457955,2.200000000010787e-07,4,"[214, 504, 505, 1773]","[6137, 7, 36, 7]"
38,79,235,1179,0.000901525647945797,3.1000000000152e-07,4,"[214, 504, 505, 1773]","[6214, 7, 21, 2]"
39,79,236,1178,0.0009006881969397527,0.0009006881969397527,1,[214],[6281]
40,79,236,1178,0.0009019281969397587,1.24000000000608e-06,1,[214],[6219]
41,79,236,1179,0.0008999798561651262,0.0008999798561651262,3,"[214, 505, 1773]","[6362, 1, 1]"
42,79,236,1179,0.0009002998561651277,3.2000000000156903e-07,1,[214],[6188]
43,79,236,1179,0.000900549856165129,2.500000000012258e-07,1,[214],[6359]
44,79,236,1179,0.0009007798561651301,2.3000000000112774e-07,1,[214],[6343]
45,79,236,1179,0.0009009998561651312,2.200000000010787e-07,1,[214],[5999]
46,79,236,1179,0.0009012698561651325,2.7000000000132387e-07,1,[214],[6321]
47,79,236,1179,0.0009016898561651346,4.2000000000205935e-07,1,[214],[6278]
48,79,237,1178,0.0009008858669803827,0.0009008858669803827,2,"[214, 1777]","[6278, 12]"
49,79,237,1178,0.0009220958669804867,2.1210000000103997e-05,3,"[214, 687, 1777]","[4411, 1800, 11]"
50,79,237,1179,0.0009000486169023808,0.0009000486169023808,2,"[214, 1777]","[6359, 6]"
51,79,237,1179,0.0009003886169023825,3.400000000016671e-07,2,"[214, 1777]","[6185, 5]"
52,79,237,1179,0.0009006586169023838,2.7000000000132387e-07,2,"[214, 1777]","[6426, 5]"
53,79,237,1179,0.000900898616902385,2.4000000000117677e-07,2,"[214, 1777]","[6144, 2]"
54,79,237,1179,0.0009011686169023863,2.7000000000132387e-07,2,"[214, 1777]","[6294, 3]"
55,79,237,1179,0.000901508616902388,3.400000000016671e-07,2,"[214, 1777]","[6067, 7]"
56,79,237,1179,0.0009216386169024867,2.0130000000098702e-05,3,"[214, 687, 1777]","[5624, 620, 3]"
57,79,238,1178,0.0009013648049873642,0.0009013648049873642,3,"[214, 1777, 1778]","[6077, 192, 4]"
58,79,238,1178,0.0009212248049874616,1.9860000000097378e-05,4,"[214, 687, 1777, 1778]","[1662, 4536, 42, 1]"
59,79,238,1178,0.0009218748049874648,6.500000000031871e-07,1,[687],[6296]
60,79,238,1178,0.0009223848049874673,5.100000000025006e-07,1,[687],[6207]
61,79,238,1178,0.0009229048049874698,5.200000000025497e-07,1,[687],[6337]
62,79,238,1178,0.0009235448049874729,6.400000000031381e-07,1,[687],[6214]
63,79,238,1179,0.0009001493902490517,0.0009001493902490517,2,"[214, 1777]","[6214, 72]"
64,79,238,1179,0.0009005093902490534,3.6000000000176516e-07,3,"[214, 1777, 1778]","[6346, 56, 1]"
65,79,238,1179,0.0009007693902490547,2.6000000000127484e-07,2,"[214, 1777]","[6033, 40]"
66,79,238,1179,0.000901039390249056,2.7000000000132387e-07,3,"[214, 1777, 1778]","[6448, 44, 2]"
67,79,238,1179,0.0009013293902490574,2.9000000000142193e-07,2,"[214, 1777]","[6074, 32]"
68,79,238,1179,0.0009017793902490596,4.5000000000220645e-07,2,"[214, 1777]","[6097, 42]"
69,79,238,1179,0.0009213993902491558,1.96200000000962e-05,3,"[214, 687, 1777]","[3316, 2947, 19]"
70,79,238,1179,0.0009223093902491603,9.100000000044619e-07,1,[687],[6265]
71,79,238,1179,0.0009234193902491657,1.1100000000054426e-06,1,[687],[6223]
72,79,239,1178,0.0009211783711825918,0.0009211783711825918,4,"[214, 687, 1777, 1778]","[5741, 489, 22, 1]"
73,79,239,1179,0.0009003691947899408,0.0009003691947899408,2,"[214, 1777]","[6377, 10]"
74,79,239,1179,0.0009007191947899426,3.500000000017161e-07,2,"[214, 1777]","[6146, 10]"
75,79,239,1179,0.0009009991947899439,2.800000000013729e-07,2,"[214, 1777]","[6257, 4]"
76,79,239,1179,0.0009012691947899452,2.7000000000132387e-07,2,"[214, 1777]","[6191, 6]"
77,79,239,1179,0.0009015691947899467,3.0000000000147097e-07,2,"[214, 1777]","[6296, 7]"
78,79,239,1179,0.0009020191947899489,4.5000000000220645e-07,2,"[214, 1777]","[6249, 7]"
79,79,239,1179,0.0009229391947900515,2.0920000000102575e-05,3,"[214, 687, 1777]","[3633, 2556, 2]"
80,79,240,1179,0.0009008179981914306,0.0009008179981914306,1,[214],[6263]
81,79,240,1179,0.0009011979981914325,3.800000000018632e-07,1,[214],[6369]
82,79,240,1179,0.0009014979981914339,3.0000000000147097e-07,1,[214],[6231]
83,79,240,1179,0.0009017779981914353,2.800000000013729e-07,1,[214],[6183]
84,79,240,1179,0.000902127998191437,3.500000000017161e-07,1,[214],[6223]
85,79,240,1179,0.0009027179981914399,5.900000000028929e-07,1,[214],[6285]
86,79,241,1179,0.0009014097396115536,0.0009014097396115536,1,[214],[6328]
87,79,241,1179,0.0009017997396115555,3.9000000000191225e-07,1,[214],[6243]
88,79,241,1179,0.0009021197396115571,3.2000000000156903e-07,1,[214],[6309]
89,79,241,1179,0.0009024497396115587,3.3000000000161806e-07,1,[214],[6249]
90,79,241,1179,0.0009028597396115607,4.100000000020103e-07,1,[214],[6147]
91,79,241,1180,0.0009031839634884893,0.0009031839634884893,1,[214],[6270]
92,79,242,1179,0.0009020089933141592,0.0009020089933141592,1,[214],[6263]
93,79,242,1179,0.0009024189933141612,4.100000000020103e-07,2,"[214, 492]","[6267, 1]"
94,79,242,1179,0.0009027589933141628,3.400000000016671e-07,2,"[214, 492]","[6300, 5]"
95,79,242,1179,0.0009031389933141647,3.800000000018632e-07,2,"[214, 492]","[6292, 2]"
96,79,242,1179,0.0009037989933141679,6.600000000032361e-07,2,"[214, 492]","[6104, 19]"
97,79,242,1180,0.000903066149346879,0.000903066149346879,2,"[214, 492]","[6259, 3]"
98,79,243,1179,0.0009025491668975701,0.0009025491668975701,2,"[214, 492]","[6002, 300]"
99,79,243,1179,0.0009029591668975721,4.100000000020103e-07,2,"[214, 492]","[5780, 475]"
100,79,243,1179,0.0009033091668975738,3.500000000017161e-07,2,"[214, 492]","[5708, 641]"
101,79,243,1179,0.0009036891668975757,3.800000000018632e-07,2,"[214, 492]","[5366, 808]"
102,79,243,1179,0.0009043191668975788,6.30000000003089e-07,2,"[214, 492]","[5216, 1002]"
103,79,243,1180,0.0009034029365062333,0.0009034029365062333,2,"[214, 492]","[5743, 515]"
104,79,244,1179,0.000903067341399414,0.000903067341399414,2,"[214, 492]","[5461, 876]"
105,79,244,1179,0.000903477341399416,4.100000000020103e-07,2,"[214, 492]","[5502, 711]"
106,79,244,1179,0.0009038273413994177,3.500000000017161e-07,2,"[214, 492]","[5698, 626]"
107,79,244,1179,0.0009041973413994195,3.700000000018142e-07,2,"[214, 492]","[5732, 524]"
108,79,244,1179,0.0009048673413994228,6.700000000032852e-07,2,"[214, 492]","[5760, 403]"
109,79,244,1180,0.0009038832452544542,0.0009038832452544542,2,"[214, 492]","[5655, 611]"
110,79,245,1179,0.0009037046566802493,0.0009037046566802493,2,"[214, 492]","[6274, 13]"
111,79,245,1179,0.0009041646566802516,4.600000000022555e-07,2,"[214, 492]","[6323, 4]"
112,79,245,1179,0.0009045746566802536,4.100000000020103e-07,2,"[214, 492]","[6179, 6]"
113,79,245,1179,0.0009051646566802565,5.900000000028929e-07,2,"[214, 492]","[6204, 2]"
114,79,245,1180,0.000904538200809034,0.000904538200809034,2,"[214, 492]","[6275, 5]"
115,79,246,1179,0.0009042891893921308,0.0009042891893921308,1,[214],[6301]
116,79,246,1179,0.0009047591893921331,4.700000000023045e-07,1,[214],[6206]
117,79,246,1179,0.0009052091893921354,4.5000000000220645e-07,1,[214],[6362]
118,79,246,1179,0.000905949189392139,7.400000000036284e-07,2,"[214, 491]","[6167, 2]"
119,79,246,1180,0.0009048508877457826,0.0009048508877457826,1,[214],[6252]
120,79,247,1179,0.0009048389377520782,0.0009048389377520782,2,"[214, 491]","[6211, 88]"
121,79,247,1179,0.0009053089377520805,4.700000000023045e-07,2,"[214, 491]","[6134, 183]"
122,79,247,1179,0.0009057389377520826,4.300000000021084e-07,2,"[214, 491]","[5929, 292]"
123,79,247,1179,0.0009063489377520856,6.10000000002991e-07,2,"[214, 491]","[5697, 477]"
124,79,247,1180,0.0009052914082714266,0.0009052914082714266,2,"[214, 491]","[6108, 201]"
125,79,247,1180,0.000906201408271431,9.100000000044619e-07,2,"[214, 491]","[5679, 541]"
126,79,248,1179,0.0009053320556414342,0.0009053320556414342,2,"[214, 491]","[5293, 1029]"
127,79,248,1179,0.0009057720556414363,4.400000000021574e-07,2,"[214, 491]","[5175, 1145]"
128,79,248,1179,0.0009061520556414382,3.800000000018632e-07,2,"[214, 491]","[5086, 1146]"
129,79,248,1179,0.0009066420556414406,4.900000000024026e-07,2,"[214, 491]","[5005, 1205]"
130,79,248,1180,0.0009056946836456755,0.0009056946836456755,2,"[214, 491]","[4850, 1503]"
131,79,248,1180,0.000906414683645679,7.200000000035303e-07,2,"[214, 491]","[4538, 1637]"
132,79,249,1179,0.0009059628736032998,0.0009059628736032998,2,"[214, 491]","[6193, 129]"
133,79,249,1179,0.0009064628736033022,5.000000000024516e-07,2,"[214, 491]","[6210, 77]"
134,79,249,1179,0.0009069528736033046,4.900000000024026e-07,2,"[214, 491]","[6121, 40]"
135,79,249,1180,0.0009065922867256209,0.0009065922867256209,2,"[214, 491]","[6090, 168]"
136,79,250,1179,0.0009064345742286259,0.0009064345742286259,1,[214],[6362]
137,79,250,1179,0.0009068945742286282,4.600000000022555e-07,1,[214],[6156]
138,79,250,1179,0.0009073445742286304,4.5000000000220645e-07,1,[214],[6304]
139,79,250,1179,0.0009080945742286341,7.500000000036774e-07,1,[214],[6178]
140,79,250,1180,0.0009072924600002655,0.0009072924600002655,1,[214],[6265]
141,79,251,1179,0.0009068946101087282,0.0009068946101087282,1,[214],[6284]
142,79,251,1179,0.0009073446101087304,4.5000000000220645e-07,1,[214],[6318]
143,79,251,1179,0.0009077546101087324,4.100000000020103e-07,1,[214],[6264]
144,79,251,1179,0.0009083346101087352,5.800000000028439e-07,1,[214],[6171]
145,79,251,1180,0.0009079793539053149,0.0009079793539053149,1,[214],[6266]
146,79,252,1179,0.0009074413811175765,0.0009074413811175765,1,[214],[6256]
147,79,252,1179,0.0009079113811175788,4.700000000023045e-07,2,"[214, 490]","[6312, 1]"
148,79,252,1179,0.000908371381117581,4.600000000022555e-07,2,"[214, 490]","[6264, 1]"
149,79,252,1179,0.0009092413811175853,8.700000000042658e-07,2,"[214, 490]","[6173, 7]"
150,79,253,1179,0.0009079088301858813,0.0009079088301858813,2,"[214, 490]","[6018, 271]"
151,79,253,1179,0.0009083488301858835,4.400000000021574e-07,2,"[214, 490]","[5805, 448]"
152,79,253,1179,0.0009087588301858855,4.100000000020103e-07,2,"[214, 490]","[5729, 595]"
153,79,253,1179,0.0009093088301858882,5.500000000026968e-07,2,"[214, 490]","[5413, 767]"
154,79,254,1179,0.0009083071633591744,0.0009083071633591744,2,"[214, 490]","[5157, 1136]"
155,79,254,1179,0.0009087271633591765,4.2000000000205935e-07,2,"[214, 490]","[5260, 1032]"
156,79,254,1179,0.0009090971633591783,3.700000000018142e-07,2,"[214, 490]","[5229, 984]"
157,79,254,1179,0.0009095271633591804,4.300000000021084e-07,2,"[214, 490]","[5383, 836]"
158,79,255,1179,0.0009089681493742677,0.0009089681493742677,2,"[214, 490]","[6236, 79]"
159,79,255,1179,0.00090943814937427,4.700000000023045e-07,2,"[214, 490]","[6288, 16]"
160,79,255,1179,0.0009098881493742723,4.5000000000220645e-07,2,"[214, 490]","[6174, 7]"
161,79,255,1179,0.000910658149374276,7.700000000037755e-07,2,"[214, 490]","[6202, 7]"
162,79,256,1179,0.0009095317284533215,0.0009095317284533215,1,[214],[6345]
163,79,256,1179,0.0009100117284533239,4.800000000023535e-07,1,[214],[6242]
164,79,256,1179,0.0009104817284533262,4.700000000023045e-07,1,[214],[6249]
165,79,256,1179,0.0009115917284533316,1.1100000000054426e-06,1,[214],[6171]
166,79,257,1179,0.0009100419112397088,0.0009100419112397088,1,[214],[6364]
167,79,257,1179,0.0009105219112397111,4.800000000023535e-07,1,[214],[6253]
168,79,257,1179,0.0009110019112397135,4.800000000023535e-07,1,[214],[6169]
169,79,257,1179,0.0009122719112397197,1.270000000006227e-06,1,[214],[6218]
170,79,258,1179,0.0009105177317152416,0.0009105177317152416,1,[214],[6285]
171,79,258,1179,0.0009109977317152439,4.800000000023535e-07,1,[214],[6256]
172,79,258,1179,0.0009114777317152463,4.800000000023535e-07,1,[214],[6276]
173,79,258,1179,0.0009125377317152515,1.0600000000051974e-06,1,[214],[6197]
174,79,259,1179,0.000910959932585919,0.000910959932585919,1,[214],[6281]
175,79,259,1179,0.0009114199325859213,4.600000000022555e-07,1,[214],[6341]
176,79,259,1179,0.0009118399325859233,4.2000000000205935e-07,1,[214],[6148]
177,79,259,1179,0.0009125199325859267,6.800000000033342e-07,1,[214],[6264]
178,79,260,1156,0.0010042162030153218,0.0010042162030153218,1,[688],[6254]
179,79,260,1179,0.000911372899779575,0.000911372899779575,1,[214],[6259]
180,79,260,1179,0.0009118328997795772,4.600000000022555e-07,1,[214],[6308]
181,79,260,1179,0.0009122428997795793,4.100000000020103e-07,1,[214],[6191]
182,79,260,1179,0.0009128628997795823,6.2000000000304e-07,1,[214],[6299]
183,79,261,1179,0.0009118432065222935,0.0009118432065222935,1,[214],[6250]
184,79,261,1179,0.0009123132065222958,4.700000000023045e-07,1,[214],[6255]
185,79,261,1179,0.000912763206522298,4.5000000000220645e-07,1,[214],[6247]
186,79,261,1179,0.0009135432065223018,7.800000000038245e-07,1,[214],[6268]
187,79,262,1179,0.0009123295048061072,0.0009123295048061072,1,[214],[6274]
188,79,262,1179,0.0009127895048061095,4.600000000022555e-07,1,[214],[6239]
189,79,262,1179,0.0009132495048061117,4.600000000022555e-07,1,[214],[6348]
190,79,262,1179,0.0009141395048061161,8.900000000043639e-07,1,[214],[6155]
191,79,263,1179,0.0009127790570287045,0.0009127790570287045,2,"[214, 489]","[6288, 9]"
192,79,263,1179,0.0009132490570287068,4.700000000023045e-07,2,"[214, 489]","[6202, 30]"
193,79,263,1179,0.0009137090570287091,4.600000000022555e-07,2,"[214, 489]","[6266, 40]"
194,79,263,1179,0.0009145190570287131,8.100000000039716e-07,2,"[214, 489]","[6062, 103]"
195,79,263,1190,0.0003512385426501814,0.0003512385426501814,2,"[515, 516]","[6257, 4]"
196,79,263,1190,0.0003518285426501811,5.899999999996945e-07,2,"[515, 516]","[6292, 4]"
197,79,264,1179,0.0009132234234394327,0.0009132234234394327,2,"[214, 489]","[5703, 608]"
198,79,264,1179,0.0009136634234394349,4.400000000021574e-07,2,"[214, 489]","[5417, 845]"
199,79,264,1179,0.0009140534234394368,3.9000000000191225e-07,3,"[214, 488, 489]","[5270, 1, 1010]"
200,79,264,1179,0.0009145534234394392,5.000000000024516e-07,3,"[214, 488, 489]","[5008, 1, 1173]"
201,79,265,1179,0.0009137303143475043,0.0009137303143475043,3,"[214, 488, 489]","[5525, 379, 437]"
202,79,265,1179,0.0009141903143475065,4.600000000022555e-07,3,"[214, 488, 489]","[5405, 581, 350]"
203,79,265,1179,0.0009146103143475086,4.2000000000205935e-07,3,"[214, 488, 489]","[5092, 765, 264]"
204,79,265,1179,0.0009152703143475118,6.600000000032361e-07,3,"[214, 488, 489]","[4979, 1060, 184]"
205,79,266,1179,0.000914078705779458,0.000914078705779458,3,"[214, 488, 489]","[4279, 1998, 4]"
206,79,266,1179,0.0009144987057794601,4.2000000000205935e-07,2,"[214, 488]","[4372, 1848]"
207,79,266,1179,0.0009148687057794619,3.700000000018142e-07,3,"[214, 488, 489]","[4740, 1666, 1]"
208,79,266,1179,0.000915288705779464,4.2000000000205935e-07,2,"[214, 488]","[4777, 1418]"
209,79,266,1179,0.0009165587057794702,1.270000000006227e-06,2,"[214, 488]","[5010, 1139]"
210,79,266,1180,0.0009153252715468892,0.0009153252715468892,2,"[214, 488]","[4323, 1954]"
211,79,267,1179,0.0009147572217162834,0.0009147572217162834,3,"[214, 220, 488]","[6037, 61, 177]"
212,79,267,1179,0.0009152572217162859,5.000000000024516e-07,3,"[214, 220, 488]","[6301, 8, 57]"
213,79,267,1179,0.0009157572217162883,5.000000000024516e-07,3,"[214, 220, 488]","[6091, 1, 24]"
214,79,268,1179,0.0009153182652701498,0.0009153182652701498,2,"[214, 220]","[6071, 248]"
215,79,268,1179,0.0009158482652701524,5.300000000025987e-07,2,"[214, 220]","[6296, 1]"
216,79,268,1179,0.0009163982652701551,5.500000000026968e-07,1,[214],[6148]
217,79,269,1174,0.0008890887738358749,0.0008890887738358749,1,[1794],[6272]
218,79,269,1175,0.0008877141046355725,0.0008877141046355725,1,[1794],[6250]
219,79,269,1175,0.0008881841046355748,4.700000000023045e-07,1,[1794],[6277]
220,79,269,1175,0.0008886141046355769,4.300000000021084e-07,1,[1794],[6292]
221,79,269,1175,0.0008891841046355797,5.700000000027948e-07,1,[1794],[6194]
222,79,269,1179,0.0009159192659416167,0.0009159192659416167,2,"[214, 220]","[6331, 11]"
223,79,269,1179,0.0009164392659416192,5.200000000025497e-07,1,[214],[6253]
224,79,269,1179,0.0009170192659416221,5.800000000028439e-07,1,[214],[6231]
225,79,270,1175,0.0008885757098014773,0.0008885757098014773,1,[1794],[6277]
226,79,270,1175,0.0008895957098014823,1.0200000000050013e-06,1,[1794],[6273]
227,79,270,1179,0.0009165019526806271,0.0009165019526806271,1,[214],[6296]
228,79,270,1179,0.0009170319526806297,5.300000000025987e-07,1,[214],[6242]
229,79,270,1179,0.0009175919526806325,5.600000000027458e-07,1,[214],[6219]
230,79,271,1179,0.000917108916574033,0.000917108916574033,1,[214],[6353]
231,79,271,1179,0.0009176289165740355,5.200000000025497e-07,1,[214],[6252]
232,79,271,1179,0.0009181889165740383,5.600000000027458e-07,1,[214],[6235]
233,79,272,1179,0.00091771446239195,0.00091771446239195,1,[214],[6279]
234,79,272,1179,0.0009182544623919526,5.400000000026477e-07,1,[214],[6231]
235,79,272,1179,0.0009188644623919556,6.10000000002991e-07,1,[214],[6303]
236,79,273,1179,0.0009184220548567159,0.0009184220548567159,1,[214],[6345]
237,79,273,1179,0.0009189720548567186,5.500000000026968e-07,1,[214],[6245]
238,79,273,1179,0.0009195720548567215,6.000000000029419e-07,1,[214],[6180]
239,79,274,1179,0.0009191665187792768,0.0009191665187792768,1,[214],[6328]
240,79,274,1179,0.0009197265187792796,5.600000000027458e-07,1,[214],[6234]
241,79,274,1179,0.0009203865187792828,6.600000000032361e-07,1,[214],[6192]
242,79,275,1178,0.0009207837375245045,0.0009207837375245045,2,"[8, 214]","[11, 6263]"
243,79,275,1179,0.0009199717063168154,0.0009199717063168154,2,"[8, 214]","[1, 6289]"
244,79,275,1179,0.0009206017063168185,6.30000000003089e-07,3,"[8, 214, 219]","[10, 6231, 1]"
245,79,275,1179,0.0009217717063168242,1.1700000000057368e-06,3,"[8, 214, 219]","[36, 6191, 1]"
246,79,276,1178,0.0009210404547320838,0.0009210404547320838,4,"[8, 213, 214, 219]","[1448, 2, 4787, 18]"
247,79,276,1179,0.0009206803094951639,0.0009206803094951639,4,"[8, 213, 214, 219]","[1479, 4, 4778, 8]"
248,79,276,1179,0.0009214303094951676,7.500000000036774e-07,3,"[8, 214, 219]","[1614, 4659, 10]"
249,79,277,1178,0.0009213785715021247,0.0009213785715021247,4,"[8, 213, 214, 219]","[5362, 209, 669, 10]"
250,79,277,1179,0.0009199945691663915,0.0009199945691663915,4,"[8, 213, 214, 219]","[5249, 946, 62, 1]"
251,79,277,1179,0.0009206945691663949,7.000000000034323e-07,4,"[8, 213, 214, 219]","[5591, 415, 241, 1]"
252,79,277,1179,0.0009218045691664003,1.1100000000054426e-06,4,"[8, 213, 214, 219]","[5440, 104, 695, 8]"
253,79,278,1179,0.0009189871838598158,0.0009189871838598158,3,"[8, 212, 213]","[5692, 197, 412]"
254,79,278,1179,0.0009195871838598188,6.000000000029419e-07,3,"[8, 212, 213]","[5346, 11, 875]"
255,79,278,1179,0.0009202071838598218,6.2000000000304e-07,3,"[8, 212, 213]","[5105, 2, 1118]"
256,79,279,1179,0.0009178579976782592,0.0009178579976782592,2,"[8, 212]","[3776, 2541]"
257,79,279,1179,0.0009185279976782625,6.700000000032852e-07,3,"[8, 212, 213]","[4671, 1592, 1]"
258,79,279,1179,0.0009193879976782667,8.600000000042168e-07,3,"[8, 212, 213]","[5534, 641, 14]"
259,79,279,1180,0.0009178297459401626,0.0009178297459401626,2,"[8, 212]","[3412, 2873]"
260,79,279,1180,0.0009187497459401671,9.20000000004511e-07,3,"[8, 212, 213]","[4089, 2144, 1]"
261,79,280,1179,0.0009176662493478165,0.0009176662493478165,2,"[8, 212]","[5509, 773]"
262,79,280,1180,0.0009168997984197835,0.0009168997984197835,2,"[8, 212]","[6087, 180]"
263,79,280,1180,0.0009175497984197867,6.500000000031871e-07,2,"[8, 212]","[5802, 498]"
264,79,280,1180,0.0009184397984197911,8.900000000043639e-07,2,"[8, 212]","[5268, 916]"
265,79,281,1180,0.0009158978414752874,0.0009158978414752874,1,[8],[6283]
266,79,281,1180,0.0009165478414752906,6.500000000031871e-07,1,[8],[6302]
267,79,281,1180,0.0009173978414752947,8.500000000041677e-07,1,[8],[6202]
268,79,282,1180,0.0009150319225604311,0.0009150319225604311,1,[8],[6302]
269,79,282,1180,0.0009157019225604344,6.700000000032852e-07,1,[8],[6273]
270,79,282,1180,0.0009167519225604395,1.0500000000051484e-06,1,[8],[6196]
271,79,282,1181,0.0009159160970608091,0.0009159160970608091,1,[8],[6262]
272,79,283,1180,0.0009144049140353262,0.0009144049140353262,1,[8],[6261]
273,79,283,1180,0.0009156249140353322,1.220000000005982e-06,1,[8],[6254]
274,79,283,1181,0.0009140925209736333,0.0009140925209736333,1,[8],[6277]
275,79,283,1181,0.0009151325209736384,1.0400000000050993e-06,1,[8],[6251]
276,79,284,1180,0.000914618468180176,0.000914618468180176,1,[8],[6259]
277,79,284,1181,0.0009128993008051603,0.0009128993008051603,1,[8],[6258]
278,79,284,1181,0.0009135593008051635,6.600000000032361e-07,1,[8],[6249]
279,79,284,1181,0.0009144893008051681,9.3000000000456e-07,1,[8],[6268]
280,79,285,1181,0.0009119126256512517,0.0009119126256512517,1,[8],[6309]
281,79,285,1181,0.0009125326256512547,6.2000000000304e-07,1,[8],[6238]
282,79,285,1181,0.0009132526256512583,7.200000000035303e-07,1,[8],[6272]
283,79,286,1181,0.0009111037698704391,0.0009111037698704391,1,[8],[6297]
284,79,286,1181,0.0009118037698704426,7.000000000034323e-07,1,[8],[6290]
285,79,286,1182,0.0009115709816696821,0.0009115709816696821,2,"[1, 8]","[3, 6251]"
286,79,287,1181,0.0009105449815279585,0.0009105449815279585,4,"[1, 7, 8, 9]","[262, 2, 5880, 152]"
287,79,287,1182,0.0009097357708476159,0.0009097357708476159,4,"[1, 7, 8, 9]","[2080, 4, 3615, 566]"
288,79,287,1182,0.0009104157708476193,6.800000000033342e-07,4,"[1, 7, 8, 9]","[1113, 1, 5043, 126]"
289,79,287,1182,0.0009114657708476244,1.0500000000051484e-06,4,"[1, 7, 8, 9]","[440, 2, 5759, 25]"
290,79,288,1181,0.0009106848893350699,0.0009106848893350699,4,"[1, 7, 8, 9]","[1507, 15, 2768, 1968]"
291,79,288,1182,0.0009085010201683067,0.0009085010201683067,4,"[1, 7, 8, 9]","[1123, 5, 283, 4894]"
292,79,288,1182,0.0009089410201683089,4.400000000021574e-07,4,"[1, 7, 8, 9]","[2512, 9, 693, 3058]"
293,79,288,1182,0.0009092610201683105,3.2000000000156903e-07,4,"[1, 7, 8, 9]","[3182, 10, 948, 2132]"
294,79,288,1182,0.0009095310201683118,2.7000000000132387e-07,4,"[1, 7, 8, 9]","[3515, 11, 1158, 1506]"
295,79,288,1182,0.0009098110201683132,2.800000000013729e-07,4,"[1, 7, 8, 9]","[3699, 10, 1378, 1226]"
296,79,288,1182,0.0009101410201683148,3.3000000000161806e-07,4,"[1, 7, 8, 9]","[3858, 12, 1532, 866]"
297,79,288,1182,0.0009107110201683176,5.700000000027948e-07,4,"[1, 7, 8, 9]","[3788, 8, 1790, 590]"
298,79,288,1183,0.0009089853685058604,0.0009089853685058604,4,"[1, 7, 8, 9]","[5058, 2, 48, 1188]"
299,79,288,1183,0.0009093753685058624,3.9000000000191225e-07,4,"[1, 7, 8, 9]","[5950, 1, 38, 257]"
300,79,288,1183,0.0009096753685058638,3.0000000000147097e-07,3,"[1, 8, 9]","[6121, 55, 143]"
301,79,288,1183,0.0009099853685058653,3.1000000000152e-07,3,"[1, 8, 9]","[6140, 54, 84]"
302,79,288,1183,0.0009103453685058671,3.6000000000176516e-07,3,"[1, 8, 9]","[6033, 73, 53]"
303,79,288,1183,0.0009116953685058737,1.3500000000066193e-06,3,"[1, 8, 9]","[6116, 50, 38]"
304,79,288,1184,0.0009092265299379874,0.0009092265299379874,3,"[1, 2, 9]","[6298, 2, 4]"
305,79,288,1184,0.0009095965299379893,3.700000000018142e-07,2,"[1, 2]","[6315, 3]"
306,79,288,1184,0.0009098965299379907,3.0000000000147097e-07,2,"[1, 2]","[6151, 8]"
307,79,288,1184,0.0009102165299379923,3.2000000000156903e-07,2,"[1, 2]","[6331, 3]"
308,79,288,1184,0.0009106365299379944,4.2000000000205935e-07,2,"[1, 2]","[6184, 4]"
309,79,288,1185,0.0009093452037529344,0.0009093452037529344,2,"[1, 2]","[6103, 234]"
310,79,288,1185,0.0009097152037529362,3.700000000018142e-07,2,"[1, 2]","[5996, 325]"
311,79,288,1185,0.0009100052037529377,2.9000000000142193e-07,2,"[1, 2]","[5816, 393]"
312,79,288,1185,0.000910285203752939,2.800000000013729e-07,2,"[1, 2]","[5732, 448]"
313,79,288,1185,0.0009106252037529407,3.400000000016671e-07,2,"[1, 2]","[5702, 571]"
314,79,288,1185,0.0009113552037529443,7.300000000035793e-07,2,"[1, 2]","[5496, 692]"
315,79,288,1186,0.0009094511814478584,0.0009094511814478584,2,"[1, 2]","[5785, 492]"
316,79,288,1186,0.0009098111814478602,3.6000000000176516e-07,2,"[1, 2]","[5718, 589]"
317,79,288,1186,0.0009100911814478615,2.800000000013729e-07,2,"[1, 2]","[5546, 651]"
318,79,288,1186,0.0009103711814478629,2.800000000013729e-07,2,"[1, 2]","[5502, 754]"
319,79,288,1186,0.0009107111814478646,3.400000000016671e-07,2,"[1, 2]","[5492, 852]"
320,79,288,1186,0.0009113411814478677,6.30000000003089e-07,2,"[1, 2]","[5200, 923]"
321,79,288,1187,0.0009095407879871543,0.0009095407879871543,3,"[1, 2, 349]","[6291, 9, 1]"
322,79,288,1187,0.0009099207879871561,3.800000000018632e-07,2,"[1, 2]","[6280, 13]"
323,79,288,1187,0.0009102407879871577,3.2000000000156903e-07,2,"[1, 2]","[6305, 22]"
324,79,288,1187,0.0009105807879871594,3.400000000016671e-07,2,"[1, 2]","[6108, 18]"
325,79,288,1187,0.0009111307879871621,5.500000000026968e-07,2,"[1, 2]","[6214, 20]"
326,79,288,1188,0.0009099504156642351,0.0009099504156642351,2,"[1, 349]","[6332, 7]"
327,79,288,1188,0.0009105904156642382,6.400000000031381e-07,1,[1],[6171]
328,79,289,1182,0.0009073028415343467,0.0009073028415343467,2,"[1, 9]","[1, 6325]"
329,79,289,1182,0.0009080128415343502,7.100000000034813e-07,3,"[1, 8, 9]","[15, 1, 6183]"
330,79,289,1182,0.0009088228415343541,8.100000000039716e-07,4,"[1, 7, 8, 9]","[219, 1, 22, 6008]"
331,79,289,1183,0.0009081766122517557,0.0009081766122517557,3,"[1, 8, 9]","[43, 1, 6206]"
332,79,290,1182,0.0009063764132386262,0.0009063764132386262,1,[9],[6302]
333,79,290,1182,0.0009078564132386335,1.4800000000072568e-06,1,[9],[6208]
334,79,290,1183,0.0009056932185039424,0.0009056932185039424,1,[9],[6290]
335,79,290,1183,0.000906623218503947,9.3000000000456e-07,1,[9],[6246]
336,79,291,1183,0.0009040032278452469,0.0009040032278452469,1,[9],[6284]
337,79,291,1183,0.0009047032278452503,7.000000000034323e-07,1,[9],[6218]
338,79,291,1183,0.0009054332278452539,7.300000000035793e-07,1,[9],[6315]
339,79,292,1183,0.0009027076644904577,0.0009027076644904577,1,[9],[6302]
340,79,292,1183,0.0009034376644904612,7.300000000035793e-07,1,[9],[6208]
341,79,292,1183,0.0009043676644904658,9.3000000000456e-07,1,[9],[6263]
342,79,292,1184,0.0009032892393672306,0.0009032892393672306,1,[9],[6258]
343,79,293,1183,0.0009019013045776782,0.0009019013045776782,1,[9],[6263]
344,79,293,1184,0.0009009770611426942,0.0009009770611426942,1,[9],[6278]
345,79,293,1184,0.0009018370611426984,8.600000000042168e-07,1,[9],[6289]
346,79,294,1184,0.0008993973718118711,0.0008993973718118711,1,[9],[6269]
347,79,294,1184,0.0009000873718118745,6.900000000033832e-07,1,[9],[6231]
348,79,294,1184,0.0009008173718118781,7.300000000035793e-07,1,[9],[6295]
349,79,295,1184,0.0008982103757216922,0.0008982103757216922,3,"[9, 10, 206]","[6283, 1, 1]"
350,79,295,1184,0.0008990803757216965,8.700000000042658e-07,1,[9],[6234]
351,79,295,1185,0.000898646075084727,0.000898646075084727,3,"[9, 10, 206]","[6235, 12, 5]"
352,79,296,1163,0.0009114813609599679,0.0009114813609599679,4,"[1831, 1832, 1838, 1839]","[5, 5064, 1178, 28]"
353,79,296,1184,0.0008974816803970726,0.0008974816803970726,4,"[9, 10, 206, 208]","[5932, 227, 88, 3]"
354,79,296,1185,0.000895894527449583,0.000895894527449583,4,"[9, 10, 206, 208]","[2944, 2469, 831, 18]"
355,79,296,1185,0.0008965645274495863,6.700000000032852e-07,5,"[9, 10, 206, 208, 209]","[4070, 1664, 524, 22, 4]"
356,79,296,1185,0.0008972945274495898,7.300000000035793e-07,5,"[9, 10, 206, 208, 209]","[5285, 682, 226, 15, 1]"
357,79,297,1162,0.0009128617233396221,0.0009128617233396221,3,"[1832, 1838, 1839]","[6252, 26, 1]"
358,79,297,1163,0.0009105138179115661,0.0009105138179115661,3,"[1832, 1838, 1839]","[5378, 883, 27]"
359,79,297,1163,0.0009108638179115678,3.500000000017161e-07,4,"[1831, 1832, 1838, 1839]","[2, 5702, 547, 15]"
360,79,297,1163,0.0009111138179115691,2.500000000012258e-07,3,"[1832, 1838, 1839]","[5867, 356, 7]"
361,79,297,1163,0.0009113238179115701,2.1000000000102968e-07,3,"[1832, 1838, 1839]","[5986, 266, 10]"
362,79,297,1163,0.0009115238179115711,2.0000000000098064e-07,3,"[1832, 1838, 1839]","[6325, 200, 4]"
363,79,297,1163,0.000911703817911572,1.8000000000088258e-07,3,"[1832, 1838, 1839]","[6062, 145, 4]"
364,79,297,1163,0.0009118738179115728,1.7000000000083355e-07,3,"[1832, 1838, 1839]","[5873, 107, 1]"
365,79,297,1163,0.0009120638179115737,1.900000000009316e-07,3,"[1832, 1838, 1839]","[6423, 63, 2]"
366,79,297,1163,0.0009122538179115746,1.900000000009316e-07,3,"[1832, 1838, 1839]","[5975, 42, 2]"
367,79,297,1163,0.0009124738179115757,2.200000000010787e-07,2,"[1832, 1838]","[6228, 24]"
368,79,297,1163,0.0009127538179115771,2.800000000013729e-07,3,"[1832, 1838, 1839]","[6289, 13, 1]"
369,79,297,1163,0.0009131738179115792,4.2000000000205935e-07,3,"[1832, 1838, 1840]","[6170, 9, 1]"
370,79,297,1164,0.0009107630420208097,0.0009107630420208097,4,"[1831, 1832, 1838, 1839]","[13, 5009, 1265, 40]"
371,79,297,1164,0.0009113030420208123,5.400000000026477e-07,4,"[1831, 1832, 1838, 1839]","[1, 5430, 750, 18]"
372,79,297,1164,0.0009118830420208152,5.800000000028439e-07,4,"[1831, 1832, 1838, 1839]","[1, 5753, 465, 16]"
373,79,297,1185,0.0008947629994062315,0.0008947629994062315,3,"[9, 10, 206]","[5630, 533, 188]"
374,79,297,1185,0.0008952529994062339,4.900000000024026e-07,3,"[9, 10, 206]","[4283, 1469, 495]"
375,79,297,1185,0.0008956229994062357,3.700000000018142e-07,4,"[9, 10, 206, 208]","[3656, 1922, 657, 3]"
376,79,297,1185,0.0008959729994062374,3.500000000017161e-07,4,"[9, 10, 206, 208]","[3110, 2302, 760, 9]"
377,79,297,1185,0.0008963929994062395,4.2000000000205935e-07,5,"[9, 10, 206, 208, 209]","[3065, 2474, 775, 4, 1]"
378,79,297,1185,0.0008972529994062437,8.600000000042168e-07,5,"[9, 10, 206, 208, 209]","[3270, 2217, 685, 11, 2]"
379,79,297,1186,0.0008960033223758988,0.0008960033223758988,4,"[9, 10, 206, 208]","[3299, 2474, 482, 6]"
380,79,298,1162,0.0009131786150444792,0.0009131786150444792,2,"[1832, 1838]","[6259, 2]"
381,79,298,1163,0.0009115563499589484,0.0009115563499589484,3,"[1832, 1838, 1839]","[6219, 80, 1]"
382,79,298,1163,0.0009120063499589506,4.5000000000220645e-07,2,"[1832, 1838]","[6273, 7]"
383,79,298,1163,0.0009123563499589524,3.500000000017161e-07,2,"[1832, 1838]","[6203, 1]"
384,79,298,1163,0.000912696349958954,3.400000000016671e-07,2,"[1832, 1838]","[6320, 1]"
385,79,298,1163,0.0009131163499589561,4.2000000000205935e-07,3,"[1832, 1838, 1840]","[6179, 1, 7]"
386,79,298,1163,0.0009147063499589639,1.5900000000077961e-06,2,"[1832, 1840]","[5780, 436]"
387,79,298,1185,0.0008936544335216381,0.0008936544335216381,1,[9],[6269]
388,79,298,1185,0.0008944744335216421,8.200000000040206e-07,2,"[9, 10]","[6247, 8]"
389,79,298,1185,0.0008958044335216486,1.3300000000065213e-06,3,"[9, 10, 206]","[6016, 167, 48]"
390,79,298,1186,0.0008936123411091034,0.0008936123411091034,1,[9],[6264]
391,79,298,1186,0.0008963023411091166,2.6900000000131897e-06,3,"[9, 10, 206]","[6138, 82, 16]"
392,79,299,1185,0.00089319898250642,0.00089319898250642,1,[9],[6261]
393,79,299,1186,0.0008916579326959336,0.0008916579326959336,2,"[9, 12]","[6318, 2]"
394,79,299,1186,0.0008923879326959372,7.300000000035793e-07,1,[9],[6251]
395,79,299,1186,0.0008932279326959413,8.400000000041187e-07,1,[9],[6221]
396,79,300,1186,0.0008900854501137097,0.0008900854501137097,3,"[9, 11, 12]","[5427, 449, 415]"
397,79,300,1186,0.0008907654501137131,6.800000000033342e-07,3,"[9, 11, 12]","[6104, 77, 53]"
398,79,300,1186,0.0008914454501137164,6.800000000033342e-07,3,"[9, 11, 12]","[6276, 10, 5]"
399,79,300,1186,0.0008930454501137243,1.6000000000078451e-06,3,"[9, 11, 12]","[6188, 1, 2]"
400,79,300,1187,0.000892031163826831,0.000892031163826831,3,"[9, 11, 12]","[5313, 413, 528]"
401,79,301,1186,0.0008888351288179029,0.0008888351288179029,3,"[9, 11, 12]","[4738, 922, 622]"
402,79,301,1186,0.0008894351288179058,6.000000000029419e-07,3,"[9, 11, 12]","[3830, 1599, 890]"
403,79,301,1186,0.0008900351288179088,6.000000000029419e-07,3,"[9, 11, 12]","[3741, 1647, 775]"
404,79,301,1187,0.0008885879824160034,0.0008885879824160034,3,"[9, 11, 12]","[5578, 361, 338]"
405,79,301,1187,0.0008892779824160068,6.900000000033832e-07,3,"[9, 11, 12]","[4264, 1117, 904]"
406,79,301,1187,0.0008900679824160107,7.900000000038735e-07,3,"[9, 11, 12]","[3525, 1690, 1022]"
407,79,302,1186,0.0008888193595665945,0.0008888193595665945,4,"[9, 11, 12, 13]","[6086, 131, 29, 5]"
408,79,302,1187,0.0008868951562654474,0.0008868951562654474,2,"[9, 13]","[6087, 175]"
409,79,302,1187,0.0008875551562654506,6.600000000032361e-07,4,"[9, 11, 12, 13]","[6238, 2, 1, 2]"
410,79,302,1187,0.0008881951562654537,6.400000000031381e-07,3,"[9, 11, 12]","[6239, 8, 8]"
411,79,302,1187,0.0008893951562654596,1.2000000000058839e-06,3,"[9, 11, 12]","[5947, 208, 85]"
412,79,303,1163,0.0009057112427314855,0.0009057112427314855,1,[1981],[6296]
413,79,303,1163,0.000907021242731492,1.3100000000064232e-06,1,[1981],[6233]
414,79,303,1187,0.0008846361147877222,0.0008846361147877222,2,"[9, 13]","[1372, 4945]"
415,79,303,1187,0.0008853161147877256,6.800000000033342e-07,2,"[9, 13]","[3234, 2969]"
416,79,303,1187,0.0008858961147877284,5.800000000028439e-07,2,"[9, 13]","[4682, 1646]"
417,79,303,1187,0.0008864361147877311,5.400000000026477e-07,2,"[9, 13]","[5432, 723]"
418,79,303,1187,0.0008871361147877345,7.000000000034323e-07,2,"[9, 13]","[6037, 233]"
419,79,303,1188,0.0008851997063367734,0.0008851997063367734,2,"[9, 13]","[2057, 4245]"
420,79,303,1188,0.0008876597063367855,2.460000000012062e-06,2,"[9, 13]","[4867, 1331]"
421,79,304,1137,0.0010839693817593574,0.0010839693817593574,2,"[689, 697]","[3974, 2281]"
422,79,304,1138,0.0010827599094337488,0.0010827599094337488,2,"[689, 697]","[3757, 2563]"
423,79,304,1138,0.0010839199094337419,1.159999999993111e-06,2,"[689, 697]","[3173, 3028]"
424,79,304,1163,0.0009057018130608657,0.0009057018130608657,1,[1981],[6300]
425,79,304,1163,0.0009065518130608698,8.500000000041677e-07,1,[1981],[6269]
426,79,304,1163,0.0009074918130608744,9.40000000004609e-07,1,[1981],[6183]
427,79,304,1164,0.0009072155860124202,0.0009072155860124202,1,[1981],[6302]
428,79,304,1187,0.0008839873706676043,0.0008839873706676043,2,"[9, 13]","[3367, 2918]"
429,79,304,1187,0.0008845773706676072,5.900000000028929e-07,2,"[9, 13]","[3686, 2637]"
430,79,304,1187,0.0008851673706676101,5.900000000028929e-07,2,"[9, 13]","[3994, 2163]"
431,79,304,1187,0.0008862473706676154,1.0800000000052955e-06,2,"[9, 13]","[4521, 1737]"
432,79,304,1188,0.000883799094720163,0.000883799094720163,2,"[9, 13]","[4828, 1503]"
433,79,304,1188,0.0008844490947201662,6.500000000031871e-07,2,"[9, 13]","[4284, 1902]"
434,79,304,1188,0.00088522909472017,7.800000000038245e-07,2,"[9, 13]","[4549, 1712]"
435,79,305,1187,0.0008844421841284437,0.0008844421841284437,2,"[9, 13]","[6184, 86]"
436,79,305,1188,0.0008822983295476479,0.0008822983295476479,1,[9],[6320]
437,79,305,1188,0.0008829583295476511,6.600000000032361e-07,2,"[9, 13]","[6189, 4]"
438,79,305,1188,0.0008836183295476543,6.600000000032361e-07,2,"[9, 13]","[6293, 14]"
439,79,305,1188,0.0008854983295476635,1.880000000009218e-06,2,"[9, 13]","[6123, 58]"
440,79,306,1188,0.0008808867622126806,0.0008808867622126806,1,[9],[6335]
441,79,306,1188,0.0008815367622126837,6.500000000031871e-07,1,[9],[6195]
442,79,306,1188,0.000882196762212687,6.600000000032361e-07,1,[9],[6294]
443,79,306,1188,0.0008837567622126946,1.560000000007649e-06,1,[9],[6182]
444,79,306,1189,0.0008825456510976776,0.0008825456510976776,1,[9],[6259]
445,79,307,1188,0.0008798270031154919,0.0008798270031154919,1,[9],[6305]
446,79,307,1188,0.0008807570031154965,9.3000000000456e-07,1,[9],[6235]
447,79,307,1189,0.0008794366222595773,0.0008794366222595773,1,[9],[6266]
448,79,307,1189,0.0008804566222595823,1.0200000000050013e-06,1,[9],[6264]
449,79,308,1188,0.0008797099206284079,0.0008797099206284079,1,[9],[6266]
450,79,308,1189,0.000877752099805041,0.000877752099805041,1,[9],[6301]
451,79,308,1189,0.0008784220998050442,6.700000000032852e-07,1,[9],[6204]
452,79,308,1189,0.0008791220998050477,7.000000000034323e-07,1,[9],[6278]
453,79,309,1189,0.0008763970434571987,0.0008763970434571987,1,[9],[6273]
454,79,309,1189,0.0008770370434572018,6.400000000031381e-07,1,[9],[6265]
455,79,309,1189,0.0008777170434572051,6.800000000033342e-07,1,[9],[6252]
456,79,310,1189,0.000875416412340799,0.000875416412340799,1,[9],[6305]
457,79,310,1189,0.0008762664123408032,8.500000000041677e-07,1,[9],[6254]
458,79,310,1190,0.0008751960663039338,0.0008751960663039338,1,[9],[6271]
459,79,310,1190,0.0008763860663039396,1.1900000000058348e-06,1,[9],[6260]
460,79,311,1189,0.0008751024862057755,0.0008751024862057755,1,[9],[6253]
461,79,311,1190,0.0008735471650333147,0.0008735471650333147,1,[9],[6287]
462,79,311,1190,0.000874207165033318,6.600000000032361e-07,1,[9],[6318]
463,79,311,1190,0.0008749571650333216,7.500000000036774e-07,1,[9],[6162]
464,79,312,1190,0.000872232980363763,0.000872232980363763,1,[9],[6274]
465,79,312,1190,0.000872862980363766,6.30000000003089e-07,1,[9],[6256]
466,79,312,1190,0.0008734929803637691,6.30000000003089e-07,1,[9],[6291]
467,79,313,1190,0.0008712029776099462,0.0008712029776099462,1,[9],[6251]
468,79,313,1190,0.0008720129776099502,8.100000000039716e-07,1,[9],[6309]
469,79,313,1191,0.0008711876293717587,0.0008711876293717587,1,[9],[6273]
470,79,313,1191,0.0008735176293717702,2.3300000000114245e-06,1,[9],[6228]
471,79,314,1104,0.0010885065886132568,0.0010885065886132568,1,[692],[6267]
472,79,314,1190,0.0008706219477546034,0.0008706219477546034,1,[9],[6256]
473,79,314,1191,0.0008693247305548019,0.0008693247305548019,1,[9],[6309]
474,79,314,1191,0.0008700147305548052,6.900000000033832e-07,1,[9],[6239]
475,79,314,1191,0.0008708047305548091,7.900000000038735e-07,1,[9],[6212]
476,79,314,1197,0.0008205548153264937,0.0008205548153264937,1,[1815],[6258]
477,79,314,1197,0.0008216948153264993,1.1400000000055897e-06,1,[1815],[6282]
478,79,315,1191,0.0008678685150444932,0.0008678685150444932,1,[9],[6345]
479,79,315,1191,0.0008684885150444963,6.2000000000304e-07,1,[9],[6239]
480,79,315,1191,0.0008690985150444992,6.10000000002991e-07,1,[9],[6189]
481,79,315,1191,0.0008702485150445049,1.1500000000056387e-06,1,[9],[6235]
482,79,315,1197,0.000819240367149316,0.000819240367149316,1,[1815],[6293]
483,79,315,1197,0.0008210103671493247,1.7700000000086787e-06,1,[1815],[6229]
484,79,315,1198,0.0008182440354162365,0.0008182440354162365,1,[1815],[6267]
485,79,315,1198,0.0008190340354162404,7.900000000038735e-07,1,[1815],[6311]
486,79,315,1198,0.0008200740354162455,1.0400000000050993e-06,1,[1815],[6183]
487,79,316,1191,0.00086666344766855,0.00086666344766855,1,[9],[6298]
488,79,316,1191,0.0008674034476685536,7.400000000036284e-07,1,[9],[6202]
489,79,316,1191,0.000868303447668558,9.000000000044129e-07,1,[9],[6287]
490,79,316,1192,0.0008668705713035485,0.0008668705713035485,1,[9],[6265]
491,79,316,1197,0.0008179548647547038,0.0008179548647547038,1,[1815],[6290]
492,79,316,1198,0.0008172867200769789,0.0008172867200769789,1,[1815],[6307]
493,79,316,1198,0.0008178067200769815,5.200000000025497e-07,1,[1815],[6195]
494,79,316,1198,0.0008184467200769846,6.400000000031381e-07,1,[1815],[6296]
495,79,317,1191,0.0008659882457346983,0.0008659882457346983,1,[9],[6287]
496,79,317,1192,0.0008649767958971797,0.0008649767958971797,1,[9],[6303]
497,79,317,1192,0.0008657067958971833,7.300000000035793e-07,1,[9],[6198]
498,79,317,1192,0.000866676795897188,9.700000000047561e-07,1,[9],[6254]
499,79,318,1192,0.0008633399134625485,0.0008633399134625485,1,[9],[6259]
500,79,318,1192,0.0008639799134625517,6.400000000031381e-07,1,[9],[6316]
501,79,318,1192,0.0008645699134625545,5.900000000028929e-07,1,[9],[6270]
502,79,318,1192,0.0008655399134625593,9.700000000047561e-07,1,[9],[6157]
503,79,319,1192,0.0008619811843097142,0.0008619811843097142,3,"[9, 15, 16]","[5927, 270, 55]"
504,79,319,1192,0.0008626511843097175,6.700000000032852e-07,2,"[9, 15]","[6307, 21]"
505,79,319,1192,0.0008633311843097209,6.800000000033342e-07,2,"[9, 15]","[6188, 2]"
506,79,319,1193,0.0008626111463868763,0.0008626111463868763,3,"[9, 15, 16]","[5448, 432, 404]"
507,79,320,1192,0.0008608094194179042,0.0008608094194179042,3,"[9, 15, 16]","[1243, 3111, 1918]"
508,79,320,1192,0.000861799419417909,9.900000000048542e-07,3,"[9, 15, 16]","[3972, 2080, 221]"
509,79,320,1193,0.0008596232945407916,0.0008596232945407916,4,"[9, 15, 16, 17]","[29, 1759, 4545, 7]"
510,79,320,1193,0.0008601232945407941,5.000000000024516e-07,4,"[9, 15, 16, 17]","[147, 2572, 3564, 2]"
511,79,320,1193,0.0008605732945407963,4.5000000000220645e-07,4,"[9, 15, 16, 17]","[476, 3070, 2605, 2]"
512,79,320,1193,0.000861123294540799,5.500000000026968e-07,3,"[9, 15, 16]","[1248, 3496, 1558]"
513,79,320,1193,0.0008621732945408041,1.0500000000051484e-06,3,"[9, 15, 16]","[3171, 2519, 492]"
514,79,321,1193,0.0008588841078997008,0.0008588841078997008,3,"[15, 16, 17]","[5015, 336, 955]"
515,79,321,1193,0.0008593741078997032,4.900000000024026e-07,4,"[9, 15, 16, 17]","[1, 4896, 727, 595]"
516,79,321,1193,0.0008597841078997052,4.100000000020103e-07,4,"[9, 15, 16, 17]","[4, 4975, 1024, 359]"
517,79,321,1193,0.0008602141078997073,4.300000000021084e-07,4,"[9, 15, 16, 17]","[4, 4767, 1150, 199]"
518,79,321,1193,0.0008608441078997104,6.30000000003089e-07,4,"[9, 15, 16, 17]","[35, 4833, 1327, 75]"
519,79,321,1194,0.0008596480201158097,0.0008596480201158097,3,"[15, 16, 17]","[4865, 141, 1252]"
520,79,322,1193,0.000858266887534956,0.000858266887534956,2,"[15, 17]","[5867, 420]"
521,79,322,1193,0.0008589268875349592,6.600000000032361e-07,3,"[15, 16, 17]","[5256, 1, 1023]"
522,79,322,1193,0.0008598368875349637,9.100000000044619e-07,3,"[15, 16, 17]","[4685, 4, 1507]"
523,79,322,1194,0.0008576133467920947,0.0008576133467920947,2,"[15, 17]","[6286, 38]"
524,79,322,1194,0.0008582033467920976,5.900000000028929e-07,2,"[15, 17]","[6066, 212]"
525,79,322,1194,0.0008587533467921003,5.500000000026968e-07,2,"[15, 17]","[5625, 529]"
526,79,322,1194,0.0008597933467921054,1.0400000000050993e-06,2,"[15, 17]","[4945, 1318]"
527,79,323,1194,0.0008564759148426193,0.0008564759148426193,1,[15],[6345]
528,79,323,1194,0.0008569759148426217,5.000000000024516e-07,1,[15],[6260]
529,79,323,1194,0.0008574059148426239,4.300000000021084e-07,1,[15],[6219]
530,79,323,1194,0.0008579259148426264,5.200000000025497e-07,2,"[15, 17]","[6251, 2]"
531,79,323,1195,0.0008574920809819068,0.0008574920809819068,1,[15],[6270]
532,79,324,1153,0.0008407843490459354,0.0008407843490459354,3,"[1999, 2000, 2004]","[6344, 1, 9]"
533,79,324,1153,0.0008415043490459389,7.200000000035303e-07,2,"[1999, 2000]","[6180, 3]"
534,79,324,1194,0.0008559820480049575,0.0008559820480049575,1,[15],[6262]
535,79,324,1194,0.0008568520480049617,8.700000000042658e-07,1,[15],[6294]
536,79,324,1195,0.0008551877755126738,0.0008551877755126738,1,[15],[6336]
537,79,324,1195,0.0008557477755126766,5.600000000027458e-07,1,[15],[6193]
538,79,324,1195,0.0008563477755126795,6.000000000029419e-07,1,[15],[6277]
539,79,325,1195,0.0008540850377140673,0.0008540850377140673,1,[15],[6313]
540,79,325,1195,0.0008545650377140697,4.800000000023535e-07,1,[15],[6292]
541,79,325,1195,0.0008549750377140717,4.100000000020103e-07,1,[15],[6207]
542,79,325,1195,0.000855455037714074,4.800000000023535e-07,1,[15],[6289]
543,79,325,1195,0.0008565450377140794,1.0900000000053445e-06,1,[15],[6157]
544,79,325,1196,0.0008544182010716834,0.0008544182010716834,1,[15],[6283]
545,79,326,1195,0.0008538757510120633,0.0008538757510120633,1,[15],[6304]
546,79,326,1195,0.0008551257510120695,1.250000000006129e-06,1,[15],[6219]
547,79,326,1196,0.0008527421360040795,0.0008527421360040795,1,[15],[6357]
548,79,326,1196,0.0008532221360040819,4.800000000023535e-07,1,[15],[6192]
549,79,326,1196,0.000853662136004084,4.400000000021574e-07,1,[15],[6273]
550,79,326,1196,0.0008541821360040866,5.200000000025497e-07,1,[15],[6257]
551,79,327,1196,0.0008519653060490512,0.0008519653060490512,2,"[15, 18]","[6316, 24]"
552,79,327,1196,0.0008525153060490539,5.500000000026968e-07,2,"[15, 18]","[6172, 1]"
553,79,327,1196,0.0008530753060490567,5.600000000027458e-07,1,[15],[6295]
554,79,327,1196,0.000854375306049063,1.3000000000063742e-06,1,[15],[6194]
555,79,327,1197,0.0008515973860974042,0.0008515973860974042,2,"[15, 18]","[6066, 215]"
556,79,327,1197,0.0008523473860974079,7.500000000036774e-07,2,"[15, 18]","[6234, 53]"
557,79,328,1197,0.0008502222467661098,0.0008502222467661098,2,"[15, 18]","[5773, 530]"
558,79,328,1197,0.000850672246766112,4.5000000000220645e-07,2,"[15, 18]","[5489, 847]"
559,79,328,1197,0.0008510222467661137,3.500000000017161e-07,2,"[15, 18]","[5355, 899]"
560,79,328,1197,0.0008513822467661155,3.6000000000176516e-07,2,"[15, 18]","[5343, 854]"
561,79,328,1197,0.0008518422467661177,4.600000000022555e-07,2,"[15, 18]","[5526, 733]"
562,79,328,1198,0.000850635469795514,0.000850635469795514,2,"[15, 18]","[6067, 230]"
563,79,329,1197,0.0008499570433632835,0.0008499570433632835,4,"[15, 18, 1817, 1819]","[6244, 49, 7, 2]"
564,79,329,1197,0.0008509470433632883,9.900000000048542e-07,2,"[15, 18]","[5883, 338]"
565,79,329,1198,0.0008486567765780909,0.0008486567765780909,2,"[15, 1820]","[6297, 1]"
566,79,329,1198,0.0008491267765780932,4.700000000023045e-07,2,"[15, 18]","[6288, 1]"
567,79,329,1198,0.0008495067765780951,3.800000000018632e-07,1,[15],[6212]
568,79,329,1198,0.0008499067765780971,4.000000000019613e-07,2,"[15, 18]","[6242, 6]"
569,79,329,1198,0.0008504667765780998,5.600000000027458e-07,2,"[15, 18]","[6180, 24]"
570,79,330,1198,0.0008479217071687336,0.0008479217071687336,4,"[15, 1817, 1819, 1820]","[6326, 16, 3, 3]"
571,79,330,1198,0.0008484317071687361,5.100000000025006e-07,1,[15],[6160]
572,79,330,1198,0.0008489017071687384,4.700000000023045e-07,1,[15],[6305]
573,79,330,1198,0.0008495317071687415,6.30000000003089e-07,1,[15],[6213]
574,79,330,1199,0.0008472897673187697,0.0008472897673187697,1,[15],[6324]
575,79,330,1199,0.0008478197673187723,5.300000000025987e-07,1,[15],[6213]
576,79,330,1199,0.0008483097673187747,4.900000000024026e-07,1,[15],[6317]
577,79,330,1199,0.0008489597673187779,6.500000000031871e-07,1,[15],[6164]
578,79,331,1142,0.0008286132223406938,0.0008286132223406938,1,[2090],[6284]
579,79,331,1143,0.0008284191716910663,0.0008284191716910663,1,[2090],[6308]
580,79,331,1143,0.0008290291716910692,6.10000000002991e-07,1,[2090],[6230]
581,79,331,1143,0.0008300691716910743,1.0400000000050993e-06,1,[2090],[6219]
582,79,331,1196,0.0008152623725964919,0.0008152623725964919,3,"[1817, 1819, 1820]","[5953, 110, 225]"
583,79,331,1197,0.0008155070962651324,0.0008155070962651324,3,"[1817, 1819, 1820]","[5734, 141, 387]"
584,79,331,1199,0.0008461900111357294,0.0008461900111357294,1,[15],[6282]
585,79,331,1199,0.0008466400111357316,4.5000000000220645e-07,1,[15],[6320]
586,79,331,1199,0.0008470100111357334,3.700000000018142e-07,1,[15],[6315]
587,79,331,1199,0.0008473800111357352,3.700000000018142e-07,1,[15],[6182]
588,79,331,1199,0.0008478600111357376,4.800000000023535e-07,1,[15],[6201]
589,79,331,1200,0.0008460271029327309,0.0008460271029327309,1,[15],[6303]
590,79,331,1200,0.0008467971029327346,7.700000000037755e-07,1,[15],[6216]
591,79,332,1199,0.0008464942542612252,0.0008464942542612252,1,[15],[6272]
592,79,332,1200,0.000844706167384771,0.000844706167384771,1,[15],[6350]
593,79,332,1200,0.000845116167384773,4.100000000020103e-07,1,[15],[6200]
594,79,332,1200,0.0008454461673847746,3.3000000000161806e-07,1,[15],[6301]
595,79,332,1200,0.0008457661673847761,3.2000000000156903e-07,1,[15],[6343]
596,79,332,1200,0.0008461261673847779,3.6000000000176516e-07,1,[15],[6175]
597,79,332,1200,0.0008467161673847808,5.900000000028929e-07,1,[15],[6137]
598,79,332,1201,0.0008448348217735852,0.0008448348217735852,1,[15],[6284]
599,79,332,1201,0.0008459248217735905,1.0900000000053445e-06,1,[15],[6234]
600,79,333,1200,0.0008447086494523829,0.0008447086494523829,1,[15],[6257]
601,79,333,1200,0.0008455886494523873,8.800000000043148e-07,1,[15],[6245]
602,79,333,1201,0.0008434619274821516,0.0008434619274821516,1,[15],[6342]
603,79,333,1201,0.0008438619274821536,4.000000000019613e-07,1,[15],[6292]
604,79,333,1201,0.0008441719274821551,3.1000000000152e-07,1,[15],[6315]
605,79,333,1201,0.0008444619274821565,2.9000000000142193e-07,1,[15],[6242]
606,79,333,1201,0.000844771927482158,3.1000000000152e-07,1,[15],[6164]
607,79,333,1201,0.0008452019274821602,4.300000000021084e-07,1,[15],[6205]
608,79,333,1202,0.0008435928317644856,0.0008435928317644856,1,[15],[6304]
609,79,333,1202,0.0008448428317644918,1.250000000006129e-06,1,[15],[6205]
610,79,334,1201,0.0008433768550791683,0.0008433768550791683,1,[15],[6260]
611,79,334,1201,0.0008441468550791721,7.700000000037755e-07,1,[15],[6298]
612,79,334,1202,0.0008421126636711692,0.0008421126636711692,1,[15],[6312]
613,79,334,1202,0.000842482663671171,3.700000000018142e-07,1,[15],[6203]
614,79,334,1202,0.0008427726636711725,2.9000000000142193e-07,1,[15],[6441]
615,79,334,1202,0.0008430326636711738,2.6000000000127484e-07,1,[15],[6196]
616,79,334,1202,0.000843292663671175,2.6000000000127484e-07,1,[15],[6230]
617,79,334,1202,0.0008435926636711765,3.0000000000147097e-07,1,[15],[6135]
618,79,334,1202,0.0008440726636711789,4.800000000023535e-07,1,[15],[6291]
619,79,334,1203,0.0008422029173259121,0.0008422029173259121,1,[15],[6285]
620,79,334,1203,0.0008430429173259162,8.400000000041187e-07,1,[15],[6246]
621,79,335,1202,0.0008418133942517622,0.0008418133942517622,2,"[15, 21]","[5654, 611]"
622,79,335,1202,0.0008423433942517648,5.300000000025987e-07,2,"[15, 21]","[5768, 497]"
623,79,335,1202,0.0008428833942517674,5.400000000026477e-07,2,"[15, 21]","[5715, 594]"
624,79,335,1202,0.000844023394251773,1.1400000000055897e-06,2,"[15, 21]","[4953, 1216]"
625,79,335,1203,0.0008409295149926871,0.0008409295149926871,2,"[15, 21]","[6277, 5]"
626,79,335,1203,0.0008412595149926887,3.3000000000161806e-07,2,"[15, 21]","[6251, 13]"
627,79,335,1203,0.0008414995149926899,2.4000000000117677e-07,2,"[15, 21]","[6245, 15]"
628,79,335,1203,0.0008417095149926909,2.1000000000102968e-07,2,"[15, 21]","[6364, 26]"
629,79,335,1203,0.0008419095149926919,2.0000000000098064e-07,2,"[15, 21]","[6296, 33]"
630,79,335,1203,0.0008421095149926929,2.0000000000098064e-07,2,"[15, 21]","[6103, 53]"
631,79,335,1203,0.000842329514992694,2.200000000010787e-07,2,"[15, 21]","[6074, 78]"
632,79,335,1203,0.0008426195149926954,2.9000000000142193e-07,2,"[15, 21]","[6172, 179]"
633,79,335,1203,0.0008430795149926976,4.600000000022555e-07,2,"[15, 21]","[5626, 523]"
634,79,335,1203,0.000844379514992704,1.3000000000063742e-06,2,"[15, 21]","[2649, 3538]"
635,79,335,1204,0.0008423063481267454,0.0008423063481267454,2,"[15, 21]","[6260, 3]"
636,79,336,1201,0.0008395080222853901,0.0008395080222853901,3,"[21, 23, 24]","[6213, 82, 1]"
637,79,336,1201,0.0008409880222853974,1.4800000000072568e-06,2,"[21, 23]","[6197, 18]"
638,79,336,1202,0.0008409825560892394,0.0008409825560892394,2,"[15, 21]","[127, 6131]"
639,79,336,1202,0.0008418025560892434,8.200000000040206e-07,2,"[15, 21]","[399, 5934]"
640,79,336,1202,0.0008425525560892471,7.500000000036774e-07,2,"[15, 21]","[353, 5818]"
641,79,336,1202,0.0008436925560892527,1.1400000000055897e-06,2,"[15, 21]","[121, 6120]"
642,79,336,1203,0.0008415433479907758,0.0008415433479907758,2,"[15, 21]","[5815, 477]"
643,79,336,1203,0.00084240334799078,8.600000000042168e-07,2,"[15, 21]","[4768, 1462]"
644,79,336,1203,0.0008435933479907858,1.1900000000058348e-06,2,"[15, 21]","[1199, 5051]"
645,79,336,1203,0.0008446833479907912,1.0900000000053445e-06,2,"[15, 21]","[21, 6211]"
646,79,337,1199,0.0008339424990467252,0.0008339424990467252,5,"[21, 24, 144, 146, 148]","[5803, 79, 197, 196, 3]"
647,79,337,1199,0.0008349524990467302,1.0100000000049522e-06,4,"[21, 24, 144, 146]","[4717, 1478, 29, 6]"
648,79,337,1199,0.0008357824990467343,8.300000000040697e-07,3,"[21, 23, 24]","[3155, 4, 3126]"
649,79,337,1199,0.0008403524990467567,4.570000000022408e-06,3,"[21, 23, 24]","[2315, 2114, 1778]"
650,79,337,1200,0.0008351632343075854,0.0008351632343075854,5,"[21, 23, 24, 144, 146]","[4312, 9, 1995, 6, 2]"
651,79,337,1200,0.0008357732343075884,6.10000000002991e-07,3,"[21, 23, 24]","[4123, 106, 1984]"
652,79,337,1200,0.0008362932343075909,5.200000000025497e-07,3,"[21, 23, 24]","[4649, 523, 1089]"
653,79,337,1200,0.0008367732343075933,4.800000000023535e-07,3,"[21, 23, 24]","[4493, 1336, 383]"
654,79,337,1200,0.0008372432343075956,4.700000000023045e-07,3,"[21, 23, 24]","[3968, 2310, 73]"
655,79,337,1200,0.0008377132343075979,4.700000000023045e-07,3,"[21, 23, 24]","[3085, 3143, 8]"
656,79,337,1200,0.0008382332343076004,5.200000000025497e-07,3,"[21, 23, 24]","[2365, 3811, 3]"
657,79,337,1200,0.0008388332343076034,6.000000000029419e-07,2,"[21, 23]","[1583, 4744]"
658,79,337,1200,0.0008395532343076069,7.200000000035303e-07,2,"[21, 23]","[752, 5448]"
659,79,337,1201,0.0008376543626088411,0.0008376543626088411,3,"[21, 23, 24]","[4905, 1366, 30]"
660,79,337,1201,0.0008385743626088456,9.20000000004511e-07,2,"[21, 23]","[5305, 947]"
661,79,337,1201,0.0008394243626088498,8.500000000041677e-07,2,"[21, 23]","[5144, 1075]"
662,79,337,1201,0.000841104362608858,1.6800000000082374e-06,2,"[21, 23]","[5304, 932]"
663,79,338,1197,0.0008293812987960548,0.0008293812987960548,3,"[21, 28, 202]","[5194, 1035, 60]"
664,79,338,1197,0.000830251298796059,8.700000000042658e-07,3,"[21, 28, 202]","[4069, 2164, 14]"
665,79,338,1198,0.0008306361527046907,0.0008306361527046907,3,"[21, 28, 202]","[5505, 728, 20]"
666,79,338,1198,0.0008314361527046947,8.000000000039226e-07,5,"[21, 28, 144, 146, 202]","[6174, 93, 1, 18, 1]"
667,79,338,1198,0.0008321461527046981,7.100000000034813e-07,4,"[21, 28, 144, 146]","[6077, 5, 13, 135]"
668,79,338,1198,0.0008332061527047033,1.0600000000051974e-06,3,"[21, 144, 146]","[5786, 61, 384]"
669,79,338,1199,0.000832772770046182,0.000832772770046182,3,"[21, 144, 146]","[5561, 113, 580]"
670,79,338,1199,0.0008337227700461867,9.500000000046581e-07,4,"[21, 24, 144, 146]","[5590, 21, 229, 451]"
671,79,338,1199,0.0008349527700461927,1.230000000006031e-06,4,"[21, 24, 144, 146]","[5302, 807, 91, 50]"
672,79,338,1200,0.0008358707591063807,0.0008358707591063807,5,"[21, 23, 24, 144, 146]","[4037, 49, 2146, 5, 16]"
673,79,338,1200,0.0008375907591063891,1.7200000000084335e-06,3,"[21, 23, 24]","[2544, 3154, 611]"
674,79,338,1200,0.000838790759106395,1.2000000000058839e-06,2,"[21, 23]","[330, 5881]"
675,79,339,1194,0.000825111031673302,0.000825111031673302,4,"[21, 31, 129, 189]","[3957, 501, 1, 1840]"
676,79,339,1195,0.0008246129876511797,0.0008246129876511797,3,"[21, 31, 189]","[428, 228, 5609]"
677,79,339,1195,0.0008258729876511858,1.260000000006178e-06,3,"[21, 31, 189]","[5005, 1266, 1]"
678,79,339,1195,0.0008267029876511899,8.300000000040697e-07,2,"[21, 31]","[5906, 343]"
679,79,339,1196,0.0008269558515341598,0.0008269558515341598,3,"[21, 31, 189]","[6055, 21, 198]"
680,79,339,1196,0.0008277158515341635,7.600000000037264e-07,1,[21],[6252]
681,79,339,1196,0.0008288458515341691,1.1300000000055406e-06,3,"[21, 28, 202]","[6233, 11, 11]"
682,79,339,1197,0.0008287437680531811,0.0008287437680531811,4,"[21, 28, 202, 203]","[5950, 181, 147, 3]"
683,79,339,1197,0.0008296837680531857,9.40000000004609e-07,4,"[21, 28, 202, 203]","[4603, 1398, 221, 4]"
684,79,339,1197,0.0008312537680531934,1.570000000007698e-06,4,"[21, 28, 202, 203]","[3729, 2450, 68, 1]"
685,79,340,1178,0.0008132957511752448,0.0008132957511752448,1,[21],[6276]
686,79,340,1178,0.0008139257511752479,6.30000000003089e-07,1,[21],[6239]
687,79,340,1178,0.0008401557511753765,2.623000000012861e-05,4,"[21, 197, 198, 199]","[5842, 12, 382, 3]"
688,79,340,1179,0.0008139371698127635,0.0008139371698127635,1,[21],[6291]
689,79,340,1179,0.0008145771698127666,6.400000000031381e-07,1,[21],[6295]
690,79,340,1179,0.0008152371698127699,6.600000000032361e-07,1,[21],[6210]
691,79,340,1183,0.0008182565415170032,0.0008182565415170032,8,"[21, 60, 61, 63, 64, 67, 73, 74]","[6060, 2, 1, 23, 1, 215, 12, 2]"
692,79,340,1183,0.0008195265415170094,1.270000000006227e-06,3,"[21, 63, 64]","[6169, 20, 1]"
693,79,340,1184,0.0008183841601112941,0.0008183841601112941,6,"[21, 63, 67, 70, 73, 74]","[5305, 65, 876, 5, 33, 5]"
694,79,340,1184,0.000818974160111297,5.900000000028929e-07,2,"[21, 63]","[6190, 29]"
695,79,340,1184,0.0008200041601113021,1.0300000000050503e-06,3,"[21, 63, 64]","[6244, 10, 2]"
696,79,340,1185,0.0008186858049556678,0.0008186858049556678,5,"[21, 63, 67, 73, 74]","[6242, 2, 27, 3, 1]"
697,79,340,1185,0.0008192058049556703,5.200000000025497e-07,1,[21],[6239]
698,79,340,1185,0.000819965804955674,7.600000000037264e-07,2,"[21, 63]","[6275, 1]"
699,79,340,1186,0.0008190594997647876,0.0008190594997647876,1,[21],[6354]
700,79,340,1186,0.0008195894997647902,5.300000000025987e-07,1,[21],[6221]
701,79,340,1186,0.000820349499764794,7.600000000037264e-07,1,[21],[6198]
702,79,340,1187,0.0008196342838632753,0.0008196342838632753,1,[21],[6311]
703,79,340,1187,0.0008202542838632783,6.2000000000304e-07,1,[21],[6193]
704,79,340,1188,0.0008204685637969418,0.0008204685637969418,1,[21],[6258]
705,79,340,1189,0.0008217393135038503,0.0008217393135038503,1,[21],[6277]
706,79,340,1190,0.0008222692926938909,0.0008222692926938909,2,"[21, 33]","[5617, 649]"
707,79,340,1190,0.0008234092926938965,1.1400000000055897e-06,2,"[21, 33]","[4658, 1594]"
708,79,340,1191,0.00082263253156384,0.00082263253156384,3,"[21, 33, 129]","[4638, 1105, 515]"
709,79,340,1191,0.0008233525315638436,7.200000000035303e-07,2,"[21, 33]","[5344, 947]"
710,79,340,1192,0.00081909410551781,0.00081909410551781,1,[129],[6303]
711,79,340,1192,0.0008201241055178151,1.0300000000050503e-06,1,[129],[6204]
712,79,340,1192,0.0008231941055178301,3.070000000015053e-06,3,"[21, 33, 129]","[4959, 15, 1348]"
713,79,340,1192,0.0008238141055178332,6.2000000000304e-07,2,"[21, 33]","[6215, 7]"
714,79,340,1192,0.0008247041055178375,8.900000000043639e-07,1,[21],[6219]
715,79,340,1193,0.0008234679832785362,0.0008234679832785362,3,"[21, 129, 189]","[2357, 3911, 9]"
716,79,340,1193,0.0008242079832785398,7.400000000036284e-07,1,[21],[6269]
717,79,340,1193,0.0008248079832785428,6.000000000029419e-07,2,"[21, 31]","[6239, 2]"
718,79,340,1194,0.0008229515016542654,0.0008229515016542654,3,"[21, 129, 189]","[26, 3, 6233]"
719,79,340,1194,0.0008247415016542741,1.7900000000087768e-06,3,"[21, 31, 189]","[5535, 282, 442]"
720,79,340,1194,0.0008254215016542775,6.800000000033342e-07,3,"[21, 31, 189]","[5679, 554, 1]"
721,79,340,1195,0.0008214919963818126,0.0008214919963818126,1,[189],[6319]
722,79,340,1195,0.0008219519963818149,4.600000000022555e-07,1,[189],[6334]
723,79,340,1195,0.0008223719963818169,4.2000000000205935e-07,1,[189],[6125]
724,79,340,1195,0.0008231519963818207,7.800000000038245e-07,2,"[21, 189]","[5, 6233]"
725,79,340,1195,0.0008257419963818334,2.5900000000126993e-06,3,"[21, 31, 189]","[3613, 1483, 1150]"
726,79,341,1179,0.0008147005707246325,0.0008147005707246325,1,[21],[6253]
727,79,341,1179,0.0008156705707246373,9.700000000047561e-07,1,[21],[6261]
728,79,341,1180,0.0008144846171980617,0.0008144846171980617,1,[21],[6330]
729,79,341,1180,0.0008150946171980647,6.10000000002991e-07,1,[21],[6238]
730,79,341,1180,0.0008161346171980698,1.0400000000050993e-06,1,[21],[6184]
731,79,341,1181,0.0008156226714991178,0.0008156226714991178,1,[21],[6295]
732,79,341,1181,0.0008164326714991218,8.100000000039716e-07,1,[21],[6220]
733,79,341,1182,0.0008165685605880828,0.0008165685605880828,2,"[21, 60]","[6273, 4]"
734,79,341,1182,0.0008172385605880861,6.700000000032852e-07,3,"[21, 60, 61]","[6209, 23, 4]"
735,79,341,1182,0.0008179285605880895,6.900000000033832e-07,3,"[21, 60, 61]","[6228, 27, 3]"
736,79,341,1183,0.0008180536498276617,0.0008180536498276617,7,"[21, 60, 61, 67, 70, 73, 74]","[6141, 4, 1, 98, 1, 4, 1]"
737,79,341,1183,0.0008192636498276677,1.2100000000059329e-06,2,"[21, 60]","[6263, 3]"
738,79,341,1184,0.0008196679734627399,0.0008196679734627399,5,"[21, 67, 70, 73, 74]","[5895, 334, 3, 16, 4]"
739,79,341,1187,0.0008207698202926568,0.0008207698202926568,1,[21],[6261]
740,79,341,1188,0.0008206165501518756,0.0008206165501518756,1,[21],[6285]
741,79,341,1189,0.0008213251166625616,0.0008213251166625616,2,"[21, 33]","[6280, 1]"
742,79,341,1189,0.0008232851166625712,1.9600000000096103e-06,2,"[21, 33]","[6189, 32]"
743,79,341,1190,0.0008221390292011013,0.0008221390292011013,2,"[21, 33]","[5254, 1067]"
744,79,341,1190,0.0008228290292011047,6.900000000033832e-07,2,"[21, 33]","[3881, 2321]"
745,79,341,1191,0.0008226145473875773,0.0008226145473875773,3,"[21, 33, 129]","[4000, 2122, 137]"
746,79,341,1191,0.0008234145473875812,8.000000000039226e-07,2,"[21, 33]","[4255, 2027]"
747,79,341,1192,0.0008232468342462761,0.0008232468342462761,3,"[21, 33, 129]","[1912, 23, 4315]"
748,79,342,1180,0.0008149947430035388,0.0008149947430035388,1,[21],[6260]
749,79,342,1181,0.0008158619026614959,0.0008158619026614959,2,"[21, 106]","[6238, 30]"
750,79,343,1182,0.0008134659189360482,0.0008134659189360482,1,[106],[6280]
751,79,358,1155,0.0007192442564953509,0.0007192442564953509,2,"[152, 186]","[6304, 1]"
752,79,358,1156,0.0007193135871255286,0.0007193135871255286,2,"[152, 186]","[6294, 2]"
753,79,377,1044,0.0005782738914248373,0.0005782738914248373,2,"[155, 156]","[63, 6230]"
754,79,377,1044,0.0005786638914248392,3.9000000000191225e-07,2,"[155, 156]","[264, 6103]"
755,79,377,1044,0.000579033891424841,3.700000000018142e-07,2,"[155, 156]","[655, 5473]"
756,79,377,1044,0.0005795938914248438,5.600000000027458e-07,2,"[155, 156]","[1527, 4723]"
757,79,381,1132,0.0008398033051129725,0.0008398033051129725,1,[2049],[6287]
758,79,381,1132,0.0008404933051129759,6.900000000033832e-07,1,[2049],[6280]
759,79,381,1132,0.0008415033051129808,1.0100000000049522e-06,1,[2049],[6196]
760,79,381,1133,0.0008403962564840961,0.0008403962564840961,1,[2049],[6250]
761,79,381,1133,0.0008413662564841009,9.700000000047561e-07,1,[2049],[6290]
762,79,382,1132,0.0008401204675751203,0.0008401204675751203,1,[2049],[6270]
763,79,393,978,0.0006710272262020385,0.0006710272262020385,2,"[77, 79]","[15, 6298]"
764,79,393,979,0.000670636313126507,0.000670636313126507,2,"[77, 79]","[6191, 75]"
765,79,393,980,0.0006703451277818422,0.0006703451277818422,1,[77],[6260]
766,79,394,980,0.0006701770687492626,0.0006701770687492626,1,[77],[6261]
767,79,418,1085,0.0008039268238100026,0.0008039268238100026,1,[2103],[6272]
768,79,419,1085,0.0008036265676201407,0.0008036265676201407,1,[2103],[6283]
