,event,pixel_x,pixel_y,reset_time,TSLR,nMCParticles,MC_TrackIDs,MC_Weights
0,3,149,976,0.0006708745274126616,0.0006708745274126616,1,[117],[6253]
1,3,156,977,0.0006868079070744021,0.0006868079070744021,4,"[41, 98, 99, 102]","[5471, 676, 7, 128]"
2,3,156,977,0.0006874979070744055,6.900000000033832e-07,4,"[41, 98, 102, 103]","[6059, 41, 166, 2]"
3,3,156,980,0.0006885330147899858,0.0006885330147899858,2,"[112, 113]","[6291, 2]"
4,3,156,980,0.0006899830147899929,1.4500000000071097e-06,2,"[112, 113]","[6208, 2]"
5,3,157,977,0.0006864591276471933,0.0006864591276471933,4,"[41, 98, 99, 102]","[6207, 21, 1, 84]"
6,3,157,977,0.0006868291276471951,3.700000000018142e-07,4,"[41, 98, 102, 103]","[6086, 6, 116, 1]"
7,3,157,977,0.0006871491276471967,3.2000000000156903e-07,3,"[41, 98, 102]","[6195, 1, 112]"
8,3,157,977,0.0006874991276471984,3.500000000017161e-07,2,"[41, 102]","[6221, 92]"
9,3,157,977,0.0006880491276472011,5.500000000026968e-07,2,"[41, 102]","[6088, 85]"
10,3,157,978,0.0006874303344629563,0.0006874303344629563,2,"[41, 102]","[6297, 16]"
11,3,157,978,0.0006879403344629588,5.100000000025006e-07,2,"[41, 102]","[6256, 2]"
12,3,157,978,0.0006884703344629614,5.300000000025987e-07,2,"[41, 106]","[6197, 1]"
13,3,157,979,0.000688899254314894,0.000688899254314894,3,"[41, 112, 113]","[6223, 50, 2]"
14,3,158,978,0.0006899174291380435,0.0006899174291380435,2,"[41, 106]","[6246, 8]"
15,3,158,979,0.0006886414553978074,0.0006886414553978074,3,"[41, 106, 109]","[6320, 24, 2]"
16,3,158,979,0.0006891614553978099,5.200000000025497e-07,3,"[41, 106, 109]","[6133, 31, 3]"
17,3,158,979,0.0006899514553978138,7.900000000038735e-07,3,"[41, 106, 109]","[6231, 27, 2]"
18,3,159,978,0.0006899128889305416,0.0006899128889305416,3,"[41, 54, 106]","[6322, 1, 5]"
19,3,159,978,0.0006908028889305459,8.900000000043639e-07,2,"[41, 54]","[6163, 14]"
20,3,159,979,0.000689514116612422,0.000689514116612422,2,"[41, 106]","[6284, 25]"
21,3,159,979,0.0006905541166124271,1.0400000000050993e-06,3,"[41, 106, 109]","[6198, 3, 1]"
22,3,160,977,0.0006908096740331227,0.0006908096740331227,4,"[41, 54, 153, 156]","[4950, 1375, 2, 2]"
23,3,160,977,0.0006914296740331258,6.2000000000304e-07,4,"[41, 54, 153, 156]","[4787, 1414, 3, 3]"
24,3,160,978,0.0006904458110613104,0.0006904458110613104,2,"[41, 54]","[6138, 165]"
25,3,160,978,0.0006912358110613143,7.900000000038735e-07,3,"[41, 54, 153]","[5748, 499, 1]"
26,3,161,977,0.0006908843879434726,0.0006908843879434726,5,"[41, 54, 153, 156, 175]","[5847, 386, 6, 2, 15]"
27,3,161,977,0.000691384387943475,5.000000000024516e-07,6,"[41, 54, 153, 156, 172, 175]","[6027, 306, 5, 1, 1, 8]"
28,3,161,977,0.0006922443879434793,8.600000000042168e-07,5,"[41, 54, 153, 156, 175]","[5925, 218, 3, 3, 15]"
29,3,162,976,0.0006909559185585122,0.0006909559185585122,4,"[41, 171, 172, 175]","[6231, 9, 1, 113]"
30,3,162,976,0.0006914959185585148,5.400000000026477e-07,4,"[41, 171, 172, 175]","[6058, 7, 1, 93]"
31,3,162,977,0.0006915852583493127,0.0006915852583493127,5,"[41, 54, 171, 172, 175]","[6046, 1, 7, 3, 214]"
32,3,163,975,0.0006914985651266114,0.0006914985651266114,1,[41],[6287]
33,3,163,976,0.0006911046992460989,0.0006911046992460989,3,"[41, 171, 175]","[6243, 1, 6]"
34,3,163,976,0.0006917846992461022,6.800000000033342e-07,3,"[41, 171, 175]","[6264, 3, 1]"
35,3,164,975,0.0006908844280131877,0.0006908844280131877,1,[41],[6351]
36,3,164,975,0.0006914444280131905,5.600000000027458e-07,1,[41],[6204]
37,3,165,974,0.0006910391466651268,0.0006910391466651268,1,[41],[6286]
38,3,165,974,0.0006915891466651295,5.500000000026968e-07,1,[41],[6234]
39,3,165,974,0.0006974291466651582,5.840000000028635e-06,3,"[41, 197, 198]","[5575, 650, 5]"
40,3,165,975,0.0006916147924433011,0.0006916147924433011,1,[41],[6251]
41,3,166,973,0.0006916682696459614,0.0006916682696459614,2,"[41, 178]","[6246, 92]"
42,3,166,973,0.0006922782696459644,6.10000000002991e-07,1,[41],[6203]
43,3,166,974,0.0006916341419586979,0.0006916341419586979,2,"[41, 178]","[6296, 17]"
44,3,167,972,0.0006923471209242196,0.0006923471209242196,4,"[41, 176, 178, 179]","[6216, 2, 47, 1]"
45,3,167,972,0.0006932771209242241,9.3000000000456e-07,1,[41],[6246]
46,3,167,973,0.0006919611669001177,0.0006919611669001177,3,"[41, 178, 179]","[5374, 923, 8]"
47,3,167,973,0.0006926611669001211,7.000000000034323e-07,1,[41],[6196]
48,3,168,971,0.0006932331629735075,0.0006932331629735075,1,[41],[6270]
49,3,168,972,0.0006925396510950058,0.0006925396510950058,2,"[41, 178]","[6320, 1]"
50,3,168,972,0.0006931196510950086,5.800000000028439e-07,1,[41],[6190]
51,3,169,970,0.0006943801229377034,0.0006943801229377034,2,"[41, 48]","[4252, 2009]"
52,3,169,971,0.0006930948315076443,0.0006930948315076443,2,"[41, 48]","[6263, 38]"
53,3,169,971,0.0006935848315076467,4.900000000024026e-07,2,"[41, 48]","[6080, 137]"
54,3,169,971,0.0006942348315076499,6.500000000031871e-07,2,"[41, 48]","[5859, 412]"
55,3,170,970,0.0006935032960443303,0.0006935032960443303,2,"[41, 48]","[5092, 1183]"
56,3,170,970,0.0006938932960443322,3.9000000000191225e-07,2,"[41, 48]","[4682, 1669]"
57,3,170,970,0.0006942232960443338,3.3000000000161806e-07,2,"[41, 48]","[4213, 1913]"
58,3,170,970,0.000694683296044336,4.600000000022555e-07,2,"[41, 48]","[3806, 2484]"
59,3,170,971,0.000693979172688581,0.000693979172688581,2,"[41, 48]","[4897, 1354]"
60,3,171,969,0.0006936575617886485,0.0006936575617886485,1,[41],[6299]
61,3,171,969,0.0006941375617886508,4.800000000023535e-07,1,[41],[6311]
62,3,171,969,0.0006948475617886543,7.100000000034813e-07,1,[41],[6186]
63,3,171,970,0.0006941890250671099,0.0006941890250671099,2,"[41, 48]","[6178, 74]"
64,3,172,968,0.000693669520009788,0.000693669520009788,2,"[41, 193]","[6296, 13]"
65,3,172,968,0.0006941495200097904,4.800000000023535e-07,2,"[41, 193]","[6265, 22]"
66,3,172,968,0.0006948095200097936,6.600000000032361e-07,3,"[41, 193, 194]","[6137, 20, 1]"
67,3,172,969,0.0006942421343571755,0.0006942421343571755,1,[41],[6265]
68,3,173,967,0.0006937241744738144,0.0006937241744738144,3,"[41, 193, 194]","[6289, 50, 1]"
69,3,173,967,0.0006942141744738168,4.900000000024026e-07,2,"[41, 193]","[6252, 44]"
70,3,173,967,0.0006950041744738206,7.900000000038735e-07,3,"[41, 193, 194]","[6090, 39, 1]"
71,3,173,968,0.0006942675556078436,0.0006942675556078436,3,"[41, 193, 194]","[6205, 70, 5]"
72,3,174,966,0.0006937842346580285,0.0006937842346580285,1,[41],[6372]
73,3,174,966,0.0006942542346580308,4.700000000023045e-07,1,[41],[6162]
74,3,174,966,0.000695104234658035,8.500000000041677e-07,1,[41],[6235]
75,3,174,967,0.0006943322657809245,0.0006943322657809245,1,[41],[6284]
76,3,175,965,0.000693846600545241,0.000693846600545241,1,[41],[6293]
77,3,175,965,0.0006943366005452434,4.900000000024026e-07,1,[41],[6271]
78,3,175,965,0.0006952566005452479,9.20000000004511e-07,2,"[41, 46]","[6185, 1]"
79,3,175,966,0.0006942947059659288,0.0006942947059659288,1,[41],[6288]
80,3,176,964,0.0006937555786813177,0.0006937555786813177,2,"[41, 46]","[4555, 1711]"
81,3,176,964,0.0006941455786813196,3.9000000000191225e-07,2,"[41, 46]","[4502, 1862]"
82,3,176,964,0.0006945055786813214,3.6000000000176516e-07,2,"[41, 46]","[4387, 1766]"
83,3,176,964,0.0006951555786813246,6.500000000031871e-07,2,"[41, 46]","[4351, 1882]"
84,3,176,965,0.0006943298609575125,0.0006943298609575125,2,"[41, 46]","[6196, 80]"
85,3,177,963,0.0006937869869434447,0.0006937869869434447,2,"[41, 46]","[6042, 231]"
86,3,177,963,0.0006942969869434472,5.100000000025006e-07,2,"[41, 46]","[6017, 256]"
87,3,177,963,0.0006953369869434523,1.0400000000050993e-06,2,"[41, 46]","[5819, 385]"
88,3,177,964,0.0006941087543889403,0.0006941087543889403,2,"[41, 46]","[4971, 1366]"
89,3,177,964,0.0006950187543889448,9.100000000044619e-07,2,"[41, 46]","[4715, 1466]"
90,3,178,962,0.0006936398998873842,0.0006936398998873842,1,[41],[6273]
91,3,178,962,0.0006941898998873869,5.500000000026968e-07,1,[41],[6241]
92,3,178,963,0.0006940421641915981,0.0006940421641915981,1,[41],[6326]
93,3,179,961,0.000693681513083256,0.000693681513083256,1,[41],[6322]
94,3,179,961,0.0006943015130832591,6.2000000000304e-07,1,[41],[6213]
95,3,179,962,0.0006938578375373586,0.0006938578375373586,1,[41],[6312]
96,3,180,960,0.0006938970557971694,0.0006938970557971694,1,[41],[6335]
97,3,180,960,0.0006947070557971733,8.100000000039716e-07,1,[41],[6184]
98,3,180,961,0.00069387444071841,0.00069387444071841,1,[41],[6253]
99,3,180,961,0.0006948344407184147,9.60000000004707e-07,1,[41],[6249]
100,3,181,959,0.000694083763137383,0.000694083763137383,1,[41],[6305]
101,3,181,960,0.0006938068533614971,0.0006938068533614971,1,[41],[6265]
102,3,181,960,0.0006944968533615005,6.900000000033832e-07,1,[41],[6241]
103,3,182,959,0.0006933364458890572,0.0006933364458890572,1,[41],[6303]
104,3,182,959,0.0006938464458890597,5.100000000025006e-07,1,[41],[6287]
105,3,182,959,0.0006948564458890647,1.0100000000049522e-06,1,[41],[6162]
106,3,183,958,0.0006930580099328696,0.0006930580099328696,1,[41],[6286]
107,3,183,958,0.0006936480099328725,5.900000000028929e-07,1,[41],[6273]
108,3,183,959,0.0006938460352044115,0.0006938460352044115,1,[41],[6288]
109,3,184,957,0.0006930484847221694,0.0006930484847221694,1,[41],[6297]
110,3,184,958,0.0006929354826343063,0.0006929354826343063,1,[41],[6288]
111,3,184,958,0.0006937054826343101,7.700000000037755e-07,1,[41],[6264]
112,3,185,957,0.0006924479310938412,0.0006924479310938412,1,[41],[6286]
113,3,185,957,0.0006929679310938438,5.200000000025497e-07,1,[41],[6227]
114,3,186,956,0.0006921426362972709,0.0006921426362972709,1,[41],[6352]
115,3,186,956,0.0006927026362972737,5.600000000027458e-07,1,[41],[6163]
116,3,186,957,0.0006931080407898734,0.0006931080407898734,1,[41],[6265]
117,3,187,955,0.000692064793527856,0.000692064793527856,1,[41],[6281]
118,3,187,956,0.0006920741619634692,0.0006920741619634692,1,[41],[6309]
119,3,187,956,0.0006929441619634735,8.700000000042658e-07,1,[41],[6223]
120,3,188,955,0.0006915426435365122,0.0006915426435365122,1,[41],[6299]
121,3,188,955,0.0006920626435365148,5.200000000025497e-07,1,[41],[6209]
122,3,189,954,0.0006912157532877059,0.0006912157532877059,1,[41],[6300]
123,3,189,954,0.0006917757532877086,5.600000000027458e-07,1,[41],[6286]
124,3,189,955,0.0006927047273014679,0.0006927047273014679,1,[41],[6255]
125,3,190,953,0.0006909511031436192,0.0006909511031436192,1,[41],[6278]
126,3,190,953,0.000691741103143623,7.900000000038735e-07,1,[41],[6234]
127,3,190,954,0.0006911475200854439,0.0006911475200854439,1,[41],[6278]
128,3,190,954,0.0006922975200854496,1.1500000000056387e-06,1,[41],[6223]
129,3,191,952,0.0006908262567870298,0.0006908262567870298,2,"[41, 222]","[6249, 2]"
130,3,191,952,0.0006917662567870344,9.40000000004609e-07,1,[41],[6263]
131,3,191,953,0.000690757808127514,0.000690757808127514,1,[41],[6282]
132,3,191,953,0.0006913378081275168,5.800000000028439e-07,1,[41],[6307]
133,3,192,951,0.0006907115568613148,0.0006907115568613148,4,"[8, 41, 222, 223]","[719, 5576, 29, 1]"
134,3,192,951,0.0006925015568613235,1.7900000000087768e-06,4,"[8, 41, 222, 223]","[490, 5648, 35, 2]"
135,3,192,952,0.0006905923585063749,0.0006905923585063749,4,"[8, 41, 222, 223]","[13, 6296, 38, 1]"
136,3,192,952,0.0006911423585063776,5.500000000026968e-07,3,"[8, 41, 222]","[13, 6142, 28]"
137,3,193,950,0.0006885123780126483,0.0006885123780126483,2,"[8, 41]","[6281, 1]"
138,3,193,950,0.0006890323780126508,5.200000000025497e-07,2,"[8, 41]","[6283, 14]"
139,3,193,950,0.0006895623780126534,5.300000000025987e-07,2,"[8, 41]","[5992, 189]"
140,3,193,950,0.0006902223780126567,6.600000000032361e-07,2,"[8, 41]","[5008, 1275]"
141,3,193,950,0.0006911323780126611,9.100000000044619e-07,2,"[8, 41]","[3117, 3104]"
142,3,193,951,0.0006886803474860126,0.0006886803474860126,2,"[8, 41]","[6311, 8]"
143,3,193,951,0.000689160347486015,4.800000000023535e-07,2,"[8, 41]","[6140, 89]"
144,3,193,951,0.0006895303474860168,3.700000000018142e-07,2,"[8, 41]","[5939, 348]"
145,3,193,951,0.0006898403474860183,3.1000000000152e-07,2,"[8, 41]","[5541, 864]"
146,3,193,951,0.0006900803474860195,2.4000000000117677e-07,2,"[8, 41]","[4750, 1311]"
147,3,193,951,0.0006903103474860206,2.3000000000112774e-07,3,"[8, 41, 222]","[4582, 1759, 1]"
148,3,193,951,0.0006905203474860216,2.1000000000102968e-07,3,"[8, 41, 222]","[4294, 1990, 1]"
149,3,193,951,0.0006907203474860226,2.0000000000098064e-07,3,"[8, 41, 222]","[4076, 1999, 1]"
150,3,193,951,0.0006909303474860237,2.1000000000102968e-07,3,"[8, 41, 222]","[4308, 2045, 1]"
151,3,193,951,0.0006911503474860247,2.200000000010787e-07,3,"[8, 41, 222]","[4306, 1880, 1]"
152,3,193,951,0.000691400347486026,2.500000000012258e-07,2,"[8, 41]","[4769, 1456]"
153,3,193,951,0.0006917003474860274,3.0000000000147097e-07,2,"[8, 41]","[5369, 944]"
154,3,193,951,0.0006920603474860292,3.6000000000176516e-07,2,"[8, 41]","[5781, 452]"
155,3,193,951,0.0006925003474860314,4.400000000021574e-07,2,"[8, 41]","[6141, 120]"
156,3,193,951,0.0006931003474860343,6.000000000029419e-07,2,"[8, 41]","[6205, 14]"
157,3,193,951,0.0006943403474860404,1.24000000000608e-06,1,[8],[6219]
158,3,193,952,0.0006919012578913654,0.0006919012578913654,4,"[8, 41, 222, 223]","[4315, 1938, 10, 2]"
159,3,193,952,0.0006928112578913698,9.100000000044619e-07,2,"[8, 41]","[6196, 42]"
160,3,193,952,0.000693461257891373,6.500000000031871e-07,1,[8],[6336]
161,3,193,952,0.0006939912578913756,5.300000000025987e-07,1,[8],[6254]
162,3,193,952,0.0006945012578913781,5.100000000025006e-07,1,[8],[6252]
163,3,193,952,0.0006950612578913808,5.600000000027458e-07,1,[8],[6228]
164,3,193,952,0.0006957412578913842,6.800000000033342e-07,1,[8],[6200]
165,3,193,952,0.0006971812578913912,1.4400000000070606e-06,1,[8],[6229]
166,3,193,953,0.000696444274806723,0.000696444274806723,2,"[8, 41]","[6290, 8]"
167,3,193,953,0.00069786427480673,1.4200000000069626e-06,1,[8],[6232]
168,3,194,950,0.0006894214319968587,0.0006894214319968587,2,"[8, 41]","[6257, 23]"
169,3,194,951,0.0006895981288028247,0.0006895981288028247,2,"[8, 41]","[6238, 42]"
170,3,194,951,0.0006906581288028299,1.0600000000051974e-06,2,"[8, 41]","[5775, 498]"
171,3,194,951,0.0006916481288028347,9.900000000048542e-07,2,"[8, 41]","[5785, 436]"
172,3,194,951,0.000692918128802841,1.270000000006227e-06,2,"[8, 41]","[6201, 41]"
173,3,194,952,0.0006932928526206713,0.0006932928526206713,2,"[8, 41]","[6247, 12]"
174,3,194,952,0.0006941628526206756,8.700000000042658e-07,1,[8],[6308]
175,3,194,952,0.0006948328526206789,6.700000000032852e-07,1,[8],[6250]
176,3,194,952,0.0006954528526206819,6.2000000000304e-07,1,[8],[6187]
177,3,194,952,0.0006961328526206852,6.800000000033342e-07,1,[8],[6250]
178,3,194,952,0.0006973428526206912,1.2100000000059329e-06,1,[8],[6265]
179,3,194,953,0.0006961035430430812,0.0006961035430430812,1,[8],[6317]
180,3,194,953,0.0006967535430430844,6.500000000031871e-07,1,[8],[6220]
181,3,194,953,0.0006972635430430869,5.100000000025006e-07,1,[8],[6337]
182,3,194,953,0.000697703543043089,4.400000000021574e-07,1,[8],[6175]
183,3,194,953,0.0006981335430430912,4.300000000021084e-07,1,[8],[6276]
184,3,194,953,0.0006985935430430934,4.600000000022555e-07,1,[8],[6219]
185,3,194,953,0.0006991435430430961,5.500000000026968e-07,1,[8],[6273]
186,3,194,953,0.0007000635430431006,9.20000000004511e-07,1,[8],[6222]
187,3,194,954,0.0006987327017900537,0.0006987327017900537,1,[8],[6334]
188,3,194,954,0.0006993227017900566,5.900000000028929e-07,1,[8],[6234]
189,3,194,954,0.0006997627017900587,4.400000000021574e-07,1,[8],[6296]
190,3,194,954,0.0007001527017900606,3.9000000000191225e-07,1,[8],[6232]
191,3,194,954,0.0007005327017900625,3.800000000018632e-07,1,[8],[6319]
192,3,194,954,0.0007009227017900644,3.9000000000191225e-07,1,[8],[6129]
193,3,194,954,0.0007014027017900668,4.800000000023535e-07,1,[8],[6250]
194,3,194,954,0.0007022827017900711,8.800000000043148e-07,1,[8],[6238]
195,3,194,955,0.0007013805846084137,0.0007013805846084137,1,[8],[6330]
196,3,194,955,0.0007020105846084168,6.30000000003089e-07,1,[8],[6230]
197,3,194,955,0.0007025805846084196,5.700000000027948e-07,1,[8],[6209]
198,3,194,955,0.0007033205846084232,7.400000000036284e-07,1,[8],[6237]
199,3,194,956,0.0007042526881244193,0.0007042526881244193,1,[8],[6275]
200,3,195,954,0.0007013754634602837,0.0007013754634602837,1,[8],[6253]
201,3,195,955,0.0007021404175816065,0.0007021404175816065,1,[8],[6306]
202,3,195,955,0.0007028804175816102,7.400000000036284e-07,1,[8],[6230]
203,3,195,955,0.0007036504175816139,7.700000000037755e-07,1,[8],[6263]
204,3,195,956,0.0007035082945258102,0.0007035082945258102,1,[8],[6250]
205,3,195,956,0.0007040282945258128,5.200000000025497e-07,1,[8],[6379]
206,3,195,956,0.0007044382945258148,4.100000000020103e-07,2,"[8, 38]","[6271, 3]"
207,3,195,956,0.0007048182945258167,3.800000000018632e-07,2,"[8, 38]","[6163, 8]"
208,3,195,956,0.0007052282945258187,4.100000000020103e-07,2,"[8, 38]","[6226, 24]"
209,3,195,956,0.0007058082945258215,5.800000000028439e-07,2,"[8, 38]","[6118, 114]"
210,3,195,957,0.0007051764087331046,0.0007051764087331046,2,"[8, 38]","[6106, 211]"
211,3,195,957,0.000705666408733107,4.900000000024026e-07,2,"[8, 38]","[5649, 583]"
212,3,195,957,0.0007060564087331089,3.9000000000191225e-07,2,"[8, 38]","[5505, 834]"
213,3,195,957,0.0007064364087331108,3.800000000018632e-07,2,"[8, 38]","[5282, 948]"
214,3,195,957,0.0007069064087331131,4.700000000023045e-07,2,"[8, 38]","[5359, 821]"
215,3,195,957,0.0007078864087331179,9.800000000048052e-07,2,"[8, 38]","[5773, 451]"
216,3,195,958,0.0007078659339898727,0.0007078659339898727,2,"[8, 38]","[6106, 167]"
217,3,196,957,0.00070640178182074,0.00070640178182074,2,"[8, 38]","[5137, 1144]"
218,3,196,957,0.0007073717818207448,9.700000000047561e-07,2,"[8, 38]","[5655, 577]"
219,3,196,958,0.0007075547795754124,0.0007075547795754124,2,"[8, 38]","[6207, 93]"
220,3,196,958,0.0007081047795754151,5.500000000026968e-07,2,"[8, 38]","[6249, 2]"
221,3,196,958,0.0007085547795754173,4.5000000000220645e-07,1,[8],[6204]
222,3,196,958,0.0007090247795754196,4.700000000023045e-07,1,[8],[6331]
223,3,196,958,0.0007096547795754227,6.30000000003089e-07,1,[8],[6206]
224,3,196,959,0.0007090652537607378,0.0007090652537607378,1,[8],[6292]
225,3,196,959,0.0007095752537607403,5.100000000025006e-07,1,[8],[6344]
226,3,196,959,0.0007099852537607423,4.100000000020103e-07,1,[8],[6155]
227,3,196,959,0.0007104252537607445,4.400000000021574e-07,1,[8],[6235]
228,3,196,959,0.0007110052537607473,5.800000000028439e-07,1,[8],[6255]
229,3,196,960,0.0007111100638309739,0.0007111100638309739,1,[8],[6317]
230,3,196,960,0.0007120200638309783,9.100000000044619e-07,1,[8],[6192]
231,3,197,959,0.0007107537513957874,0.0007107537513957874,1,[8],[6266]
232,3,197,960,0.000711278159152311,0.000711278159152311,1,[8],[6272]
233,3,197,960,0.000711888159152314,6.10000000002991e-07,1,[8],[6343]
234,3,197,960,0.0007124681591523168,5.800000000028439e-07,1,[8],[6140]
235,3,197,961,0.0007124364237104267,0.0007124364237104267,1,[8],[6330]
236,3,197,961,0.0007129364237104291,5.000000000024516e-07,1,[8],[6238]
237,3,197,961,0.0007133764237104313,4.400000000021574e-07,1,[8],[6316]
238,3,197,961,0.0007138564237104336,4.800000000023535e-07,1,[8],[6117]
239,3,197,961,0.0007152164237104403,1.3600000000066684e-06,1,[8],[6252]
240,3,197,962,0.0007139070280544252,0.0007139070280544252,1,[8],[6319]
241,3,197,962,0.0007145270280544282,6.2000000000304e-07,1,[8],[6247]
242,3,197,962,0.0007152470280544317,7.200000000035303e-07,2,"[8, 37]","[6229, 1]"
243,3,197,963,0.0007165289224208232,0.0007165289224208232,2,"[8, 37]","[5377, 890]"
244,3,198,962,0.0007145324792398573,0.0007145324792398573,1,[8],[6300]
245,3,198,962,0.0007152124792398606,6.800000000033342e-07,2,"[8, 37]","[6268, 7]"
246,3,198,962,0.0007162324792398656,1.0200000000050013e-06,2,"[8, 37]","[6102, 91]"
247,3,198,963,0.0007152957027250881,0.0007152957027250881,2,"[8, 37]","[6112, 242]"
248,3,198,963,0.0007157257027250902,4.300000000021084e-07,2,"[8, 37]","[5460, 852]"
249,3,198,963,0.0007160357027250917,3.1000000000152e-07,2,"[8, 37]","[4830, 1390]"
250,3,198,963,0.0007163257027250931,2.9000000000142193e-07,2,"[8, 37]","[4515, 1715]"
251,3,198,963,0.0007166157027250946,2.9000000000142193e-07,2,"[8, 37]","[4200, 2100]"
252,3,198,963,0.0007169857027250964,3.700000000018142e-07,2,"[8, 37]","[3938, 2250]"
253,3,198,963,0.0007178357027251005,8.500000000041677e-07,2,"[8, 37]","[3950, 2210]"
254,3,198,964,0.0007165878326350323,0.0007165878326350323,2,"[8, 37]","[4857, 1394]"
255,3,198,964,0.0007171778326350352,5.900000000028929e-07,2,"[8, 37]","[5528, 755]"
256,3,198,964,0.0007178078326350383,6.30000000003089e-07,2,"[8, 37]","[5955, 279]"
257,3,199,964,0.0007174074783932933,0.0007174074783932933,2,"[8, 37]","[6103, 175]"
258,3,199,964,0.0007181274783932968,7.200000000035303e-07,2,"[8, 37]","[6273, 12]"
259,3,199,964,0.0007194274783933032,1.3000000000063742e-06,1,[8],[6196]
260,3,199,965,0.0007183013844397258,0.0007183013844397258,1,[8],[6301]
261,3,199,965,0.0007188113844397283,5.100000000025006e-07,1,[8],[6208]
262,3,199,965,0.0007192613844397305,4.5000000000220645e-07,1,[8],[6361]
263,3,199,965,0.000719761384439733,5.000000000024516e-07,1,[8],[6191]
264,3,199,965,0.0007208313844397382,1.0700000000052464e-06,1,[8],[6207]
265,3,199,966,0.0007199277104434913,0.0007199277104434913,1,[8],[6289]
266,3,199,966,0.0007206377104434948,7.100000000034813e-07,1,[8],[6220]
267,3,199,966,0.0007217777104435004,1.1400000000055897e-06,1,[8],[6253]
268,3,200,966,0.0007205572490385302,0.0007205572490385302,1,[8],[6315]
269,3,200,966,0.0007212472490385336,6.900000000033832e-07,1,[8],[6227]
270,3,200,966,0.000722147249038538,9.000000000044129e-07,1,[8],[6227]
271,3,200,967,0.0007215797292298546,0.0007215797292298546,1,[8],[6318]
272,3,200,967,0.0007221097292298572,5.300000000025987e-07,1,[8],[6236]
273,3,200,967,0.0007225697292298595,4.600000000022555e-07,2,"[8, 36]","[6214, 2]"
274,3,200,967,0.0007231097292298621,5.400000000026477e-07,2,"[8, 36]","[6314, 20]"
275,3,200,967,0.0007242197292298676,1.1100000000054426e-06,2,"[8, 36]","[5971, 188]"
276,3,200,968,0.0007233418784910569,0.0007233418784910569,2,"[8, 36]","[5538, 715]"
277,3,200,968,0.0007240018784910601,6.600000000032361e-07,2,"[8, 36]","[4400, 1918]"
278,3,200,968,0.000724791878491064,7.900000000038735e-07,2,"[8, 36]","[3890, 2308]"
279,3,201,967,0.0007242615248358265,0.0007242615248358265,2,"[8, 36]","[6013, 245]"
280,3,201,968,0.0007236133327393436,0.0007236133327393436,2,"[8, 36]","[4893, 1378]"
281,3,201,968,0.0007241233327393461,5.100000000025006e-07,2,"[8, 36]","[4436, 1828]"
282,3,201,968,0.0007245833327393483,4.600000000022555e-07,2,"[8, 36]","[4703, 1647]"
283,3,201,968,0.0007251633327393512,5.800000000028439e-07,2,"[8, 36]","[5183, 957]"
284,3,201,969,0.0007249570196784551,0.0007249570196784551,2,"[8, 36]","[5579, 716]"
285,3,201,969,0.000725557019678458,6.000000000029419e-07,2,"[8, 36]","[6222, 49]"
286,3,201,969,0.0007260970196784607,5.400000000026477e-07,2,"[8, 36]","[6250, 6]"
287,3,201,969,0.0007268270196784642,7.300000000035793e-07,2,"[8, 36]","[6182, 1]"
288,3,201,970,0.000727289335198209,0.000727289335198209,1,[8],[6260]
289,3,202,969,0.0007267990473687226,0.0007267990473687226,2,"[8, 36]","[6293, 2]"
290,3,202,970,0.0007270252063683827,0.0007270252063683827,1,[8],[6267]
291,3,202,970,0.0007276152063683856,5.900000000028929e-07,1,[8],[6294]
292,3,202,970,0.0007281652063683883,5.500000000026968e-07,1,[8],[6217]
293,3,202,970,0.0007291052063683929,9.40000000004609e-07,1,[8],[6233]
294,3,202,971,0.0007283733592865889,0.0007283733592865889,1,[8],[6293]
295,3,202,971,0.000729013359286592,6.400000000031381e-07,1,[8],[6282]
296,3,202,971,0.000729813359286596,8.000000000039226e-07,1,[8],[6204]
297,3,203,971,0.0007292865843009374,0.0007292865843009374,1,[8],[6275]
298,3,203,971,0.0007302065843009419,9.20000000004511e-07,1,[8],[6225]
299,3,203,972,0.0007299956370637398,0.0007299956370637398,1,[8],[6297]
300,3,203,972,0.0007305256370637424,5.300000000025987e-07,1,[8],[6229]
301,3,203,972,0.0007310256370637448,5.000000000024516e-07,1,[8],[6253]
302,3,203,972,0.0007316956370637481,6.700000000032852e-07,1,[8],[6239]
303,3,203,973,0.0007317023231069855,0.0007317023231069855,1,[8],[6264]
304,3,203,973,0.0007329023231069914,1.2000000000058839e-06,1,[8],[6261]
305,3,204,973,0.0007319803806571623,0.0007319803806571623,1,[8],[6307]
306,3,204,973,0.0007325503806571651,5.700000000027948e-07,1,[8],[6199]
307,3,204,973,0.0007331103806571678,5.600000000027458e-07,1,[8],[6320]
308,3,204,973,0.0007340303806571723,9.20000000004511e-07,1,[8],[6179]
309,3,204,974,0.0007332194682474699,0.0007332194682474699,1,[8],[6270]
310,3,204,974,0.0007338194682474728,6.000000000029419e-07,1,[8],[6296]
311,3,204,974,0.0007344194682474758,6.000000000029419e-07,1,[8],[6209]
312,3,204,974,0.0007360694682474839,1.6500000000080903e-06,1,[8],[6227]
313,3,205,974,0.0007343482070898429,0.0007343482070898429,1,[8],[6310]
314,3,205,974,0.0007352782070898475,9.3000000000456e-07,1,[8],[6211]
315,3,205,975,0.0007351326514414501,0.0007351326514414501,1,[8],[6314]
316,3,205,975,0.0007357326514414531,6.000000000029419e-07,1,[8],[6276]
317,3,205,975,0.0007362826514414558,5.500000000026968e-07,1,[8],[6213]
318,3,205,975,0.0007370526514414596,7.700000000037755e-07,1,[8],[6232]
319,3,205,976,0.0007372250280748739,0.0007372250280748739,1,[8],[6298]
320,3,206,975,0.0007381519087873582,0.0007381519087873582,1,[8],[6250]
321,3,206,976,0.0007373857969138951,0.0007373857969138951,1,[8],[6330]
322,3,206,976,0.0007380157969138982,6.30000000003089e-07,1,[8],[6208]
323,3,206,976,0.0007386257969139012,6.10000000002991e-07,1,[8],[6226]
324,3,206,976,0.000740015796913908,1.3900000000068155e-06,1,[8],[6237]
325,3,206,977,0.0007388577333571578,0.0007388577333571578,1,[8],[6319]
326,3,206,977,0.0007396077333571614,7.500000000036774e-07,1,[8],[6217]
327,3,206,977,0.0007406677333571666,1.0600000000051974e-06,1,[8],[6229]
328,3,207,977,0.0007398551400328065,0.0007398551400328065,1,[8],[6261]
329,3,207,977,0.0007407451400328109,8.900000000043639e-07,1,[8],[6245]
330,3,207,978,0.0007408384998679158,0.0007408384998679158,1,[8],[6251]
331,3,207,978,0.0007414384998679187,6.000000000029419e-07,1,[8],[6325]
332,3,207,978,0.0007419984998679215,5.600000000027458e-07,1,[8],[6242]
333,3,207,978,0.0007428484998679256,8.500000000041677e-07,1,[8],[6208]
334,3,207,979,0.0007432444020387177,0.0007432444020387177,1,[8],[6282]
335,3,208,978,0.0007427432655098305,0.0007427432655098305,1,[8],[6276]
336,3,208,979,0.0007429355961351173,0.0007429355961351173,1,[8],[6332]
337,3,208,979,0.0007435155961351201,5.800000000028439e-07,1,[8],[6207]
338,3,208,979,0.0007440755961351229,5.600000000027458e-07,1,[8],[6245]
339,3,208,979,0.0007448655961351268,7.900000000038735e-07,1,[8],[6250]
340,3,208,980,0.0007445543469040105,0.0007445543469040105,1,[8],[6258]
341,3,208,980,0.0007454343469040149,8.800000000043148e-07,1,[8],[6248]
342,3,209,980,0.0007452837852295148,0.0007452837852295148,1,[8],[6272]
343,3,209,980,0.0007460037852295183,7.200000000035303e-07,1,[8],[6281]
344,3,209,980,0.0007469037852295227,9.000000000044129e-07,1,[8],[6224]
345,3,209,981,0.0007464054100483879,0.0007464054100483879,1,[8],[6297]
346,3,209,981,0.0007470054100483909,6.000000000029419e-07,1,[8],[6304]
347,3,209,981,0.0007475754100483937,5.700000000027948e-07,1,[8],[6149]
348,3,209,981,0.0007488554100484,1.2800000000062761e-06,1,[8],[6255]
349,3,209,982,0.0007493452491967353,0.0007493452491967353,1,[8],[6260]
350,3,210,981,0.0007478317927619334,0.0007478317927619334,1,[8],[6295]
351,3,210,982,0.0007482230718148988,0.0007482230718148988,1,[8],[6330]
352,3,210,982,0.0007487730718149015,5.500000000026968e-07,1,[8],[6178]
353,3,210,982,0.000749283071814904,5.100000000025006e-07,1,[8],[6291]
354,3,210,982,0.0007499430718149072,6.600000000032361e-07,1,[8],[6244]
355,3,210,983,0.0007498970391783963,0.0007498970391783963,1,[8],[6293]
356,3,210,983,0.0007509670391784016,1.0700000000052464e-06,1,[8],[6220]
357,3,211,983,0.0007502509768833191,0.0007502509768833191,2,"[8, 35]","[6251, 1]"
358,3,211,983,0.0007508609768833221,6.10000000002991e-07,2,"[8, 35]","[6246, 17]"
359,3,211,983,0.0007514809768833251,6.2000000000304e-07,2,"[8, 35]","[6114, 160]"
360,3,211,983,0.0007526709768833309,1.1900000000058348e-06,3,"[8, 35, 228]","[5091, 1119, 5]"
361,3,211,984,0.0007513821912112108,0.0007513821912112108,2,"[8, 35]","[5707, 632]"
362,3,211,984,0.0007518621912112132,4.800000000023535e-07,2,"[8, 35]","[4532, 1684]"
363,3,211,984,0.0007522521912112151,3.9000000000191225e-07,2,"[8, 35]","[4037, 2233]"
364,3,211,984,0.0007527021912112173,4.5000000000220645e-07,3,"[8, 35, 228]","[3696, 2497, 1]"
365,3,211,984,0.0007538421912112229,1.1400000000055897e-06,3,"[8, 35, 228]","[3956, 2265, 13]"
366,3,212,984,0.0007522263645612608,0.0007522263645612608,2,"[8, 35]","[4088, 2182]"
367,3,212,984,0.0007529263645612642,7.000000000034323e-07,2,"[8, 35]","[4372, 1868]"
368,3,212,984,0.0007544163645612715,1.4900000000073058e-06,3,"[8, 35, 228]","[5474, 761, 5]"
369,3,212,985,0.0007531652567609797,0.0007531652567609797,2,"[8, 35]","[5991, 275]"
370,3,212,985,0.0007537552567609826,5.900000000028929e-07,2,"[8, 35]","[6282, 27]"
371,3,212,985,0.0007543352567609855,5.800000000028439e-07,2,"[8, 35]","[6181, 2]"
372,3,212,986,0.0007553367796933008,0.0007553367796933008,1,[8],[6268]
373,3,213,985,0.0007551918078636385,0.0007551918078636385,2,"[8, 35]","[6264, 1]"
374,3,213,986,0.0007549425860388121,0.0007549425860388121,1,[8],[6300]
375,3,213,986,0.0007555225860388149,5.800000000028439e-07,1,[8],[6200]
376,3,213,986,0.0007561325860388179,6.10000000002991e-07,1,[8],[6287]
377,3,213,987,0.0007563822989548667,0.0007563822989548667,1,[8],[6287]
378,3,213,987,0.0007575722989548726,1.1900000000058348e-06,1,[8],[6213]
379,3,214,987,0.0007568054501107328,0.0007568054501107328,1,[8],[6263]
380,3,214,987,0.0007575254501107363,7.200000000035303e-07,1,[8],[6270]
381,3,214,987,0.0007586954501107421,1.1700000000057368e-06,1,[8],[6236]
382,3,214,988,0.0007578781039597529,0.0007578781039597529,1,[8],[6294]
383,3,214,988,0.0007586581039597568,7.800000000038245e-07,1,[8],[6223]
384,3,215,988,0.0007587915024529781,0.0007587915024529781,1,[8],[6292]
385,3,215,988,0.000759791502452983,1.0000000000049032e-06,1,[8],[6244]
386,3,215,989,0.000759386942567698,0.000759386942567698,1,[8],[6308]
387,3,215,989,0.0007599869425677009,6.000000000029419e-07,1,[8],[6211]
388,3,215,989,0.0007606569425677042,6.700000000032852e-07,1,[8],[6292]
389,3,216,989,0.0007607749180537202,0.0007607749180537202,1,[8],[6280]
390,3,216,990,0.0007609341138128339,0.0007609341138128339,1,[8],[6258]
391,3,216,990,0.0007615041138128367,5.700000000027948e-07,1,[8],[6308]
392,3,216,990,0.0007620741138128395,5.700000000027948e-07,1,[8],[6185]
393,3,216,991,0.0007626719558321574,0.0007626719558321574,1,[8],[6262]
394,3,217,991,0.0007626109996208985,0.0007626109996208985,1,[8],[6280]
395,3,217,991,0.0007632109996209014,6.000000000029419e-07,1,[8],[6310]
396,3,217,991,0.0007638409996209045,6.30000000003089e-07,1,[8],[6179]
397,3,217,992,0.0007638576331072359,0.0007638576331072359,2,"[8, 34]","[6297, 9]"
398,3,217,992,0.0007647576331072403,9.000000000044129e-07,2,"[8, 34]","[6120, 79]"
399,3,218,992,0.0007643661665421476,0.0007643661665421476,2,"[8, 34]","[6011, 269]"
400,3,218,992,0.0007649561665421505,5.900000000028929e-07,2,"[8, 34]","[5386, 845]"
401,3,218,992,0.0007655861665421536,6.30000000003089e-07,2,"[8, 34]","[4843, 1428]"
402,3,218,993,0.0007649714854807145,0.0007649714854807145,2,"[8, 34]","[3806, 2527]"
403,3,218,993,0.0007654714854807169,5.000000000024516e-07,2,"[8, 34]","[3824, 2372]"
404,3,218,993,0.0007659614854807193,4.900000000024026e-07,2,"[8, 34]","[4391, 1847]"
405,3,218,993,0.0007667914854807234,8.300000000040697e-07,2,"[8, 34]","[5257, 1008]"
406,3,219,993,0.0007663064298283014,0.0007663064298283014,2,"[8, 34]","[5577, 699]"
407,3,219,993,0.0007687364298283134,2.430000000011915e-06,2,"[8, 34]","[6185, 40]"
408,3,219,994,0.0007668785398098509,0.0007668785398098509,2,"[8, 34]","[6251, 13]"
409,3,219,994,0.0007674885398098539,6.10000000002991e-07,1,[8],[6286]
410,3,219,994,0.0007681885398098573,7.000000000034323e-07,1,[8],[6201]
411,3,219,995,0.0007685318025506139,0.0007685318025506139,1,[8],[6254]
412,3,220,995,0.0007686103899043742,0.0007686103899043742,1,[8],[6316]
413,3,220,995,0.0007692803899043775,6.700000000032852e-07,1,[8],[6282]
414,3,220,995,0.0007702503899043822,9.700000000047561e-07,1,[8],[6164]
415,3,220,996,0.000769670335339034,0.000769670335339034,1,[8],[6330]
416,3,220,996,0.0007703503353390373,6.800000000033342e-07,1,[8],[6225]
417,3,220,996,0.0007714203353390425,1.0700000000052464e-06,1,[8],[6204]
418,3,221,996,0.0007708187722006329,0.0007708187722006329,1,[8],[6297]
419,3,221,997,0.0007711988399509203,0.0007711988399509203,1,[8],[6262]
420,3,221,997,0.0007718088399509233,6.10000000002991e-07,1,[8],[6337]
421,3,221,997,0.0007724488399509264,6.400000000031381e-07,1,[8],[6186]
422,3,221,998,0.0007726648483149648,0.0007726648483149648,1,[8],[6300]
423,3,221,998,0.0007738748483149707,1.2100000000059329e-06,1,[8],[6209]
424,3,222,998,0.0007730912427940632,0.0007730912427940632,1,[8],[6283]
425,3,222,998,0.0007738712427940671,7.800000000038245e-07,1,[8],[6269]
426,3,222,999,0.000773991627074477,0.000773991627074477,1,[8],[6337]
427,3,222,999,0.0007746316270744801,6.400000000031381e-07,1,[8],[6184]
428,3,222,999,0.0007754516270744842,8.200000000040206e-07,1,[8],[6258]
429,3,222,1000,0.0007758392187130613,0.0007758392187130613,1,[8],[6256]
430,3,223,999,0.0007759596818347182,0.0007759596818347182,1,[8],[6250]
431,3,223,1000,0.000775588411771279,0.000775588411771279,1,[8],[6257]
432,3,223,1000,0.0007762384117712822,6.500000000031871e-07,1,[8],[6293]
433,3,223,1000,0.0007771684117712867,9.3000000000456e-07,1,[8],[6218]
434,3,223,1001,0.0007765749576499813,0.0007765749576499813,1,[8],[6321]
435,3,223,1001,0.0007771949576499843,6.2000000000304e-07,1,[8],[6243]
436,3,223,1001,0.0007779249576499879,7.300000000035793e-07,1,[8],[6216]
437,3,223,1002,0.0007784855515732917,0.0007784855515732917,1,[8],[6253]
438,3,224,1001,0.0007781718462606457,0.0007781718462606457,1,[8],[6266]
439,3,224,1002,0.0007781065045651436,0.0007781065045651436,1,[8],[6310]
440,3,224,1002,0.0007787465045651467,6.400000000031381e-07,1,[8],[6197]
441,3,224,1002,0.0007795965045651509,8.500000000041677e-07,1,[8],[6279]
442,3,224,1003,0.0007791296882848947,0.0007791296882848947,1,[8],[6309]
443,3,224,1003,0.0007797696882848979,6.400000000031381e-07,1,[8],[6223]
444,3,224,1003,0.0007805796882849018,8.100000000039716e-07,1,[8],[6238]
445,3,224,1004,0.0007811667260992786,0.0007811667260992786,1,[8],[6265]
446,3,225,1003,0.0007805817161212145,0.0007805817161212145,1,[8],[6267]
447,3,225,1004,0.0007806565838301996,0.0007806565838301996,1,[8],[6274]
448,3,225,1004,0.0007812865838302027,6.30000000003089e-07,2,"[8, 33]","[6236, 2]"
449,3,225,1004,0.0007820765838302065,7.900000000038735e-07,2,"[8, 33]","[6233, 11]"
450,3,225,1005,0.000781668257354777,0.000781668257354777,2,"[8, 33]","[6002, 331]"
451,3,225,1005,0.0007822282573547798,5.600000000027458e-07,2,"[8, 33]","[5352, 863]"
452,3,225,1005,0.0007828082573547826,5.800000000028439e-07,2,"[8, 33]","[5069, 1220]"
453,3,225,1006,0.0007833388213220351,0.0007833388213220351,2,"[8, 33]","[4449, 1834]"
454,3,226,1005,0.0007824696452880985,0.0007824696452880985,2,"[8, 33]","[3800, 2514]"
455,3,226,1005,0.0007834496452881033,9.800000000048052e-07,2,"[8, 33]","[3951, 2286]"
456,3,226,1006,0.0007829430529735889,0.0007829430529735889,2,"[8, 33]","[4156, 2140]"
457,3,226,1006,0.000783573052973592,6.30000000003089e-07,2,"[8, 33]","[5769, 502]"
458,3,226,1006,0.000784193052973595,6.2000000000304e-07,2,"[8, 33]","[6123, 130]"
459,3,226,1007,0.000784346923504163,0.000784346923504163,2,"[8, 33]","[6270, 7]"
460,3,226,1007,0.0007851469235041669,8.000000000039226e-07,1,[8],[6255]
461,3,227,1007,0.0007853240485271231,0.0007853240485271231,1,[8],[6294]
462,3,227,1008,0.0007856817015951682,0.0007856817015951682,1,[8],[6257]
463,3,227,1008,0.0007862817015951712,6.000000000029419e-07,1,[8],[6284]
464,3,227,1008,0.0007869817015951746,7.000000000034323e-07,1,[8],[6232]
465,3,227,1009,0.0007870755884354089,0.0007870755884354089,1,[8],[6297]
466,3,227,1009,0.0007890055884354184,1.930000000009463e-06,1,[8],[6203]
467,3,228,1009,0.0007873462289106672,0.0007873462289106672,1,[8],[6261]
468,3,228,1009,0.0007881662289106712,8.200000000040206e-07,1,[8],[6297]
469,3,228,1010,0.0007881173884505939,0.0007881173884505939,1,[8],[6304]
470,3,228,1010,0.000788747388450597,6.30000000003089e-07,1,[8],[6271]
471,3,228,1010,0.0007895473884506009,8.000000000039226e-07,1,[8],[6192]
472,3,228,1011,0.0007901389807288416,0.0007901389807288416,1,[8],[6260]
473,3,229,1010,0.0007898597621850316,0.0007898597621850316,1,[8],[6277]
474,3,229,1011,0.0007895975607950529,0.0007895975607950529,1,[8],[6335]
475,3,229,1011,0.000790217560795056,6.2000000000304e-07,1,[8],[6184]
476,3,229,1011,0.0007910875607950602,8.700000000042658e-07,1,[8],[6248]
477,3,229,1012,0.0007906823020936653,0.0007906823020936653,1,[8],[6290]
478,3,229,1012,0.0007914523020936691,7.700000000037755e-07,1,[8],[6220]
479,3,230,1012,0.0007914706316933083,0.0007914706316933083,1,[8],[6276]
480,3,230,1012,0.0007932706316933171,1.8000000000088258e-06,1,[8],[6229]
481,3,230,1013,0.0007919519731099206,0.0007919519731099206,1,[8],[6261]
482,3,230,1013,0.0007925519731099235,6.000000000029419e-07,1,[8],[6283]
483,3,230,1013,0.0007932819731099271,7.300000000035793e-07,1,[8],[6226]
484,3,230,1014,0.0007933919868257087,0.0007933919868257087,1,[8],[6278]
485,3,231,1014,0.0007936090143084841,0.0007936090143084841,1,[8],[6289]
486,3,231,1014,0.0007944690143084883,8.600000000042168e-07,1,[8],[6233]
487,3,231,1015,0.0007944224553304772,0.0007944224553304772,1,[8],[6335]
488,3,231,1015,0.0007950724553304804,6.500000000031871e-07,1,[8],[6256]
489,3,231,1015,0.000796012455330485,9.40000000004609e-07,1,[8],[6175]
490,3,231,1016,0.0007962968799716322,0.0007962968799716322,1,[8],[6281]
491,3,232,1015,0.0007961715844260586,0.0007961715844260586,1,[8],[6267]
492,3,232,1016,0.0007958713359026261,0.0007958713359026261,1,[8],[6297]
493,3,232,1016,0.0007965313359026293,6.600000000032361e-07,1,[8],[6253]
494,3,232,1016,0.0007975713359026344,1.0400000000050993e-06,1,[8],[6207]
495,3,232,1017,0.000796872795732749,0.000796872795732749,1,[8],[6266]
496,3,232,1017,0.0007975927957327525,7.200000000035303e-07,1,[8],[6258]
497,3,233,1017,0.0007978899604266212,0.0007978899604266212,1,[8],[6263]
498,3,233,1018,0.0007981947304937546,0.0007981947304937546,1,[8],[6273]
499,3,233,1018,0.0007988047304937576,6.10000000002991e-07,1,[8],[6243]
500,3,233,1018,0.0007995847304937614,7.800000000038245e-07,1,[8],[6234]
501,3,233,1019,0.0007994056135528167,0.0007994056135528167,1,[8],[6282]
502,3,233,1019,0.0008003256135528212,9.20000000004511e-07,1,[8],[6225]
503,3,234,1019,0.0007999800994429182,0.0007999800994429182,1,[8],[6278]
504,3,234,1019,0.0008011000994429237,1.1200000000054916e-06,1,[8],[6234]
505,3,234,1020,0.0008005644200105328,0.0008005644200105328,1,[8],[6316]
506,3,234,1020,0.0008011744200105358,6.10000000002991e-07,1,[8],[6224]
507,3,234,1020,0.0008019144200105394,7.400000000036284e-07,1,[8],[6260]
508,3,234,1021,0.0008020067309456264,0.0008020067309456264,1,[8],[6250]
509,3,235,1021,0.0008021800500534309,0.0008021800500534309,2,"[8, 32]","[6266, 1]"
510,3,235,1021,0.0008029700500534348,7.900000000038735e-07,2,"[8, 32]","[6266, 17]"
511,3,235,1022,0.0008028524811186865,0.0008028524811186865,2,"[8, 32]","[5146, 1169]"
512,3,235,1022,0.0008033224811186888,4.700000000023045e-07,2,"[8, 32]","[4385, 1826]"
513,3,235,1022,0.0008037524811186909,4.300000000021084e-07,2,"[8, 32]","[4176, 2061]"
514,3,235,1022,0.0008043124811186937,5.600000000027458e-07,2,"[8, 32]","[4060, 2230]"
515,3,235,1023,0.0008036816498756289,0.0008036816498756289,3,"[8, 31, 32]","[1678, 1, 4597]"
516,3,235,1023,0.000804721649875634,1.0400000000050993e-06,3,"[8, 31, 32]","[3625, 37, 2570]"
517,3,236,1022,0.0008041768228178498,0.0008041768228178498,3,"[8, 31, 32]","[4173, 1, 2125]"
518,3,236,1023,0.000804286164528179,0.000804286164528179,3,"[8, 31, 32]","[4298, 118, 1851]"
519,3,236,1023,0.0008049561645281823,6.700000000032852e-07,3,"[8, 31, 32]","[5414, 632, 245]"
520,3,236,1023,0.0008056161645281856,6.600000000032361e-07,3,"[8, 31, 32]","[4922, 1302, 37]"
521,3,236,1024,0.0008053889340435313,0.0008053889340435313,4,"[8, 30, 31, 32]","[5031, 3, 1240, 9]"
522,3,236,1024,0.0008060489340435345,6.600000000032361e-07,3,"[8, 30, 31]","[5412, 16, 858]"
523,3,236,1024,0.0008069789340435391,9.3000000000456e-07,3,"[8, 30, 31]","[5547, 267, 398]"
524,3,236,1025,0.0008074665007191982,0.0008074665007191982,3,"[8, 30, 31]","[4935, 1308, 11]"
525,3,237,1024,0.0008065235236003171,0.0008065235236003171,3,"[8, 30, 31]","[5434, 492, 389]"
526,3,237,1024,0.0008075635236003222,1.0400000000050993e-06,3,"[8, 30, 31]","[3207, 2996, 18]"
527,3,237,1025,0.0008067095952905779,0.0008067095952905779,2,"[8, 30]","[4712, 1643]"
528,3,237,1025,0.00080714959529058,4.400000000021574e-07,2,"[8, 30]","[3722, 2518]"
529,3,237,1025,0.0008075195952905818,3.700000000018142e-07,2,"[8, 30]","[3509, 2742]"
530,3,237,1025,0.0008079495952905839,4.300000000021084e-07,2,"[8, 30]","[3410, 2807]"
531,3,237,1025,0.0008092195952905902,1.270000000006227e-06,2,"[8, 30]","[3592, 2597]"
532,3,237,1026,0.0008077832195913443,0.0008077832195913443,2,"[8, 30]","[6083, 251]"
533,3,237,1026,0.0008084332195913475,6.500000000031871e-07,2,"[8, 30]","[6095, 82]"
534,3,237,1026,0.0008099232195913548,1.4900000000073058e-06,2,"[8, 30]","[6222, 19]"
535,3,237,1027,0.0008092462256752079,0.0008092462256752079,1,[8],[6290]
536,3,238,1026,0.0008094253413209159,0.0008094253413209159,2,"[8, 30]","[6243, 17]"
537,3,238,1027,0.0008090047785031673,0.0008090047785031673,1,[8],[6275]
538,3,238,1027,0.0008097947785031712,7.900000000038735e-07,1,[8],[6252]
539,3,238,1028,0.0008096782843681783,0.0008096782843681783,2,"[8, 29]","[6267, 3]"
540,3,238,1028,0.0008102782843681812,6.000000000029419e-07,2,"[8, 29]","[6243, 7]"
541,3,238,1028,0.0008111182843681854,8.400000000041187e-07,2,"[8, 29]","[6213, 49]"
542,3,238,1029,0.0008106525819140128,0.0008106525819140128,2,"[8, 29]","[5539, 778]"
543,3,238,1029,0.0008113725819140163,7.200000000035303e-07,2,"[8, 29]","[5067, 1161]"
544,3,239,1029,0.000811045843401244,0.000811045843401244,2,"[8, 29]","[4577, 1738]"
545,3,239,1029,0.0008120158434012487,9.700000000047561e-07,2,"[8, 29]","[4741, 1450]"
546,3,239,1030,0.0008116410619337607,0.0008116410619337607,2,"[8, 29]","[5478, 789]"
547,3,239,1030,0.0008123210619337641,6.800000000033342e-07,2,"[8, 29]","[6121, 124]"
548,3,239,1030,0.0008136210619337704,1.3000000000063742e-06,2,"[8, 29]","[6230, 17]"
549,3,239,1031,0.0008126004283004787,0.0008126004283004787,3,"[8, 28, 29]","[6256, 22, 1]"
550,3,239,1031,0.000813280428300482,6.800000000033342e-07,2,"[8, 28]","[6147, 92]"
551,3,239,1032,0.0008137601059849926,0.0008137601059849926,2,"[8, 28]","[4976, 1332]"
552,3,239,1032,0.0008149501059849984,1.1900000000058348e-06,2,"[8, 28]","[4258, 1946]"
553,3,240,1031,0.0008140673530268525,0.0008140673530268525,2,"[8, 28]","[4977, 1277]"
554,3,240,1032,0.0008135337402341082,0.0008135337402341082,2,"[8, 28]","[3324, 3029]"
555,3,240,1032,0.0008140037402341105,4.700000000023045e-07,2,"[8, 28]","[3095, 3099]"
556,3,240,1032,0.0008144737402341128,4.700000000023045e-07,2,"[8, 28]","[3400, 2867]"
557,3,240,1033,0.0008144931527115488,0.0008144931527115488,2,"[8, 28]","[5784, 552]"
558,3,240,1033,0.0008151131527115519,6.2000000000304e-07,2,"[8, 28]","[6127, 87]"
559,3,240,1033,0.0008160731527115566,9.60000000004707e-07,2,"[8, 28]","[6191, 25]"
560,3,240,1034,0.0008155360350937329,0.0008155360350937329,1,[8],[6294]
561,3,240,1034,0.000816366035093737,8.300000000040697e-07,1,[8],[6246]
562,3,240,1035,0.0008174169374120365,0.0008174169374120365,1,[8],[6250]
563,3,241,1034,0.0008164846157925659,0.0008164846157925659,1,[8],[6297]
564,3,241,1035,0.0008165510773479024,0.0008165510773479024,1,[8],[6307]
565,3,241,1035,0.0008173110773479061,7.600000000037264e-07,1,[8],[6247]
566,3,241,1036,0.0008173591311828656,0.0008173591311828656,1,[8],[6284]
567,3,241,1036,0.0008180791311828691,7.200000000035303e-07,1,[8],[6247]
568,3,241,1037,0.0008185075845428585,0.0008185075845428585,1,[8],[6281]
569,3,242,1037,0.0008187958836655097,0.0008187958836655097,1,[8],[6279]
570,3,242,1037,0.0008202558836655168,1.4600000000071587e-06,1,[8],[6221]
571,3,242,1038,0.0008193138817048949,0.0008193138817048949,1,[8],[6306]
572,3,242,1038,0.000819953881704898,6.400000000031381e-07,1,[8],[6246]
573,3,242,1038,0.0008209238817049028,9.700000000047561e-07,1,[8],[6220]
574,3,242,1039,0.0008202941609579369,0.0008202941609579369,1,[8],[6293]
575,3,242,1039,0.0008210241609579405,7.300000000035793e-07,1,[8],[6243]
576,3,242,1040,0.0008219692258019883,0.0008219692258019883,1,[8],[6253]
577,3,243,1039,0.0008214531857678144,0.0008214531857678144,1,[8],[6260]
578,3,243,1040,0.0008214725322455966,0.0008214725322455966,1,[8],[6257]
579,3,243,1040,0.0008221925322456002,7.200000000035303e-07,1,[8],[6285]
580,3,243,1041,0.0008222279584803344,0.0008222279584803344,1,[8],[6253]
581,3,243,1041,0.0008228779584803376,6.500000000031871e-07,1,[8],[6325]
582,3,243,1041,0.0008238279584803423,9.500000000046581e-07,1,[8],[6191]
583,3,243,1042,0.0008234452659940537,0.0008234452659940537,1,[8],[6304]
584,3,243,1042,0.0008249152659940609,1.4700000000072077e-06,1,[8],[6200]
585,3,244,1042,0.0008237598120828838,0.0008237598120828838,1,[8],[6255]
586,3,244,1042,0.0008252698120828912,1.5100000000074039e-06,1,[8],[6252]
587,3,244,1043,0.000824292518234587,0.000824292518234587,1,[8],[6262]
588,3,244,1043,0.0008249425182345902,6.500000000031871e-07,1,[8],[6275]
589,3,244,1043,0.0008259525182345951,1.0100000000049522e-06,1,[8],[6216]
590,3,244,1044,0.0008252655007610843,0.0008252655007610843,1,[8],[6273]
591,3,244,1044,0.000826005500761088,7.400000000036284e-07,1,[8],[6227]
592,3,244,1045,0.0008269620221141096,0.0008269620221141096,1,[8],[6277]
593,3,245,1044,0.0008264275231668423,0.0008264275231668423,1,[8],[6275]
594,3,245,1045,0.0008264524572115854,0.0008264524572115854,1,[8],[6264]
595,3,245,1045,0.0008272124572115891,7.600000000037264e-07,1,[8],[6278]
596,3,245,1046,0.0008272223397293125,0.0008272223397293125,1,[8],[6284]
597,3,245,1046,0.0008278623397293156,6.400000000031381e-07,1,[8],[6301]
598,3,245,1046,0.0008288223397293203,9.60000000004707e-07,2,"[8, 27]","[6164, 4]"
599,3,245,1047,0.0008284196494942525,0.0008284196494942525,2,"[8, 27]","[6115, 140]"
600,3,245,1047,0.0008296196494942584,1.2000000000058839e-06,2,"[8, 27]","[5758, 499]"
601,3,246,1047,0.0008286500244259157,0.0008286500244259157,2,"[8, 27]","[5587, 712]"
602,3,246,1047,0.0008295500244259201,9.000000000044129e-07,2,"[8, 27]","[5094, 1120]"
603,3,246,1048,0.0008290995016265678,0.0008290995016265678,2,"[8, 27]","[4792, 1511]"
604,3,246,1048,0.0008296795016265706,5.800000000028439e-07,2,"[8, 27]","[5470, 798]"
605,3,246,1048,0.0008303395016265739,6.600000000032361e-07,2,"[8, 27]","[5899, 351]"
606,3,246,1049,0.0008302299609873157,0.0008302299609873157,3,"[8, 26, 27]","[6159, 126, 26]"
607,3,246,1049,0.000830909960987319,6.800000000033342e-07,2,"[8, 26]","[5823, 382]"
608,3,246,1049,0.0008330499609873295,2.140000000010493e-06,2,"[8, 26]","[5509, 725]"
609,3,246,1050,0.0008315267779852365,0.0008315267779852365,2,"[8, 26]","[4759, 1527]"
610,3,247,1049,0.000831230039687529,0.000831230039687529,3,"[8, 26, 27]","[5498, 795, 1]"
611,3,247,1050,0.0008312967364077982,0.0008312967364077982,2,"[8, 26]","[4966, 1340]"
612,3,247,1050,0.0008319567364078014,6.600000000032361e-07,2,"[8, 26]","[5654, 549]"
613,3,247,1050,0.000833516736407809,1.560000000007649e-06,2,"[8, 26]","[6087, 159]"
614,3,247,1051,0.0008321459325813943,0.0008321459325813943,2,"[8, 26]","[6269, 20]"
615,3,247,1051,0.0008327659325813974,6.2000000000304e-07,1,[8],[6280]
616,3,247,1051,0.0008337259325814021,9.60000000004707e-07,1,[8],[6188]
617,3,247,1052,0.0008333013915139976,0.0008333013915139976,1,[8],[6286]
618,3,247,1052,0.0008348913915140054,1.5900000000077961e-06,1,[8],[6220]
619,3,248,1052,0.0008335952479247,0.0008335952479247,1,[8],[6263]
620,3,248,1052,0.0008348852479247063,1.2900000000063251e-06,1,[8],[6256]
621,3,248,1053,0.000834098118372851,0.000834098118372851,2,"[8, 25]","[6337, 9]"
622,3,248,1053,0.000834698118372854,6.000000000029419e-07,3,"[8, 24, 25]","[6163, 1, 95]"
623,3,248,1053,0.0008354881183728579,7.900000000038735e-07,3,"[8, 24, 25]","[5814, 2, 354]"
624,3,248,1054,0.0008349060495476378,0.0008349060495476378,3,"[8, 24, 25]","[5355, 104, 854]"
625,3,248,1054,0.0008354460495476404,5.400000000026477e-07,3,"[8, 24, 25]","[4717, 261, 1241]"
626,3,248,1054,0.0008360160495476432,5.700000000027948e-07,3,"[8, 24, 25]","[4406, 443, 1395]"
627,3,248,1055,0.0008363149534862327,0.0008363149534862327,3,"[8, 24, 25]","[5040, 986, 227]"
628,3,249,1054,0.0008355342049655922,0.0008355342049655922,3,"[8, 24, 25]","[4650, 489, 1158]"
629,3,249,1054,0.0008366742049655978,1.1400000000055897e-06,3,"[8, 24, 25]","[4324, 857, 1022]"
630,3,249,1055,0.0008359327128358624,0.0008359327128358624,3,"[8, 24, 25]","[5264, 949, 103]"
631,3,249,1055,0.0008365327128358654,6.000000000029419e-07,3,"[8, 24, 25]","[5755, 496, 23]"
632,3,249,1055,0.0008373527128358694,8.200000000040206e-07,3,"[8, 24, 25]","[5961, 207, 8]"
633,3,249,1056,0.0008367698601479531,0.0008367698601479531,2,"[8, 24]","[6275, 13]"
634,3,249,1056,0.0008373798601479561,6.10000000002991e-07,2,"[8, 23]","[6292, 2]"
635,3,249,1056,0.0008382098601479602,8.300000000040697e-07,2,"[8, 23]","[6199, 4]"
636,3,249,1057,0.0008378641880666187,0.0008378641880666187,2,"[8, 23]","[5833, 425]"
637,3,249,1057,0.0008387741880666232,9.100000000044619e-07,2,"[8, 23]","[5077, 1181]"
638,3,250,1057,0.000838049489374249,0.000838049489374249,2,"[8, 23]","[5399, 925]"
639,3,250,1057,0.0008387894893742527,7.400000000036284e-07,2,"[8, 23]","[4666, 1512]"
640,3,250,1058,0.0008385453599727091,0.0008385453599727091,2,"[8, 23]","[4488, 1786]"
641,3,250,1058,0.0008391653599727121,6.2000000000304e-07,2,"[8, 23]","[5289, 1044]"
642,3,250,1058,0.0008399253599727159,7.600000000037264e-07,2,"[8, 23]","[5723, 423]"
643,3,250,1059,0.0008396541440354741,0.0008396541440354741,2,"[8, 23]","[6233, 21]"
644,3,250,1059,0.0008404941440354782,8.400000000041187e-07,1,[8],[6261]
645,3,250,1060,0.0008414802417458578,0.0008414802417458578,1,[8],[6263]
646,3,251,1059,0.0008407010525664409,0.0008407010525664409,1,[8],[6253]
647,3,251,1060,0.0008407019780863925,0.0008407019780863925,1,[8],[6290]
648,3,251,1060,0.0008414919780863964,7.900000000038735e-07,1,[8],[6261]
649,3,251,1061,0.0008414161903336249,0.0008414161903336249,1,[8],[6301]
650,3,251,1061,0.0008420761903336282,6.600000000032361e-07,1,[8],[6270]
651,3,251,1062,0.0008425446093792612,0.0008425446093792612,1,[8],[6310]
652,3,252,1062,0.0008428267657960432,0.0008428267657960432,1,[8],[6274]
653,3,252,1063,0.0008432733278466872,0.0008432733278466872,1,[8],[6303]
654,3,252,1063,0.0008439433278466904,6.700000000032852e-07,1,[8],[6204]
655,3,252,1064,0.0008441704631213453,0.0008441704631213453,1,[8],[6287]
656,3,252,1064,0.0008449804631213493,8.100000000039716e-07,1,[8],[6265]
657,3,252,1065,0.000845773323053346,0.000845773323053346,1,[8],[6272]
658,3,253,1064,0.0008454610472001435,0.0008454610472001435,1,[8],[6271]
659,3,253,1065,0.0008452430781255296,0.0008452430781255296,1,[8],[6280]
660,3,253,1065,0.0008460630781255336,8.200000000040206e-07,1,[8],[6278]
661,3,253,1066,0.0008459172193287671,0.0008459172193287671,1,[8],[6292]
662,3,253,1066,0.0008465872193287704,6.700000000032852e-07,1,[8],[6227]
663,3,253,1067,0.0008470567006739541,0.0008470567006739541,1,[8],[6278]
664,3,254,1067,0.0008474160512742598,0.0008474160512742598,1,[8],[6268]
665,3,254,1068,0.0008478096663036271,0.0008478096663036271,1,[8],[6298]
666,3,254,1068,0.0008484896663036304,6.800000000033342e-07,1,[8],[6212]
667,3,254,1069,0.0008486792825210597,0.0008486792825210597,1,[8],[6312]
668,3,254,1069,0.0008494292825210634,7.500000000036774e-07,1,[8],[6259]
669,3,254,1070,0.000850059055048418,0.000850059055048418,4,"[8, 21, 22, 243]","[5877, 178, 102, 118]"
670,3,254,1071,0.0008464614948437554,0.0008464614948437554,2,"[21, 243]","[1857, 4458]"
671,3,254,1071,0.0008491314948437685,2.6700000000130916e-06,4,"[8, 21, 22, 243]","[83, 3137, 5, 2962]"
672,3,254,1072,0.0008471668203925175,0.0008471668203925175,2,"[21, 243]","[2139, 4123]"
673,3,255,1069,0.0008503063914845157,0.0008503063914845157,3,"[8, 21, 22]","[6252, 1, 8]"
674,3,255,1070,0.0008495005963534896,0.0008495005963534896,4,"[8, 21, 22, 243]","[4006, 2005, 165, 105]"
675,3,255,1070,0.000850190596353493,6.900000000033832e-07,3,"[8, 21, 22]","[5132, 203, 922]"
676,3,255,1070,0.0008509105963534965,7.200000000035303e-07,3,"[8, 21, 22]","[4262, 56, 1951]"
677,3,255,1071,0.0008460545436265097,0.0008460545436265097,2,"[21, 243]","[4224, 2072]"
678,3,255,1071,0.0008465445436265122,4.900000000024026e-07,2,"[21, 243]","[4615, 1686]"
679,3,255,1071,0.0008469945436265144,4.5000000000220645e-07,2,"[21, 243]","[4900, 1338]"
680,3,255,1071,0.0008475545436265171,5.600000000027458e-07,2,"[21, 243]","[5448, 786]"
681,3,255,1071,0.000848354543626521,8.000000000039226e-07,4,"[8, 21, 22, 243]","[14, 6046, 1, 183]"
682,3,255,1071,0.0008492545436265254,9.000000000044129e-07,4,"[8, 21, 22, 243]","[449, 5685, 90, 11]"
683,3,255,1071,0.0008499045436265286,6.500000000031871e-07,3,"[8, 21, 22]","[1970, 3627, 608]"
684,3,255,1071,0.0008503645436265309,4.600000000022555e-07,3,"[8, 21, 22]","[3131, 2081, 1128]"
685,3,255,1071,0.0008507445436265327,3.800000000018632e-07,3,"[8, 21, 22]","[3545, 1311, 1408]"
686,3,255,1071,0.0008511545436265348,4.100000000020103e-07,3,"[8, 21, 22]","[3827, 1030, 1402]"
687,3,255,1071,0.0008518345436265381,6.800000000033342e-07,3,"[8, 21, 22]","[4039, 814, 1290]"
688,3,255,1072,0.0008462531649646233,0.0008462531649646233,2,"[21, 243]","[4665, 1594]"
689,3,255,1072,0.0008471631649646277,9.100000000044619e-07,2,"[21, 243]","[4758, 1529]"
690,3,255,1072,0.0008502431649646428,3.080000000015102e-06,5,"[8, 20, 21, 22, 243]","[764, 5, 5150, 14, 319]"
691,3,255,1072,0.0008510031649646466,7.600000000037264e-07,4,"[8, 20, 21, 22]","[3084, 57, 3097, 24]"
692,3,255,1072,0.0008515531649646493,5.500000000026968e-07,4,"[8, 20, 21, 22]","[3770, 178, 2274, 11]"
693,3,255,1072,0.0008522531649646527,7.000000000034323e-07,4,"[8, 20, 21, 22]","[4070, 341, 1804, 3]"
694,3,255,1073,0.0008523622328135401,0.0008523622328135401,4,"[8, 20, 21, 243]","[3546, 2031, 672, 16]"
695,3,256,1071,0.00084984705509234,0.00084984705509234,4,"[8, 21, 22, 243]","[187, 6004, 47, 52]"
696,3,256,1071,0.0008516370550923488,1.7900000000087768e-06,4,"[8, 20, 21, 22]","[2281, 1, 3462, 471]"
697,3,256,1072,0.0008509391588114632,0.0008509391588114632,5,"[8, 20, 21, 22, 243]","[1474, 107, 4667, 2, 24]"
698,3,256,1072,0.000851719158811467,7.800000000038245e-07,4,"[8, 20, 21, 22]","[3235, 510, 2521, 4]"
699,3,256,1072,0.0008529191588114729,1.2000000000058839e-06,3,"[8, 20, 21]","[3746, 972, 1490]"
700,3,256,1073,0.0008518071629144237,0.0008518071629144237,4,"[8, 20, 21, 243]","[3416, 2439, 429, 1]"
701,3,256,1073,0.0008523771629144265,5.700000000027948e-07,3,"[8, 20, 21]","[4288, 1912, 134]"
702,3,256,1073,0.0008530471629144298,6.700000000032852e-07,3,"[8, 20, 21]","[4866, 1223, 48]"
703,3,256,1074,0.0008527108847681534,0.0008527108847681534,3,"[8, 20, 21]","[6059, 213, 1]"
704,3,256,1074,0.0008533708847681566,6.600000000032361e-07,2,"[8, 20]","[6252, 31]"
705,3,256,1075,0.0008536629070744317,0.0008536629070744317,1,[8],[6280]
706,3,256,1075,0.0008550029070744382,1.3400000000065703e-06,1,[8],[6224]
707,3,257,1075,0.0008541246245137908,0.0008541246245137908,1,[8],[6268]
708,3,257,1076,0.0008543314014797412,0.0008543314014797412,1,[8],[6284]
709,3,257,1076,0.0008550614014797448,7.300000000035793e-07,1,[8],[6251]
710,3,257,1077,0.0008549509586078199,0.0008549509586078199,1,[8],[6335]
711,3,257,1077,0.0008556209586078232,6.700000000032852e-07,1,[8],[6169]
712,3,257,1078,0.0008559305485407113,0.0008559305485407113,1,[8],[6300]
713,3,258,1078,0.0008562761704811332,0.0008562761704811332,1,[8],[6270]
714,3,258,1079,0.0008565453527215546,0.0008565453527215546,1,[8],[6331]
715,3,258,1079,0.0008572353527215579,6.900000000033832e-07,1,[8],[6181]
716,3,258,1080,0.0008571894466227274,0.0008571894466227274,1,[8],[6329]
717,3,258,1080,0.0008578694466227307,6.800000000033342e-07,3,"[8, 19, 255]","[6227, 3, 1]"
718,3,258,1081,0.0008581099671781339,0.0008581099671781339,4,"[8, 19, 255, 256]","[5856, 466, 14, 2]"
719,3,258,1081,0.0008591999671781393,1.0900000000053445e-06,4,"[8, 19, 255, 256]","[5201, 957, 12, 3]"
720,3,258,1082,0.000859736661982579,0.000859736661982579,4,"[8, 19, 255, 260]","[4929, 1179, 3, 140]"
721,3,259,1081,0.0008582606072316472,0.0008582606072316472,5,"[8, 19, 255, 256, 260]","[5215, 1009, 21, 1, 35]"
722,3,259,1081,0.0008592006072316519,9.40000000004609e-07,3,"[8, 19, 255]","[4863, 1372, 14]"
723,3,259,1082,0.0008582352424468016,0.0008582352424468016,5,"[8, 19, 255, 256, 260]","[2837, 762, 1, 2, 2664]"
724,3,259,1082,0.0008588752424468048,6.400000000031381e-07,3,"[8, 19, 255]","[5548, 748, 1]"
725,3,259,1082,0.0008594652424468077,5.900000000028929e-07,4,"[8, 19, 255, 256]","[5849, 396, 1, 1]"
726,3,259,1083,0.0008590434551459979,0.0008590434551459979,4,"[8, 18, 19, 260]","[4424, 2, 8, 1822]"
727,3,259,1083,0.000859673455146001,6.30000000003089e-07,3,"[8, 18, 19]","[6324, 17, 1]"
728,3,259,1083,0.0008603634551460044,6.900000000033832e-07,2,"[8, 18]","[6150, 43]"
729,3,259,1084,0.0008600448331270323,0.0008600448331270323,3,"[8, 18, 260]","[5163, 1088, 3]"
730,3,259,1084,0.0008607148331270356,6.700000000032852e-07,2,"[8, 18]","[4313, 1936]"
731,3,259,1085,0.0008620144926118639,0.0008620144926118639,2,"[8, 18]","[4478, 1778]"
732,3,260,1084,0.000860205338167704,0.000860205338167704,3,"[8, 18, 260]","[4836, 1460, 1]"
733,3,260,1084,0.0008608953381677074,6.900000000033832e-07,2,"[8, 18]","[4331, 1907]"
734,3,260,1085,0.000860629035219208,0.000860629035219208,2,"[8, 18]","[5366, 977]"
735,3,260,1085,0.0008612690352192111,6.400000000031381e-07,2,"[8, 18]","[5671, 574]"
736,3,260,1085,0.000862669035219218,1.4000000000068645e-06,2,"[8, 18]","[5923, 244]"
737,3,260,1086,0.0008613518011815607,0.0008613518011815607,2,"[8, 18]","[6314, 1]"
738,3,260,1086,0.000862041801181564,6.900000000033832e-07,2,"[8, 18]","[6195, 1]"
739,3,260,1087,0.000862330146871399,0.000862330146871399,1,[8],[6254]
740,3,261,1087,0.0008623524533739517,0.0008623524533739517,1,[8],[6269]
741,3,261,1087,0.0008642224533739609,1.870000000009169e-06,1,[8],[6231]
742,3,261,1088,0.0008626666495853821,0.0008626666495853821,2,"[8, 17]","[6331, 1]"
743,3,261,1088,0.0008633266495853854,6.600000000032361e-07,2,"[8, 17]","[6233, 3]"
744,3,261,1089,0.0008631628828376315,0.0008631628828376315,2,"[8, 17]","[5114, 1136]"
745,3,261,1089,0.0008637228828376342,5.600000000027458e-07,2,"[8, 17]","[4783, 1499]"
746,3,261,1089,0.0008644328828376377,7.100000000034813e-07,2,"[8, 17]","[4418, 1823]"
747,3,261,1090,0.0008635004440328173,0.0008635004440328173,2,"[8, 17]","[1829, 4470]"
748,3,261,1090,0.0008640404440328199,5.400000000026477e-07,2,"[8, 17]","[2393, 3922]"
749,3,261,1090,0.0008647204440328232,6.800000000033342e-07,2,"[8, 17]","[2786, 3374]"
750,3,262,1089,0.0008643792509356437,0.0008643792509356437,2,"[8, 17]","[5189, 1086]"
751,3,262,1090,0.0008639453376257678,0.0008639453376257678,2,"[8, 17]","[4102, 2160]"
752,3,262,1090,0.0008646453376257712,7.000000000034323e-07,2,"[8, 17]","[4752, 1509]"
753,3,262,1091,0.0008645208387541743,0.0008645208387541743,2,"[8, 17]","[6187, 113]"
754,3,262,1091,0.0008651408387541774,6.2000000000304e-07,2,"[8, 17]","[6206, 32]"
755,3,262,1091,0.0008665308387541842,1.3900000000068155e-06,2,"[8, 17]","[6202, 13]"
756,3,262,1092,0.0008651841211962898,0.0008651841211962898,1,[8],[6275]
757,3,262,1092,0.0008659441211962936,7.600000000037264e-07,1,[8],[6240]
758,3,262,1093,0.0008663693177646226,0.0008663693177646226,1,[8],[6258]
759,3,263,1092,0.0008662533217129702,0.0008662533217129702,1,[8],[6265]
760,3,263,1093,0.0008659950104732086,0.0008659950104732086,1,[8],[6289]
761,3,263,1093,0.0008668250104732127,8.300000000040697e-07,1,[8],[6237]
762,3,263,1094,0.0008663934084045137,0.0008663934084045137,1,[8],[6281]
763,3,263,1094,0.0008670234084045168,6.30000000003089e-07,1,[8],[6254]
764,3,263,1094,0.0008686334084045247,1.6100000000078942e-06,1,[8],[6218]
765,3,263,1095,0.000867111991998627,0.000867111991998627,1,[8],[6273]
766,3,263,1095,0.0008679019919986308,7.900000000038735e-07,1,[8],[6252]
767,3,263,1096,0.00086836602389411,0.00086836602389411,1,[8],[6267]
768,3,264,1095,0.0008679202360945763,0.0008679202360945763,1,[8],[6255]
769,3,264,1096,0.0008678317556362441,0.0008678317556362441,1,[8],[6273]
770,3,264,1096,0.0008686117556362479,7.800000000038245e-07,1,[8],[6245]
771,3,264,1097,0.000868284539803664,0.000868284539803664,1,[8],[6255]
772,3,264,1097,0.000868904539803667,6.2000000000304e-07,1,[8],[6319]
773,3,264,1097,0.0008706045398036754,1.7000000000083355e-06,1,[8],[6176]
774,3,264,1098,0.0008690101633826854,0.0008690101633826854,1,[8],[6307]
775,3,264,1098,0.0008698401633826895,8.300000000040697e-07,1,[8],[6211]
776,3,264,1099,0.0008704739750383756,0.0008704739750383756,1,[8],[6252]
777,3,265,1098,0.0008697261975902754,0.0008697261975902754,1,[8],[6275]
778,3,265,1099,0.0008696995123837924,0.0008696995123837924,1,[8],[6315]
779,3,265,1099,0.0008704395123837961,7.400000000036284e-07,1,[8],[6235]
780,3,265,1100,0.0008701837545730103,0.0008701837545730103,2,"[8, 15]","[6317, 1]"
781,3,265,1100,0.0008708037545730133,6.2000000000304e-07,2,"[8, 15]","[6183, 2]"
782,3,265,1101,0.0008709024613497132,0.0008709024613497132,2,"[8, 15]","[6075, 195]"
783,3,265,1101,0.0008717224613497172,8.200000000040206e-07,2,"[8, 15]","[5787, 488]"
784,3,265,1102,0.0008717883617868199,0.0008717883617868199,3,"[8, 15, 16]","[4102, 2175, 27]"
785,3,266,1101,0.0008710209500270033,0.0008710209500270033,2,"[8, 15]","[3706, 2609]"
786,3,266,1101,0.0008715109500270057,4.900000000024026e-07,2,"[8, 15]","[2543, 3708]"
787,3,266,1101,0.0008720209500270082,5.100000000025006e-07,2,"[8, 15]","[2110, 4145]"
788,3,266,1102,0.0008711048487275026,0.0008711048487275026,3,"[8, 15, 16]","[2723, 3570, 41]"
789,3,266,1102,0.0008714848487275045,3.800000000018632e-07,3,"[8, 15, 16]","[2714, 3450, 89]"
790,3,266,1102,0.000871794848727506,3.1000000000152e-07,3,"[8, 15, 16]","[2740, 3477, 132]"
791,3,266,1102,0.0008720948487275075,3.0000000000147097e-07,3,"[8, 15, 16]","[2641, 3251, 184]"
792,3,266,1102,0.0008724848487275094,3.9000000000191225e-07,3,"[8, 15, 16]","[2867, 3120, 330]"
793,3,266,1103,0.0008716140211039138,0.0008716140211039138,3,"[8, 15, 16]","[2581, 3159, 516]"
794,3,266,1103,0.0008720040211039157,3.9000000000191225e-07,3,"[8, 15, 16]","[2699, 2960, 719]"
795,3,266,1103,0.0008723140211039172,3.1000000000152e-07,3,"[8, 15, 16]","[2687, 2771, 760]"
796,3,266,1103,0.0008726240211039188,3.1000000000152e-07,3,"[8, 15, 16]","[2875, 2625, 764]"
797,3,266,1103,0.0008730040211039206,3.800000000018632e-07,3,"[8, 15, 16]","[2915, 2509, 768]"
798,3,266,1103,0.0008743440211039272,1.3400000000065703e-06,3,"[8, 15, 16]","[3197, 2272, 726]"
799,3,266,1104,0.0008727312544283267,0.0008727312544283267,3,"[8, 15, 16]","[4460, 1686, 131]"
800,3,266,1104,0.000873611254428331,8.800000000043148e-07,3,"[8, 15, 16]","[5389, 832, 49]"
801,3,266,1105,0.0008750160412782307,0.0008750160412782307,2,"[8, 15]","[6249, 3]"
802,3,267,1100,0.0008711838401058484,0.0008711838401058484,2,"[8, 15]","[4, 6322]"
803,3,267,1100,0.0008720338401058525,8.500000000041677e-07,2,"[8, 15]","[2, 6215]"
804,3,267,1101,0.0008714525347315271,0.0008714525347315271,2,"[8, 15]","[30, 6300]"
805,3,267,1101,0.0008722225347315308,7.700000000037755e-07,2,"[8, 15]","[34, 6161]"
806,3,267,1103,0.0008735448494472169,0.0008735448494472169,3,"[8, 15, 16]","[2980, 2706, 573]"
807,3,267,1104,0.0008734115168291453,0.0008734115168291453,3,"[8, 15, 16]","[5688, 574, 28]"
808,3,267,1105,0.0008735743097759943,0.0008735743097759943,2,"[8, 15]","[6292, 2]"
809,3,267,1105,0.0008743843097759982,8.100000000039716e-07,1,[8],[6250]
810,3,267,1106,0.0008741242458853313,0.0008741242458853313,1,[8],[6328]
811,3,267,1106,0.0008747942458853346,6.700000000032852e-07,1,[8],[6208]
812,3,267,1107,0.0008749597888982688,0.0008749597888982688,1,[8],[6307]
813,3,267,1107,0.0008762997888982754,1.3400000000065703e-06,1,[8],[6193]
814,3,267,1108,0.00087701358851527,0.00087701358851527,1,[8],[6251]
815,3,268,1099,0.0008706087128600331,0.0008706087128600331,1,[15],[6270]
816,3,268,1100,0.0008701970995276918,0.0008701970995276918,1,[15],[6355]
817,3,268,1100,0.0008706770995276942,4.800000000023535e-07,1,[15],[6164]
818,3,268,1100,0.0008711770995276966,5.000000000024516e-07,1,[15],[6259]
819,3,268,1100,0.0008726070995277036,1.4300000000070116e-06,1,[15],[6225]
820,3,268,1107,0.0008755250576137937,0.0008755250576137937,1,[8],[6289]
821,3,268,1108,0.0008755909350062121,0.0008755909350062121,1,[8],[6311]
822,3,268,1108,0.0008764209350062162,8.300000000040697e-07,1,[8],[6229]
823,3,268,1109,0.0008760999313853527,0.0008760999313853527,2,"[8, 14]","[6196, 74]"
824,3,268,1109,0.0008767399313853559,6.400000000031381e-07,2,"[8, 14]","[5912, 326]"
825,3,268,1109,0.0008780099313853621,1.270000000006227e-06,2,"[8, 14]","[5060, 1184]"
826,3,268,1110,0.0008767127925171231,0.0008767127925171231,2,"[8, 14]","[4679, 1602]"
827,3,268,1110,0.000877302792517126,5.900000000028929e-07,2,"[8, 14]","[4062, 2185]"
828,3,268,1110,0.0008782027925171304,9.000000000044129e-07,2,"[8, 14]","[3557, 2687]"
829,3,268,1111,0.0008782806042260594,0.0008782806042260594,2,"[8, 14]","[5929, 347]"
830,3,269,1100,0.0008717963137323962,0.0008717963137323962,1,[15],[6256]
831,3,269,1110,0.0008771373162728666,0.0008771373162728666,2,"[8, 14]","[4127, 2168]"
832,3,269,1110,0.0008783073162728723,1.1700000000057368e-06,2,"[8, 14]","[3875, 2334]"
833,3,269,1111,0.0008776049918595196,0.0008776049918595196,2,"[8, 14]","[6145, 174]"
834,3,269,1111,0.0008784549918595237,8.500000000041677e-07,2,"[8, 14]","[6134, 56]"
835,3,269,1112,0.0008780815101749233,0.0008780815101749233,1,[8],[6310]
836,3,269,1112,0.0008787615101749266,6.800000000033342e-07,1,[8],[6251]
837,3,269,1113,0.0008788147119985029,0.0008788147119985029,2,"[8, 13]","[6253, 6]"
838,3,269,1113,0.0008797147119985073,9.000000000044129e-07,2,"[8, 13]","[6261, 12]"
839,3,269,1114,0.0008798079984813258,0.0008798079984813258,2,"[8, 13]","[5415, 875]"
840,3,270,1113,0.0008798887257447045,0.0008798887257447045,2,"[8, 13]","[6174, 83]"
841,3,270,1114,0.0008793624907645377,0.0008793624907645377,2,"[8, 13]","[4281, 2027]"
842,3,270,1114,0.0008799224907645404,5.600000000027458e-07,2,"[8, 13]","[3868, 2346]"
843,3,270,1114,0.0008806924907645442,7.700000000037755e-07,2,"[8, 13]","[3701, 2536]"
844,3,270,1115,0.0008797970243572566,0.0008797970243572566,2,"[8, 13]","[4367, 1901]"
845,3,270,1115,0.0008803770243572595,5.800000000028439e-07,2,"[8, 13]","[5112, 1139]"
846,3,270,1115,0.0008810770243572629,7.000000000034323e-07,2,"[8, 13]","[5591, 650]"
847,3,270,1116,0.0008806514949617614,0.0008806514949617614,2,"[8, 13]","[6296, 10]"
848,3,270,1116,0.000881371494961765,7.200000000035303e-07,2,"[8, 13]","[6269, 3]"
849,3,270,1117,0.000881607689428996,0.000881607689428996,1,[8],[6290]
850,3,271,1117,0.000881620241614691,0.000881620241614691,1,[8],[6275]
851,3,271,1117,0.0008832802416146991,1.6600000000081393e-06,1,[8],[6225]
852,3,271,1118,0.0008819504730485351,0.0008819504730485351,1,[8],[6314]
853,3,271,1118,0.0008826104730485383,6.600000000032361e-07,1,[8],[6268]
854,3,271,1119,0.0008825346917120437,0.0008825346917120437,1,[8],[6310]
855,3,271,1119,0.000883214691712047,6.800000000033342e-07,1,[8],[6232]
856,3,271,1120,0.0008833951429779558,0.0008833951429779558,1,[8],[6255]
857,3,272,1120,0.0008836694943980586,0.0008836694943980586,1,[8],[6264]
858,3,272,1121,0.0008838919705561381,0.0008838919705561381,1,[8],[6251]
859,3,272,1121,0.0008846019705561416,7.100000000034813e-07,1,[8],[6275]
860,3,272,1122,0.0008844254720688955,0.0008844254720688955,1,[8],[6283]
861,3,272,1122,0.0008850754720688987,6.500000000031871e-07,2,"[8, 12]","[6253, 1]"
862,3,272,1123,0.0008852080606344908,0.0008852080606344908,2,"[8, 12]","[6081, 221]"
863,3,272,1123,0.0008861580606344954,9.500000000046581e-07,2,"[8, 12]","[5685, 521]"
864,3,272,1124,0.0008863515866193137,0.0008863515866193137,2,"[8, 12]","[4953, 1299]"
865,3,273,1123,0.0008856403910960409,0.0008856403910960409,2,"[8, 12]","[5478, 773]"
866,3,273,1124,0.0008857450344947215,0.0008857450344947215,2,"[8, 12]","[4965, 1296]"
867,3,273,1124,0.0008864150344947248,6.700000000032852e-07,2,"[8, 12]","[5445, 872]"
868,3,273,1125,0.0008863934621134546,0.0008863934621134546,2,"[8, 12]","[6282, 35]"
869,3,273,1125,0.0008870334621134577,6.400000000031381e-07,2,"[8, 12]","[6209, 7]"
870,3,273,1126,0.0008871866604187097,0.0008871866604187097,1,[8],[6279]
871,3,273,1126,0.0008881666604187145,9.800000000048052e-07,1,[8],[6250]
872,3,273,1127,0.0008887414128985331,0.0008887414128985331,1,[8],[6258]
873,3,274,1126,0.0008878184619631124,0.0008878184619631124,1,[8],[6262]
874,3,274,1127,0.0008878916099423376,0.0008878916099423376,1,[8],[6282]
875,3,274,1127,0.0008886416099423412,7.500000000036774e-07,1,[8],[6243]
876,3,274,1128,0.0008883973055038432,0.0008883973055038432,1,[8],[6265]
877,3,274,1128,0.0008890473055038464,6.500000000031871e-07,1,[8],[6306]
878,3,274,1129,0.0008892123822667393,0.0008892123822667393,1,[8],[6268]
879,3,274,1129,0.000890172382266744,9.60000000004707e-07,1,[8],[6257]
880,3,274,1130,0.0008907525485381442,0.0008907525485381442,2,"[8, 11]","[6261, 1]"
881,3,275,1129,0.0008898278841146855,0.0008898278841146855,1,[8],[6294]
882,3,275,1130,0.0008899011200254797,0.0008899011200254797,2,"[8, 11]","[6259, 3]"
883,3,275,1130,0.0008906811200254835,7.800000000038245e-07,2,"[8, 11]","[6284, 13]"
884,3,275,1131,0.00089038098389429,0.00089038098389429,2,"[8, 11]","[5691, 612]"
885,3,275,1131,0.0008909709838942929,5.900000000028929e-07,2,"[8, 11]","[5232, 1069]"
886,3,275,1131,0.0008918509838942972,8.800000000043148e-07,2,"[8, 11]","[4946, 1218]"
887,3,275,1132,0.0008911941881824643,0.0008911941881824643,2,"[8, 11]","[4945, 1333]"
888,3,275,1132,0.0008921741881824691,9.800000000048052e-07,2,"[8, 11]","[5665, 589]"
889,3,275,1133,0.0008933023093756607,0.0008933023093756607,2,"[8, 11]","[6236, 14]"
890,3,276,1132,0.0008919502562578158,0.0008919502562578158,2,"[8, 11]","[5818, 465]"
891,3,276,1133,0.0008920507279180378,0.0008920507279180378,1,[8],[6260]
892,3,276,1133,0.000892890727918042,8.400000000041187e-07,1,[8],[6278]
893,3,276,1134,0.000892637672622468,0.000892637672622468,1,[8],[6282]
894,3,276,1134,0.0008933276726224714,6.900000000033832e-07,1,[8],[6233]
895,3,276,1135,0.0008935614325898693,0.0008935614325898693,1,[8],[6277]
896,3,276,1135,0.0008953014325898778,1.7400000000085316e-06,1,[8],[6223]
897,3,277,1135,0.0008940319134414609,0.0008940319134414609,1,[8],[6270]
898,3,277,1136,0.0008942183458156662,0.0008942183458156662,1,[8],[6319]
899,3,277,1136,0.0008949883458156699,7.700000000037755e-07,1,[8],[6234]
900,3,277,1137,0.0008948499618291427,0.0008948499618291427,1,[8],[6308]
901,3,277,1137,0.0008955799618291462,7.300000000035793e-07,1,[8],[6250]
902,3,277,1138,0.0008958222564783024,0.0008958222564783024,1,[8],[6300]
903,3,278,1138,0.000896119278851476,0.000896119278851476,1,[8],[6269]
904,3,278,1139,0.0008963961277917189,0.0008963961277917189,1,[8],[6264]
905,3,278,1139,0.0008971561277917226,7.600000000037264e-07,1,[8],[6285]
906,3,278,1140,0.0008970939554833183,0.0008970939554833183,1,[8],[6329]
907,3,278,1140,0.0008978239554833219,7.300000000035793e-07,1,[8],[6217]
908,3,278,1141,0.0008981288588283105,0.0008981288588283105,1,[8],[6278]
909,3,279,1141,0.0008982337219859607,0.0008982337219859607,1,[8],[6271]
910,3,279,1142,0.0008985892089244315,0.0008985892089244315,1,[8],[6275]
911,3,279,1142,0.000899319208924435,7.300000000035793e-07,1,[8],[6255]
912,3,279,1143,0.0008993067260328722,0.0008993067260328722,1,[8],[6253]
913,3,279,1143,0.0009001067260328761,8.000000000039226e-07,1,[8],[6300]
914,3,279,1144,0.0009004551232085939,0.0009004551232085939,1,[8],[6291]
915,3,280,1144,0.0009003545398727945,0.0009003545398727945,1,[8],[6250]
916,3,280,1144,0.000901684539872801,1.3300000000065213e-06,1,[8],[6272]
917,3,280,1145,0.0009007808551443833,0.0009007808551443833,1,[8],[6267]
918,3,280,1145,0.0009014908551443867,7.100000000034813e-07,1,[8],[6240]
919,3,280,1146,0.0009015343093714249,0.0009015343093714249,1,[8],[6280]
920,3,280,1146,0.0009024043093714292,8.700000000042658e-07,1,[8],[6238]
921,3,280,1147,0.0009028081528097253,0.0009028081528097253,1,[8],[6253]
922,3,281,1146,0.0009030028661931736,0.0009030028661931736,1,[8],[6257]
923,3,281,1147,0.0009025048613224576,0.0009025048613224576,1,[8],[6270]
924,3,281,1147,0.000903594861322463,1.0900000000053445e-06,1,[8],[6238]
925,3,281,1148,0.0009029683185006851,0.0009029683185006851,1,[8],[6272]
926,3,281,1148,0.0009036583185006885,6.900000000033832e-07,1,[8],[6258]
927,3,281,1149,0.0009037791340773763,0.0009037791340773763,2,"[8, 10]","[6223, 98]"
928,3,281,1149,0.0009045991340773803,8.200000000040206e-07,2,"[8, 10]","[5790, 404]"
929,3,281,1150,0.0009048065123494211,0.0009048065123494211,2,"[8, 10]","[4678, 1585]"
930,3,282,1149,0.0009045634251583237,0.0009045634251583237,2,"[8, 10]","[5527, 724]"
931,3,282,1150,0.0009044513990031087,0.0009044513990031087,2,"[8, 10]","[4647, 1675]"
932,3,282,1150,0.0009051013990031119,6.500000000031871e-07,2,"[8, 10]","[4735, 1451]"
933,3,282,1151,0.0009051896635497047,0.0009051896635497047,2,"[8, 10]","[6183, 108]"
934,3,282,1151,0.0009059396635497084,7.500000000036774e-07,2,"[8, 10]","[6261, 15]"
935,3,282,1152,0.0009061566602288461,0.0009061566602288461,2,"[8, 9]","[6229, 67]"
936,3,283,1152,0.0009064690288688377,0.0009064690288688377,4,"[8, 9, 268, 269]","[5941, 313, 3, 1]"
937,3,283,1153,0.0009066095586595666,0.0009066095586595666,4,"[8, 9, 268, 269]","[4855, 1400, 10, 1]"
938,3,283,1153,0.0009072295586595696,6.2000000000304e-07,4,"[8, 9, 268, 269]","[5091, 1214, 7, 2]"
939,3,283,1153,0.0009081595586595742,9.3000000000456e-07,4,"[8, 9, 268, 269]","[5286, 898, 9, 5]"
940,3,283,1154,0.0009074539221717797,0.0009074539221717797,3,"[8, 9, 268]","[6148, 134, 1]"
941,3,283,1154,0.0009082339221717835,7.800000000038245e-07,2,"[8, 9]","[6251, 16]"
942,3,283,1155,0.0009087480473857345,0.0009087480473857345,1,[8],[6281]
943,3,284,1154,0.0009090720302733931,0.0009090720302733931,2,"[8, 9]","[6262, 6]"
944,3,284,1155,0.0009084968472324254,0.0009084968472324254,1,[8],[6269]
945,3,284,1155,0.0009094568472324302,9.60000000004707e-07,1,[8],[6267]
946,3,284,1156,0.0009089856298415272,0.0009089856298415272,1,[8],[6265]
947,3,284,1156,0.0009096656298415305,6.800000000033342e-07,1,[8],[6291]
948,3,284,1157,0.000909912981657118,0.000909912981657118,1,[8],[6263]
949,3,284,1157,0.0009109529816571231,1.0400000000050993e-06,1,[8],[6238]
950,3,284,1158,0.0009123056814602778,0.0009123056814602778,1,[8],[6250]
951,3,285,1157,0.0009105790703864587,0.0009105790703864587,1,[8],[6260]
952,3,285,1158,0.000910694074947227,0.000910694074947227,1,[8],[6250]
953,3,285,1158,0.0009114340749472306,7.400000000036284e-07,1,[8],[6320]
954,3,285,1159,0.0009113772115162263,0.0009113772115162263,1,[8],[6322]
955,3,285,1159,0.0009120772115162297,7.000000000034323e-07,1,[8],[6192]
956,3,285,1160,0.0009124286453780764,0.0009124286453780764,2,"[1, 8]","[34, 6239]"
957,3,285,1161,0.0009137425952445904,0.0009137425952445904,2,"[1, 8]","[3781, 2477]"
958,3,285,1162,0.0009138721882964802,0.0009138721882964802,3,"[1, 6, 8]","[6207, 2, 52]"
959,3,286,1160,0.0009125546352741353,0.0009125546352741353,2,"[1, 8]","[208, 6051]"
960,3,286,1160,0.0009137746352741412,1.220000000005982e-06,2,"[1, 8]","[739, 5511]"
961,3,286,1161,0.0009125044924324358,0.0009125044924324358,2,"[1, 8]","[4309, 2052]"
962,3,286,1161,0.0009128844924324377,3.800000000018632e-07,2,"[1, 8]","[4687, 1527]"
963,3,286,1161,0.0009132144924324393,3.3000000000161806e-07,2,"[1, 8]","[4879, 1349]"
964,3,286,1161,0.0009135744924324411,3.6000000000176516e-07,2,"[1, 8]","[5122, 1227]"
965,3,286,1161,0.0009141244924324438,5.500000000026968e-07,2,"[1, 8]","[5110, 1039]"
966,3,286,1162,0.0009123259109452802,0.0009123259109452802,3,"[1, 6, 8]","[6314, 2, 29]"
967,3,286,1162,0.0009126559109452818,3.3000000000161806e-07,2,"[1, 8]","[6158, 20]"
968,3,286,1162,0.0009129159109452831,2.6000000000127484e-07,3,"[1, 6, 8]","[6206, 1, 32]"
969,3,286,1162,0.0009131559109452843,2.4000000000117677e-07,2,"[1, 8]","[6450, 28]"
970,3,286,1162,0.0009133959109452855,2.4000000000117677e-07,2,"[1, 8]","[6221, 24]"
971,3,286,1162,0.0009136859109452869,2.9000000000142193e-07,2,"[1, 8]","[6152, 39]"
972,3,286,1162,0.0009141759109452893,4.900000000024026e-07,3,"[1, 6, 8]","[6094, 1, 22]"
973,3,286,1163,0.0009120803056424369,0.0009120803056424369,1,[1],[6274]
974,3,286,1163,0.0009124303056424386,3.500000000017161e-07,1,[1],[6431]
975,3,286,1163,0.00091270030564244,2.7000000000132387e-07,1,[1],[6216]
976,3,286,1163,0.0009129503056424412,2.500000000012258e-07,1,[1],[6160]
977,3,286,1163,0.0009132203056424425,2.7000000000132387e-07,1,[1],[6244]
978,3,286,1163,0.0009135903056424443,3.700000000018142e-07,1,[1],[6288]
979,3,286,1164,0.0009117772209342711,0.0009117772209342711,1,[1],[6288]
980,3,286,1164,0.0009121372209342729,3.6000000000176516e-07,1,[1],[6388]
981,3,286,1164,0.0009124172209342742,2.800000000013729e-07,1,[1],[6304]
982,3,286,1164,0.0009126872209342756,2.7000000000132387e-07,1,[1],[6230]
983,3,286,1164,0.000912987220934277,3.0000000000147097e-07,1,[1],[6054]
984,3,286,1164,0.0009134572209342793,4.700000000023045e-07,1,[1],[6289]
985,3,286,1165,0.0009114733066130297,0.0009114733066130297,1,[1],[6352]
986,3,286,1165,0.0009118233066130314,3.500000000017161e-07,1,[1],[6250]
987,3,286,1165,0.0009121033066130328,2.800000000013729e-07,1,[1],[6247]
988,3,286,1165,0.0009123733066130341,2.7000000000132387e-07,1,[1],[6276]
989,3,286,1165,0.0009126833066130356,3.1000000000152e-07,1,[1],[6268]
990,3,286,1165,0.0009131333066130378,4.5000000000220645e-07,1,[1],[6134]
991,3,286,1166,0.0009112773862188626,0.0009112773862188626,1,[1],[6250]
992,3,286,1166,0.0009116373862188644,3.6000000000176516e-07,1,[1],[6292]
993,3,286,1166,0.0009119173862188657,2.800000000013729e-07,1,[1],[6240]
994,3,286,1166,0.0009121973862188671,2.800000000013729e-07,1,[1],[6376]
995,3,286,1166,0.0009125273862188687,3.3000000000161806e-07,1,[1],[6190]
996,3,286,1166,0.0009131273862188717,6.000000000029419e-07,1,[1],[6177]
997,3,286,1167,0.0009111793892387247,0.0009111793892387247,1,[1],[6310]
998,3,286,1167,0.0009115493892387265,3.700000000018142e-07,1,[1],[6234]
999,3,286,1167,0.000911849389238728,3.0000000000147097e-07,1,[1],[6280]
1000,3,286,1167,0.0009121593892387295,3.1000000000152e-07,1,[1],[6357]
1001,3,286,1167,0.0009125593892387315,4.000000000019613e-07,1,[1],[6175]
1002,3,286,1168,0.0009111483103018061,0.0009111483103018061,1,[1],[6297]
1003,3,286,1168,0.000911538310301808,3.9000000000191225e-07,1,[1],[6241]
1004,3,286,1168,0.0009118683103018097,3.3000000000161806e-07,1,[1],[6311]
1005,3,286,1168,0.0009122283103018114,3.6000000000176516e-07,1,[1],[6184]
1006,3,286,1168,0.0009129083103018148,6.800000000033342e-07,1,[1],[6243]
1007,3,286,1169,0.0009111303967904329,0.0009111303967904329,2,"[1, 5]","[6260, 20]"
1008,3,286,1169,0.000911570396790435,4.400000000021574e-07,2,"[1, 5]","[6381, 10]"
1009,3,286,1169,0.000911960396790437,3.9000000000191225e-07,2,"[1, 5]","[6197, 7]"
1010,3,286,1169,0.0009125103967904396,5.500000000026968e-07,2,"[1, 5]","[6161, 10]"
1011,3,286,1170,0.0009111176130363697,0.0009111176130363697,3,"[1, 4, 5]","[5760, 1, 508]"
1012,3,286,1170,0.000911587613036372,4.700000000023045e-07,3,"[1, 4, 5]","[5827, 3, 453]"
1013,3,286,1170,0.0009120676130363744,4.800000000023535e-07,3,"[1, 4, 5]","[5860, 4, 435]"
1014,3,286,1171,0.0009111965133324672,0.0009111965133324672,3,"[1, 4, 5]","[5580, 334, 344]"
1015,3,286,1171,0.0009118365133324704,6.400000000031381e-07,3,"[1, 4, 5]","[5641, 304, 351]"
1016,3,286,1172,0.0009113572668538432,0.0009113572668538432,3,"[1, 4, 5]","[5988, 296, 1]"
1017,3,286,1173,0.0009117917577107017,0.0009117917577107017,2,"[1, 4]","[6249, 2]"
1018,3,287,1164,0.0009133518814115843,0.0009133518814115843,1,[1],[6259]
1019,3,287,1165,0.0009125636345851043,0.0009125636345851043,1,[1],[6264]
1020,3,287,1166,0.0009120751153035657,0.0009120751153035657,1,[1],[6251]
1021,3,287,1167,0.0009117254677184448,0.0009117254677184448,1,[1],[6291]
1022,3,287,1167,0.0009126654677184494,9.40000000004609e-07,1,[1],[6230]
1023,3,287,1168,0.000911450333878982,0.000911450333878982,1,[1],[6368]
1024,3,287,1168,0.000912050333878985,6.000000000029419e-07,1,[1],[6208]
1025,3,287,1169,0.0009112192986546244,0.0009112192986546244,2,"[1, 5]","[6300, 25]"
1026,3,287,1169,0.0009116992986546267,4.800000000023535e-07,2,"[1, 5]","[6203, 17]"
1027,3,287,1169,0.0009122092986546292,5.100000000025006e-07,2,"[1, 5]","[6197, 15]"
1028,3,287,1170,0.0009109801536109482,0.0009109801536109482,3,"[1, 4, 5]","[5644, 9, 605]"
1029,3,287,1170,0.0009114001536109503,4.2000000000205935e-07,3,"[1, 4, 5]","[5756, 8, 556]"
1030,3,287,1170,0.000911760153610952,3.6000000000176516e-07,3,"[1, 4, 5]","[5707, 10, 572]"
1031,3,287,1170,0.000912170153610954,4.100000000020103e-07,3,"[1, 4, 5]","[5644, 9, 498]"
1032,3,287,1171,0.0009108109135401546,0.0009108109135401546,3,"[1, 4, 5]","[5523, 475, 260]"
1033,3,287,1171,0.0009112009135401565,3.9000000000191225e-07,3,"[1, 4, 5]","[5574, 500, 273]"
1034,3,287,1171,0.0009115309135401581,3.3000000000161806e-07,3,"[1, 4, 5]","[5611, 470, 276]"
1035,3,287,1171,0.0009118709135401598,3.400000000016671e-07,3,"[1, 4, 5]","[5430, 438, 300]"
1036,3,287,1171,0.0009124109135401625,5.400000000026477e-07,3,"[1, 4, 5]","[5372, 442, 311]"
1037,3,287,1172,0.0009106833058510137,0.0009106833058510137,2,"[1, 4]","[6023, 251]"
1038,3,287,1172,0.0009110833058510157,4.000000000019613e-07,3,"[1, 4, 5]","[6081, 282, 1]"
1039,3,287,1172,0.0009114033058510172,3.2000000000156903e-07,3,"[1, 4, 5]","[5933, 338, 3]"
1040,3,287,1172,0.000911753305851019,3.500000000017161e-07,3,"[1, 4, 5]","[5818, 376, 2]"
1041,3,287,1172,0.0009123133058510217,5.600000000027458e-07,3,"[1, 4, 5]","[5771, 385, 1]"
1042,3,287,1173,0.000910546300717192,0.000910546300717192,2,"[1, 4]","[6303, 2]"
1043,3,287,1173,0.0009109363007171939,3.9000000000191225e-07,2,"[1, 4]","[6374, 1]"
1044,3,287,1173,0.0009112563007171954,3.2000000000156903e-07,2,"[1, 4]","[6120, 1]"
1045,3,287,1173,0.0009116063007171972,3.500000000017161e-07,2,"[1, 4]","[6288, 3]"
1046,3,287,1173,0.0009121563007171999,5.500000000026968e-07,2,"[1, 4]","[6211, 2]"
1047,3,287,1174,0.0009104196736501868,0.0009104196736501868,1,[1],[6296]
1048,3,287,1174,0.0009108096736501887,3.9000000000191225e-07,1,[1],[6394]
1049,3,287,1174,0.0009111196736501903,3.1000000000152e-07,1,[1],[6167]
1050,3,287,1174,0.0009114596736501919,3.400000000016671e-07,1,[1],[6190]
1051,3,287,1174,0.0009119896736501945,5.300000000025987e-07,1,[1],[6218]
1052,3,287,1175,0.0009102969975831086,0.0009102969975831086,1,[1],[6265]
1053,3,287,1175,0.0009106869975831105,3.9000000000191225e-07,1,[1],[6287]
1054,3,287,1175,0.000910996997583112,3.1000000000152e-07,1,[1],[6230]
1055,3,287,1175,0.0009113369975831137,3.400000000016671e-07,1,[1],[6321]
1056,3,287,1175,0.0009118569975831162,5.200000000025497e-07,1,[1],[6194]
1057,3,287,1176,0.0009101958151008942,0.0009101958151008942,1,[1],[6373]
1058,3,287,1176,0.000910575815100896,3.800000000018632e-07,1,[1],[6253]
1059,3,287,1176,0.0009108958151008976,3.2000000000156903e-07,1,[1],[6253]
1060,3,287,1176,0.0009112458151008993,3.500000000017161e-07,1,[1],[6247]
1061,3,287,1176,0.000911805815100902,5.600000000027458e-07,1,[1],[6151]
1062,3,287,1177,0.0009100859147026642,0.0009100859147026642,2,"[1, 3]","[6225, 93]"
1063,3,287,1177,0.0009104759147026661,3.9000000000191225e-07,2,"[1, 3]","[6098, 90]"
1064,3,287,1177,0.0009108259147026679,3.500000000017161e-07,2,"[1, 3]","[6269, 65]"
1065,3,287,1177,0.0009112159147026698,3.9000000000191225e-07,2,"[1, 3]","[6128, 53]"
1066,3,287,1177,0.0009122659147026749,1.0500000000051484e-06,2,"[1, 3]","[6158, 79]"
1067,3,287,1178,0.0009099844391210023,0.0009099844391210023,2,"[1, 3]","[5690, 644]"
1068,3,287,1178,0.0009103744391210042,3.9000000000191225e-07,2,"[1, 3]","[5532, 651]"
1069,3,287,1178,0.0009107144391210059,3.400000000016671e-07,2,"[1, 3]","[5629, 606]"
1070,3,287,1178,0.0009111244391210079,4.100000000020103e-07,2,"[1, 3]","[5703, 624]"
1071,3,287,1179,0.0009100228043636436,0.0009100228043636436,2,"[1, 3]","[6201, 82]"
1072,3,287,1179,0.000910512804363646,4.900000000024026e-07,2,"[1, 3]","[6263, 94]"
1073,3,287,1179,0.0009110328043636486,5.200000000025497e-07,2,"[1, 3]","[6060, 114]"
1074,3,287,1180,0.0009101157082014603,0.0009101157082014603,1,[1],[6337]
1075,3,287,1180,0.0009107357082014634,6.2000000000304e-07,1,[1],[6255]
1076,3,287,1181,0.0009101906017983817,0.0009101906017983817,2,"[1, 2]","[6187, 88]"
1077,3,287,1181,0.000911060601798386,8.700000000042658e-07,2,"[1, 2]","[6202, 66]"
1078,3,287,1182,0.000910268958781968,0.000910268958781968,2,"[1, 2]","[5669, 626]"
1079,3,287,1183,0.0009105445182489379,0.0009105445182489379,2,"[1, 2]","[6210, 94]"
1080,3,287,1184,0.0009109954553678227,0.0009109954553678227,1,[1],[6256]
1081,3,288,1176,0.000911165386862203,0.000911165386862203,1,[1],[6271]
1082,3,288,1177,0.0009106426847966563,0.0009106426847966563,2,"[1, 3]","[6179, 132]"
1083,3,288,1177,0.0009120426847966631,1.4000000000068645e-06,2,"[1, 3]","[6083, 108]"
1084,3,288,1178,0.0009102323428458485,0.0009102323428458485,2,"[1, 3]","[5739, 603]"
1085,3,288,1178,0.0009107923428458512,5.600000000027458e-07,2,"[1, 3]","[5579, 625]"
1086,3,288,1178,0.0009118123428458562,1.0200000000050013e-06,2,"[1, 3]","[5610, 596]"
1087,3,288,1179,0.0009100607743269712,0.0009100607743269712,2,"[1, 3]","[6302, 56]"
1088,3,288,1179,0.0009105707743269737,5.100000000025006e-07,2,"[1, 3]","[6180, 78]"
1089,3,288,1179,0.0009111807743269767,6.10000000002991e-07,2,"[1, 3]","[6088, 67]"
1090,3,288,1180,0.0009099288653902276,0.0009099288653902276,2,"[1, 2]","[6295, 1]"
1091,3,288,1180,0.00091040886539023,4.800000000023535e-07,3,"[1, 2, 3]","[6271, 1, 1]"
1092,3,288,1180,0.0009109288653902325,5.200000000025497e-07,1,[1],[6239]
1093,3,288,1181,0.0009097909733826495,0.0009097909733826495,2,"[1, 2]","[6166, 163]"
1094,3,288,1181,0.0009102209733826516,4.300000000021084e-07,2,"[1, 2]","[6038, 136]"
1095,3,288,1181,0.0009106209733826536,4.000000000019613e-07,2,"[1, 2]","[6233, 127]"
1096,3,288,1181,0.0009112309733826566,6.10000000002991e-07,2,"[1, 2]","[6055, 110]"
1097,3,288,1182,0.000909637524392176,0.000909637524392176,2,"[1, 2]","[5482, 834]"
1098,3,288,1182,0.0009100275243921779,3.9000000000191225e-07,2,"[1, 2]","[5604, 754]"
1099,3,288,1182,0.0009103575243921795,3.3000000000161806e-07,2,"[1, 2]","[5549, 705]"
1100,3,288,1182,0.0009107075243921812,3.500000000017161e-07,2,"[1, 2]","[5454, 717]"
1101,3,288,1182,0.0009113175243921842,6.10000000002991e-07,2,"[1, 2]","[5439, 730]"
1102,3,288,1183,0.0009096337605833356,0.0009096337605833356,2,"[1, 2]","[6235, 75]"
1103,3,288,1183,0.0009100137605833375,3.800000000018632e-07,2,"[1, 2]","[6124, 78]"
1104,3,288,1183,0.0009103537605833392,3.400000000016671e-07,2,"[1, 2]","[6253, 85]"
1105,3,288,1183,0.000910723760583341,3.700000000018142e-07,2,"[1, 2]","[6208, 77]"
1106,3,288,1183,0.0009114237605833444,7.000000000034323e-07,2,"[1, 2]","[6083, 62]"
1107,3,288,1184,0.0009096193673402682,0.0009096193673402682,1,[1],[6305]
1108,3,288,1184,0.0009100093673402701,3.9000000000191225e-07,1,[1],[6374]
1109,3,288,1184,0.0009103293673402717,3.2000000000156903e-07,1,[1],[6129]
1110,3,288,1184,0.0009106893673402734,3.6000000000176516e-07,1,[1],[6204]
1111,3,288,1184,0.0009113293673402766,6.400000000031381e-07,1,[1],[6270]
1112,3,288,1185,0.0009096487204537798,0.0009096487204537798,1,[1],[6318]
1113,3,288,1185,0.0009100387204537818,3.9000000000191225e-07,1,[1],[6221]
1114,3,288,1185,0.0009103887204537835,3.500000000017161e-07,1,[1],[6279]
1115,3,288,1185,0.0009107887204537854,4.000000000019613e-07,1,[1],[6204]
1116,3,288,1186,0.0009096255623452929,0.0009096255623452929,1,[1],[6266]
1117,3,288,1186,0.0009100255623452949,4.000000000019613e-07,1,[1],[6378]
1118,3,288,1186,0.0009103555623452965,3.3000000000161806e-07,1,[1],[6112]
1119,3,288,1186,0.0009107455623452984,3.9000000000191225e-07,1,[1],[6266]
1120,3,288,1186,0.000911695562345303,9.500000000046581e-07,1,[1],[6237]
1121,3,288,1187,0.0009096232143134923,0.0009096232143134923,1,[1],[6302]
1122,3,288,1187,0.0009100232143134943,4.000000000019613e-07,1,[1],[6227]
1123,3,288,1187,0.0009103832143134961,3.6000000000176516e-07,1,[1],[6396]
1124,3,288,1187,0.000910783214313498,4.000000000019613e-07,1,[1],[6104]
1125,3,288,1188,0.0009100186614268589,0.0009100186614268589,1,[1],[6275]
1126,3,288,1188,0.0009107486614268625,7.300000000035793e-07,1,[1],[6228]
