,event,pixel_x,pixel_y,reset_time,TSLR,nMCParticles,MC_TrackIDs,MC_Weights
0,85,273,1302,0.0013059848389453445,0.0013059848389453445,2,"[143, 157]","[5919, 379]"
1,85,273,1302,0.0013070248389453383,1.0399999999938236e-06,1,[143],[6232]
2,85,273,1303,0.0013066237212202654,0.0013066237212202654,3,"[143, 145, 157]","[6163, 2, 95]"
3,85,274,1302,0.0013036223453068152,0.0013036223453068152,2,"[143, 157]","[4062, 2196]"
4,85,274,1302,0.0013045923453068094,9.699999999942394e-07,2,"[143, 157]","[5301, 959]"
5,85,274,1302,0.001305512345306804,9.199999999945363e-07,2,"[143, 157]","[6097, 167]"
6,85,274,1302,0.0013064123453067986,8.999999999946551e-07,2,"[143, 157]","[6268, 9]"
7,85,274,1303,0.0013052273563423616,0.0013052273563423616,3,"[143, 145, 157]","[5362, 3, 889]"
8,85,274,1303,0.0013067473563423526,1.519999999990973e-06,3,"[143, 145, 157]","[6216, 43, 3]"
9,85,276,1261,0.0011753258438886433,0.0011753258438886433,1,[101],[6258]
10,85,286,1154,0.0009127044355984465,0.0009127044355984465,2,"[1, 4]","[5851, 499]"
11,85,286,1154,0.0009130444355984482,3.400000000016671e-07,2,"[1, 4]","[5717, 619]"
12,85,286,1154,0.0009132944355984494,2.500000000012258e-07,2,"[1, 4]","[5568, 737]"
13,85,286,1154,0.0009135144355984505,2.200000000010787e-07,2,"[1, 4]","[5207, 828]"
14,85,286,1154,0.0009137444355984516,2.3000000000112774e-07,2,"[1, 4]","[5298, 989]"
15,85,286,1154,0.0009140144355984529,2.7000000000132387e-07,2,"[1, 4]","[5155, 1196]"
16,85,286,1154,0.0009143844355984547,3.700000000018142e-07,2,"[1, 4]","[4564, 1536]"
17,85,286,1155,0.000912640834932334,0.000912640834932334,2,"[1, 4]","[6288, 87]"
18,85,286,1155,0.0009129708349323357,3.3000000000161806e-07,2,"[1, 4]","[6143, 108]"
19,85,286,1155,0.0009132208349323369,2.500000000012258e-07,2,"[1, 4]","[6038, 157]"
20,85,286,1155,0.000913450834932338,2.3000000000112774e-07,2,"[1, 4]","[6126, 256]"
21,85,286,1155,0.0009136808349323391,2.3000000000112774e-07,2,"[1, 4]","[5846, 414]"
22,85,286,1155,0.0009139408349323404,2.6000000000127484e-07,2,"[1, 4]","[5542, 585]"
23,85,286,1155,0.0009142908349323421,3.500000000017161e-07,2,"[1, 4]","[5128, 1032]"
24,85,286,1155,0.0009150208349323457,7.300000000035793e-07,2,"[1, 4]","[3649, 2659]"
25,85,286,1156,0.0009125303341487469,0.0009125303341487469,2,"[1, 4]","[6340, 2]"
26,85,286,1156,0.0009129003341487487,3.700000000018142e-07,2,"[1, 4]","[6210, 4]"
27,85,286,1156,0.0009132103341487502,3.1000000000152e-07,2,"[1, 4]","[6395, 3]"
28,85,286,1156,0.0009135103341487517,3.0000000000147097e-07,2,"[1, 4]","[6073, 3]"
29,85,286,1156,0.0009139103341487537,4.000000000019613e-07,2,"[1, 4]","[6221, 27]"
30,85,286,1156,0.0009153803341487609,1.4700000000072077e-06,2,"[1, 4]","[5242, 983]"
31,85,286,1157,0.0009123760149515581,0.0009123760149515581,1,[1],[6354]
32,85,286,1157,0.0009127960149515602,4.2000000000205935e-07,1,[1],[6250]
33,85,286,1157,0.000913166014951562,3.700000000018142e-07,2,"[1, 4]","[6244, 1]"
34,85,286,1157,0.0009136260149515642,4.600000000022555e-07,1,[1],[6157]
35,85,286,1158,0.0009123352691313731,0.0009123352691313731,1,[1],[6303]
36,85,286,1158,0.0009128152691313755,4.800000000023535e-07,1,[1],[6262]
37,85,286,1158,0.000913335269131378,5.200000000025497e-07,1,[1],[6211]
38,85,286,1159,0.0009124119671233237,0.0009124119671233237,1,[1],[6298]
39,85,286,1159,0.0009130319671233268,6.2000000000304e-07,1,[1],[6268]
40,85,286,1160,0.0009126507601850235,0.0009126507601850235,1,[1],[6313]
41,85,286,1161,0.0009131699232582132,0.0009131699232582132,1,[1],[6266]
42,85,287,1154,0.0009128206664001483,0.0009128206664001483,2,"[1, 4]","[5892, 482]"
43,85,287,1154,0.0009131906664001502,3.700000000018142e-07,2,"[1, 4]","[5492, 669]"
44,85,287,1154,0.0009134906664001516,3.0000000000147097e-07,2,"[1, 4]","[5321, 899]"
45,85,287,1154,0.0009137906664001531,3.0000000000147097e-07,2,"[1, 4]","[5218, 1091]"
46,85,287,1154,0.0009141506664001549,3.6000000000176516e-07,2,"[1, 4]","[4808, 1469]"
47,85,287,1154,0.0009148406664001582,6.900000000033832e-07,2,"[1, 4]","[3882, 2277]"
48,85,287,1155,0.0009126818774104523,0.0009126818774104523,2,"[1, 4]","[6203, 76]"
49,85,287,1155,0.000913031877410454,3.500000000017161e-07,2,"[1, 4]","[6129, 156]"
50,85,287,1155,0.0009133018774104553,2.7000000000132387e-07,2,"[1, 4]","[6033, 236]"
51,85,287,1155,0.0009135518774104565,2.500000000012258e-07,2,"[1, 4]","[5795, 382]"
52,85,287,1155,0.0009138218774104579,2.7000000000132387e-07,2,"[1, 4]","[5660, 685]"
53,85,287,1155,0.0009141418774104594,3.2000000000156903e-07,2,"[1, 4]","[5056, 1193]"
54,85,287,1155,0.0009145818774104616,4.400000000021574e-07,2,"[1, 4]","[3674, 2477]"
55,85,287,1155,0.000915271877410465,6.900000000033832e-07,2,"[1, 4]","[1335, 4936]"
56,85,287,1155,0.0009172918774104749,2.0200000000099045e-06,2,"[1, 4]","[97, 6130]"
57,85,287,1156,0.0009124847832520315,0.0009124847832520315,1,[1],[6353]
58,85,287,1156,0.0009128447832520332,3.6000000000176516e-07,2,"[1, 4]","[6247, 1]"
59,85,287,1156,0.0009131347832520346,2.9000000000142193e-07,2,"[1, 4]","[6396, 3]"
60,85,287,1156,0.000913404783252036,2.7000000000132387e-07,2,"[1, 4]","[6014, 8]"
61,85,287,1156,0.0009137347832520376,3.3000000000161806e-07,2,"[1, 4]","[6354, 42]"
62,85,287,1156,0.0009142747832520402,5.400000000026477e-07,2,"[1, 4]","[5883, 258]"
63,85,287,1156,0.0009155347832520464,1.260000000006178e-06,2,"[1, 4]","[2066, 4137]"
64,85,287,1156,0.0009163047832520502,7.700000000037755e-07,2,"[1, 4]","[10, 6279]"
65,85,287,1156,0.0009171547832520544,8.500000000041677e-07,1,[4],[6244]
66,85,287,1157,0.000912207195786894,0.000912207195786894,1,[1],[6320]
67,85,287,1157,0.0009125671957868958,3.6000000000176516e-07,1,[1],[6376]
68,85,287,1157,0.0009128371957868971,2.7000000000132387e-07,1,[1],[6078]
69,85,287,1157,0.0009131071957868984,2.7000000000132387e-07,1,[1],[6375]
70,85,287,1157,0.0009133971957868999,2.9000000000142193e-07,1,[1],[6135]
71,85,287,1157,0.0009138571957869021,4.600000000022555e-07,2,"[1, 4]","[6275, 1]"
72,85,287,1157,0.0009164671957869149,2.6100000000127974e-06,2,"[1, 4]","[3348, 2843]"
73,85,287,1157,0.0009173671957869193,9.000000000044129e-07,1,[4],[6316]
74,85,287,1157,0.0009182171957869235,8.500000000041677e-07,1,[4],[6186]
75,85,287,1158,0.0009120263634706826,0.0009120263634706826,1,[1],[6252]
76,85,287,1158,0.0009123763634706843,3.500000000017161e-07,1,[1],[6282]
77,85,287,1158,0.0009126463634706857,2.7000000000132387e-07,1,[1],[6408]
78,85,287,1158,0.0009128863634706868,2.4000000000117677e-07,1,[1],[6107]
79,85,287,1158,0.0009131663634706882,2.800000000013729e-07,1,[1],[6332]
80,85,287,1158,0.00091352636347069,3.6000000000176516e-07,1,[1],[6183]
81,85,287,1158,0.0009172463634707082,3.72000000001824e-06,2,"[1, 4]","[5263, 924]"
82,85,287,1158,0.0009186163634707149,1.3700000000067174e-06,1,[4],[6310]
83,85,287,1158,0.0009200063634707217,1.3900000000068155e-06,1,[4],[6191]
84,85,287,1159,0.0009119328360054788,0.0009119328360054788,1,[1],[6256]
85,85,287,1159,0.0009122828360054805,3.500000000017161e-07,1,[1],[6344]
86,85,287,1159,0.0009125428360054818,2.6000000000127484e-07,1,[1],[6284]
87,85,287,1159,0.0009127828360054829,2.4000000000117677e-07,1,[1],[6187]
88,85,287,1159,0.0009130428360054842,2.6000000000127484e-07,1,[1],[6387]
89,85,287,1159,0.0009133728360054858,3.3000000000161806e-07,1,[1],[6087]
90,85,287,1159,0.0009142528360054902,8.800000000043148e-07,1,[1],[6207]
91,85,287,1159,0.0009202528360055196,6.000000000029419e-06,2,"[1, 4]","[437, 5819]"
92,85,287,1160,0.0009118716199260525,0.0009118716199260525,1,[1],[6282]
93,85,287,1160,0.0009122116199260542,3.400000000016671e-07,1,[1],[6354]
94,85,287,1160,0.0009124616199260554,2.500000000012258e-07,1,[1],[6151]
95,85,287,1160,0.0009126916199260565,2.3000000000112774e-07,1,[1],[6266]
96,85,287,1160,0.0009129416199260578,2.500000000012258e-07,1,[1],[6356]
97,85,287,1160,0.0009132416199260592,3.0000000000147097e-07,1,[1],[6096]
98,85,287,1160,0.000913811619926062,5.700000000027948e-07,1,[1],[6270]
99,85,287,1161,0.0009118038065116384,0.0009118038065116384,1,[1],[6380]
100,85,287,1161,0.00091212380651164,3.2000000000156903e-07,1,[1],[6181]
101,85,287,1161,0.0009123738065116412,2.500000000012258e-07,1,[1],[6273]
102,85,287,1161,0.0009125938065116423,2.200000000010787e-07,1,[1],[6172]
103,85,287,1161,0.0009128238065116434,2.3000000000112774e-07,1,[1],[6329]
104,85,287,1161,0.0009130838065116447,2.6000000000127484e-07,1,[1],[6206]
105,85,287,1161,0.0009134838065116466,4.000000000019613e-07,1,[1],[6223]
106,85,287,1162,0.0009117127005866262,0.0009117127005866262,1,[1],[6253]
107,85,287,1162,0.0009120427005866278,3.3000000000161806e-07,1,[1],[6333]
108,85,287,1162,0.000912282700586629,2.4000000000117677e-07,1,[1],[6217]
109,85,287,1162,0.0009125127005866301,2.3000000000112774e-07,1,[1],[6495]
110,85,287,1162,0.0009127327005866312,2.200000000010787e-07,1,[1],[6109]
111,85,287,1162,0.0009129927005866325,2.6000000000127484e-07,1,[1],[6331]
112,85,287,1162,0.0009133527005866343,3.6000000000176516e-07,1,[1],[6055]
113,85,287,1163,0.0009116609206876612,0.0009116609206876612,1,[1],[6348]
114,85,287,1163,0.0009119909206876628,3.3000000000161806e-07,1,[1],[6195]
115,85,287,1163,0.0009122509206876641,2.6000000000127484e-07,1,[1],[6378]
116,85,287,1163,0.0009124909206876653,2.4000000000117677e-07,1,[1],[6285]
117,85,287,1163,0.0009127309206876665,2.4000000000117677e-07,1,[1],[6076]
118,85,287,1163,0.000913040920687668,3.1000000000152e-07,1,[1],[6295]
119,85,287,1163,0.000913650920687671,6.10000000002991e-07,1,[1],[6198]
120,85,287,1164,0.0009116145682372313,0.0009116145682372313,1,[1],[6389]
121,85,287,1164,0.000911964568237233,3.500000000017161e-07,1,[1],[6281]
122,85,287,1164,0.0009122345682372343,2.7000000000132387e-07,1,[1],[6254]
123,85,287,1164,0.0009124945682372356,2.6000000000127484e-07,1,[1],[6264]
124,85,287,1164,0.000912774568237237,2.800000000013729e-07,1,[1],[6154]
125,85,287,1164,0.0009131645682372389,3.9000000000191225e-07,1,[1],[6202]
126,85,287,1165,0.000911554996573509,0.000911554996573509,1,[1],[6311]
127,85,287,1165,0.0009119149965735108,3.6000000000176516e-07,1,[1],[6211]
128,85,287,1165,0.0009122049965735122,2.9000000000142193e-07,1,[1],[6463]
129,85,287,1165,0.0009124849965735136,2.800000000013729e-07,1,[1],[6097]
130,85,287,1165,0.0009128349965735153,3.500000000017161e-07,1,[1],[6273]
131,85,287,1165,0.0009136349965735192,8.000000000039226e-07,1,[1],[6167]
132,85,287,1166,0.0009115048999307285,0.0009115048999307285,1,[1],[6367]
133,85,287,1166,0.0009118848999307304,3.800000000018632e-07,1,[1],[6223]
134,85,287,1166,0.0009121948999307319,3.1000000000152e-07,1,[1],[6225]
135,85,287,1166,0.0009125348999307336,3.400000000016671e-07,1,[1],[6254]
136,85,287,1166,0.000913034899930736,5.000000000024516e-07,1,[1],[6243]
137,85,287,1167,0.0009114508141610859,0.0009114508141610859,1,[1],[6335]
138,85,287,1167,0.000911860814161088,4.100000000020103e-07,1,[1],[6169]
139,85,287,1167,0.0009122208141610897,3.6000000000176516e-07,1,[1],[6264]
140,85,287,1167,0.0009126708141610919,4.5000000000220645e-07,1,[1],[6239]
141,85,287,1168,0.0009114202868810001,0.0009114202868810001,1,[1],[6298]
142,85,287,1168,0.0009118802868810024,4.600000000022555e-07,1,[1],[6223]
143,85,287,1168,0.0009123402868810046,4.600000000022555e-07,1,[1],[6309]
144,85,287,1169,0.0009114165385635841,0.0009114165385635841,1,[1],[6274]
145,85,287,1169,0.0009119365385635866,5.200000000025497e-07,1,[1],[6254]
146,85,287,1169,0.0009126565385635902,7.200000000035303e-07,1,[1],[6239]
147,85,287,1170,0.0009114117529673161,0.0009114117529673161,1,[1],[6346]
148,85,287,1170,0.0009120217529673191,6.10000000002991e-07,1,[1],[6208]
149,85,287,1171,0.0009113955178321149,0.0009113955178321149,1,[1],[6327]
150,85,287,1171,0.0009121055178321184,7.100000000034813e-07,1,[1],[6219]
151,85,287,1172,0.0009113452055479102,0.0009113452055479102,1,[1],[6259]
152,85,287,1172,0.000912125205547914,7.800000000038245e-07,1,[1],[6252]
153,85,287,1173,0.0009112687439444516,0.0009112687439444516,1,[1],[6353]
154,85,287,1173,0.0009120387439444554,7.700000000037755e-07,1,[1],[6151]
155,85,287,1174,0.0009112033804566039,0.0009112033804566039,1,[1],[6301]
156,85,287,1174,0.0009120833804566082,8.800000000043148e-07,1,[1],[6222]
157,85,287,1175,0.0009111888730673435,0.0009111888730673435,1,[1],[6304]
158,85,287,1176,0.0009111807275250176,0.0009111807275250176,1,[1],[6300]
159,85,287,1177,0.0009112111785524672,0.0009112111785524672,1,[1],[6318]
160,85,287,1178,0.0009111757706506252,0.0009111757706506252,2,"[1, 2]","[6263, 2]"
161,85,287,1179,0.0009111647475250122,0.0009111647475250122,2,"[1, 2]","[5916, 342]"
162,85,287,1180,0.0009112164634655,0.0009112164634655,2,"[1, 2]","[5793, 475]"
163,85,288,1158,0.0009188816366930679,0.0009188816366930679,2,"[1, 4]","[921, 5345]"
164,85,288,1159,0.0009195683006101723,0.0009195683006101723,2,"[1, 4]","[1501, 4784]"
165,85,288,1159,0.0009204583006101767,8.900000000043639e-07,1,[4],[6247]
166,85,288,1160,0.000920487897181843,0.000920487897181843,2,"[1, 4]","[2608, 3711]"
167,85,288,1160,0.000921297897181847,8.100000000039716e-07,1,[4],[6239]
168,85,288,1160,0.000922107897181851,8.100000000039716e-07,1,[4],[6217]
169,85,288,1161,0.0009212602609693431,0.0009212602609693431,3,"[1, 4, 5]","[4619, 1623, 11]"
170,85,288,1161,0.0009223002609693482,1.0400000000050993e-06,3,"[4, 5, 6]","[5964, 346, 2]"
171,85,288,1161,0.0009229902609693515,6.900000000033832e-07,3,"[4, 5, 6]","[5158, 1088, 13]"
172,85,288,1161,0.0009239902609693564,1.0000000000049032e-06,3,"[4, 5, 6]","[4136, 1956, 103]"
173,85,288,1162,0.0009133682926611133,0.0009133682926611133,1,[1],[6267]
174,85,288,1162,0.0009231882926611615,9.82000000004815e-06,4,"[1, 4, 5, 6]","[666, 3896, 1201, 532]"
175,85,288,1162,0.000923898292661165,7.100000000034813e-07,3,"[4, 5, 6]","[4151, 865, 1190]"
176,85,288,1162,0.0009249082926611699,1.0100000000049522e-06,3,"[4, 5, 6]","[4391, 392, 1466]"
177,85,288,1163,0.0009127328419544177,0.0009127328419544177,1,[1],[6261]
178,85,288,1163,0.0009244428419544751,1.1710000000057417e-05,4,"[1, 4, 5, 6]","[2768, 2860, 12, 617]"
179,85,288,1164,0.0009123649038377961,0.0009123649038377961,1,[1],[6295]
180,85,288,1164,0.0009251749038378589,1.281000000006281e-05,2,"[1, 4]","[5428, 779]"
181,85,288,1165,0.000912061038077187,0.000912061038077187,1,[1],[6276]
182,85,288,1165,0.000912881038077191,8.200000000040206e-07,1,[1],[6275]
183,85,288,1166,0.0009118424665228174,0.0009118424665228174,1,[1],[6337]
184,85,288,1166,0.0009124424665228203,6.000000000029419e-07,1,[1],[6246]
185,85,288,1167,0.0009116229684694339,0.0009116229684694339,1,[1],[6266]
186,85,288,1167,0.0009121429684694365,5.200000000025497e-07,1,[1],[6338]
187,85,288,1167,0.0009127729684694396,6.30000000003089e-07,1,[1],[6184]
188,85,288,1168,0.0009114288953542099,0.0009114288953542099,1,[1],[6363]
189,85,288,1168,0.0009118888953542121,4.600000000022555e-07,1,[1],[6196]
190,85,288,1168,0.0009123688953542145,4.800000000023535e-07,1,[1],[6236]
191,85,288,1169,0.0009112796333812183,0.0009112796333812183,1,[1],[6331]
192,85,288,1169,0.0009117196333812205,4.400000000021574e-07,1,[1],[6201]
193,85,288,1169,0.0009121696333812227,4.5000000000220645e-07,1,[1],[6331]
194,85,288,1169,0.0009129796333812267,8.100000000039716e-07,1,[1],[6160]
195,85,288,1170,0.0009111686767040167,0.0009111686767040167,1,[1],[6374]
196,85,288,1170,0.0009115886767040187,4.2000000000205935e-07,1,[1],[6158]
197,85,288,1170,0.0009119886767040207,4.000000000019613e-07,1,[1],[6280]
198,85,288,1170,0.0009125786767040236,5.900000000028929e-07,1,[1],[6193]
199,85,288,1171,0.0009110518461050922,0.0009110518461050922,1,[1],[6257]
200,85,288,1171,0.0009114818461050943,4.300000000021084e-07,1,[1],[6397]
201,85,288,1171,0.0009118618461050962,3.800000000018632e-07,1,[1],[6219]
202,85,288,1171,0.0009123818461050987,5.200000000025497e-07,1,[1],[6197]
203,85,288,1172,0.0009109421680093958,0.0009109421680093958,1,[1],[6253]
204,85,288,1172,0.0009113621680093978,4.2000000000205935e-07,1,[1],[6341]
205,85,288,1172,0.0009117221680093996,3.6000000000176516e-07,1,[1],[6218]
206,85,288,1172,0.0009121621680094017,4.400000000021574e-07,1,[1],[6192]
207,85,288,1173,0.0009108060484816992,0.0009108060484816992,1,[1],[6303]
208,85,288,1173,0.0009111960484817012,3.9000000000191225e-07,1,[1],[6335]
209,85,288,1173,0.0009115260484817028,3.3000000000161806e-07,1,[1],[6276]
210,85,288,1173,0.0009118860484817045,3.6000000000176516e-07,1,[1],[6130]
211,85,288,1173,0.0009125360484817077,6.500000000031871e-07,1,[1],[6221]
212,85,288,1174,0.0009106940561605407,0.0009106940561605407,1,[1],[6376]
213,85,288,1174,0.0009110740561605426,3.800000000018632e-07,1,[1],[6229]
214,85,288,1174,0.0009113940561605441,3.2000000000156903e-07,1,[1],[6312]
215,85,288,1174,0.0009117240561605458,3.3000000000161806e-07,1,[1],[6093]
216,85,288,1174,0.0009122840561605485,5.600000000027458e-07,1,[1],[6316]
217,85,288,1175,0.0009105916456424223,0.0009105916456424223,1,[1],[6260]
218,85,288,1175,0.0009109816456424242,3.9000000000191225e-07,1,[1],[6251]
219,85,288,1175,0.0009113116456424259,3.3000000000161806e-07,1,[1],[6366]
220,85,288,1175,0.0009116716456424276,3.6000000000176516e-07,1,[1],[6174]
221,85,288,1175,0.0009122916456424307,6.2000000000304e-07,1,[1],[6202]
222,85,288,1176,0.0009104845436695994,0.0009104845436695994,1,[1],[6382]
223,85,288,1176,0.0009108645436696013,3.800000000018632e-07,1,[1],[6175]
224,85,288,1176,0.0009111845436696028,3.2000000000156903e-07,1,[1],[6271]
225,85,288,1176,0.0009115245436696045,3.400000000016671e-07,1,[1],[6223]
226,85,288,1176,0.0009120745436696072,5.500000000026968e-07,1,[1],[6246]
227,85,288,1177,0.0009103652542869476,0.0009103652542869476,1,[1],[6250]
228,85,288,1177,0.0009107652542869496,4.000000000019613e-07,1,[1],[6455]
229,85,288,1177,0.0009110852542869512,3.2000000000156903e-07,1,[1],[6182]
230,85,288,1177,0.0009114352542869529,3.500000000017161e-07,1,[1],[6243]
231,85,288,1177,0.0009120552542869559,6.2000000000304e-07,1,[1],[6173]
232,85,288,1178,0.0009102150486286893,0.0009102150486286893,2,"[1, 2]","[6315, 5]"
233,85,288,1178,0.0009106050486286912,3.9000000000191225e-07,2,"[1, 2]","[6386, 4]"
234,85,288,1178,0.0009109150486286927,3.1000000000152e-07,2,"[1, 2]","[6134, 3]"
235,85,288,1178,0.0009112450486286944,3.3000000000161806e-07,2,"[1, 2]","[6196, 1]"
236,85,288,1178,0.000911775048628697,5.300000000025987e-07,2,"[1, 2]","[6240, 1]"
237,85,288,1179,0.000910034538666495,0.000910034538666495,2,"[1, 2]","[5962, 386]"
238,85,288,1179,0.0009104045386664968,3.700000000018142e-07,2,"[1, 2]","[5936, 368]"
239,85,288,1179,0.0009107045386664983,3.0000000000147097e-07,2,"[1, 2]","[5940, 354]"
240,85,288,1179,0.0009110045386664997,3.0000000000147097e-07,2,"[1, 2]","[5801, 312]"
241,85,288,1179,0.0009113945386665016,3.9000000000191225e-07,2,"[1, 2]","[5917, 309]"
242,85,288,1180,0.0009099152708708931,0.0009099152708708931,2,"[1, 2]","[5898, 439]"
243,85,288,1180,0.0009102752708708948,3.6000000000176516e-07,2,"[1, 2]","[5833, 450]"
244,85,288,1180,0.0009105652708708962,2.9000000000142193e-07,2,"[1, 2]","[5871, 425]"
245,85,288,1180,0.0009108552708708977,2.9000000000142193e-07,2,"[1, 2]","[5782, 496]"
246,85,288,1180,0.0009112152708708994,3.6000000000176516e-07,2,"[1, 2]","[5629, 508]"
247,85,288,1180,0.0009123052708709048,1.0900000000053445e-06,2,"[1, 2]","[5660, 520]"
248,85,288,1181,0.0009098627582463244,0.0009098627582463244,2,"[1, 2]","[6299, 7]"
249,85,288,1181,0.0009102427582463263,3.800000000018632e-07,2,"[1, 2]","[6366, 12]"
250,85,288,1181,0.0009105527582463278,3.1000000000152e-07,2,"[1, 2]","[6116, 15]"
251,85,288,1181,0.0009108827582463295,3.3000000000161806e-07,2,"[1, 2]","[6219, 11]"
252,85,288,1181,0.0009113527582463318,4.700000000023045e-07,2,"[1, 2]","[6201, 10]"
253,85,288,1182,0.0009098130834515295,0.0009098130834515295,1,[1],[6343]
254,85,288,1182,0.0009101930834515314,3.800000000018632e-07,1,[1],[6165]
255,85,288,1182,0.000910523083451533,3.3000000000161806e-07,1,[1],[6351]
256,85,288,1182,0.0009108630834515347,3.400000000016671e-07,1,[1],[6143]
257,85,288,1182,0.0009114330834515375,5.700000000027948e-07,1,[1],[6323]
258,85,288,1183,0.0009097603216218035,0.0009097603216218035,1,[1],[6259]
259,85,288,1183,0.0009101403216218054,3.800000000018632e-07,1,[1],[6340]
260,85,288,1183,0.000910460321621807,3.2000000000156903e-07,1,[1],[6193]
261,85,288,1183,0.0009108003216218086,3.400000000016671e-07,1,[1],[6325]
262,85,288,1183,0.0009113403216218113,5.400000000026477e-07,1,[1],[6183]
263,85,288,1184,0.0009097118591072268,0.0009097118591072268,1,[1],[6326]
264,85,288,1184,0.0009100918591072286,3.800000000018632e-07,1,[1],[6334]
265,85,288,1184,0.0009104018591072302,3.1000000000152e-07,1,[1],[6136]
266,85,288,1184,0.0009107418591072318,3.400000000016671e-07,1,[1],[6207]
267,85,288,1184,0.0009112918591072345,5.500000000026968e-07,1,[1],[6249]
268,85,288,1185,0.0009096613094826916,0.0009096613094826916,1,[1],[6290]
269,85,288,1185,0.0009100513094826935,3.9000000000191225e-07,1,[1],[6316]
270,85,288,1185,0.0009103713094826951,3.2000000000156903e-07,1,[1],[6329]
271,85,288,1185,0.0009107013094826967,3.3000000000161806e-07,1,[1],[6080]
272,85,288,1185,0.0009112313094826993,5.300000000025987e-07,1,[1],[6251]
273,85,288,1186,0.0009096256733604185,0.0009096256733604185,1,[1],[6374]
274,85,288,1186,0.0009100156733604204,3.9000000000191225e-07,1,[1],[6297]
275,85,288,1186,0.0009103256733604219,3.1000000000152e-07,1,[1],[6084]
276,85,288,1186,0.0009106656733604236,3.400000000016671e-07,1,[1],[6290]
277,85,288,1186,0.0009111756733604261,5.100000000025006e-07,1,[1],[6257]
278,85,288,1187,0.0009096293660088543,0.0009096293660088543,1,[1],[6378]
279,85,288,1187,0.0009100093660088562,3.800000000018632e-07,1,[1],[6158]
280,85,288,1187,0.0009103293660088577,3.2000000000156903e-07,1,[1],[6298]
281,85,288,1187,0.0009106693660088594,3.400000000016671e-07,1,[1],[6250]
282,85,288,1187,0.0009112093660088621,5.400000000026477e-07,1,[1],[6169]
283,85,288,1188,0.0009099752484955695,0.0009099752484955695,1,[1],[6266]
284,85,288,1188,0.0009106252484955727,6.500000000031871e-07,1,[1],[6238]
285,85,289,1161,0.0009240689372348799,0.0009240689372348799,4,"[1, 4, 5, 6]","[1, 4972, 1144, 140]"
286,85,289,1162,0.0009236844121023993,0.0009236844121023993,4,"[1, 4, 5, 6]","[8, 4147, 637, 1461]"
287,85,289,1162,0.0009246544121024041,9.700000000047561e-07,3,"[4, 5, 6]","[4442, 182, 1667]"
288,85,289,1163,0.000924671483447414,0.000924671483447414,4,"[1, 4, 5, 6]","[12, 5558, 6, 720]"
289,85,289,1163,0.0009255014834474181,8.300000000040697e-07,2,"[4, 6]","[6154, 80]"
290,85,289,1164,0.000925756094482903,0.000925756094482903,2,"[1, 4]","[19, 6290]"
291,85,289,1164,0.0009264660944829064,7.100000000034813e-07,1,[4],[6206]
292,85,289,1164,0.0009274560944829113,9.900000000048542e-07,1,[4],[6270]
293,85,289,1165,0.0009269470459481586,0.0009269470459481586,2,"[1, 4]","[37, 6239]"
294,85,289,1165,0.0009276970459481623,7.500000000036774e-07,1,[4],[6224]
295,85,289,1165,0.0009289870459481686,1.2900000000063251e-06,1,[4],[6254]
296,85,289,1166,0.0009282958091073729,0.0009282958091073729,2,"[1, 4]","[76, 6178]"
297,85,289,1166,0.0009293658091073781,1.0700000000052464e-06,1,[4],[6284]
298,85,289,1167,0.0009300800015470858,0.0009300800015470858,2,"[1, 4]","[139, 6124]"
299,85,289,1300,0.0011935284257560705,0.0011935284257560705,2,"[125, 142]","[5692, 567]"
300,85,289,1300,0.0011950784257560613,1.5499999999907949e-06,2,"[125, 142]","[4956, 1286]"
301,85,289,1301,0.0011931498486517649,0.0011931498486517649,2,"[125, 142]","[6033, 273]"
302,85,289,1301,0.0011939398486517602,7.899999999953083e-07,2,"[125, 142]","[5626, 639]"
303,85,290,1166,0.0009288859270193618,0.0009288859270193618,1,[4],[6264]
304,85,290,1167,0.0009296019280701426,0.0009296019280701426,1,[4],[6310]
305,85,290,1167,0.0009304419280701467,8.400000000041187e-07,1,[4],[6211]
306,85,290,1168,0.0009305879325405385,0.0009305879325405385,1,[4],[6315]
307,85,290,1168,0.0009312879325405419,7.000000000034323e-07,1,[4],[6197]
308,85,290,1168,0.0009322979325405469,1.0100000000049522e-06,1,[4],[6254]
309,85,290,1169,0.0009317626737337512,0.0009317626737337512,1,[4],[6272]
310,85,290,1169,0.0009325026737337549,7.400000000036284e-07,1,[4],[6256]
311,85,290,1169,0.0009338526737337615,1.3500000000066193e-06,1,[4],[6231]
312,85,290,1170,0.0009331174960905044,0.0009331174960905044,1,[4],[6273]
313,85,290,1170,0.0009341974960905097,1.0800000000052955e-06,1,[4],[6253]
314,85,290,1171,0.0009349484887017996,0.0009349484887017996,2,"[4, 7]","[6277, 3]"
315,85,290,1300,0.0011938353108797782,0.0011938353108797782,2,"[125, 142]","[5796, 462]"
316,85,290,1301,0.0011910510330533895,0.0011910510330533895,1,[125],[6263]
317,85,290,1301,0.0011921910330533827,1.1399999999932298e-06,2,"[125, 142]","[6230, 10]"
318,85,290,1301,0.001193171033053377,9.7999999999418e-07,2,"[125, 142]","[6198, 118]"
319,85,290,1301,0.0011940210330533719,8.49999999994952e-07,2,"[125, 142]","[5883, 305]"
320,85,290,1302,0.0011948103742022067,0.0011948103742022067,2,"[125, 142]","[6237, 13]"
321,85,291,1170,0.0009336993282944792,0.0009336993282944792,1,[4],[6260]
322,85,291,1171,0.00093439341697598,0.00093439341697598,1,[4],[6307]
323,85,291,1171,0.0009352434169759842,8.500000000041677e-07,2,"[4, 7]","[6156, 40]"
324,85,291,1172,0.0009353408400356011,0.0009353408400356011,2,"[4, 7]","[5664, 628]"
325,85,291,1172,0.0009359208400356039,5.800000000028439e-07,2,"[4, 7]","[4630, 1663]"
326,85,291,1172,0.0009364308400356064,5.100000000025006e-07,2,"[4, 7]","[3733, 2470]"
327,85,291,1172,0.0009371208400356098,6.900000000033832e-07,2,"[4, 7]","[3172, 3071]"
328,85,291,1173,0.0009363740591570637,0.0009363740591570637,2,"[4, 7]","[5008, 1283]"
329,85,291,1173,0.0009370240591570669,6.500000000031871e-07,2,"[4, 7]","[5409, 856]"
330,85,291,1173,0.0009378840591570711,8.600000000042168e-07,2,"[4, 7]","[5817, 417]"
331,85,291,1174,0.0009377934872919304,0.0009377934872919304,2,"[4, 7]","[6296, 3]"
332,85,291,1174,0.0009388734872919357,1.0800000000052955e-06,1,[4],[6211]
333,85,291,1175,0.0009394558838014581,0.0009394558838014581,1,[4],[6279]
334,85,291,1301,0.0011907641217435995,0.0011907641217435995,1,[125],[6280]
335,85,292,1174,0.0009383578986788973,0.0009383578986788973,1,[4],[6268]
336,85,292,1175,0.000938951296143068,0.000938951296143068,1,[4],[6267]
337,85,292,1175,0.0009398312961430723,8.800000000043148e-07,1,[4],[6245]
338,85,292,1176,0.0009398309737210745,0.0009398309737210745,1,[4],[6258]
339,85,292,1176,0.000940550973721078,7.200000000035303e-07,1,[4],[6339]
340,85,292,1176,0.0009417509737210839,1.2000000000058839e-06,1,[4],[6153]
341,85,292,1177,0.0009409064672078898,0.0009409064672078898,1,[4],[6307]
342,85,292,1177,0.0009416264672078933,7.200000000035303e-07,1,[4],[6204]
343,85,292,1177,0.0009434964672079025,1.870000000009169e-06,1,[4],[6240]
344,85,292,1178,0.0009421596017071646,0.0009421596017071646,1,[4],[6288]
345,85,292,1178,0.0009432496017071699,1.0900000000053445e-06,1,[4],[6240]
346,85,292,1179,0.0009438400141463999,0.0009438400141463999,1,[4],[6278]
347,85,293,1178,0.0009427584052827336,0.0009427584052827336,1,[4],[6290]
348,85,293,1179,0.0009433319440531633,0.0009433319440531633,1,[4],[6273]
349,85,293,1179,0.0009442319440531677,9.000000000044129e-07,1,[4],[6246]
350,85,293,1180,0.0009442304848185627,0.0009442304848185627,1,[4],[6320]
351,85,293,1180,0.0009449504848185662,7.200000000035303e-07,1,[4],[6230]
352,85,293,1180,0.0009463104848185729,1.3600000000066684e-06,2,"[4, 8]","[6203, 1]"
353,85,293,1181,0.000945270535729566,0.000945270535729566,3,"[4, 8, 193]","[6215, 30, 6]"
354,85,293,1181,0.0009460105357295696,7.400000000036284e-07,3,"[4, 8, 193]","[6102, 171, 33]"
355,85,293,1181,0.000947120535729575,1.1100000000054426e-06,3,"[4, 8, 193]","[5389, 605, 213]"
356,85,293,1182,0.0009462493574427922,0.0009462493574427922,3,"[4, 8, 193]","[4088, 1618, 613]"
357,85,293,1182,0.0009467893574427948,5.400000000026477e-07,3,"[4, 8, 193]","[3297, 2232, 755]"
358,85,293,1182,0.0009472593574427971,4.700000000023045e-07,3,"[4, 8, 193]","[2823, 2655, 701]"
359,85,293,1182,0.0009478293574427999,5.700000000027948e-07,3,"[4, 8, 193]","[2450, 3275, 531]"
360,85,293,1182,0.0009490193574428058,1.1900000000058348e-06,3,"[4, 8, 193]","[1442, 4590, 186]"
361,85,293,1183,0.000947634108812109,0.000947634108812109,3,"[4, 8, 193]","[3550, 2408, 321]"
362,85,293,1183,0.0009487441088121144,1.1100000000054426e-06,3,"[4, 8, 193]","[3430, 2765, 35]"
363,85,294,1182,0.0009466249616373759,0.0009466249616373759,3,"[4, 8, 193]","[3657, 1905, 746]"
364,85,294,1182,0.000947254961637379,6.30000000003089e-07,3,"[4, 8, 193]","[3236, 2365, 617]"
365,85,294,1182,0.000947854961637382,6.000000000029419e-07,3,"[4, 8, 193]","[2719, 3209, 326]"
366,85,294,1182,0.0009485249616373852,6.700000000032852e-07,3,"[4, 8, 193]","[1520, 4621, 88]"
367,85,294,1183,0.0009474305070983183,0.0009474305070983183,3,"[4, 8, 193]","[4571, 1559, 191]"
368,85,294,1183,0.000947980507098321,5.500000000026968e-07,3,"[4, 8, 193]","[4280, 1884, 33]"
369,85,294,1183,0.0009484405070983232,4.600000000022555e-07,3,"[4, 8, 193]","[3893, 2371, 11]"
370,85,294,1183,0.0009489605070983258,5.200000000025497e-07,2,"[4, 8]","[3628, 2598]"
371,85,294,1184,0.0009486933999977936,0.0009486933999977936,3,"[4, 8, 193]","[6188, 68, 1]"
372,85,294,1184,0.0009493733999977969,6.800000000033342e-07,2,"[4, 8]","[6253, 33]"
373,85,294,1184,0.0009501633999978008,7.900000000038735e-07,2,"[4, 8]","[6235, 11]"
374,85,294,1185,0.0009499983208333808,0.0009499983208333808,1,[4],[6261]
375,85,294,1185,0.000950858320833385,8.600000000042168e-07,1,[4],[6298]
376,85,294,1186,0.000951717258278354,0.000951717258278354,2,"[4, 9]","[6249, 1]"
377,85,295,1185,0.0009508256444067078,0.0009508256444067078,1,[4],[6261]
378,85,295,1186,0.0009513706895256645,0.0009513706895256645,1,[4],[6262]
379,85,295,1186,0.0009521706895256685,8.000000000039226e-07,2,"[4, 9]","[6290, 7]"
380,85,295,1187,0.0009523015313664552,0.0009523015313664552,2,"[4, 9]","[5997, 272]"
381,85,295,1187,0.0009529215313664582,6.2000000000304e-07,2,"[4, 9]","[5428, 850]"
382,85,295,1187,0.0009535015313664611,5.800000000028439e-07,2,"[4, 9]","[4804, 1401]"
383,85,295,1187,0.0009550615313664687,1.560000000007649e-06,2,"[4, 9]","[4272, 1976]"
384,85,295,1188,0.0009534817289630094,0.0009534817289630094,2,"[4, 9]","[4902, 1382]"
385,85,295,1188,0.000954221728963013,7.400000000036284e-07,2,"[4, 9]","[5330, 895]"
386,85,295,1188,0.0009556017289630198,1.3800000000067664e-06,2,"[4, 9]","[5904, 340]"
387,85,295,1189,0.0009553791491042373,0.0009553791491042373,2,"[4, 9]","[6267, 11]"
388,85,296,1188,0.0009547827486714205,0.0009547827486714205,2,"[4, 9]","[5660, 603]"
389,85,296,1189,0.0009552230379407724,0.0009552230379407724,2,"[4, 9]","[6300, 3]"
390,85,296,1189,0.0009562530379407775,1.0300000000050503e-06,1,[4],[6202]
391,85,296,1190,0.0009561756295355559,0.0009561756295355559,1,[4],[6313]
392,85,296,1190,0.0009569156295355596,7.400000000036284e-07,1,[4],[6273]
393,85,296,1190,0.0009580956295355653,1.1800000000057858e-06,1,[4],[6169]
394,85,296,1191,0.000957384623296303,0.000957384623296303,1,[4],[6304]
395,85,296,1191,0.000958214623296307,8.300000000040697e-07,1,[4],[6219]
396,85,296,1192,0.0009589456355846524,0.0009589456355846524,1,[4],[6253]
397,85,297,1191,0.0009593431803195599,0.0009593431803195599,1,[4],[6262]
398,85,297,1192,0.000959112074886919,0.000959112074886919,1,[4],[6267]
399,85,297,1192,0.0009603920748869252,1.2800000000062761e-06,1,[4],[6246]
400,85,297,1193,0.0009599763833627667,0.0009599763833627667,1,[4],[6313]
401,85,297,1193,0.0009607563833627706,7.800000000038245e-07,1,[4],[6237]
402,85,297,1193,0.0009624263833627788,1.6700000000081884e-06,1,[4],[6201]
403,85,297,1194,0.0009611226164777473,0.0009611226164777473,1,[4],[6250]
404,85,297,1194,0.0009619026164777512,7.800000000038245e-07,1,[4],[6279]
405,85,297,1194,0.000963502616477759,1.6000000000078451e-06,1,[4],[6226]
406,85,297,1195,0.0009626124823937214,0.0009626124823937214,1,[4],[6273]
407,85,297,1195,0.0009640624823937285,1.4500000000071097e-06,1,[4],[6233]
408,85,297,1196,0.0009655251079496021,0.0009655251079496021,1,[4],[6252]
409,85,298,1195,0.000963019956733076,0.000963019956733076,1,[4],[6272]
410,85,298,1196,0.0009638192265587517,0.0009638192265587517,1,[4],[6255]
411,85,298,1196,0.0009647292265587561,9.100000000044619e-07,1,[4],[6246]
412,85,298,1197,0.0009648950793883375,0.0009648950793883375,1,[4],[6287]
413,85,298,1197,0.0009656450793883412,7.500000000036774e-07,1,[4],[6263]
414,85,298,1197,0.0009667550793883466,1.1100000000054426e-06,1,[4],[6216]
415,85,298,1198,0.0009663078528343178,0.0009663078528343178,1,[4],[6263]
416,85,298,1198,0.0009673878528343231,1.0800000000052955e-06,1,[4],[6237]
417,85,298,1199,0.0009684965568092154,0.0009684965568092154,1,[4],[6251]
418,85,299,1198,0.0009669803044542493,0.0009669803044542493,1,[4],[6294]
419,85,299,1199,0.000967666190525894,0.000967666190525894,2,"[4, 10]","[6284, 1]"
420,85,299,1199,0.000968476190525898,8.100000000039716e-07,2,"[4, 10]","[6227, 2]"
421,85,299,1200,0.0009686848487299437,0.0009686848487299437,2,"[4, 10]","[5512, 790]"
422,85,299,1200,0.0009692648487299465,5.800000000028439e-07,2,"[4, 10]","[4719, 1548]"
423,85,299,1200,0.0009697948487299491,5.300000000025987e-07,2,"[4, 10]","[4294, 1989]"
424,85,299,1200,0.0009706448487299533,8.500000000041677e-07,2,"[4, 10]","[4112, 2036]"
425,85,299,1201,0.000969339262218308,0.000969339262218308,2,"[4, 10]","[1795, 4518]"
426,85,299,1201,0.0009699392622183109,6.000000000029419e-07,2,"[4, 10]","[2655, 3609]"
427,85,299,1201,0.000970569262218314,6.30000000003089e-07,2,"[4, 10]","[3893, 2336]"
428,85,299,1201,0.0009717292622183197,1.1600000000056877e-06,2,"[4, 10]","[5361, 855]"
429,85,299,1202,0.0009724390054742565,0.0009724390054742565,2,"[4, 10]","[5951, 308]"
430,85,300,1200,0.0009711169703073882,0.0009711169703073882,2,"[4, 10]","[4201, 2050]"
431,85,300,1201,0.0009702830068330659,0.0009702830068330659,2,"[4, 10]","[3198, 3052]"
432,85,300,1201,0.0009715130068330719,1.230000000006031e-06,2,"[4, 10]","[5801, 495]"
433,85,300,1202,0.000971555665047128,0.000971555665047128,2,"[4, 10]","[6196, 103]"
434,85,300,1202,0.0009723456650471318,7.900000000038735e-07,1,[4],[6236]
435,85,300,1202,0.0009740656650471403,1.7200000000084335e-06,1,[4],[6217]
436,85,300,1203,0.0009726722505441125,0.0009726722505441125,1,[4],[6273]
437,85,300,1203,0.0009734322505441163,7.600000000037264e-07,1,[4],[6262]
438,85,300,1203,0.0009745122505441216,1.0800000000052955e-06,1,[4],[6232]
439,85,300,1204,0.0009741942431354232,0.0009741942431354232,1,[4],[6263]
440,85,300,1204,0.0009755642431354299,1.3700000000067174e-06,1,[4],[6251]
441,85,301,1204,0.0009746330122342181,0.0009746330122342181,1,[4],[6283]
442,85,301,1204,0.000976233012234226,1.6000000000078451e-06,1,[4],[6229]
443,85,301,1205,0.0009754136437798794,0.0009754136437798794,1,[4],[6270]
444,85,301,1205,0.000976153643779883,7.400000000036284e-07,1,[4],[6236]
445,85,301,1205,0.0009773536437798803,1.1999999999973187e-06,1,[4],[6254]
446,85,301,1206,0.0009766182413790691,0.0009766182413790691,1,[4],[6283]
447,85,301,1206,0.0009773882413790646,7.699999999954271e-07,1,[4],[6235]
448,85,301,1206,0.000978828241379056,1.4399999999914481e-06,1,[4],[6251]
449,85,301,1207,0.0009782238557196556,0.0009782238557196556,1,[4],[6291]
450,85,302,1206,0.0009789760626308303,0.0009789760626308303,1,[4],[6252]
451,85,302,1207,0.0009784448961909539,0.0009784448961909539,1,[4],[6285]
452,85,302,1207,0.0009796848961909465,1.2399999999926359e-06,1,[4],[6215]
453,85,302,1208,0.0009793200763246743,0.0009793200763246743,1,[4],[6315]
454,85,302,1208,0.00098006007632467,7.399999999956053e-07,1,[4],[6213]
455,85,302,1208,0.0009811200763246636,1.0599999999937049e-06,1,[4],[6224]
456,85,302,1209,0.0009804742726311892,0.0009804742726311892,1,[4],[6277]
457,85,302,1209,0.0009812442726311846,7.699999999954271e-07,1,[4],[6234]
458,85,302,1209,0.0009824842726311772,1.2399999999926359e-06,1,[4],[6247]
459,85,302,1210,0.0009822305109449233,0.0009822305109449233,1,[4],[6259]
460,85,303,1209,0.000981841074715629,0.000981841074715629,1,[4],[6275]
461,85,303,1210,0.0009821196366677622,0.0009821196366677622,1,[4],[6288]
462,85,303,1210,0.0009829596366677572,8.399999999950114e-07,1,[4],[6218]
463,85,303,1211,0.0009831022278665,0.0009831022278665,2,"[4, 11]","[6224, 86]"
464,85,303,1211,0.000983772227866496,6.69999999996021e-07,2,"[4, 11]","[5818, 420]"
465,85,303,1211,0.000984462227866492,6.899999999959022e-07,2,"[4, 11]","[5375, 881]"
466,85,303,1212,0.0009843581117482208,0.0009843581117482208,2,"[4, 11]","[5006, 1261]"
467,85,303,1212,0.000985168111748216,8.099999999951896e-07,2,"[4, 11]","[5183, 1081]"
468,85,303,1213,0.0009869839495421173,0.0009869839495421173,2,"[4, 11]","[6220, 36]"
469,85,304,1212,0.0009853330706893898,0.0009853330706893898,2,"[4, 11]","[5523, 751]"
470,85,304,1213,0.0009860369026928116,0.0009860369026928116,2,"[4, 11]","[6261, 10]"
471,85,304,1213,0.0009868969026928065,8.599999999948926e-07,1,[4],[6262]
472,85,304,1214,0.0009871642896787537,0.0009871642896787537,2,"[4, 12]","[6252, 75]"
473,85,304,1214,0.0009878942896787493,7.299999999956647e-07,2,"[4, 12]","[5667, 555]"
474,85,304,1214,0.0009886642896787447,7.699999999954271e-07,2,"[4, 12]","[4837, 1413]"
475,85,304,1215,0.0009882778635609815,0.0009882778635609815,2,"[4, 12]","[4038, 2231]"
476,85,304,1215,0.0009889578635609774,6.799999999959616e-07,2,"[4, 12]","[3871, 2417]"
477,85,304,1215,0.0009899278635609717,9.699999999942394e-07,2,"[4, 12]","[4336, 1887]"
478,85,305,1214,0.0009887350618764995,0.0009887350618764995,2,"[4, 12]","[4373, 1890]"
479,85,305,1215,0.0009885352762247475,0.0009885352762247475,2,"[4, 12]","[3642, 2667]"
480,85,305,1215,0.0009891952762247436,6.599999999960804e-07,2,"[4, 12]","[4161, 2058]"
481,85,305,1215,0.0009900952762247383,8.999999999946551e-07,2,"[4, 12]","[5033, 1206]"
482,85,305,1216,0.0009896813797939808,0.0009896813797939808,2,"[4, 12]","[6142, 166]"
483,85,305,1216,0.0009903513797939769,6.69999999996021e-07,2,"[4, 12]","[6239, 14]"
484,85,305,1216,0.0009911113797939723,7.599999999954865e-07,1,[4],[6241]
485,85,305,1217,0.0009908743031612943,0.0009908743031612943,1,[4],[6305]
486,85,305,1217,0.00099161430316129,7.399999999956053e-07,1,[4],[6254]
487,85,305,1217,0.0009926943031612835,1.079999999993586e-06,2,"[4, 13]","[6195, 2]"
488,85,305,1218,0.0009924698059282126,0.0009924698059282126,3,"[4, 13, 14]","[5938, 290, 30]"
489,85,305,1218,0.0009939798059282036,1.5099999999910324e-06,3,"[4, 13, 14]","[4693, 1326, 229]"
490,85,305,1219,0.0009941970361058037,0.0009941970361058037,3,"[4, 13, 14]","[2849, 2904, 503]"
491,85,306,1217,0.0009921606743196663,0.0009921606743196663,2,"[4, 13]","[6265, 3]"
492,85,306,1218,0.000992351865516119,0.000992351865516119,3,"[4, 13, 14]","[5718, 476, 75]"
493,85,306,1218,0.0009930018655161152,6.499999999961398e-07,3,"[4, 13, 14]","[4908, 1108, 277]"
494,85,306,1218,0.0009936618655161113,6.599999999960804e-07,3,"[4, 13, 14]","[4262, 1362, 582]"
495,85,306,1219,0.0009929642944745893,0.0009929642944745893,3,"[4, 13, 14]","[3329, 2369, 665]"
496,85,306,1219,0.0009934742944745863,5.099999999969712e-07,3,"[4, 13, 14]","[3583, 1721, 894]"
497,85,306,1219,0.0009939342944745835,4.5999999999726815e-07,3,"[4, 13, 14]","[4160, 1202, 857]"
498,85,306,1219,0.0009944742944745803,5.39999999996793e-07,3,"[4, 13, 14]","[4852, 652, 717]"
499,85,306,1219,0.0009956542944745733,1.1799999999929922e-06,3,"[4, 13, 14]","[5678, 225, 348]"
500,85,306,1220,0.000994716018044813,0.000994716018044813,3,"[4, 13, 14]","[6047, 174, 112]"
501,85,306,1220,0.000995556018044808,8.399999999950114e-07,3,"[4, 13, 14]","[6163, 2, 2]"
502,85,306,1221,0.0009965792220325155,0.0009965792220325155,1,[4],[6278]
503,85,307,1220,0.0009956923340626634,0.0009956923340626634,3,"[4, 13, 14]","[6233, 7, 11]"
504,85,307,1221,0.0009963026778555997,0.0009963026778555997,1,[4],[6291]
505,85,307,1221,0.000997102677855595,7.99999999995249e-07,1,[4],[6234]
506,85,307,1221,0.0009986626778555857,1.5599999999907355e-06,1,[4],[6232]
507,85,307,1222,0.0009973543898476982,0.0009973543898476982,1,[4],[6288]
508,85,307,1222,0.000998054389847694,6.999999999958428e-07,1,[4],[6286]
509,85,307,1222,0.0009988543898476893,7.99999999995249e-07,1,[4],[6191]
510,85,307,1223,0.00099874113816086,0.00099874113816086,1,[4],[6255]
511,85,307,1223,0.0009996311381608547,8.899999999947145e-07,1,[4],[6268]
512,85,307,1224,0.0010008222874645584,0.0010008222874645584,1,[4],[6262]
513,85,308,1223,0.0009995663787802631,0.0009995663787802631,1,[4],[6290]
514,85,308,1224,0.0010002598337185413,0.0010002598337185413,1,[4],[6288]
515,85,308,1224,0.0010010698337185365,8.099999999951896e-07,1,[4],[6245]
516,85,308,1224,0.0010022798337185293,1.209999999992814e-06,1,[4],[6234]
517,85,308,1225,0.0010013449812068976,0.0010013449812068976,1,[4],[6277]
518,85,308,1225,0.0010020049812068936,6.599999999960804e-07,1,[4],[6276]
519,85,308,1225,0.0010026949812068895,6.899999999959022e-07,1,[4],[6227]
520,85,308,1226,0.0010028796296535905,0.0010028796296535905,2,"[4, 15]","[6278, 5]"
521,85,308,1226,0.0010037396296535854,8.599999999948926e-07,2,"[4, 15]","[6189, 68]"
522,85,308,1227,0.0010047944882665485,0.0010047944882665485,3,"[4, 15, 16]","[5339, 834, 93]"
523,85,309,1226,0.0010035617842632987,0.0010035617842632987,2,"[4, 15]","[6237, 76]"
524,85,309,1226,0.0010047017842632919,1.1399999999932298e-06,3,"[4, 15, 16]","[5686, 523, 4]"
525,85,309,1227,0.0010042514078507482,0.0010042514078507482,3,"[4, 15, 16]","[5266, 973, 88]"
526,85,309,1227,0.0010048714078507446,6.199999999963179e-07,3,"[4, 15, 16]","[4966, 912, 340]"
527,85,309,1227,0.001005461407850741,5.899999999964961e-07,3,"[4, 15, 16]","[5025, 608, 686]"
528,85,309,1227,0.0010063414078507358,8.799999999947739e-07,3,"[4, 15, 16]","[4879, 262, 1005]"
529,85,309,1228,0.0010053676207589775,0.0010053676207589775,3,"[4, 15, 16]","[4984, 144, 1144]"
530,85,309,1228,0.0010059876207589738,6.199999999963179e-07,3,"[4, 15, 16]","[5438, 13, 870]"
531,85,309,1228,0.0010065776207589703,5.899999999964961e-07,3,"[4, 15, 16]","[5633, 2, 555]"
532,85,309,1228,0.001007807620758963,1.2299999999926953e-06,3,"[4, 15, 16]","[6037, 1, 188]"
533,85,309,1229,0.0010069574326070408,0.0010069574326070408,2,"[4, 16]","[6241, 57]"
534,85,309,1229,0.0010079674326070349,1.0099999999940018e-06,1,[4],[6219]
535,85,310,1228,0.0010078567524152997,0.0010078567524152997,3,"[4, 15, 16]","[6025, 11, 220]"
536,85,310,1229,0.001007336156666406,0.001007336156666406,2,"[4, 16]","[6309, 2]"
537,85,310,1229,0.0010083261566664,9.899999999941206e-07,1,[4],[6203]
538,85,310,1230,0.0010080761119328069,0.0010080761119328069,1,[4],[6284]
539,85,310,1230,0.001008736111932803,6.599999999960804e-07,1,[4],[6261]
540,85,310,1230,0.0010094461119327987,7.099999999957834e-07,1,[4],[6214]
541,85,310,1231,0.0010092738914067026,0.0010092738914067026,1,[4],[6287]
542,85,310,1231,0.0010100038914066982,7.299999999956647e-07,1,[4],[6237]
543,85,310,1231,0.001011053891406692,1.0499999999937643e-06,1,[4],[6233]
544,85,310,1232,0.0010109574508594462,0.0010109574508594462,1,[4],[6250]
545,85,311,1231,0.0010104479267814923,0.0010104479267814923,1,[4],[6282]
546,85,311,1232,0.0010107792364697755,0.0010107792364697755,1,[4],[6272]
547,85,311,1232,0.001011529236469771,7.499999999955459e-07,1,[4],[6291]
548,85,311,1232,0.0010129292364697627,1.3999999999916857e-06,2,"[4, 17]","[6172, 17]"
549,85,311,1233,0.0010115640992921311,0.0010115640992921311,2,"[4, 17]","[6219, 100]"
550,85,311,1233,0.0010121540992921276,5.899999999964961e-07,2,"[4, 17]","[5900, 334]"
551,85,311,1233,0.0010127140992921243,5.599999999966743e-07,2,"[4, 17]","[5461, 744]"
552,85,311,1233,0.0010138340992921176,1.1199999999933485e-06,2,"[4, 17]","[4903, 1344]"
553,85,311,1234,0.0010126076914381927,0.0010126076914381927,2,"[4, 17]","[5137, 1175]"
554,85,311,1234,0.0010133476914381883,7.399999999956053e-07,2,"[4, 17]","[5024, 1185]"
555,85,312,1233,0.0010136940733020705,0.0010136940733020705,2,"[4, 17]","[5207, 1043]"
556,85,312,1234,0.0010130438386088826,0.0010130438386088826,2,"[4, 17]","[5544, 743]"
557,85,312,1234,0.0010139538386088772,9.099999999945957e-07,2,"[4, 17]","[5802, 454]"
558,85,312,1235,0.0010135940519428515,0.0010135940519428515,2,"[4, 17]","[6266, 20]"
559,85,312,1235,0.0010142240519428478,6.299999999962586e-07,2,"[4, 17]","[6285, 1]"
560,85,312,1235,0.001015014051942843,7.899999999953083e-07,1,[4],[6212]
561,85,312,1236,0.0010145127880799335,0.0010145127880799335,1,[4],[6291]
562,85,312,1236,0.001015282788079929,7.699999999954271e-07,1,[4],[6210]
563,85,312,1237,0.0010162252188126548,0.0010162252188126548,1,[4],[6262]
564,85,313,1236,0.001015294427991749,0.001015294427991749,1,[4],[6295]
565,85,313,1237,0.001015501455167793,0.001015501455167793,1,[4],[6306]
566,85,313,1237,0.0010162014551677889,6.999999999958428e-07,1,[4],[6275]
567,85,313,1237,0.0010174814551677813,1.2799999999923983e-06,1,[4],[6176]
568,85,313,1238,0.001016249421405503,0.001016249421405503,1,[4],[6323]
569,85,313,1238,0.0010169094214054991,6.599999999960804e-07,1,[4],[6212]
570,85,313,1238,0.0010179194214054931,1.0099999999940018e-06,1,[4],[6229]
571,85,313,1239,0.0010175944815866995,0.0010175944815866995,1,[4],[6260]
572,85,314,1238,0.0010175028098286403,0.0010175028098286403,1,[4],[6276]
573,85,314,1239,0.0010173554857579928,0.0010173554857579928,1,[4],[6311]
574,85,314,1239,0.0010180554857579887,6.999999999958428e-07,1,[4],[6193]
575,85,314,1239,0.0010198754857579778,1.8199999999891914e-06,1,[4],[6246]
576,85,314,1240,0.0010180052863102151,0.0010180052863102151,1,[4],[6340]
577,85,314,1240,0.0010186252863102114,6.199999999963179e-07,1,[4],[6186]
578,85,314,1240,0.0010194752863102064,8.49999999994952e-07,1,[4],[6271]
579,85,314,1241,0.0010191633701827373,0.0010191633701827373,1,[4],[6275]
580,85,314,1241,0.001021393370182724,2.2299999999867565e-06,1,[4],[6226]
581,85,315,1240,0.001019881576667392,0.001019881576667392,1,[4],[6257]
582,85,315,1241,0.0010191932049706152,0.0010191932049706152,1,[4],[6332]
583,85,315,1241,0.0010199232049706109,7.299999999956647e-07,1,[4],[6238]
584,85,315,1242,0.001019650050047032,0.001019650050047032,1,[4],[6279]
585,85,315,1242,0.0010202200500470287,5.699999999966149e-07,1,[4],[6282]
586,85,315,1242,0.001020830050047025,6.099999999963773e-07,1,[4],[6263]
587,85,315,1243,0.001020640090799695,0.001020640090799695,1,[4],[6300]
588,85,315,1243,0.0010215100907996898,8.699999999948332e-07,1,[4],[6237]
589,85,315,1269,0.0011013368169926652,0.0011013368169926652,7,"[28, 39, 40, 63, 64, 67, 68]","[3499, 1689, 883, 2, 1, 192, 3]"
590,85,315,1270,0.0011005202280167485,0.0011005202280167485,7,"[28, 39, 40, 63, 64, 67, 68]","[4000, 1342, 691, 15, 2, 202, 3]"
591,85,315,1270,0.0011011902280167445,6.69999999996021e-07,6,"[28, 39, 40, 63, 64, 67]","[5189, 338, 768, 10, 1, 11]"
592,85,315,1270,0.001101780228016741,5.899999999964961e-07,6,"[28, 39, 40, 63, 64, 67]","[5708, 118, 446, 12, 2, 2]"
593,85,315,1270,0.0011025202280167366,7.399999999956053e-07,5,"[28, 39, 40, 63, 64]","[5988, 20, 178, 10, 2]"
594,85,316,1243,0.0010209005095808057,0.0010209005095808057,1,[4],[6303]
595,85,316,1243,0.0010217405095808007,8.399999999950114e-07,1,[4],[6247]
596,85,316,1244,0.0010213240865345973,0.0010213240865345973,1,[4],[6278]
597,85,316,1244,0.001021894086534594,5.699999999966149e-07,1,[4],[6306]
598,85,316,1244,0.0010224940865345904,5.999999999964367e-07,1,[4],[6215]
599,85,316,1245,0.0010222944867001595,0.0010222944867001595,1,[4],[6309]
600,85,316,1245,0.0010230844867001548,7.899999999953083e-07,1,[4],[6245]
601,85,316,1269,0.0010998070043322131,0.0010998070043322131,5,"[28, 39, 40, 67, 68]","[4685, 1468, 128, 26, 1]"
602,85,316,1269,0.001100667004332208,8.599999999948926e-07,5,"[28, 39, 40, 63, 67]","[4010, 1552, 624, 2, 17]"
603,85,316,1270,0.0010997701420168023,0.0010997701420168023,6,"[28, 39, 40, 63, 67, 68]","[4603, 1346, 261, 1, 41, 1]"
604,85,316,1270,0.0011004401420167983,6.69999999996021e-07,5,"[28, 39, 40, 63, 67]","[4282, 1340, 683, 5, 11]"
605,85,316,1270,0.0011010801420167945,6.399999999961992e-07,6,"[28, 39, 40, 63, 64, 67]","[4358, 771, 1049, 9, 1, 1]"
606,85,316,1270,0.0011020901420167885,1.0099999999940018e-06,5,"[28, 39, 40, 63, 64]","[4850, 317, 1086, 12, 1]"
607,85,317,1245,0.001022615131766814,0.001022615131766814,1,[4],[6281]
608,85,317,1245,0.0010233351317668097,7.199999999957241e-07,1,[4],[6221]
609,85,317,1246,0.0010231311945506365,0.0010231311945506365,1,[4],[6293]
610,85,317,1246,0.0010236811945506332,5.499999999967337e-07,1,[4],[6207]
611,85,317,1246,0.00102423119455063,5.499999999967337e-07,1,[4],[6295]
612,85,317,1246,0.0010256011945506218,1.3699999999918638e-06,1,[4],[6213]
613,85,317,1247,0.0010243423110980923,0.0010243423110980923,1,[4],[6296]
614,85,317,1247,0.0010254823110980855,1.1399999999932298e-06,1,[4],[6216]
615,85,317,1269,0.0010991323826734167,0.0010991323826734167,2,"[28, 39]","[6234, 22]"
616,85,317,1269,0.0011001423826734107,1.0099999999940018e-06,3,"[28, 39, 40]","[6152, 88, 10]"
617,85,317,1270,0.0010998172808977433,0.0010998172808977433,3,"[28, 39, 40]","[6189, 70, 2]"
618,85,318,1246,0.0010252476784751493,0.0010252476784751493,1,[4],[6266]
619,85,318,1247,0.0010244479679181772,0.0010244479679181772,1,[4],[6280]
620,85,318,1247,0.001025137967918173,6.899999999959022e-07,1,[4],[6299]
621,85,318,1247,0.0010260279679181678,8.899999999947145e-07,1,[4],[6198]
622,85,318,1248,0.0010251732100663871,0.0010251732100663871,1,[4],[6297]
623,85,318,1248,0.0010257732100663836,5.999999999964367e-07,1,[4],[6245]
624,85,318,1248,0.0010264232100663797,6.499999999961398e-07,1,[4],[6224]
625,85,318,1249,0.0010268091244678655,0.0010268091244678655,1,[4],[6267]
626,85,318,1269,0.001098095039221,0.001098095039221,1,[28],[6277]
627,85,318,1269,0.0010988950392209953,7.99999999995249e-07,1,[28],[6224]
628,85,319,1248,0.0010263871942776262,0.0010263871942776262,1,[4],[6277]
629,85,319,1249,0.0010264896695793755,0.0010264896695793755,1,[4],[6300]
630,85,319,1249,0.001027089669579372,5.999999999964367e-07,1,[4],[6241]
631,85,319,1249,0.0010276996695793683,6.099999999963773e-07,1,[4],[6304]
632,85,319,1250,0.0010274543760204135,0.0010274543760204135,1,[4],[6276]
633,85,319,1250,0.0010280943760204097,6.399999999961992e-07,1,[4],[6307]
634,85,319,1250,0.0010287743760204057,6.799999999959616e-07,2,"[4, 18]","[6205, 3]"
635,85,319,1251,0.001029405263148681,0.001029405263148681,2,"[4, 18]","[6081, 190]"
636,85,319,1268,0.001094846235784216,0.001094846235784216,1,[28],[6284]
637,85,319,1268,0.0010961462357842082,1.2999999999922796e-06,1,[28],[6243]
638,85,319,1268,0.0010972662357842016,1.1199999999933485e-06,1,[28],[6258]
639,85,319,1269,0.0010972873857206613,0.0010972873857206613,1,[28],[6267]
640,85,319,1269,0.001098677385720653,1.389999999991745e-06,1,[28],[6239]
641,85,320,1250,0.001028280321477119,0.001028280321477119,2,"[4, 18]","[6304, 9]"
642,85,320,1250,0.0010293103214771128,1.029999999993883e-06,2,"[4, 18]","[6145, 72]"
643,85,320,1251,0.001028743402685738,0.001028743402685738,3,"[4, 18, 19]","[5930, 379, 2]"
644,85,320,1251,0.001029263402685735,5.199999999969118e-07,3,"[4, 18, 19]","[5389, 891, 21]"
645,85,320,1251,0.0010297034026857323,4.399999999973869e-07,3,"[4, 18, 19]","[4957, 1206, 47]"
646,85,320,1251,0.0010302034026857293,4.999999999970306e-07,3,"[4, 18, 19]","[4743, 1359, 127]"
647,85,320,1251,0.0010311734026857236,9.699999999942394e-07,3,"[4, 18, 19]","[4360, 1490, 351]"
648,85,320,1252,0.0010298712057729908,0.0010298712057729908,3,"[4, 18, 19]","[5110, 811, 392]"
649,85,320,1252,0.0010305312057729869,6.599999999960804e-07,3,"[4, 18, 19]","[4979, 481, 743]"
650,85,320,1252,0.0010313012057729823,7.699999999954271e-07,3,"[4, 18, 19]","[5060, 218, 1002]"
651,85,320,1267,0.001092387055423125,0.001092387055423125,1,[28],[6261]
652,85,320,1267,0.0010946570554231116,2.269999999986519e-06,1,[28],[6240]
653,85,320,1268,0.0010927122089502647,0.0010927122089502647,1,[28],[6250]
654,85,320,1268,0.001093832208950258,1.1199999999933485e-06,1,[28],[6291]
655,85,320,1268,0.0010951122089502504,1.2799999999923983e-06,1,[28],[6210]
656,85,320,1268,0.0010977422089502348,2.629999999984381e-06,1,[28],[6254]
657,85,321,1252,0.0010304892353364978,0.0010304892353364978,3,"[4, 18, 19]","[5099, 202, 970]"
658,85,321,1252,0.0010312192353364935,7.299999999956647e-07,3,"[4, 18, 19]","[5309, 47, 884]"
659,85,321,1252,0.0010323792353364866,1.159999999993111e-06,3,"[4, 18, 19]","[5759, 6, 482]"
660,85,321,1253,0.0010313165005720036,0.0010313165005720036,3,"[4, 18, 19]","[6104, 2, 153]"
661,85,321,1253,0.0010319665005719997,6.499999999961398e-07,2,"[4, 19]","[6324, 31]"
662,85,321,1253,0.0010326265005719958,6.599999999960804e-07,2,"[4, 19]","[6173, 3]"
663,85,321,1254,0.0010329903568411442,0.0010329903568411442,1,[4],[6269]
664,85,321,1267,0.001090111278817684,0.001090111278817684,1,[28],[6261]
665,85,321,1267,0.0010910812788176782,9.699999999942394e-07,1,[28],[6279]
666,85,321,1267,0.0010924412788176701,1.3599999999919232e-06,1,[28],[6229]
667,85,321,1268,0.001092240228291942,0.001092240228291942,1,[28],[6265]
668,85,322,1253,0.001032964622032509,0.001032964622032509,2,"[4, 19]","[6264, 5]"
669,85,322,1254,0.0010328453583017948,0.0010328453583017948,1,[4],[6342]
670,85,322,1254,0.0010334253583017914,5.799999999965555e-07,1,[4],[6228]
671,85,322,1254,0.001033975358301788,5.499999999967337e-07,1,[4],[6279]
672,85,322,1254,0.0010347353583017836,7.599999999954865e-07,1,[4],[6159]
673,85,322,1255,0.0010340772443719118,0.0010340772443719118,1,[4],[6266]
674,85,322,1255,0.0010349372443719067,8.599999999948926e-07,2,"[4, 20]","[6282, 4]"
675,85,322,1267,0.0010884774236596673,0.0010884774236596673,1,[28],[6304]
676,85,322,1267,0.0010894274236596616,9.499999999943581e-07,1,[28],[6209]
677,85,322,1267,0.0010914274236596497,1.9999999999881224e-06,1,[28],[6240]
678,85,323,1255,0.001034545859662555,0.001034545859662555,2,"[4, 20]","[6223, 52]"
679,85,323,1255,0.0010351758596625512,6.299999999962586e-07,2,"[4, 20]","[6014, 315]"
680,85,323,1255,0.001035715859662548,5.39999999996793e-07,2,"[4, 20]","[5620, 535]"
681,85,323,1255,0.0010364458596625436,7.299999999956647e-07,2,"[4, 20]","[5366, 904]"
682,85,323,1256,0.0010355009115769025,0.0010355009115769025,3,"[4, 20, 21]","[4729, 1528, 1]"
683,85,323,1256,0.0010361109115768988,6.099999999963773e-07,3,"[4, 20, 21]","[4564, 1697, 2]"
684,85,323,1256,0.0010367309115768952,6.199999999963179e-07,3,"[4, 20, 21]","[4835, 1415, 8]"
685,85,323,1256,0.0010382109115768864,1.4799999999912106e-06,4,"[4, 20, 21, 22]","[5385, 740, 88, 19]"
686,85,323,1267,0.0010869201350551232,0.0010869201350551232,2,"[28, 78]","[6292, 7]"
687,85,323,1267,0.0010879501350551171,1.029999999993883e-06,1,[28],[6216]
688,85,323,1268,0.0010898528869326422,0.0010898528869326422,2,"[28, 78]","[6246, 7]"
689,85,324,1255,0.0010376803221531464,0.0010376803221531464,4,"[4, 20, 21, 22]","[4900, 1336, 15, 3]"
690,85,324,1256,0.0010361620107952507,0.0010361620107952507,4,"[4, 20, 21, 22]","[4389, 1882, 33, 1]"
691,85,324,1256,0.0010367720107952471,6.099999999963773e-07,4,"[4, 20, 21, 22]","[5365, 710, 211, 22]"
692,85,324,1256,0.0010372720107952441,4.999999999970306e-07,4,"[4, 20, 21, 22]","[5310, 287, 479, 113]"
693,85,324,1256,0.0010377820107952411,5.099999999969712e-07,4,"[4, 20, 21, 22]","[5094, 89, 766, 249]"
694,85,324,1256,0.0010385120107952368,7.299999999956647e-07,4,"[4, 20, 21, 22]","[4667, 15, 954, 656]"
695,85,324,1257,0.0010374174772849437,0.0010374174772849437,4,"[4, 20, 21, 22]","[4727, 114, 1094, 398]"
696,85,324,1257,0.00103804747728494,6.299999999962586e-07,4,"[4, 20, 21, 22]","[4227, 4, 1093, 883]"
697,85,324,1257,0.0010386674772849362,6.199999999963179e-07,3,"[4, 21, 22]","[4306, 801, 1195]"
698,85,324,1267,0.0010853149022510915,0.0010853149022510915,3,"[28, 78, 79]","[6253, 67, 1]"
699,85,324,1267,0.0010864849022510846,1.1699999999930516e-06,2,"[28, 78]","[6153, 51]"
700,85,324,1268,0.0010855502909376707,0.0010855502909376707,3,"[28, 78, 79]","[6215, 71, 5]"
701,85,325,1256,0.001038708681838217,0.001038708681838217,4,"[4, 20, 21, 22]","[4349, 29, 1140, 750]"
702,85,325,1257,0.0010380056768807256,0.0010380056768807256,3,"[4, 21, 22]","[4553, 959, 762]"
703,85,325,1257,0.0010385656768807222,5.599999999966743e-07,3,"[4, 21, 22]","[5237, 376, 694]"
704,85,325,1257,0.0010390556768807193,4.8999999999709e-07,3,"[4, 21, 22]","[5629, 155, 512]"
705,85,325,1257,0.0010395956768807161,5.39999999996793e-07,3,"[4, 21, 22]","[5830, 48, 302]"
706,85,325,1257,0.0010407656768807092,1.1699999999930516e-06,4,"[4, 21, 22, 23]","[6084, 7, 105, 1]"
707,85,325,1258,0.0010394395086571336,0.0010394395086571336,4,"[4, 21, 22, 23]","[6164, 27, 80, 3]"
708,85,325,1258,0.0010403195086571284,8.799999999947739e-07,3,"[4, 22, 23]","[6190, 9, 28]"
709,85,325,1267,0.0010835635669433504,0.0010835635669433504,3,"[28, 78, 82]","[6249, 1, 2]"
710,85,325,1267,0.0010852435669433404,1.6799999999900228e-06,3,"[28, 78, 79]","[6237, 15, 2]"
711,85,325,1268,0.0010835419434260009,0.0010835419434260009,2,"[28, 78]","[6251, 1]"
712,85,325,1268,0.0010852519434259907,1.7099999999898446e-06,3,"[28, 78, 79]","[6247, 19, 2]"
713,85,326,1257,0.0010407513698337128,0.0010407513698337128,4,"[4, 21, 22, 23]","[6173, 7, 27, 56]"
714,85,326,1258,0.0010398398371788352,0.0010398398371788352,2,"[4, 23]","[6080, 209]"
715,85,326,1258,0.0010403598371788321,5.199999999969118e-07,2,"[4, 23]","[5678, 573]"
716,85,326,1258,0.0010407798371788297,4.199999999975057e-07,2,"[4, 23]","[5343, 873]"
717,85,326,1258,0.001041209837178827,4.299999999974463e-07,2,"[4, 23]","[5104, 1158]"
718,85,326,1258,0.0010417698371788238,5.599999999966743e-07,2,"[4, 23]","[4939, 1344]"
719,85,326,1259,0.001041041165993348,0.001041041165993348,2,"[4, 23]","[4972, 1319]"
720,85,326,1259,0.0010418411659933432,7.99999999995249e-07,2,"[4, 23]","[5195, 1048]"
721,85,326,1259,0.0010431211659933355,1.2799999999923983e-06,2,"[4, 23]","[5796, 426]"
722,85,326,1267,0.001081775689346798,0.001081775689346798,2,"[28, 82]","[6261, 26]"
723,85,326,1267,0.001083625689346787,1.8499999999890132e-06,3,"[28, 82, 83]","[6217, 5, 1]"
724,85,326,1268,0.0010816404230310965,0.0010816404230310965,3,"[28, 82, 83]","[6249, 36, 4]"
725,85,326,1268,0.0010831804230310874,1.5399999999908542e-06,2,"[28, 82]","[6210, 5]"
726,85,327,1258,0.0010417815677200917,0.0010417815677200917,2,"[4, 23]","[4740, 1545]"
727,85,327,1259,0.0010416676170477207,0.0010416676170477207,2,"[4, 23]","[5401, 852]"
728,85,327,1259,0.0010423076170477169,6.399999999961992e-07,2,"[4, 23]","[6153, 210]"
729,85,327,1259,0.0010428276170477138,5.199999999969118e-07,2,"[4, 23]","[6167, 49]"
730,85,327,1259,0.0010433976170477104,5.699999999966149e-07,2,"[4, 23]","[6167, 10]"
731,85,327,1259,0.001044457617047704,1.0599999999937049e-06,3,"[4, 23, 24]","[6251, 5, 6]"
732,85,327,1260,0.0010434439639001025,0.0010434439639001025,3,"[4, 23, 24]","[6242, 9, 4]"
733,85,327,1260,0.0010446939639000951,1.2499999999925765e-06,2,"[4, 24]","[6130, 125]"
734,85,327,1267,0.0010801987174526467,0.0010801987174526467,3,"[28, 82, 83]","[6247, 4, 1]"
735,85,327,1268,0.0010796934033251745,0.0010796934033251745,2,"[28, 82]","[6292, 1]"
736,85,327,1268,0.001081133403325166,1.4399999999914481e-06,3,"[28, 82, 83]","[6216, 18, 3]"
737,85,328,1259,0.0010440184687709186,0.0010440184687709186,3,"[4, 23, 24]","[6241, 6, 37]"
738,85,328,1260,0.0010438510059128671,0.0010438510059128671,2,"[4, 24]","[6130, 167]"
739,85,328,1260,0.0010444210059128638,5.699999999966149e-07,2,"[4, 24]","[5627, 588]"
740,85,328,1260,0.0010448610059128611,4.399999999973869e-07,3,"[4, 24, 25]","[5222, 1052, 3]"
741,85,328,1260,0.0010452710059128587,4.099999999975651e-07,3,"[4, 24, 25]","[4952, 1347, 5]"
742,85,328,1260,0.001045711005912856,4.399999999973869e-07,3,"[4, 24, 25]","[4782, 1401, 27]"
743,85,328,1260,0.0010463610059128522,6.499999999961398e-07,3,"[4, 24, 25]","[4895, 1259, 100]"
744,85,328,1261,0.0010458391519951634,0.0010458391519951634,3,"[4, 24, 25]","[5263, 933, 93]"
745,85,328,1261,0.001047419151995154,1.5799999999906167e-06,3,"[4, 24, 25]","[5378, 235, 612]"
746,85,328,1267,0.0010783740974176256,0.0010783740974176256,1,[28],[6274]
747,85,328,1268,0.0010777420375489308,0.0010777420375489308,1,[28],[6268]
748,85,328,1268,0.0010791220375489226,1.3799999999918044e-06,1,[28],[6259]
749,85,329,1260,0.001045613225597138,0.001045613225597138,3,"[4, 24, 25]","[5078, 1122, 115]"
750,85,329,1260,0.001046433225597133,8.199999999951302e-07,3,"[4, 24, 25]","[5416, 368, 423]"
751,85,329,1260,0.0010473432255971276,9.099999999945957e-07,3,"[4, 24, 25]","[5467, 71, 734]"
752,85,329,1261,0.0010460299276252197,0.0010460299276252197,3,"[4, 24, 25]","[5507, 288, 516]"
753,85,329,1261,0.0010465699276252165,5.39999999996793e-07,3,"[4, 24, 25]","[5497, 24, 689]"
754,85,329,1261,0.001046989927625214,4.199999999975057e-07,3,"[4, 24, 25]","[5623, 11, 612]"
755,85,329,1261,0.0010474099276252115,4.199999999975057e-07,2,"[4, 25]","[5786, 513]"
756,85,329,1261,0.0010478799276252087,4.6999999999720876e-07,2,"[4, 25]","[5907, 329]"
757,85,329,1261,0.0010486399276252042,7.599999999954865e-07,2,"[4, 25]","[6088, 135]"
758,85,329,1267,0.0010744140588295622,0.0010744140588295622,2,"[28, 168]","[6287, 3]"
759,85,329,1267,0.0010755940588295552,1.1799999999929922e-06,1,[28],[6238]
760,85,329,1267,0.0010772740588295452,1.6799999999900228e-06,2,"[28, 170]","[6234, 1]"
761,85,329,1268,0.0010768542919391477,0.0010768542919391477,1,[28],[6272]
762,85,330,1261,0.0010475083779118973,0.0010475083779118973,2,"[4, 25]","[6112, 142]"
763,85,330,1261,0.0010481783779118933,6.69999999996021e-07,2,"[4, 25]","[6334, 23]"
764,85,330,1261,0.00104873837791189,5.599999999966743e-07,2,"[4, 25]","[6172, 2]"
765,85,330,1261,0.0010493683779118862,6.299999999962586e-07,1,[4],[6292]
766,85,330,1261,0.0010504883779118796,1.1199999999933485e-06,1,[4],[6206]
767,85,330,1262,0.001048594061060555,0.001048594061060555,2,"[4, 25]","[6255, 10]"
768,85,330,1262,0.0010493440610605505,7.499999999955459e-07,1,[4],[6288]
769,85,330,1262,0.0010500340610605464,6.899999999959022e-07,1,[4],[6236]
770,85,330,1262,0.0010510440610605404,1.0099999999940018e-06,1,[4],[6239]
771,85,330,1266,0.0010697226791415901,0.0010697226791415901,2,"[28, 168]","[5557, 700]"
772,85,330,1266,0.0010708826791415832,1.159999999993111e-06,2,"[28, 168]","[5505, 751]"
773,85,330,1266,0.0010721326791415758,1.2499999999925765e-06,2,"[28, 168]","[6162, 102]"
774,85,330,1266,0.0010745726791415613,2.4399999999855093e-06,2,"[28, 168]","[6228, 2]"
775,85,330,1267,0.0010723160876370368,0.0010723160876370368,2,"[28, 168]","[6105, 149]"
776,85,330,1267,0.0010737260876370284,1.4099999999916263e-06,1,[28],[6296]
777,85,330,1267,0.001076166087637014,2.4399999999855093e-06,1,[28],[6209]
778,85,331,1261,0.0010504896698006483,0.0010504896698006483,1,[4],[6281]
779,85,331,1262,0.0010497791991864892,0.0010497791991864892,1,[4],[6337]
780,85,331,1262,0.0010503891991864855,6.099999999963773e-07,1,[4],[6311]
781,85,331,1262,0.0010508391991864829,4.4999999999732754e-07,1,[4],[6205]
782,85,331,1262,0.0010512591991864804,4.199999999975057e-07,1,[4],[6181]
783,85,331,1262,0.0010516891991864778,4.299999999974463e-07,1,[4],[6245]
784,85,331,1262,0.001052169199186475,4.799999999971494e-07,1,[4],[6362]
785,85,331,1262,0.0010528191991864711,6.499999999961398e-07,1,[4],[6147]
786,85,331,1263,0.001052384724679539,0.001052384724679539,1,[4],[6265]
787,85,331,1265,0.0010653672248973135,0.0010653672248973135,2,"[28, 182]","[6275, 3]"
788,85,331,1265,0.0010667072248973055,1.339999999992042e-06,1,[28],[6248]
789,85,331,1265,0.0010681872248972967,1.4799999999912106e-06,2,"[28, 168]","[6249, 7]"
790,85,331,1266,0.0010678423027783586,0.0010678423027783586,3,"[28, 168, 183]","[6262, 8, 1]"
791,85,331,1266,0.001069142302778351,1.2999999999922796e-06,2,"[28, 168]","[5999, 241]"
792,85,331,1266,0.0010705023027783428,1.3599999999919232e-06,2,"[28, 168]","[5455, 805]"
793,85,332,1262,0.0010518142304154255,0.0010518142304154255,1,[4],[6252]
794,85,332,1262,0.0010524642304154217,6.499999999961398e-07,1,[4],[6301]
795,85,332,1262,0.0010529842304154186,5.199999999969118e-07,1,[4],[6254]
796,85,332,1262,0.0010534842304154156,4.999999999970306e-07,1,[4],[6304]
797,85,332,1262,0.0010540442304154123,5.599999999966743e-07,1,[4],[6191]
798,85,332,1262,0.0010548742304154074,8.299999999950708e-07,1,[4],[6222]
799,85,332,1263,0.0010526807360865518,0.0010526807360865518,1,[4],[6302]
800,85,332,1263,0.001053330736086548,6.499999999961398e-07,1,[4],[6200]
801,85,332,1263,0.001053840736086545,5.099999999969712e-07,1,[4],[6311]
802,85,332,1263,0.001054320736086542,4.799999999971494e-07,1,[4],[6231]
803,85,332,1263,0.001054830736086539,5.099999999969712e-07,1,[4],[6245]
804,85,332,1263,0.0010554507360865354,6.199999999963179e-07,1,[4],[6294]
805,85,332,1263,0.0010563807360865298,9.299999999944769e-07,2,"[4, 28]","[6192, 19]"
806,85,332,1263,0.001060210736086507,3.829999999977254e-06,2,"[4, 28]","[3016, 3200]"
807,85,332,1264,0.0010599122414775028,0.0010599122414775028,2,"[4, 28]","[2396, 3854]"
808,85,332,1264,0.0010613122414774945,1.3999999999916857e-06,1,[28],[6275]
809,85,332,1264,0.0010624422414774878,1.1299999999932892e-06,2,"[28, 182]","[6239, 2]"
810,85,332,1264,0.0010639722414774787,1.5299999999909136e-06,3,"[28, 182, 183]","[6237, 9, 3]"
811,85,332,1265,0.0010633852052147248,0.0010633852052147248,4,"[4, 28, 182, 183]","[5, 6248, 8, 5]"
812,85,332,1265,0.0010649852052147153,1.599999999990498e-06,2,"[28, 182]","[6238, 5]"
813,85,332,1265,0.0010684952052146944,3.509999999979155e-06,2,"[28, 168]","[6240, 1]"
814,85,333,1262,0.0010547008750457672,0.0010547008750457672,1,[4],[6253]
815,85,333,1262,0.001056260875045758,1.5599999999907355e-06,2,"[4, 28]","[6245, 7]"
816,85,333,1263,0.0010542017264716214,0.0010542017264716214,1,[4],[6282]
817,85,333,1263,0.0010548117264716178,6.099999999963773e-07,1,[4],[6267]
818,85,333,1263,0.0010552317264716153,4.199999999975057e-07,2,"[4, 28]","[6279, 1]"
819,85,333,1263,0.0010555817264716132,3.499999999979214e-07,2,"[4, 28]","[6293, 9]"
820,85,333,1263,0.0010559017264716113,3.199999999980996e-07,2,"[4, 28]","[6268, 18]"
821,85,333,1263,0.0010562017264716095,2.9999999999821836e-07,2,"[4, 28]","[6118, 55]"
822,85,333,1263,0.0010565117264716077,3.0999999999815897e-07,2,"[4, 28]","[6073, 127]"
823,85,333,1263,0.0010568917264716054,3.7999999999774325e-07,2,"[4, 28]","[6005, 348]"
824,85,333,1263,0.0010573717264716026,4.799999999971494e-07,2,"[4, 28]","[5161, 1024]"
825,85,333,1263,0.0010582217264715975,8.49999999994952e-07,2,"[4, 28]","[3238, 2949]"
826,85,333,1263,0.001059991726471587,1.7699999999894883e-06,2,"[4, 28]","[347, 5890]"
827,85,333,1264,0.0010568244816686028,0.0010568244816686028,2,"[4, 28]","[6057, 224]"
828,85,333,1264,0.001058664481668592,1.8399999999890726e-06,2,"[4, 28]","[2285, 3948]"
829,85,333,1264,0.0010601844816685829,1.519999999990973e-06,2,"[4, 28]","[14, 6243]"
830,85,333,1264,0.0010624944816685692,2.3099999999862814e-06,2,"[28, 182]","[6234, 2]"
831,85,334,1263,0.0010587275176278776,0.0010587275176278776,2,"[4, 28]","[5334, 916]"
