,event,pixel_x,pixel_y,reset_time,TSLR,nMCParticles,MC_TrackIDs,MC_Weights
0,23,286,1155,0.0009118840190314976,0.0009118840190314976,2,"[1, 6]","[5896, 380]"
1,23,286,1156,0.0009114148095333187,0.0009114148095333187,2,"[1, 6]","[6276, 9]"
2,23,286,1157,0.0009113702551321358,0.0009113702551321358,1,[1],[6316]
3,23,286,1158,0.0009111290024361885,0.0009111290024361885,1,[1],[6253]
4,23,286,1159,0.0009109426997117783,0.0009109426997117783,1,[1],[6271]
5,23,286,1160,0.0009108717440489221,0.0009108717440489221,1,[1],[6265]
6,23,286,1161,0.0009109293712103853,0.0009109293712103853,1,[1],[6277]
7,23,286,1162,0.0009110317471185715,0.0009110317471185715,1,[1],[6260]
8,23,287,1154,0.0009126193368086257,0.0009126193368086257,2,"[1, 6]","[2208, 4078]"
9,23,287,1154,0.0009137493368086313,1.1300000000055406e-06,2,"[1, 6]","[131, 6120]"
10,23,287,1155,0.0009107390067927918,0.0009107390067927918,2,"[1, 6]","[6045, 258]"
11,23,287,1155,0.0009110690067927935,3.3000000000161806e-07,2,"[1, 6]","[5987, 425]"
12,23,287,1155,0.0009112990067927946,2.3000000000112774e-07,2,"[1, 6]","[5734, 466]"
13,23,287,1155,0.0009114990067927956,2.0000000000098064e-07,2,"[1, 6]","[5528, 578]"
14,23,287,1155,0.0009116990067927965,2.0000000000098064e-07,2,"[1, 6]","[5467, 775]"
15,23,287,1155,0.0009119190067927976,2.200000000010787e-07,2,"[1, 6]","[5429, 1010]"
16,23,287,1155,0.0009121590067927988,2.4000000000117677e-07,2,"[1, 6]","[4914, 1196]"
17,23,287,1155,0.0009124890067928004,3.3000000000161806e-07,2,"[1, 6]","[4539, 1776]"
18,23,287,1155,0.0009131790067928038,6.900000000033832e-07,2,"[1, 6]","[3184, 2984]"
19,23,287,1156,0.000910448261344569,0.000910448261344569,2,"[1, 6]","[6348, 5]"
20,23,287,1156,0.0009107382613445705,2.9000000000142193e-07,2,"[1, 6]","[6372, 11]"
21,23,287,1156,0.0009109382613445714,2.0000000000098064e-07,2,"[1, 6]","[6052, 10]"
22,23,287,1156,0.0009111082613445723,1.7000000000083355e-07,2,"[1, 6]","[6210, 18]"
23,23,287,1156,0.0009112682613445731,1.6000000000078451e-07,2,"[1, 6]","[6369, 18]"
24,23,287,1156,0.0009114182613445738,1.5000000000073548e-07,2,"[1, 6]","[6310, 22]"
25,23,287,1156,0.0009115682613445745,1.5000000000073548e-07,2,"[1, 6]","[6043, 26]"
26,23,287,1156,0.0009117382613445754,1.7000000000083355e-07,2,"[1, 6]","[6318, 40]"
27,23,287,1156,0.0009119282613445763,1.900000000009316e-07,2,"[1, 6]","[6063, 44]"
28,23,287,1156,0.0009121782613445775,2.500000000012258e-07,2,"[1, 6]","[6179, 43]"
29,23,287,1156,0.0009126482613445798,4.700000000023045e-07,2,"[1, 6]","[6221, 76]"
30,23,287,1157,0.000910297056085484,0.000910297056085484,1,[1],[6264]
31,23,287,1157,0.0009106070560854856,3.1000000000152e-07,1,[1],[6385]
32,23,287,1157,0.0009108170560854866,2.1000000000102968e-07,1,[1],[6237]
33,23,287,1157,0.0009110070560854875,1.900000000009316e-07,1,[1],[6285]
34,23,287,1157,0.0009111870560854884,1.8000000000088258e-07,1,[1],[6431]
35,23,287,1157,0.0009113570560854892,1.7000000000083355e-07,1,[1],[6178]
36,23,287,1157,0.0009115370560854901,1.8000000000088258e-07,1,[1],[6097]
37,23,287,1157,0.0009117570560854912,2.200000000010787e-07,1,[1],[6167]
38,23,287,1157,0.0009120770560854928,3.2000000000156903e-07,1,[1],[6336]
39,23,287,1158,0.0009101037294787623,0.0009101037294787623,1,[1],[6274]
40,23,287,1158,0.0009104137294787639,3.1000000000152e-07,1,[1],[6278]
41,23,287,1158,0.000910643729478765,2.3000000000112774e-07,1,[1],[6245]
42,23,287,1158,0.000910843729478766,2.0000000000098064e-07,1,[1],[6208]
43,23,287,1158,0.0009110337294787669,1.900000000009316e-07,1,[1],[6320]
44,23,287,1158,0.0009112337294787679,2.0000000000098064e-07,1,[1],[6334]
45,23,287,1158,0.000911463729478769,2.3000000000112774e-07,1,[1],[6224]
46,23,287,1158,0.0009117637294787705,3.0000000000147097e-07,1,[1],[6153]
47,23,287,1158,0.0009126437294787748,8.800000000043148e-07,1,[1],[6229]
48,23,287,1159,0.0009098526175888567,0.0009098526175888567,1,[1],[6358]
49,23,287,1159,0.0009101726175888583,3.2000000000156903e-07,1,[1],[6358]
50,23,287,1159,0.0009104126175888595,2.4000000000117677e-07,1,[1],[6313]
51,23,287,1159,0.0009106126175888605,2.0000000000098064e-07,1,[1],[6060]
52,23,287,1159,0.0009108126175888614,2.0000000000098064e-07,1,[1],[6338]
53,23,287,1159,0.0009110226175888625,2.1000000000102968e-07,1,[1],[6252]
54,23,287,1159,0.0009112726175888637,2.500000000012258e-07,1,[1],[6105]
55,23,287,1159,0.0009116526175888656,3.800000000018632e-07,1,[1],[6224]
56,23,287,1160,0.0009096177014980123,0.0009096177014980123,1,[1],[6322]
57,23,287,1160,0.0009099377014980139,3.2000000000156903e-07,1,[1],[6202]
58,23,287,1160,0.000910177701498015,2.4000000000117677e-07,1,[1],[6228]
59,23,287,1160,0.0009103977014980161,2.200000000010787e-07,1,[1],[6576]
60,23,287,1160,0.0009105977014980171,2.0000000000098064e-07,1,[1],[6084]
61,23,287,1160,0.0009108277014980182,2.3000000000112774e-07,1,[1],[6262]
62,23,287,1160,0.0009111177014980196,2.9000000000142193e-07,1,[1],[6240]
63,23,287,1160,0.0009116277014980221,5.100000000025006e-07,1,[1],[6130]
64,23,287,1161,0.0009094808394647394,0.0009094808394647394,1,[1],[6299]
65,23,287,1161,0.000909800839464741,3.2000000000156903e-07,1,[1],[6335]
66,23,287,1161,0.0009100408394647422,2.4000000000117677e-07,1,[1],[6278]
67,23,287,1161,0.0009102608394647432,2.200000000010787e-07,1,[1],[6265]
68,23,287,1161,0.0009104808394647443,2.200000000010787e-07,1,[1],[6290]
69,23,287,1161,0.0009107208394647455,2.4000000000117677e-07,1,[1],[6062]
70,23,287,1161,0.0009110608394647472,3.400000000016671e-07,1,[1],[6253]
71,23,287,1162,0.0009093803932290482,0.0009093803932290482,1,[1],[6298]
72,23,287,1162,0.0009097103932290498,3.3000000000161806e-07,1,[1],[6231]
73,23,287,1162,0.000909960393229051,2.500000000012258e-07,1,[1],[6468]
74,23,287,1162,0.000910170393229052,2.1000000000102968e-07,1,[1],[6085]
75,23,287,1162,0.0009103903932290531,2.200000000010787e-07,1,[1],[6264]
76,23,287,1162,0.0009106403932290543,2.500000000012258e-07,1,[1],[6182]
77,23,287,1162,0.0009109903932290561,3.500000000017161e-07,1,[1],[6307]
78,23,287,1163,0.0009093001134811897,0.0009093001134811897,1,[1],[6322]
79,23,287,1163,0.0009096301134811913,3.3000000000161806e-07,1,[1],[6300]
80,23,287,1163,0.0009098801134811925,2.500000000012258e-07,1,[1],[6347]
81,23,287,1163,0.0009101001134811936,2.200000000010787e-07,1,[1],[6298]
82,23,287,1163,0.0009103201134811947,2.200000000010787e-07,1,[1],[6207]
83,23,287,1163,0.0009105601134811958,2.4000000000117677e-07,1,[1],[6043]
84,23,287,1163,0.0009109101134811975,3.500000000017161e-07,1,[1],[6289]
85,23,287,1164,0.000909270892535984,0.000909270892535984,1,[1],[6354]
86,23,287,1164,0.0009096008925359856,3.3000000000161806e-07,1,[1],[6343]
87,23,287,1164,0.0009098508925359869,2.500000000012258e-07,1,[1],[6281]
88,23,287,1164,0.000910070892535988,2.200000000010787e-07,1,[1],[6051]
89,23,287,1164,0.0009103108925359891,2.4000000000117677e-07,1,[1],[6384]
90,23,287,1164,0.0009105808925359905,2.7000000000132387e-07,1,[1],[6196]
91,23,287,1164,0.0009110208925359926,4.400000000021574e-07,1,[1],[6172]
92,23,287,1165,0.0009093030918526994,0.0009093030918526994,1,[1],[6352]
93,23,287,1165,0.000909643091852701,3.400000000016671e-07,1,[1],[6239]
94,23,287,1165,0.0009099130918527024,2.7000000000132387e-07,1,[1],[6310]
95,23,287,1165,0.0009101630918527036,2.500000000012258e-07,1,[1],[6258]
96,23,287,1165,0.0009104330918527049,2.7000000000132387e-07,1,[1],[6189]
97,23,287,1165,0.0009107930918527067,3.6000000000176516e-07,1,[1],[6153]
98,23,287,1166,0.0009093490677293439,0.0009093490677293439,1,[1],[6288]
99,23,287,1166,0.0009096990677293456,3.500000000017161e-07,1,[1],[6301]
100,23,287,1166,0.000909979067729347,2.800000000013729e-07,1,[1],[6299]
101,23,287,1166,0.0009102490677293483,2.7000000000132387e-07,1,[1],[6159]
102,23,287,1166,0.0009105690677293499,3.2000000000156903e-07,1,[1],[6343]
103,23,287,1166,0.0009110890677293524,5.200000000025497e-07,1,[1],[6137]
104,23,287,1167,0.0009094059511266701,0.0009094059511266701,1,[1],[6298]
105,23,287,1167,0.0009097759511266719,3.700000000018142e-07,1,[1],[6337]
106,23,287,1167,0.0009100659511266733,2.9000000000142193e-07,1,[1],[6238]
107,23,287,1167,0.0009103659511266748,3.0000000000147097e-07,1,[1],[6298]
108,23,287,1167,0.0009107359511266766,3.700000000018142e-07,1,[1],[6100]
109,23,287,1168,0.0009094975122308014,0.0009094975122308014,1,[1],[6334]
110,23,287,1168,0.0009098875122308033,3.9000000000191225e-07,1,[1],[6254]
111,23,287,1168,0.0009102075122308049,3.2000000000156903e-07,1,[1],[6174]
112,23,287,1168,0.0009105575122308066,3.500000000017161e-07,1,[1],[6265]
113,23,287,1168,0.0009111675122308096,6.10000000002991e-07,1,[1],[6226]
114,23,287,1169,0.0009096041084097191,0.0009096041084097191,1,[1],[6276]
115,23,287,1169,0.0009100241084097211,4.2000000000205935e-07,1,[1],[6224]
116,23,287,1169,0.000910414108409723,3.9000000000191225e-07,1,[1],[6368]
117,23,287,1169,0.0009109041084097255,4.900000000024026e-07,1,[1],[6182]
118,23,287,1170,0.000909751437457012,0.000909751437457012,1,[1],[6315]
119,23,287,1170,0.0009102114374570143,4.600000000022555e-07,1,[1],[6199]
120,23,287,1170,0.0009107114374570167,5.000000000024516e-07,1,[1],[6316]
121,23,287,1171,0.0009099008247230015,0.0009099008247230015,1,[1],[6324]
122,23,287,1171,0.0009104408247230042,5.400000000026477e-07,1,[1],[6215]
123,23,287,1171,0.0009112508247230082,8.100000000039716e-07,1,[1],[6245]
124,23,287,1172,0.0009100792366558348,0.0009100792366558348,1,[1],[6254]
125,23,287,1172,0.0009107692366558382,6.900000000033832e-07,1,[1],[6256]
126,23,287,1173,0.0009102678106868179,0.0009102678106868179,1,[1],[6296]
127,23,287,1173,0.0009111978106868225,9.3000000000456e-07,1,[1],[6231]
128,23,287,1174,0.0009104835106830288,0.0009104835106830288,1,[1],[6310]
129,23,287,1175,0.0009106831167094674,0.0009106831167094674,1,[1],[6252]
130,23,287,1176,0.0009109651874713964,0.0009109651874713964,1,[1],[6273]
131,23,287,1177,0.0009112655779733806,0.0009112655779733806,1,[1],[6258]
132,23,287,1178,0.0009120963599395694,0.0009120963599395694,1,[1],[6250]
133,23,288,1152,0.0009178239097189409,0.0009178239097189409,1,[6],[6251]
134,23,288,1153,0.0009153080250175693,0.0009153080250175693,1,[6],[6265]
135,23,288,1153,0.0009161580250175734,8.500000000041677e-07,1,[6],[6276]
136,23,288,1153,0.0009170480250175778,8.900000000043639e-07,1,[6],[6244]
137,23,288,1154,0.0009139724333989359,0.0009139724333989359,2,"[1, 6]","[182, 6128]"
138,23,288,1154,0.0009151924333989418,1.220000000005982e-06,1,[6],[6198]
139,23,288,1155,0.0009135890818180996,0.0009135890818180996,2,"[1, 6]","[3860, 2392]"
140,23,288,1163,0.0009115784100068785,0.0009115784100068785,1,[1],[6252]
141,23,288,1164,0.0009105496262380265,0.0009105496262380265,1,[1],[6267]
142,23,288,1165,0.0009102324599750229,0.0009102324599750229,1,[1],[6265]
143,23,288,1166,0.0009099873789512466,0.0009099873789512466,1,[1],[6259]
144,23,288,1166,0.0009111673789512524,1.1800000000057858e-06,1,[1],[6241]
145,23,288,1167,0.0009098179100675123,0.0009098179100675123,1,[1],[6265]
146,23,288,1167,0.0009104679100675155,6.500000000031871e-07,1,[1],[6299]
147,23,288,1168,0.0009097485655097532,0.0009097485655097532,1,[1],[6326]
148,23,288,1168,0.0009102585655097557,5.100000000025006e-07,1,[1],[6220]
149,23,288,1168,0.0009109485655097591,6.900000000033832e-07,1,[1],[6222]
150,23,288,1169,0.0009097110283691258,0.0009097110283691258,1,[1],[6297]
151,23,288,1169,0.0009101710283691281,4.600000000022555e-07,1,[1],[6295]
152,23,288,1169,0.0009106510283691305,4.800000000023535e-07,1,[1],[6173]
153,23,288,1170,0.0009096930440990962,0.0009096930440990962,1,[1],[6299]
154,23,288,1170,0.0009101330440990983,4.400000000021574e-07,1,[1],[6256]
155,23,288,1170,0.0009105530440991004,4.2000000000205935e-07,1,[1],[6297]
156,23,288,1170,0.0009112230440991037,6.700000000032852e-07,1,[1],[6149]
157,23,288,1171,0.0009096851605034631,0.0009096851605034631,1,[1],[6279]
158,23,288,1171,0.0009101051605034651,4.2000000000205935e-07,1,[1],[6370]
159,23,288,1171,0.0009104651605034669,3.6000000000176516e-07,1,[1],[6119]
160,23,288,1171,0.0009109251605034692,4.600000000022555e-07,1,[1],[6272]
161,23,288,1172,0.0009097179250473901,0.0009097179250473901,1,[1],[6380]
162,23,288,1172,0.000910107925047392,3.9000000000191225e-07,1,[1],[6195]
163,23,288,1172,0.0009104379250473937,3.3000000000161806e-07,1,[1],[6202]
164,23,288,1172,0.0009108179250473955,3.800000000018632e-07,1,[1],[6231]
165,23,288,1172,0.0009115979250473994,7.800000000038245e-07,1,[1],[6261]
166,23,288,1173,0.0009097531526042578,0.0009097531526042578,1,[1],[6271]
167,23,288,1173,0.0009101331526042597,3.800000000018632e-07,1,[1],[6295]
168,23,288,1173,0.0009104431526042612,3.1000000000152e-07,1,[1],[6217]
169,23,288,1173,0.0009107831526042629,3.400000000016671e-07,1,[1],[6385]
170,23,288,1173,0.0009112831526042653,5.000000000024516e-07,1,[1],[6128]
171,23,288,1174,0.0009098032852056518,0.0009098032852056518,1,[1],[6266]
172,23,288,1174,0.0009101732852056536,3.700000000018142e-07,1,[1],[6238]
173,23,288,1174,0.0009104832852056551,3.1000000000152e-07,1,[1],[6352]
174,23,288,1174,0.0009107932852056566,3.1000000000152e-07,1,[1],[6196]
175,23,288,1174,0.0009112132852056587,4.2000000000205935e-07,1,[1],[6245]
176,23,288,1175,0.000909867502408975,0.000909867502408975,1,[1],[6343]
177,23,288,1175,0.0009102275024089767,3.6000000000176516e-07,1,[1],[6273]
178,23,288,1175,0.0009105275024089782,3.0000000000147097e-07,1,[1],[6303]
179,23,288,1175,0.0009108275024089797,3.0000000000147097e-07,1,[1],[6231]
180,23,288,1175,0.0009111975024089815,3.700000000018142e-07,1,[1],[6128]
181,23,288,1176,0.0009099301398577499,0.0009099301398577499,1,[1],[6370]
182,23,288,1176,0.0009103001398577517,3.700000000018142e-07,1,[1],[6247]
183,23,288,1176,0.0009106001398577532,3.0000000000147097e-07,1,[1],[6155]
184,23,288,1176,0.0009109201398577548,3.2000000000156903e-07,1,[1],[6378]
185,23,288,1176,0.0009113601398577569,4.400000000021574e-07,1,[1],[6187]
186,23,288,1177,0.0009099267369138812,0.0009099267369138812,1,[1],[6269]
187,23,288,1177,0.000910296736913883,3.700000000018142e-07,1,[1],[6275]
188,23,288,1177,0.0009106067369138845,3.1000000000152e-07,1,[1],[6290]
189,23,288,1177,0.0009109267369138861,3.2000000000156903e-07,1,[1],[6254]
190,23,288,1177,0.0009113567369138882,4.300000000021084e-07,1,[1],[6177]
191,23,288,1178,0.0009099241249881513,0.0009099241249881513,1,[1],[6328]
192,23,288,1178,0.0009103041249881532,3.800000000018632e-07,1,[1],[6215]
193,23,288,1178,0.0009106141249881547,3.1000000000152e-07,1,[1],[6251]
194,23,288,1178,0.0009109441249881563,3.3000000000161806e-07,1,[1],[6215]
195,23,288,1178,0.0009114441249881588,5.000000000024516e-07,1,[1],[6321]
196,23,288,1179,0.000909913451103088,0.000909913451103088,1,[1],[6360]
197,23,288,1179,0.0009103034511030899,3.9000000000191225e-07,1,[1],[6311]
198,23,288,1179,0.0009106234511030915,3.2000000000156903e-07,1,[1],[6155]
199,23,288,1179,0.0009109834511030932,3.6000000000176516e-07,1,[1],[6212]
200,23,288,1179,0.0009116234511030964,6.400000000031381e-07,1,[1],[6266]
201,23,288,1180,0.0009098551707537302,0.0009098551707537302,2,"[1, 4]","[6111, 210]"
202,23,288,1180,0.000910235170753732,3.800000000018632e-07,2,"[1, 4]","[6064, 170]"
203,23,288,1180,0.0009105551707537336,3.2000000000156903e-07,2,"[1, 4]","[6033, 201]"
204,23,288,1180,0.0009108951707537353,3.400000000016671e-07,2,"[1, 4]","[6052, 209]"
205,23,288,1180,0.0009114151707537378,5.200000000025497e-07,2,"[1, 4]","[6020, 188]"
206,23,288,1181,0.0009097514621767939,0.0009097514621767939,2,"[1, 4]","[5669, 711]"
207,23,288,1181,0.0009101114621767957,3.6000000000176516e-07,2,"[1, 4]","[5649, 706]"
208,23,288,1181,0.000910391462176797,2.800000000013729e-07,2,"[1, 4]","[5476, 736]"
209,23,288,1181,0.0009106614621767984,2.7000000000132387e-07,2,"[1, 4]","[5332, 724]"
210,23,288,1181,0.0009109914621768,3.3000000000161806e-07,2,"[1, 4]","[5533, 792]"
211,23,288,1181,0.000911601462176803,6.10000000002991e-07,2,"[1, 4]","[5405, 813]"
212,23,288,1182,0.0009097056165664396,0.0009097056165664396,3,"[1, 3, 4]","[6157, 83, 42]"
213,23,288,1182,0.0009100856165664415,3.800000000018632e-07,3,"[1, 3, 4]","[6303, 63, 40]"
214,23,288,1182,0.0009103756165664429,2.9000000000142193e-07,3,"[1, 3, 4]","[5969, 51, 55]"
215,23,288,1182,0.0009106756165664444,3.0000000000147097e-07,3,"[1, 3, 4]","[6187, 47, 47]"
216,23,288,1182,0.0009110656165664463,3.9000000000191225e-07,3,"[1, 3, 4]","[6197, 42, 73]"
217,23,288,1183,0.0009095821059221242,0.0009095821059221242,3,"[1, 2, 3]","[5116, 338, 831]"
218,23,288,1183,0.000909942105922126,3.6000000000176516e-07,3,"[1, 2, 3]","[5384, 256, 759]"
219,23,288,1183,0.0009102121059221273,2.7000000000132387e-07,3,"[1, 2, 3]","[5327, 228, 688]"
220,23,288,1183,0.0009104721059221286,2.6000000000127484e-07,3,"[1, 2, 3]","[5428, 220, 613]"
221,23,288,1183,0.0009107521059221299,2.800000000013729e-07,3,"[1, 2, 3]","[5385, 213, 542]"
222,23,288,1183,0.000911182105922132,4.300000000021084e-07,3,"[1, 2, 3]","[5571, 168, 524]"
223,23,288,1184,0.0009095595421466759,0.0009095595421466759,3,"[1, 2, 3]","[5124, 1079, 131]"
224,23,288,1184,0.0009099095421466776,3.500000000017161e-07,3,"[1, 2, 3]","[5304, 897, 135]"
225,23,288,1184,0.0009101795421466789,2.7000000000132387e-07,3,"[1, 2, 3]","[5196, 835, 129]"
226,23,288,1184,0.0009104395421466802,2.6000000000127484e-07,3,"[1, 2, 3]","[5323, 744, 123]"
227,23,288,1184,0.0009107395421466816,3.0000000000147097e-07,3,"[1, 2, 3]","[5504, 760, 118]"
228,23,288,1184,0.0009111695421466838,4.300000000021084e-07,3,"[1, 2, 3]","[5356, 617, 125]"
229,23,288,1185,0.0009096461361556233,0.0009096461361556233,2,"[1, 2]","[6269, 49]"
230,23,288,1185,0.0009100261361556252,3.800000000018632e-07,2,"[1, 2]","[6191, 30]"
231,23,288,1185,0.0009103461361556267,3.2000000000156903e-07,2,"[1, 2]","[6183, 52]"
232,23,288,1185,0.0009106961361556284,3.500000000017161e-07,2,"[1, 2]","[6203, 54]"
233,23,288,1185,0.0009112661361556312,5.700000000027948e-07,2,"[1, 2]","[6199, 36]"
234,23,288,1186,0.000909634920938634,0.000909634920938634,1,[1],[6297]
235,23,288,1186,0.000910024920938636,3.9000000000191225e-07,1,[1],[6321]
236,23,288,1186,0.0009103449209386375,3.2000000000156903e-07,1,[1],[6161]
237,23,288,1186,0.0009107049209386393,3.6000000000176516e-07,1,[1],[6344]
238,23,288,1186,0.0009113149209386423,6.10000000002991e-07,1,[1],[6163]
239,23,288,1187,0.0009096260194210431,0.0009096260194210431,1,[1],[6366]
240,23,288,1187,0.000910006019421045,3.800000000018632e-07,1,[1],[6180]
241,23,288,1187,0.0009103360194210466,3.3000000000161806e-07,1,[1],[6226]
242,23,288,1187,0.0009107060194210484,3.700000000018142e-07,1,[1],[6316]
243,23,288,1187,0.0009113660194210516,6.600000000032361e-07,1,[1],[6207]
244,23,288,1188,0.0009099979692805429,0.0009099979692805429,1,[1],[6302]
245,23,288,1188,0.0009106979692805464,7.000000000034323e-07,1,[1],[6238]
246,23,289,1150,0.000923323440572284,0.000923323440572284,1,[6],[6260]
247,23,289,1151,0.0009198779406090765,0.0009198779406090765,1,[6],[6291]
248,23,289,1151,0.0009207679406090808,8.900000000043639e-07,1,[6],[6235]
249,23,289,1151,0.0009218679406090862,1.1000000000053935e-06,1,[6],[6232]
250,23,289,1152,0.0009181726298166991,0.0009181726298166991,1,[6],[6284]
251,23,289,1152,0.0009191126298167037,9.40000000004609e-07,1,[6],[6242]
252,23,289,1152,0.0009203826298167099,1.270000000006227e-06,1,[6],[6224]
253,23,289,1153,0.0009188676030972423,0.0009188676030972423,1,[6],[6255]
254,23,290,1149,0.0009245269608155945,0.0009245269608155945,1,[6],[6266]
255,23,290,1149,0.0009256669608156,1.1400000000055897e-06,1,[6],[6256]
256,23,290,1150,0.0009224925555256764,0.0009224925555256764,1,[6],[6301]
257,23,290,1150,0.0009233625555256806,8.700000000042658e-07,1,[6],[6249]
258,23,290,1150,0.000924262555525685,9.000000000044129e-07,1,[6],[6209]
259,23,290,1151,0.000921758544047468,0.000921758544047468,1,[6],[6252]
260,23,291,1147,0.0009293949830943108,0.0009293949830943108,1,[6],[6287]
261,23,291,1147,0.0009318149830943226,2.4200000000118658e-06,1,[6],[6215]
262,23,291,1148,0.0009269244632065298,0.0009269244632065298,1,[6],[6300]
263,23,291,1148,0.0009277644632065339,8.400000000041187e-07,1,[6],[6208]
264,23,291,1148,0.0009286544632065382,8.900000000043639e-07,1,[6],[6296]
265,23,291,1149,0.0009256503633463432,0.0009256503633463432,1,[6],[6298]
266,23,291,1149,0.0009269603633463496,1.3100000000064232e-06,1,[6],[6218]
267,23,292,1145,0.0009343187170313988,0.0009343187170313988,2,"[6, 7]","[4751, 1510]"
268,23,292,1146,0.0009314846064203654,0.0009314846064203654,2,"[6, 7]","[6255, 6]"
269,23,292,1146,0.0009323846064203698,9.000000000044129e-07,2,"[6, 7]","[6207, 102]"
270,23,292,1146,0.0009333846064203747,1.0000000000049032e-06,2,"[6, 7]","[5462, 747]"
271,23,292,1147,0.0009298347795665473,0.0009298347795665473,1,[6],[6258]
272,23,292,1147,0.0009308147795665521,9.800000000048052e-07,1,[6],[6285]
273,23,292,1147,0.000932214779566559,1.4000000000068645e-06,1,[6],[6209]
274,23,292,1148,0.0009313764467854478,0.0009313764467854478,1,[6],[6250]
275,23,293,1144,0.0009363259808513136,0.0009363259808513136,2,"[6, 7]","[6289, 16]"
276,23,293,1144,0.0009374059808513189,1.0800000000052955e-06,1,[6],[6218]
277,23,293,1144,0.0009404459808513338,3.0400000000149058e-06,1,[6],[6227]
278,23,293,1145,0.0009340897568622204,0.0009340897568622204,2,"[6, 7]","[5039, 1236]"
279,23,293,1145,0.0009350097568622249,9.20000000004511e-07,2,"[6, 7]","[6006, 247]"
280,23,293,1145,0.0009359497568622295,9.40000000004609e-07,2,"[6, 7]","[6216, 11]"
281,23,293,1146,0.0009334164055583468,0.0009334164055583468,2,"[6, 7]","[5496, 779]"
282,23,294,1142,0.000941370596509991,0.000941370596509991,1,[6],[6276]
283,23,294,1142,0.0009428305965099982,1.4600000000071587e-06,1,[6],[6242]
284,23,294,1143,0.0009389515109926196,0.0009389515109926196,1,[6],[6251]
285,23,294,1143,0.000939851510992624,9.000000000044129e-07,1,[6],[6301]
286,23,294,1143,0.0009408015109926286,9.500000000046581e-07,1,[6],[6243]
287,23,294,1144,0.0009377102382598307,0.0009377102382598307,1,[6],[6286]
288,23,294,1144,0.0009393402382598387,1.6300000000079922e-06,1,[6],[6229]
289,23,295,1140,0.0009466071167936851,0.0009466071167936851,2,"[6, 8]","[6260, 20]"
290,23,295,1141,0.0009437715265736919,0.0009437715265736919,1,[6],[6273]
291,23,295,1141,0.0009447115265736965,9.40000000004609e-07,1,[6],[6270]
292,23,295,1141,0.0009457115265737014,1.0000000000049032e-06,1,[6],[6246]
293,23,295,1142,0.0009422054144191063,0.0009422054144191063,1,[6],[6276]
294,23,295,1142,0.0009433454144191119,1.1400000000055897e-06,1,[6],[6258]
295,23,296,1138,0.0009528642039582035,0.0009528642039582035,2,"[6, 8]","[6247, 8]"
296,23,296,1139,0.000948298892930932,0.000948298892930932,2,"[6, 8]","[4238, 2036]"
297,23,296,1139,0.0009492388929309366,9.40000000004609e-07,2,"[6, 8]","[5540, 686]"
298,23,296,1139,0.0009502488929309415,1.0100000000049522e-06,2,"[6, 8]","[6224, 49]"
299,23,296,1140,0.0009467444532345727,0.0009467444532345727,2,"[6, 8]","[5996, 263]"
300,23,296,1140,0.0009475244532345765,7.800000000038245e-07,2,"[6, 8]","[4756, 1504]"
301,23,296,1140,0.00094822445323458,7.000000000034323e-07,2,"[6, 8]","[4051, 2184]"
302,23,296,1140,0.0009496744532345871,1.4500000000071097e-06,2,"[6, 8]","[4688, 1566]"
303,23,296,1141,0.0009465344589755535,0.0009465344589755535,2,"[6, 8]","[6273, 6]"
304,23,297,1137,0.0009535715351156497,0.0009535715351156497,1,[6],[6278]
305,23,297,1137,0.0009549015351156562,1.3300000000065213e-06,1,[6],[6225]
306,23,297,1138,0.0009513097014666064,0.0009513097014666064,2,"[6, 8]","[6269, 2]"
307,23,297,1138,0.0009521797014666106,8.700000000042658e-07,1,[6],[6263]
308,23,297,1138,0.000953069701466615,8.900000000043639e-07,1,[6],[6270]
309,23,297,1139,0.0009502501572053536,0.0009502501572053536,2,"[6, 8]","[5885, 370]"
310,23,297,1139,0.0009524001572053641,2.150000000010542e-06,1,[6],[6251]
311,23,298,1135,0.000958943023720864,0.000958943023720864,1,[6],[6260]
312,23,298,1136,0.000955979983252654,0.000955979983252654,1,[6],[6297]
313,23,298,1136,0.0009568599832526583,8.800000000043148e-07,1,[6],[6263]
314,23,298,1136,0.000957819983252663,9.60000000004707e-07,1,[6],[6227]
315,23,298,1137,0.000954435086239432,0.000954435086239432,1,[6],[6285]
316,23,298,1137,0.0009555150862394373,1.0800000000052955e-06,1,[6],[6233]
317,23,299,1134,0.0009608337233345487,0.0009608337233345487,1,[6],[6253]
318,23,299,1134,0.0009619337233345541,1.1000000000053935e-06,1,[6],[6279]
319,23,299,1135,0.0009588087861796547,0.0009588087861796547,1,[6],[6260]
320,23,299,1135,0.0009597187861796592,9.100000000044619e-07,1,[6],[6305]
321,23,299,1135,0.0009606487861796637,9.3000000000456e-07,1,[6],[6193]
322,23,299,1136,0.0009583360515389025,0.0009583360515389025,1,[6],[6252]
323,23,300,1132,0.0009659215415983594,0.0009659215415983594,1,[6],[6262]
324,23,300,1132,0.0009695615415983772,3.6400000000178477e-06,1,[6],[6238]
325,23,300,1133,0.0009633714952914658,0.0009633714952914658,1,[6],[6288]
326,23,300,1133,0.0009642414952914701,8.700000000042658e-07,1,[6],[6238]
327,23,300,1133,0.0009651214952914744,8.800000000043148e-07,1,[6],[6249]
328,23,300,1134,0.0009621613281827636,0.0009621613281827636,1,[6],[6269]
329,23,300,1134,0.0009636013281827707,1.4400000000070606e-06,1,[6],[6250]
330,23,301,1130,0.0009719314463912149,0.0009719314463912149,1,[6],[6252]
331,23,301,1131,0.000968186294246868,0.000968186294246868,1,[6],[6274]
332,23,301,1131,0.0009691262942468726,9.40000000004609e-07,1,[6],[6291]
333,23,301,1131,0.0009703762942468787,1.250000000006129e-06,1,[6],[6188]
334,23,301,1132,0.0009664201977628178,0.0009664201977628178,1,[6],[6287]
335,23,301,1132,0.0009675101977628231,1.0900000000053445e-06,1,[6],[6237]
336,23,301,1132,0.0009694101977628325,1.9000000000093161e-06,1,[6],[6228]
337,23,301,1133,0.0009672547790410388,0.0009672547790410388,1,[6],[6251]
338,23,302,1129,0.0009729085335907559,0.0009729085335907559,1,[6],[6264]
339,23,302,1129,0.0009742585335907625,1.3500000000066193e-06,1,[6],[6242]
340,23,302,1130,0.0009707229950587495,0.0009707229950587495,1,[6],[6308]
341,23,302,1130,0.0009715829950587537,8.600000000042168e-07,1,[6],[6211]
342,23,302,1130,0.0009724729950587581,8.900000000043639e-07,1,[6],[6267]
343,23,302,1131,0.0009698699086815551,0.0009698699086815551,1,[6],[6266]
344,23,303,1127,0.0009781475076690303,0.0009781475076690303,1,[6],[6255]
345,23,303,1128,0.0009752085164543911,0.0009752085164543911,1,[6],[6296]
346,23,303,1128,0.0009760985164543954,8.900000000043639e-07,1,[6],[6259]
347,23,303,1128,0.0009770485164543948,9.499999999993455e-07,1,[6],[6217]
348,23,303,1129,0.0009737712823210219,0.0009737712823210219,1,[6],[6289]
349,23,303,1129,0.0009748312823210271,1.0600000000051974e-06,1,[6],[6230]
350,23,304,1126,0.0009799151564297566,0.0009799151564297566,1,[6],[6295]
351,23,304,1126,0.0009809851564297502,1.0699999999936455e-06,1,[6],[6237]
352,23,304,1127,0.000977946771103522,0.000977946771103522,1,[6],[6254]
353,23,304,1127,0.0009788367711035166,8.899999999947145e-07,1,[6],[6262]
354,23,304,1127,0.0009798367711035107,9.999999999940612e-07,1,[6],[6246]
355,23,304,1128,0.0009775305819679234,0.0009775305819679234,1,[6],[6285]
356,23,305,1124,0.000984985878806609,0.000984985878806609,1,[6],[6266]
357,23,305,1125,0.0009823534690087136,0.0009823534690087136,1,[6],[6302]
358,23,305,1125,0.0009832234690087085,8.699999999948332e-07,1,[6],[6255]
359,23,305,1125,0.0009841734690087028,9.499999999943581e-07,1,[6],[6203]
360,23,305,1126,0.000981117428361219,0.000981117428361219,1,[6],[6250]
361,23,305,1126,0.000982477428361211,1.3599999999919232e-06,1,[6],[6258]
362,23,306,1122,0.0009900313362664814,0.0009900313362664814,1,[6],[6268]
363,23,306,1123,0.0009867903207967591,0.0009867903207967591,1,[6],[6276]
364,23,306,1123,0.000987660320796754,8.699999999948332e-07,1,[6],[6228]
365,23,306,1123,0.000988680320796748,1.0199999999939424e-06,1,[6],[6279]
366,23,306,1124,0.0009851997443649228,0.0009851997443649228,1,[6],[6258]
367,23,306,1124,0.0009860997443649174,8.999999999946551e-07,1,[6],[6286]
368,23,306,1124,0.0009872297443649107,1.1299999999932892e-06,1,[6],[6244]
369,23,306,1125,0.000985974161104328,0.000985974161104328,1,[6],[6250]
370,23,307,1121,0.0009912934204263622,0.0009912934204263622,1,[6],[6302]
371,23,307,1121,0.000992343420426356,1.0499999999937643e-06,1,[6],[6205]
372,23,307,1122,0.0009893210885279947,0.0009893210885279947,1,[6],[6325]
373,23,307,1122,0.0009901410885279898,8.199999999951302e-07,1,[6],[6223]
374,23,307,1122,0.0009909710885279849,8.299999999950708e-07,1,[6],[6214]
375,23,307,1123,0.0009885064760533607,0.0009885064760533607,1,[6],[6263]
376,23,308,1119,0.0009959774592790962,0.0009959774592790962,1,[6],[6263]
377,23,308,1119,0.0009979074592790847,1.929999999988538e-06,1,[6],[6237]
378,23,308,1120,0.000993580857667087,0.000993580857667087,1,[6],[6300]
379,23,308,1120,0.0009944008576670822,8.199999999951302e-07,1,[6],[6220]
380,23,308,1120,0.0009952308576670773,8.299999999950708e-07,1,[6],[6253]
381,23,308,1121,0.0009923662071877142,0.0009923662071877142,1,[6],[6292]
382,23,308,1121,0.000993566207187707,1.1999999999928734e-06,1,[6],[6255]
383,23,309,1117,0.0010014984059746456,0.0010014984059746456,1,[6],[6259]
384,23,309,1118,0.0009979808491212075,0.0009979808491212075,1,[6],[6297]
385,23,309,1118,0.0009988808491212021,8.999999999946551e-07,1,[6],[6243]
386,23,309,1118,0.0010000608491211951,1.1799999999929922e-06,1,[6],[6238]
387,23,309,1119,0.0009963690088531517,0.0009963690088531517,1,[6],[6285]
388,23,309,1119,0.0009972990088531462,9.299999999944769e-07,1,[6],[6239]
389,23,309,1119,0.0009984890088531391,1.1899999999929328e-06,1,[6],[6249]
390,23,309,1120,0.0009966795561582803,0.0009966795561582803,1,[6],[6261]
391,23,310,1116,0.0010028374372779791,0.0010028374372779791,2,"[6, 9]","[6270, 14]"
392,23,310,1116,0.0010043074372779704,1.46999999999127e-06,2,"[6, 9]","[5750, 486]"
393,23,310,1117,0.0010005897577964713,0.0010005897577964713,1,[6],[6271]
394,23,310,1117,0.0010014197577964663,8.299999999950708e-07,1,[6],[6243]
395,23,310,1117,0.0010022697577964613,8.49999999994952e-07,1,[6],[6253]
396,23,310,1118,0.0009999791642660624,0.0009999791642660624,1,[6],[6286]
397,23,311,1115,0.0010049166031761486,0.0010049166031761486,2,"[6, 9]","[4835, 1423]"
398,23,311,1115,0.0010058766031761429,9.599999999942987e-07,2,"[6, 9]","[5671, 624]"
399,23,311,1115,0.001007046603176136,1.1699999999930516e-06,2,"[6, 9]","[6166, 53]"
400,23,311,1116,0.0010034124245814635,0.0010034124245814635,2,"[6, 9]","[5902, 383]"
401,23,311,1116,0.001004162424581459,7.499999999955459e-07,2,"[6, 9]","[4640, 1625]"
402,23,311,1116,0.0010047924245814553,6.299999999962586e-07,2,"[6, 9]","[3869, 2346]"
403,23,311,1116,0.0010057324245814497,9.399999999944175e-07,2,"[6, 9]","[3936, 2306]"
404,23,312,1082,0.0012194535826850028,0.0012194535826850028,1,[160],[6258]
405,23,312,1113,0.001010523097133044,0.001010523097133044,2,"[6, 10]","[6250, 20]"
406,23,312,1114,0.0010077544241456958,0.0010077544241456958,1,[6],[6286]
407,23,312,1114,0.0010086544241456905,8.999999999946551e-07,1,[6],[6238]
408,23,312,1114,0.0010096144241456848,9.599999999942987e-07,1,[6],[6272]
409,23,312,1115,0.0010066983817650617,0.0010066983817650617,2,"[6, 9]","[6068, 196]"
410,23,312,1115,0.0010083683817650518,1.6699999999900822e-06,1,[6],[6242]
411,23,313,1112,0.0010121349177010129,0.0010121349177010129,2,"[6, 10]","[4821, 1435]"
412,23,313,1112,0.0010130349177010075,8.999999999946551e-07,2,"[6, 10]","[5785, 465]"
413,23,313,1112,0.0010141749177010008,1.1399999999932298e-06,2,"[6, 10]","[6203, 45]"
414,23,313,1113,0.001010553215139263,0.001010553215139263,2,"[6, 10]","[6094, 204]"
415,23,313,1113,0.0010113232151392584,7.699999999954271e-07,2,"[6, 10]","[5278, 956]"
416,23,313,1113,0.0010119932151392544,6.69999999996021e-07,2,"[6, 10]","[4764, 1455]"
417,23,313,1113,0.0010130032151392484,1.0099999999940018e-06,2,"[6, 10]","[5149, 1123]"
418,23,313,1114,0.00101064041621152,0.00101064041621152,2,"[6, 10]","[6251, 7]"
419,23,314,1110,0.0010172213497072256,0.0010172213497072256,3,"[6, 11, 273]","[4433, 1845, 11]"
420,23,314,1111,0.0010146534104722236,0.0010146534104722236,3,"[6, 10, 11]","[6213, 1, 38]"
421,23,314,1111,0.0010154034104722192,7.499999999955459e-07,2,"[6, 11]","[5889, 374]"
422,23,314,1111,0.0010160034104722156,5.999999999964367e-07,2,"[6, 11]","[5062, 1186]"
423,23,314,1111,0.001016623410472212,6.199999999963179e-07,2,"[6, 11]","[4253, 2057]"
424,23,314,1111,0.0010175334104722065,9.099999999945957e-07,2,"[6, 11]","[3418, 2790]"
425,23,314,1112,0.0010132319868582202,0.0010132319868582202,2,"[6, 10]","[5906, 353]"
426,23,314,1112,0.0010141419868582148,9.099999999945957e-07,2,"[6, 10]","[6301, 7]"
427,23,314,1112,0.001015121986858209,9.7999999999418e-07,2,"[6, 11]","[6205, 18]"
428,23,315,1109,0.0010194051327722883,0.0010194051327722883,4,"[6, 11, 12, 273]","[4898, 24, 1292, 44]"
429,23,315,1109,0.0010205651327722814,1.159999999993111e-06,2,"[6, 12]","[4379, 1894]"
430,23,315,1110,0.0010168911027542936,0.0010168911027542936,5,"[6, 11, 12, 273, 274]","[4016, 2200, 1, 101, 3]"
431,23,315,1110,0.0010176111027542893,7.199999999957241e-07,5,"[6, 11, 12, 273, 274]","[4969, 1132, 24, 78, 4]"
432,23,315,1110,0.0010182611027542855,6.499999999961398e-07,4,"[6, 11, 12, 273]","[5727, 393, 160, 33]"
433,23,315,1110,0.0010188911027542817,6.299999999962586e-07,4,"[6, 11, 12, 273]","[5355, 66, 790, 3]"
434,23,315,1110,0.0010195511027542778,6.599999999960804e-07,3,"[6, 11, 12]","[4093, 7, 2095]"
435,23,315,1110,0.0010204911027542722,9.399999999944175e-07,2,"[6, 12]","[2705, 3568]"
436,23,315,1111,0.0010160201088453356,0.0010160201088453356,3,"[6, 11, 273]","[4247, 2029, 1]"
437,23,315,1111,0.0010166801088453317,6.599999999960804e-07,3,"[6, 11, 273]","[2978, 3331, 5]"
438,23,315,1111,0.001017300108845328,6.199999999963179e-07,4,"[6, 11, 273, 274]","[2836, 3319, 8, 1]"
439,23,315,1111,0.0010188601088453187,1.5599999999907355e-06,4,"[6, 11, 12, 273]","[3924, 2284, 35, 7]"
440,23,316,1108,0.0010219344111116932,0.0010219344111116932,2,"[6, 12]","[6276, 29]"
441,23,316,1108,0.0010230444111116867,1.109999999993408e-06,1,[6],[6201]
442,23,316,1109,0.0010197187973316482,0.0010197187973316482,4,"[6, 11, 12, 273]","[4393, 1, 1855, 13]"
443,23,316,1109,0.0010204987973316435,7.799999999953677e-07,2,"[6, 12]","[5127, 1169]"
444,23,316,1109,0.0010212287973316392,7.299999999956647e-07,2,"[6, 12]","[5774, 436]"
445,23,316,1109,0.001022288797331633,1.0599999999937049e-06,2,"[6, 12]","[6158, 84]"
446,23,316,1110,0.0010192512126434702,0.0010192512126434702,5,"[6, 11, 12, 273, 274]","[4183, 136, 1927, 60, 1]"
447,23,316,1110,0.0010202112126434645,9.599999999942987e-07,2,"[6, 12]","[2589, 3661]"
448,23,317,1106,0.0010290501965102294,0.0010290501965102294,1,[6],[6251]
449,23,317,1107,0.0010242549488290946,0.0010242549488290946,1,[6],[6265]
450,23,317,1107,0.0010251249488290894,8.699999999948332e-07,1,[6],[6301]
451,23,317,1107,0.0010260949488290836,9.699999999942394e-07,1,[6],[6224]
452,23,317,1108,0.0010228852700851585,0.0010228852700851585,1,[6],[6307]
453,23,317,1108,0.0010238452700851528,9.599999999942987e-07,1,[6],[6232]
454,23,317,1108,0.0010252852700851443,1.4399999999914481e-06,1,[6],[6226]
455,23,318,1105,0.00102924057829259,0.00102924057829259,1,[6],[6290]
456,23,318,1106,0.0010267465089628363,0.0010267465089628363,1,[6],[6265]
457,23,318,1106,0.0010275665089628315,8.199999999951302e-07,1,[6],[6303]
458,23,318,1106,0.0010283665089628267,7.99999999995249e-07,1,[6],[6220]
459,23,318,1106,0.0010304065089628146,2.039999999987885e-06,1,[6],[6213]
460,23,318,1107,0.0010259453228790845,0.0010259453228790845,1,[6],[6285]
461,23,318,1107,0.001027535322879075,1.5899999999905573e-06,1,[6],[6215]
462,23,319,1104,0.0010314777750379488,0.0010314777750379488,1,[6],[6270]
463,23,319,1104,0.0010327577750379412,1.2799999999923983e-06,1,[6],[6237]
464,23,319,1105,0.0010295226279418092,0.0010295226279418092,1,[6],[6309]
465,23,319,1105,0.0010304326279418038,9.099999999945957e-07,1,[6],[6192]
466,23,319,1105,0.0010314826279417975,1.0499999999937643e-06,1,[6],[6263]
467,23,319,1106,0.0010294722699182386,0.0010294722699182386,1,[6],[6253]
468,23,320,1102,0.00103806131028336,0.00103806131028336,2,"[6, 13]","[5538, 721]"
469,23,320,1103,0.0010339573595953982,0.0010339573595953982,1,[6],[6295]
470,23,320,1103,0.0010349173595953925,9.599999999942987e-07,1,[6],[6233]
471,23,320,1103,0.0010361473595953852,1.2299999999926953e-06,2,"[6, 13]","[6220, 7]"
472,23,320,1104,0.0010324880164956829,0.0010324880164956829,1,[6],[6288]
473,23,320,1104,0.0010335480164956766,1.0599999999937049e-06,1,[6],[6258]
474,23,320,1104,0.0010358580164956629,2.3099999999862814e-06,1,[6],[6204]
475,23,321,1101,0.0010387623069914103,0.0010387623069914103,2,"[6, 13]","[4890, 1364]"
476,23,321,1101,0.0010406423069913991,1.879999999988835e-06,3,"[6, 13, 14]","[6219, 32, 1]"
477,23,321,1102,0.001036465489175016,0.001036465489175016,2,"[6, 13]","[5286, 985]"
478,23,321,1102,0.0010370854891750122,6.199999999963179e-07,2,"[6, 13]","[3967, 2287]"
479,23,321,1102,0.0010375754891750093,4.8999999999709e-07,2,"[6, 13]","[3781, 2478]"
480,23,321,1102,0.001038115489175006,5.39999999996793e-07,2,"[6, 13]","[4076, 2211]"
481,23,321,1102,0.001038975489175001,8.599999999948926e-07,2,"[6, 13]","[4941, 1280]"
482,23,321,1103,0.0010357140598870654,0.0010357140598870654,2,"[6, 13]","[6257, 9]"
483,23,321,1103,0.001037304059887056,1.5899999999905573e-06,2,"[6, 13]","[5623, 613]"
484,23,322,1100,0.0010411819905988776,0.0010411819905988776,2,"[6, 14]","[5287, 979]"
485,23,322,1100,0.0010418819905988735,6.999999999958428e-07,2,"[6, 14]","[3739, 2543]"
486,23,322,1100,0.00104248199059887,5.999999999964367e-07,2,"[6, 14]","[3146, 3057]"
487,23,322,1100,0.001043471990598864,9.899999999941206e-07,2,"[6, 14]","[3715, 2570]"
488,23,322,1101,0.0010393026411137356,0.0010393026411137356,2,"[6, 13]","[5900, 351]"
489,23,322,1101,0.0010401526411137306,8.49999999994952e-07,3,"[6, 13, 14]","[6243, 3, 11]"
490,23,322,1101,0.001040942641113726,7.899999999953083e-07,2,"[6, 14]","[6117, 184]"
491,23,322,1101,0.00104193264111372,9.899999999941206e-07,2,"[6, 14]","[5221, 1010]"
492,23,322,1102,0.0010384905135884192,0.0010384905135884192,2,"[6, 13]","[3999, 2262]"
493,23,323,1080,0.00120083953810538,0.00120083953810538,2,"[26, 110]","[6278, 3]"
494,23,323,1080,0.0012017295381053746,8.899999999947145e-07,2,"[26, 110]","[6244, 2]"
495,23,323,1080,0.0012026095381053694,8.799999999947739e-07,2,"[26, 110]","[6275, 4]"
496,23,323,1081,0.0012018709099509304,0.0012018709099509304,3,"[26, 121, 123]","[6288, 2, 7]"
497,23,323,1081,0.0012027209099509254,8.49999999994952e-07,1,[26],[6230]
498,23,323,1099,0.0010440075513133149,0.0010440075513133149,2,"[6, 14]","[5885, 368]"
499,23,323,1099,0.0010449575513133092,9.499999999943581e-07,2,"[6, 14]","[6299, 3]"
500,23,323,1099,0.0010460375513133028,1.079999999993586e-06,1,[6],[6237]
501,23,323,1100,0.0010421091685913046,0.0010421091685913046,2,"[6, 14]","[4220, 2086]"
502,23,323,1100,0.0010429391685912997,8.299999999950708e-07,2,"[6, 14]","[4612, 1630]"
503,23,323,1100,0.0010438491685912943,9.099999999945957e-07,2,"[6, 14]","[5681, 543]"
504,23,324,1079,0.0011919648662190225,0.0011919648662190225,3,"[26, 40, 141]","[6053, 221, 4]"
505,23,324,1079,0.001193394866219014,1.4299999999915075e-06,1,[26],[6222]
506,23,324,1079,0.001195764866219,2.369999999985925e-06,1,[26],[6251]
507,23,324,1079,0.0011989248662189812,3.1599999999812334e-06,1,[26],[6267]
508,23,324,1079,0.0012014448662189662,2.519999999985034e-06,2,"[26, 110]","[6119, 126]"
509,23,324,1080,0.0011944602866796523,0.0011944602866796523,3,"[26, 40, 141]","[6265, 5, 1]"
510,23,324,1080,0.0011963302866796412,1.8699999999888944e-06,1,[26],[6276]
511,23,324,1080,0.0011977802866796326,1.4499999999913887e-06,1,[26],[6241]
512,23,324,1080,0.001199070286679625,1.289999999992339e-06,1,[26],[6224]
513,23,324,1080,0.0012000902866796189,1.0199999999939424e-06,2,"[26, 110]","[6264, 13]"
514,23,324,1080,0.001201070286679613,9.7999999999418e-07,3,"[26, 110, 123]","[6129, 97, 1]"
515,23,324,1080,0.001202750286679603,1.6799999999900228e-06,2,"[26, 110]","[5861, 382]"
516,23,324,1081,0.0012020160757748718,0.0012020160757748718,3,"[26, 110, 123]","[6241, 13, 3]"
517,23,324,1097,0.0010499221437128077,0.0010499221437128077,1,[6],[6266]
518,23,324,1098,0.0010468408224781423,0.0010468408224781423,1,[6],[6260]
519,23,324,1098,0.001047720822478137,8.799999999947739e-07,1,[6],[6250]
520,23,324,1098,0.0010486108224781318,8.899999999947145e-07,1,[6],[6278]
521,23,324,1099,0.001045738965532826,0.001045738965532826,2,"[6, 14]","[6281, 2]"
522,23,324,1099,0.001047088965532818,1.3499999999919826e-06,1,[6],[6226]
523,23,325,1078,0.0011867264874734814,0.0011867264874734814,4,"[26, 40, 141, 142]","[6081, 16, 163, 8]"
524,23,325,1078,0.0011880764874734734,1.3499999999919826e-06,2,"[26, 40]","[5462, 818]"
525,23,325,1078,0.0011889064874734685,8.299999999950708e-07,2,"[26, 40]","[3837, 2427]"
526,23,325,1078,0.001189656487473464,7.499999999955459e-07,2,"[26, 40]","[3562, 2695]"
527,23,325,1078,0.0011907664874734574,1.109999999993408e-06,2,"[26, 40]","[4490, 1720]"
528,23,325,1079,0.001188950632838663,0.001188950632838663,3,"[26, 40, 141]","[3255, 2991, 34]"
529,23,325,1079,0.0011898606328386576,9.099999999945957e-07,2,"[26, 40]","[2968, 3319]"
530,23,325,1079,0.0011908506328386517,9.899999999941206e-07,2,"[26, 40]","[4765, 1461]"
531,23,325,1079,0.0011920306328386447,1.1799999999929922e-06,2,"[26, 40]","[6070, 141]"
532,23,325,1079,0.0011939306328386334,1.8999999999887163e-06,2,"[26, 40]","[6259, 1]"
533,23,325,1079,0.0011996706328385994,5.739999999965911e-06,2,"[26, 110]","[6241, 1]"
534,23,325,1080,0.001195422966900144,0.001195422966900144,2,"[26, 40]","[6036, 230]"
535,23,325,1080,0.0011980829669001282,2.6599999999842028e-06,1,[26],[6249]
536,23,325,1096,0.001052112900003915,0.001052112900003915,1,[6],[6276]
537,23,325,1096,0.0010536729000039057,1.5599999999907355e-06,1,[6],[6254]
538,23,325,1097,0.0010497118796631735,0.0010497118796631735,1,[6],[6258]
539,23,325,1097,0.0010506118796631682,8.999999999946551e-07,1,[6],[6311]
540,23,325,1097,0.0010514618796631631,8.49999999994952e-07,1,[6],[6200]
541,23,325,1097,0.0010529518796631543,1.4899999999911512e-06,1,[6],[6240]
542,23,325,1098,0.001049212603578,0.001049212603578,1,[6],[6276]
543,23,326,1077,0.001183933781263553,0.001183933781263553,2,"[26, 141]","[6278, 6]"
544,23,326,1077,0.0011849237812635472,9.899999999941206e-07,1,[26],[6229]
545,23,326,1077,0.0011864137812635383,1.4899999999911512e-06,1,[26],[6247]
546,23,326,1078,0.0011853012260112491,0.0011853012260112491,2,"[26, 141]","[6247, 35]"
547,23,326,1078,0.0011864512260112423,1.1499999999931704e-06,2,"[26, 40]","[6252, 5]"
548,23,326,1078,0.0011877812260112344,1.3299999999921014e-06,2,"[26, 40]","[5873, 353]"
549,23,326,1078,0.0011889812260112273,1.1999999999928734e-06,2,"[26, 40]","[3263, 2996]"
550,23,326,1078,0.001190531226011218,1.5499999999907949e-06,2,"[26, 40]","[1808, 4425]"
551,23,326,1079,0.0011890191519825432,0.0011890191519825432,3,"[26, 40, 141]","[2355, 3952, 3]"
552,23,326,1079,0.0011903091519825356,1.289999999992339e-06,2,"[26, 40]","[893, 5320]"
553,23,326,1095,0.001054885265410677,0.001054885265410677,1,[6],[6283]
554,23,326,1095,0.0010559852654106704,1.0999999999934673e-06,1,[6],[6228]
555,23,326,1095,0.0010574752654106615,1.4899999999911512e-06,1,[6],[6245]
556,23,326,1096,0.0010528096892859172,0.0010528096892859172,1,[6],[6289]
557,23,326,1096,0.0010537196892859118,9.099999999945957e-07,1,[6],[6286]
558,23,326,1096,0.0010545696892859068,8.49999999994952e-07,1,[6],[6211]
559,23,326,1096,0.001056029689285898,1.4599999999913293e-06,1,[6],[6231]
560,23,326,1097,0.0010532981449316626,0.0010532981449316626,1,[6],[6254]
561,23,327,1076,0.0011816061868990075,0.0011816061868990075,1,[26],[6252]
562,23,327,1076,0.001182706186899001,1.0999999999934673e-06,1,[26],[6308]
563,23,327,1077,0.0011827637943230464,0.0011827637943230464,1,[26],[6268]
564,23,327,1077,0.00118385379432304,1.0899999999935267e-06,1,[26],[6269]
565,23,327,1093,0.0010618615851784561,0.0010618615851784561,1,[6],[6250]
566,23,327,1094,0.0010578765643142825,0.0010578765643142825,1,[6],[6277]
567,23,327,1094,0.0010588265643142769,9.499999999943581e-07,1,[6],[6247]
568,23,327,1094,0.0010597665643142713,9.399999999944175e-07,1,[6],[6268]
569,23,327,1094,0.0010620465643142577,2.2799999999864595e-06,1,[6],[6209]
570,23,327,1095,0.0010561584096745141,0.0010561584096745141,1,[6],[6255]
571,23,327,1095,0.001057178409674508,1.0199999999939424e-06,1,[6],[6269]
572,23,327,1095,0.0010583184096745013,1.1399999999932298e-06,1,[6],[6246]
573,23,328,1075,0.0011802726484262782,0.0011802726484262782,1,[26],[6255]
574,23,328,1076,0.0011800112737969618,0.0011800112737969618,1,[26],[6257]
575,23,328,1076,0.001180991273796956,9.7999999999418e-07,1,[26],[6297]
576,23,328,1076,0.001182341273796948,1.3499999999919826e-06,1,[26],[6202]
577,23,328,1092,0.0010635750233784246,0.0010635750233784246,1,[6],[6259]
578,23,328,1092,0.0010652450233784147,1.6699999999900822e-06,1,[6],[6261]
579,23,328,1093,0.0010608356446320433,0.0010608356446320433,1,[6],[6252]
580,23,328,1093,0.0010616556446320384,8.199999999951302e-07,1,[6],[6251]
581,23,328,1093,0.0010623756446320341,7.199999999957241e-07,1,[6],[6318]
582,23,328,1093,0.0010632656446320288,8.899999999947145e-07,1,[6],[6227]
583,23,328,1094,0.0010596981021046181,0.0010596981021046181,1,[6],[6254]
584,23,328,1094,0.0010609981021046104,1.2999999999922796e-06,1,[6],[6269]
585,23,329,1075,0.0011778186965052822,0.0011778186965052822,1,[26],[6251]
586,23,329,1075,0.0011788186965052763,9.999999999940612e-07,1,[26],[6283]
587,23,329,1075,0.0011804286965052667,1.6099999999904385e-06,1,[26],[6228]
588,23,329,1076,0.0011793228380140258,0.0011793228380140258,1,[26],[6259]
589,23,329,1090,0.0010694786208178741,0.0010694786208178741,3,"[6, 15, 16]","[4553, 1726, 1]"
590,23,329,1091,0.0010661877876092512,0.0010661877876092512,1,[6],[6283]
591,23,329,1091,0.0010671077876092457,9.199999999945363e-07,2,"[6, 15]","[6228, 3]"
592,23,329,1091,0.0010680377876092402,9.299999999944769e-07,2,"[6, 15]","[6193, 61]"
593,23,329,1091,0.0010698477876092294,1.8099999999892508e-06,2,"[6, 15]","[4752, 1496]"
594,23,329,1092,0.0010640840862483414,0.0010640840862483414,1,[6],[6263]
595,23,329,1092,0.0010649440862483363,8.599999999948926e-07,1,[6],[6237]
596,23,329,1092,0.0010657440862483316,7.99999999995249e-07,1,[6],[6318]
597,23,329,1092,0.0010668140862483252,1.0699999999936455e-06,1,[6],[6224]
598,23,329,1093,0.0010637656582385387,0.0010637656582385387,1,[6],[6251]
599,23,330,1074,0.0011776981565359756,0.0011776981565359756,3,"[26, 146, 147]","[6242, 11, 1]"
600,23,330,1075,0.0011762597447092158,0.0011762597447092158,2,"[26, 146]","[6261, 17]"
601,23,330,1075,0.0011771997447092102,9.399999999944175e-07,3,"[26, 146, 147]","[6221, 16, 1]"
602,23,330,1075,0.0011784597447092027,1.259999999992517e-06,2,"[26, 146]","[6257, 4]"
603,23,330,1089,0.0010710409830137603,0.0010710409830137603,3,"[6, 15, 16]","[5155, 189, 915]"
604,23,330,1089,0.0010723709830137524,1.3299999999921014e-06,3,"[6, 15, 16]","[5572, 4, 697]"
605,23,330,1090,0.0010686458921434887,0.0010686458921434887,3,"[6, 15, 16]","[5268, 1048, 3]"
606,23,330,1090,0.001069255892143485,6.099999999963773e-07,3,"[6, 15, 16]","[4448, 1762, 26]"
607,23,330,1090,0.001069765892143482,5.099999999969712e-07,3,"[6, 15, 16]","[4458, 1718, 92]"
608,23,330,1090,0.001070265892143479,4.999999999970306e-07,3,"[6, 15, 16]","[4568, 1324, 316]"
609,23,330,1090,0.0010708758921434754,6.099999999963773e-07,3,"[6, 15, 16]","[4701, 836, 763]"
610,23,330,1090,0.0010720558921434684,1.1799999999929922e-06,3,"[6, 15, 16]","[4653, 223, 1297]"
611,23,330,1091,0.0010674450123144901,0.0010674450123144901,2,"[6, 15]","[6231, 26]"
612,23,330,1091,0.0010683950123144845,9.499999999943581e-07,2,"[6, 15]","[5837, 420]"
613,23,330,1091,0.0010692750123144793,8.799999999947739e-07,3,"[6, 15, 16]","[4732, 1541, 1]"
614,23,330,1091,0.001071005012314469,1.7299999999897259e-06,3,"[6, 15, 16]","[3536, 2636, 49]"
615,23,331,1074,0.0011740139453678164,0.0011740139453678164,1,[26],[6259]
616,23,331,1074,0.0011754839453678076,1.46999999999127e-06,1,[26],[6241]
617,23,331,1075,0.00117503806984563,0.00117503806984563,2,"[26, 146]","[6273, 1]"
618,23,331,1075,0.001177568069845615,2.529999999984975e-06,3,"[26, 146, 147]","[6211, 13, 5]"
619,23,331,1087,0.001077259864097668,0.001077259864097668,4,"[6, 17, 266, 267]","[5265, 983, 7, 1]"
620,23,331,1088,0.001073140891707345,0.001073140891707345,2,"[6, 16]","[6271, 12]"
621,23,331,1088,0.00107401089170734,8.699999999948332e-07,1,[6],[6220]
622,23,331,1088,0.0010751508917073332,1.1399999999932298e-06,2,"[6, 17]","[6284, 6]"
623,23,331,1089,0.0010714492452099389,0.0010714492452099389,3,"[6, 15, 16]","[5581, 10, 670]"
624,23,331,1089,0.0010722392452099342,7.899999999953083e-07,2,"[6, 16]","[6097, 187]"
625,23,331,1089,0.0010730292452099295,7.899999999953083e-07,2,"[6, 16]","[6204, 37]"
626,23,331,1089,0.001074789245209919,1.7599999999895477e-06,2,"[6, 16]","[6216, 2]"
627,23,331,1090,0.0010709912206380192,0.0010709912206380192,3,"[6, 15, 16]","[5231, 276, 774]"
628,23,332,1074,0.001171712262135855,0.001171712262135855,1,[26],[6289]
629,23,332,1074,0.0011727422621358489,1.029999999993883e-06,1,[26],[6263]
630,23,332,1074,0.001174062262135841,1.3199999999921608e-06,1,[26],[6212]
631,23,332,1086,0.0010770199238086776,0.0010770199238086776,4,"[6, 17, 18, 266]","[4228, 1707, 352, 13]"
632,23,332,1086,0.001077959923808672,9.399999999944175e-07,4,"[6, 17, 18, 266]","[3950, 1232, 1003, 19]"
633,23,332,1087,0.0010752461789349424,0.0010752461789349424,3,"[6, 17, 266]","[5900, 371, 1]"
634,23,332,1087,0.0010758861789349386,6.399999999961992e-07,5,"[6, 17, 18, 266, 267]","[5078, 1243, 5, 1, 1]"
635,23,332,1087,0.0010763661789349357,4.799999999971494e-07,5,"[6, 17, 18, 266, 267]","[4116, 2053, 13, 3, 2]"
636,23,332,1087,0.001076816178934933,4.4999999999732754e-07,4,"[6, 17, 18, 266]","[3544, 2671, 34, 13]"
637,23,332,1087,0.0010773061789349301,4.8999999999709e-07,5,"[6, 17, 18, 266, 267]","[2993, 3203, 73, 33, 2]"
638,23,332,1087,0.0010781461789349251,8.399999999950114e-07,5,"[6, 17, 18, 266, 267]","[2500, 3409, 216, 35, 3]"
639,23,332,1088,0.0010743064466627841,0.0010743064466627841,2,"[6, 17]","[6303, 6]"
640,23,332,1088,0.0010753864466627777,1.079999999993586e-06,2,"[6, 17]","[6139, 92]"
641,23,333,1073,0.0011696394904436272,0.0011696394904436272,1,[26],[6267]
642,23,333,1074,0.0011698947465677764,0.0011698947465677764,1,[26],[6279]
643,23,333,1074,0.0011711847465677688,1.289999999992339e-06,1,[26],[6238]
644,23,333,1085,0.0010791275613499243,0.0010791275613499243,3,"[6, 17, 18]","[5918, 3, 352]"
645,23,333,1085,0.001080007561349919,8.799999999947739e-07,2,"[6, 18]","[6267, 6]"
646,23,333,1085,0.0010809975613499132,9.899999999941206e-07,2,"[6, 18]","[6252, 1]"
647,23,333,1086,0.0010773620378839684,0.0010773620378839684,4,"[6, 17, 18, 266]","[4617, 516, 1162, 4]"
648,23,333,1086,0.0010780020378839646,6.399999999961992e-07,4,"[6, 17, 18, 266]","[4764, 191, 1253, 2]"
649,23,333,1086,0.0010785920378839611,5.899999999964961e-07,4,"[6, 17, 18, 266]","[5350, 61, 857, 1]"
650,23,333,1086,0.0010793320378839567,7.399999999956053e-07,4,"[6, 17, 18, 266]","[5832, 12, 387, 1]"
651,23,333,1087,0.0010769832682592556,0.0010769832682592556,4,"[6, 17, 18, 266]","[4506, 1646, 132, 10]"
652,23,333,1087,0.001078593268259246,1.6099999999904385e-06,4,"[6, 17, 18, 266]","[4064, 1505, 630, 21]"
653,23,334,1073,0.0011667428030662928,0.0011667428030662928,1,[26],[6288]
654,23,334,1073,0.0011678228030662864,1.079999999993586e-06,1,[26],[6246]
655,23,334,1073,0.001169082803066279,1.259999999992517e-06,1,[26],[6248]
656,23,334,1074,0.0011688207256243092,0.0011688207256243092,1,[26],[6266]
657,23,334,1083,0.0010836278933360037,0.0010836278933360037,2,"[6, 19]","[6270, 4]"
658,23,334,1083,0.0010848978933359961,1.2699999999924577e-06,2,"[6, 19]","[6063, 184]"
659,23,334,1084,0.0010814101712890998,0.0010814101712890998,1,[6],[6263]
660,23,334,1084,0.0010821501712890954,7.399999999956053e-07,1,[6],[6317]
661,23,334,1084,0.0010828001712890915,6.499999999961398e-07,1,[6],[6226]
662,23,334,1084,0.0010835901712890868,7.899999999953083e-07,1,[6],[6234]
663,23,334,1085,0.0010803177981079395,0.0010803177981079395,2,"[6, 18]","[6270, 9]"
664,23,334,1085,0.0010812877981079337,9.699999999942394e-07,1,[6],[6246]
665,23,334,1085,0.0010833177981079216,2.0299999999879442e-06,1,[6],[6226]
666,23,335,1072,0.0011657450712835374,0.0011657450712835374,2,"[26, 32]","[6247, 11]"
667,23,335,1073,0.0011644922404347256,0.0011644922404347256,1,[26],[6260]
668,23,335,1073,0.0011655022404347196,1.0099999999940018e-06,1,[26],[6260]
669,23,335,1073,0.0011665822404347131,1.079999999993586e-06,1,[26],[6231]
670,23,335,1081,0.0010880338100737687,0.0010880338100737687,2,"[6, 19]","[6266, 5]"
671,23,335,1082,0.00108545724277915,0.00108545724277915,2,"[6, 19]","[5586, 673]"
672,23,335,1082,0.0010861772427791458,7.199999999957241e-07,2,"[6, 19]","[6023, 279]"
673,23,335,1082,0.001086827242779142,6.499999999961398e-07,2,"[6, 19]","[6152, 96]"
674,23,335,1082,0.0010876772427791369,8.49999999994952e-07,2,"[6, 19]","[6192, 17]"
675,23,335,1083,0.0010839508798884032,0.0010839508798884032,2,"[6, 19]","[6137, 116]"
676,23,335,1083,0.001084660879888399,7.099999999957834e-07,2,"[6, 19]","[5807, 487]"
677,23,335,1083,0.0010852508798883955,5.899999999964961e-07,2,"[6, 19]","[5487, 800]"
678,23,335,1083,0.0010859108798883916,6.599999999960804e-07,2,"[6, 19]","[5196, 972]"
679,23,335,1084,0.0010837019791478386,0.0010837019791478386,2,"[6, 19]","[6246, 5]"
680,23,336,1072,0.0011613976174354038,0.0011613976174354038,2,"[26, 32]","[4729, 1538]"
681,23,336,1072,0.0011628276174353953,1.4299999999915075e-06,2,"[26, 32]","[6006, 254]"
682,23,336,1072,0.0011649976174353824,2.169999999987113e-06,2,"[26, 32]","[6225, 2]"
683,23,336,1073,0.0011629305093533134,0.0011629305093533134,2,"[26, 32]","[6030, 242]"
684,23,336,1073,0.0011645705093533036,1.6399999999902604e-06,1,[26],[6250]
685,23,336,1079,0.0010922165423415812,0.0010922165423415812,2,"[6, 20]","[6262, 6]"
686,23,336,1080,0.0010894921943968403,0.0010894921943968403,1,[6],[6310]
687,23,336,1080,0.0010902921943968355,7.99999999995249e-07,1,[6],[6229]
688,23,336,1080,0.0010911921943968302,8.999999999946551e-07,1,[6],[6246]
689,23,336,1081,0.0010877751333268203,0.0010877751333268203,2,"[6, 19]","[6267, 1]"
690,23,336,1081,0.001088505133326816,7.299999999956647e-07,1,[6],[6256]
691,23,336,1081,0.001089185133326812,6.799999999959616e-07,1,[6],[6237]
692,23,336,1081,0.0010901651333268061,9.7999999999418e-07,1,[6],[6244]
693,23,336,1082,0.0010869225585767733,0.0010869225585767733,2,"[6, 19]","[6157, 117]"
694,23,336,1082,0.001088152558576766,1.2299999999926953e-06,1,[6],[6230]
695,23,337,1071,0.0011597867396320764,0.0011597867396320764,3,"[26, 32, 210]","[6062, 186, 7]"
696,23,337,1072,0.0011575583634663193,0.0011575583634663193,1,[26],[6255]
697,23,337,1072,0.0011589283634663111,1.3699999999918638e-06,2,"[26, 32]","[6163, 126]"
698,23,337,1072,0.0011599283634663052,9.999999999940612e-07,2,"[26, 32]","[5003, 1208]"
699,23,337,1072,0.0011607183634663005,7.899999999953083e-07,2,"[26, 32]","[3884, 2369]"
700,23,337,1072,0.001161798363466294,1.079999999993586e-06,2,"[26, 32]","[4056, 2222]"
701,23,337,1073,0.0011632892720114239,0.0011632892720114239,2,"[26, 32]","[5444, 813]"
702,23,337,1077,0.0010955470266816793,0.0010955470266816793,3,"[6, 20, 21]","[5606, 293, 380]"
703,23,337,1078,0.0010928937258501605,0.0010928937258501605,2,"[6, 20]","[4861, 1438]"
704,23,337,1078,0.0010935237258501568,6.299999999962586e-07,2,"[6, 20]","[4506, 1728]"
705,23,337,1078,0.0010941337258501532,6.099999999963773e-07,3,"[6, 20, 21]","[4866, 1422, 3]"
706,23,337,1078,0.0010951037258501474,9.699999999942394e-07,3,"[6, 20, 21]","[5398, 759, 22]"
707,23,337,1079,0.0010915078019639271,0.0010915078019639271,2,"[6, 20]","[6239, 13]"
708,23,337,1079,0.0010921778019639232,6.69999999996021e-07,2,"[6, 20]","[6185, 99]"
709,23,337,1079,0.0010927678019639197,5.899999999964961e-07,2,"[6, 20]","[6001, 335]"
710,23,337,1079,0.0010934378019639157,6.69999999996021e-07,2,"[6, 20]","[5490, 735]"
711,23,337,1080,0.001090672929576806,0.001090672929576806,1,[6],[6255]
712,23,337,1080,0.0010919729295767982,1.2999999999922796e-06,2,"[6, 20]","[6276, 1]"
713,23,338,1071,0.0011524377176590358,0.0011524377176590358,2,"[26, 210]","[6240, 11]"
714,23,338,1071,0.001154097717659026,1.6599999999901416e-06,2,"[26, 210]","[5709, 556]"
715,23,338,1071,0.0011556977176590164,1.599999999990498e-06,2,"[26, 210]","[5168, 1091]"
716,23,338,1072,0.0011539769795236615,0.0011539769795236615,3,"[6, 26, 210]","[1, 6261, 6]"
717,23,338,1072,0.0011556469795236516,1.6699999999900822e-06,2,"[26, 210]","[6223, 11]"
718,23,338,1072,0.0011572369795236422,1.5899999999905573e-06,2,"[26, 210]","[6271, 2]"
719,23,338,1072,0.0011603469795236237,3.1099999999815303e-06,2,"[26, 32]","[5974, 251]"
720,23,338,1075,0.0010985099511079217,0.0010985099511079217,3,"[6, 21, 22]","[5685, 1, 594]"
721,23,338,1076,0.0010960955563007282,0.0010960955563007282,2,"[6, 21]","[5443, 839]"
722,23,338,1076,0.0010968555563007237,7.599999999954865e-07,3,"[6, 21, 22]","[6053, 226, 2]"
723,23,338,1076,0.001097655556300719,7.99999999995249e-07,3,"[6, 21, 22]","[6132, 50, 12]"
724,23,338,1077,0.0010947230122031674,0.0010947230122031674,3,"[6, 20, 21]","[5584, 162, 593]"
725,23,338,1077,0.001095293012203164,5.699999999966149e-07,3,"[6, 20, 21]","[5140, 5, 1119]"
726,23,338,1077,0.0010957630122031613,4.6999999999720876e-07,3,"[6, 20, 21]","[5032, 2, 1229]"
727,23,338,1077,0.0010962730122031582,5.099999999969712e-07,2,"[6, 21]","[4989, 1201]"
728,23,338,1077,0.001097153012203153,8.799999999947739e-07,3,"[6, 21, 22]","[5327, 887, 1]"
729,23,338,1078,0.0010936558073823942,0.0010936558073823942,3,"[6, 20, 21]","[4301, 2001, 5]"
730,23,338,1078,0.0010945058073823892,8.49999999994952e-07,3,"[6, 20, 21]","[5317, 868, 25]"
731,23,338,1078,0.0010956958073823821,1.1899999999929328e-06,3,"[6, 20, 21]","[5756, 197, 310]"
732,23,339,1070,0.0011479128797118017,0.0011479128797118017,1,[26],[6261]
733,23,339,1070,0.001153942879711766,6.029999999964189e-06,2,"[26, 210]","[2802, 3478]"
734,23,339,1070,0.0011550028797117596,1.0599999999937049e-06,2,"[26, 210]","[33, 6193]"
735,23,339,1071,0.0011473224409726524,0.0011473224409726524,2,"[6, 26]","[5, 6263]"
736,23,339,1071,0.001148902440972643,1.5799999999906167e-06,1,[26],[6249]
737,23,339,1071,0.0011501624409726355,1.259999999992517e-06,1,[26],[6273]
738,23,339,1071,0.001151442440972628,1.2799999999923983e-06,1,[26],[6239]
739,23,339,1071,0.001153282440972617,1.8399999999890726e-06,2,"[26, 210]","[5848, 383]"
740,23,339,1071,0.0011549324409726072,1.649999999990201e-06,2,"[26, 210]","[2156, 4110]"
741,23,339,1072,0.001152463735376324,0.001152463735376324,3,"[6, 23, 26]","[267, 3, 5983]"
742,23,339,1074,0.0010988231970364894,0.0010988231970364894,3,"[6, 22, 23]","[5012, 969, 295]"
743,23,339,1074,0.0010994631970364856,6.399999999961992e-07,3,"[6, 22, 23]","[5177, 451, 609]"
744,23,339,1074,0.0011000931970364819,6.299999999962586e-07,3,"[6, 22, 23]","[5280, 180, 784]"
745,23,339,1074,0.0011016931970364724,1.599999999990498e-06,3,"[6, 22, 23]","[5493, 43, 708]"
746,23,339,1075,0.0010975017189515,0.0010975017189515,2,"[6, 22]","[5760, 493]"
747,23,339,1075,0.0010979817189514971,4.799999999971494e-07,3,"[6, 22, 23]","[5271, 970, 7]"
748,23,339,1075,0.001098351718951495,3.6999999999780264e-07,3,"[6, 22, 23]","[5095, 1238, 16]"
749,23,339,1075,0.001098691718951493,3.399999999979808e-07,3,"[6, 22, 23]","[4840, 1338, 37]"
750,23,339,1075,0.0010990517189514908,3.5999999999786203e-07,3,"[6, 22, 23]","[4771, 1429, 76]"
751,23,339,1075,0.001099521718951488,4.6999999999720876e-07,3,"[6, 22, 23]","[4724, 1335, 138]"
752,23,339,1075,0.001101881718951474,2.3599999999859844e-06,3,"[6, 22, 23]","[4911, 916, 385]"
753,23,339,1076,0.0010968356769349976,0.0010968356769349976,3,"[6, 21, 22]","[6180, 127, 7]"
754,23,339,1076,0.0010975656769349933,7.299999999956647e-07,3,"[6, 21, 22]","[6135, 6, 72]"
755,23,339,1076,0.0010983956769349884,8.299999999950708e-07,3,"[6, 21, 22]","[6002, 3, 257]"
756,23,339,1077,0.001097997723291596,0.001097997723291596,3,"[6, 20, 21]","[5544, 2, 711]"
757,23,340,1069,0.0011431735138158865,0.0011431735138158865,1,[26],[6250]
758,23,340,1070,0.0011407695504593212,0.0011407695504593212,2,"[6, 26]","[66, 6184]"
759,23,340,1070,0.0011422495504593124,1.4799999999912106e-06,1,[26],[6281]
760,23,340,1070,0.0011435195504593048,1.2699999999924577e-06,1,[26],[6251]
761,23,340,1070,0.0011448795504592968,1.3599999999919232e-06,1,[26],[6234]
762,23,340,1070,0.001147199550459283,2.319999999986222e-06,1,[26],[6252]
763,23,340,1071,0.0011441562234969452,0.0011441562234969452,2,"[6, 26]","[1729, 4542]"
764,23,340,1071,0.001146226223496933,2.0699999999877067e-06,1,[26],[6260]
765,23,340,1071,0.0011483262234969205,2.0999999999875285e-06,1,[26],[6240]
766,23,340,1072,0.0011022704528154596,0.0011022704528154596,1,[6],[6294]
767,23,340,1072,0.0011036804528154513,1.4099999999916263e-06,1,[6],[6228]
768,23,340,1073,0.0011003661425180165,0.0011003661425180165,3,"[6, 22, 23]","[6103, 1, 202]"
769,23,340,1073,0.001100956142518013,5.899999999964961e-07,2,"[6, 23]","[6191, 29]"
770,23,340,1073,0.0011014761425180099,5.199999999969118e-07,2,"[6, 23]","[6332, 5]"
771,23,340,1073,0.0011020561425180064,5.799999999965555e-07,1,[6],[6182]
772,23,340,1073,0.0011033961425179985,1.339999999992042e-06,1,[6],[6226]
773,23,340,1074,0.0010992764282881176,0.0010992764282881176,3,"[6, 22, 23]","[5377, 158, 751]"
774,23,340,1074,0.001099866428288114,5.899999999964961e-07,3,"[6, 22, 23]","[5384, 36, 858]"
775,23,340,1074,0.001100376428288111,5.099999999969712e-07,3,"[6, 22, 23]","[5555, 6, 660]"
776,23,340,1074,0.0011010264282881072,6.499999999961398e-07,3,"[6, 22, 23]","[5801, 1, 414]"
777,23,340,1075,0.001099230899803767,0.001099230899803767,3,"[6, 22, 23]","[5251, 821, 196]"
778,23,341,1069,0.0011341556052405781,0.0011341556052405781,3,"[6, 26, 29]","[337, 5909, 4]"
779,23,341,1069,0.001135705605240569,1.5499999999907949e-06,1,[26],[6257]
780,23,341,1069,0.001137035605240561,1.3299999999921014e-06,1,[26],[6254]
781,23,341,1069,0.001138565605240552,1.5299999999909136e-06,1,[26],[6260]
782,23,341,1069,0.0011424956052405286,3.9299999999766605e-06,1,[26],[6231]
783,23,341,1070,0.0011069597894225792,0.0011069597894225792,1,[6],[6251]
784,23,341,1070,0.001137819789422396,3.085999999981673e-05,2,"[6, 26]","[222, 6054]"
785,23,341,1070,0.0011395697894223855,1.749999999989607e-06,1,[26],[6255]
786,23,341,1070,0.001141329789422375,1.7599999999895477e-06,1,[26],[6223]
787,23,341,1071,0.0011033345334574905,0.0011033345334574905,1,[6],[6275]
788,23,341,1071,0.0011039445334574869,6.099999999963773e-07,1,[6],[6299]
789,23,341,1071,0.0011044945334574836,5.499999999967337e-07,1,[6],[6178]
790,23,341,1071,0.0011052945334574789,7.99999999995249e-07,1,[6],[6302]
791,23,341,1072,0.0011020679628661715,0.0011020679628661715,1,[6],[6272]
792,23,341,1072,0.0011025879628661684,5.199999999969118e-07,1,[6],[6283]
793,23,341,1072,0.001103007962866166,4.199999999975057e-07,1,[6],[6249]
794,23,341,1072,0.0011034179628661635,4.099999999975651e-07,1,[6],[6247]
795,23,341,1072,0.0011039179628661606,4.999999999970306e-07,1,[6],[6205]
796,23,341,1072,0.0011050679628661537,1.1499999999931704e-06,1,[6],[6254]
797,23,341,1073,0.001101707933461768,0.001101707933461768,2,"[6, 23]","[6314, 4]"
798,23,341,1073,0.001102707933461762,9.999999999940612e-07,1,[6],[6218]
799,23,342,1067,0.0011308820655207372,0.0011308820655207372,7,"[6, 26, 29, 198, 202, 206, 207]","[31, 3416, 2792, 3, 2, 6, 1]"
800,23,342,1068,0.0011267783353907687,0.0011267783353907687,4,"[6, 26, 29, 202]","[1346, 3772, 1160, 2]"
801,23,342,1068,0.0011281883353907603,1.4099999999916263e-06,6,"[26, 29, 198, 199, 202, 206]","[4090, 2121, 10, 3, 4, 3]"
802,23,342,1068,0.0011293183353907536,1.1299999999932892e-06,7,"[26, 29, 198, 199, 202, 206, 207]","[4653, 1576, 7, 2, 2, 8, 2]"
803,23,342,1068,0.0011306383353907458,1.3199999999921608e-06,3,"[26, 29, 206]","[5730, 516, 2]"
804,23,342,1068,0.0011323683353907355,1.7299999999897259e-06,2,"[26, 29]","[6235, 11]"
805,23,342,1069,0.0011067257731943037,0.0011067257731943037,1,[6],[6303]
806,23,342,1069,0.001107865773194297,1.1399999999932298e-06,1,[6],[6229]
807,23,342,1069,0.0011300157731941654,2.2149999999868455e-05,5,"[6, 26, 29, 206, 207]","[2405, 3604, 229, 2, 1]"
808,23,342,1069,0.0011320157731941536,1.9999999999881224e-06,2,"[26, 29]","[6231, 1]"
809,23,342,1069,0.0011335457731941445,1.5299999999909136e-06,1,[26],[6253]
810,23,342,1069,0.001135315773194134,1.7699999999894883e-06,1,[26],[6249]
811,23,342,1070,0.0011048259385949206,0.0011048259385949206,1,[6],[6266]
812,23,342,1070,0.0011053759385949173,5.499999999967337e-07,1,[6],[6318]
813,23,342,1070,0.0011058059385949147,4.299999999974463e-07,1,[6],[6283]
814,23,342,1070,0.0011062259385949123,4.199999999975057e-07,1,[6],[6278]
815,23,342,1070,0.0011067059385949094,4.799999999971494e-07,1,[6],[6192]
816,23,342,1070,0.0011075459385949044,8.399999999950114e-07,1,[6],[6182]
817,23,342,1071,0.001103928657213162,0.001103928657213162,1,[6],[6298]
818,23,342,1071,0.0011045286572131585,5.999999999964367e-07,1,[6],[6316]
819,23,342,1071,0.0011050386572131555,5.099999999969712e-07,1,[6],[6163]
820,23,342,1071,0.0011056986572131515,6.599999999960804e-07,1,[6],[6279]
821,23,342,1072,0.0011045370232672035,0.0011045370232672035,1,[6],[6269]
822,23,343,1067,0.0011170378430862896,0.0011170378430862896,2,"[6, 26]","[5469, 785]"
823,23,343,1067,0.0011210778430862656,4.039999999976007e-06,1,[26],[6271]
824,23,343,1067,0.0011230678430862538,1.9899999999881818e-06,1,[26],[6233]
825,23,343,1067,0.0011251378430862415,2.0699999999877067e-06,2,"[26, 29]","[6220, 52]"
826,23,343,1067,0.001127247843086229,2.109999999987469e-06,3,"[26, 29, 202]","[3611, 2627, 1]"
827,23,343,1067,0.0011286578430862206,1.4099999999916263e-06,6,"[26, 29, 198, 199, 206, 207]","[982, 5260, 2, 1, 10, 2]"
828,23,343,1068,0.0011077357542714048,0.0011077357542714048,1,[6],[6308]
829,23,343,1068,0.0011082757542714016,5.39999999996793e-07,1,[6],[6323]
830,23,343,1068,0.0011087657542713986,4.8999999999709e-07,1,[6],[6154]
831,23,343,1068,0.0011096857542713932,9.199999999945363e-07,1,[6],[6239]
832,23,343,1068,0.0011225357542713169,1.2849999999923686e-05,2,"[6, 26]","[1090, 5142]"
833,23,343,1068,0.0011242957542713064,1.7599999999895477e-06,2,"[26, 29]","[6249, 5]"
834,23,343,1068,0.0011255657542712989,1.2699999999924577e-06,2,"[26, 29]","[5878, 407]"
835,23,343,1068,0.0011265057542712933,9.399999999944175e-07,3,"[26, 29, 202]","[4270, 2004, 5]"
836,23,343,1068,0.001127215754271289,7.099999999957834e-07,5,"[26, 29, 198, 202, 206]","[3046, 3168, 4, 2, 1]"
837,23,343,1068,0.0011278557542712853,6.399999999961992e-07,5,"[26, 29, 198, 202, 206]","[2518, 3741, 1, 2, 4]"
838,23,343,1068,0.0011284457542712818,5.899999999964961e-07,7,"[26, 29, 198, 199, 202, 206, 207]","[2066, 4163, 4, 1, 3, 11, 1]"
839,23,343,1068,0.0011291257542712777,6.799999999959616e-07,6,"[26, 29, 198, 199, 202, 206]","[1943, 4293, 9, 2, 1, 13]"
840,23,343,1068,0.001130915754271267,1.7899999999893695e-06,5,"[26, 29, 198, 206, 207]","[3069, 3096, 3, 10, 3]"
841,23,343,1069,0.0011066016220382976,0.0011066016220382976,1,[6],[6274]
842,23,343,1069,0.0011071116220382946,5.099999999969712e-07,1,[6],[6367]
843,23,343,1069,0.0011074816220382924,3.6999999999780264e-07,1,[6],[6288]
844,23,343,1069,0.0011078416220382903,3.5999999999786203e-07,1,[6],[6118]
845,23,343,1069,0.001108231622038288,3.8999999999768387e-07,1,[6],[6328]
846,23,343,1069,0.0011087816220382847,5.499999999967337e-07,1,[6],[6174]
847,23,343,1069,0.001128271622038169,1.9489999999884253e-05,5,"[6, 26, 29, 198, 202]","[3956, 1648, 608, 2, 1]"
848,23,343,1070,0.001106156028043051,0.001106156028043051,1,[6],[6266]
849,23,343,1070,0.0011069360280430464,7.799999999953677e-07,1,[6],[6239]
850,23,343,1070,0.0011080660280430397,1.1299999999932892e-06,1,[6],[6247]
851,23,344,1066,0.0011094747873330582,0.0011094747873330582,1,[6],[6286]
852,23,344,1066,0.0011127947873330385,3.319999999980283e-06,2,"[6, 26]","[5496, 720]"
853,23,344,1066,0.001116224787333018,3.42999999997963e-06,1,[26],[6263]
854,23,344,1067,0.0011081612916304967,0.0011081612916304967,1,[6],[6358]
855,23,344,1067,0.0011085512916304944,3.8999999999768387e-07,1,[6],[6214]
856,23,344,1067,0.0011088512916304926,2.9999999999821836e-07,1,[6],[6386]
857,23,344,1067,0.001109121291630491,2.699999999983965e-07,1,[6],[6216]
858,23,344,1067,0.0011094012916304894,2.7999999999833713e-07,1,[6],[6104]
859,23,344,1067,0.0011097412916304874,3.399999999979808e-07,1,[6],[6235]
860,23,344,1067,0.001110291291630484,5.499999999967337e-07,1,[6],[6295]
861,23,344,1067,0.0011142212916304608,3.9299999999766605e-06,2,"[6, 26]","[2991, 3222]"
862,23,344,1067,0.0011161012916304496,1.879999999988835e-06,1,[26],[6276]
863,23,344,1067,0.0011174312916304417,1.3299999999921014e-06,1,[26],[6228]
864,23,344,1067,0.0011186812916304343,1.2499999999925765e-06,1,[26],[6234]
865,23,344,1067,0.0011200512916304261,1.3699999999918638e-06,1,[26],[6265]
866,23,344,1067,0.0011218212916304156,1.7699999999894883e-06,1,[26],[6231]
867,23,344,1068,0.001107812711775652,0.001107812711775652,1,[6],[6255]
868,23,344,1068,0.0011082327117756495,4.199999999975057e-07,1,[6],[6331]
869,23,344,1068,0.0011085627117756475,3.299999999980402e-07,1,[6],[6233]
870,23,344,1068,0.0011088927117756456,3.299999999980402e-07,1,[6],[6220]
871,23,344,1068,0.0011092827117756433,3.8999999999768387e-07,1,[6],[6260]
872,23,344,1068,0.0011100827117756385,7.99999999995249e-07,1,[6],[6203]
873,23,344,1068,0.0011210027117755737,1.0919999999935148e-05,2,"[6, 26]","[1175, 5073]"
874,23,344,1068,0.001126342711775542,5.339999999968287e-06,2,"[26, 29]","[6088, 163]"
875,23,344,1069,0.0011083140428933237,0.0011083140428933237,1,[6],[6259]
876,23,345,1066,0.0011095536696570903,0.0011095536696570903,1,[6],[6273]
877,23,345,1066,0.0011125536696570725,2.9999999999821836e-06,2,"[6, 26]","[5580, 649]"
878,23,345,1067,0.0011087740971805807,0.0011087740971805807,1,[6],[6276]
879,23,345,1067,0.0011093340971805774,5.599999999966743e-07,1,[6],[6320]
880,23,345,1067,0.001109914097180574,5.799999999965555e-07,1,[6],[6200]
881,23,345,1067,0.0011129840971805557,3.069999999981768e-06,2,"[6, 26]","[5213, 1004]"
882,23,345,1067,0.0011163340971805358,3.349999999980105e-06,1,[26],[6242]
