,event,pixel_x,pixel_y,reset_time,TSLR,nMCParticles,MC_TrackIDs,MC_Weights
0,2,194,1010,0.0013313618548853683,0.0013313618548853683,3,"[177, 201, 202]","[6255, 6, 1]"
1,2,226,1058,0.0011926030258617643,0.0011926030258617643,1,[108],[6275]
2,2,227,1057,0.0011931662258545016,0.0011931662258545016,2,"[108, 155]","[6254, 1]"
3,2,227,1058,0.0011913830551915563,0.0011913830551915563,2,"[108, 154]","[6335, 2]"
4,2,227,1058,0.001191913055191553,5.299999999968524e-07,3,"[108, 154, 155]","[6209, 4, 1]"
5,2,227,1058,0.0011923930551915503,4.799999999971494e-07,3,"[108, 154, 155]","[6207, 7, 3]"
6,2,227,1058,0.0011930130551915466,6.199999999963179e-07,2,"[108, 154]","[6276, 4]"
7,2,227,1059,0.001192190226142807,0.001192190226142807,3,"[108, 154, 155]","[6273, 6, 1]"
8,2,227,1059,0.0011929002261428028,7.099999999957834e-07,3,"[108, 154, 155]","[6235, 5, 1]"
9,2,227,1059,0.0011936002261427987,6.999999999958428e-07,3,"[108, 154, 158]","[6289, 1, 1]"
10,2,227,1060,0.001192530379050619,0.001192530379050619,1,[108],[6293]
11,2,227,1060,0.0011933203790506143,7.899999999953083e-07,2,"[108, 158]","[6228, 1]"
12,2,227,1060,0.001194890379050605,1.569999999990676e-06,1,[108],[6231]
13,2,227,1061,0.0011918882318035348,0.0011918882318035348,1,[108],[6264]
14,2,227,1061,0.0011928382318035292,9.499999999943581e-07,1,[108],[6291]
15,2,227,1062,0.0011915958909338243,0.0011915958909338243,1,[108],[6260]
16,2,227,1063,0.0011906109209117053,0.0011906109209117053,2,"[108, 116]","[6242, 19]"
17,2,227,1064,0.0011892955888242933,0.0011892955888242933,2,"[108, 116]","[5257, 995]"
18,2,228,1058,0.0011932128929834228,0.0011932128929834228,4,"[108, 154, 155, 158]","[6249, 10, 4, 2]"
19,2,228,1059,0.0011933660297218042,0.0011933660297218042,4,"[108, 154, 155, 158]","[6257, 5, 1, 3]"
20,2,228,1061,0.0011925226401144251,0.0011925226401144251,3,"[108, 388, 389]","[6165, 96, 2]"
21,2,228,1062,0.0011913595838353563,0.0011913595838353563,2,"[108, 388]","[6211, 52]"
22,2,228,1063,0.001189432391673328,0.001189432391673328,3,"[108, 116, 388]","[6056, 196, 1]"
23,2,228,1063,0.001190592391673321,1.159999999993111e-06,2,"[108, 165]","[6255, 1]"
24,2,228,1064,0.0011862074459129594,0.0011862074459129594,2,"[108, 116]","[5143, 1119]"
25,2,228,1064,0.0011869874459129548,7.799999999953677e-07,2,"[108, 116]","[4043, 2254]"
26,2,228,1064,0.0011875974459129512,6.099999999963773e-07,2,"[108, 116]","[3901, 2297]"
27,2,228,1064,0.0011882774459129471,6.799999999959616e-07,2,"[108, 116]","[4407, 1856]"
28,2,228,1064,0.0011892774459129412,9.999999999940612e-07,4,"[108, 116, 163, 165]","[5420, 813, 1, 7]"
29,2,228,1065,0.0011838688685460767,0.0011838688685460767,2,"[108, 116]","[6292, 1]"
30,2,228,1065,0.0011848688685460707,9.999999999940612e-07,2,"[108, 116]","[6200, 35]"
31,2,228,1065,0.0011858088685460651,9.399999999944175e-07,2,"[108, 116]","[5826, 440]"
32,2,228,1065,0.0011867288685460597,9.199999999945363e-07,2,"[108, 116]","[4280, 1950]"
33,2,228,1065,0.001187698868546054,9.699999999942394e-07,2,"[108, 116]","[2442, 3792]"
34,2,228,1066,0.0011815044418883546,0.0011815044418883546,2,"[108, 245]","[6265, 1]"
35,2,228,1066,0.001182604441888348,1.0999999999934673e-06,1,[108],[6279]
36,2,228,1066,0.0011838444418883407,1.2399999999926359e-06,1,[108],[6211]
37,2,228,1067,0.0011799923854759562,0.0011799923854759562,3,"[108, 245, 246]","[6163, 115, 2]"
38,2,228,1067,0.0011816523854759464,1.6599999999901416e-06,1,[108],[6251]
39,2,229,1064,0.0011904361229206275,0.0011904361229206275,5,"[108, 116, 163, 165, 166]","[3681, 2348, 5, 213, 3]"
40,2,229,1065,0.0011874332169293873,0.0011874332169293873,2,"[108, 116]","[4920, 1351]"
41,2,229,1066,0.001184230523481599,0.001184230523481599,1,[108],[6254]
42,2,229,1067,0.0011784353797573638,0.0011784353797573638,4,"[108, 244, 245, 246]","[6265, 1, 25, 1]"
43,2,229,1067,0.0011798153797573556,1.3799999999918044e-06,1,[108],[6230]
44,2,229,1068,0.0011764189597992067,0.0011764189597992067,5,"[108, 112, 244, 245, 246]","[6184, 3, 5, 73, 1]"
45,2,229,1068,0.0011777389597991989,1.3199999999921608e-06,2,"[108, 244]","[6251, 10]"
46,2,229,1068,0.0011800089597991854,2.269999999986519e-06,2,"[108, 244]","[6219, 5]"
47,2,230,1068,0.0011742165700388066,0.0011742165700388066,5,"[107, 108, 112, 241, 242]","[3, 6096, 150, 1, 1]"
48,2,230,1068,0.0011756965700387978,1.4799999999912106e-06,2,"[108, 244]","[6258, 1]"
49,2,230,1068,0.0011775665700387867,1.8699999999888944e-06,2,"[108, 244]","[6237, 19]"
50,2,230,1069,0.0011715664167896045,0.0011715664167896045,4,"[107, 108, 112, 241]","[230, 5063, 966, 2]"
51,2,230,1069,0.0011728864167895967,1.3199999999921608e-06,4,"[108, 112, 241, 242]","[5713, 530, 3, 1]"
52,2,230,1069,0.0011741564167895892,1.2699999999924577e-06,2,"[108, 112]","[6233, 32]"
53,2,230,1069,0.0011764364167895756,2.2799999999864595e-06,2,"[108, 244]","[6234, 3]"
54,2,231,1059,0.001089828531717221,0.001089828531717221,1,[347],[6253]
55,2,231,1069,0.0011684919350703304,0.0011684919350703304,3,"[107, 108, 112]","[3074, 3210, 1]"
56,2,231,1069,0.0011695419350703242,1.0499999999937643e-06,4,"[107, 108, 112, 242]","[2699, 3537, 31, 1]"
57,2,231,1069,0.001170591935070318,1.0499999999937643e-06,4,"[107, 108, 112, 241]","[1081, 4706, 434, 1]"
58,2,231,1069,0.0011716419350703117,1.0499999999937643e-06,5,"[107, 108, 112, 241, 242]","[113, 4677, 1457, 7, 5]"
59,2,231,1069,0.0011732319350703023,1.5899999999905573e-06,5,"[107, 108, 112, 241, 242]","[3, 5277, 932, 4, 2]"
60,2,231,1070,0.0011673651462477965,0.0011673651462477965,3,"[107, 108, 382]","[3847, 2447, 19]"
61,2,231,1070,0.0011680451462477925,6.799999999959616e-07,2,"[107, 108]","[3967, 2282]"
62,2,231,1070,0.0011686551462477888,6.099999999963773e-07,2,"[107, 108]","[4055, 2146]"
63,2,231,1070,0.0011693751462477846,7.199999999957241e-07,3,"[107, 108, 112]","[3839, 2435, 9]"
64,2,231,1070,0.0011708751462477756,1.4999999999910918e-06,5,"[107, 108, 112, 241, 242]","[2277, 3712, 216, 4, 1]"
65,2,232,1069,0.0011691135639540927,0.0011691135639540927,3,"[107, 108, 112]","[4473, 1790, 1]"
66,2,232,1070,0.0011678443914016612,0.0011678443914016612,2,"[107, 108]","[4135, 2157]"
67,2,232,1070,0.0011688143914016555,9.699999999942394e-07,2,"[107, 108]","[5028, 1192]"
68,2,232,1070,0.0011704943914016455,1.6799999999900228e-06,3,"[107, 108, 112]","[5310, 921, 7]"
69,2,237,1023,0.001239053954865287,0.001239053954865287,1,[419],[6250]
70,2,237,1058,0.0011825239099799733,0.0011825239099799733,2,"[401, 414]","[6276, 39]"
71,2,237,1058,0.001184423909979962,1.8999999999887163e-06,2,"[401, 414]","[6184, 1]"
72,2,237,1059,0.0011827423650115417,0.0011827423650115417,2,"[401, 414]","[6183, 77]"
73,2,238,1023,0.0012364442026231446,0.0012364442026231446,1,[419],[6316]
74,2,238,1023,0.0012371242026231405,6.799999999959616e-07,1,[419],[6188]
75,2,238,1023,0.0012382042026231341,1.079999999993586e-06,1,[419],[6250]
76,2,238,1058,0.0011815513787247402,0.0011815513787247402,2,"[401, 414]","[4277, 2005]"
77,2,238,1058,0.0011829013787247322,1.3499999999919826e-06,2,"[401, 414]","[5902, 330]"
78,2,238,1059,0.0011807677502189374,0.0011807677502189374,2,"[401, 414]","[4411, 1886]"
79,2,238,1059,0.001181507750218933,7.399999999956053e-07,2,"[401, 414]","[5032, 1217]"
80,2,238,1059,0.0011823977502189277,8.899999999947145e-07,2,"[401, 414]","[5668, 547]"
81,2,239,1059,0.0011806199967444183,0.0011806199967444183,2,"[401, 414]","[4395, 1874]"
82,2,239,1059,0.0011818899967444107,1.2699999999924577e-06,2,"[401, 414]","[4113, 2137]"
83,2,240,1078,0.0011183748682251063,0.0011183748682251063,3,"[265, 282, 283]","[6213, 37, 2]"
84,2,246,1089,0.0010883615845614942,0.0010883615845614942,2,"[94, 104]","[5948, 307]"
85,2,246,1090,0.0010857514105494675,0.0010857514105494675,2,"[94, 104]","[4453, 1825]"
86,2,246,1090,0.0010871114105494594,1.3599999999919232e-06,2,"[94, 104]","[5486, 767]"
87,2,247,1067,0.0011483286451320828,0.0011483286451320828,2,"[400, 415]","[4687, 1599]"
88,2,247,1067,0.0011489986451320789,6.69999999996021e-07,2,"[400, 415]","[4143, 2106]"
89,2,247,1067,0.0011501086451320723,1.109999999993408e-06,2,"[400, 415]","[3939, 2293]"
90,2,247,1068,0.0011487533925294596,0.0011487533925294596,2,"[400, 415]","[5152, 1141]"
91,2,247,1086,0.0011048735758016777,0.0011048735758016777,3,"[93, 343, 344]","[6254, 26, 1]"
92,2,247,1086,0.001106013575801671,1.1399999999932298e-06,2,"[93, 343]","[6220, 11]"
93,2,247,1090,0.0010846410973447559,0.0010846410973447559,2,"[94, 104]","[5801, 486]"
94,2,247,1090,0.0010857210973447494,1.079999999993586e-06,2,"[94, 104]","[4584, 1654]"
95,2,247,1090,0.0010878710973447367,2.1499999999872316e-06,2,"[94, 104]","[5155, 1072]"
96,2,247,1091,0.0010821331825197243,0.0010821331825197243,1,[94],[6280]
97,2,247,1091,0.001083183182519718,1.0499999999937643e-06,1,[94],[6257]
98,2,247,1091,0.001084203182519712,1.0199999999939424e-06,2,"[94, 104]","[6178, 41]"
99,2,247,1091,0.001087403182519693,3.199999999980996e-06,2,"[94, 104]","[5590, 654]"
100,2,247,1092,0.0010807253876039895,0.0010807253876039895,1,[94],[6276]
101,2,247,1092,0.0010827253876039777,1.9999999999881224e-06,1,[94],[6225]
102,2,248,1067,0.0011486431982587538,0.0011486431982587538,2,"[400, 415]","[5762, 518]"
103,2,248,1085,0.0011044235642181334,0.0011044235642181334,3,"[93, 343, 344]","[6259, 10, 1]"
104,2,248,1086,0.001103915504318412,0.001103915504318412,3,"[93, 343, 344]","[6295, 10, 2]"
105,2,248,1086,0.0011046455043184076,7.299999999956647e-07,3,"[93, 343, 344]","[6250, 18, 2]"
106,2,248,1086,0.0011053955043184031,7.499999999955459e-07,3,"[93, 343, 344]","[6165, 9, 1]"
107,2,248,1086,0.001107255504318392,1.8599999999889538e-06,3,"[93, 343, 344]","[6247, 4, 1]"
108,2,248,1091,0.0010832685741657124,0.0010832685741657124,1,[94],[6250]
109,2,248,1092,0.0010790321190113504,0.0010790321190113504,1,[94],[6291]
110,2,248,1092,0.0010802021190113435,1.1699999999930516e-06,1,[94],[6209]
111,2,248,1092,0.0010819221190113333,1.7199999999897853e-06,1,[94],[6255]
112,2,248,1093,0.0010768173509844822,0.0010768173509844822,1,[94],[6275]
113,2,248,1093,0.0010779073509844758,1.0899999999935267e-06,1,[94],[6247]
114,2,248,1093,0.0010792973509844675,1.389999999991745e-06,1,[94],[6240]
115,2,248,1094,0.0010781992732357614,0.0010781992732357614,1,[94],[6253]
116,2,249,1078,0.0011184245289299931,0.0011184245289299931,1,[451],[6261]
117,2,249,1079,0.001118148129668507,0.001118148129668507,1,[451],[6250]
118,2,249,1085,0.001104385259985889,0.001104385259985889,1,[93],[6269]
119,2,249,1086,0.001103527459858106,0.001103527459858106,1,[93],[6262]
120,2,249,1086,0.0011042374598581018,7.099999999957834e-07,1,[93],[6317]
121,2,249,1086,0.0011055874598580938,1.3499999999919826e-06,1,[93],[6171]
122,2,249,1093,0.0010761572348703232,0.0010761572348703232,1,[94],[6259]
123,2,249,1094,0.0010734676475034355,0.0010734676475034355,1,[94],[6278]
124,2,249,1094,0.0010744676475034295,9.999999999940612e-07,1,[94],[6223]
125,2,249,1094,0.0010755976475034228,1.1299999999932892e-06,1,[94],[6253]
126,2,249,1095,0.0010730993467296386,0.0010730993467296386,1,[94],[6267]
127,2,250,1078,0.00111884086107832,0.00111884086107832,1,[451],[6266]
128,2,250,1079,0.0011182405591518207,0.0011182405591518207,1,[451],[6255]
129,2,250,1086,0.001101456775731527,0.001101456775731527,1,[93],[6258]
130,2,250,1086,0.0011034967757315149,2.039999999987885e-06,1,[93],[6290]
131,2,250,1086,0.0011046167757315082,1.1199999999933485e-06,1,[93],[6240]
132,2,250,1087,0.0010931468749106718,0.0010931468749106718,3,"[93, 374, 432]","[6265, 1, 7]"
133,2,250,1087,0.0010951968749106596,2.0499999999878254e-06,1,[93],[6229]
134,2,250,1087,0.0010972168749106477,2.0199999999880036e-06,1,[93],[6268]
135,2,250,1087,0.001098996874910637,1.779999999989429e-06,1,[93],[6243]
136,2,250,1087,0.0011004068749106287,1.4099999999916263e-06,1,[93],[6281]
137,2,250,1087,0.0011016368749106214,1.2299999999926953e-06,1,[93],[6252]
138,2,250,1087,0.0011027768749106146,1.1399999999932298e-06,1,[93],[6214]
139,2,250,1087,0.0011041368749106066,1.3599999999919232e-06,1,[93],[6260]
140,2,250,1088,0.0010884874114894785,0.0010884874114894785,3,"[93, 374, 375]","[6237, 9, 5]"
141,2,250,1088,0.0010904974114894666,2.009999999988063e-06,5,"[93, 370, 371, 374, 432]","[6255, 1, 2, 1, 1]"
142,2,250,1088,0.001092287411489456,1.7899999999893695e-06,4,"[93, 370, 371, 432]","[6245, 6, 1, 2]"
143,2,250,1088,0.0010959474114894342,3.659999999978264e-06,1,[93],[6237]
144,2,250,1094,0.0010736850194639337,0.0010736850194639337,1,[94],[6262]
145,2,250,1095,0.0010702125932682738,0.0010702125932682738,3,"[94, 286, 287]","[6275, 3, 1]"
146,2,250,1095,0.0010712225932682678,1.0099999999940018e-06,1,[94],[6243]
147,2,250,1095,0.0010723425932682611,1.1199999999933485e-06,1,[94],[6229]
148,2,250,1096,0.0010694138537975443,0.0010694138537975443,4,"[94, 286, 287, 329]","[6268, 16, 3, 1]"
149,2,251,1087,0.001092760293121939,0.001092760293121939,4,"[93, 370, 371, 432]","[5730, 5, 1, 520]"
150,2,251,1087,0.0010946502931219277,1.8899999999887757e-06,2,"[93, 371]","[6278, 1]"
151,2,251,1087,0.0010960602931219194,1.4099999999916263e-06,1,[93],[6255]
152,2,251,1087,0.0010975702931219104,1.5099999999910324e-06,1,[93],[6235]
153,2,251,1087,0.0010995602931218986,1.9899999999881818e-06,1,[93],[6235]
154,2,251,1088,0.0010861320827673098,0.0010861320827673098,2,"[93, 375]","[6290, 1]"
155,2,251,1088,0.001087602082767301,1.46999999999127e-06,2,"[93, 374]","[6205, 7]"
156,2,251,1088,0.0010891020827672921,1.4999999999910918e-06,4,"[93, 374, 375, 432]","[6217, 13, 3, 39]"
157,2,251,1088,0.0010907520827672823,1.649999999990201e-06,3,"[93, 371, 432]","[5960, 2, 276]"
158,2,251,1088,0.0010927320827672706,1.979999999988241e-06,4,"[93, 370, 371, 432]","[6184, 5, 4, 66]"
159,2,251,1088,0.0010969020827672458,4.169999999975235e-06,1,[93],[6231]
160,2,251,1089,0.001083025989563776,0.001083025989563776,1,[93],[6277]
161,2,251,1089,0.001084205989563769,1.1799999999929922e-06,1,[93],[6231]
162,2,251,1089,0.0010854359895637617,1.2299999999926953e-06,1,[93],[6265]
163,2,251,1089,0.0010877659895637479,2.3299999999861626e-06,2,"[93, 374]","[6227, 2]"
164,2,251,1090,0.0010811363984059835,0.0010811363984059835,1,[93],[6273]
165,2,251,1090,0.0010827563984059738,1.6199999999903791e-06,1,[93],[6229]
166,2,251,1091,0.0010818715322754927,0.0010818715322754927,3,"[93, 333, 334]","[6249, 1, 3]"
167,2,251,1095,0.001072138007231334,0.001072138007231334,5,"[93, 94, 286, 287, 329]","[45, 5999, 5, 1, 205]"
168,2,251,1096,0.001066940236735491,0.001066940236735491,5,"[93, 94, 286, 287, 329]","[7, 5859, 1, 1, 393]"
169,2,251,1096,0.0010679002367354853,9.599999999942987e-07,3,"[94, 286, 329]","[5968, 2, 272]"
170,2,251,1096,0.0010690302367354786,1.1299999999932892e-06,5,"[93, 94, 286, 287, 329]","[1, 6184, 8, 2, 60]"
171,2,251,1097,0.001066670481711315,0.001066670481711315,2,"[94, 329]","[6215, 37]"
172,2,252,1089,0.0010845171113874935,0.0010845171113874935,1,[93],[6260]
173,2,252,1090,0.0010801009224571077,0.0010801009224571077,1,[93],[6291]
174,2,252,1090,0.0010815409224570992,1.4399999999914481e-06,1,[93],[6235]
175,2,252,1091,0.00107716428193565,0.00107716428193565,3,"[93, 333, 334]","[6196, 18, 64]"
176,2,252,1091,0.0010782342819356436,1.0699999999936455e-06,1,[93],[6243]
177,2,252,1091,0.0010793142819356372,1.079999999993586e-06,1,[93],[6247]
178,2,252,1092,0.0010734398173860816,0.0010734398173860816,5,"[93, 333, 334, 447, 448]","[3751, 2025, 493, 21, 4]"
179,2,252,1092,0.0010744598173860755,1.0199999999939424e-06,4,"[93, 333, 334, 447]","[4227, 601, 1420, 3]"
180,2,252,1092,0.0010754498173860697,9.899999999941206e-07,3,"[93, 333, 334]","[5397, 44, 807]"
181,2,252,1092,0.0010766198173860627,1.1699999999930516e-06,3,"[93, 333, 334]","[6115, 1, 99]"
182,2,252,1093,0.0010713447310874507,0.0010713447310874507,3,"[93, 333, 447]","[6224, 54, 7]"
183,2,252,1093,0.0010725347310874436,1.1899999999929328e-06,4,"[93, 333, 334, 447]","[4827, 1319, 42, 31]"
184,2,252,1093,0.0010735247310874377,9.899999999941206e-07,5,"[93, 333, 334, 447, 448]","[3570, 2209, 495, 29, 2]"
185,2,252,1093,0.0010751147310874283,1.5899999999905573e-06,5,"[93, 333, 334, 447, 448]","[3535, 933, 1720, 7, 1]"
186,2,252,1094,0.0010688766243593262,0.0010688766243593262,2,"[93, 329]","[6079, 173]"
187,2,252,1094,0.0010711966243593125,2.319999999986222e-06,4,"[93, 94, 329, 333]","[6262, 1, 1, 1]"
188,2,252,1095,0.001066249704068258,0.001066249704068258,3,"[93, 94, 329]","[3320, 33, 2915]"
189,2,252,1095,0.0010673897040682512,1.1399999999932298e-06,3,"[93, 94, 329]","[2118, 62, 4103]"
190,2,252,1096,0.001065589551315407,0.001065589551315407,4,"[93, 94, 301, 329]","[2531, 2532, 1, 1215]"
191,2,252,1096,0.0010663795513154023,7.899999999953083e-07,3,"[93, 94, 329]","[219, 1759, 4296]"
192,2,252,1096,0.001066919551315399,5.39999999996793e-07,3,"[93, 94, 329]","[83, 1146, 4990]"
193,2,252,1096,0.0010675795513153952,6.599999999960804e-07,3,"[93, 94, 329]","[48, 1046, 5201]"
194,2,252,1097,0.0010638183691323371,0.0010638183691323371,4,"[93, 94, 290, 301]","[713, 5479, 11, 80]"
195,2,252,1097,0.0010647983691323313,9.7999999999418e-07,3,"[93, 94, 329]","[14, 6260, 7]"
196,2,252,1097,0.0010657583691323256,9.599999999942987e-07,3,"[93, 94, 329]","[8, 6060, 179]"
197,2,252,1097,0.0010673983691323159,1.6399999999902604e-06,3,"[93, 94, 329]","[1, 4754, 1449]"
198,2,252,1098,0.0010643299080251886,0.0010643299080251886,4,"[93, 94, 290, 301]","[86, 5757, 37, 373]"
199,2,253,1092,0.0010745714530745543,0.0010745714530745543,4,"[93, 333, 334, 447]","[3985, 1151, 1118, 17]"
200,2,253,1093,0.0010715695318692544,0.0010715695318692544,3,"[93, 333, 447]","[6179, 82, 3]"
201,2,253,1093,0.001073499531869243,1.929999999988538e-06,4,"[93, 333, 334, 447]","[4505, 1438, 263, 40]"
202,2,253,1094,0.00106778646120785,0.00106778646120785,2,"[93, 329]","[5992, 293]"
203,2,253,1094,0.0010693364612078407,1.5499999999907949e-06,2,"[93, 329]","[6239, 8]"
204,2,253,1095,0.0010645314688909593,0.0010645314688909593,2,"[93, 329]","[5966, 300]"
205,2,253,1095,0.0010654514688909539,9.199999999945363e-07,3,"[93, 94, 329]","[4557, 1, 1731]"
206,2,253,1095,0.00106611146889095,6.599999999960804e-07,3,"[93, 94, 329]","[3776, 1, 2433]"
207,2,253,1095,0.001066761468890946,6.499999999961398e-07,2,"[93, 329]","[3641, 2638]"
208,2,253,1095,0.0010676614688909407,8.999999999946551e-07,2,"[93, 329]","[3701, 2512]"
209,2,253,1096,0.0010614665181095239,0.0010614665181095239,3,"[93, 94, 301]","[6251, 2, 2]"
210,2,253,1096,0.001062606518109517,1.1399999999932298e-06,2,"[93, 94]","[6219, 26]"
211,2,253,1096,0.0010636565181095109,1.0499999999937643e-06,3,"[93, 94, 329]","[6187, 85, 5]"
212,2,253,1096,0.0010649565181095031,1.2999999999922796e-06,3,"[93, 94, 329]","[5605, 196, 429]"
213,2,253,1096,0.0010662865181094953,1.3299999999921014e-06,3,"[93, 94, 329]","[2424, 132, 3689]"
214,2,253,1096,0.001067326518109489,1.0399999999938236e-06,3,"[93, 94, 329]","[479, 33, 5753]"
215,2,253,1097,0.0010587661052651413,0.0010587661052651413,6,"[93, 94, 301, 302, 495, 496]","[5970, 5, 273, 1, 2, 1]"
216,2,253,1097,0.001060166105265133,1.3999999999916857e-06,3,"[93, 94, 310]","[6167, 128, 2]"
217,2,253,1097,0.001061516105265125,1.3499999999919826e-06,3,"[93, 94, 290]","[5204, 1019, 11]"
218,2,253,1097,0.0010629561052651164,1.4399999999914481e-06,4,"[93, 94, 290, 291]","[2664, 3504, 54, 3]"
219,2,253,1097,0.0010651861052651031,2.2299999999867565e-06,4,"[93, 94, 290, 329]","[741, 5482, 9, 12]"
220,2,253,1098,0.0010573815787417655,0.0010573815787417655,6,"[93, 94, 299, 301, 495, 496]","[5039, 28, 1, 1186, 12, 3]"
221,2,253,1098,0.0010598715787417507,2.4899999999852124e-06,4,"[93, 94, 310, 495]","[3840, 2382, 29, 1]"
222,2,253,1098,0.0010612015787417428,1.3299999999921014e-06,4,"[93, 94, 290, 310]","[402, 5791, 26, 30]"
223,2,253,1098,0.0010622515787417366,1.0499999999937643e-06,5,"[93, 94, 290, 291, 310]","[49, 6109, 110, 3, 1]"
224,2,253,1098,0.001063701578741728,1.4499999999913887e-06,4,"[93, 94, 290, 291]","[3, 6136, 78, 2]"
225,2,253,1099,0.001060583598970486,0.001060583598970486,5,"[93, 94, 299, 301, 310]","[1181, 4926, 5, 119, 34]"
226,2,254,1096,0.0010634729234026941,0.0010634729234026941,3,"[93, 94, 329]","[6248, 3, 1]"
227,2,254,1097,0.0010584326379473317,0.0010584326379473317,5,"[93, 94, 301, 495, 496]","[6223, 7, 17, 7, 2]"
228,2,254,1097,0.0010602926379473206,1.8599999999889538e-06,3,"[93, 94, 310]","[6139, 128, 10]"
229,2,254,1098,0.0010555661155347623,0.0010555661155347623,7,"[93, 94, 299, 301, 302, 495, 496]","[6215, 7, 1, 79, 1, 6, 2]"
230,2,254,1098,0.0010565661155347563,9.999999999940612e-07,6,"[93, 94, 299, 301, 495, 496]","[6124, 66, 7, 6, 23, 2]"
231,2,254,1098,0.0010578861155347485,1.3199999999921608e-06,5,"[93, 94, 299, 310, 495]","[5587, 616, 8, 3, 4]"
232,2,254,1098,0.0010595461155347386,1.6599999999901416e-06,4,"[93, 94, 299, 310]","[2741, 3436, 1, 66]"
233,2,254,1098,0.0010614561155347273,1.909999999988657e-06,4,"[93, 94, 290, 310]","[447, 5718, 7, 92]"
234,2,254,1099,0.001054558351531147,0.001054558351531147,4,"[93, 94, 299, 301]","[6116, 124, 3, 8]"
235,2,254,1099,0.0010557183515311401,1.159999999993111e-06,4,"[93, 94, 299, 301]","[5425, 793, 52, 2]"
236,2,254,1099,0.0010570383515311323,1.3199999999921608e-06,5,"[93, 94, 299, 301, 495]","[2263, 3695, 306, 1, 4]"
237,2,254,1099,0.0010580583515311262,1.0199999999939424e-06,3,"[93, 94, 299]","[267, 5806, 147]"
238,2,254,1099,0.0010590283515311205,9.699999999942394e-07,4,"[93, 94, 299, 310]","[31, 6181, 8, 21]"
239,2,254,1099,0.0010607183515311104,1.6899999999899634e-06,3,"[93, 94, 310]","[2, 6195, 56]"
240,2,254,1100,0.0010559422836246245,0.0010559422836246245,5,"[93, 94, 299, 326, 327]","[2714, 3447, 66, 1, 50]"
241,2,254,1100,0.0010588422836246073,2.8999999999827775e-06,3,"[93, 94, 299]","[41, 5814, 377]"
242,2,255,1099,0.0010536350431327118,0.0010536350431327118,4,"[93, 94, 326, 327]","[6047, 123, 4, 101]"
243,2,255,1099,0.001054785043132705,1.1499999999931704e-06,3,"[93, 94, 299]","[5574, 655, 3]"
244,2,255,1099,0.001056625043132694,1.8399999999890726e-06,3,"[93, 94, 299]","[2396, 3593, 272]"
245,2,255,1100,0.0010518030956018734,0.0010518030956018734,5,"[93, 94, 295, 326, 327]","[4304, 334, 4, 413, 1206]"
246,2,255,1100,0.001052543095601869,7.399999999956053e-07,5,"[93, 94, 295, 326, 327]","[4435, 874, 12, 25, 930]"
247,2,255,1100,0.001053223095601865,6.799999999959616e-07,6,"[93, 94, 295, 296, 326, 327]","[4250, 1699, 12, 1, 3, 324]"
248,2,255,1100,0.0010539230956018609,6.999999999958428e-07,4,"[93, 94, 295, 327]","[3029, 3116, 5, 64]"
249,2,255,1100,0.0010547030956018562,7.799999999953677e-07,5,"[93, 94, 295, 299, 327]","[1470, 4771, 1, 1, 6]"
250,2,255,1100,0.0010556230956018508,9.199999999945363e-07,3,"[93, 94, 299]","[380, 5805, 38]"
251,2,255,1100,0.0010571730956018416,1.5499999999907949e-06,3,"[93, 94, 299]","[37, 5953, 260]"
252,2,255,1101,0.0010514087783872977,0.0010514087783872977,5,"[93, 94, 295, 326, 327]","[3045, 1573, 9, 1327, 325]"
253,2,255,1101,0.0010526187783872906,1.209999999992814e-06,6,"[93, 94, 295, 296, 326, 327]","[2093, 3252, 54, 1, 143, 678]"
254,2,255,1101,0.0010543087783872805,1.6899999999899634e-06,6,"[93, 94, 295, 296, 326, 327]","[642, 5427, 23, 2, 4, 163]"
255,2,256,1100,0.0010512082634957412,0.0010512082634957412,5,"[93, 94, 295, 326, 327]","[3920, 427, 2, 1506, 404]"
256,2,256,1100,0.001052258263495735,1.0499999999937643e-06,6,"[93, 94, 295, 296, 326, 327]","[3858, 1080, 27, 1, 285, 1019]"
257,2,256,1100,0.0010539082634957251,1.649999999990201e-06,6,"[93, 94, 295, 296, 326, 327]","[2718, 2948, 31, 1, 14, 523]"
258,2,256,1101,0.0010492553344005828,0.0010492553344005828,4,"[93, 94, 322, 326]","[4570, 1448, 14, 231]"
259,2,256,1101,0.001049885334400579,6.299999999962586e-07,5,"[93, 94, 322, 326, 327]","[3719, 1701, 5, 831, 5]"
260,2,256,1101,0.0010503353344005764,4.4999999999732754e-07,6,"[93, 94, 295, 322, 326, 327]","[3205, 1895, 1, 7, 1179, 20]"
261,2,256,1101,0.001050745334400574,4.099999999975651e-07,5,"[93, 94, 295, 326, 327]","[2847, 2111, 1, 1228, 40]"
262,2,256,1101,0.0010511553344005715,4.099999999975651e-07,5,"[93, 94, 295, 326, 327]","[2545, 2485, 12, 1046, 110]"
263,2,256,1101,0.0010516453344005686,4.8999999999709e-07,6,"[93, 94, 295, 296, 326, 327]","[2302, 3075, 25, 1, 699, 211]"
264,2,256,1101,0.0010523253344005645,6.799999999959616e-07,5,"[93, 94, 295, 326, 327]","[1708, 3841, 38, 281, 330]"
265,2,256,1101,0.001053745334400556,1.419999999991567e-06,6,"[93, 94, 295, 296, 326, 327]","[744, 5145, 71, 3, 45, 235]"
266,2,256,1102,0.0010481641110822893,0.0010481641110822893,5,"[93, 94, 317, 322, 323]","[3944, 2334, 2, 15, 1]"
267,2,256,1102,0.0010490341110822841,8.699999999948332e-07,5,"[93, 94, 322, 323, 326]","[3326, 2848, 64, 1, 8]"
268,2,256,1102,0.0010498641110822792,8.299999999950708e-07,4,"[93, 94, 322, 326]","[2677, 3486, 44, 54]"
269,2,256,1102,0.001051074111082272,1.209999999992814e-06,4,"[93, 94, 322, 326]","[1644, 4359, 14, 198]"
270,2,257,1101,0.0010495958405812786,0.0010495958405812786,4,"[93, 94, 322, 326]","[4357, 1852, 30, 38]"
271,2,257,1102,0.0010465488182380238,0.0010465488182380238,4,"[93, 94, 317, 320]","[3848, 2389, 13, 2]"
272,2,257,1102,0.0010472188182380198,6.69999999996021e-07,5,"[93, 94, 317, 320, 322]","[3745, 2513, 7, 1, 2]"
273,2,257,1102,0.0010477588182380166,5.39999999996793e-07,4,"[93, 94, 317, 322]","[3593, 2702, 2, 10]"
274,2,257,1102,0.0010482888182380135,5.299999999968524e-07,5,"[93, 94, 317, 322, 323]","[3350, 2859, 1, 39, 1]"
275,2,257,1102,0.0010489088182380098,6.199999999963179e-07,5,"[93, 94, 322, 323, 326]","[2934, 3201, 65, 1, 1]"
276,2,257,1102,0.001049898818238004,9.899999999941206e-07,5,"[93, 94, 322, 323, 326]","[2467, 3682, 99, 2, 7]"
277,2,257,1103,0.0010455803045347897,0.0010455803045347897,4,"[93, 94, 317, 320]","[3469, 2778, 8, 2]"
278,2,257,1103,0.001046210304534786,6.299999999962586e-07,4,"[93, 94, 317, 320]","[3343, 2929, 14, 1]"
279,2,257,1103,0.0010468203045347823,6.099999999963773e-07,3,"[93, 94, 317]","[3330, 2948, 15]"
280,2,257,1103,0.0010476303045347775,8.099999999951896e-07,4,"[93, 94, 317, 320]","[2961, 3231, 10, 2]"
281,2,258,1103,0.001046039669583995,0.001046039669583995,3,"[93, 94, 317]","[3397, 2861, 12]"
282,2,273,1127,0.0009639116073741505,0.0009639116073741505,4,"[10, 20, 53, 54]","[6121, 36, 122, 1]"
283,2,273,1128,0.0009629178547194607,0.0009629178547194607,4,"[10, 20, 53, 54]","[6116, 28, 145, 1]"
284,2,273,1128,0.0009635078547194636,5.900000000028929e-07,4,"[10, 20, 53, 54]","[6010, 196, 107, 1]"
285,2,273,1128,0.0009640378547194662,5.300000000025987e-07,4,"[10, 20, 53, 54]","[5539, 660, 49, 1]"
286,2,273,1128,0.000964617854719469,5.800000000028439e-07,3,"[10, 20, 53]","[4842, 1358, 23]"
287,2,273,1128,0.0009653278547194725,7.100000000034813e-07,5,"[10, 18, 20, 53, 58]","[4511, 2, 1728, 2, 1]"
288,2,273,1128,0.0009666278547194789,1.3000000000063742e-06,4,"[10, 18, 20, 58]","[5109, 230, 844, 2]"
289,2,273,1129,0.0009653457858444721,0.0009653457858444721,4,"[10, 18, 20, 53]","[4821, 8, 1417, 12]"
290,2,273,1129,0.0009665057858444778,1.1600000000056877e-06,3,"[10, 18, 20]","[5366, 630, 268]"
291,2,273,1129,0.000967165785844481,6.600000000032361e-07,4,"[10, 18, 20, 58]","[4526, 1718, 10, 5]"
292,2,273,1129,0.0009678057858444842,6.400000000031381e-07,3,"[10, 18, 58]","[3905, 2369, 8]"
293,2,274,1128,0.0009624761893888426,0.0009624761893888426,3,"[10, 20, 53]","[6171, 1, 137]"
294,2,274,1128,0.0009630661893888455,5.900000000028929e-07,4,"[10, 20, 53, 54]","[6102, 16, 162, 2]"
295,2,274,1128,0.0009637461893888488,6.800000000033342e-07,4,"[10, 20, 53, 54]","[5883, 87, 223, 3]"
296,2,274,1128,0.0009660161893888599,2.2700000000111303e-06,4,"[10, 18, 20, 53]","[5123, 18, 953, 120]"
297,2,274,1129,0.0009664004119292376,0.0009664004119292376,5,"[10, 18, 20, 53, 58]","[5623, 239, 392, 25, 1]"
298,2,274,1129,0.0009672004119292416,8.000000000039226e-07,4,"[10, 18, 20, 58]","[5282, 939, 5, 4]"
299,2,274,1129,0.000967900411929245,7.000000000034323e-07,3,"[10, 18, 58]","[5033, 1245, 7]"
300,2,274,1130,0.0009666583387971816,0.0009666583387971816,2,"[10, 18]","[6228, 31]"
301,2,274,1130,0.0009672683387971846,6.10000000002991e-07,3,"[10, 18, 58]","[6287, 60, 1]"
302,2,274,1130,0.0009680783387971886,8.100000000039716e-07,2,"[10, 18]","[6091, 79]"
303,2,274,1131,0.0009659818868891514,0.0009659818868891514,2,"[10, 1076]","[6272, 4]"
304,2,274,1131,0.0009670518868891566,1.0700000000052464e-06,1,[10],[6250]
305,2,274,1132,0.0009652029093689758,0.0009652029093689758,2,"[10, 1076]","[5410, 862]"
306,2,275,1131,0.000966325284715048,0.000966325284715048,2,"[10, 59]","[6281, 1]"
307,2,275,1132,0.0009632407784336794,0.0009632407784336794,5,"[10, 59, 61, 81, 1076]","[6207, 28, 2, 1, 34]"
308,2,275,1132,0.0009642007784336841,9.60000000004707e-07,1,[10],[6283]
309,2,275,1132,0.0009652607784336893,1.0600000000051974e-06,1,[10],[6214]
310,2,275,1133,0.000962964385691553,0.000962964385691553,5,"[10, 59, 61, 81, 1076]","[6147, 70, 4, 16, 42]"
311,2,276,1132,0.0009630940125652959,0.0009630940125652959,5,"[10, 59, 61, 81, 82]","[6146, 80, 8, 29, 1]"
312,2,276,1133,0.0009598324428497339,0.0009598324428497339,3,"[10, 81, 82]","[6218, 80, 1]"
313,2,276,1133,0.0009607424428497383,9.100000000044619e-07,4,"[10, 59, 81, 82]","[6098, 10, 159, 1]"
314,2,276,1133,0.0009615224428497421,7.800000000038245e-07,5,"[10, 59, 61, 81, 82]","[6144, 54, 4, 60, 2]"
315,2,276,1133,0.0009626724428497478,1.1500000000056387e-06,4,"[10, 59, 61, 81]","[6092, 77, 8, 9]"
316,2,276,1134,0.0009604812623423711,0.0009604812623423711,2,"[10, 81]","[6219, 33]"
317,2,276,1138,0.0009523664731558595,0.0009523664731558595,3,"[9, 501, 502]","[6099, 3, 163]"
318,2,277,1133,0.000958668405499413,0.000958668405499413,2,"[10, 81]","[6249, 3]"
319,2,277,1133,0.000960908405499424,2.240000000010983e-06,4,"[10, 59, 81, 82]","[6162, 3, 80, 3]"
320,2,277,1134,0.0009556447406755402,0.0009556447406755402,2,"[10, 89]","[6263, 4]"
321,2,277,1134,0.0009566747406755452,1.0300000000050503e-06,1,[10],[6277]
322,2,277,1134,0.0009578047406755508,1.1300000000055406e-06,1,[10],[6231]
323,2,277,1134,0.000960304740675563,2.500000000012258e-06,3,"[10, 81, 82]","[6217, 13, 1]"
324,2,277,1135,0.0009544008349376028,0.0009544008349376028,3,"[10, 89, 90]","[6036, 242, 2]"
325,2,277,1137,0.0009509837209386569,0.0009509837209386569,4,"[9, 10, 501, 502]","[2085, 474, 589, 3112]"
326,2,277,1138,0.0009500237170594789,0.0009500237170594789,4,"[9, 10, 501, 502]","[1665, 14, 640, 3932]"
327,2,277,1138,0.0009506037170594817,5.800000000028439e-07,4,"[9, 10, 501, 502]","[3123, 7, 287, 2887]"
328,2,277,1138,0.000951063717059484,4.600000000022555e-07,4,"[9, 10, 501, 502]","[4482, 5, 100, 1638]"
329,2,277,1138,0.000951483717059486,4.2000000000205935e-07,4,"[9, 10, 501, 502]","[5301, 1, 24, 894]"
330,2,277,1138,0.0009519337170594883,4.5000000000220645e-07,4,"[9, 10, 501, 502]","[5908, 2, 2, 352]"
331,2,277,1138,0.0009526037170594915,6.700000000032852e-07,2,"[9, 502]","[6150, 120]"
332,2,277,1139,0.0009524485831204667,0.0009524485831204667,3,"[9, 501, 502]","[5802, 31, 419]"
333,2,278,1134,0.0009564810460562234,0.0009564810460562234,2,"[10, 89]","[6253, 8]"
334,2,278,1135,0.0009530963060182176,0.0009530963060182176,3,"[10, 89, 90]","[5549, 768, 2]"
335,2,278,1135,0.0009541463060182227,1.0500000000051484e-06,2,"[10, 89]","[5991, 259]"
336,2,278,1136,0.0009510531358862236,0.0009510531358862236,5,"[9, 10, 89, 501, 502]","[157, 6089, 20, 11, 4]"
337,2,278,1136,0.0009519131358862278,8.600000000042168e-07,6,"[9, 10, 89, 90, 501, 502]","[2, 6082, 163, 1, 1, 1]"
338,2,278,1136,0.000952763135886232,8.500000000041677e-07,4,"[9, 10, 89, 90]","[1, 5648, 572, 1]"
339,2,278,1137,0.0009491992136826575,0.0009491992136826575,4,"[9, 10, 501, 502]","[3247, 2323, 394, 296]"
340,2,278,1137,0.0009497792136826603,5.800000000028439e-07,4,"[9, 10, 501, 502]","[2633, 2574, 599, 540]"
341,2,278,1137,0.0009502892136826628,5.100000000025006e-07,4,"[9, 10, 501, 502]","[2113, 2782, 665, 678]"
342,2,278,1137,0.000950929213682666,6.400000000031381e-07,4,"[9, 10, 501, 502]","[1815, 3229, 444, 671]"
343,2,278,1138,0.0009494508306285524,0.0009494508306285524,4,"[9, 10, 501, 502]","[3257, 655, 1171, 1206]"
344,2,278,1138,0.0009500108306285551,5.600000000027458e-07,4,"[9, 10, 501, 502]","[3063, 298, 1185, 1679]"
345,2,278,1138,0.0009505108306285576,5.000000000024516e-07,4,"[9, 10, 501, 502]","[3301, 167, 964, 1815]"
346,2,278,1138,0.0009511608306285608,6.500000000031871e-07,4,"[9, 10, 501, 502]","[3818, 97, 535, 1857]"
347,2,279,1137,0.0009497405896597495,0.0009497405896597495,4,"[9, 10, 501, 502]","[2887, 3312, 61, 3]"
348,2,288,1157,0.0009046026335479858,0.0009046026335479858,1,[1],[6254]
349,2,288,1158,0.0009038570436773153,0.0009038570436773153,1,[1],[6297]
350,2,288,1159,0.000903875164619235,0.000903875164619235,1,[1],[6252]
351,2,288,1159,0.0009046651646192388,7.900000000038735e-07,1,[1],[6269]
352,2,288,1160,0.0009040260610994329,0.0009040260610994329,1,[1],[6335]
353,2,288,1160,0.0009045560610994355,5.300000000025987e-07,1,[1],[6266]
354,2,288,1160,0.0009052260610994387,6.700000000032852e-07,1,[1],[6166]
355,2,288,1161,0.0009042547603945689,0.0009042547603945689,1,[1],[6260]
356,2,288,1161,0.0009047147603945711,4.600000000022555e-07,1,[1],[6370]
357,2,288,1161,0.0009051347603945732,4.2000000000205935e-07,1,[1],[6169]
358,2,288,1161,0.0009058147603945765,6.800000000033342e-07,1,[1],[6214]
359,2,288,1162,0.0009044816097040546,0.0009044816097040546,1,[1],[6332]
360,2,288,1162,0.0009048816097040565,4.000000000019613e-07,1,[1],[6335]
361,2,288,1162,0.0009052116097040581,3.3000000000161806e-07,1,[1],[6193]
362,2,288,1162,0.00090559160970406,3.800000000018632e-07,1,[1],[6196]
363,2,288,1162,0.0009063116097040635,7.200000000035303e-07,1,[1],[6216]
364,2,288,1163,0.0009047105290214758,0.0009047105290214758,1,[1],[6278]
365,2,288,1163,0.0009050905290214777,3.800000000018632e-07,1,[1],[6351]
366,2,288,1163,0.0009053905290214791,3.0000000000147097e-07,1,[1],[6212]
367,2,288,1163,0.0009056905290214806,3.0000000000147097e-07,1,[1],[6284]
368,2,288,1163,0.0009060905290214826,4.000000000019613e-07,1,[1],[6231]
369,2,288,1164,0.0009049982211591897,0.0009049982211591897,1,[1],[6254]
370,2,288,1164,0.0009053682211591915,3.700000000018142e-07,1,[1],[6329]
371,2,288,1164,0.0009056682211591929,3.0000000000147097e-07,1,[1],[6280]
372,2,288,1164,0.0009059582211591944,2.9000000000142193e-07,1,[1],[6154]
373,2,288,1164,0.0009063282211591962,3.700000000018142e-07,1,[1],[6257]
374,2,288,1164,0.0009073882211592014,1.0600000000051974e-06,1,[1],[6230]
375,2,288,1165,0.0009053109431653611,0.0009053109431653611,1,[1],[6343]
376,2,288,1165,0.0009056809431653629,3.700000000018142e-07,1,[1],[6354]
377,2,288,1165,0.0009059709431653644,2.9000000000142193e-07,1,[1],[6235]
378,2,288,1165,0.0009062609431653658,2.9000000000142193e-07,1,[1],[6230]
379,2,288,1165,0.0009066009431653674,3.400000000016671e-07,1,[1],[6173]
380,2,288,1165,0.000907320943165371,7.200000000035303e-07,1,[1],[6180]
381,2,288,1166,0.0009056013614542678,0.0009056013614542678,1,[1],[6296]
382,2,288,1166,0.0009059613614542696,3.6000000000176516e-07,1,[1],[6254]
383,2,288,1166,0.000906251361454271,2.9000000000142193e-07,1,[1],[6232]
384,2,288,1166,0.0009065413614542724,2.9000000000142193e-07,1,[1],[6341]
385,2,288,1166,0.0009068813614542741,3.400000000016671e-07,1,[1],[6180]
386,2,288,1166,0.0009075413614542773,6.600000000032361e-07,1,[1],[6207]
387,2,288,1167,0.0009059263213961244,0.0009059263213961244,1,[1],[6265]
388,2,288,1167,0.0009062963213961262,3.700000000018142e-07,1,[1],[6295]
389,2,288,1167,0.0009065963213961277,3.0000000000147097e-07,1,[1],[6358]
390,2,288,1167,0.0009068863213961291,2.9000000000142193e-07,1,[1],[6111]
391,2,288,1167,0.0009072463213961309,3.6000000000176516e-07,1,[1],[6245]
392,2,288,1167,0.0009082263213961357,9.800000000048052e-07,1,[1],[6232]
393,2,288,1168,0.0009062321550219603,0.0009062321550219603,1,[1],[6311]
394,2,288,1168,0.0009066021550219621,3.700000000018142e-07,1,[1],[6363]
395,2,288,1168,0.0009068921550219635,2.9000000000142193e-07,1,[1],[6182]
396,2,288,1168,0.000907192155021965,3.0000000000147097e-07,1,[1],[6307]
397,2,288,1168,0.0009075421550219667,3.500000000017161e-07,1,[1],[6132]
398,2,288,1168,0.0009083921550219709,8.500000000041677e-07,1,[1],[6218]
399,2,288,1169,0.0009065606384303675,0.0009065606384303675,1,[1],[6365]
400,2,288,1169,0.0009069206384303693,3.6000000000176516e-07,1,[1],[6310]
401,2,288,1169,0.0009072106384303707,2.9000000000142193e-07,1,[1],[6193]
402,2,288,1169,0.0009075006384303721,2.9000000000142193e-07,1,[1],[6217]
403,2,288,1169,0.0009078606384303739,3.6000000000176516e-07,1,[1],[6203]
404,2,288,1169,0.0009086706384303779,8.100000000039716e-07,1,[1],[6221]
405,2,288,1170,0.0009068631001886124,0.0009068631001886124,1,[1],[6260]
406,2,288,1170,0.0009072331001886143,3.700000000018142e-07,1,[1],[6359]
407,2,288,1170,0.0009075231001886157,2.9000000000142193e-07,1,[1],[6297]
408,2,288,1170,0.0009078131001886171,2.9000000000142193e-07,1,[1],[6156]
409,2,288,1170,0.0009081531001886188,3.400000000016671e-07,1,[1],[6216]
410,2,288,1170,0.0009088931001886224,7.400000000036284e-07,1,[1],[6232]
411,2,288,1171,0.0009071651651320883,0.0009071651651320883,1,[1],[6348]
412,2,288,1171,0.00090752516513209,3.6000000000176516e-07,1,[1],[6258]
413,2,288,1171,0.0009078151651320915,2.9000000000142193e-07,1,[1],[6311]
414,2,288,1171,0.0009081051651320929,2.9000000000142193e-07,1,[1],[6132]
415,2,288,1171,0.0009084551651320946,3.500000000017161e-07,1,[1],[6230]
416,2,288,1171,0.0009092651651320986,8.100000000039716e-07,1,[1],[6227]
417,2,288,1172,0.0009074254625458066,0.0009074254625458066,1,[1],[6265]
418,2,288,1172,0.0009077954625458084,3.700000000018142e-07,1,[1],[6433]
419,2,288,1172,0.0009080754625458098,2.800000000013729e-07,1,[1],[6072]
420,2,288,1172,0.0009083654625458112,2.9000000000142193e-07,1,[1],[6236]
421,2,288,1172,0.0009087154625458129,3.500000000017161e-07,1,[1],[6289]
422,2,288,1172,0.0009094554625458165,7.400000000036284e-07,1,[1],[6205]
423,2,288,1173,0.000907688927173289,0.000907688927173289,1,[1],[6295]
424,2,288,1173,0.0009080489271732908,3.6000000000176516e-07,1,[1],[6236]
425,2,288,1173,0.0009083489271732923,3.0000000000147097e-07,1,[1],[6347]
426,2,288,1173,0.0009086289271732936,2.800000000013729e-07,1,[1],[6173]
427,2,288,1173,0.0009089989271732954,3.700000000018142e-07,1,[1],[6334]
428,2,288,1173,0.0009100089271733004,1.0100000000049522e-06,1,[1],[6116]
429,2,288,1174,0.0009079186746026663,0.0009079186746026663,1,[1],[6364]
430,2,288,1174,0.0009082786746026681,3.6000000000176516e-07,1,[1],[6136]
431,2,288,1174,0.0009085786746026696,3.0000000000147097e-07,1,[1],[6291]
432,2,288,1174,0.000908878674602671,3.0000000000147097e-07,1,[1],[6236]
433,2,288,1174,0.0009092586746026729,3.800000000018632e-07,1,[1],[6323]
434,2,288,1175,0.0009081100821683929,0.0009081100821683929,1,[1],[6330]
435,2,288,1175,0.0009084800821683947,3.700000000018142e-07,1,[1],[6251]
436,2,288,1175,0.0009087800821683962,3.0000000000147097e-07,1,[1],[6341]
437,2,288,1175,0.0009090800821683977,3.0000000000147097e-07,1,[1],[6155]
438,2,288,1175,0.0009094800821683996,4.000000000019613e-07,1,[1],[6255]
439,2,288,1176,0.0009083181490136726,0.0009083181490136726,1,[1],[6298]
440,2,288,1176,0.0009086981490136744,3.800000000018632e-07,1,[1],[6309]
441,2,288,1176,0.000909008149013676,3.1000000000152e-07,1,[1],[6310]
442,2,288,1176,0.0009093381490136776,3.3000000000161806e-07,1,[1],[6158]
443,2,288,1176,0.00090983814901368,5.000000000024516e-07,1,[1],[6244]
444,2,288,1177,0.0009084782445648261,0.0009084782445648261,1,[1],[6312]
445,2,288,1177,0.000908868244564828,3.9000000000191225e-07,1,[1],[6263]
446,2,288,1177,0.0009091982445648296,3.3000000000161806e-07,1,[1],[6333]
447,2,288,1177,0.0009095482445648313,3.500000000017161e-07,1,[1],[6218]
448,2,288,1177,0.0009101082445648341,5.600000000027458e-07,1,[1],[6145]
449,2,288,1178,0.000908624210368905,0.000908624210368905,1,[1],[6318]
450,2,288,1178,0.000909014210368907,3.9000000000191225e-07,1,[1],[6272]
451,2,288,1178,0.0009093342103689085,3.2000000000156903e-07,1,[1],[6290]
452,2,288,1178,0.0009096742103689102,3.400000000016671e-07,1,[1],[6139]
453,2,288,1178,0.0009102242103689129,5.500000000026968e-07,1,[1],[6296]
454,2,288,1179,0.0009087942778139853,0.0009087942778139853,1,[1],[6354]
455,2,288,1179,0.0009091642778139872,3.700000000018142e-07,1,[1],[6170]
456,2,288,1179,0.0009094742778139887,3.1000000000152e-07,1,[1],[6345]
457,2,288,1179,0.0009097942778139902,3.2000000000156903e-07,1,[1],[6187]
458,2,288,1179,0.0009102442778139925,4.5000000000220645e-07,1,[1],[6221]
459,2,288,1180,0.0009089533537721215,0.0009089533537721215,2,"[1, 3]","[6199, 70]"
460,2,288,1180,0.0009093333537721234,3.800000000018632e-07,2,"[1, 3]","[6274, 77]"
461,2,288,1180,0.0009096433537721249,3.1000000000152e-07,2,"[1, 3]","[6196, 107]"
462,2,288,1180,0.0009099533537721264,3.1000000000152e-07,2,"[1, 3]","[6030, 140]"
463,2,288,1180,0.0009103633537721284,4.100000000020103e-07,2,"[1, 3]","[6029, 152]"
464,2,288,1181,0.0009090994138522776,0.0009090994138522776,2,"[1, 3]","[5835, 536]"
465,2,288,1181,0.0009094594138522793,3.6000000000176516e-07,2,"[1, 3]","[5590, 634]"
466,2,288,1181,0.0009097394138522807,2.800000000013729e-07,2,"[1, 3]","[5497, 658]"
467,2,288,1181,0.0009100194138522821,2.800000000013729e-07,2,"[1, 3]","[5603, 678]"
468,2,288,1181,0.0009103694138522838,3.500000000017161e-07,2,"[1, 3]","[5605, 738]"
469,2,288,1181,0.0009110894138522873,7.200000000035303e-07,2,"[1, 3]","[5370, 780]"
470,2,288,1182,0.0009092938200384962,0.0009092938200384962,2,"[1, 3]","[6260, 79]"
471,2,288,1182,0.0009096838200384981,3.9000000000191225e-07,2,"[1, 3]","[6205, 71]"
472,2,288,1182,0.0009100138200384998,3.3000000000161806e-07,2,"[1, 3]","[6231, 66]"
473,2,288,1182,0.0009103838200385016,3.700000000018142e-07,2,"[1, 3]","[6049, 59]"
474,2,288,1182,0.0009111438200385053,7.600000000037264e-07,2,"[1, 3]","[6195, 53]"
475,2,288,1183,0.0009093702517505502,0.0009093702517505502,2,"[1, 2]","[6277, 1]"
476,2,288,1183,0.0009097702517505521,4.000000000019613e-07,1,[1],[6330]
477,2,288,1183,0.0009101002517505537,3.3000000000161806e-07,2,"[1, 2]","[6171, 1]"
478,2,288,1183,0.0009104902517505556,3.9000000000191225e-07,1,[1],[6312]
479,2,288,1183,0.0009113302517505598,8.400000000041187e-07,2,"[1, 2]","[6160, 1]"
480,2,288,1184,0.0009094422927153417,0.0009094422927153417,2,"[1, 2]","[6169, 224]"
481,2,288,1184,0.0009098222927153435,3.800000000018632e-07,2,"[1, 2]","[5926, 216]"
482,2,288,1184,0.0009101422927153451,3.2000000000156903e-07,2,"[1, 2]","[6072, 242]"
483,2,288,1184,0.0009104922927153468,3.500000000017161e-07,2,"[1, 2]","[5881, 298]"
484,2,288,1184,0.0009110722927153496,5.800000000028439e-07,2,"[1, 2]","[5866, 390]"
485,2,288,1185,0.0009094862850956859,0.0009094862850956859,2,"[1, 2]","[5758, 610]"
486,2,288,1185,0.0009098562850956877,3.700000000018142e-07,2,"[1, 2]","[5636, 667]"
487,2,288,1185,0.0009101562850956892,3.0000000000147097e-07,2,"[1, 2]","[5410, 741]"
488,2,288,1185,0.0009104662850956907,3.1000000000152e-07,2,"[1, 2]","[5433, 794]"
489,2,288,1185,0.0009108862850956928,4.2000000000205935e-07,2,"[1, 2]","[5361, 844]"
490,2,288,1186,0.0009095552513907605,0.0009095552513907605,2,"[1, 2]","[6366, 29]"
491,2,288,1186,0.0009099352513907623,3.800000000018632e-07,2,"[1, 2]","[6075, 30]"
492,2,288,1186,0.000910275251390764,3.400000000016671e-07,2,"[1, 2]","[6249, 35]"
493,2,288,1186,0.0009106552513907659,3.800000000018632e-07,2,"[1, 2]","[6242, 39]"
494,2,288,1186,0.0009114252513907696,7.700000000037755e-07,2,"[1, 2]","[6162, 33]"
495,2,288,1187,0.0009095886778126024,0.0009095886778126024,1,[1],[6323]
496,2,288,1187,0.0009099886778126044,4.000000000019613e-07,1,[1],[6302]
497,2,288,1187,0.000910328677812606,3.400000000016671e-07,1,[1],[6228]
498,2,288,1187,0.000910728677812608,4.000000000019613e-07,1,[1],[6240]
499,2,288,1187,0.0009118986778126137,1.1700000000057368e-06,1,[1],[6163]
500,2,288,1188,0.0009099853477854095,0.0009099853477854095,1,[1],[6329]
501,2,288,1188,0.000910695347785413,7.100000000034813e-07,1,[1],[6181]
502,2,289,1154,0.0009023716553636595,0.0009023716553636595,2,"[1, 4]","[1992, 4323]"
503,2,289,1154,0.0009030416553636628,6.700000000032852e-07,2,"[1, 4]","[4559, 1644]"
504,2,289,1154,0.0009038216553636666,7.800000000038245e-07,2,"[1, 4]","[5246, 1007]"
505,2,289,1155,0.0009022696286822472,0.0009022696286822472,2,"[1, 4]","[5680, 692]"
506,2,289,1155,0.0009025896286822488,3.2000000000156903e-07,2,"[1, 4]","[6038, 265]"
507,2,289,1155,0.00090282962868225,2.4000000000117677e-07,2,"[1, 4]","[6129, 208]"
508,2,289,1155,0.000903029628682251,2.0000000000098064e-07,2,"[1, 4]","[6085, 171]"
509,2,289,1155,0.000903229628682252,2.0000000000098064e-07,2,"[1, 4]","[6056, 127]"
510,2,289,1155,0.000903449628682253,2.200000000010787e-07,2,"[1, 4]","[6152, 119]"
511,2,289,1155,0.0009036996286822543,2.500000000012258e-07,2,"[1, 4]","[6061, 103]"
512,2,289,1155,0.0009040896286822562,3.9000000000191225e-07,2,"[1, 4]","[6058, 65]"
513,2,289,1156,0.0009023102192014631,0.0009023102192014631,2,"[1, 4]","[6317, 2]"
514,2,289,1156,0.0009026102192014646,3.0000000000147097e-07,2,"[1, 4]","[6332, 1]"
515,2,289,1156,0.0009028302192014657,2.200000000010787e-07,1,[1],[6395]
516,2,289,1156,0.0009030102192014665,1.8000000000088258e-07,2,"[1, 4]","[6081, 1]"
517,2,289,1156,0.0009031802192014674,1.7000000000083355e-07,1,[1],[6187]
518,2,289,1156,0.0009033602192014683,1.8000000000088258e-07,2,"[1, 4]","[6281, 1]"
519,2,289,1156,0.0009035502192014692,1.900000000009316e-07,1,[1],[6280]
520,2,289,1156,0.0009037802192014703,2.3000000000112774e-07,1,[1],[6263]
521,2,289,1156,0.000904120219201472,3.400000000016671e-07,2,"[1, 4]","[6207, 1]"
522,2,289,1157,0.0009024878410523453,0.0009024878410523453,1,[1],[6257]
523,2,289,1157,0.0009028078410523468,3.2000000000156903e-07,1,[1],[6487]
524,2,289,1157,0.0009030278410523479,2.200000000010787e-07,1,[1],[6236]
525,2,289,1157,0.0009032178410523489,1.900000000009316e-07,1,[1],[6306]
526,2,289,1157,0.0009033978410523497,1.8000000000088258e-07,1,[1],[6286]
527,2,289,1157,0.0009035778410523506,1.8000000000088258e-07,1,[1],[6074]
528,2,289,1157,0.0009037778410523516,2.0000000000098064e-07,1,[1],[6209]
529,2,289,1157,0.0009040278410523528,2.500000000012258e-07,1,[1],[6272]
530,2,289,1157,0.0009044078410523547,3.800000000018632e-07,1,[1],[6165]
531,2,289,1158,0.0009028052807208701,0.0009028052807208701,1,[1],[6250]
532,2,289,1158,0.0009031252807208716,3.2000000000156903e-07,1,[1],[6383]
533,2,289,1158,0.0009033552807208728,2.3000000000112774e-07,1,[1],[6359]
534,2,289,1158,0.0009035552807208737,2.0000000000098064e-07,1,[1],[6169]
535,2,289,1158,0.0009037452807208747,1.900000000009316e-07,1,[1],[6116]
536,2,289,1158,0.0009039552807208757,2.1000000000102968e-07,1,[1],[6389]
537,2,289,1158,0.0009041852807208768,2.3000000000112774e-07,1,[1],[6096]
538,2,289,1158,0.0009045152807208785,3.3000000000161806e-07,1,[1],[6349]
539,2,289,1159,0.0009031860295648555,0.0009031860295648555,1,[1],[6377]
540,2,289,1159,0.0009035160295648571,3.3000000000161806e-07,1,[1],[6154]
541,2,289,1159,0.0009037760295648584,2.6000000000127484e-07,1,[1],[6431]
542,2,289,1159,0.0009040060295648595,2.3000000000112774e-07,1,[1],[6287]
543,2,289,1159,0.0009042360295648606,2.3000000000112774e-07,1,[1],[6166]
544,2,289,1159,0.0009044960295648619,2.6000000000127484e-07,1,[1],[6141]
545,2,289,1159,0.0009048660295648637,3.700000000018142e-07,1,[1],[6292]
546,2,289,1160,0.0009036332391773567,0.0009036332391773567,1,[1],[6278]
547,2,289,1160,0.0009039832391773584,3.500000000017161e-07,1,[1],[6291]
548,2,289,1160,0.0009042632391773598,2.800000000013729e-07,1,[1],[6383]
549,2,289,1160,0.000904513239177361,2.500000000012258e-07,1,[1],[6056]
550,2,289,1160,0.0009047932391773624,2.800000000013729e-07,1,[1],[6281]
551,2,289,1160,0.0009051832391773643,3.9000000000191225e-07,1,[1],[6273]
552,2,289,1161,0.0009041079933440439,0.0009041079933440439,1,[1],[6323]
553,2,289,1161,0.0009044979933440458,3.9000000000191225e-07,1,[1],[6218]
554,2,289,1161,0.0009048279933440474,3.3000000000161806e-07,1,[1],[6249]
555,2,289,1161,0.0009051879933440492,3.6000000000176516e-07,1,[1],[6255]
556,2,289,1161,0.000905767993344052,5.800000000028439e-07,1,[1],[6265]
557,2,289,1162,0.0009045651443567113,0.0009045651443567113,1,[1],[6343]
558,2,289,1162,0.0009050151443567135,4.5000000000220645e-07,1,[1],[6236]
559,2,289,1162,0.0009054451443567157,4.300000000021084e-07,1,[1],[6263]
560,2,289,1162,0.0009062051443567194,7.600000000037264e-07,1,[1],[6168]
561,2,289,1163,0.0009049640054998556,0.0009049640054998556,1,[1],[6334]
562,2,289,1163,0.0009054840054998582,5.200000000025497e-07,1,[1],[6223]
563,2,289,1163,0.0009061140054998613,6.30000000003089e-07,1,[1],[6205]
564,2,289,1164,0.0009053860034916631,0.0009053860034916631,1,[1],[6347]
565,2,289,1164,0.0009060060034916662,6.2000000000304e-07,1,[1],[6254]
566,2,289,1165,0.0009057750396609927,0.0009057750396609927,1,[1],[6301]
567,2,289,1165,0.0009064650396609961,6.900000000033832e-07,1,[1],[6262]
568,2,289,1166,0.000906142767816774,0.000906142767816774,1,[1],[6265]
569,2,289,1166,0.0009070027678167782,8.600000000042168e-07,1,[1],[6259]
570,2,289,1167,0.0009065823216702764,0.0009065823216702764,1,[1],[6288]
571,2,289,1167,0.0009082323216702845,1.6500000000080903e-06,1,[1],[6214]
572,2,289,1168,0.0009069615149716287,0.0009069615149716287,1,[1],[6251]
573,2,289,1169,0.0009073902022360204,0.0009073902022360204,1,[1],[6292]
574,2,289,1170,0.0009077528839230099,0.0009077528839230099,1,[1],[6295]
575,2,289,1171,0.000908118224968052,0.000908118224968052,1,[1],[6284]
576,2,289,1172,0.0009083923700604604,0.0009083923700604604,1,[1],[6279]
577,2,289,1173,0.0009087008476463295,0.0009087008476463295,1,[1],[6264]
578,2,289,1174,0.0009090179924337004,0.0009090179924337004,1,[1],[6264]
579,2,289,1175,0.0009092520127379154,0.0009092520127379154,1,[1],[6267]
580,2,289,1176,0.0009096042016280772,0.0009096042016280772,1,[1],[6276]
581,2,289,1177,0.0009097799110137453,0.0009097799110137453,1,[1],[6264]
582,2,289,1178,0.0009099239589473978,0.0009099239589473978,1,[1],[6260]
583,2,289,1179,0.000910048131018429,0.000910048131018429,1,[1],[6261]
584,2,289,1180,0.0009101677557354117,0.0009101677557354117,2,"[1, 3]","[6151, 113]"
585,2,289,1181,0.0009102890077651427,0.0009102890077651427,2,"[1, 3]","[5647, 626]"
586,2,289,1182,0.0009111493609691644,0.0009111493609691644,2,"[1, 3]","[6191, 62]"
587,2,290,1153,0.0008983235265541628,0.0008983235265541628,1,[4],[6261]
588,2,290,1153,0.0008997735265541699,1.4500000000071097e-06,1,[4],[6252]
589,2,290,1154,0.000899332439675437,0.000899332439675437,1,[4],[6259]
590,2,290,1154,0.0009002024396754412,8.700000000042658e-07,1,[4],[6249]
591,2,290,1154,0.0009008824396754446,6.800000000033342e-07,2,"[1, 4]","[10, 6280]"
592,2,290,1154,0.0009014724396754475,5.900000000028929e-07,2,"[1, 4]","[113, 6192]"
593,2,290,1154,0.0009020424396754503,5.700000000027948e-07,2,"[1, 4]","[793, 5485]"
594,2,290,1154,0.0009025224396754526,4.800000000023535e-07,2,"[1, 4]","[2105, 4090]"
595,2,290,1154,0.0009029724396754548,4.5000000000220645e-07,2,"[1, 4]","[3458, 2724]"
596,2,290,1154,0.0009035024396754574,5.300000000025987e-07,2,"[1, 4]","[4526, 1737]"
597,2,290,1155,0.0009022132624317487,0.0009022132624317487,2,"[1, 4]","[3643, 2657]"
598,2,290,1155,0.0009026232624317507,4.100000000020103e-07,2,"[1, 4]","[5553, 786]"
599,2,290,1155,0.0009029132624317521,2.9000000000142193e-07,2,"[1, 4]","[5655, 521]"
600,2,290,1155,0.0009031832624317534,2.7000000000132387e-07,2,"[1, 4]","[5988, 360]"
601,2,290,1155,0.0009034632624317548,2.800000000013729e-07,2,"[1, 4]","[6000, 282]"
602,2,290,1155,0.0009038232624317566,3.6000000000176516e-07,2,"[1, 4]","[5923, 219]"
603,2,290,1156,0.000902824415554111,0.000902824415554111,2,"[1, 4]","[6333, 4]"
604,2,290,1156,0.0009033644155541136,5.400000000026477e-07,2,"[1, 4]","[6184, 2]"
605,2,290,1156,0.0009042344155541179,8.700000000042658e-07,2,"[1, 4]","[6226, 1]"
606,2,290,1157,0.0009036852257821444,0.0009036852257821444,1,[1],[6279]
607,2,291,1152,0.0008938301666495649,0.0008938301666495649,2,"[4, 1087]","[6267, 1]"
608,2,291,1152,0.0008956601666495739,1.8300000000089729e-06,1,[4],[6257]
609,2,291,1153,0.0008943558963247364,0.0008943558963247364,1,[4],[6257]
610,2,291,1153,0.0008952258963247407,8.700000000042658e-07,1,[4],[6298]
611,2,291,1153,0.0008958758963247439,6.500000000031871e-07,1,[4],[6228]
612,2,291,1153,0.0008964658963247468,5.900000000028929e-07,1,[4],[6270]
613,2,291,1153,0.0008970458963247496,5.800000000028439e-07,1,[4],[6223]
614,2,291,1153,0.0008976958963247528,6.500000000031871e-07,1,[4],[6281]
615,2,291,1153,0.0008985658963247571,8.700000000042658e-07,1,[4],[6259]
616,2,291,1154,0.0008984383362706274,0.0008984383362706274,1,[4],[6267]
617,2,291,1154,0.000900598336270638,2.160000000010591e-06,1,[4],[6240]
618,2,292,1147,0.0008877197297664079,0.0008877197297664079,2,"[1066, 1070]","[6198, 80]"
619,2,292,1151,0.0008905257335884343,0.0008905257335884343,2,"[4, 1087]","[6084, 169]"
620,2,292,1152,0.0008893722277401542,0.0008893722277401542,2,"[4, 1087]","[6266, 1]"
621,2,292,1152,0.0008902222277401584,8.500000000041677e-07,1,[4],[6249]
622,2,292,1152,0.0008908522277401615,6.30000000003089e-07,1,[4],[6245]
623,2,292,1152,0.0008914022277401642,5.500000000026968e-07,1,[4],[6255]
624,2,292,1152,0.0008919522277401669,5.500000000026968e-07,1,[4],[6302]
625,2,292,1152,0.0008925222277401697,5.700000000027948e-07,1,[4],[6222]
626,2,292,1152,0.000893202227740173,6.800000000033342e-07,1,[4],[6264]
627,2,292,1152,0.0008941122277401775,9.100000000044619e-07,1,[4],[6214]
628,2,292,1153,0.0008927455053248516,0.0008927455053248516,1,[4],[6277]
629,2,292,1153,0.0008940155053248579,1.270000000006227e-06,1,[4],[6226]
630,2,292,1153,0.0008954155053248647,1.4000000000068645e-06,1,[4],[6260]
631,2,293,1145,0.0008843123623195105,0.0008843123623195105,5,"[1066, 1067, 1129, 1130, 1131]","[5997, 1, 15, 249, 4]"
632,2,293,1146,0.0008836481996138376,0.0008836481996138376,4,"[1066, 1067, 1130, 1131]","[6185, 17, 69, 2]"
633,2,293,1146,0.0008843881996138412,7.400000000036284e-07,1,[1066],[6308]
634,2,293,1146,0.000885148199613845,7.600000000037264e-07,1,[1066],[6188]
635,2,293,1146,0.0008870981996138545,1.9500000000095613e-06,1,[1066],[6240]
636,2,293,1147,0.0008856196339111377,0.0008856196339111377,3,"[1066, 1067, 1130]","[6280, 1, 1]"
637,2,293,1147,0.0008865296339111422,9.100000000044619e-07,2,"[1066, 1070]","[6289, 2]"
638,2,293,1147,0.0008873996339111464,8.700000000042658e-07,2,"[1066, 1070]","[6110, 70]"
639,2,293,1147,0.0008882096339111504,8.100000000039716e-07,3,"[1066, 1070, 1073]","[5777, 536, 2]"
640,2,293,1147,0.000888949633911154,7.400000000036284e-07,3,"[1066, 1070, 1073]","[5103, 1075, 55]"
641,2,293,1147,0.0008902196339111603,1.270000000006227e-06,3,"[1066, 1070, 1073]","[4748, 795, 657]"
642,2,293,1148,0.0008884288876301873,0.0008884288876301873,3,"[1066, 1070, 1073]","[5402, 873, 2]"
643,2,293,1148,0.0008890288876301902,6.000000000029419e-07,3,"[1066, 1070, 1073]","[5459, 828, 15]"
644,2,293,1148,0.0008894988876301925,4.700000000023045e-07,3,"[1066, 1070, 1073]","[5755, 433, 30]"
645,2,293,1148,0.0008899888876301949,4.900000000024026e-07,3,"[1066, 1070, 1073]","[5959, 185, 76]"
646,2,293,1148,0.0008906888876301983,7.000000000034323e-07,3,"[1066, 1070, 1073]","[6063, 54, 121]"
647,2,293,1151,0.0008848062311988404,0.0008848062311988404,2,"[4, 1086]","[6250, 50]"
648,2,293,1151,0.0008856662311988446,8.600000000042168e-07,2,"[4, 1086]","[6132, 141]"
649,2,293,1151,0.0008863262311988478,6.600000000032361e-07,2,"[4, 1086]","[6087, 94]"
650,2,293,1151,0.000886976231198851,6.500000000031871e-07,2,"[4, 1086]","[6286, 29]"
651,2,293,1151,0.0008876762311988544,7.000000000034323e-07,2,"[4, 1086]","[6237, 6]"
652,2,293,1151,0.0008885762311988589,9.000000000044129e-07,2,"[4, 1087]","[6204, 1]"
653,2,293,1151,0.0008909162311988703,2.3400000000114735e-06,2,"[4, 1087]","[6237, 1]"
654,2,293,1152,0.0008870252850688123,0.0008870252850688123,1,[4],[6251]
655,2,293,1152,0.0008880152850688171,9.900000000048542e-07,1,[4],[6270]
656,2,293,1152,0.0008888452850688212,8.300000000040697e-07,1,[4],[6268]
657,2,293,1152,0.0008896552850688251,8.100000000039716e-07,1,[4],[6242]
658,2,293,1152,0.0008907052850688303,1.0500000000051484e-06,1,[4],[6252]
659,2,294,1145,0.0008817633605931882,0.0008817633605931882,3,"[1066, 1067, 1130]","[5902, 355, 3]"
660,2,294,1145,0.0008827933605931932,1.0300000000050503e-06,1,[1066],[6278]
661,2,294,1146,0.0008793088581961572,0.0008793088581961572,2,"[1066, 1067]","[2280, 4039]"
662,2,294,1146,0.0008804188581961627,1.1100000000054426e-06,2,"[1066, 1067]","[4804, 1405]"
663,2,294,1146,0.0008816688581961688,1.250000000006129e-06,3,"[1066, 1067, 1130]","[6152, 80, 1]"
664,2,294,1146,0.0008832188581961764,1.5500000000076e-06,1,[1066],[6254]
665,2,294,1147,0.0008894102397737225,0.0008894102397737225,4,"[1066, 1067, 1070, 1073]","[4565, 1411, 57, 222]"
666,2,294,1148,0.0008892191744676685,0.0008892191744676685,5,"[4, 1066, 1067, 1070, 1073]","[2, 6168, 2, 47, 35]"
667,2,294,1148,0.0008898991744676718,6.800000000033342e-07,3,"[1066, 1070, 1073]","[6191, 7, 106]"
668,2,294,1148,0.0008909791744676771,1.0800000000052955e-06,3,"[1066, 1070, 1073]","[5984, 2, 210]"
669,2,294,1150,0.000880694982459054,0.000880694982459054,1,[4],[6274]
670,2,294,1150,0.0008815449824590582,8.500000000041677e-07,1,[4],[6279]
671,2,294,1150,0.0008822849824590618,7.400000000036284e-07,1,[4],[6259]
672,2,294,1150,0.0008830849824590657,8.000000000039226e-07,2,"[4, 1086]","[6212, 1]"
673,2,294,1150,0.0008842649824590715,1.1800000000057858e-06,2,"[4, 1086]","[6123, 107]"
674,2,294,1150,0.0008863349824590817,2.0700000000101497e-06,2,"[4, 1086]","[3055, 3194]"
675,2,294,1151,0.0008820859304262424,0.0008820859304262424,1,[4],[6288]
676,2,294,1151,0.0008828759304262462,7.900000000038735e-07,1,[4],[6270]
677,2,294,1151,0.0008834759304262492,6.000000000029419e-07,1,[4],[6262]
678,2,294,1151,0.0008840159304262518,5.400000000026477e-07,2,"[4, 1086]","[6242, 17]"
679,2,294,1151,0.0008845459304262544,5.300000000025987e-07,2,"[4, 1086]","[6186, 87]"
680,2,294,1151,0.0008850959304262571,5.500000000026968e-07,2,"[4, 1086]","[5897, 312]"
681,2,294,1151,0.0008857559304262603,6.600000000032361e-07,2,"[4, 1086]","[5679, 541]"
682,2,294,1151,0.0008869359304262661,1.1800000000057858e-06,2,"[4, 1086]","[5740, 482]"
683,2,295,1146,0.0008782729395574603,0.0008782729395574603,2,"[1066, 1067]","[2614, 3653]"
684,2,295,1146,0.0008787829395574628,5.100000000025006e-07,2,"[1066, 1067]","[2219, 4015]"
685,2,295,1146,0.0008792729395574652,4.900000000024026e-07,2,"[1066, 1067]","[2616, 3680]"
686,2,295,1146,0.0008799629395574686,6.900000000033832e-07,2,"[1066, 1067]","[3485, 2721]"
687,2,295,1147,0.0008778964721963008,0.0008778964721963008,3,"[4, 1066, 1067]","[2, 5807, 462]"
688,2,295,1147,0.0008786864721963047,7.900000000038735e-07,2,"[1066, 1067]","[4838, 1450]"
689,2,295,1147,0.0008802764721963125,1.5900000000077961e-06,2,"[1066, 1067]","[4174, 2028]"
690,2,295,1149,0.0008774810808568225,0.0008774810808568225,2,"[4, 1066]","[6238, 18]"
691,2,295,1149,0.0008782910808568265,8.100000000039716e-07,1,[4],[6306]
692,2,295,1149,0.0008790710808568303,7.800000000038245e-07,1,[4],[6216]
693,2,295,1149,0.0008806110808568378,1.540000000007551e-06,1,[4],[6236]
694,2,295,1150,0.0008781933272773633,0.0008781933272773633,1,[4],[6267]
695,2,295,1150,0.0008787833272773662,5.900000000028929e-07,1,[4],[6378]
696,2,295,1150,0.0008792333272773684,4.5000000000220645e-07,1,[4],[6220]
697,2,295,1150,0.0008796133272773703,3.800000000018632e-07,1,[4],[6151]
698,2,295,1150,0.0008800033272773722,3.9000000000191225e-07,1,[4],[6365]
699,2,295,1150,0.0008803933272773741,3.9000000000191225e-07,1,[4],[6136]
700,2,295,1150,0.0008808633272773764,4.700000000023045e-07,1,[4],[6339]
701,2,295,1150,0.0008814333272773792,5.700000000027948e-07,1,[4],[6169]
702,2,295,1150,0.0008824433272773841,1.0100000000049522e-06,1,[4],[6251]
703,2,295,1151,0.0008819194001207422,0.0008819194001207422,1,[4],[6271]
704,2,296,1147,0.0008769670985528707,0.0008769670985528707,3,"[4, 1066, 1067]","[218, 6037, 2]"
705,2,296,1147,0.000878057098552876,1.0900000000053445e-06,3,"[4, 1066, 1067]","[4, 6237, 38]"
706,2,296,1148,0.0008749446783290915,0.0008749446783290915,2,"[4, 1066]","[5457, 885]"
707,2,296,1148,0.0008754346783290939,4.900000000024026e-07,2,"[4, 1066]","[4678, 1572]"
708,2,296,1148,0.0008758346783290958,4.000000000019613e-07,2,"[4, 1066]","[4026, 2171]"
709,2,296,1148,0.0008762446783290978,4.100000000020103e-07,2,"[4, 1066]","[3536, 2735]"
710,2,296,1148,0.0008767546783291003,5.100000000025006e-07,2,"[4, 1066]","[2892, 3340]"
711,2,296,1148,0.0008778046783291055,1.0500000000051484e-06,2,"[4, 1066]","[2503, 3731]"
712,2,296,1149,0.0008751179244506238,0.0008751179244506238,2,"[4, 1066]","[6046, 226]"
713,2,296,1149,0.0008755879244506261,4.700000000023045e-07,2,"[4, 1066]","[6003, 250]"
714,2,296,1149,0.0008759479244506279,3.6000000000176516e-07,2,"[4, 1066]","[6052, 226]"
715,2,296,1149,0.0008762579244506294,3.1000000000152e-07,2,"[4, 1066]","[6082, 177]"
716,2,296,1149,0.0008765479244506308,2.9000000000142193e-07,2,"[4, 1066]","[6227, 101]"
717,2,296,1149,0.0008768279244506322,2.800000000013729e-07,2,"[4, 1066]","[6083, 70]"
718,2,296,1149,0.0008771179244506336,2.9000000000142193e-07,2,"[4, 1066]","[6265, 39]"
719,2,296,1149,0.0008774379244506352,3.2000000000156903e-07,2,"[4, 1066]","[6328, 23]"
720,2,296,1149,0.000877807924450637,3.700000000018142e-07,2,"[4, 1066]","[6077, 8]"
721,2,296,1149,0.0008783379244506396,5.300000000025987e-07,2,"[4, 1066]","[6294, 6]"
722,2,296,1149,0.0008798879244506472,1.5500000000076e-06,2,"[4, 1066]","[6167, 1]"
723,2,296,1150,0.0008777468475251867,0.0008777468475251867,2,"[4, 1066]","[6293, 2]"
724,2,296,1150,0.0008788368475251921,1.0900000000053445e-06,1,[4],[6240]
725,2,297,1148,0.0008748829609335295,0.0008748829609335295,2,"[4, 1066]","[5616, 687]"
726,2,297,1148,0.0008754429609335322,5.600000000027458e-07,2,"[4, 1066]","[4976, 1284]"
727,2,297,1148,0.0008760729609335353,6.30000000003089e-07,2,"[4, 1066]","[4184, 2050]"
728,2,297,1149,0.0008752590823771053,0.0008752590823771053,2,"[4, 1066]","[5967, 344]"
729,2,297,1149,0.0008760190823771091,7.600000000037264e-07,2,"[4, 1066]","[5810, 447]"
730,2,297,1149,0.0008779490823771185,1.930000000009463e-06,2,"[4, 1066]","[5907, 277]"
731,2,298,1295,0.00158887708910617,0.00158887708910617,2,"[790, 791]","[4723, 1537]"
732,2,298,1296,0.0015898624551408487,0.0015898624551408487,2,"[790, 791]","[6099, 162]"
733,2,299,1294,0.0015881929046468583,0.0015881929046468583,2,"[790, 791]","[1550, 4738]"
734,2,299,1294,0.0015893229046468516,1.1299999999932892e-06,2,"[790, 791]","[925, 5310]"
735,2,299,1295,0.0015875358061150698,0.0015875358061150698,2,"[790, 791]","[3521, 2803]"
736,2,299,1295,0.0015881358061150663,5.999999999964367e-07,2,"[790, 791]","[3433, 2751]"
737,2,299,1295,0.001588695806115063,5.599999999966743e-07,2,"[790, 791]","[3381, 2941]"
738,2,299,1295,0.0015894658061150584,7.699999999954271e-07,2,"[790, 791]","[3372, 2846]"
739,2,299,1296,0.0015887902716194453,0.0015887902716194453,2,"[790, 791]","[5506, 780]"
740,2,300,1183,0.0010616924352514609,0.0010616924352514609,3,"[524, 525, 529]","[3060, 3206, 2]"
741,2,300,1184,0.0010621523391026479,0.0010621523391026479,3,"[524, 525, 529]","[3049, 3180, 38]"
742,2,300,1184,0.0010638523391026378,1.699999999989904e-06,3,"[524, 525, 529]","[2447, 2814, 1004]"
743,2,300,1184,0.0010665823391026216,2.729999999983787e-06,4,"[524, 525, 529, 949]","[1827, 3805, 503, 86]"
744,2,300,1185,0.0010685559439207167,0.0010685559439207167,4,"[524, 525, 529, 949]","[1486, 3920, 129, 723]"
745,2,300,1295,0.0015885391626787565,0.0015885391626787565,2,"[790, 791]","[2736, 3516]"
746,2,301,1183,0.0010609353865849702,0.0010609353865849702,2,"[524, 525]","[3243, 3016]"
747,2,301,1183,0.0010620853865849634,1.1499999999931704e-06,3,"[524, 525, 529]","[3202, 3024, 23]"
748,2,301,1183,0.001063825386584953,1.7399999999896665e-06,3,"[524, 525, 529]","[2813, 2721, 729]"
749,2,301,1184,0.0010613527070370706,0.0010613527070370706,3,"[524, 525, 529]","[3348, 2921, 5]"
750,2,301,1184,0.0010622327070370654,8.799999999947739e-07,3,"[524, 525, 529]","[3294, 2826, 131]"
751,2,301,1184,0.0010629027070370614,6.69999999996021e-07,3,"[524, 525, 529]","[3111, 2586, 618]"
752,2,301,1184,0.0010634427070370582,5.39999999996793e-07,3,"[524, 525, 529]","[2813, 2333, 1019]"
753,2,301,1184,0.0010639427070370552,4.999999999970306e-07,3,"[524, 525, 529]","[2803, 2311, 1174]"
754,2,301,1184,0.0010644627070370521,5.199999999969118e-07,3,"[524, 525, 529]","[2899, 2539, 858]"
755,2,301,1184,0.0010650227070370488,5.599999999966743e-07,4,"[524, 525, 529, 949]","[2960, 2796, 424, 8]"
756,2,301,1184,0.001065662707037045,6.399999999961992e-07,4,"[524, 525, 529, 949]","[3097, 3039, 94, 64]"
757,2,301,1184,0.0010663627070370408,6.999999999958428e-07,4,"[524, 525, 529, 949]","[2773, 2999, 8, 399]"
758,2,301,1184,0.0010671527070370362,7.899999999953083e-07,4,"[524, 525, 529, 949]","[2290, 2720, 3, 1319]"
759,2,301,1184,0.0010683027070370293,1.1499999999931704e-06,3,"[524, 525, 949]","[1816, 2662, 1704]"
760,2,301,1185,0.0010652338668671476,0.0010652338668671476,4,"[524, 525, 529, 949]","[3309, 2579, 344, 31]"
761,2,301,1185,0.0010662238668671417,9.899999999941206e-07,4,"[524, 525, 529, 949]","[2948, 2728, 3, 638]"
762,2,301,1185,0.001066833866867138,6.099999999963773e-07,3,"[524, 525, 949]","[2408, 2280, 1569]"
763,2,301,1185,0.0010673138668671352,4.799999999971494e-07,3,"[524, 525, 949]","[2223, 2157, 1887]"
764,2,301,1185,0.0010677638668671325,4.4999999999732754e-07,3,"[524, 525, 949]","[2249, 2362, 1603]"
765,2,301,1185,0.0010682438668671297,4.799999999971494e-07,3,"[524, 525, 949]","[2634, 2581, 1030]"
766,2,301,1185,0.0010687738668671266,5.299999999968524e-07,3,"[524, 525, 949]","[2820, 2972, 453]"
767,2,301,1185,0.0010693438668671232,5.699999999966149e-07,3,"[524, 525, 949]","[2727, 3351, 131]"
768,2,301,1185,0.0010700138668671192,6.69999999996021e-07,3,"[524, 525, 949]","[2380, 3881, 16]"
769,2,301,1185,0.001070873866867114,8.599999999948926e-07,3,"[524, 525, 949]","[1722, 4515, 1]"
770,2,301,1185,0.0010723638668671052,1.4899999999911512e-06,2,"[524, 525]","[700, 5526]"
771,2,301,1186,0.0010695593826384178,0.0010695593826384178,3,"[524, 525, 949]","[4119, 1863, 277]"
772,2,301,1186,0.0010705593826384118,9.999999999940612e-07,3,"[524, 525, 949]","[4271, 2016, 1]"
773,2,301,1186,0.0010713993826384069,8.399999999950114e-07,2,"[524, 525]","[3496, 2720]"
774,2,301,1186,0.0010722893826384016,8.899999999947145e-07,2,"[524, 525]","[2451, 3813]"
775,2,301,1186,0.0010732693826383958,9.7999999999418e-07,2,"[524, 525]","[1146, 5095]"
776,2,301,1186,0.0010743093826383896,1.0399999999938236e-06,2,"[524, 525]","[425, 5840]"
777,2,301,1186,0.001075429382638383,1.1199999999933485e-06,2,"[524, 525]","[121, 6132]"
778,2,301,1186,0.001076939382638374,1.5099999999910324e-06,2,"[524, 525]","[13, 6206]"
779,2,301,1187,0.0010736149025686653,0.0010736149025686653,2,"[524, 525]","[5506, 768]"
780,2,301,1187,0.0010758249025686522,2.2099999999868752e-06,2,"[524, 525]","[2654, 3582]"
781,2,301,1187,0.0010775049025686422,1.6799999999900228e-06,2,"[524, 525]","[112, 6152]"
782,2,301,1187,0.0010789249025686337,1.419999999991567e-06,3,"[524, 525, 627]","[1, 6231, 1]"
783,2,301,1187,0.0010806349025686236,1.7099999999898446e-06,4,"[525, 623, 627, 630]","[6190, 6, 71, 1]"
784,2,301,1187,0.0010837249025686052,3.089999999981649e-06,5,"[525, 623, 624, 627, 630]","[6080, 63, 1, 84, 1]"
785,2,301,1188,0.0010828060560699442,0.0010828060560699442,5,"[524, 525, 623, 624, 627]","[1213, 4948, 32, 1, 60]"
786,2,302,1184,0.001067178403161317,0.001067178403161317,4,"[524, 525, 529, 949]","[3891, 1705, 259, 409]"
787,2,302,1185,0.001067765795065978,0.001067765795065978,4,"[524, 525, 529, 949]","[3845, 1115, 20, 1279]"
788,2,302,1185,0.0010694057950659682,1.6399999999902604e-06,3,"[524, 525, 949]","[4720, 1140, 401]"
789,2,302,1185,0.0010723757950659506,2.9699999999823617e-06,3,"[524, 525, 949]","[3977, 2256, 4]"
790,2,302,1186,0.001070258751025429,0.001070258751025429,3,"[524, 525, 949]","[5743, 453, 74]"
791,2,302,1186,0.0010712387510254232,9.7999999999418e-07,2,"[524, 525]","[5814, 458]"
792,2,302,1186,0.001072278751025417,1.0399999999938236e-06,2,"[524, 525]","[5414, 841]"
793,2,302,1186,0.001074158751025406,1.879999999988835e-06,2,"[524, 525]","[3761, 2450]"
794,2,302,1186,0.00108019875102537,6.03999999996413e-06,3,"[524, 525, 627]","[539, 5702, 1]"
795,2,302,1187,0.0010723848728610638,0.0010723848728610638,2,"[524, 525]","[6238, 59]"
796,2,302,1187,0.0010734948728610572,1.109999999993408e-06,2,"[524, 525]","[6119, 110]"
797,2,302,1187,0.0010744648728610515,9.699999999942394e-07,2,"[524, 525]","[6024, 238]"
798,2,302,1187,0.0010755348728610451,1.0699999999936455e-06,2,"[524, 525]","[5639, 607]"
799,2,302,1187,0.0010779948728610305,2.4599999999853905e-06,2,"[524, 525]","[2743, 3477]"
800,2,302,1187,0.0010805648728610152,2.5699999999847373e-06,5,"[524, 525, 623, 627, 630]","[10, 6216, 4, 38, 2]"
801,2,302,1187,0.0010824248728610042,1.8599999999889538e-06,5,"[525, 623, 624, 627, 630]","[6060, 93, 4, 99, 3]"
802,2,302,1187,0.0010845648728609915,2.139999999987291e-06,4,"[525, 623, 624, 627]","[6197, 14, 2, 4]"
803,2,302,1188,0.0010754043705264458,0.0010754043705264458,2,"[524, 525]","[6264, 2]"
804,2,302,1188,0.0010809643705264127,5.55999999996698e-06,5,"[524, 525, 623, 627, 630]","[4231, 1973, 2, 36, 2]"
805,2,302,1188,0.001083264370526399,2.2999999999863407e-06,4,"[525, 623, 624, 627]","[6195, 58, 2, 20]"
806,2,302,1188,0.001084624370526391,1.3599999999919232e-06,2,"[525, 623]","[6258, 1]"
807,2,302,1188,0.0010857643705263842,1.1399999999932298e-06,1,[525],[6227]
808,2,302,1188,0.001086964370526377,1.1999999999928734e-06,1,[525],[6247]
809,2,302,1188,0.001088314370526369,1.3499999999919826e-06,1,[525],[6235]
810,2,302,1188,0.0010902243705263577,1.909999999988657e-06,1,[525],[6249]
811,2,302,1189,0.0010914922314991117,0.0010914922314991117,2,"[524, 525]","[234, 6022]"
812,2,302,1193,0.0011127446968433614,0.0011127446968433614,5,"[823, 824, 826, 828, 869]","[534, 3888, 1749, 64, 16]"
813,2,303,1187,0.0010766120023323722,0.0010766120023323722,2,"[524, 525]","[6254, 6]"
814,2,303,1188,0.0010759211368796928,0.0010759211368796928,1,[524],[6251]
815,2,303,1188,0.0010767711368796877,8.49999999994952e-07,1,[524],[6289]
816,2,303,1188,0.001082791136879652,6.019999999964248e-06,4,"[524, 525, 624, 627]","[5985, 225, 1, 2]"
817,2,303,1188,0.0010880611368796207,5.2699999999687025e-06,1,[525],[6269]
818,2,303,1188,0.0010898811368796099,1.8199999999891914e-06,1,[525],[6241]
819,2,303,1188,0.0010913411368796012,1.4599999999913293e-06,1,[525],[6261]
820,2,303,1188,0.0010927611368795928,1.419999999991567e-06,1,[525],[6258]
821,2,303,1188,0.0010943411368795834,1.5799999999906167e-06,1,[525],[6222]
822,2,303,1188,0.0010964011368795711,2.059999999987766e-06,2,"[525, 606]","[6250, 8]"
823,2,303,1189,0.0010908628318370252,0.0010908628318370252,2,"[524, 525]","[1775, 4481]"
824,2,303,1189,0.0010933528318370104,2.4899999999852124e-06,1,[525],[6277]
825,2,303,1189,0.0010958028318369959,2.44999999998545e-06,2,"[525, 606]","[6221, 4]"
826,2,303,1191,0.001108614166681066,0.001108614166681066,4,"[823, 824, 826, 869]","[2303, 1886, 1, 2063]"
827,2,303,1192,0.0011065341291051436,0.0011065341291051436,3,"[823, 824, 869]","[2731, 2481, 1052]"
828,2,303,1192,0.0011071241291051401,5.899999999964961e-07,3,"[823, 824, 869]","[2353, 2332, 1669]"
829,2,303,1192,0.0011076041291051373,4.799999999971494e-07,4,"[823, 824, 826, 869]","[2175, 2365, 2, 1620]"
830,2,303,1192,0.0011081241291051342,5.199999999969118e-07,4,"[823, 824, 826, 869]","[2323, 2691, 31, 1275]"
831,2,303,1192,0.0011087141291051307,5.899999999964961e-07,4,"[823, 824, 826, 869]","[2516, 2949, 118, 653]"
832,2,303,1192,0.0011094341291051264,7.199999999957241e-07,4,"[823, 824, 826, 869]","[2656, 2796, 574, 163]"
833,2,303,1192,0.0011104541291051203,1.0199999999939424e-06,4,"[823, 824, 826, 869]","[2638, 2202, 1381, 11]"
834,2,303,1192,0.0011124941291051082,2.039999999987885e-06,4,"[823, 824, 826, 828]","[2037, 3519, 703, 1]"
835,2,303,1192,0.0011137341291051009,1.2399999999926359e-06,3,"[823, 824, 828]","[203, 6026, 33]"
836,2,303,1193,0.0011083630130721794,0.0011083630130721794,4,"[823, 824, 826, 869]","[1940, 3584, 266, 503]"
837,2,303,1193,0.001109093013072175,7.299999999956647e-07,4,"[823, 824, 826, 869]","[1380, 3253, 1590, 20]"
838,2,303,1193,0.0011095730130721722,4.799999999971494e-07,4,"[823, 824, 826, 869]","[1230, 2458, 2546, 4]"
839,2,303,1193,0.0011099730130721699,3.999999999976245e-07,4,"[823, 824, 826, 869]","[1163, 2141, 3022, 1]"
840,2,303,1193,0.0011103730130721675,3.999999999976245e-07,3,"[823, 824, 826]","[1323, 2032, 2860]"
841,2,303,1193,0.0011108230130721648,4.4999999999732754e-07,3,"[823, 824, 826]","[1556, 2366, 2265]"
842,2,303,1193,0.0011113830130721615,5.599999999966743e-07,3,"[823, 824, 826]","[2168, 2891, 1247]"
843,2,303,1193,0.0011119930130721579,6.099999999963773e-07,4,"[823, 824, 826, 828]","[2278, 3637, 312, 12]"
844,2,303,1193,0.0011125530130721545,5.599999999966743e-07,4,"[823, 824, 826, 828]","[1916, 4186, 38, 75]"
845,2,303,1193,0.0011130230130721517,4.6999999999720876e-07,4,"[823, 824, 826, 828]","[1479, 4598, 2, 211]"
846,2,303,1193,0.0011134330130721493,4.099999999975651e-07,3,"[823, 824, 828]","[1027, 4904, 399]"
847,2,303,1193,0.001113813013072147,3.7999999999774325e-07,3,"[823, 824, 828]","[813, 4931, 534]"
848,2,303,1193,0.0011142230130721446,4.099999999975651e-07,3,"[823, 824, 828]","[728, 4847, 591]"
849,2,303,1193,0.0011147830130721413,5.599999999966743e-07,4,"[823, 824, 828, 871]","[785, 4836, 622, 1]"
850,2,303,1194,0.001112535438234056,0.001112535438234056,4,"[823, 824, 826, 828]","[1625, 2654, 1938, 47]"
851,2,303,1194,0.001113735438234049,1.1999999999928734e-06,3,"[823, 824, 828]","[2109, 3498, 657]"
852,2,303,1194,0.001114715438234043,9.7999999999418e-07,4,"[823, 824, 828, 871]","[2481, 2905, 841, 2]"
853,2,303,1194,0.0011165354382340323,1.8199999999891914e-06,4,"[823, 824, 828, 871]","[4770, 884, 249, 354]"
854,2,303,1194,0.001121615438234002,5.079999999969831e-06,4,"[823, 824, 871, 917]","[4895, 1, 1339, 1]"
855,2,303,1195,0.0011187221790513444,0.0011187221790513444,5,"[823, 824, 826, 828, 871]","[5184, 83, 1, 20, 979]"
856,2,303,1195,0.0011207421790513324,2.0199999999880036e-06,4,"[823, 871, 916, 917]","[6217, 22, 12, 1]"
857,2,303,1196,0.0011220116933853982,0.0011220116933853982,3,"[823, 871, 874]","[5999, 10, 241]"
858,2,303,1196,0.0011231016933853917,1.0899999999935267e-06,2,"[823, 874]","[4306, 1978]"
859,2,303,1196,0.0011241116933853857,1.0099999999940018e-06,2,"[823, 874]","[3333, 2914]"
860,2,303,1197,0.0011256065688962549,0.0011256065688962549,4,"[823, 874, 876, 939]","[4639, 1463, 152, 2]"
861,2,303,1197,0.0011322265688962156,6.619999999960685e-06,4,"[823, 874, 876, 877]","[5613, 2, 629, 1]"
862,2,303,1197,0.0011361665688961922,3.939999999976601e-06,3,"[823, 877, 921]","[1962, 4124, 183]"
863,2,303,1198,0.001129200419035659,0.001129200419035659,7,"[823, 874, 876, 890, 894, 939, 983]","[5379, 2, 881, 1, 3, 3, 3]"
864,2,303,1198,0.0011312604190356467,2.059999999987766e-06,1,[823],[6263]
865,2,303,1198,0.0011332004190356352,1.9399999999884787e-06,3,"[823, 877, 921]","[6150, 72, 14]"
866,2,303,1198,0.0011345104190356274,1.3099999999922202e-06,3,"[823, 877, 921]","[3728, 1838, 669]"
867,2,303,1198,0.0011351704190356235,6.599999999960804e-07,3,"[823, 877, 921]","[2054, 2775, 1416]"
868,2,303,1198,0.0011357104190356203,5.39999999996793e-07,3,"[823, 877, 921]","[1783, 3053, 1468]"
869,2,303,1198,0.0011363104190356167,5.999999999964367e-07,3,"[823, 877, 921]","[2186, 2930, 1163]"
870,2,303,1198,0.0011373204190356107,1.0099999999940018e-06,3,"[823, 877, 921]","[3761, 1918, 495]"
871,2,303,1199,0.0011352648760260776,0.0011352648760260776,7,"[823, 876, 877, 890, 894, 921, 983]","[3889, 430, 433, 4, 4, 1346, 187]"
872,2,303,1199,0.0011383348760260594,3.069999999981768e-06,3,"[823, 877, 921]","[4234, 474, 1499]"
873,2,304,1185,0.00112161299598942,0.00112161299598942,2,"[525, 555]","[6260, 1]"
874,2,304,1187,0.0011139943687595503,0.0011139943687595503,4,"[524, 525, 537, 587]","[2215, 4006, 27, 4]"
875,2,304,1188,0.0010770466813447618,0.0010770466813447618,1,[524],[6284]
876,2,304,1188,0.0010778866813447568,8.399999999950114e-07,1,[524],[6258]
877,2,304,1188,0.0010789466813447505,1.0599999999937049e-06,1,[524],[6241]
878,2,304,1188,0.0010947666813446565,1.5819999999906048e-05,2,"[524, 525]","[2720, 3514]"
879,2,304,1188,0.0010966166813446455,1.8499999999890132e-06,3,"[525, 606, 607]","[6212, 22, 6]"
880,2,304,1188,0.0010977466813446388,1.1299999999932892e-06,3,"[525, 606, 607]","[6269, 13, 2]"
881,2,304,1188,0.0010988466813446323,1.0999999999934673e-06,1,[525],[6261]
882,2,304,1188,0.001100566681344622,1.7199999999897853e-06,1,[525],[6217]
883,2,304,1189,0.0010893047153050608,0.0010893047153050608,2,"[524, 525]","[6225, 25]"
884,2,304,1189,0.0010967747153050164,7.469999999955637e-06,3,"[525, 606, 607]","[6250, 8, 1]"
885,2,304,1189,0.0011003247153049953,3.5499999999789172e-06,3,"[525, 606, 607]","[6237, 5, 1]"
886,2,304,1192,0.0011071446868413063,0.0011071446868413063,3,"[823, 824, 869]","[2228, 2150, 1921]"
887,2,304,1192,0.0011080846868413007,9.399999999944175e-07,4,"[823, 824, 826, 869]","[1940, 2329, 10, 1975]"
888,2,304,1192,0.0011094646868412925,1.3799999999918044e-06,4,"[823, 824, 826, 869]","[2731, 2748, 155, 578]"
889,2,304,1192,0.001113404686841269,3.939999999976601e-06,5,"[823, 824, 826, 828, 869]","[3116, 2646, 466, 2, 7]"
890,2,304,1193,0.0011092493578472307,0.0011092493578472307,4,"[823, 824, 826, 869]","[1937, 3364, 604, 378]"
891,2,304,1193,0.0011104293578472237,1.1799999999929922e-06,4,"[823, 824, 826, 869]","[2421, 2043, 1780, 1]"
892,2,304,1193,0.0011118193578472154,1.389999999991745e-06,3,"[823, 824, 826]","[4036, 1429, 770]"
893,2,304,1193,0.0011131893578472073,1.3699999999918638e-06,4,"[823, 824, 826, 828]","[4282, 1965, 12, 24]"
894,2,304,1193,0.0011143493578472004,1.159999999993111e-06,3,"[823, 824, 828]","[2765, 3368, 100]"
895,2,304,1194,0.0011140543230757662,0.0011140543230757662,4,"[823, 824, 826, 828]","[4774, 1038, 394, 64]"
896,2,304,1194,0.001115584323075757,1.5299999999909136e-06,4,"[823, 824, 828, 871]","[5708, 478, 45, 54]"
897,2,304,1194,0.0011168343230757497,1.2499999999925765e-06,4,"[823, 824, 828, 871]","[5129, 20, 1, 1061]"
898,2,304,1194,0.001118134323075742,1.2999999999922796e-06,2,"[823, 871]","[4365, 1891]"
899,2,304,1195,0.0011176140804164438,0.0011176140804164438,4,"[823, 824, 828, 871]","[4789, 7, 2, 1475]"
900,2,304,1195,0.0011190340804164353,1.419999999991567e-06,4,"[823, 871, 916, 917]","[5696, 541, 2, 2]"
901,2,304,1195,0.0011204840804164267,1.4499999999913887e-06,4,"[823, 871, 916, 917]","[6252, 6, 4, 4]"
902,2,304,1195,0.001123984080416406,3.499999999979214e-06,3,"[823, 874, 916]","[5734, 490, 1]"
903,2,304,1196,0.0011219495748290914,0.0011219495748290914,4,"[823, 871, 874, 916]","[6091, 17, 167, 1]"
904,2,304,1196,0.001123169574829084,1.2199999999927547e-06,2,"[823, 874]","[4243, 1982]"
905,2,304,1196,0.0011242295748290778,1.0599999999937049e-06,3,"[823, 874, 876]","[3657, 2622, 2]"
906,2,304,1196,0.001127409574829059,3.1799999999811146e-06,5,"[597, 823, 874, 876, 939]","[42, 5036, 779, 365, 1]"
907,2,304,1197,0.00112474221955685,0.00112474221955685,5,"[823, 874, 876, 939, 940]","[4837, 1220, 156, 67, 2]"
908,2,304,1197,0.0011257222195568443,9.7999999999418e-07,6,"[823, 874, 876, 894, 939, 940]","[4698, 45, 1525, 4, 12, 1]"
909,2,304,1197,0.0011263822195568404,6.599999999960804e-07,5,"[823, 874, 876, 890, 894]","[3566, 1, 2641, 1, 1]"
910,2,304,1197,0.0011270822195568362,6.999999999958428e-07,3,"[597, 823, 876]","[3, 3704, 2550]"
911,2,304,1197,0.0011286022195568272,1.519999999990973e-06,3,"[597, 823, 876]","[15, 4764, 1440]"
912,2,304,1197,0.0011343222195567932,5.71999999996603e-06,5,"[597, 823, 876, 877, 921]","[10, 5606, 7, 633, 1]"
913,2,304,1197,0.001136872219556778,2.549999999984856e-06,3,"[823, 877, 921]","[1221, 5025, 5]"
914,2,304,1198,0.0011255213184178992,0.0011255213184178992,10,"[823, 874, 876, 890, 891, 894, 895, 939, 940, 943]","[545, 7, 5508, 4, 1, 97, 3, 96, 3, 1]"
915,2,304,1198,0.0011261113184178957,5.899999999964961e-07,5,"[823, 876, 890, 894, 939]","[689, 5508, 5, 44, 1]"
916,2,304,1198,0.0011266513184178925,5.39999999996793e-07,4,"[823, 876, 890, 894]","[1176, 5137, 20, 12]"
917,2,304,1198,0.0011273013184178887,6.499999999961398e-07,3,"[823, 876, 890]","[2328, 3815, 6]"
918,2,304,1198,0.0011282213184178832,9.199999999945363e-07,3,"[823, 876, 890]","[4692, 1551, 6]"
919,2,304,1198,0.001129281318417877,1.0599999999937049e-06,2,"[823, 876]","[6151, 113]"
920,2,304,1198,0.0011304113184178702,1.1299999999932892e-06,1,[823],[6259]
921,2,304,1198,0.0011316713184178627,1.259999999992517e-06,1,[823],[6235]
922,2,304,1198,0.0011330613184178545,1.389999999991745e-06,3,"[823, 877, 921]","[6184, 108, 1]"
923,2,304,1198,0.0011341213184178482,1.0599999999937049e-06,3,"[823, 877, 921]","[4881, 1326, 14]"
924,2,304,1198,0.0011347613184178444,6.399999999961992e-07,3,"[823, 877, 921]","[3310, 2893, 42]"
925,2,304,1198,0.0011352613184178414,4.999999999970306e-07,3,"[823, 877, 921]","[2792, 3395, 58]"
926,2,304,1198,0.0011357613184178384,4.999999999970306e-07,3,"[823, 877, 921]","[2718, 3541, 65]"
927,2,304,1198,0.0011363013184178352,5.39999999996793e-07,3,"[823, 877, 921]","[3088, 3102, 26]"
928,2,304,1198,0.0011370513184178308,7.499999999955459e-07,3,"[823, 877, 921]","[4231, 2008, 12]"
929,2,304,1199,0.0011260458241052376,0.0011260458241052376,8,"[823, 876, 890, 894, 895, 939, 959, 983]","[8, 6037, 17, 90, 1, 2, 109, 40]"
930,2,304,1199,0.0011284258241052235,2.3799999999858656e-06,6,"[823, 876, 890, 891, 894, 895]","[687, 5462, 32, 6, 16, 1]"
931,2,304,1199,0.0011349358241051848,6.509999999961338e-06,5,"[823, 876, 877, 890, 921]","[5660, 29, 526, 1, 45]"
932,2,304,1199,0.0011372058241051713,2.269999999986519e-06,3,"[823, 877, 921]","[5269, 858, 106]"
933,2,305,1184,0.001121267617442954,0.001121267617442954,2,"[525, 590]","[6244, 10]"
934,2,305,1185,0.001119350197822314,0.001119350197822314,1,[525],[6276]
935,2,305,1185,0.00112003019782231,6.799999999959616e-07,1,[525],[6305]
936,2,305,1185,0.0011206101978223065,5.799999999965555e-07,1,[525],[6222]
937,2,305,1185,0.001121180197822303,5.699999999966149e-07,1,[525],[6219]
938,2,305,1185,0.001121870197822299,6.899999999959022e-07,1,[525],[6285]
939,2,305,1186,0.0011130315023825887,0.0011130315023825887,3,"[525, 537, 587]","[6226, 7, 23]"
940,2,305,1186,0.001114811502382578,1.779999999989429e-06,1,[525],[6271]
941,2,305,1186,0.0011164615023825683,1.649999999990201e-06,1,[525],[6249]
942,2,305,1186,0.0011179715023825593,1.5099999999910324e-06,1,[525],[6231]
943,2,305,1186,0.0011194715023825504,1.4999999999910918e-06,1,[525],[6262]
944,2,305,1186,0.0011206615023825433,1.1899999999929328e-06,1,[525],[6254]
945,2,305,1186,0.001121731502382537,1.0699999999936455e-06,1,[525],[6262]
946,2,305,1187,0.0011042179033527648,0.0011042179033527648,3,"[524, 525, 537]","[1249, 4999, 4]"
947,2,305,1187,0.0011074079033527458,3.1899999999810552e-06,2,"[525, 537]","[5316, 950]"
948,2,305,1187,0.0011093579033527342,1.9499999999884193e-06,3,"[525, 537, 587]","[6174, 62, 14]"
949,2,305,1187,0.001110577903352727,1.2199999999927547e-06,2,"[525, 587]","[6199, 72]"
950,2,305,1187,0.0011116779033527205,1.0999999999934673e-06,2,"[525, 587]","[6209, 36]"
951,2,305,1187,0.001112947903352713,1.2699999999924577e-06,2,"[525, 587]","[6238, 3]"
952,2,305,1187,0.0011145079033527037,1.5599999999907355e-06,1,[525],[6266]
953,2,305,1187,0.0011162079033526936,1.699999999989904e-06,1,[525],[6237]
954,2,305,1187,0.0011191279033526762,2.9199999999826587e-06,1,[525],[6229]
955,2,305,1188,0.0010784442839181293,0.0010784442839181293,1,[524],[6274]
956,2,305,1188,0.001079144283918125,6.999999999958428e-07,1,[524],[6305]
957,2,305,1188,0.0010801042839181194,9.599999999942987e-07,1,[524],[6196]
958,2,305,1188,0.001099384283918005,1.92799999998855e-05,2,"[524, 525]","[1221, 5010]"
959,2,305,1188,0.0011011042839179947,1.7199999999897853e-06,1,[525],[6263]
960,2,305,1188,0.0011024742839179865,1.3699999999918638e-06,1,[525],[6245]
961,2,305,1188,0.0011038242839179785,1.3499999999919826e-06,2,"[525, 537]","[6244, 1]"
962,2,305,1188,0.00110524428391797,1.419999999991567e-06,2,"[525, 537]","[6113, 179]"
963,2,305,1188,0.001106604283917962,1.3599999999919232e-06,2,"[525, 537]","[4602, 1612]"
964,2,305,1188,0.001108804283917949,2.1999999999869346e-06,2,"[525, 537]","[5389, 855]"
965,2,305,1189,0.0010795531258696281,0.0010795531258696281,1,[524],[6266]
966,2,305,1189,0.0011047931258694782,2.5239999999850105e-05,3,"[524, 525, 537]","[1546, 4686, 3]"
967,2,305,1197,0.0011276038941693287,0.0011276038941693287,6,"[597, 823, 874, 876, 939, 943]","[11, 1556, 27, 4616, 34, 11]"
968,2,305,1198,0.0011254342372253097,0.0011254342372253097,9,"[823, 876, 890, 894, 895, 939, 940, 943, 959]","[44, 6105, 3, 73, 3, 44, 1, 3, 28]"
969,2,305,1198,0.0011260142372253063,5.799999999965555e-07,5,"[823, 876, 890, 891, 894]","[59, 6153, 6, 1, 36]"
970,2,305,1198,0.0011266042372253028,5.899999999964961e-07,6,"[823, 876, 890, 894, 895, 939]","[104, 6067, 9, 19, 1, 1]"
971,2,305,1198,0.001129424237225286,2.8199999999832526e-06,5,"[597, 823, 876, 890, 894]","[1, 1021, 5198, 15, 5]"
972,2,305,1199,0.0011249145103307198,0.0011249145103307198,8,"[876, 890, 891, 894, 895, 939, 943, 959]","[1861, 2, 1, 29, 1, 1, 1, 4368]"
973,2,305,1199,0.0011261645103307124,1.2499999999925765e-06,4,"[876, 890, 891, 894]","[6200, 15, 2, 68]"
974,2,305,1200,0.0011076106409670873,0.0011076106409670873,1,[959],[6280]
975,2,305,1200,0.0011091506409670782,1.5399999999908542e-06,1,[959],[6225]
976,2,305,1201,0.001110961114869006,0.001110961114869006,1,[959],[6251]
977,2,306,1185,0.001121421856815547,0.001121421856815547,2,"[525, 542]","[6257, 3]"
978,2,306,1186,0.0011153994687977695,0.0011153994687977695,4,"[525, 537, 587, 602]","[6238, 3, 28, 3]"
979,2,306,1186,0.001117489468797757,2.089999999987588e-06,1,[525],[6253]
980,2,306,1186,0.00111866946879775,1.1799999999929922e-06,1,[525],[6279]
981,2,306,1186,0.001119849468797743,1.1799999999929922e-06,1,[525],[6209]
982,2,306,1186,0.0011219394687977306,2.089999999987588e-06,1,[525],[6244]
983,2,306,1187,0.0011077403703329573,0.0011077403703329573,3,"[524, 525, 537]","[146, 5284, 844]"
984,2,306,1187,0.0011097403703329454,1.9999999999881224e-06,3,"[525, 537, 587]","[6202, 25, 19]"
985,2,306,1187,0.001111820370332933,2.0799999999876473e-06,3,"[525, 587, 602]","[6168, 66, 4]"
986,2,306,1187,0.001115530370332911,3.709999999977967e-06,2,"[525, 602]","[6226, 23]"
987,2,306,1187,0.0011184303703328938,2.8999999999827775e-06,1,[525],[6248]
988,2,306,1188,0.0011048763977312256,0.0011048763977312256,3,"[524, 525, 537]","[2512, 3680, 61]"
989,2,306,1188,0.0011067563977312145,1.879999999988835e-06,2,"[525, 537]","[4801, 1449]"
990,2,306,1188,0.0011092263977311998,2.469999999985331e-06,3,"[525, 537, 587]","[5724, 539, 1]"
991,2,306,1200,0.001108024633424584,0.001108024633424584,1,[959],[6262]
992,2,306,1200,0.0011090746334245778,1.0499999999937643e-06,1,[959],[6281]
993,2,306,1200,0.0011098246334245734,7.499999999955459e-07,1,[959],[6264]
994,2,306,1200,0.0011115446334245631,1.7199999999897853e-06,1,[959],[6193]
995,2,306,1201,0.0011094274833442787,0.0011094274833442787,1,[959],[6260]
996,2,306,1201,0.001110237483344274,8.099999999951896e-07,1,[959],[6243]
997,2,307,1183,0.0011582773910718668,0.0011582773910718668,5,"[566, 567, 569, 570, 590]","[5617, 16, 630, 6, 19]"
998,2,307,1183,0.0011595573910718592,1.2799999999923983e-06,3,"[566, 567, 569]","[6220, 3, 1]"
999,2,307,1230,0.0013067782141331465,0.0013067782141331465,2,"[633, 634]","[5445, 807]"
1000,2,309,1211,0.0012135458438873455,0.0012135458438873455,4,"[658, 659, 818, 819]","[4720, 1530, 1, 1]"
1001,2,310,1211,0.0012100903175947305,0.0012100903175947305,3,"[658, 659, 663]","[2971, 3091, 227]"
1002,2,310,1211,0.0012112203175947238,1.1299999999932892e-06,4,"[658, 659, 818, 819]","[4849, 1381, 3, 3]"
1003,2,310,1211,0.0012124003175947168,1.1799999999929922e-06,4,"[658, 659, 818, 819]","[6126, 125, 2, 4]"
1004,2,310,1211,0.0012138403175947082,1.4399999999914481e-06,3,"[658, 818, 819]","[6249, 1, 1]"
1005,2,310,1211,0.001216230317594694,2.3899999999858063e-06,1,[658],[6224]
1006,2,310,1212,0.0012135860832300463,0.0012135860832300463,5,"[658, 659, 663, 818, 819]","[5939, 291, 31, 1, 1]"
1007,2,310,1212,0.0012151860832300368,1.599999999990498e-06,1,[658],[6258]
1008,2,310,1212,0.0012164560832300293,1.2699999999924577e-06,1,[658],[6231]
1009,2,310,1212,0.0012177460832300216,1.289999999992339e-06,1,[658],[6290]
1010,2,310,1212,0.001219356083230012,1.6099999999904385e-06,1,[658],[6210]
1011,2,310,1212,0.0012416960832298794,2.2339999999867327e-05,3,"[658, 713, 718]","[6247, 1, 2]"
1012,2,310,1213,0.0012192438844593652,0.0012192438844593652,1,[658],[6282]
1013,2,310,1213,0.0012206838844593566,1.4399999999914481e-06,1,[658],[6263]
1014,2,310,1213,0.001221963884459349,1.2799999999923983e-06,1,[658],[6254]
1015,2,310,1213,0.0012237938844593382,1.829999999989132e-06,1,[658],[6208]
1016,2,310,1213,0.0012363138844592638,1.2519999999925646e-05,5,"[658, 701, 702, 713, 718]","[6183, 33, 13, 8, 20]"
1017,2,310,1213,0.001238133884459253,1.8199999999891914e-06,5,"[658, 713, 714, 718, 721]","[6224, 10, 3, 8, 1]"
1018,2,310,1213,0.0012397438844592434,1.6099999999904385e-06,1,[658],[6271]
1019,2,310,1213,0.001240983884459236,1.2399999999926359e-06,1,[658],[6270]
1020,2,310,1213,0.0012419538844592303,9.699999999942394e-07,2,"[658, 708]","[6257, 4]"
1021,2,310,1213,0.001243023884459224,1.0699999999936455e-06,2,"[658, 708]","[6182, 15]"
1022,2,310,1214,0.0012230815246990292,0.0012230815246990292,1,[658],[6258]
1023,2,310,1214,0.0012244315246990212,1.3499999999919826e-06,1,[658],[6259]
1024,2,310,1214,0.0012256915246990137,1.259999999992517e-06,3,"[658, 701, 702]","[6170, 94, 3]"
1025,2,310,1214,0.0012270215246990058,1.3299999999921014e-06,3,"[658, 701, 702]","[4896, 1153, 169]"
1026,2,310,1214,0.001228661524698996,1.6399999999902604e-06,3,"[658, 701, 702]","[3690, 1653, 924]"
1027,2,310,1214,0.001233911524698965,5.249999999968821e-06,5,"[658, 701, 702, 778, 779]","[5871, 88, 238, 2, 32]"
1028,2,310,1214,0.001236271524698951,2.3599999999859844e-06,6,"[658, 713, 714, 718, 721, 779]","[6243, 8, 1, 14, 2, 1]"
1029,2,310,1214,0.0012386715246989366,2.399999999985747e-06,4,"[658, 713, 714, 718]","[6234, 13, 1, 3]"
1030,2,310,1214,0.001240301524698927,1.6299999999903197e-06,2,"[658, 708]","[6233, 1]"
1031,2,310,1214,0.001242641524698913,2.339999999986103e-06,3,"[658, 708, 709]","[6107, 139, 3]"
1032,2,310,1215,0.0012264546747200768,0.0012264546747200768,3,"[658, 701, 702]","[4908, 1317, 70]"
1033,2,310,1215,0.0012272946747200718,8.399999999950114e-07,3,"[658, 701, 702]","[2836, 2911, 509]"
1034,2,310,1215,0.0012280346747200674,7.399999999956053e-07,3,"[658, 701, 702]","[2785, 2512, 925]"
1035,2,310,1215,0.0012291346747200609,1.0999999999934673e-06,3,"[658, 701, 702]","[4150, 1116, 997]"
1036,2,310,1215,0.0012308646747200506,1.7299999999897259e-06,4,"[658, 701, 702, 779]","[6015, 67, 140, 5]"
1037,2,310,1215,0.0012328346747200389,1.9699999999883006e-06,3,"[658, 778, 779]","[6126, 12, 123]"
1038,2,310,1215,0.0012359246747200205,3.089999999981649e-06,3,"[658, 778, 779]","[6169, 19, 38]"
1039,2,311,1211,0.0012129923974596917,0.0012129923974596917,4,"[658, 659, 663, 818]","[2073, 457, 3722, 1]"
1040,2,311,1212,0.0012175022713457528,0.0012175022713457528,3,"[658, 659, 663]","[5808, 17, 436]"
1041,2,311,1212,0.0012429622713456016,2.5459999999848798e-05,2,"[658, 718]","[6239, 1]"
1042,2,311,1213,0.00122167872458212,0.00122167872458212,1,[658],[6267]
1043,2,311,1213,0.0012354487245820381,1.3769999999918223e-05,7,"[658, 701, 702, 713, 718, 721, 779]","[6206, 8, 3, 2, 13, 2, 1]"
1044,2,311,1213,0.0012379287245820234,2.4799999999852718e-06,5,"[658, 713, 714, 718, 721]","[6208, 17, 4, 17, 2]"
1045,2,311,1213,0.0012415587245820018,3.629999999978442e-06,1,[658],[6270]
1046,2,311,1214,0.0012260495825657976,0.0012260495825657976,3,"[658, 701, 702]","[6181, 63, 6]"
1047,2,311,1214,0.0012313895825657659,5.339999999968287e-06,5,"[658, 701, 702, 778, 779]","[4862, 732, 640, 1, 18]"
1048,2,311,1214,0.0012341095825657497,2.7199999999838465e-06,4,"[658, 718, 778, 779]","[6159, 1, 8, 115]"
1049,2,311,1214,0.0012352095825657432,1.0999999999934673e-06,7,"[658, 713, 714, 718, 721, 778, 779]","[6207, 2, 1, 7, 1, 1, 1]"
1050,2,311,1214,0.0012372295825657312,2.0199999999880036e-06,5,"[658, 713, 718, 721, 779]","[6213, 14, 20, 3, 1]"
1051,2,311,1214,0.0012433495825656948,6.1199999999636545e-06,4,"[658, 708, 713, 714]","[6197, 39, 6, 1]"
1052,2,311,1215,0.001228022931225114,0.001228022931225114,3,"[658, 701, 702]","[3698, 1785, 780]"
1053,2,311,1215,0.001230222931225101,2.1999999999869346e-06,4,"[658, 701, 702, 779]","[5362, 326, 545, 7]"
1054,2,311,1215,0.0012320029312250904,1.779999999989429e-06,4,"[658, 702, 778, 779]","[5956, 4, 42, 287]"
1055,2,311,1215,0.0012332229312250831,1.2199999999927547e-06,3,"[658, 778, 779]","[5708, 128, 379]"
1056,2,311,1215,0.0012343729312250763,1.1499999999931704e-06,3,"[658, 778, 779]","[6127, 61, 72]"
1057,2,317,1240,0.0012420982834037881,0.0012420982834037881,2,"[989, 1017]","[6280, 4]"
1058,2,317,1240,0.0012448982834037715,2.7999999999833713e-06,1,[989],[6226]
1059,2,317,1241,0.0012424287182853807,0.0012424287182853807,2,"[989, 1017]","[6280, 1]"
1060,2,317,1241,0.0012435787182853738,1.1499999999931704e-06,1,[989],[6251]
1061,2,317,1241,0.0012446787182853673,1.0999999999934673e-06,1,[989],[6242]
1062,2,317,1241,0.0012459287182853599,1.2499999999925765e-06,1,[989],[6250]
1063,2,317,1242,0.001246755837355475,0.001246755837355475,1,[989],[6251]
1064,2,318,1241,0.0012456294804246678,0.0012456294804246678,1,[989],[6256]
1065,2,318,1241,0.0012479894804246537,2.3599999999859844e-06,1,[989],[6262]
1066,2,318,1242,0.0012473349929164154,0.0012473349929164154,1,[989],[6269]
1067,2,318,1242,0.0012485149929164084,1.1799999999929922e-06,1,[989],[6269]
1068,2,318,1242,0.0012497349929164012,1.2199999999927547e-06,1,[989],[6235]
1069,2,318,1242,0.00125163499291639,1.8999999999887163e-06,1,[989],[6244]
1070,2,318,1242,0.0012544049929163734,2.7699999999835495e-06,4,"[989, 1021, 1023, 1024]","[6089, 167, 1, 1]"
1071,2,318,1242,0.0012572049929163568,2.7999999999833713e-06,4,"[989, 1021, 1023, 1024]","[5473, 746, 4, 2]"
1072,2,318,1243,0.0012533273210749817,0.0012533273210749817,2,"[989, 1021]","[6157, 104]"
1073,2,318,1243,0.0012543773210749755,1.0499999999937643e-06,4,"[989, 1021, 1023, 1024]","[4940, 1381, 1, 1]"
1074,2,318,1243,0.0012549073210749724,5.299999999968524e-07,3,"[989, 1021, 1023]","[4292, 1948, 1]"
1075,2,318,1243,0.0012553773210749696,4.6999999999720876e-07,4,"[989, 1021, 1023, 1024]","[4117, 2067, 2, 1]"
1076,2,318,1243,0.0012559573210749661,5.799999999965555e-07,4,"[989, 1021, 1023, 1024]","[4128, 2135, 5, 3]"
1077,2,319,1242,0.0012506656999569925,0.0012506656999569925,1,[989],[6272]
1078,2,319,1242,0.0012524756999569818,1.8099999999892508e-06,1,[989],[6230]
1079,2,319,1242,0.0012548556999569676,2.3799999999858656e-06,3,"[989, 1021, 1023]","[6082, 179, 1]"
1080,2,319,1243,0.001253255470827725,0.001253255470827725,2,"[989, 1021]","[6252, 35]"
1081,2,319,1243,0.0012545054708277175,1.2499999999925765e-06,2,"[989, 1021]","[5407, 840]"
1082,2,319,1243,0.001255585470827711,1.079999999993586e-06,4,"[989, 1021, 1023, 1024]","[4113, 2149, 2, 1]"
1083,2,320,1297,0.0012726126450745086,0.0012726126450745086,1,[960],[6258]
1084,2,320,1297,0.001274242645074499,1.6299999999903197e-06,1,[960],[6253]
1085,2,320,1298,0.0012728693909079892,0.0012728693909079892,1,[960],[6256]
1086,2,321,1297,0.0012702045454941284,0.0012702045454941284,1,[960],[6271]
1087,2,321,1297,0.0012721045454941171,1.8999999999887163e-06,1,[960],[6252]
1088,2,321,1297,0.0012729445454941121,8.399999999950114e-07,1,[960],[6256]
1089,2,321,1297,0.0012736945454941077,7.499999999955459e-07,1,[960],[6263]
1090,2,321,1297,0.0012750245454940998,1.3299999999921014e-06,1,[960],[6208]
1091,2,321,1298,0.0012706819944234347,0.0012706819944234347,1,[960],[6271]
1092,2,321,1298,0.001272161994423426,1.4799999999912106e-06,1,[960],[6261]
1093,2,321,1298,0.001274171994423414,2.009999999988063e-06,1,[960],[6219]
1094,2,329,1219,0.001236385087595627,0.001236385087595627,1,[724],[6301]
1095,2,329,1219,0.00123753508759562,1.1499999999931704e-06,2,"[724, 745]","[6208, 1]"
1096,2,330,1219,0.0012367056205207618,0.0012367056205207618,2,"[724, 745]","[6292, 2]"
1097,2,333,1219,0.0012297547438759279,0.0012297547438759279,3,"[725, 739, 740]","[6018, 266, 6]"
1098,2,369,1399,0.0013637970497567228,0.0013637970497567228,2,"[963, 981]","[6251, 7]"
1099,2,369,1399,0.0013653570497567135,1.5599999999907355e-06,2,"[963, 981]","[6233, 10]"
1100,2,369,1400,0.0013637271408081908,0.0013637271408081908,2,"[963, 981]","[5851, 432]"
1101,2,369,1400,0.0013644671408081864,7.399999999956053e-07,2,"[963, 981]","[5666, 567]"
1102,2,369,1400,0.0013664971408081743,2.0299999999879442e-06,2,"[963, 981]","[5561, 673]"
1103,2,369,1401,0.0013634757948363936,0.0013634757948363936,2,"[963, 981]","[5345, 944]"
1104,2,369,1401,0.0013641857948363894,7.099999999957834e-07,2,"[963, 981]","[4757, 1503]"
1105,2,369,1401,0.0013652357948363831,1.0499999999937643e-06,2,"[963, 981]","[4213, 2004]"
1106,2,370,1400,0.0013644308849494965,0.0013644308849494965,2,"[963, 981]","[5869, 406]"
1107,2,370,1401,0.0013636583419467745,0.0013636583419467745,2,"[963, 981]","[5699, 574]"
1108,2,370,1401,0.0013648683419467673,1.209999999992814e-06,2,"[963, 981]","[5070, 1161]"
1109,2,394,1338,0.0019084202197031095,0.0019084202197031095,6,"[1043, 1044, 1057, 1058, 1060, 1062]","[3937, 3, 1528, 629, 148, 6]"
1110,2,394,1339,0.0019018105754669283,0.0019018105754669283,3,"[1043, 1044, 1057]","[3867, 4, 2403]"
1111,2,394,1339,0.0019043505754669132,2.5399999999849154e-06,3,"[1043, 1057, 1058]","[4461, 1761, 6]"
1112,2,394,1339,0.0019066105754668998,2.2599999999865783e-06,4,"[1043, 1057, 1058, 1060]","[5430, 18, 807, 9]"
1113,2,394,1339,0.001908080575466891,1.46999999999127e-06,2,"[1043, 1058]","[4947, 1299]"
1114,2,394,1340,0.0019053049033381218,0.0019053049033381218,3,"[1043, 1057, 1058]","[5210, 1029, 15]"
1115,2,395,1338,0.0019059864715137225,0.0019059864715137225,5,"[1043, 1044, 1057, 1058, 1060]","[4111, 2, 2027, 100, 22]"
1116,2,395,1339,0.0019014841667050135,0.0019014841667050135,3,"[1043, 1044, 1057]","[3872, 1, 2394]"
1117,2,395,1339,0.001902554166705007,1.0699999999936455e-06,2,"[1043, 1057]","[4032, 2209]"
1118,2,395,1339,0.0019038541667049994,1.2999999999922796e-06,3,"[1043, 1057, 1058]","[5212, 1052, 1]"
1119,2,395,1339,0.001905084166704992,1.2299999999926953e-06,4,"[1043, 1057, 1058, 1060]","[6126, 77, 58, 1]"
1120,2,395,1339,0.001906094166704986,1.0099999999940018e-06,4,"[1043, 1057, 1058, 1060]","[5864, 5, 350, 1]"
1121,2,395,1339,0.0019070741667049803,9.7999999999418e-07,2,"[1043, 1058]","[5455, 841]"
1122,2,395,1339,0.001908634166704971,1.5599999999907355e-06,2,"[1043, 1058]","[5133, 1069]"
1123,2,395,1340,0.0019028566840645618,0.0019028566840645618,3,"[1043, 1044, 1057]","[5040, 1, 1226]"
1124,2,395,1340,0.0019048766840645498,2.0199999999880036e-06,3,"[1043, 1057, 1058]","[6080, 149, 8]"
1125,2,395,1340,0.001907196684064536,2.319999999986222e-06,2,"[1043, 1058]","[5852, 398]"
1126,2,396,1339,0.0019062156466588545,0.0019062156466588545,3,"[1043, 1057, 1058]","[5603, 619, 31]"
