,event,pixel_x,pixel_y,reset_time,TSLR,nMCParticles,MC_TrackIDs,MC_Weights
0,51,287,1154,0.0009115068757998859,0.0009115068757998859,2,"[1, 6]","[6144, 153]"
1,51,287,1155,0.0009120267233461333,0.0009120267233461333,2,"[1, 6]","[6257, 1]"
2,51,287,1166,0.000912829458453696,0.000912829458453696,1,[1],[6250]
3,51,287,1167,0.0009116105239171594,0.0009116105239171594,1,[1],[6278]
4,51,287,1168,0.0009112392438453584,0.0009112392438453584,1,[1],[6291]
5,51,287,1169,0.0009110023519551224,0.0009110023519551224,2,"[1, 4]","[6274, 1]"
6,51,287,1170,0.0009107218905581098,0.0009107218905581098,2,"[1, 4]","[6059, 216]"
7,51,287,1170,0.0009115318905581137,8.100000000039716e-07,2,"[1, 4]","[6082, 189]"
8,51,287,1171,0.0009104980804727283,0.0009104980804727283,2,"[1, 4]","[5850, 487]"
9,51,287,1171,0.0009111180804727314,6.2000000000304e-07,2,"[1, 4]","[5613, 554]"
10,51,287,1172,0.0009103630630545917,0.0009103630630545917,2,"[1, 4]","[6290, 18]"
11,51,287,1172,0.0009110030630545948,6.400000000031381e-07,2,"[1, 4]","[6217, 24]"
12,51,287,1173,0.0009102460378586024,0.0009102460378586024,1,[1],[6257]
13,51,287,1173,0.0009108860378586055,6.400000000031381e-07,1,[1],[6257]
14,51,287,1174,0.0009102508095646226,0.0009102508095646226,1,[1],[6289]
15,51,287,1174,0.0009110608095646266,8.100000000039716e-07,1,[1],[6249]
16,51,287,1175,0.0009102758192190842,0.0009102758192190842,1,[1],[6302]
17,51,287,1175,0.0009112858192190891,1.0100000000049522e-06,1,[1],[6239]
18,51,287,1176,0.0009102992615532118,0.0009102992615532118,1,[1],[6253]
19,51,287,1177,0.00091032670073803,0.00091032670073803,1,[1],[6257]
20,51,287,1178,0.0009104289939821622,0.0009104289939821622,1,[1],[6307]
21,51,287,1179,0.0009105362647799069,0.0009105362647799069,2,"[1, 3]","[6250, 17]"
22,51,287,1180,0.0009107604663315862,0.0009107604663315862,2,"[1, 3]","[5652, 629]"
23,51,288,1153,0.0009108794534482451,0.0009108794534482451,2,"[1, 6]","[3993, 2311]"
24,51,288,1153,0.0009112594534482469,3.800000000018632e-07,2,"[1, 6]","[3796, 2433]"
25,51,288,1153,0.0009115794534482485,3.2000000000156903e-07,2,"[1, 6]","[3800, 2495]"
26,51,288,1153,0.0009119294534482502,3.500000000017161e-07,2,"[1, 6]","[3722, 2594]"
27,51,288,1153,0.0009124794534482529,5.500000000026968e-07,2,"[1, 6]","[3549, 2618]"
28,51,288,1154,0.0009105420463865864,0.0009105420463865864,2,"[1, 6]","[6124, 218]"
29,51,288,1154,0.0009108220463865878,2.800000000013729e-07,2,"[1, 6]","[6107, 221]"
30,51,288,1154,0.0009110220463865887,2.0000000000098064e-07,2,"[1, 6]","[6020, 200]"
31,51,288,1154,0.0009111920463865896,1.7000000000083355e-07,2,"[1, 6]","[6034, 208]"
32,51,288,1154,0.0009113420463865903,1.5000000000073548e-07,2,"[1, 6]","[6129, 205]"
33,51,288,1154,0.000911482046386591,1.4000000000068645e-07,2,"[1, 6]","[5994, 170]"
34,51,288,1154,0.0009116320463865917,1.5000000000073548e-07,2,"[1, 6]","[5999, 212]"
35,51,288,1154,0.0009117920463865925,1.6000000000078451e-07,2,"[1, 6]","[6133, 237]"
36,51,288,1154,0.0009119720463865934,1.8000000000088258e-07,2,"[1, 6]","[6026, 265]"
37,51,288,1154,0.0009121920463865945,2.200000000010787e-07,2,"[1, 6]","[5945, 229]"
38,51,288,1154,0.0009125420463865962,3.500000000017161e-07,2,"[1, 6]","[5895, 252]"
39,51,288,1155,0.0009104937859730473,0.0009104937859730473,1,[1],[6259]
40,51,288,1155,0.0009107937859730488,3.0000000000147097e-07,1,[1],[6509]
41,51,288,1155,0.0009110037859730498,2.1000000000102968e-07,1,[1],[6310]
42,51,288,1155,0.0009111837859730507,1.8000000000088258e-07,1,[1],[6297]
43,51,288,1155,0.0009113437859730515,1.6000000000078451e-07,1,[1],[6051]
44,51,288,1155,0.0009115137859730523,1.7000000000083355e-07,2,"[1, 6]","[6345, 1]"
45,51,288,1155,0.0009116837859730532,1.7000000000083355e-07,1,[1],[6153]
46,51,288,1155,0.0009118737859730541,1.900000000009316e-07,1,[1],[6119]
47,51,288,1155,0.0009121237859730553,2.500000000012258e-07,1,[1],[6413]
48,51,288,1155,0.0009125437859730574,4.2000000000205935e-07,1,[1],[6105]
49,51,288,1156,0.0009103959983728971,0.0009103959983728971,1,[1],[6379]
50,51,288,1156,0.0009106959983728986,3.0000000000147097e-07,1,[1],[6146]
51,51,288,1156,0.0009109259983728997,2.3000000000112774e-07,1,[1],[6424]
52,51,288,1156,0.0009111159983729006,1.900000000009316e-07,1,[1],[6340]
53,51,288,1156,0.0009112959983729015,1.8000000000088258e-07,1,[1],[6280]
54,51,288,1156,0.0009114759983729024,1.8000000000088258e-07,1,[1],[6144]
55,51,288,1156,0.0009116759983729034,2.0000000000098064e-07,1,[1],[6082]
56,51,288,1156,0.0009119359983729046,2.6000000000127484e-07,1,[1],[6303]
57,51,288,1156,0.0009123559983729067,4.2000000000205935e-07,1,[1],[6214]
58,51,288,1157,0.0009104045881131003,0.0009104045881131003,1,[1],[6351]
59,51,288,1157,0.0009107145881131018,3.1000000000152e-07,1,[1],[6221]
60,51,288,1157,0.0009109445881131029,2.3000000000112774e-07,1,[1],[6294]
61,51,288,1157,0.0009111445881131039,2.0000000000098064e-07,1,[1],[6182]
62,51,288,1157,0.0009113445881131049,2.0000000000098064e-07,1,[1],[6486]
63,51,288,1157,0.0009115445881131059,2.0000000000098064e-07,1,[1],[6175]
64,51,288,1157,0.000911774588113107,2.3000000000112774e-07,1,[1],[6240]
65,51,288,1157,0.0009120945881131086,3.2000000000156903e-07,1,[1],[6093]
66,51,288,1158,0.0009104075486260068,0.0009104075486260068,1,[1],[6314]
67,51,288,1158,0.0009107275486260084,3.2000000000156903e-07,1,[1],[6369]
68,51,288,1158,0.0009109675486260096,2.4000000000117677e-07,1,[1],[6331]
69,51,288,1158,0.0009111775486260106,2.1000000000102968e-07,1,[1],[6207]
70,51,288,1158,0.0009113775486260116,2.0000000000098064e-07,1,[1],[6031]
71,51,288,1158,0.0009116075486260127,2.3000000000112774e-07,1,[1],[6337]
72,51,288,1158,0.0009118975486260141,2.9000000000142193e-07,1,[1],[6295]
73,51,288,1158,0.0009124575486260169,5.600000000027458e-07,1,[1],[6124]
74,51,288,1159,0.000910417964209604,0.000910417964209604,1,[1],[6288]
75,51,288,1159,0.0009107479642096057,3.3000000000161806e-07,1,[1],[6419]
76,51,288,1159,0.0009109879642096068,2.4000000000117677e-07,1,[1],[6257]
77,51,288,1159,0.0009112079642096079,2.200000000010787e-07,1,[1],[6239]
78,51,288,1159,0.000911427964209609,2.200000000010787e-07,1,[1],[6255]
79,51,288,1159,0.0009116779642096102,2.500000000012258e-07,1,[1],[6156]
80,51,288,1159,0.0009120179642096119,3.400000000016671e-07,1,[1],[6164]
81,51,288,1160,0.0009104092909510147,0.0009104092909510147,1,[1],[6388]
82,51,288,1160,0.0009107292909510163,3.2000000000156903e-07,1,[1],[6247]
83,51,288,1160,0.0009109692909510175,2.4000000000117677e-07,1,[1],[6181]
84,51,288,1160,0.0009111892909510186,2.200000000010787e-07,1,[1],[6339]
85,51,288,1160,0.0009114092909510196,2.200000000010787e-07,1,[1],[6182]
86,51,288,1160,0.0009116592909510209,2.500000000012258e-07,1,[1],[6281]
87,51,288,1160,0.0009120092909510226,3.500000000017161e-07,1,[1],[6228]
88,51,288,1161,0.0009103808106180152,0.0009103808106180152,1,[1],[6316]
89,51,288,1161,0.0009107108106180168,3.3000000000161806e-07,1,[1],[6401]
90,51,288,1161,0.000910950810618018,2.4000000000117677e-07,1,[1],[6156]
91,51,288,1161,0.0009111708106180191,2.200000000010787e-07,1,[1],[6244]
92,51,288,1161,0.0009113908106180202,2.200000000010787e-07,1,[1],[6149]
93,51,288,1161,0.0009116508106180215,2.6000000000127484e-07,1,[1],[6283]
94,51,288,1161,0.0009120208106180233,3.700000000018142e-07,1,[1],[6301]
95,51,288,1162,0.0009103860554873128,0.0009103860554873128,1,[1],[6254]
96,51,288,1162,0.0009107260554873144,3.400000000016671e-07,1,[1],[6369]
97,51,288,1162,0.0009109860554873157,2.6000000000127484e-07,1,[1],[6314]
98,51,288,1162,0.0009112160554873168,2.3000000000112774e-07,1,[1],[6091]
99,51,288,1162,0.0009114660554873181,2.500000000012258e-07,1,[1],[6410]
100,51,288,1162,0.0009117660554873195,3.0000000000147097e-07,1,[1],[6131]
101,51,288,1162,0.0009123460554873224,5.800000000028439e-07,1,[1],[6203]
102,51,288,1163,0.0009104327123441456,0.0009104327123441456,1,[1],[6340]
103,51,288,1163,0.0009107727123441472,3.400000000016671e-07,1,[1],[6173]
104,51,288,1163,0.0009110427123441485,2.7000000000132387e-07,1,[1],[6405]
105,51,288,1163,0.0009112827123441497,2.4000000000117677e-07,1,[1],[6179]
106,51,288,1163,0.0009115627123441511,2.800000000013729e-07,1,[1],[6366]
107,51,288,1163,0.0009119227123441529,3.6000000000176516e-07,1,[1],[6166]
108,51,288,1164,0.0009104512265428513,0.0009104512265428513,1,[1],[6291]
109,51,288,1164,0.0009107912265428529,3.400000000016671e-07,1,[1],[6255]
110,51,288,1164,0.0009110612265428543,2.7000000000132387e-07,1,[1],[6426]
111,51,288,1164,0.0009113012265428554,2.4000000000117677e-07,1,[1],[6116]
112,51,288,1164,0.0009115712265428568,2.7000000000132387e-07,1,[1],[6351]
113,51,288,1164,0.0009119212265428585,3.500000000017161e-07,1,[1],[6142]
114,51,288,1165,0.0009104538031897197,0.0009104538031897197,1,[1],[6313]
115,51,288,1165,0.0009107938031897213,3.400000000016671e-07,1,[1],[6222]
116,51,288,1165,0.0009110638031897227,2.7000000000132387e-07,1,[1],[6394]
117,51,288,1165,0.0009113038031897238,2.4000000000117677e-07,1,[1],[6157]
118,51,288,1165,0.0009115738031897252,2.7000000000132387e-07,1,[1],[6349]
119,51,288,1165,0.0009119238031897269,3.500000000017161e-07,1,[1],[6220]
120,51,288,1166,0.0009104772617331845,0.0009104772617331845,1,[1],[6259]
121,51,288,1166,0.0009108272617331862,3.500000000017161e-07,1,[1],[6359]
122,51,288,1166,0.0009110972617331876,2.7000000000132387e-07,1,[1],[6291]
123,51,288,1166,0.0009113672617331889,2.7000000000132387e-07,1,[1],[6302]
124,51,288,1166,0.0009116572617331903,2.9000000000142193e-07,1,[1],[6190]
125,51,288,1166,0.0009120972617331925,4.400000000021574e-07,1,[1],[6140]
126,51,288,1167,0.000910465526738225,0.000910465526738225,1,[1],[6323]
127,51,288,1167,0.0009108255267382268,3.6000000000176516e-07,1,[1],[6223]
128,51,288,1167,0.0009111055267382282,2.800000000013729e-07,1,[1],[6389]
129,51,288,1167,0.0009113655267382294,2.6000000000127484e-07,1,[1],[6154]
130,51,288,1167,0.000911675526738231,3.1000000000152e-07,1,[1],[6186]
131,51,288,1167,0.0009121855267382335,5.100000000025006e-07,1,[1],[6249]
132,51,288,1168,0.0009104153636782857,0.0009104153636782857,1,[1],[6298]
133,51,288,1168,0.0009107753636782874,3.6000000000176516e-07,1,[1],[6218]
134,51,288,1168,0.0009110653636782888,2.9000000000142193e-07,1,[1],[6294]
135,51,288,1168,0.0009113453636782902,2.800000000013729e-07,1,[1],[6205]
136,51,288,1168,0.0009116953636782919,3.500000000017161e-07,1,[1],[6299]
137,51,288,1168,0.000912525363678296,8.300000000040697e-07,1,[1],[6203]
138,51,288,1169,0.0009103659236157251,0.0009103659236157251,1,[1],[6254]
139,51,288,1169,0.000910735923615727,3.700000000018142e-07,2,"[1, 4]","[6324, 1]"
140,51,288,1169,0.0009110359236157284,3.0000000000147097e-07,1,[1],[6254]
141,51,288,1169,0.0009113459236157299,3.1000000000152e-07,1,[1],[6200]
142,51,288,1169,0.000911755923615732,4.100000000020103e-07,1,[1],[6222]
143,51,288,1170,0.0009102431939027716,0.0009102431939027716,2,"[1, 4]","[6060, 191]"
144,51,288,1170,0.0009106131939027734,3.700000000018142e-07,2,"[1, 4]","[6067, 191]"
145,51,288,1170,0.0009109231939027749,3.1000000000152e-07,2,"[1, 4]","[6084, 199]"
146,51,288,1170,0.0009112431939027765,3.2000000000156903e-07,2,"[1, 4]","[6058, 178]"
147,51,288,1170,0.0009116831939027786,4.400000000021574e-07,2,"[1, 4]","[6140, 166]"
148,51,288,1171,0.0009101062477268156,0.0009101062477268156,2,"[1, 4]","[5848, 411]"
149,51,288,1171,0.0009104862477268174,3.800000000018632e-07,2,"[1, 4]","[5835, 454]"
150,51,288,1171,0.0009107962477268189,3.1000000000152e-07,2,"[1, 4]","[5845, 514]"
151,51,288,1171,0.0009111162477268205,3.2000000000156903e-07,2,"[1, 4]","[5740, 525]"
152,51,288,1171,0.0009115462477268226,4.300000000021084e-07,2,"[1, 4]","[5596, 558]"
153,51,288,1172,0.0009100179262381324,0.0009100179262381324,2,"[1, 4]","[6306, 20]"
154,51,288,1172,0.0009104079262381343,3.9000000000191225e-07,2,"[1, 4]","[6319, 16]"
155,51,288,1172,0.0009107379262381359,3.3000000000161806e-07,2,"[1, 4]","[6100, 19]"
156,51,288,1172,0.0009111279262381378,3.9000000000191225e-07,2,"[1, 4]","[6316, 21]"
157,51,288,1172,0.0009118779262381415,7.500000000036774e-07,2,"[1, 4]","[6117, 34]"
158,51,288,1173,0.0009099243527083168,0.0009099243527083168,1,[1],[6281]
159,51,288,1173,0.0009103343527083188,4.100000000020103e-07,1,[1],[6312]
160,51,288,1173,0.0009106943527083205,3.6000000000176516e-07,1,[1],[6224]
161,51,288,1173,0.0009111343527083227,4.400000000021574e-07,1,[1],[6274]
162,51,288,1174,0.0009098892743856607,0.0009098892743856607,1,[1],[6344]
163,51,288,1174,0.0009103092743856627,4.2000000000205935e-07,1,[1],[6182]
164,51,288,1174,0.0009107092743856647,4.000000000019613e-07,1,[1],[6326]
165,51,288,1174,0.0009112892743856675,5.800000000028439e-07,1,[1],[6198]
166,51,288,1175,0.000909830109715338,0.000909830109715338,1,[1],[6319]
167,51,288,1175,0.0009102601097153401,4.300000000021084e-07,1,[1],[6309]
168,51,288,1175,0.000910650109715342,3.9000000000191225e-07,1,[1],[6236]
169,51,288,1175,0.0009111901097153446,5.400000000026477e-07,1,[1],[6153]
170,51,288,1176,0.0009097407330230863,0.0009097407330230863,1,[1],[6367]
171,51,288,1176,0.0009101507330230883,4.100000000020103e-07,1,[1],[6261]
172,51,288,1176,0.00091050073302309,3.500000000017161e-07,1,[1],[6189]
173,51,288,1176,0.0009109407330230922,4.400000000021574e-07,1,[1],[6232]
174,51,288,1177,0.0009096498510971116,0.0009096498510971116,1,[1],[6317]
175,51,288,1177,0.0009100398510971135,3.9000000000191225e-07,1,[1],[6204]
176,51,288,1177,0.0009103798510971152,3.400000000016671e-07,1,[1],[6313]
177,51,288,1177,0.000910749851097117,3.700000000018142e-07,1,[1],[6178]
178,51,288,1177,0.0009116698510971215,9.20000000004511e-07,1,[1],[6241]
179,51,288,1178,0.0009095864315725292,0.0009095864315725292,1,[1],[6347]
180,51,288,1178,0.0009099664315725311,3.800000000018632e-07,1,[1],[6197]
181,51,288,1178,0.0009102864315725327,3.2000000000156903e-07,1,[1],[6277]
182,51,288,1178,0.0009106364315725344,3.500000000017161e-07,1,[1],[6322]
183,51,288,1178,0.0009111864315725371,5.500000000026968e-07,1,[1],[6153]
184,51,288,1179,0.0009095629939509743,0.0009095629939509743,2,"[1, 3]","[6362, 18]"
185,51,288,1179,0.0009099329939509761,3.700000000018142e-07,2,"[1, 3]","[6276, 16]"
186,51,288,1179,0.0009102429939509776,3.1000000000152e-07,2,"[1, 3]","[6226, 24]"
187,51,288,1179,0.0009105529939509792,3.1000000000152e-07,2,"[1, 3]","[6209, 32]"
188,51,288,1179,0.0009109829939509813,4.300000000021084e-07,2,"[1, 3]","[6122, 21]"
189,51,288,1180,0.0009095230257941336,0.0009095230257941336,2,"[1, 3]","[5663, 618]"
190,51,288,1180,0.0009098830257941354,3.6000000000176516e-07,2,"[1, 3]","[5586, 673]"
191,51,288,1180,0.0009101630257941368,2.800000000013729e-07,2,"[1, 3]","[5609, 663]"
192,51,288,1180,0.0009104330257941381,2.7000000000132387e-07,2,"[1, 3]","[5473, 717]"
193,51,288,1180,0.0009107630257941397,3.3000000000161806e-07,2,"[1, 3]","[5632, 718]"
194,51,288,1180,0.0009113630257941426,6.000000000029419e-07,2,"[1, 3]","[5411, 741]"
195,51,288,1181,0.0009096016261295707,0.0009096016261295707,3,"[1, 2, 3]","[5896, 1, 376]"
196,51,288,1181,0.0009099916261295726,3.9000000000191225e-07,3,"[1, 2, 3]","[5940, 6, 382]"
197,51,288,1181,0.0009103116261295742,3.2000000000156903e-07,3,"[1, 2, 3]","[5805, 2, 415]"
198,51,288,1181,0.0009106616261295759,3.500000000017161e-07,3,"[1, 2, 3]","[5906, 2, 407]"
199,51,288,1181,0.0009112216261295787,5.600000000027458e-07,3,"[1, 2, 3]","[5681, 2, 430]"
200,51,288,1182,0.0009096221145672036,0.0009096221145672036,2,"[1, 2]","[5755, 543]"
201,51,288,1182,0.0009100021145672055,3.800000000018632e-07,2,"[1, 2]","[5820, 421]"
202,51,288,1182,0.000910322114567207,3.2000000000156903e-07,3,"[1, 2, 3]","[5888, 452, 2]"
203,51,288,1182,0.0009106721145672088,3.500000000017161e-07,3,"[1, 2, 3]","[5747, 405, 1]"
204,51,288,1182,0.0009112621145672117,5.900000000028929e-07,3,"[1, 2, 3]","[5956, 313, 1]"
205,51,288,1183,0.0009095883680787582,0.0009095883680787582,2,"[1, 2]","[5527, 760]"
206,51,288,1183,0.0009099683680787601,3.800000000018632e-07,2,"[1, 2]","[5676, 659]"
207,51,288,1183,0.0009102683680787616,3.0000000000147097e-07,2,"[1, 2]","[5686, 597]"
208,51,288,1183,0.000910568368078763,3.0000000000147097e-07,2,"[1, 2]","[5575, 541]"
209,51,288,1183,0.0009109983680787652,4.300000000021084e-07,2,"[1, 2]","[5809, 487]"
210,51,288,1184,0.0009096623844237803,0.0009096623844237803,2,"[1, 2]","[6367, 16]"
211,51,288,1184,0.0009100423844237822,3.800000000018632e-07,2,"[1, 2]","[6163, 15]"
212,51,288,1184,0.0009103623844237838,3.2000000000156903e-07,2,"[1, 2]","[6215, 13]"
213,51,288,1184,0.0009107223844237855,3.6000000000176516e-07,2,"[1, 2]","[6250, 6]"
214,51,288,1184,0.0009113323844237885,6.10000000002991e-07,2,"[1, 2]","[6215, 14]"
215,51,288,1185,0.0009096622940256117,0.0009096622940256117,1,[1],[6324]
216,51,288,1185,0.0009100622940256136,4.000000000019613e-07,1,[1],[6339]
217,51,288,1185,0.0009103822940256152,3.2000000000156903e-07,1,[1],[6117]
218,51,288,1185,0.000910752294025617,3.700000000018142e-07,1,[1],[6273]
219,51,288,1185,0.0009115022940256207,7.500000000036774e-07,1,[1],[6215]
220,51,288,1186,0.0009096514701001401,0.0009096514701001401,1,[1],[6350]
221,51,288,1186,0.0009100314701001419,3.800000000018632e-07,1,[1],[6203]
222,51,288,1186,0.0009103614701001435,3.3000000000161806e-07,1,[1],[6362]
223,51,288,1186,0.0009107114701001453,3.500000000017161e-07,1,[1],[6147]
224,51,288,1186,0.0009113414701001483,6.30000000003089e-07,1,[1],[6191]
225,51,288,1187,0.0009096403762460351,0.0009096403762460351,1,[1],[6330]
226,51,288,1187,0.000910030376246037,3.9000000000191225e-07,1,[1],[6329]
227,51,288,1187,0.0009103503762460385,3.2000000000156903e-07,1,[1],[6140]
228,51,288,1187,0.0009107203762460404,3.700000000018142e-07,1,[1],[6220]
229,51,288,1187,0.000911460376246044,7.400000000036284e-07,1,[1],[6254]
230,51,288,1188,0.0009099951421001736,0.0009099951421001736,1,[1],[6350]
231,51,288,1188,0.0009106751421001769,6.800000000033342e-07,1,[1],[6184]
232,51,289,1152,0.0009113516449285238,0.0009113516449285238,2,"[1, 6]","[3, 6312]"
233,51,289,1152,0.0009120216449285271,6.700000000032852e-07,2,"[1, 6]","[4, 6223]"
234,51,289,1153,0.0009115965802780387,0.0009115965802780387,2,"[1, 6]","[864, 5429]"
235,51,289,1154,0.0009123032960853607,0.0009123032960853607,2,"[1, 6]","[5810, 458]"
236,51,289,1155,0.0009117742444215083,0.0009117742444215083,2,"[1, 6]","[6258, 1]"
237,51,289,1156,0.000911560930813727,0.000911560930813727,1,[1],[6279]
238,51,289,1157,0.0009116290106501573,0.0009116290106501573,1,[1],[6250]
239,51,289,1158,0.0009117943661077864,0.0009117943661077864,1,[1],[6275]
240,51,289,1159,0.0009119771355181426,0.0009119771355181426,1,[1],[6259]
241,51,289,1160,0.0009121066691044029,0.0009121066691044029,1,[1],[6254]
242,51,289,1161,0.0009118483223873736,0.0009118483223873736,1,[1],[6268]
243,51,289,1162,0.0009118356308167006,0.0009118356308167006,1,[1],[6270]
244,51,289,1163,0.0009121055187864464,0.0009121055187864464,1,[1],[6256]
245,51,290,1151,0.0009114249392234817,0.0009114249392234817,1,[6],[6321]
246,51,290,1151,0.0009121349392234852,7.100000000034813e-07,1,[6],[6211]
247,51,290,1152,0.0009116834816494645,0.0009116834816494645,1,[6],[6260]
248,51,291,1150,0.0009114866410866959,0.0009114866410866959,1,[6],[6253]
249,51,291,1150,0.0009122566410866996,7.700000000037755e-07,1,[6],[6313]
250,51,291,1151,0.0009116522217152485,0.0009116522217152485,1,[6],[6272]
251,51,292,1149,0.0009115626978366681,0.0009115626978366681,1,[6],[6333]
252,51,292,1149,0.000912362697836672,8.000000000039226e-07,1,[6],[6184]
253,51,292,1150,0.0009116458987756962,0.0009116458987756962,1,[6],[6263]
254,51,292,1150,0.0009129258987757025,1.2800000000062761e-06,1,[6],[6248]
255,51,293,1148,0.0009116401234615262,0.0009116401234615262,1,[6],[6332]
256,51,293,1148,0.0009125201234615305,8.800000000043148e-07,1,[6],[6204]
257,51,293,1149,0.0009116564362711045,0.0009116564362711045,1,[6],[6311]
258,51,293,1149,0.0009126764362711095,1.0200000000050013e-06,1,[6],[6211]
259,51,294,1147,0.0009117322998078379,0.0009117322998078379,1,[6],[6316]
260,51,294,1147,0.0009128822998078435,1.1500000000056387e-06,1,[6],[6202]
261,51,294,1148,0.0009116385069137714,0.0009116385069137714,1,[6],[6275]
262,51,294,1148,0.0009125285069137757,8.900000000043639e-07,1,[6],[6254]
263,51,295,1146,0.0009117973111399747,0.0009117973111399747,1,[6],[6258]
264,51,295,1146,0.0009138073111399845,2.0100000000098555e-06,1,[6],[6242]
265,51,295,1147,0.0009116213241047276,0.0009116213241047276,1,[6],[6262]
266,51,295,1147,0.0009124013241047314,7.800000000038245e-07,1,[6],[6279]
267,51,296,1145,0.0009119239118306198,0.0009119239118306198,1,[6],[6304]
268,51,296,1146,0.0009116546076578848,0.0009116546076578848,1,[6],[6301]
269,51,296,1146,0.0009123846076578883,7.300000000035793e-07,1,[6],[6249]
270,51,297,1144,0.0009120268894157939,0.0009120268894157939,2,"[6, 7]","[6164, 98]"
271,51,297,1145,0.0009116580437936101,0.0009116580437936101,2,"[6, 7]","[6292, 1]"
272,51,297,1145,0.0009123280437936134,6.700000000032852e-07,2,"[6, 7]","[6215, 1]"
273,51,298,1143,0.0009120102318357627,0.0009120102318357627,2,"[6, 7]","[4983, 1332]"
274,51,298,1143,0.0009133302318357692,1.3200000000064722e-06,2,"[6, 7]","[4127, 2073]"
275,51,298,1144,0.0009116634575619412,0.0009116634575619412,2,"[6, 7]","[5446, 879]"
276,51,298,1144,0.0009122234575619439,5.600000000027458e-07,2,"[6, 7]","[4992, 1263]"
277,51,298,1144,0.0009131134575619483,8.900000000043639e-07,2,"[6, 7]","[4490, 1697]"
278,51,299,1142,0.0009123873828960072,0.0009123873828960072,2,"[6, 7]","[6257, 4]"
279,51,299,1143,0.0009117156015753197,0.0009117156015753197,2,"[6, 7]","[6131, 213]"
280,51,299,1143,0.0009123056015753226,5.900000000028929e-07,2,"[6, 7]","[5876, 286]"
281,51,300,1141,0.0009126456606992483,0.0009126456606992483,1,[6],[6278]
282,51,300,1142,0.0009117943272997191,0.0009117943272997191,1,[6],[6275]
283,51,300,1142,0.0009124143272997221,6.2000000000304e-07,1,[6],[6231]
284,51,301,1140,0.0009132048502167829,0.0009132048502167829,1,[6],[6251]
285,51,301,1141,0.0009118673781519035,0.0009118673781519035,1,[6],[6295]
286,51,301,1141,0.0009124473781519063,5.800000000028439e-07,1,[6],[6208]
287,51,302,1140,0.000911931231317682,0.000911931231317682,1,[6],[6290]
288,51,302,1140,0.000912551231317685,6.2000000000304e-07,1,[6],[6297]
289,51,303,1139,0.0009119872247929085,0.0009119872247929085,1,[6],[6259]
290,51,303,1139,0.0009125972247929115,6.10000000002991e-07,1,[6],[6268]
291,51,303,1140,0.000912944115453788,0.000912944115453788,1,[6],[6257]
292,51,304,1138,0.0009121107954704387,0.0009121107954704387,1,[6],[6358]
293,51,304,1138,0.0009127407954704418,6.30000000003089e-07,1,[6],[6222]
294,51,304,1139,0.0009127518319428925,0.0009127518319428925,1,[6],[6283]
295,51,305,1137,0.0009121527964039933,0.0009121527964039933,2,"[6, 8]","[5887, 448]"
296,51,305,1137,0.0009127627964039963,6.10000000002991e-07,2,"[6, 8]","[5793, 420]"
297,51,305,1138,0.0009126633938075965,0.0009126633938075965,2,"[6, 8]","[6264, 4]"
298,51,306,1136,0.0009120392760002856,0.0009120392760002856,2,"[6, 8]","[3759, 2524]"
299,51,306,1136,0.0009125492760002881,5.100000000025006e-07,2,"[6, 8]","[4453, 1876]"
300,51,306,1136,0.0009131292760002909,5.800000000028439e-07,2,"[6, 8]","[4399, 1749]"
301,51,306,1137,0.0009120913603298601,0.0009120913603298601,2,"[6, 8]","[2841, 3419]"
302,51,306,1137,0.0009127013603298631,6.10000000002991e-07,2,"[6, 8]","[3369, 2904]"
303,51,307,1135,0.000912475550613288,0.000912475550613288,2,"[6, 8]","[6307, 7]"
304,51,307,1135,0.0009134255506132926,9.500000000046581e-07,2,"[6, 8]","[6221, 2]"
305,51,307,1136,0.000912450350323925,0.000912450350323925,2,"[6, 8]","[5738, 530]"
306,51,307,1136,0.0009134803503239301,1.0300000000050503e-06,2,"[6, 8]","[5968, 297]"
307,51,308,1134,0.0009126773286954754,0.0009126773286954754,1,[6],[6265]
308,51,308,1135,0.0009124671580644372,0.0009124671580644372,1,[6],[6280]
309,51,308,1135,0.0009133071580644413,8.400000000041187e-07,1,[6],[6248]
310,51,309,1133,0.0009129612259475402,0.0009129612259475402,1,[6],[6272]
311,51,309,1134,0.0009124775123355327,0.0009124775123355327,1,[6],[6268]
312,51,309,1134,0.000913157512335536,6.800000000033342e-07,1,[6],[6269]
313,51,310,1132,0.0009134222680751859,0.0009134222680751859,1,[6],[6268]
314,51,310,1133,0.0009125037540890371,0.0009125037540890371,1,[6],[6316]
315,51,310,1133,0.0009131437540890403,6.400000000031381e-07,1,[6],[6208]
316,51,311,1132,0.0009125607625363789,0.0009125607625363789,1,[6],[6270]
317,51,311,1132,0.0009131707625363818,6.10000000002991e-07,1,[6],[6258]
318,51,312,1131,0.000912623398970934,0.000912623398970934,1,[6],[6278]
319,51,312,1131,0.0009132533989709371,6.30000000003089e-07,1,[6],[6270]
320,51,312,1132,0.000913582777142455,0.000913582777142455,1,[6],[6267]
321,51,313,1130,0.000912613092270192,0.000912613092270192,2,"[6, 9]","[4918, 1346]"
322,51,313,1130,0.0009131830922701948,5.700000000027948e-07,2,"[6, 9]","[5392, 844]"
323,51,313,1130,0.0009142730922702001,1.0900000000053445e-06,2,"[6, 9]","[5679, 573]"
324,51,313,1131,0.0009132163435510627,0.0009132163435510627,2,"[6, 9]","[6201, 69]"
325,51,314,1129,0.0009125062717212126,0.0009125062717212126,2,"[6, 9]","[3497, 2792]"
326,51,314,1129,0.0009130462717212152,5.400000000026477e-07,2,"[6, 9]","[4498, 1785]"
327,51,314,1129,0.0009137162717212185,6.700000000032852e-07,2,"[6, 9]","[4890, 1348]"
328,51,314,1130,0.0009122793107550235,0.0009122793107550235,2,"[6, 9]","[1704, 4640]"
329,51,314,1130,0.0009127693107550259,4.900000000024026e-07,2,"[6, 9]","[2533, 3722]"
330,51,314,1130,0.0009132493107550282,4.800000000023535e-07,2,"[6, 9]","[3016, 3217]"
331,51,314,1130,0.0009144493107550341,1.2000000000058839e-06,2,"[6, 9]","[3680, 2493]"
332,51,315,1128,0.0009129539869439967,0.0009129539869439967,1,[6],[6262]
333,51,315,1128,0.0009140539869440021,1.1000000000053935e-06,1,[6],[6264]
334,51,315,1129,0.0009128342642126392,0.0009128342642126392,2,"[6, 9]","[5952, 325]"
335,51,315,1129,0.0009136242642126431,7.900000000038735e-07,2,"[6, 9]","[6150, 135]"
336,51,316,1127,0.0009131593423249045,0.0009131593423249045,1,[6],[6261]
337,51,316,1128,0.00091279719901671,0.00091279719901671,1,[6],[6294]
338,51,316,1128,0.0009134671990167133,6.700000000032852e-07,1,[6],[6252]
339,51,317,1126,0.0009134377606595756,0.0009134377606595756,1,[6],[6286]
340,51,317,1127,0.0009127554610022044,0.0009127554610022044,1,[6],[6346]
341,51,317,1127,0.0009133554610022074,6.000000000029419e-07,1,[6],[6201]
342,51,318,1125,0.0009145690974357815,0.0009145690974357815,1,[6],[6253]
343,51,318,1126,0.0009127321686234989,0.0009127321686234989,1,[6],[6257]
344,51,318,1126,0.0009133121686235018,5.800000000028439e-07,1,[6],[6332]
345,51,319,1125,0.0009127610465250349,0.0009127610465250349,1,[6],[6306]
346,51,319,1125,0.0009133510465250378,5.900000000028929e-07,1,[6],[6286]
347,51,319,1126,0.0009138438633352478,0.0009138438633352478,1,[6],[6265]
348,51,320,1124,0.0009127932973043255,0.0009127932973043255,1,[6],[6325]
349,51,320,1124,0.0009134032973043285,6.10000000002991e-07,1,[6],[6188]
350,51,320,1125,0.0009133434440296793,0.0009133434440296793,1,[6],[6291]
351,51,321,1123,0.000912896286873276,0.000912896286873276,1,[6],[6348]
352,51,321,1123,0.0009136262868732795,7.300000000035793e-07,1,[6],[6213]
353,51,321,1124,0.0009131007655839269,0.0009131007655839269,1,[6],[6281]
354,51,322,1122,0.0009129994691153328,0.0009129994691153328,1,[6],[6284]
355,51,322,1122,0.0009140794691153381,1.0800000000052955e-06,1,[6],[6222]
356,51,322,1123,0.0009129937234841588,0.0009129937234841588,1,[6],[6284]
357,51,322,1123,0.0009139937234841637,1.0000000000049032e-06,1,[6],[6217]
358,51,323,1121,0.0009130702943888235,0.0009130702943888235,1,[6],[6284]
359,51,323,1122,0.0009128282014010985,0.0009128282014010985,1,[6],[6256]
360,51,323,1122,0.0009134982014011017,6.700000000032852e-07,1,[6],[6288]
361,51,324,1120,0.0009130180807746077,0.0009130180807746077,2,"[6, 10]","[4623, 1684]"
362,51,324,1120,0.0009139480807746123,9.3000000000456e-07,2,"[6, 10]","[3964, 2250]"
363,51,324,1121,0.0009127259412672288,0.0009127259412672288,2,"[6, 10]","[5938, 368]"
364,51,324,1121,0.0009132759412672315,5.500000000026968e-07,2,"[6, 10]","[5811, 456]"
365,51,324,1121,0.0009141259412672357,8.500000000041677e-07,2,"[6, 10]","[5607, 594]"
366,51,325,1119,0.0009141824172156764,0.0009141824172156764,2,"[6, 10]","[5798, 459]"
367,51,325,1120,0.000912536751553428,0.000912536751553428,2,"[6, 10]","[4038, 2285]"
368,51,325,1120,0.0009129267515534299,3.9000000000191225e-07,2,"[6, 10]","[3854, 2325]"
369,51,325,1120,0.0009132667515534316,3.400000000016671e-07,2,"[6, 10]","[3762, 2636]"
370,51,325,1120,0.0009136367515534334,3.700000000018142e-07,2,"[6, 10]","[3384, 2822]"
371,51,325,1120,0.0009143067515534367,6.700000000032852e-07,2,"[6, 10]","[3137, 3007]"
372,51,325,1121,0.0009134224671820781,0.0009134224671820781,2,"[6, 10]","[3260, 3011]"
373,51,326,1119,0.0009128585120355578,0.0009128585120355578,2,"[6, 10]","[6290, 9]"
374,51,326,1119,0.0009134485120355607,5.900000000028929e-07,2,"[6, 10]","[6222, 10]"
375,51,326,1119,0.0009154785120355707,2.0300000000099535e-06,2,"[6, 10]","[6208, 11]"
376,51,326,1120,0.0009136154973787642,0.0009136154973787642,2,"[6, 10]","[5707, 549]"
377,51,327,1118,0.0009130894643991745,0.0009130894643991745,1,[6],[6268]
378,51,327,1118,0.0009137794643991778,6.900000000033832e-07,1,[6],[6247]
379,51,327,1119,0.0009133313981569419,0.0009133313981569419,1,[6],[6296]
380,51,328,1117,0.0009133873092101345,0.0009133873092101345,1,[6],[6320]
381,51,328,1117,0.0009147373092101411,1.3500000000066193e-06,1,[6],[6182]
382,51,328,1118,0.0009132070098968308,0.0009132070098968308,1,[6],[6323]
383,51,328,1118,0.0009139870098968347,7.800000000038245e-07,1,[6],[6197]
384,51,329,1116,0.0009139049463908714,0.0009139049463908714,1,[6],[6276]
385,51,329,1117,0.0009131944951643699,0.0009131944951643699,1,[6],[6289]
386,51,329,1117,0.0009137944951643728,6.000000000029419e-07,1,[6],[6215]
387,51,330,1116,0.000913273054865616,0.000913273054865616,1,[6],[6330]
388,51,330,1116,0.0009138430548656188,5.700000000027948e-07,1,[6],[6252]
389,51,330,1116,0.0009149430548656242,1.1000000000053935e-06,1,[6],[6179]
390,51,331,1115,0.0009134189536772927,0.0009134189536772927,1,[6],[6336]
391,51,331,1115,0.0009140389536772957,6.2000000000304e-07,1,[6],[6199]
392,51,331,1116,0.0009140409185839692,0.0009140409185839692,1,[6],[6260]
393,51,332,1114,0.0009135997623194247,0.0009135997623194247,1,[6],[6276]
394,51,332,1114,0.0009143997623194286,8.000000000039226e-07,1,[6],[6240]
395,51,332,1115,0.000913744844317695,0.000913744844317695,1,[6],[6255]
396,51,333,1113,0.0009138294593515617,0.0009138294593515617,1,[6],[6318]
397,51,333,1114,0.0009135163840921427,0.0009135163840921427,1,[6],[6330]
398,51,333,1114,0.0009141263840921457,6.10000000002991e-07,1,[6],[6179]
399,51,334,1112,0.0009147094620426358,0.0009147094620426358,1,[6],[6257]
400,51,334,1113,0.0009133891991068331,0.0009133891991068331,1,[6],[6346]
401,51,334,1113,0.0009139291991068358,5.400000000026477e-07,1,[6],[6259]
402,51,334,1113,0.0009146791991068395,7.500000000036774e-07,1,[6],[6172]
403,51,335,1112,0.0009133927554804238,0.0009133927554804238,1,[6],[6358]
404,51,335,1112,0.0009139427554804265,5.500000000026968e-07,1,[6],[6159]
405,51,335,1112,0.0009148227554804308,8.800000000043148e-07,1,[6],[6253]
406,51,335,1113,0.000914199964561846,0.000914199964561846,1,[6],[6257]
407,51,336,1111,0.0009134725665032911,0.0009134725665032911,1,[6],[6277]
408,51,336,1111,0.0009141525665032945,6.800000000033342e-07,1,[6],[6283]
409,51,336,1112,0.0009136709460298852,0.0009136709460298852,1,[6],[6303]
410,51,336,1112,0.0009148909460298912,1.220000000005982e-06,1,[6],[6211]
411,51,337,1110,0.0009137497512218144,0.0009137497512218144,1,[6],[6301]
412,51,337,1111,0.0009134195725599689,0.0009134195725599689,1,[6],[6290]
413,51,337,1111,0.0009140395725599719,6.2000000000304e-07,1,[6],[6247]
414,51,338,1109,0.0009148167470254156,0.0009148167470254156,1,[6],[6250]
415,51,338,1110,0.0009133125709594705,0.0009133125709594705,1,[6],[6278]
416,51,338,1110,0.0009138525709594731,5.400000000026477e-07,1,[6],[6285]
417,51,338,1110,0.000914642570959477,7.900000000038735e-07,1,[6],[6214]
418,51,339,1109,0.0009132419071271184,0.0009132419071271184,1,[6],[6292]
419,51,339,1109,0.0009138319071271213,5.900000000028929e-07,1,[6],[6276]
420,51,339,1110,0.0009144021450353524,0.0009144021450353524,1,[6],[6252]
421,51,340,1108,0.0009129455605266152,0.0009129455605266152,1,[6],[6322]
422,51,340,1108,0.0009135755605266183,6.30000000003089e-07,1,[6],[6200]
423,51,340,1109,0.0009134624573067273,0.0009134624573067273,1,[6],[6262]
424,51,341,1107,0.000912701229828495,0.000912701229828495,1,[6],[6264]
425,51,341,1107,0.000913521229828499,8.200000000040206e-07,1,[6],[6261]
426,51,341,1108,0.0009129174784627179,0.0009129174784627179,1,[6],[6288]
427,51,341,1108,0.0009138874784627226,9.700000000047561e-07,1,[6],[6226]
428,51,342,1106,0.0009125682341532944,0.0009125682341532944,1,[6],[6301]
429,51,342,1107,0.0009124371839943132,0.0009124371839943132,1,[6],[6284]
430,51,342,1107,0.0009131071839943164,6.700000000032852e-07,1,[6],[6277]
431,51,343,1105,0.000912538275276986,0.000912538275276986,1,[6],[6296]
432,51,343,1106,0.000912026022475079,0.000912026022475079,1,[6],[6347]
433,51,343,1106,0.0009126060224750819,5.800000000028439e-07,1,[6],[6228]
434,51,343,1106,0.0009145460224750914,1.9400000000095122e-06,1,[6],[6175]
435,51,344,1105,0.0009116438110707304,0.0009116438110707304,2,"[6, 11]","[6266, 1]"
436,51,344,1105,0.0009122138110707332,5.700000000027948e-07,2,"[6, 11]","[6244, 2]"
437,51,344,1105,0.000913203811070738,9.900000000048542e-07,1,[6],[6243]
438,51,345,1104,0.0009110670486157681,0.0009110670486157681,2,"[6, 11]","[4752, 1601]"
439,51,345,1104,0.0009115470486157704,4.800000000023535e-07,2,"[6, 11]","[4983, 1173]"
440,51,345,1104,0.000912057048615773,5.100000000025006e-07,2,"[6, 11]","[5346, 919]"
441,51,345,1105,0.0009122112781701256,0.0009122112781701256,2,"[6, 11]","[6028, 229]"
442,51,346,1103,0.0009108177192425211,0.0009108177192425211,3,"[6, 11, 12]","[5818, 195, 293]"
443,51,346,1103,0.0009114377192425241,6.2000000000304e-07,3,"[6, 11, 12]","[5847, 265, 107]"
444,51,346,1104,0.0009112414360231726,0.0009112414360231726,2,"[6, 11]","[4669, 1583]"
445,51,346,1104,0.0009122514360231775,1.0100000000049522e-06,2,"[6, 11]","[4615, 1633]"
446,51,347,1102,0.0009100915484271161,0.0009100915484271161,2,"[6, 12]","[3735, 2563]"
447,51,347,1102,0.0009105515484271184,4.600000000022555e-07,2,"[6, 12]","[4176, 2033]"
448,51,347,1102,0.0009110115484271206,4.600000000022555e-07,2,"[6, 12]","[4507, 1763]"
449,51,347,1102,0.0009119415484271252,9.3000000000456e-07,2,"[6, 12]","[4782, 1471]"
450,51,347,1103,0.0009105284692027342,0.0009105284692027342,3,"[6, 11, 12]","[3566, 1, 2775]"
451,51,347,1103,0.0009112384692027377,7.100000000034813e-07,2,"[6, 12]","[4764, 1448]"
452,51,348,1101,0.0009098887342645064,0.0009098887342645064,2,"[6, 12]","[6318, 7]"
453,51,348,1101,0.0009105287342645095,6.400000000031381e-07,2,"[6, 12]","[6260, 8]"
454,51,348,1102,0.0009102112665521435,0.0009102112665521435,2,"[6, 12]","[5790, 528]"
455,51,348,1102,0.000910931266552147,7.200000000035303e-07,2,"[6, 12]","[5741, 445]"
456,51,349,1100,0.0009094485609610749,0.0009094485609610749,1,[6],[6315]
457,51,349,1100,0.0009101185609610782,6.700000000032852e-07,1,[6],[6247]
458,51,349,1101,0.0009097254011750121,0.0009097254011750121,1,[6],[6251]
459,51,349,1101,0.0009104854011750158,7.600000000037264e-07,1,[6],[6298]
460,51,350,1099,0.0009089948195704115,0.0009089948195704115,1,[6],[6284]
461,51,350,1099,0.0009097448195704152,7.500000000036774e-07,1,[6],[6254]
462,51,350,1100,0.0009091980945002111,0.0009091980945002111,1,[6],[6256]
463,51,350,1100,0.0009098880945002145,6.900000000033832e-07,1,[6],[6317]
464,51,351,1098,0.0009085342839903328,0.0009085342839903328,2,"[6, 13]","[6076, 175]"
465,51,351,1098,0.000909384283990337,8.500000000041677e-07,2,"[6, 13]","[6210, 57]"
466,51,351,1099,0.0009086858542304576,0.0009086858542304576,2,"[6, 13]","[6308, 1]"
467,51,351,1099,0.0009093458542304609,6.600000000032361e-07,1,[6],[6281]
468,51,352,1097,0.0009079006773069006,0.0009079006773069006,2,"[6, 13]","[4421, 1853]"
469,51,352,1097,0.0009085006773069035,6.000000000029419e-07,2,"[6, 13]","[4412, 1896]"
470,51,352,1098,0.0009080478151946057,0.0009080478151946057,2,"[6, 13]","[4843, 1506]"
471,51,352,1098,0.0009086078151946084,5.600000000027458e-07,2,"[6, 13]","[5160, 1107]"
472,51,352,1098,0.0009093578151946121,7.500000000036774e-07,2,"[6, 13]","[5364, 805]"
473,51,353,1096,0.0009077423889292387,0.0009077423889292387,2,"[6, 13]","[6274, 5]"
474,51,353,1097,0.0009076819060848154,0.0009076819060848154,2,"[6, 13]","[6006, 263]"
475,51,353,1097,0.0009082919060848184,6.10000000002991e-07,2,"[6, 13]","[5902, 386]"
476,51,354,1095,0.0009073205936689029,0.0009073205936689029,1,[6],[6284]
477,51,354,1096,0.0009071936173161781,0.0009071936173161781,1,[6],[6269]
478,51,354,1096,0.0009078236173161812,6.30000000003089e-07,1,[6],[6260]
479,51,355,1094,0.0009068873401384071,0.0009068873401384071,1,[6],[6253]
480,51,355,1095,0.0009066827457230814,0.0009066827457230814,1,[6],[6259]
481,51,355,1095,0.0009073027457230844,6.2000000000304e-07,1,[6],[6323]
482,51,356,1093,0.0009063200516821,0.0009063200516821,2,"[6, 14]","[6259, 7]"
483,51,356,1094,0.0009061557482752963,0.0009061557482752963,1,[6],[6262]
484,51,356,1094,0.0009067557482752992,6.000000000029419e-07,1,[6],[6324]
485,51,356,1094,0.0009079157482753049,1.1600000000056877e-06,1,[6],[6168]
486,51,357,1092,0.000905510388079478,0.000905510388079478,2,"[6, 14]","[4831, 1455]"
487,51,357,1092,0.0009065503880794832,1.0400000000050993e-06,2,"[6, 14]","[4815, 1412]"
488,51,357,1093,0.000905422926893317,0.000905422926893317,2,"[6, 14]","[5923, 425]"
489,51,357,1093,0.0009059129268933194,4.900000000024026e-07,2,"[6, 14]","[5920, 299]"
490,51,357,1093,0.0009064229268933219,5.100000000025006e-07,2,"[6, 14]","[6056, 200]"
491,51,358,1091,0.000905168228072479,0.000905168228072479,3,"[6, 14, 15]","[6192, 32, 32]"
492,51,358,1092,0.0009047809215706894,0.0009047809215706894,2,"[6, 14]","[5811, 439]"
493,51,358,1092,0.0009052609215706918,4.800000000023535e-07,2,"[6, 14]","[5609, 777]"
494,51,358,1092,0.000905710921570694,4.5000000000220645e-07,2,"[6, 14]","[5198, 973]"
495,51,358,1092,0.0009065109215706979,8.000000000039226e-07,2,"[6, 14]","[4955, 1238]"
496,51,358,1093,0.0009062844480762286,0.0009062844480762286,2,"[6, 14]","[5236, 1028]"
497,51,359,1090,0.0009042315198745552,0.0009042315198745552,3,"[6, 15, 16]","[4405, 1854, 1]"
498,51,359,1090,0.0009053315198745606,1.1000000000053935e-06,2,"[6, 15]","[4152, 2097]"
499,51,359,1091,0.0009041057592425538,0.0009041057592425538,2,"[6, 15]","[5363, 909]"
500,51,359,1091,0.0009046057592425563,5.000000000024516e-07,2,"[6, 15]","[5514, 725]"
501,51,359,1091,0.0009051257592425588,5.200000000025497e-07,2,"[6, 15]","[5746, 500]"
502,51,359,1092,0.0009063806978923944,0.0009063806978923944,3,"[6, 14, 15]","[6200, 39, 15]"
503,51,360,1089,0.0009037504775158951,0.0009037504775158951,4,"[6, 15, 16, 17]","[5587, 22, 696, 2]"
504,51,360,1090,0.0009034418931601166,0.0009034418931601166,3,"[6, 15, 16]","[5951, 353, 38]"
505,51,360,1090,0.0009039118931601189,4.700000000023045e-07,3,"[6, 15, 16]","[5709, 552, 15]"
506,51,360,1090,0.0009043318931601209,4.2000000000205935e-07,3,"[6, 15, 16]","[5406, 771, 6]"
507,51,360,1090,0.0009049818931601241,6.500000000031871e-07,3,"[6, 15, 16]","[5171, 1028, 3]"
508,51,360,1091,0.0009047299928597683,0.0009047299928597683,2,"[6, 15]","[4925, 1330]"
509,51,361,1088,0.0009029387831710761,0.0009029387831710761,3,"[6, 16, 17]","[4637, 466, 1184]"
510,51,361,1088,0.0009043587831710831,1.4200000000069626e-06,3,"[6, 16, 17]","[3763, 854, 1599]"
511,51,361,1089,0.0009026664745248161,0.0009026664745248161,3,"[6, 16, 17]","[4814, 1295, 227]"
512,51,361,1089,0.0009030764745248181,4.100000000020103e-07,3,"[6, 16, 17]","[4645, 1345, 194]"
513,51,361,1089,0.00090344647452482,3.700000000018142e-07,3,"[6, 16, 17]","[4746, 1409, 168]"
514,51,361,1089,0.0009038864745248221,4.400000000021574e-07,3,"[6, 16, 17]","[4665, 1350, 158]"
515,51,361,1090,0.0009041025453035181,0.0009041025453035181,4,"[6, 15, 16, 17]","[5838, 3, 412, 1]"
516,51,362,1087,0.0009026924129959515,0.0009026924129959515,2,"[6, 17]","[6178, 89]"
517,51,362,1088,0.0009019963272542521,0.0009019963272542521,3,"[6, 16, 17]","[5951, 6, 391]"
518,51,362,1088,0.0009024463272542543,4.5000000000220645e-07,3,"[6, 16, 17]","[5405, 19, 800]"
519,51,362,1088,0.0009028463272542563,4.000000000019613e-07,3,"[6, 16, 17]","[5072, 23, 1204]"
520,51,362,1088,0.0009033063272542585,4.600000000022555e-07,3,"[6, 16, 17]","[4274, 30, 1833]"
521,51,362,1089,0.0009031979937086149,0.0009031979937086149,3,"[6, 16, 17]","[4904, 316, 1037]"
522,51,363,1086,0.0009024574175171575,0.0009024574175171575,1,[6],[6261]
523,51,363,1087,0.0009012885206809717,0.0009012885206809717,1,[6],[6266]
524,51,363,1087,0.0009017985206809742,5.100000000025006e-07,1,[6],[6335]
525,51,363,1087,0.0009023285206809768,5.300000000025987e-07,2,"[6, 17]","[6176, 1]"
526,51,363,1088,0.0009024741966394699,0.0009024741966394699,2,"[6, 17]","[6199, 55]"
527,51,364,1086,0.0009005714434721546,0.0009005714434721546,1,[6],[6329]
528,51,364,1086,0.0009010814434721571,5.100000000025006e-07,1,[6],[6266]
529,51,364,1086,0.0009016414434721598,5.600000000027458e-07,1,[6],[6174]
530,51,364,1087,0.0009015580643811008,0.0009015580643811008,1,[6],[6288]
531,51,365,1085,0.0008998837410498546,0.0008998837410498546,1,[6],[6303]
532,51,365,1085,0.0009004337410498573,5.500000000026968e-07,1,[6],[6239]
533,51,365,1085,0.0009011237410498607,6.900000000033832e-07,1,[6],[6232]
534,51,365,1086,0.0009007491388444079,0.0009007491388444079,1,[6],[6250]
535,51,366,1084,0.0008991970642632836,0.0008991970642632836,1,[6],[6350]
536,51,366,1084,0.0008997370642632863,5.400000000026477e-07,1,[6],[6179]
537,51,366,1084,0.0009004070642632896,6.700000000032852e-07,1,[6],[6264]
538,51,366,1085,0.0009000420902257613,0.0009000420902257613,1,[6],[6300]
539,51,367,1083,0.0008984919735579826,0.0008984919735579826,1,[6],[6317]
540,51,367,1083,0.0008990319735579852,5.400000000026477e-07,1,[6],[6254]
541,51,367,1083,0.0008996819735579884,6.500000000031871e-07,1,[6],[6201]
542,51,367,1084,0.0008993569677676742,0.0008993569677676742,1,[6],[6291]
543,51,368,1081,0.0008988339477614129,0.0008988339477614129,2,"[6, 18]","[6011, 244]"
544,51,368,1082,0.0008977518595324324,0.0008977518595324324,2,"[6, 18]","[6336, 9]"
545,51,368,1082,0.0008982518595324349,5.000000000024516e-07,2,"[6, 18]","[6281, 2]"
546,51,368,1082,0.0008988018595324376,5.500000000026968e-07,1,[6],[6199]
547,51,368,1083,0.0008986390645618873,0.0008986390645618873,1,[6],[6292]
548,51,368,1083,0.00090326906456191,4.630000000022702e-06,3,"[6, 41, 42]","[4934, 1278, 3]"
549,51,369,1080,0.0008975247960010583,0.0008975247960010583,2,"[6, 18]","[5497, 775]"
550,51,369,1081,0.0008968955973398062,0.0008968955973398062,2,"[6, 18]","[4861, 1491]"
551,51,369,1081,0.0008973355973398083,4.400000000021574e-07,2,"[6, 18]","[5091, 1198]"
552,51,369,1081,0.0008977255973398103,3.9000000000191225e-07,2,"[6, 18]","[5165, 1021]"
553,51,369,1081,0.0008982555973398129,5.300000000025987e-07,2,"[6, 18]","[5393, 782]"
554,51,369,1082,0.0008980064950208038,0.0008980064950208038,2,"[6, 18]","[6054, 248]"
555,51,370,1079,0.0008967286053239133,0.0008967286053239133,1,[6],[6277]
556,51,370,1080,0.0008962745842356778,0.0008962745842356778,2,"[6, 18]","[6279, 32]"
557,51,370,1080,0.0008967645842356802,4.900000000024026e-07,2,"[6, 18]","[6150, 49]"
558,51,370,1080,0.0008972545842356826,4.900000000024026e-07,2,"[6, 18]","[6216, 86]"
559,51,370,1081,0.000897279367261944,0.000897279367261944,2,"[6, 18]","[5518, 767]"
560,51,371,1078,0.0008958221205028402,0.0008958221205028402,1,[6],[6295]
561,51,371,1079,0.0008955248172440553,0.0008955248172440553,1,[6],[6320]
562,51,371,1079,0.0008960248172440577,5.000000000024516e-07,1,[6],[6248]
563,51,371,1079,0.0008965348172440602,5.100000000025006e-07,1,[6],[6257]
564,51,371,1080,0.0008969005739389757,0.0008969005739389757,1,[6],[6266]
565,51,372,1077,0.0008947657100875815,0.0008947657100875815,2,"[6, 19]","[5328, 950]"
566,51,372,1078,0.0008946856045814802,0.0008946856045814802,2,"[6, 19]","[6267, 69]"
567,51,372,1078,0.0008951756045814826,4.900000000024026e-07,2,"[6, 19]","[6149, 15]"
568,51,372,1078,0.0008956756045814851,5.000000000024516e-07,2,"[6, 19]","[6280, 4]"
569,51,372,1079,0.0008963986682761206,0.0008963986682761206,1,[6],[6252]
570,51,373,1076,0.0008940566241940897,0.0008940566241940897,2,"[6, 19]","[5967, 344]"
571,51,373,1077,0.0008937483653266124,0.0008937483653266124,2,"[6, 19]","[5090, 1192]"
572,51,373,1077,0.0008941683653266144,4.2000000000205935e-07,2,"[6, 19]","[5031, 1188]"
573,51,373,1077,0.0008945383653266162,3.700000000018142e-07,2,"[6, 19]","[5185, 1199]"
574,51,373,1077,0.0008949983653266185,4.600000000022555e-07,2,"[6, 19]","[5154, 1073]"
575,51,373,1078,0.0008954209366695822,0.0008954209366695822,2,"[6, 19]","[5795, 484]"
576,51,374,1075,0.0008934834507110843,0.0008934834507110843,1,[6],[6309]
577,51,374,1076,0.0008932007622553304,0.0008932007622553304,2,"[6, 19]","[6320, 3]"
578,51,374,1076,0.0008936707622553327,4.700000000023045e-07,2,"[6, 19]","[6232, 7]"
579,51,374,1076,0.0008941107622553349,4.400000000021574e-07,2,"[6, 19]","[6249, 17]"
580,51,374,1076,0.0008949107622553388,8.000000000039226e-07,2,"[6, 19]","[6161, 23]"
581,51,374,1077,0.0008946946618673829,0.0008946946618673829,2,"[6, 19]","[5986, 286]"
582,51,375,1074,0.0008927994448801463,0.0008927994448801463,1,[6],[6321]
583,51,375,1074,0.0008936194448801503,8.200000000040206e-07,1,[6],[6227]
584,51,375,1075,0.0008926619478426023,0.0008926619478426023,1,[6],[6287]
585,51,375,1075,0.0008931219478426045,4.600000000022555e-07,1,[6],[6296]
586,51,375,1075,0.0008935619478426067,4.400000000021574e-07,1,[6],[6202]
587,51,375,1075,0.0008944119478426108,8.500000000041677e-07,1,[6],[6219]
588,51,375,1076,0.0008942865400344819,0.0008942865400344819,1,[6],[6264]
589,51,376,1073,0.0008922397903134604,0.0008922397903134604,1,[6],[6311]
590,51,376,1073,0.0008928597903134634,6.2000000000304e-07,1,[6],[6270]
591,51,376,1074,0.0008923515172542697,0.0008923515172542697,1,[6],[6362]
592,51,376,1074,0.0008928415172542721,4.900000000024026e-07,1,[6],[6192]
593,51,376,1074,0.0008934015172542748,5.600000000027458e-07,1,[6],[6245]
594,51,377,1072,0.0008916087958067061,0.0008916087958067061,1,[6],[6351]
595,51,377,1072,0.0008921087958067086,5.000000000024516e-07,1,[6],[6264]
596,51,377,1072,0.0008926287958067111,5.200000000025497e-07,1,[6],[6165]
597,51,377,1073,0.0008920052554465144,0.0008920052554465144,1,[6],[6264]
598,51,377,1073,0.0008926052554465173,6.000000000029419e-07,1,[6],[6254]
599,51,377,1073,0.0008941952554465251,1.5900000000077961e-06,1,[6],[6233]
600,51,378,1070,0.0008927861915754234,0.0008927861915754234,2,"[6, 20]","[6250, 1]"
601,51,378,1071,0.000891089488369212,0.000891089488369212,1,[6],[6299]
602,51,378,1071,0.0008915394883692142,4.5000000000220645e-07,1,[6],[6311]
603,51,378,1071,0.0008919894883692164,4.5000000000220645e-07,1,[6],[6207]
604,51,378,1071,0.0008928894883692208,9.000000000044129e-07,1,[6],[6195]
605,51,378,1072,0.0008915984619434738,0.0008915984619434738,1,[6],[6266]
606,51,378,1072,0.0008922884619434772,6.900000000033832e-07,1,[6],[6237]
607,51,379,1069,0.0008911087956289967,0.0008911087956289967,2,"[6, 20]","[5554, 731]"
608,51,379,1070,0.0008906478344699811,0.0008906478344699811,2,"[6, 20]","[6213, 70]"
609,51,379,1070,0.0008910778344699832,4.300000000021084e-07,2,"[6, 20]","[6214, 44]"
610,51,379,1070,0.0008914778344699852,4.000000000019613e-07,2,"[6, 20]","[6328, 28]"
611,51,379,1070,0.0008920078344699878,5.300000000025987e-07,2,"[6, 20]","[6111, 24]"
612,51,379,1071,0.0008913121460823018,0.0008913121460823018,1,[6],[6274]
613,51,379,1071,0.0008923121460823067,1.0000000000049032e-06,1,[6],[6242]
614,51,380,1068,0.0008906042919084937,0.0008906042919084937,2,"[6, 20]","[6177, 123]"
615,51,380,1068,0.0008913442919084973,7.400000000036284e-07,2,"[6, 20]","[6080, 156]"
616,51,380,1069,0.0008902710952713787,0.0008902710952713787,2,"[6, 20]","[5421, 901]"
617,51,380,1069,0.0008906510952713805,3.800000000018632e-07,2,"[6, 20]","[5373, 882]"
618,51,380,1069,0.0008909810952713821,3.3000000000161806e-07,2,"[6, 20]","[5505, 831]"
619,51,380,1069,0.0008913410952713839,3.6000000000176516e-07,2,"[6, 20]","[5399, 793]"
620,51,380,1069,0.000891981095271387,6.400000000031381e-07,2,"[6, 20]","[5477, 709]"
621,51,380,1070,0.0008910999782477661,0.0008910999782477661,2,"[6, 20]","[5775, 476]"
622,51,381,1067,0.0008903365284975348,0.0008903365284975348,1,[6],[6280]
623,51,381,1067,0.0008908065284975371,4.700000000023045e-07,1,[6],[6226]
624,51,381,1067,0.0008912965284975395,4.900000000024026e-07,1,[6],[6260]
625,51,381,1068,0.0008902846071258669,0.0008902846071258669,2,"[6, 20]","[6343, 9]"
626,51,381,1068,0.000890714607125869,4.300000000021084e-07,1,[6],[6250]
627,51,381,1068,0.0008911446071258711,4.300000000021084e-07,2,"[6, 20]","[6173, 5]"
628,51,381,1068,0.0008919646071258752,8.200000000040206e-07,2,"[6, 20]","[6216, 4]"
629,51,381,1069,0.0008918395892438813,0.0008918395892438813,2,"[6, 20]","[6034, 222]"
630,51,382,1065,0.000890722068044111,0.000890722068044111,2,"[6, 21]","[5579, 687]"
631,51,382,1065,0.0008914220680441144,7.000000000034323e-07,2,"[6, 21]","[5497, 743]"
632,51,382,1066,0.0008902673308045704,0.0008902673308045704,2,"[6, 21]","[6325, 46]"
633,51,382,1066,0.0008906473308045723,3.800000000018632e-07,2,"[6, 21]","[6255, 55]"
634,51,382,1066,0.0008909673308045738,3.2000000000156903e-07,2,"[6, 21]","[6117, 37]"
635,51,382,1066,0.0008913173308045755,3.500000000017161e-07,2,"[6, 21]","[6193, 50]"
636,51,382,1066,0.0008919073308045784,5.900000000028929e-07,2,"[6, 21]","[6152, 59]"
637,51,382,1067,0.0008905565134294009,0.0008905565134294009,1,[6],[6349]
638,51,382,1067,0.0008911565134294039,6.000000000029419e-07,1,[6],[6244]
639,51,383,1064,0.0008906151986310984,0.0008906151986310984,2,"[6, 21]","[6111, 166]"
640,51,383,1064,0.000891135198631101,5.200000000025497e-07,2,"[6, 21]","[6075, 168]"
641,51,383,1064,0.0008918151986311043,6.800000000033342e-07,2,"[6, 21]","[6049, 189]"
642,51,383,1065,0.0008902937648150406,0.0008902937648150406,2,"[6, 21]","[5326, 949]"
643,51,383,1065,0.0008906637648150424,3.700000000018142e-07,2,"[6, 21]","[5267, 1009]"
644,51,383,1065,0.0008909637648150439,3.0000000000147097e-07,2,"[6, 21]","[5211, 1068]"
645,51,383,1065,0.0008912637648150454,3.0000000000147097e-07,2,"[6, 21]","[5216, 1105]"
646,51,383,1065,0.0008916537648150473,3.9000000000191225e-07,2,"[6, 21]","[5098, 1139]"
647,51,383,1066,0.0008909619726917707,0.0008909619726917707,2,"[6, 21]","[5848, 465]"
648,51,384,1062,0.0008917976873997371,0.0008917976873997371,1,[6],[6271]
649,51,384,1063,0.0008904978015047179,0.0008904978015047179,1,[6],[6252]
650,51,384,1063,0.0008909078015047199,4.100000000020103e-07,2,"[6, 21]","[6391, 1]"
651,51,384,1063,0.0008912578015047217,3.500000000017161e-07,1,[6],[6183]
652,51,384,1063,0.0008916878015047238,4.300000000021084e-07,1,[6],[6203]
653,51,384,1064,0.000890500178644414,0.000890500178644414,2,"[6, 21]","[6268, 7]"
654,51,384,1064,0.0008909301786444161,4.300000000021084e-07,2,"[6, 21]","[6240, 9]"
655,51,384,1064,0.0008913401786444181,4.100000000020103e-07,2,"[6, 21]","[6353, 7]"
656,51,384,1064,0.000891930178644421,5.900000000028929e-07,2,"[6, 21]","[6127, 4]"
657,51,385,1061,0.0008907112999233128,0.0008907112999233128,1,[6],[6287]
658,51,385,1061,0.0008913112999233158,6.000000000029419e-07,1,[6],[6288]
659,51,385,1062,0.0008904168702467145,0.0008904168702467145,1,[6],[6264]
660,51,385,1062,0.0008907968702467164,3.800000000018632e-07,1,[6],[6378]
661,51,385,1062,0.0008910968702467179,3.0000000000147097e-07,1,[6],[6183]
662,51,385,1062,0.0008914068702467194,3.1000000000152e-07,1,[6],[6294]
663,51,385,1062,0.0008918068702467213,4.000000000019613e-07,1,[6],[6235]
664,51,385,1063,0.0008907258697899848,0.0008907258697899848,1,[6],[6302]
665,51,385,1063,0.0008912658697899875,5.400000000026477e-07,1,[6],[6295]
666,51,385,1063,0.0008920458697899913,7.800000000038245e-07,1,[6],[6176]
667,51,386,1059,0.0008909794657916176,0.0008909794657916176,1,[6],[6261]
668,51,386,1060,0.0008901826016685601,0.0008901826016685601,1,[6],[6394]
669,51,386,1060,0.0008905426016685619,3.6000000000176516e-07,1,[6],[6221]
670,51,386,1060,0.0008908326016685633,2.9000000000142193e-07,1,[6],[6330]
671,51,386,1060,0.0008911326016685648,3.0000000000147097e-07,1,[6],[6237]
672,51,386,1060,0.0008915126016685667,3.800000000018632e-07,1,[6],[6086]
673,51,386,1061,0.0008902743389295999,0.0008902743389295999,1,[6],[6307]
674,51,386,1061,0.0008906543389296018,3.800000000018632e-07,1,[6],[6347]
675,51,386,1061,0.0008909543389296032,3.0000000000147097e-07,1,[6],[6189]
676,51,386,1061,0.0008912543389296047,3.0000000000147097e-07,1,[6],[6162]
677,51,386,1061,0.0008916843389296068,4.300000000021084e-07,1,[6],[6346]
678,51,386,1062,0.0008912073731939328,0.0008912073731939328,1,[6],[6270]
679,51,387,1058,0.0008909461312316138,0.0008909461312316138,1,[6],[6283]
680,51,387,1058,0.0008927361312316226,1.7900000000087768e-06,2,"[6, 24]","[5939, 278]"
681,51,387,1059,0.0008900035541024915,0.0008900035541024915,1,[6],[6292]
682,51,387,1059,0.000890313554102493,3.1000000000152e-07,1,[6],[6245]
683,51,387,1059,0.0008905435541024942,2.3000000000112774e-07,1,[6],[6224]
684,51,387,1059,0.0008907535541024952,2.1000000000102968e-07,1,[6],[6562]
685,51,387,1059,0.0008909435541024961,1.900000000009316e-07,2,"[6, 24]","[6114, 1]"
686,51,387,1059,0.0008911435541024971,2.0000000000098064e-07,2,"[6, 24]","[6086, 3]"
687,51,387,1059,0.0008913935541024983,2.500000000012258e-07,2,"[6, 24]","[6381, 20]"
688,51,387,1059,0.0008917435541025001,3.500000000017161e-07,2,"[6, 24]","[6071, 26]"
689,51,387,1060,0.0008902603487065675,0.0008902603487065675,1,[6],[6253]
690,51,387,1060,0.0008906803487065695,4.2000000000205935e-07,1,[6],[6279]
691,51,387,1060,0.0008910603487065714,3.800000000018632e-07,1,[6],[6316]
692,51,387,1060,0.0008915703487065739,5.100000000025006e-07,2,"[6, 24]","[6200, 1]"
693,51,388,1058,0.0008909331805656463,0.0008909331805656463,2,"[6, 24]","[6234, 20]"
694,51,388,1058,0.0008917431805656503,8.100000000039716e-07,2,"[6, 24]","[5830, 486]"
695,51,388,1058,0.0008934431805656586,1.7000000000083355e-06,2,"[6, 24]","[1946, 4237]"
696,51,388,1059,0.0008905593366266792,0.0008905593366266792,2,"[6, 24]","[6265, 12]"
697,51,388,1059,0.0008910493366266816,4.900000000024026e-07,2,"[6, 24]","[6237, 113]"
698,51,388,1059,0.000891529336626684,4.800000000023535e-07,2,"[6, 24]","[5624, 563]"
699,51,388,1059,0.0008921693366266871,6.400000000031381e-07,2,"[6, 24]","[3645, 2562]"
700,51,388,1059,0.000892959336626691,7.900000000038735e-07,2,"[6, 24]","[850, 5421]"
701,51,389,1059,0.0008921041020884911,0.0008921041020884911,2,"[6, 24]","[351, 5989]"
702,51,389,1059,0.0008926741020884939,5.700000000027948e-07,2,"[6, 24]","[20, 6159]"
703,51,389,1059,0.0008936741020884988,1.0000000000049032e-06,2,"[6, 24]","[3, 6231]"
704,51,389,1060,0.0008931281341600816,0.0008931281341600816,2,"[6, 24]","[1, 6261]"
705,51,390,1059,0.0008928638600240665,0.0008928638600240665,1,[24],[6277]
706,51,390,1060,0.0008917963282834177,0.0008917963282834177,2,"[24, 26]","[6324, 1]"
707,51,390,1060,0.0008924263282834208,6.30000000003089e-07,1,[24],[6232]
708,51,391,1060,0.0008917035503087106,0.0008917035503087106,4,"[24, 26, 199, 200]","[6162, 116, 8, 1]"
709,51,391,1060,0.0008931235503087175,1.4200000000069626e-06,3,"[24, 26, 199]","[6111, 110, 4]"
710,51,391,1061,0.0008912682322974841,0.0008912682322974841,4,"[24, 26, 199, 200]","[5108, 1129, 22, 5]"
711,51,391,1061,0.0008919882322974876,7.200000000035303e-07,4,"[24, 26, 199, 200]","[4606, 1676, 13, 2]"
712,51,392,1061,0.0008905815448776667,0.0008905815448776667,3,"[24, 26, 199]","[5603, 748, 1]"
713,51,392,1061,0.0008910815448776692,5.000000000024516e-07,4,"[24, 26, 199, 200]","[4765, 1453, 3, 1]"
714,51,392,1061,0.0008915315448776714,4.5000000000220645e-07,2,"[24, 26]","[4023, 2197]"
715,51,392,1061,0.0008921415448776744,6.10000000002991e-07,4,"[24, 26, 199, 200]","[2863, 3372, 3, 1]"
716,51,392,1062,0.0008909212966845384,0.0008909212966845384,2,"[24, 26]","[5956, 316]"
717,51,393,1062,0.0008897590083237307,0.0008897590083237307,1,[24],[6266]
718,51,393,1062,0.0008903390083237335,5.800000000028439e-07,2,"[24, 26]","[6315, 2]"
719,51,393,1062,0.0008911090083237373,7.700000000037755e-07,2,"[24, 26]","[6148, 20]"
720,51,394,1062,0.0008898721864047239,0.0008898721864047239,1,[24],[6273]
721,51,394,1063,0.0008889984662687854,0.0008889984662687854,1,[24],[6325]
722,51,394,1063,0.0008896484662687886,6.500000000031871e-07,1,[24],[6229]
723,51,395,1063,0.0008888713940284706,0.0008888713940284706,1,[24],[6274]
724,51,395,1064,0.0008879875924525942,0.0008879875924525942,2,"[24, 196]","[6201, 69]"
725,51,395,1064,0.0008890075924525992,1.0200000000050013e-06,2,"[24, 196]","[6246, 5]"
726,51,396,1064,0.0008876657644344927,0.0008876657644344927,3,"[24, 170, 196]","[5952, 2, 296]"
727,51,396,1065,0.0008870085972645793,0.0008870085972645793,5,"[24, 154, 170, 171, 196]","[5908, 9, 6, 1, 390]"
728,51,396,1065,0.0008878685972645835,8.600000000042168e-07,5,"[24, 154, 170, 171, 196]","[5886, 3, 4, 2, 299]"
729,51,397,1065,0.000886744797289721,0.000886744797289721,6,"[24, 154, 155, 170, 171, 196]","[6186, 50, 2, 3, 3, 23]"
730,51,397,1065,0.000887774797289726,1.0300000000050503e-06,6,"[24, 154, 155, 170, 171, 196]","[6153, 53, 3, 5, 3, 22]"
731,51,397,1066,0.0008867010994178646,0.0008867010994178646,3,"[24, 154, 155]","[6257, 38, 3]"
732,51,398,1066,0.0008863709422657373,0.0008863709422657373,2,"[24, 154]","[6253, 2]"
733,51,398,1066,0.0008870009422657404,6.30000000003089e-07,1,[24],[6288]
734,51,398,1067,0.0008869514386029412,0.0008869514386029412,1,[24],[6291]
735,51,399,1067,0.0008861996147995233,0.0008861996147995233,2,"[24, 150]","[6323, 1]"
736,51,399,1067,0.0008867796147995262,5.800000000028439e-07,1,[24],[6259]
737,51,400,1067,0.0008873586370002797,0.0008873586370002797,2,"[24, 150]","[6232, 18]"
738,51,400,1068,0.0008862971215889115,0.0008862971215889115,2,"[24, 150]","[6245, 11]"
739,51,400,1068,0.0008869471215889147,6.500000000031871e-07,2,"[24, 150]","[6288, 12]"
740,51,401,1069,0.0008865710517812692,0.0008865710517812692,1,[24],[6285]
741,51,401,1069,0.0008872410517812725,6.700000000032852e-07,2,"[24, 147]","[6235, 1]"
742,51,401,1070,0.0008873523255068661,0.0008873523255068661,2,"[24, 146]","[6272, 2]"
743,51,402,1070,0.000886953655216802,0.000886953655216802,4,"[24, 146, 147, 158]","[6255, 3, 3, 43]"
744,51,402,1070,0.0008876236552168053,6.700000000032852e-07,1,[24],[6263]
745,51,402,1071,0.0008882195008894487,0.0008882195008894487,4,"[24, 146, 147, 158]","[6260, 1, 3, 2]"
746,51,403,1070,0.0008887898477440749,0.0008887898477440749,3,"[24, 146, 158]","[5206, 1, 1047]"
747,51,403,1071,0.0008879988542462643,0.0008879988542462643,2,"[24, 158]","[6267, 31]"
748,51,403,1071,0.0008887088542462678,7.100000000034813e-07,2,"[24, 124]","[6264, 3]"
749,51,403,1071,0.000889968854246274,1.260000000006178e-06,2,"[24, 124]","[6119, 68]"
750,51,404,1071,0.0008895474117603001,0.0008895474117603001,3,"[24, 124, 158]","[5909, 392, 10]"
751,51,404,1071,0.0008904374117603045,8.900000000043639e-07,3,"[24, 120, 124]","[5061, 8, 1147]"
752,51,404,1072,0.0008900402769080207,0.0008900402769080207,4,"[24, 120, 121, 124]","[5211, 8, 1, 1046]"
753,51,404,1072,0.0008909902769080254,9.500000000046581e-07,4,"[24, 120, 121, 124]","[5003, 37, 3, 1200]"
754,51,420,1078,0.0009182999667657332,0.0009182999667657332,2,"[79, 117]","[6238, 12]"
755,51,420,1078,0.0009190799667657371,7.800000000038245e-07,2,"[79, 117]","[6212, 45]"
756,51,421,1078,0.00091912703314911,0.00091912703314911,2,"[79, 117]","[6196, 118]"
757,51,421,1078,0.0009197770331491132,6.500000000031871e-07,2,"[79, 117]","[6087, 136]"
758,51,421,1078,0.0009204370331491165,6.600000000032361e-07,3,"[79, 113, 117]","[6154, 3, 72]"
759,51,421,1079,0.0009194506112105412,0.0009194506112105412,3,"[79, 113, 117]","[6281, 1, 35]"
760,51,421,1079,0.0009199806112105438,5.300000000025987e-07,3,"[79, 113, 117]","[6261, 3, 9]"
761,51,421,1079,0.0009204706112105462,4.900000000024026e-07,4,"[79, 113, 114, 117]","[6261, 9, 1, 6]"
762,51,421,1079,0.0009211406112105495,6.700000000032852e-07,4,"[79, 113, 114, 117]","[6148, 32, 3, 3]"
763,51,422,1079,0.0009198722892281295,0.0009198722892281295,1,[79],[6277]
764,51,422,1079,0.0009211222892281356,1.250000000006129e-06,3,"[79, 113, 117]","[6211, 12, 1]"
765,51,442,1131,0.0009329971820725958,0.0009329971820725958,1,[81],[6267]
766,51,443,1131,0.0009330888776666861,0.0009330888776666861,1,[81],[6291]
767,51,448,1066,0.0009759183351045492,0.0009759183351045492,2,"[127, 145]","[3878, 2411]"
768,51,448,1066,0.0009770183351045496,1.1000000000004062e-06,2,"[127, 145]","[3927, 2306]"
