,event,pixel_x,pixel_y,reset_time,TSLR,nMCParticles,MC_TrackIDs,MC_Weights
0,68,217,991,0.0012098610929438547,0.0012098610929438547,3,"[35, 40, 41]","[445, 5637, 175]"
1,68,217,991,0.0012109410929438482,1.079999999993586e-06,2,"[35, 40]","[1, 6281]"
2,68,217,1003,0.0011887186111963328,0.0011887186111963328,2,"[35, 46]","[6268, 1]"
3,68,217,1004,0.0011854245687727507,0.0011854245687727507,1,[35],[6288]
4,68,217,1004,0.0011863045687727455,8.799999999947739e-07,1,[35],[6219]
5,68,217,1004,0.0011883345687727334,2.0299999999879442e-06,2,"[35, 46]","[6250, 2]"
6,68,217,1005,0.0011857624662810022,0.0011857624662810022,1,[35],[6304]
7,68,217,1005,0.001187332466280993,1.569999999990676e-06,1,[35],[6198]
8,68,218,979,0.0011974623516592619,0.0011974623516592619,2,"[4, 35]","[5931, 374]"
9,68,218,979,0.0011989023516592533,1.4399999999914481e-06,3,"[4, 35, 37]","[3861, 2330, 4]"
10,68,218,980,0.0011985759046744917,0.0011985759046744917,3,"[4, 35, 37]","[4297, 1742, 240]"
11,68,218,981,0.0011996296186566368,0.0011996296186566368,3,"[4, 35, 37]","[540, 2998, 2722]"
12,68,218,982,0.0012009651282679063,0.0012009651282679063,3,"[4, 35, 37]","[38, 5714, 506]"
13,68,218,983,0.0012016221302593695,0.0012016221302593695,3,"[4, 35, 37]","[2, 6253, 1]"
14,68,218,984,0.0012018842825465155,0.0012018842825465155,1,[35],[6252]
15,68,218,985,0.0012022883333056994,0.0012022883333056994,2,"[35, 38]","[6180, 85]"
16,68,218,986,0.001202596467518653,0.001202596467518653,2,"[35, 38]","[5129, 1172]"
17,68,218,987,0.0012034424748096839,0.0012034424748096839,2,"[35, 38]","[5563, 721]"
18,68,218,988,0.001204369362875442,0.001204369362875442,2,"[35, 38]","[6252, 1]"
19,68,218,989,0.0012052921393789038,0.0012052921393789038,2,"[35, 40]","[6250, 31]"
20,68,218,989,0.0012068421393788946,1.5499999999907949e-06,3,"[35, 40, 41]","[5855, 371, 1]"
21,68,218,990,0.0012061614279567604,0.0012061614279567604,3,"[35, 40, 41]","[5084, 1171, 66]"
22,68,218,990,0.0012069314279567558,7.699999999954271e-07,3,"[35, 40, 41]","[3640, 2298, 251]"
23,68,218,990,0.0012077014279567512,7.699999999954271e-07,3,"[35, 40, 41]","[2367, 3420, 469]"
24,68,218,990,0.0012088014279567447,1.0999999999934673e-06,3,"[35, 40, 41]","[992, 4905, 370]"
25,68,218,991,0.001206892114761681,0.001206892114761681,3,"[35, 40, 41]","[4411, 1053, 812]"
26,68,218,991,0.0012075321147616773,6.399999999961992e-07,3,"[35, 40, 41]","[3834, 1484, 967]"
27,68,218,991,0.0012081621147616735,6.299999999962586e-07,3,"[35, 40, 41]","[2990, 2503, 785]"
28,68,218,991,0.001208922114761669,7.599999999954865e-07,3,"[35, 40, 41]","[1356, 4438, 407]"
29,68,218,991,0.0012098021147616638,8.799999999947739e-07,3,"[35, 40, 41]","[188, 5953, 69]"
30,68,218,991,0.0012117521147616522,1.9499999999884193e-06,3,"[35, 40, 41]","[13, 6235, 6]"
31,68,218,992,0.001207451473781266,0.001207451473781266,4,"[35, 40, 41, 116]","[6104, 35, 148, 6]"
32,68,218,992,0.0012093414737812547,1.8899999999887757e-06,4,"[35, 40, 41, 116]","[5478, 615, 111, 6]"
33,68,218,993,0.0012082927155966942,0.0012082927155966942,3,"[35, 41, 116]","[6196, 1, 70]"
34,68,218,1003,0.0011873463426697133,0.0011873463426697133,1,[35],[6265]
35,68,218,1003,0.0011894763426697006,2.1299999999873503e-06,2,"[35, 46]","[6183, 56]"
36,68,218,1003,0.0011910363426696914,1.5599999999907355e-06,2,"[35, 46]","[5291, 973]"
37,68,218,1003,0.0011924863426696828,1.4499999999913887e-06,2,"[35, 46]","[5431, 806]"
38,68,218,1004,0.0011853534380545858,0.0011853534380545858,1,[35],[6295]
39,68,218,1004,0.0011862034380545807,8.49999999994952e-07,1,[35],[6222]
40,68,218,1004,0.001187653438054572,1.4499999999913887e-06,1,[35],[6260]
41,68,218,1004,0.001189353438054562,1.699999999989904e-06,2,"[35, 46]","[6190, 72]"
42,68,218,1004,0.0011904034380545558,1.0499999999937643e-06,2,"[35, 46]","[5464, 773]"
43,68,218,1004,0.0011912434380545508,8.399999999950114e-07,2,"[35, 46]","[4784, 1459]"
44,68,218,1004,0.0011938234380545355,2.579999999984678e-06,2,"[35, 46]","[4889, 1342]"
45,68,218,1005,0.0011860667033059362,0.0011860667033059362,1,[35],[6280]
46,68,219,979,0.00119610481728517,0.00119610481728517,2,"[4, 35]","[6309, 11]"
47,68,219,979,0.0011965548172851673,4.4999999999732754e-07,2,"[4, 35]","[6172, 46]"
48,68,219,979,0.0011969048172851653,3.499999999979214e-07,2,"[4, 35]","[6180, 140]"
49,68,219,979,0.0011972148172851634,3.0999999999815897e-07,2,"[4, 35]","[6027, 262]"
50,68,219,979,0.0011975148172851616,2.9999999999821836e-07,3,"[4, 35, 37]","[5679, 490, 1]"
51,68,219,979,0.0011978548172851596,3.399999999979808e-07,3,"[4, 35, 37]","[5403, 920, 1]"
52,68,219,979,0.0011982548172851572,3.999999999976245e-07,3,"[4, 35, 37]","[4554, 1589, 1]"
53,68,219,979,0.0011988748172851536,6.199999999963179e-07,3,"[4, 35, 37]","[3337, 2896, 9]"
54,68,219,980,0.0011950065409945558,0.0011950065409945558,1,[4],[6328]
55,68,219,980,0.0011955265409945527,5.199999999969118e-07,1,[4],[6288]
56,68,219,980,0.0011959165409945504,3.8999999999768387e-07,2,"[4, 35]","[6281, 1]"
57,68,219,980,0.0011962665409945483,3.499999999979214e-07,2,"[4, 35]","[6202, 10]"
58,68,219,980,0.0011966265409945461,3.5999999999786203e-07,3,"[4, 35, 37]","[6293, 22, 2]"
59,68,219,980,0.0011970265409945438,3.999999999976245e-07,3,"[4, 35, 37]","[5967, 108, 2]"
60,68,219,980,0.0011975765409945405,5.499999999967337e-07,3,"[4, 35, 37]","[5749, 540, 40]"
61,68,219,980,0.0011983565409945359,7.799999999953677e-07,3,"[4, 35, 37]","[3335, 2530, 315]"
62,68,219,980,0.0011991065409945314,7.499999999955459e-07,3,"[4, 35, 37]","[681, 4679, 930]"
63,68,219,980,0.0011999665409945263,8.599999999948926e-07,3,"[4, 35, 37]","[87, 4818, 1304]"
64,68,219,981,0.0011941570955402018,0.0011941570955402018,1,[4],[6261]
65,68,219,981,0.001194957095540197,7.99999999995249e-07,1,[4],[6288]
66,68,219,981,0.0011958470955401917,8.899999999947145e-07,2,"[4, 35]","[6237, 1]"
67,68,219,981,0.0011983570955401768,2.5099999999850936e-06,3,"[4, 35, 37]","[4234, 1051, 954]"
68,68,219,981,0.0011991470955401721,7.899999999953083e-07,3,"[4, 35, 37]","[8, 3306, 2935]"
69,68,219,981,0.0011996570955401691,5.099999999969712e-07,2,"[35, 37]","[3666, 2590]"
70,68,219,981,0.0012002370955401657,5.799999999965555e-07,2,"[35, 37]","[4040, 2201]"
71,68,219,982,0.0011940440224568404,0.0011940440224568404,2,"[4, 32]","[6243, 7]"
72,68,219,982,0.001199514022456808,5.469999999967515e-06,3,"[4, 35, 37]","[2247, 3399, 665]"
73,68,219,982,0.001200344022456803,8.299999999950708e-07,2,"[35, 37]","[5830, 381]"
74,68,219,982,0.001201864022456794,1.519999999990973e-06,2,"[35, 37]","[6097, 137]"
75,68,219,983,0.0012001116201012007,0.0012001116201012007,3,"[4, 32, 35]","[2506, 87, 3699]"
76,68,219,983,0.0012010216201011953,9.099999999945957e-07,2,"[35, 37]","[6245, 1]"
77,68,219,984,0.0012010201612244684,0.0012010201612244684,3,"[4, 32, 35]","[470, 58, 5778]"
78,68,219,984,0.0012019901612244626,9.699999999942394e-07,1,[35],[6234]
79,68,219,985,0.0012016604845592688,0.0012016604845592688,4,"[4, 32, 35, 38]","[72, 1, 6160, 37]"
80,68,219,985,0.0012027304845592625,1.0699999999936455e-06,2,"[35, 38]","[6114, 142]"
81,68,219,986,0.0012021537891332846,0.0012021537891332846,3,"[4, 35, 38]","[9, 5018, 1287]"
82,68,219,986,0.001203083789133279,9.299999999944769e-07,2,"[35, 38]","[4815, 1410]"
83,68,219,987,0.0012031426215284705,0.0012031426215284705,3,"[4, 35, 38]","[3, 5205, 1101]"
84,68,219,987,0.001205422621528457,2.2799999999864595e-06,2,"[35, 38]","[5988, 205]"
85,68,219,988,0.0012043938265880675,0.0012043938265880675,3,"[4, 35, 38]","[1, 6248, 13]"
86,68,219,989,0.0012054866213145365,0.0012054866213145365,2,"[35, 40]","[6248, 26]"
87,68,219,990,0.0012065802505076303,0.0012065802505076303,3,"[35, 40, 41]","[5054, 1119, 88]"
88,68,219,990,0.0012081702505076209,1.5899999999905573e-06,3,"[35, 40, 41]","[3242, 2547, 461]"
89,68,219,991,0.001207255541594436,0.001207255541594436,3,"[35, 40, 41]","[4672, 745, 848]"
90,68,219,991,0.0012085355415944283,1.2799999999923983e-06,3,"[35, 40, 41]","[4047, 1382, 813]"
91,68,219,992,0.001207506274186053,0.001207506274186053,5,"[35, 40, 41, 116, 117]","[6176, 7, 80, 12, 1]"
92,68,219,993,0.0012071349263293473,0.0012071349263293473,3,"[35, 116, 117]","[6259, 53, 3]"
93,68,219,993,0.0012081749263293412,1.0399999999938236e-06,3,"[35, 116, 117]","[6151, 47, 2]"
94,68,219,994,0.001206760408148462,0.001206760408148462,2,"[35, 116]","[6287, 7]"
95,68,219,994,0.0012076904081484564,9.299999999944769e-07,2,"[35, 116]","[6213, 11]"
96,68,219,995,0.0012067016796897187,0.0012067016796897187,1,[35],[6262]
97,68,219,1002,0.0011946006464797169,0.0011946006464797169,2,"[35, 46]","[6255, 3]"
98,68,219,1003,0.0011917100681284928,0.0011917100681284928,2,"[35, 46]","[5999, 268]"
99,68,219,1003,0.0011926000681284875,8.899999999947145e-07,2,"[35, 46]","[6211, 56]"
100,68,219,1003,0.001193680068128481,1.079999999993586e-06,2,"[35, 46]","[6227, 2]"
101,68,219,1004,0.0011919410012402284,0.0011919410012402284,2,"[35, 46]","[5694, 564]"
102,68,220,979,0.001197500963089319,0.001197500963089319,2,"[4, 35]","[6202, 70]"
103,68,220,980,0.0011949616571283142,0.0011949616571283142,1,[4],[6299]
104,68,220,980,0.00119568165712831,7.199999999957241e-07,1,[4],[6283]
105,68,220,980,0.0011963916571283058,7.099999999957834e-07,1,[4],[6204]
106,68,220,980,0.0011981516571282953,1.7599999999895477e-06,3,"[4, 35, 37]","[6063, 140, 17]"
107,68,220,981,0.0011932570088637015,0.0011932570088637015,1,[4],[6286]
108,68,220,981,0.001193867008863698,6.099999999963773e-07,1,[4],[6320]
109,68,220,981,0.0011943370088636951,4.6999999999720876e-07,1,[4],[6242]
110,68,220,981,0.0011947870088636924,4.4999999999732754e-07,1,[4],[6186]
111,68,220,981,0.0011953370088636892,5.499999999967337e-07,1,[4],[6306]
112,68,220,981,0.001196377008863683,1.0399999999938236e-06,2,"[4, 37]","[6169, 1]"
113,68,220,982,0.0011917723300170074,0.0011917723300170074,2,"[4, 32]","[6191, 131]"
114,68,220,982,0.0011923323300170041,5.599999999966743e-07,2,"[4, 32]","[6196, 15]"
115,68,220,982,0.0011927723300170015,4.399999999973869e-07,2,"[4, 32]","[6266, 3]"
116,68,220,982,0.001193202330016999,4.299999999974463e-07,1,[4],[6208]
117,68,220,982,0.001193712330016996,5.099999999969712e-07,1,[4],[6261]
118,68,220,982,0.0011945223300169911,8.099999999951896e-07,1,[4],[6234]
119,68,220,983,0.0011905845372990871,0.0011905845372990871,2,"[4, 32]","[5169, 1134]"
120,68,220,983,0.0011911445372990838,5.599999999966743e-07,2,"[4, 32]","[5507, 846]"
121,68,220,983,0.0011915945372990811,4.4999999999732754e-07,2,"[4, 32]","[5669, 512]"
122,68,220,983,0.0011920745372990783,4.799999999971494e-07,2,"[4, 32]","[5945, 287]"
123,68,220,983,0.0011927745372990741,6.999999999958428e-07,2,"[4, 32]","[6087, 136]"
124,68,220,984,0.0011900935772887972,0.0011900935772887972,2,"[4, 32]","[5954, 361]"
125,68,220,984,0.001190803577288793,7.099999999957834e-07,2,"[4, 32]","[5627, 588]"
126,68,220,984,0.0011917335772887875,9.299999999944769e-07,2,"[4, 32]","[5511, 719]"
127,68,220,985,0.0011900980475542094,0.0011900980475542094,3,"[4, 31, 32]","[6152, 110, 3]"
128,68,220,995,0.001206232106949208,0.001206232106949208,1,[35],[6256]
129,68,220,995,0.001208092106949197,1.8599999999889538e-06,1,[35],[6250]
130,68,220,996,0.0012051092060860566,0.0012051092060860566,1,[35],[6281]
131,68,220,996,0.0012059292060860518,8.199999999951302e-07,1,[35],[6229]
132,68,220,997,0.0012043025952631645,0.0012043025952631645,2,"[35, 45]","[6259, 24]"
133,68,220,997,0.001205562595263157,1.259999999992517e-06,1,[35],[6228]
134,68,220,998,0.0012026652815704416,0.0012026652815704416,3,"[35, 45, 107]","[5279, 976, 15]"
135,68,220,999,0.0012013312746001767,0.0012013312746001767,3,"[35, 45, 107]","[5563, 686, 1]"
136,68,220,1000,0.0011999869624108336,0.0011999869624108336,2,"[35, 45]","[6262, 1]"
137,68,220,1001,0.0011967975063459986,0.0011967975063459986,1,[35],[6257]
138,68,220,1001,0.001198077506345991,1.2799999999923983e-06,1,[35],[6263]
139,68,220,1002,0.0011950256354513827,0.0011950256354513827,2,"[35, 87]","[6279, 18]"
140,68,220,1002,0.001195975635451377,9.499999999943581e-07,1,[35],[6206]
141,68,220,1002,0.0011970356354513707,1.0599999999937049e-06,1,[35],[6268]
142,68,220,1003,0.0011948626830069087,0.0011948626830069087,2,"[35, 87]","[6234, 38]"
143,68,220,1023,0.0012360234370655638,0.0012360234370655638,2,"[142, 143]","[132, 6151]"
144,68,220,1024,0.0012359340632273979,0.0012359340632273979,1,[143],[6293]
145,68,221,982,0.0011934822080179306,0.0011934822080179306,2,"[4, 32]","[6158, 102]"
146,68,221,983,0.0011907552691731713,0.0011907552691731713,2,"[4, 32]","[5136, 1163]"
147,68,221,983,0.0011915452691731666,7.899999999953083e-07,2,"[4, 32]","[5313, 925]"
148,68,221,983,0.0011930952691731574,1.5499999999907949e-06,2,"[4, 32]","[5772, 443]"
149,68,221,984,0.0011896338178678464,0.0011896338178678464,3,"[4, 31, 32]","[6145, 9, 104]"
150,68,221,984,0.001190213817867843,5.799999999965555e-07,2,"[4, 32]","[6031, 245]"
151,68,221,984,0.0011907538178678398,5.39999999996793e-07,2,"[4, 32]","[5837, 390]"
152,68,221,984,0.001191543817867835,7.899999999953083e-07,2,"[4, 32]","[5710, 542]"
153,68,221,985,0.0011886423184259544,0.0011886423184259544,2,"[4, 31]","[5715, 620]"
154,68,221,985,0.001189202318425951,5.599999999966743e-07,3,"[4, 31, 32]","[5992, 284, 2]"
155,68,221,985,0.0011896823184259482,4.799999999971494e-07,3,"[4, 31, 32]","[6088, 164, 2]"
156,68,221,985,0.0011902623184259448,5.799999999965555e-07,3,"[4, 31, 32]","[6072, 88, 8]"
157,68,221,986,0.0011877665755019907,0.0011877665755019907,2,"[4, 31]","[5842, 452]"
158,68,221,986,0.0011882765755019877,5.099999999969712e-07,2,"[4, 31]","[5651, 630]"
159,68,221,986,0.0011886965755019852,4.199999999975057e-07,2,"[4, 31]","[5528, 749]"
160,68,221,986,0.0011891465755019825,4.4999999999732754e-07,2,"[4, 31]","[5448, 745]"
161,68,221,986,0.0011898665755019782,7.199999999957241e-07,2,"[4, 31]","[5564, 702]"
162,68,221,987,0.0011869971885877485,0.0011869971885877485,2,"[4, 31]","[6309, 3]"
163,68,221,987,0.001187597188587745,5.999999999964367e-07,2,"[4, 31]","[6176, 30]"
164,68,221,987,0.0011881571885877416,5.599999999966743e-07,2,"[4, 31]","[6223, 67]"
165,68,221,987,0.0011889871885877366,8.299999999950708e-07,2,"[4, 31]","[6096, 135]"
166,68,221,988,0.0011863319641329092,0.0011863319641329092,1,[4],[6323]
167,68,221,988,0.001187201964132904,8.699999999948332e-07,1,[4],[6229]
168,68,221,989,0.0011857385514734797,0.0011857385514734797,1,[4],[6280]
169,68,221,997,0.0012044215970289612,0.0012044215970289612,3,"[35, 45, 107]","[6251, 28, 1]"
170,68,221,998,0.0012018920977660877,0.0012018920977660877,3,"[35, 45, 107]","[4707, 1485, 58]"
171,68,221,998,0.0012032220977660798,1.3299999999921014e-06,3,"[35, 45, 107]","[5664, 420, 184]"
172,68,221,999,0.0012004165610428781,0.0012004165610428781,2,"[35, 45]","[5970, 314]"
173,68,221,999,0.0012014665610428719,1.0499999999937643e-06,3,"[35, 45, 107]","[5145, 1054, 43]"
174,68,221,1000,0.0011987683432641194,0.0011987683432641194,1,[35],[6288]
175,68,221,1000,0.0011999483432641124,1.1799999999929922e-06,2,"[35, 45]","[6232, 2]"
176,68,221,1001,0.0011975643933878146,0.0011975643933878146,1,[35],[6290]
177,68,221,1001,0.0011989843933878062,1.419999999991567e-06,1,[35],[6228]
178,68,222,986,0.0011886667984048705,0.0011886667984048705,2,"[4, 31]","[5757, 512]"
179,68,222,987,0.0011872194821103946,0.0011872194821103946,2,"[4, 31]","[6304, 1]"
180,68,222,987,0.001188159482110389,9.399999999944175e-07,2,"[4, 31]","[6189, 17]"
181,68,222,988,0.0011859690082849318,0.0011859690082849318,1,[4],[6315]
182,68,222,988,0.0011866990082849275,7.299999999956647e-07,1,[4],[6236]
183,68,222,988,0.001187619008284922,9.199999999945363e-07,1,[4],[6216]
184,68,222,989,0.0011847735389594596,0.0011847735389594596,1,[4],[6311]
185,68,222,989,0.001185363538959456,5.899999999964961e-07,1,[4],[6277]
186,68,222,989,0.001185903538959453,5.39999999996793e-07,1,[4],[6246]
187,68,222,989,0.001186733538959448,8.299999999950708e-07,1,[4],[6186]
188,68,222,990,0.0011837682189792258,0.0011837682189792258,1,[4],[6302]
189,68,222,990,0.0011843782189792222,6.099999999963773e-07,1,[4],[6287]
190,68,222,990,0.001184908218979219,5.299999999968524e-07,1,[4],[6173]
191,68,222,990,0.0011856182189792148,7.099999999957834e-07,1,[4],[6282]
192,68,222,991,0.0011826802669923377,0.0011826802669923377,2,"[4, 30]","[6292, 5]"
193,68,222,991,0.0011833302669923339,6.499999999961398e-07,1,[4],[6216]
194,68,222,991,0.00118397026699233,6.399999999961992e-07,1,[4],[6265]
195,68,222,991,0.0011852902669923222,1.3199999999921608e-06,1,[4],[6231]
196,68,222,992,0.0011817489729968355,0.0011817489729968355,2,"[4, 30]","[5873, 457]"
197,68,222,992,0.001182488972996831,7.399999999956053e-07,2,"[4, 30]","[6023, 212]"
198,68,222,992,0.0011834589729968253,9.699999999942394e-07,2,"[4, 30]","[6144, 65]"
199,68,222,993,0.0011811444383480498,0.0011811444383480498,2,"[4, 30]","[5616, 636]"
200,68,222,993,0.0011823044383480429,1.159999999993111e-06,2,"[4, 30]","[5310, 954]"
201,68,223,991,0.0011835715180068711,0.0011835715180068711,2,"[4, 30]","[6267, 6]"
202,68,223,992,0.0011816636161303587,0.0011816636161303587,2,"[4, 30]","[5662, 641]"
203,68,223,992,0.0011825636161303533,8.999999999946551e-07,2,"[4, 30]","[5923, 326]"
204,68,223,993,0.001180434610385612,0.001180434610385612,2,"[4, 30]","[6000, 261]"
205,68,223,993,0.0011810846103856082,6.499999999961398e-07,2,"[4, 30]","[5672, 631]"
206,68,223,993,0.0011817146103856044,6.299999999962586e-07,2,"[4, 30]","[5360, 916]"
207,68,223,993,0.0011830846103855963,1.3699999999918638e-06,2,"[4, 30]","[5130, 1033]"
208,68,223,994,0.0011792941655198112,0.0011792941655198112,1,[4],[6305]
209,68,223,994,0.0011799141655198075,6.199999999963179e-07,2,"[4, 30]","[6213, 3]"
210,68,223,994,0.0011805341655198038,6.199999999963179e-07,2,"[4, 30]","[6284, 25]"
211,68,223,994,0.001181674165519797,1.1399999999932298e-06,2,"[4, 30]","[6059, 116]"
212,68,223,995,0.0011782292751806134,0.0011782292751806134,1,[4],[6255]
213,68,223,995,0.0011788892751806094,6.599999999960804e-07,1,[4],[6294]
214,68,223,995,0.0011795492751806055,6.599999999960804e-07,1,[4],[6224]
215,68,223,996,0.001177309434544256,0.001177309434544256,1,[4],[6288]
216,68,223,996,0.001178119434544251,8.099999999951896e-07,1,[4],[6215]
217,68,223,996,0.001179469434544243,1.3499999999919826e-06,1,[4],[6258]
218,68,223,997,0.0011767327153835911,0.0011767327153835911,1,[4],[6296]
219,68,224,995,0.0011791840554830281,0.0011791840554830281,1,[4],[6250]
220,68,224,996,0.00117719942143934,0.00117719942143934,1,[4],[6272]
221,68,224,996,0.0011782494214393339,1.0499999999937643e-06,1,[4],[6251]
222,68,224,997,0.0011757227214133955,0.0011757227214133955,1,[4],[6253]
223,68,224,997,0.0011764127214133914,6.899999999959022e-07,1,[4],[6258]
224,68,224,997,0.001177142721413387,7.299999999956647e-07,1,[4],[6277]
225,68,224,998,0.0011743741406444047,0.0011743741406444047,1,[4],[6301]
226,68,224,998,0.001174994140644401,6.199999999963179e-07,1,[4],[6251]
227,68,224,998,0.0011755641406443976,5.699999999966149e-07,1,[4],[6207]
228,68,224,998,0.0011763241406443931,7.599999999954865e-07,1,[4],[6247]
229,68,224,999,0.0011733339931179424,0.0011733339931179424,1,[4],[6305]
230,68,224,999,0.0011740339931179383,6.999999999958428e-07,1,[4],[6206]
231,68,224,999,0.0011748039931179337,7.699999999954271e-07,1,[4],[6295]
232,68,224,1000,0.001172805996569714,0.001172805996569714,1,[4],[6285]
233,68,225,998,0.0011764179291415624,0.0011764179291415624,1,[4],[6250]
234,68,225,999,0.001173341519080675,0.001173341519080675,1,[4],[6288]
235,68,225,999,0.001174521519080668,1.1799999999929922e-06,1,[4],[6232]
236,68,225,1000,0.0011718059318217581,0.0011718059318217581,1,[4],[6316]
237,68,225,1000,0.0011725359318217538,7.299999999956647e-07,1,[4],[6221]
238,68,225,1000,0.0011733959318217487,8.599999999948926e-07,1,[4],[6237]
239,68,225,1001,0.0011704954688833596,0.0011704954688833596,1,[4],[6257]
240,68,225,1001,0.0011711854688833555,6.899999999959022e-07,1,[4],[6258]
241,68,225,1001,0.0011718854688833513,6.999999999958428e-07,1,[4],[6240]
242,68,225,1002,0.0011694712766338181,0.0011694712766338181,1,[4],[6272]
243,68,225,1002,0.0011702412766338135,7.699999999954271e-07,1,[4],[6297]
244,68,225,1002,0.0011712112766338078,9.699999999942394e-07,1,[4],[6203]
245,68,225,1003,0.0011686991927109844,0.0011686991927109844,1,[4],[6272]
246,68,225,1003,0.0011699791927109768,1.2799999999923983e-06,1,[4],[6234]
247,68,225,1004,0.0011691178581107907,0.0011691178581107907,1,[4],[6255]
248,68,226,1002,0.0011697624540975525,0.0011697624540975525,1,[4],[6266]
249,68,226,1003,0.001168074462222771,0.001168074462222771,1,[4],[6253]
250,68,226,1003,0.0011688544622227663,7.799999999953677e-07,1,[4],[6263]
251,68,226,1003,0.0011699944622227596,1.1399999999932298e-06,1,[4],[6261]
252,68,226,1004,0.0011667626455443881,0.0011667626455443881,1,[4],[6272]
253,68,226,1004,0.0011674326455443842,6.69999999996021e-07,1,[4],[6251]
254,68,226,1004,0.0011680826455443803,6.499999999961398e-07,1,[4],[6277]
255,68,226,1004,0.0011695926455443713,1.5099999999910324e-06,1,[4],[6202]
256,68,226,1005,0.0011657799932944398,0.0011657799932944398,1,[4],[6286]
257,68,226,1005,0.0011665199932944354,7.399999999956053e-07,1,[4],[6277]
258,68,226,1005,0.0011673799932944303,8.599999999948926e-07,1,[4],[6190]
259,68,226,1006,0.0011649086644357402,0.0011649086644357402,1,[4],[6269]
260,68,226,1006,0.001165958664435734,1.0499999999937643e-06,1,[4],[6234]
261,68,226,1007,0.0011646261959519276,0.0011646261959519276,1,[4],[6267]
262,68,227,1005,0.0011666693727377484,0.0011666693727377484,1,[4],[6257]
263,68,227,1006,0.0011646382100502556,0.0011646382100502556,1,[4],[6283]
264,68,227,1006,0.001165758210050249,1.1199999999933485e-06,1,[4],[6231]
265,68,227,1007,0.00116317928045204,0.00116317928045204,1,[4],[6255]
266,68,227,1007,0.0011639292804520355,7.499999999955459e-07,1,[4],[6321]
267,68,227,1007,0.0011648892804520298,9.599999999942987e-07,1,[4],[6191]
268,68,227,1008,0.0011619989321308085,0.0011619989321308085,1,[4],[6281]
269,68,227,1008,0.0011627389321308041,7.399999999956053e-07,1,[4],[6274]
270,68,227,1008,0.001163588932130799,8.49999999994952e-07,1,[4],[6241]
271,68,227,1009,0.0011610096243049742,0.0011610096243049742,1,[4],[6256]
272,68,227,1009,0.0011618196243049694,8.099999999951896e-07,1,[4],[6308]
273,68,227,1009,0.00116340962430496,1.5899999999905573e-06,1,[4],[6197]
274,68,227,1010,0.0011603113344599229,0.0011603113344599229,1,[4],[6264]
275,68,227,1010,0.00116247133445991,2.159999999987172e-06,1,[4],[6239]
276,68,227,1011,0.001161618508401905,0.001161618508401905,1,[4],[6250]
277,68,228,1009,0.0011612936343634844,0.0011612936343634844,1,[4],[6273]
278,68,228,1010,0.0011596713445371255,0.0011596713445371255,1,[4],[6304]
279,68,228,1010,0.0011605513445371203,8.799999999947739e-07,1,[4],[6251]
280,68,228,1011,0.0011584070277969054,0.0011584070277969054,1,[4],[6321]
281,68,228,1011,0.001159127027796901,7.199999999957241e-07,1,[4],[6223]
282,68,228,1011,0.001159997027796896,8.699999999948332e-07,1,[4],[6211]
283,68,228,1012,0.0011573524815650872,0.0011573524815650872,1,[4],[6269]
284,68,228,1012,0.001158082481565083,7.299999999956647e-07,1,[4],[6322]
285,68,228,1012,0.0011590224815650773,9.399999999944175e-07,1,[4],[6161]
286,68,228,1013,0.0011566080524389262,0.0011566080524389262,1,[4],[6293]
287,68,228,1013,0.00115765805243892,1.0499999999937643e-06,1,[4],[6218]
288,68,228,1014,0.001156441183081689,0.001156441183081689,1,[4],[6252]
289,68,229,1012,0.00115840337011717,0.00115840337011717,1,[4],[6254]
290,68,229,1013,0.0011563546477152088,0.0011563546477152088,1,[4],[6254]
291,68,229,1013,0.001157494647715202,1.1399999999932298e-06,1,[4],[6262]
292,68,229,1014,0.0011550022065442845,0.0011550022065442845,1,[4],[6288]
293,68,229,1014,0.0011557222065442802,7.199999999957241e-07,1,[4],[6286]
294,68,229,1014,0.0011566622065442747,9.399999999944175e-07,1,[4],[6215]
295,68,229,1015,0.0011539911602546765,0.0011539911602546765,1,[4],[6293]
296,68,229,1015,0.0011547311602546721,7.399999999956053e-07,1,[4],[6287]
297,68,229,1015,0.0011556611602546666,9.299999999944769e-07,1,[4],[6170]
298,68,229,1016,0.0011531498192091404,0.0011531498192091404,1,[4],[6259]
299,68,229,1016,0.0011541298192091346,9.7999999999418e-07,1,[4],[6279]
300,68,229,1017,0.0011529795030974707,0.0011529795030974707,1,[4],[6267]
301,68,230,1016,0.001153089022848708,0.001153089022848708,1,[4],[6264]
302,68,230,1016,0.0011550290228486966,1.9399999999884787e-06,1,[4],[6245]
303,68,230,1017,0.0011516299872576337,0.0011516299872576337,1,[4],[6264]
304,68,230,1017,0.001152419987257629,7.899999999953083e-07,1,[4],[6308]
305,68,230,1017,0.0011536299872576218,1.209999999992814e-06,1,[4],[6181]
306,68,230,1018,0.0011505552796583522,0.0011505552796583522,1,[4],[6293]
307,68,230,1018,0.0011512852796583479,7.299999999956647e-07,1,[4],[6248]
308,68,230,1018,0.0011522452796583421,9.599999999942987e-07,1,[4],[6256]
309,68,230,1019,0.001149745354445288,0.001149745354445288,1,[4],[6284]
310,68,230,1019,0.0011507053544452823,9.599999999942987e-07,1,[4],[6217]
311,68,230,1020,0.0011492427898853793,0.0011492427898853793,1,[4],[6263]
312,68,231,1019,0.0011496785456965235,0.0011496785456965235,1,[4],[6281]
313,68,231,1019,0.0011515085456965126,1.829999999989132e-06,1,[4],[6219]
314,68,231,1020,0.001148228700697508,0.001148228700697508,1,[4],[6274]
315,68,231,1020,0.001148908700697504,6.799999999959616e-07,1,[4],[6263]
316,68,231,1020,0.0011498087006974987,8.999999999946551e-07,1,[4],[6226]
317,68,231,1021,0.0011471519105166962,0.0011471519105166962,1,[4],[6251]
318,68,231,1021,0.0011477919105166924,6.399999999961992e-07,1,[4],[6264]
319,68,231,1021,0.0011484319105166886,6.399999999961992e-07,1,[4],[6302]
320,68,231,1022,0.0011462652076678994,0.0011462652076678994,1,[4],[6276]
321,68,231,1022,0.0011469752076678952,7.099999999957834e-07,1,[4],[6285]
322,68,231,1022,0.0011478152076678902,8.399999999950114e-07,1,[4],[6226]
323,68,231,1023,0.001145688078894471,0.001145688078894471,1,[4],[6288]
324,68,231,1023,0.0011468380788944642,1.1499999999931704e-06,1,[4],[6235]
325,68,231,1024,0.0011461236352766089,0.0011461236352766089,1,[4],[6259]
326,68,232,1022,0.0011466886354511664,0.0011466886354511664,1,[4],[6269]
327,68,232,1023,0.0011452051389310809,0.0011452051389310809,1,[4],[6313]
328,68,232,1023,0.001146025138931076,8.199999999951302e-07,1,[4],[6242]
329,68,232,1024,0.0011441109237327802,0.0011441109237327802,1,[4],[6259]
330,68,232,1024,0.001144820923732776,7.099999999957834e-07,1,[4],[6319]
331,68,232,1024,0.0011457009237327708,8.799999999947739e-07,1,[4],[6190]
332,68,232,1025,0.0011430580674182355,0.0011430580674182355,1,[4],[6285]
333,68,232,1025,0.0011438280674182309,7.699999999954271e-07,1,[4],[6283]
334,68,232,1025,0.0011448880674182246,1.0599999999937049e-06,1,[4],[6188]
335,68,232,1026,0.0011422099177926326,0.0011422099177926326,1,[4],[6312]
336,68,232,1026,0.001143159917792627,9.499999999943581e-07,1,[4],[6214]
337,68,232,1027,0.0011417053689491705,0.0011417053689491705,1,[4],[6261]
338,68,233,1026,0.001142370914573446,0.001142370914573446,1,[4],[6263]
339,68,233,1027,0.0011408814955993344,0.0011408814955993344,2,"[4, 29]","[6270, 13]"
340,68,233,1027,0.001141781495599329,8.999999999946551e-07,1,[4],[6251]
341,68,233,1028,0.0011392066937211348,0.0011392066937211348,3,"[4, 28, 29]","[3215, 1, 3067]"
342,68,233,1028,0.00114001669372113,8.099999999951896e-07,2,"[4, 29]","[5915, 332]"
343,68,233,1028,0.0011407566937211256,7.399999999956053e-07,2,"[4, 29]","[6226, 58]"
344,68,233,1029,0.00113787515118128,0.00113787515118128,3,"[4, 28, 29]","[1731, 220, 4388]"
345,68,233,1029,0.0011384151511812767,5.39999999996793e-07,3,"[4, 28, 29]","[2541, 194, 3497]"
346,68,233,1029,0.0011388551511812741,4.399999999973869e-07,3,"[4, 28, 29]","[3198, 153, 2847]"
347,68,233,1029,0.0011393151511812714,4.5999999999726815e-07,3,"[4, 28, 29]","[3834, 111, 2288]"
348,68,233,1029,0.0011399651511812675,6.499999999961398e-07,3,"[4, 28, 29]","[4573, 54, 1638]"
349,68,233,1030,0.0011376922145690332,0.0011376922145690332,3,"[4, 28, 29]","[4756, 1015, 485]"
350,68,233,1030,0.0011383722145690291,6.799999999959616e-07,3,"[4, 28, 29]","[4093, 1355, 806]"
351,68,233,1030,0.0011391822145690243,8.099999999951896e-07,3,"[4, 28, 29]","[3640, 1392, 1269]"
352,68,233,1031,0.0011374731377506858,0.0011374731377506858,3,"[4, 27, 28]","[6139, 15, 101]"
353,68,234,1028,0.00113950936102084,0.00113950936102084,2,"[4, 29]","[905, 5345]"
354,68,234,1029,0.001137719418898721,0.001137719418898721,3,"[4, 28, 29]","[674, 130, 5509]"
355,68,234,1029,0.0011382894188987176,5.699999999966149e-07,3,"[4, 28, 29]","[996, 155, 5085]"
356,68,234,1029,0.0011388194188987144,5.299999999968524e-07,3,"[4, 28, 29]","[1426, 150, 4694]"
357,68,234,1029,0.00113956941889871,7.499999999955459e-07,3,"[4, 28, 29]","[1943, 109, 4181]"
358,68,234,1030,0.0011376718926117142,0.0011376718926117142,3,"[4, 28, 29]","[4998, 769, 512]"
359,68,234,1030,0.0011385218926117091,8.49999999994952e-07,3,"[4, 28, 29]","[3887, 1354, 1035]"
360,68,234,1031,0.0011365307577101671,0.0011365307577101671,3,"[4, 27, 28]","[6164, 86, 8]"
361,68,234,1031,0.0011373407577101623,8.099999999951896e-07,4,"[4, 27, 28, 29]","[6169, 14, 59, 1]"
362,68,234,1032,0.0011352779253033592,0.0011352779253033592,3,"[4, 26, 27]","[5110, 109, 1074]"
363,68,234,1032,0.0011359079253033554,6.299999999962586e-07,3,"[4, 26, 27]","[5185, 7, 1082]"
364,68,234,1032,0.0011365579253033516,6.499999999961398e-07,3,"[4, 26, 27]","[5429, 1, 802]"
365,68,234,1033,0.0011340747462408563,0.0011340747462408563,3,"[4, 26, 27]","[3500, 2716, 65]"
366,68,234,1033,0.0011346947462408526,6.199999999963179e-07,3,"[4, 26, 27]","[4471, 1550, 250]"
367,68,234,1033,0.0011352647462408493,5.699999999966149e-07,3,"[4, 26, 27]","[4970, 763, 492]"
368,68,234,1033,0.0011360447462408446,7.799999999953677e-07,3,"[4, 26, 27]","[5008, 273, 947]"
369,68,234,1034,0.0011336205606378678,0.0011336205606378678,2,"[4, 26]","[4765, 1510]"
370,68,234,1034,0.0011343705606378634,7.499999999955459e-07,3,"[4, 26, 27]","[4264, 1962, 1]"
371,68,234,1034,0.0011361605606378528,1.7899999999893695e-06,3,"[4, 26, 27]","[4433, 1801, 15]"
372,68,234,1035,0.0011337443251312072,0.0011337443251312072,2,"[4, 26]","[6226, 42]"
373,68,235,1033,0.0011348838238842605,0.0011348838238842605,3,"[4, 26, 27]","[4468, 1669, 113]"
374,68,235,1034,0.00113365724134714,0.00113365724134714,2,"[4, 26]","[5726, 565]"
375,68,235,1034,0.0011347872413471332,1.1299999999932892e-06,3,"[4, 26, 27]","[5038, 1181, 3]"
376,68,235,1035,0.001132469319105553,0.001132469319105553,1,[4],[6278]
377,68,235,1035,0.0011333893191055476,9.199999999945363e-07,2,"[4, 26]","[6234, 11]"
378,68,235,1036,0.001131189592590929,0.001131189592590929,1,[4],[6257]
379,68,235,1036,0.001132009592590924,8.199999999951302e-07,1,[4],[6268]
380,68,235,1036,0.001133369592590916,1.3599999999919232e-06,1,[4],[6240]
381,68,235,1037,0.0011301964074970877,0.0011301964074970877,1,[4],[6267]
382,68,235,1037,0.0011311164074970822,9.199999999945363e-07,1,[4],[6254]
383,68,235,1038,0.0011296608823629839,0.0011296608823629839,1,[4],[6294]
384,68,236,1037,0.0011304936722055631,0.0011304936722055631,1,[4],[6282]
385,68,236,1038,0.0011287116357437674,0.0011287116357437674,1,[4],[6264]
386,68,236,1038,0.001129641635743762,9.299999999944769e-07,1,[4],[6266]
387,68,236,1039,0.0011273884613097326,0.0011273884613097326,1,[4],[6288]
388,68,236,1039,0.001128148461309728,7.599999999954865e-07,1,[4],[6231]
389,68,236,1039,0.0011291484613097221,9.999999999940612e-07,1,[4],[6249]
390,68,236,1040,0.0011263736851169668,0.0011263736851169668,1,[4],[6307]
391,68,236,1040,0.0011272736851169615,8.999999999946551e-07,1,[4],[6229]
392,68,236,1041,0.0011257553697122493,0.0011257553697122493,2,"[4, 25]","[6209, 90]"
393,68,236,1042,0.0011287038596514067,0.0011287038596514067,2,"[4, 25]","[4415, 1835]"
394,68,237,1040,0.0011267377941010454,0.0011267377941010454,1,[4],[6288]
395,68,237,1041,0.0011248792436723701,0.0011248792436723701,2,"[4, 25]","[5942, 352]"
396,68,237,1041,0.0011258092436723646,9.299999999944769e-07,2,"[4, 25]","[6171, 69]"
397,68,237,1042,0.0011233912843658786,0.0011233912843658786,2,"[4, 25]","[4709, 1614]"
398,68,237,1042,0.0011239612843658752,5.699999999966149e-07,2,"[4, 25]","[3997, 2278]"
399,68,237,1042,0.0011244512843658723,4.8999999999709e-07,2,"[4, 25]","[3895, 2261]"
400,68,237,1042,0.0011251312843658682,6.799999999959616e-07,2,"[4, 25]","[4124, 2173]"
401,68,237,1043,0.001122462740662965,0.001122462740662965,2,"[4, 25]","[6220, 64]"
402,68,237,1043,0.0011233427406629598,8.799999999947739e-07,2,"[4, 25]","[5591, 630]"
403,68,237,1043,0.0011244027406629535,1.0599999999937049e-06,2,"[4, 25]","[3984, 2263]"
404,68,237,1044,0.0011217495050878257,0.0011217495050878257,1,[4],[6262]
405,68,238,1043,0.0011229598139626737,0.0011229598139626737,2,"[4, 25]","[6229, 45]"
406,68,238,1044,0.0011208691517680131,0.0011208691517680131,1,[4],[6270]
407,68,238,1044,0.0011219691517680066,1.0999999999934673e-06,2,"[4, 25]","[6262, 1]"
408,68,238,1045,0.0011193302379946103,0.0011193302379946103,1,[4],[6258]
409,68,238,1045,0.0011202002379946052,8.699999999948332e-07,1,[4],[6309]
410,68,238,1045,0.0011215002379945974,1.2999999999922796e-06,1,[4],[6193]
411,68,238,1046,0.0011181677984493227,0.0011181677984493227,1,[4],[6276]
412,68,238,1046,0.0011191577984493168,9.899999999941206e-07,1,[4],[6264]
413,68,238,1047,0.0011174272639588544,0.0011174272639588544,2,"[4, 24]","[6194, 64]"
414,68,239,1046,0.001118717296101076,0.001118717296101076,2,"[4, 160]","[6238, 14]"
415,68,239,1047,0.001116520397961097,0.001116520397961097,3,"[4, 24, 160]","[5932, 361, 1]"
416,68,239,1047,0.0011176203979610905,1.0999999999934673e-06,2,"[4, 24]","[6221, 15]"
417,68,239,1048,0.0011148369909992953,0.0011148369909992953,2,"[4, 24]","[4606, 1715]"
418,68,239,1048,0.0011154769909992915,6.399999999961992e-07,2,"[4, 24]","[4252, 1974]"
419,68,239,1048,0.0011161369909992876,6.599999999960804e-07,2,"[4, 24]","[4561, 1690]"
420,68,239,1048,0.001117916990999277,1.779999999989429e-06,2,"[4, 24]","[5424, 778]"
421,68,239,1049,0.0011137795563313446,0.0011137795563313446,2,"[4, 24]","[6200, 59]"
422,68,239,1049,0.0011146495563313394,8.699999999948332e-07,2,"[4, 24]","[5830, 439]"
423,68,239,1049,0.0011158395563313323,1.1899999999929328e-06,2,"[4, 24]","[4829, 1423]"
424,68,239,1050,0.001112965819161376,0.001112965819161376,1,[4],[6252]
425,68,240,1049,0.001114447633968001,0.001114447633968001,2,"[4, 24]","[6215, 53]"
426,68,240,1050,0.001112175752527098,0.001112175752527098,1,[4],[6292]
427,68,240,1050,0.0011132457525270915,1.0699999999936455e-06,1,[4],[6228]
428,68,240,1051,0.0011106217837428987,0.0011106217837428987,1,[4],[6295]
429,68,240,1051,0.001111431783742894,8.099999999951896e-07,1,[4],[6217]
430,68,240,1051,0.0011125517837428872,1.1199999999933485e-06,1,[4],[6262]
431,68,240,1052,0.0011093749397642731,0.0011093749397642731,1,[4],[6286]
432,68,240,1052,0.0011102749397642678,8.999999999946551e-07,1,[4],[6241]
433,68,240,1053,0.0011085609752503611,0.0011085609752503611,1,[4],[6290]
434,68,241,1052,0.0011100336021506757,0.0011100336021506757,1,[4],[6250]
435,68,241,1053,0.0011077904236654731,0.0011077904236654731,3,"[4, 23, 158]","[6276, 12, 5]"
436,68,241,1053,0.0011089004236654665,1.109999999993408e-06,1,[4],[6211]
437,68,241,1054,0.0011053745129457964,0.0011053745129457964,4,"[4, 22, 23, 158]","[1936, 9, 2922, 1394]"
438,68,241,1054,0.0011063145129457908,9.399999999944175e-07,4,"[4, 22, 23, 158]","[5020, 1, 516, 737]"
439,68,241,1054,0.0011070945129457862,7.799999999953677e-07,3,"[4, 23, 158]","[6044, 70, 137]"
440,68,241,1054,0.001108294512945779,1.1999999999928734e-06,3,"[4, 23, 158]","[6226, 4, 7]"
441,68,241,1055,0.001103990609525274,0.001103990609525274,6,"[4, 21, 22, 23, 158, 175]","[1503, 41, 367, 3826, 504, 12]"
442,68,241,1055,0.001104480609525271,4.8999999999709e-07,5,"[4, 21, 22, 23, 158]","[1734, 7, 269, 3318, 1059]"
443,68,241,1055,0.001104850609525269,3.6999999999780264e-07,5,"[4, 21, 22, 23, 158]","[1885, 1, 198, 2737, 1417]"
444,68,241,1055,0.0011052006095252668,3.499999999979214e-07,4,"[4, 22, 23, 158]","[2216, 106, 2248, 1673]"
445,68,241,1055,0.0011055706095252646,3.6999999999780264e-07,4,"[4, 22, 23, 158]","[2557, 62, 1871, 1789]"
446,68,241,1055,0.0011060406095252618,4.6999999999720876e-07,4,"[4, 22, 23, 158]","[3083, 26, 1330, 1713]"
447,68,241,1055,0.0011071606095252552,1.1199999999933485e-06,4,"[4, 22, 23, 158]","[4277, 15, 675, 1244]"
448,68,241,1056,0.001103777840982839,0.001103777840982839,7,"[4, 21, 22, 23, 158, 175, 177]","[4254, 1020, 682, 311, 29, 17, 3]"
449,68,241,1056,0.0011047078409828334,9.299999999944769e-07,5,"[4, 21, 22, 23, 158]","[3722, 286, 1219, 790, 221]"
450,68,242,1055,0.0011044998015187725,0.0011044998015187725,9,"[4, 21, 22, 23, 158, 175, 176, 177, 178]","[2506, 62, 922, 1766, 990, 8, 3, 38, 2]"
451,68,242,1055,0.0011052798015187678,7.799999999953677e-07,5,"[4, 21, 22, 23, 158]","[2350, 5, 419, 1591, 1907]"
452,68,242,1055,0.0011066198015187599,1.339999999992042e-06,4,"[4, 22, 23, 158]","[2648, 142, 1216, 2180]"
453,68,242,1056,0.0011030975126412892,0.0011030975126412892,9,"[4, 21, 22, 23, 174, 175, 176, 177, 178]","[4671, 1071, 239, 16, 3, 11, 9, 252, 2]"
454,68,242,1056,0.0011038475126412847,7.499999999955459e-07,5,"[4, 21, 22, 23, 158]","[4303, 1016, 851, 67, 22]"
455,68,242,1056,0.00110464751264128,7.99999999995249e-07,5,"[4, 21, 22, 23, 158]","[3893, 556, 1542, 180, 115]"
456,68,242,1057,0.0011017697252596757,0.0011017697252596757,5,"[4, 21, 176, 177, 178]","[6238, 37, 1, 40, 2]"
457,68,242,1057,0.0011025197252596713,7.499999999955459e-07,3,"[4, 21, 22]","[6043, 209, 4]"
458,68,242,1057,0.0011033097252596666,7.899999999953083e-07,3,"[4, 21, 22]","[5549, 624, 20]"
459,68,242,1058,0.0011006650247236845,0.0011006650247236845,3,"[4, 19, 20]","[6144, 145, 3]"
460,68,242,1058,0.001101605024723679,9.399999999944175e-07,3,"[4, 19, 21]","[6239, 2, 1]"
461,68,242,1059,0.0010993134293702266,0.0010993134293702266,3,"[4, 19, 20]","[2807, 3062, 408]"
462,68,242,1059,0.0011010834293702161,1.7699999999894883e-06,3,"[4, 19, 20]","[5273, 864, 99]"
463,68,242,1060,0.0010988159103622103,0.0010988159103622103,4,"[4, 19, 20, 172]","[1469, 3756, 852, 187]"
464,68,243,1058,0.0011004927978744985,0.0011004927978744985,3,"[4, 19, 20]","[5287, 977, 7]"
465,68,243,1058,0.001102912797874484,2.419999999985628e-06,3,"[4, 19, 21]","[6203, 26, 1]"
466,68,243,1059,0.001098067942473046,0.001098067942473046,4,"[4, 19, 20, 172]","[2002, 3679, 592, 19]"
467,68,243,1059,0.0010985279424730434,4.5999999999726815e-07,4,"[4, 19, 20, 172]","[2094, 3648, 507, 4]"
468,68,243,1059,0.0010988779424730413,3.499999999979214e-07,4,"[4, 19, 20, 172]","[2148, 3602, 452, 3]"
469,68,243,1059,0.0010992079424730393,3.299999999980402e-07,3,"[4, 19, 20]","[2395, 3695, 344]"
470,68,243,1059,0.0010995479424730373,3.399999999979808e-07,3,"[4, 19, 20]","[2667, 3230, 283]"
471,68,243,1059,0.0010999579424730349,4.099999999975651e-07,3,"[4, 19, 20]","[2926, 3001, 220]"
472,68,243,1059,0.0011007179424730304,7.599999999954865e-07,3,"[4, 19, 20]","[3670, 2489, 91]"
473,68,243,1060,0.0010970063151300683,0.0010970063151300683,4,"[4, 19, 20, 172]","[2834, 2791, 141, 584]"
474,68,243,1060,0.0010974563151300656,4.4999999999732754e-07,4,"[4, 19, 20, 172]","[2383, 2896, 389, 499]"
475,68,243,1060,0.0010978063151300635,3.499999999979214e-07,4,"[4, 19, 20, 172]","[2345, 2908, 649, 361]"
476,68,243,1060,0.0010981163151300617,3.0999999999815897e-07,4,"[4, 19, 20, 172]","[2384, 2906, 829, 261]"
477,68,243,1060,0.00109840631513006,2.8999999999827775e-07,4,"[4, 19, 20, 172]","[2163, 2796, 992, 173]"
478,68,243,1060,0.0010987163151300581,3.0999999999815897e-07,4,"[4, 19, 20, 172]","[2107, 2954, 1172, 98]"
479,68,243,1060,0.001099066315130056,3.499999999979214e-07,4,"[4, 19, 20, 172]","[1961, 2920, 1299, 38]"
480,68,243,1060,0.0010995163151300534,4.4999999999732754e-07,4,"[4, 19, 20, 172]","[1714, 3234, 1212, 18]"
481,68,243,1060,0.001100596315130047,1.079999999993586e-06,4,"[4, 19, 20, 172]","[1498, 3957, 793, 7]"
482,68,243,1061,0.001096465486057633,0.001096465486057633,4,"[4, 19, 20, 172]","[4652, 1371, 2, 276]"
483,68,243,1061,0.0010971754860576288,7.099999999957834e-07,4,"[4, 19, 20, 172]","[3161, 2351, 15, 705]"
484,68,243,1061,0.0010979254860576243,7.499999999955459e-07,4,"[4, 19, 20, 172]","[2616, 2519, 107, 985]"
485,68,244,1059,0.001099270096591486,0.001099270096591486,4,"[4, 19, 20, 172]","[1108, 4900, 263, 7]"
486,68,244,1060,0.0010978488464012091,0.0010978488464012091,4,"[4, 19, 20, 172]","[3737, 2023, 168, 336]"
487,68,244,1060,0.0010993088464012004,1.4599999999913293e-06,4,"[4, 19, 20, 172]","[2173, 3346, 620, 119]"
488,68,244,1061,0.0010960442815052167,0.0010960442815052167,3,"[4, 19, 172]","[5875, 356, 23]"
489,68,244,1061,0.0010969842815052111,9.399999999944175e-07,3,"[4, 19, 172]","[4789, 1321, 166]"
490,68,244,1062,0.0010943799873959798,0.0010943799873959798,3,"[4, 17, 18]","[6211, 26, 74]"
491,68,244,1062,0.0010952499873959746,8.699999999948332e-07,2,"[4, 19]","[6191, 4]"
492,68,244,1062,0.0010964899873959673,1.2399999999926359e-06,3,"[4, 19, 172]","[6204, 39, 1]"
493,68,244,1063,0.0010925773545502426,0.0010925773545502426,3,"[4, 17, 18]","[3049, 1945, 1261]"
494,68,244,1063,0.0010934973545502372,9.199999999945363e-07,3,"[4, 17, 18]","[4988, 524, 803]"
495,68,244,1063,0.0010945773545502308,1.079999999993586e-06,3,"[4, 17, 18]","[5989, 60, 168]"
496,68,244,1064,0.0010919183777920861,0.0010919183777920861,3,"[4, 17, 18]","[3747, 2182, 387]"
497,68,244,1064,0.0010929883777920798,1.0699999999936455e-06,3,"[4, 17, 18]","[3149, 2182, 882]"
498,68,245,1063,0.0010924013540595918,0.0010924013540595918,3,"[4, 17, 18]","[2849, 2012, 1417]"
499,68,245,1063,0.0010935113540595852,1.109999999993408e-06,3,"[4, 17, 18]","[4016, 800, 1417]"
500,68,245,1064,0.0010909600878540285,0.0010909600878540285,3,"[4, 17, 18]","[5774, 466, 43]"
501,68,245,1064,0.0010916400878540245,6.799999999959616e-07,3,"[4, 17, 18]","[4650, 1334, 245]"
502,68,245,1064,0.001092230087854021,5.899999999964961e-07,3,"[4, 17, 18]","[3935, 1811, 505]"
503,68,245,1064,0.0010930200878540163,7.899999999953083e-07,3,"[4, 17, 18]","[3557, 1742, 948]"
504,68,245,1065,0.0010896443141210448,0.0010896443141210448,1,[4],[6306]
505,68,245,1065,0.00109043431412104,7.899999999953083e-07,2,"[4, 17]","[6256, 3]"
506,68,245,1065,0.0010914043141210343,9.699999999942394e-07,3,"[4, 17, 18]","[6134, 57, 1]"
507,68,245,1066,0.0010888360552082073,0.0010888360552082073,1,[4],[6258]
508,68,246,1065,0.0010914781490028403,0.0010914781490028403,2,"[4, 17]","[6247, 4]"
509,68,246,1066,0.0010879533494237209,0.0010879533494237209,1,[4],[6254]
510,68,246,1066,0.0010894133494237122,1.4599999999913293e-06,1,[4],[6265]
511,68,246,1067,0.0010861483484750278,0.0010861483484750278,1,[4],[6304]
512,68,246,1067,0.0010870383484750225,8.899999999947145e-07,1,[4],[6224]
513,68,246,1067,0.0010883683484750146,1.3299999999921014e-06,1,[4],[6225]
514,68,246,1068,0.0010850182182644639,0.0010850182182644639,1,[4],[6284]
515,68,246,1068,0.0010862782182644564,1.259999999992517e-06,1,[4],[6241]
516,68,247,1068,0.0010846418936074677,0.0010846418936074677,1,[4],[6294]
517,68,247,1069,0.001082665323716871,0.001082665323716871,1,[4],[6264]
518,68,247,1069,0.0010835853237168656,9.199999999945363e-07,1,[4],[6288]
519,68,247,1069,0.0010851253237168564,1.5399999999908542e-06,1,[4],[6207]
520,68,247,1070,0.001081352929627019,0.001081352929627019,1,[4],[6299]
521,68,247,1070,0.001082392929627013,1.0399999999938236e-06,1,[4],[6209]
522,68,247,1071,0.001081081865847527,0.001081081865847527,1,[4],[6262]
523,68,248,1070,0.0010814891466374736,0.0010814891466374736,1,[4],[6257]
524,68,248,1071,0.0010792300211957446,0.0010792300211957446,1,[4],[6293]
525,68,248,1071,0.0010802000211957389,9.699999999942394e-07,1,[4],[6254]
526,68,248,1072,0.0010777567483057206,0.0010777567483057206,1,[4],[6279]
527,68,248,1072,0.001078706748305715,9.499999999943581e-07,1,[4],[6256]
528,68,248,1072,0.001081576748305698,2.8699999999829556e-06,1,[4],[6215]
529,68,248,1073,0.0010770362032708823,0.0010770362032708823,1,[4],[6258]
530,68,249,1072,0.0010786904006813054,0.0010786904006813054,1,[4],[6256]
531,68,249,1073,0.0010758309062191527,0.0010758309062191527,1,[4],[6273]
532,68,249,1073,0.0010769309062191462,1.0999999999934673e-06,1,[4],[6239]
533,68,249,1074,0.0010741981694949894,0.0010741981694949894,2,"[4, 16]","[6253, 2]"
534,68,249,1074,0.001075088169494984,8.899999999947145e-07,1,[4],[6285]
535,68,249,1074,0.0010764981694949757,1.4099999999916263e-06,1,[4],[6228]
536,68,249,1075,0.0010731295066840785,0.0010731295066840785,2,"[4, 16]","[6015, 280]"
537,68,249,1075,0.0010747595066840688,1.6299999999903197e-06,2,"[4, 16]","[6195, 12]"
538,68,250,1075,0.0010723486791916496,0.0010723486791916496,2,"[4, 16]","[5181, 1121]"
539,68,250,1075,0.0010736586791916419,1.3099999999922202e-06,2,"[4, 16]","[5881, 322]"
540,68,250,1076,0.001070673731969893,0.001070673731969893,2,"[4, 16]","[6036, 267]"
541,68,250,1076,0.0010714537319698883,7.799999999953677e-07,2,"[4, 16]","[5274, 989]"
542,68,250,1076,0.0010722637319698835,8.099999999951896e-07,2,"[4, 16]","[4559, 1639]"
543,68,250,1077,0.0010694507950167109,0.0010694507950167109,1,[4],[6307]
544,68,250,1077,0.0010705507950167044,1.0999999999934673e-06,2,"[4, 16]","[6220, 13]"
545,68,250,1078,0.0010693829877945996,0.0010693829877945996,1,[4],[6256]
546,68,251,1077,0.001069335847795321,0.001069335847795321,1,[4],[6255]
547,68,251,1078,0.0010672222365917397,0.0010672222365917397,1,[4],[6328]
548,68,251,1078,0.0010681422365917343,9.199999999945363e-07,1,[4],[6218]
549,68,251,1078,0.0010704322365917207,2.2899999999864e-06,1,[4],[6207]
550,68,251,1079,0.0010657332003038368,0.0010657332003038368,2,"[4, 15]","[6250, 44]"
551,68,251,1079,0.001066693200303831,9.599999999942987e-07,2,"[4, 15]","[6234, 1]"
552,68,251,1079,0.0010694232003038149,2.729999999983787e-06,1,[4],[6221]
553,68,251,1080,0.001064810176071359,0.001064810176071359,2,"[4, 15]","[5216, 1055]"
554,68,252,1079,0.0010664485768737608,0.0010664485768737608,2,"[4, 15]","[6119, 133]"
555,68,252,1080,0.0010636077867864067,0.0010636077867864067,2,"[4, 15]","[4700, 1589]"
556,68,252,1080,0.0010644277867864018,8.199999999951302e-07,2,"[4, 15]","[4464, 1751]"
557,68,252,1080,0.0010658377867863934,1.4099999999916263e-06,2,"[4, 15]","[5411, 844]"
558,68,252,1081,0.0010620776536454366,0.0010620776536454366,2,"[4, 15]","[6278, 23]"
559,68,252,1081,0.0010628876536454318,8.099999999951896e-07,2,"[4, 15]","[5994, 208]"
560,68,252,1081,0.0010637976536454264,9.099999999945957e-07,2,"[4, 15]","[5474, 808]"
561,68,252,1082,0.0010609530118059522,0.0010609530118059522,1,[4],[6273]
562,68,252,1082,0.0010621230118059452,1.1699999999930516e-06,2,"[4, 15]","[6254, 1]"
563,68,252,1083,0.0010617902770967726,0.0010617902770967726,1,[4],[6250]
564,68,253,1082,0.001060524025934497,0.001060524025934497,1,[4],[6256]
565,68,253,1082,0.001062024025934488,1.4999999999910918e-06,1,[4],[6259]
566,68,253,1083,0.0010585977982914487,0.0010585977982914487,1,[4],[6292]
567,68,253,1083,0.0010594277982914437,8.299999999950708e-07,1,[4],[6243]
568,68,253,1083,0.0010604777982914375,1.0499999999937643e-06,1,[4],[6236]
569,68,253,1084,0.0010572199667131471,0.0010572199667131471,1,[4],[6258]
570,68,253,1084,0.0010581299667131417,9.099999999945957e-07,1,[4],[6294]
571,68,253,1084,0.0010596199667131329,1.4899999999911512e-06,1,[4],[6217]
572,68,253,1085,0.0010565326350388238,0.0010565326350388238,1,[4],[6255]
573,68,254,1084,0.001057645437358524,0.001057645437358524,1,[4],[6272]
574,68,254,1085,0.0010552295850185546,0.0010552295850185546,1,[4],[6296]
575,68,254,1085,0.001056179585018549,9.499999999943581e-07,1,[4],[6266]
576,68,254,1086,0.001053629980287217,0.001053629980287217,1,[4],[6301]
577,68,254,1086,0.0010544399802872122,8.099999999951896e-07,1,[4],[6201]
578,68,254,1086,0.0010554399802872063,9.999999999940612e-07,1,[4],[6273]
579,68,254,1087,0.0010525275187258144,0.0010525275187258144,1,[4],[6295]
580,68,254,1087,0.001053767518725807,1.2399999999926359e-06,1,[4],[6210]
581,68,255,1087,0.001051995720210566,0.001051995720210566,1,[4],[6290]
582,68,255,1087,0.0010534057202105575,1.4099999999916263e-06,1,[4],[6240]
583,68,255,1088,0.0010501348111000971,0.0010501348111000971,1,[4],[6287]
584,68,255,1088,0.0010509648111000922,8.299999999950708e-07,1,[4],[6274]
585,68,255,1088,0.0010519548111000863,9.899999999941206e-07,1,[4],[6213]
586,68,255,1089,0.0010487690468733808,0.0010487690468733808,2,"[4, 14]","[6265, 8]"
587,68,255,1089,0.0010496990468733753,9.299999999944769e-07,1,[4],[6273]
588,68,255,1089,0.0010514990468733646,1.7999999999893102e-06,1,[4],[6206]
589,68,255,1090,0.00104798735421975,0.00104798735421975,3,"[4, 13, 14]","[5716, 6, 549]"
590,68,255,1092,0.0010504940488938904,0.0010504940488938904,4,"[4, 12, 13, 14]","[385, 10, 5825, 50]"
591,68,256,1089,0.001049078754205625,0.001049078754205625,2,"[4, 14]","[6242, 23]"
592,68,256,1090,0.0010465197541383465,0.0010465197541383465,3,"[4, 13, 14]","[4577, 186, 1489]"
593,68,256,1090,0.0010473497541383416,8.299999999950708e-07,3,"[4, 13, 14]","[5382, 153, 761]"
594,68,256,1090,0.0010483897541383354,1.0399999999938236e-06,3,"[4, 13, 14]","[5897, 137, 176]"
595,68,256,1091,0.0010449294611893398,0.0010449294611893398,4,"[4, 12, 13, 14]","[4447, 4, 1720, 110]"
596,68,256,1091,0.0010455894611893358,6.599999999960804e-07,4,"[4, 12, 13, 14]","[4020, 1, 1737, 528]"
597,68,256,1091,0.0010460894611893329,4.999999999970306e-07,3,"[4, 13, 14]","[3554, 1785, 927]"
598,68,256,1091,0.00104658946118933,4.999999999970306e-07,3,"[4, 13, 14]","[3095, 1956, 1124]"
599,68,256,1091,0.0010472194611893262,6.299999999962586e-07,3,"[4, 13, 14]","[2679, 2575, 1039]"
600,68,256,1091,0.0010482094611893203,9.899999999941206e-07,3,"[4, 13, 14]","[1653, 4158, 433]"
601,68,256,1091,0.0010496994611893114,1.4899999999911512e-06,3,"[4, 13, 14]","[228, 5977, 16]"
602,68,256,1091,0.0010510094611893036,1.3099999999922202e-06,2,"[4, 13]","[3, 6233]"
603,68,256,1092,0.0010438416379965887,0.0010438416379965887,3,"[4, 12, 13]","[4188, 715, 1370]"
604,68,256,1092,0.0010446616379965838,8.199999999951302e-07,3,"[4, 12, 13]","[3554, 479, 2236]"
605,68,256,1092,0.0010455416379965786,8.799999999947739e-07,4,"[4, 12, 13, 14]","[2918, 504, 2826, 14]"
606,68,256,1092,0.001047331637996568,1.7899999999893695e-06,4,"[4, 12, 13, 14]","[1414, 319, 4360, 106]"
607,68,256,1092,0.0010489716379965582,1.6399999999902604e-06,4,"[4, 12, 13, 14]","[29, 2, 6214, 6]"
608,68,256,1092,0.0010497116379965539,7.399999999956053e-07,1,[13],[6318]
609,68,256,1092,0.001050201637996551,4.8999999999709e-07,1,[13],[6206]
610,68,256,1092,0.0010506716379965482,4.6999999999720876e-07,1,[13],[6321]
611,68,256,1092,0.001051381637996544,7.099999999957834e-07,1,[13],[6203]
612,68,256,1093,0.0010438833683825213,0.0010438833683825213,3,"[4, 12, 13]","[3332, 2709, 218]"
613,68,256,1093,0.0010452533683825132,1.3699999999918638e-06,3,"[4, 12, 13]","[589, 5370, 307]"
614,68,256,1093,0.0010502433683824836,4.989999999970365e-06,3,"[4, 12, 13]","[32, 4476, 1718]"
615,68,257,1091,0.001045501134118488,0.001045501134118488,4,"[4, 12, 13, 14]","[3467, 14, 2723, 51]"
616,68,257,1091,0.0010473711341184768,1.8699999999888944e-06,4,"[4, 12, 13, 14]","[1826, 1, 4159, 271]"
617,68,257,1092,0.001043072918174482,0.001043072918174482,3,"[4, 12, 13]","[4372, 1491, 409]"
618,68,257,1092,0.0010438129181744775,7.399999999956053e-07,3,"[4, 12, 13]","[3746, 1302, 1294]"
619,68,257,1092,0.0010444729181744736,6.599999999960804e-07,3,"[4, 12, 13]","[3095, 1118, 1934]"
620,68,257,1092,0.0010453129181744686,8.399999999950114e-07,3,"[4, 12, 13]","[2292, 1129, 2830]"
621,68,257,1092,0.0010484029181744502,3.089999999981649e-06,4,"[4, 12, 13, 14]","[910, 700, 4625, 8]"
622,68,257,1093,0.0010414969968030546,0.0010414969968030546,3,"[4, 12, 13]","[5974, 347, 1]"
623,68,257,1093,0.0010422469968030502,7.499999999955459e-07,3,"[4, 12, 13]","[4843, 1377, 5]"
624,68,257,1093,0.0010428469968030466,5.999999999964367e-07,3,"[4, 12, 13]","[3659, 2546, 32]"
625,68,257,1093,0.0010434369968030431,5.899999999964961e-07,3,"[4, 12, 13]","[2725, 3465, 107]"
626,68,257,1093,0.0010440969968030392,6.599999999960804e-07,3,"[4, 12, 13]","[1597, 4410, 216]"
627,68,257,1093,0.0010448269968030349,7.299999999956647e-07,3,"[4, 12, 13]","[588, 5380, 230]"
628,68,257,1093,0.0010457069968030296,8.799999999947739e-07,3,"[4, 12, 13]","[137, 5997, 122]"
629,68,257,1094,0.00104030728545721,0.00104030728545721,1,[4],[6274]
630,68,257,1094,0.0010415972854572024,1.289999999992339e-06,2,"[4, 12]","[6202, 41]"
631,68,258,1094,0.0010398481431318847,0.0010398481431318847,1,[4],[6291]
632,68,258,1094,0.0010416981431318737,1.8499999999890132e-06,2,"[4, 12]","[6217, 2]"
633,68,258,1095,0.0010378066356659418,0.0010378066356659418,1,[4],[6297]
634,68,258,1095,0.0010386766356659367,8.699999999948332e-07,1,[4],[6228]
635,68,258,1095,0.0010398566356659296,1.1799999999929922e-06,1,[4],[6255]
636,68,258,1096,0.0010364220204528564,0.0010364220204528564,1,[4],[6252]
637,68,258,1096,0.0010374520204528503,1.029999999993883e-06,1,[4],[6254]
638,68,258,1097,0.0010363378934404807,0.0010363378934404807,1,[4],[6264]
639,68,259,1096,0.001036357837667209,0.001036357837667209,1,[4],[6262]
640,68,259,1097,0.0010340932245425365,0.0010340932245425365,1,[4],[6280]
641,68,259,1097,0.0010349932245425312,8.999999999946551e-07,1,[4],[6285]
642,68,259,1097,0.0010363132245425233,1.3199999999921608e-06,1,[4],[6197]
643,68,259,1098,0.001032607493383129,0.001032607493383129,1,[4],[6294]
644,68,259,1098,0.0010335374933831234,9.299999999944769e-07,1,[4],[6222]
645,68,259,1098,0.0010354174933831122,1.879999999988835e-06,1,[4],[6235]
646,68,259,1099,0.0010319301879502024,0.0010319301879502024,1,[4],[6266]
647,68,260,1098,0.0010330745041014567,0.0010330745041014567,1,[4],[6252]
648,68,260,1099,0.0010304356115663819,0.0010304356115663819,1,[4],[6295]
649,68,260,1099,0.001031415611566376,9.7999999999418e-07,1,[4],[6220]
650,68,260,1100,0.0010287274070752415,0.0010287274070752415,2,"[4, 11]","[5879, 395]"
651,68,260,1100,0.0010296174070752362,8.899999999947145e-07,2,"[4, 11]","[6243, 8]"
652,68,260,1100,0.0010307474070752295,1.1299999999932892e-06,2,"[4, 11]","[6226, 1]"
653,68,260,1101,0.0010275090939801008,0.0010275090939801008,2,"[4, 11]","[4336, 1926]"
654,68,260,1101,0.0010289290939800924,1.419999999991567e-06,2,"[4, 11]","[5102, 1159]"
655,68,261,1100,0.0010300334079724103,0.0010300334079724103,2,"[4, 11]","[5735, 523]"
656,68,261,1101,0.001026718278377846,0.001026718278377846,2,"[4, 11]","[5473, 777]"
657,68,261,1101,0.0010276482783778405,9.299999999944769e-07,2,"[4, 11]","[4529, 1759]"
658,68,261,1102,0.0010249260312104568,0.0010249260312104568,1,[4],[6264]
659,68,261,1102,0.0010257660312104518,8.399999999950114e-07,2,"[4, 11]","[6229, 7]"
660,68,261,1102,0.0010267560312104459,9.899999999941206e-07,2,"[4, 11]","[6157, 139]"
661,68,261,1103,0.0010235522157695373,0.0010235522157695373,1,[4],[6278]
662,68,261,1103,0.001024602215769531,1.0499999999937643e-06,1,[4],[6231]
663,68,261,1104,0.0010231394221210056,0.0010231394221210056,1,[4],[6264]
664,68,262,1103,0.0010234744125535605,0.0010234744125535605,1,[4],[6250]
665,68,262,1104,0.0010212356238471422,0.0010212356238471422,1,[4],[6285]
666,68,262,1104,0.001022115623847137,8.799999999947739e-07,1,[4],[6237]
667,68,262,1104,0.0010234156238471293,1.2999999999922796e-06,1,[4],[6230]
668,68,262,1105,0.0010195635896300351,0.0010195635896300351,1,[4],[6270]
669,68,262,1105,0.00102043358963003,8.699999999948332e-07,1,[4],[6280]
670,68,262,1105,0.0010215435896300234,1.109999999993408e-06,1,[4],[6224]
671,68,262,1106,0.0010184604843822742,0.0010184604843822742,1,[4],[6266]
672,68,262,1106,0.0010201304843822643,1.6699999999900822e-06,1,[4],[6236]
673,68,263,1105,0.0010212396492639013,0.0010212396492639013,1,[4],[6253]
674,68,263,1106,0.0010176917264644555,0.0010176917264644555,1,[4],[6273]
675,68,263,1106,0.0010189117264644482,1.2199999999927547e-06,1,[4],[6255]
676,68,263,1107,0.0010157619994087344,0.0010157619994087344,1,[4],[6283]
677,68,263,1107,0.0010166019994087294,8.399999999950114e-07,1,[4],[6266]
678,68,263,1107,0.0010175819994087236,9.7999999999418e-07,1,[4],[6231]
679,68,263,1108,0.0010142970822958346,0.0010142970822958346,1,[4],[6289]
680,68,263,1108,0.0010152570822958289,9.599999999942987e-07,1,[4],[6211]
681,68,263,1108,0.00101844708229581,3.1899999999810552e-06,1,[4],[6250]
682,68,263,1109,0.0010136390369307772,0.0010136390369307772,1,[4],[6258]
683,68,264,1108,0.0010144609254161736,0.0010144609254161736,1,[4],[6263]
684,68,264,1109,0.0010121021080900124,0.0010121021080900124,1,[4],[6296]
685,68,264,1109,0.0010130421080900068,9.399999999944175e-07,1,[4],[6214]
686,68,264,1109,0.0010151121080899945,2.0699999999877067e-06,1,[4],[6245]
687,68,264,1110,0.0010103724838234486,0.0010103724838234486,1,[4],[6312]
688,68,264,1110,0.0010112224838234435,8.49999999994952e-07,1,[4],[6252]
689,68,264,1110,0.0010122124838234377,9.899999999941206e-07,1,[4],[6237]
690,68,264,1111,0.0010091163125012397,0.0010091163125012397,1,[4],[6280]
691,68,264,1111,0.0010103563125012324,1.2399999999926359e-06,1,[4],[6249]
692,68,264,1112,0.0010099689754932478,0.0010099689754932478,2,"[4, 10]","[6081, 170]"
693,68,265,1111,0.0010086307120747418,0.0010086307120747418,2,"[4, 10]","[6264, 11]"
694,68,265,1111,0.0010101407120747328,1.5099999999910324e-06,1,[4],[6255]
695,68,265,1112,0.001006082976706835,0.001006082976706835,2,"[4, 10]","[3342, 2916]"
696,68,265,1112,0.0010069829767068296,8.999999999946551e-07,2,"[4, 10]","[5825, 476]"
697,68,265,1112,0.0010078229767068246,8.399999999950114e-07,2,"[4, 10]","[6181, 42]"
698,68,265,1113,0.0010047147046229254,0.0010047147046229254,2,"[4, 10]","[3664, 2634]"
699,68,265,1113,0.0010052547046229222,5.39999999996793e-07,2,"[4, 10]","[2722, 3537]"
700,68,265,1113,0.0010056947046229196,4.399999999973869e-07,2,"[4, 10]","[2718, 3508]"
701,68,265,1113,0.0010062247046229164,5.299999999968524e-07,2,"[4, 10]","[3328, 2954]"
702,68,265,1113,0.0010074147046229094,1.1899999999929328e-06,2,"[4, 10]","[4534, 1670]"
703,68,265,1114,0.0010043191836198785,0.0010043191836198785,2,"[4, 10]","[6146, 110]"
704,68,266,1113,0.001005019141340207,0.001005019141340207,2,"[4, 10]","[3797, 2460]"
705,68,266,1113,0.0010060591413402007,1.0399999999938236e-06,2,"[4, 10]","[2287, 3978]"
706,68,266,1114,0.0010030697339427892,0.0010030697339427892,2,"[4, 10]","[6304, 2]"
707,68,266,1114,0.0010041797339427826,1.109999999993408e-06,2,"[4, 10]","[6182, 28]"
708,68,266,1115,0.0010012811770557857,0.0010012811770557857,1,[4],[6253]
709,68,266,1115,0.0010021611770557805,8.799999999947739e-07,1,[4],[6265]
710,68,266,1115,0.0010034811770557727,1.3199999999921608e-06,1,[4],[6233]
711,68,266,1116,0.0010000359989694135,0.0010000359989694135,1,[4],[6257]
712,68,266,1116,0.0010013259989694059,1.289999999992339e-06,1,[4],[6280]
713,68,266,1117,0.0010005268100581968,0.0010005268100581968,1,[4],[6250]
714,68,267,1116,0.0009997428575418811,0.0009997428575418811,1,[4],[6257]
715,68,267,1117,0.0009975855560905235,0.0009975855560905235,1,[4],[6273]
716,68,267,1117,0.000998495556090518,9.099999999945957e-07,1,[4],[6250]
717,68,267,1117,0.0010001455560905083,1.649999999990201e-06,1,[4],[6235]
718,68,267,1118,0.00099603480059151,0.00099603480059151,1,[4],[6315]
719,68,267,1118,0.0009969648005915045,9.299999999944769e-07,1,[4],[6197]
720,68,267,1118,0.000999244800591491,2.2799999999864595e-06,1,[4],[6239]
721,68,267,1119,0.0009951333611224091,0.0009951333611224091,1,[4],[6267]
722,68,268,1118,0.0009971375342436978,0.0009971375342436978,1,[4],[6255]
723,68,268,1119,0.0009940469363267834,0.0009940469363267834,1,[4],[6310]
724,68,268,1119,0.0009952569363267762,1.209999999992814e-06,1,[4],[6213]
725,68,268,1120,0.0009922190939623218,0.0009922190939623218,1,[4],[6278]
726,68,268,1120,0.0009931190939623164,8.999999999946551e-07,1,[4],[6233]
727,68,268,1120,0.0009943990939623088,1.2799999999923983e-06,1,[4],[6268]
728,68,268,1121,0.0009909210726251848,0.0009909210726251848,1,[4],[6251]
729,68,268,1121,0.000992081072625178,1.159999999993111e-06,1,[4],[6263]
730,68,268,1122,0.0009909237994170266,0.0009909237994170266,1,[4],[6250]
731,68,269,1121,0.0009907942444360499,0.0009907942444360499,1,[4],[6288]
732,68,269,1122,0.0009885544024132182,0.0009885544024132182,1,[4],[6260]
733,68,269,1122,0.0009894944024132126,9.399999999944175e-07,1,[4],[6245]
734,68,269,1122,0.0009916844024131996,2.189999999986994e-06,1,[4],[6245]
735,68,269,1123,0.000986944741865849,0.000986944741865849,1,[4],[6329]
736,68,269,1123,0.0009878547418658435,9.099999999945957e-07,1,[4],[6175]
737,68,269,1123,0.0009894347418658341,1.5799999999906167e-06,1,[4],[6254]
738,68,269,1124,0.0009859313998092911,0.0009859313998092911,2,"[4, 9]","[6072, 198]"
739,68,270,1123,0.0009886448926802154,0.0009886448926802154,2,"[4, 9]","[6251, 2]"
740,68,270,1124,0.0009848273384428503,0.0009848273384428503,3,"[4, 8, 9]","[5222, 8, 1067]"
741,68,270,1124,0.0009859973384428434,1.1699999999930516e-06,2,"[4, 9]","[6136, 77]"
742,68,270,1125,0.0009827282587554966,0.0009827282587554966,3,"[4, 8, 9]","[3871, 2016, 370]"
743,68,270,1125,0.0009834182587554925,6.899999999959022e-07,3,"[4, 8, 9]","[4507, 516, 1294]"
744,68,270,1125,0.0009839882587554891,5.699999999966149e-07,3,"[4, 8, 9]","[4359, 96, 1726]"
745,68,270,1125,0.0009847382587554847,7.499999999955459e-07,3,"[4, 8, 9]","[4575, 21, 1678]"
746,68,270,1126,0.0009816705438190586,0.0009816705438190586,2,"[4, 8]","[4967, 1309]"
747,68,270,1126,0.0009823505438190546,6.799999999959616e-07,3,"[4, 8, 9]","[4116, 2155, 16]"
748,68,270,1126,0.00098311054381905,7.599999999954865e-07,3,"[4, 8, 9]","[4187, 1945, 73]"
749,68,270,1127,0.0009818833147407426,0.0009818833147407426,2,"[4, 8]","[6173, 88]"
750,68,271,1126,0.0009816214005979157,0.0009816214005979157,2,"[4, 8]","[5907, 382]"
751,68,271,1126,0.0009830514005979073,1.4299999999915075e-06,3,"[4, 8, 9]","[4792, 1412, 11]"
752,68,271,1127,0.000979651145199623,0.000979651145199623,1,[4],[6287]
753,68,271,1127,0.000980481145199618,8.299999999950708e-07,2,"[4, 8]","[6228, 1]"
754,68,271,1127,0.0009816111451996113,1.1299999999932892e-06,2,"[4, 8]","[6246, 12]"
755,68,271,1128,0.0009782493973542602,0.0009782493973542602,2,"[4, 7]","[6283, 7]"
756,68,271,1128,0.0009791093973542551,8.599999999948926e-07,1,[4],[6264]
757,68,271,1128,0.000980469397354247,1.3599999999919232e-06,1,[4],[6197]
758,68,271,1129,0.0009773958802419718,0.0009773958802419718,2,"[4, 7]","[5482, 770]"
759,68,272,1128,0.000978712838469274,0.000978712838469274,2,"[4, 7]","[6142, 112]"
760,68,272,1129,0.0009753574300526277,0.0009753574300526277,2,"[4, 7]","[1671, 4591]"
761,68,272,1129,0.0009761374300526315,7.800000000038245e-07,2,"[4, 7]","[3563, 2683]"
762,68,272,1129,0.0009769574300526312,8.199999999996838e-07,2,"[4, 7]","[5557, 692]"
763,68,272,1129,0.0009782574300526235,1.2999999999922796e-06,2,"[4, 7]","[6200, 59]"
764,68,272,1130,0.0009745385287499837,0.0009745385287499837,2,"[4, 7]","[4823, 1456]"
765,68,272,1130,0.0009751085287499865,5.700000000027948e-07,2,"[4, 7]","[3798, 2489]"
766,68,272,1130,0.000975618528749989,5.100000000025006e-07,2,"[4, 7]","[3577, 2700]"
767,68,272,1130,0.0009762885287499923,6.700000000032852e-07,2,"[4, 7]","[3832, 2328]"
768,68,272,1131,0.0009737612927484838,0.0009737612927484838,2,"[4, 7]","[6279, 5]"
769,68,272,1131,0.0009754912927484923,1.7300000000084826e-06,2,"[4, 7]","[6115, 117]"
770,68,273,1130,0.0009759868108750011,0.0009759868108750011,2,"[4, 7]","[4699, 1563]"
771,68,273,1131,0.0009731467825641191,0.0009731467825641191,1,[4],[6256]
772,68,273,1131,0.0009745967825641262,1.4500000000071097e-06,2,"[4, 7]","[6247, 5]"
773,68,273,1132,0.0009712969417479383,0.0009712969417479383,1,[4],[6271]
774,68,273,1132,0.0009721169417479423,8.200000000040206e-07,1,[4],[6236]
775,68,273,1132,0.000973276941747948,1.1600000000056877e-06,1,[4],[6248]
776,68,273,1133,0.0009700356866793728,0.0009700356866793728,1,[4],[6274]
777,68,273,1133,0.0009710356866793777,1.0000000000049032e-06,1,[4],[6245]
778,68,273,1134,0.000969650525803454,0.000969650525803454,1,[4],[6262]
779,68,274,1133,0.0009702616328130865,0.0009702616328130865,1,[4],[6269]
780,68,274,1134,0.0009679863582584666,0.0009679863582584666,1,[4],[6309]
781,68,274,1134,0.0009689063582584711,9.20000000004511e-07,1,[4],[6201]
782,68,274,1135,0.0009664575762946559,0.0009664575762946559,2,"[4, 6]","[6273, 2]"
783,68,274,1135,0.00096730757629466,8.500000000041677e-07,1,[4],[6253]
784,68,274,1135,0.0009685675762946662,1.260000000006178e-06,1,[4],[6227]
785,68,274,1136,0.0009654481670470524,0.0009654481670470524,2,"[4, 6]","[5976, 289]"
786,68,274,1136,0.0009673681670470619,1.920000000009414e-06,2,"[4, 6]","[6245, 2]"
787,68,275,1136,0.0009646561497474238,0.0009646561497474238,2,"[4, 6]","[5298, 988]"
788,68,275,1136,0.0009658561497474297,1.2000000000058839e-06,2,"[4, 6]","[6051, 164]"
789,68,275,1137,0.0009629297659392977,0.0009629297659392977,2,"[4, 6]","[6033, 226]"
790,68,275,1137,0.0009636597659393013,7.300000000035793e-07,2,"[4, 6]","[5429, 871]"
791,68,275,1137,0.0009643497659393047,6.900000000033832e-07,2,"[4, 6]","[4877, 1315]"
792,68,275,1138,0.0009616643762510371,0.0009616643762510371,1,[4],[6258]
793,68,275,1138,0.0009626243762510419,9.60000000004707e-07,2,"[4, 6]","[6255, 5]"
794,68,275,1139,0.0009611084939994923,0.0009611084939994923,1,[4],[6272]
795,68,276,1138,0.0009619122953128548,0.0009619122953128548,1,[4],[6287]
796,68,276,1139,0.0009596608740387377,0.0009596608740387377,1,[4],[6292]
797,68,276,1139,0.0009605608740387422,9.000000000044129e-07,1,[4],[6209]
798,68,276,1140,0.0009582944450970917,0.0009582944450970917,1,[4],[6265]
799,68,276,1140,0.0009591944450970961,9.000000000044129e-07,1,[4],[6272]
800,68,276,1141,0.0009571421443667957,0.0009571421443667957,1,[4],[6292]
801,68,277,1141,0.0009565721560310081,0.0009565721560310081,1,[4],[6260]
802,68,277,1141,0.0009586721560310184,2.1000000000102968e-06,1,[4],[6245]
803,68,277,1142,0.0009546625068180398,0.0009546625068180398,1,[4],[6271]
804,68,277,1142,0.0009554925068180439,8.300000000040697e-07,1,[4],[6266]
805,68,277,1142,0.0009566525068180496,1.1600000000056877e-06,1,[4],[6233]
806,68,277,1143,0.0009533409974197914,0.0009533409974197914,1,[4],[6285]
807,68,277,1143,0.000954280997419796,9.40000000004609e-07,1,[4],[6279]
808,68,277,1144,0.0009528047247840056,0.0009528047247840056,1,[4],[6254]
809,68,278,1143,0.0009537401302612814,0.0009537401302612814,1,[4],[6258]
810,68,278,1144,0.00095138744274463,0.00095138744274463,1,[4],[6287]
811,68,278,1144,0.0009523374427446346,9.500000000046581e-07,1,[4],[6237]
812,68,278,1145,0.0009497876975721516,0.0009497876975721516,1,[4],[6255]
813,68,278,1145,0.0009506276975721558,8.400000000041187e-07,1,[4],[6324]
814,68,278,1145,0.0009517876975721614,1.1600000000056877e-06,1,[4],[6181]
815,68,278,1146,0.0009487258156056398,0.0009487258156056398,1,[4],[6251]
816,68,278,1146,0.0009501758156056469,1.4500000000071097e-06,1,[4],[6254]
817,68,279,1146,0.0009482444397050698,0.0009482444397050698,1,[4],[6261]
818,68,279,1146,0.0009499844397050783,1.7400000000085316e-06,1,[4],[6239]
819,68,279,1147,0.0009463871669367968,0.0009463871669367968,1,[4],[6296]
820,68,279,1147,0.0009472071669368008,8.200000000040206e-07,1,[4],[6218]
821,68,279,1147,0.0009484271669368068,1.220000000005982e-06,1,[4],[6244]
822,68,279,1148,0.0009450245700651441,0.0009450245700651441,1,[4],[6290]
823,68,279,1148,0.0009459745700651488,9.500000000046581e-07,1,[4],[6246]
824,68,279,1149,0.0009444468615777881,0.0009444468615777881,1,[4],[6254]
825,68,280,1148,0.0009454915403326425,0.0009454915403326425,1,[4],[6252]
826,68,280,1149,0.0009430697390757309,0.0009430697390757309,1,[4],[6288]
827,68,280,1149,0.0009440197390757356,9.500000000046581e-07,1,[4],[6238]
828,68,280,1150,0.0009414740582335406,0.0009414740582335406,1,[4],[6264]
829,68,280,1150,0.0009423040582335447,8.300000000040697e-07,1,[4],[6267]
830,68,280,1150,0.0009434240582335501,1.1200000000054916e-06,1,[4],[6229]
831,68,280,1151,0.000940428488336308,0.000940428488336308,1,[4],[6298]
832,68,280,1151,0.0009418184883363148,1.3900000000068155e-06,1,[4],[6218]
833,68,281,1151,0.0009399671894512532,0.0009399671894512532,1,[4],[6266]
834,68,281,1151,0.0009419171894512627,1.9500000000095613e-06,1,[4],[6235]
835,68,281,1152,0.0009380535520342958,0.0009380535520342958,1,[4],[6264]
836,68,281,1152,0.0009388935520342999,8.400000000041187e-07,1,[4],[6242]
837,68,281,1152,0.0009400935520343058,1.2000000000058839e-06,1,[4],[6271]
838,68,281,1153,0.0009366979265486899,0.0009366979265486899,1,[4],[6251]
839,68,281,1153,0.0009376279265486944,9.3000000000456e-07,1,[4],[6306]
840,68,281,1154,0.0009361499374230129,0.0009361499374230129,1,[4],[6261]
841,68,282,1153,0.0009372458471091002,0.0009372458471091002,1,[4],[6265]
842,68,282,1154,0.0009347701517049967,0.0009347701517049967,1,[4],[6254]
843,68,282,1154,0.0009357501517050015,9.800000000048052e-07,1,[4],[6259]
844,68,282,1155,0.0009331709519769257,0.0009331709519769257,1,[4],[6313]
845,68,282,1155,0.0009339909519769297,8.200000000040206e-07,1,[4],[6247]
846,68,282,1155,0.0009351009519769351,1.1100000000054426e-06,1,[4],[6196]
847,68,282,1156,0.0009321117982716149,0.0009321117982716149,1,[4],[6282]
848,68,282,1156,0.0009334717982716216,1.3600000000066684e-06,1,[4],[6246]
849,68,283,1156,0.0009316840270051401,0.0009316840270051401,1,[4],[6275]
850,68,283,1156,0.0009336440270051497,1.9600000000096103e-06,1,[4],[6233]
851,68,283,1157,0.0009297502581130443,0.0009297502581130443,1,[4],[6278]
852,68,283,1157,0.0009305802581130484,8.300000000040697e-07,1,[4],[6241]
853,68,283,1157,0.0009317602581130542,1.1800000000057858e-06,1,[4],[6255]
854,68,283,1158,0.0009284022718934025,0.0009284022718934025,1,[4],[6276]
855,68,283,1158,0.0009293122718934069,9.100000000044619e-07,1,[4],[6279]
856,68,283,1159,0.0009277806713075547,0.0009277806713075547,2,"[4, 5]","[6273, 1]"
857,68,284,1158,0.0009289623893924443,0.0009289623893924443,1,[4],[6263]
858,68,284,1159,0.0009264654213809342,0.0009264654213809342,2,"[4, 5]","[6248, 17]"
859,68,284,1159,0.000927455421380939,9.900000000048542e-07,1,[4],[6296]
860,68,284,1160,0.0009246909091872657,0.0009246909091872657,2,"[4, 5]","[4687, 1592]"
861,68,284,1160,0.0009254609091872694,7.700000000037755e-07,2,"[4, 5]","[5624, 664]"
862,68,284,1160,0.0009263309091872737,8.700000000042658e-07,2,"[4, 5]","[6073, 130]"
863,68,284,1161,0.0009237042317098452,0.0009237042317098452,2,"[4, 5]","[5819, 494]"
864,68,284,1161,0.00092468423170985,9.800000000048052e-07,2,"[4, 5]","[4549, 1653]"
865,68,285,1161,0.0009234138283116979,0.0009234138283116979,2,"[4, 5]","[6143, 126]"
866,68,285,1161,0.0009251138283117062,1.7000000000083355e-06,2,"[4, 5]","[5030, 1209]"
867,68,285,1162,0.000921409967774522,0.000921409967774522,1,[4],[6270]
868,68,285,1162,0.0009222799677745262,8.700000000042658e-07,1,[4],[6235]
869,68,285,1162,0.000923869967774534,1.5900000000077961e-06,2,"[4, 5]","[6251, 5]"
870,68,285,1163,0.0009199340184896088,0.0009199340184896088,1,[4],[6263]
871,68,285,1163,0.0009208140184896131,8.800000000043148e-07,1,[4],[6279]
872,68,285,1163,0.0009226940184896223,1.880000000009218e-06,1,[4],[6211]
873,68,285,1164,0.0009190723109249079,0.0009190723109249079,1,[4],[6294]
874,68,286,1163,0.0009214799405549844,0.0009214799405549844,1,[4],[6251]
875,68,286,1164,0.0009181344932955554,0.0009181344932955554,1,[4],[6283]
876,68,286,1164,0.0009193444932955613,1.2100000000059329e-06,1,[4],[6257]
877,68,286,1165,0.0009163538678680867,0.0009163538678680867,1,[4],[6283]
878,68,286,1165,0.0009171838678680908,8.300000000040697e-07,1,[4],[6264]
879,68,286,1165,0.0009183538678680965,1.1700000000057368e-06,1,[4],[6215]
880,68,286,1166,0.000915057405204099,0.000915057405204099,1,[4],[6317]
881,68,286,1166,0.0009161074052041042,1.0500000000051484e-06,1,[4],[6210]
882,68,286,1167,0.000914646229170054,0.000914646229170054,1,[4],[6271]
883,68,287,1166,0.0009152281774849285,0.0009152281774849285,1,[4],[6278]
884,68,287,1167,0.0009129605451375296,0.0009129605451375296,1,[4],[6262]
885,68,287,1167,0.0009139005451375342,9.40000000004609e-07,1,[4],[6279]
886,68,287,1168,0.0009113213040036083,0.0009113213040036083,1,[4],[6289]
887,68,287,1168,0.0009121713040036125,8.500000000041677e-07,1,[4],[6262]
888,68,287,1168,0.0009133513040036182,1.1800000000057858e-06,1,[4],[6225]
889,68,287,1169,0.000910200271160389,0.000910200271160389,2,"[1, 4]","[228, 6030]"
890,68,287,1169,0.0009116602711603961,1.4600000000071587e-06,1,[4],[6262]
891,68,287,1170,0.0009092729157918547,0.0009092729157918547,2,"[1, 4]","[4358, 1925]"
892,68,287,1171,0.0009090789811842339,0.0009090789811842339,2,"[1, 4]","[6205, 57]"
893,68,287,1172,0.0009093846272012644,0.0009093846272012644,1,[1],[6250]
894,68,287,1173,0.0009099726771126146,0.0009099726771126146,1,[1],[6250]
895,68,288,1169,0.0009097079218244667,0.0009097079218244667,2,"[1, 4]","[913, 5377]"
896,68,288,1169,0.0009117079218244766,2.0000000000098064e-06,2,"[1, 4]","[30, 6181]"
897,68,288,1170,0.0009081353401085748,0.0009081353401085748,2,"[1, 4]","[5429, 848]"
898,68,288,1170,0.000908585340108577,4.5000000000220645e-07,2,"[1, 4]","[5024, 1212]"
899,68,288,1170,0.0009090253401085791,4.400000000021574e-07,2,"[1, 4]","[4797, 1549]"
900,68,288,1170,0.0009096753401085823,6.500000000031871e-07,2,"[1, 4]","[3961, 2228]"
901,68,288,1171,0.0009079615584469458,0.0009079615584469458,2,"[1, 4]","[6236, 20]"
902,68,288,1171,0.0009083215584469476,3.6000000000176516e-07,2,"[1, 4]","[6215, 41]"
903,68,288,1171,0.0009086315584469491,3.1000000000152e-07,2,"[1, 4]","[6351, 32]"
904,68,288,1171,0.0009089315584469506,3.0000000000147097e-07,2,"[1, 4]","[6121, 31]"
905,68,288,1171,0.0009093415584469526,4.100000000020103e-07,2,"[1, 4]","[6158, 60]"
906,68,288,1172,0.0009080160005299584,0.0009080160005299584,1,[1],[6345]
907,68,288,1172,0.0009083760005299602,3.6000000000176516e-07,1,[1],[6264]
908,68,288,1172,0.0009086660005299616,2.9000000000142193e-07,1,[1],[6170]
909,68,288,1172,0.0009089660005299631,3.0000000000147097e-07,2,"[1, 4]","[6277, 1]"
910,68,288,1172,0.000909356000529965,3.9000000000191225e-07,1,[1],[6302]
911,68,288,1173,0.0009080706749355804,0.0009080706749355804,1,[1],[6366]
912,68,288,1173,0.0009084306749355821,3.6000000000176516e-07,1,[1],[6134]
913,68,288,1173,0.0009087306749355836,3.0000000000147097e-07,1,[1],[6399]
914,68,288,1173,0.0009090306749355851,3.0000000000147097e-07,1,[1],[6265]
915,68,288,1173,0.000909410674935587,3.800000000018632e-07,1,[1],[6122]
916,68,288,1174,0.0009081562948911964,0.0009081562948911964,1,[1],[6297]
917,68,288,1174,0.0009085262948911983,3.700000000018142e-07,1,[1],[6285]
918,68,288,1174,0.0009088262948911997,3.0000000000147097e-07,1,[1],[6370]
919,68,288,1174,0.0009091262948912012,3.0000000000147097e-07,1,[1],[6053]
920,68,288,1174,0.0009095562948912033,4.300000000021084e-07,1,[1],[6353]
921,68,288,1175,0.0009082601069702667,0.0009082601069702667,1,[1],[6380]
922,68,288,1175,0.0009086201069702684,3.6000000000176516e-07,1,[1],[6168]
923,68,288,1175,0.0009089201069702699,3.0000000000147097e-07,1,[1],[6233]
924,68,288,1175,0.0009092301069702714,3.1000000000152e-07,1,[1],[6345]
925,68,288,1175,0.0009096401069702734,4.100000000020103e-07,1,[1],[6233]
926,68,288,1176,0.0009083711415515557,0.0009083711415515557,1,[1],[6254]
927,68,288,1176,0.0009087511415515575,3.800000000018632e-07,1,[1],[6381]
928,68,288,1176,0.0009090611415515591,3.1000000000152e-07,1,[1],[6251]
929,68,288,1176,0.0009093811415515606,3.2000000000156903e-07,1,[1],[6183]
930,68,288,1176,0.0009098311415515628,4.5000000000220645e-07,1,[1],[6222]
931,68,288,1177,0.0009085119265823892,0.0009085119265823892,1,[1],[6314]
932,68,288,1177,0.0009088919265823911,3.800000000018632e-07,1,[1],[6324]
933,68,288,1177,0.0009091919265823926,3.0000000000147097e-07,1,[1],[6225]
934,68,288,1177,0.0009095219265823942,3.3000000000161806e-07,1,[1],[6175]
935,68,288,1177,0.0009100019265823965,4.800000000023535e-07,1,[1],[6258]
936,68,288,1178,0.0009086330068182189,0.0009086330068182189,1,[1],[6309]
937,68,288,1178,0.0009090230068182208,3.9000000000191225e-07,1,[1],[6315]
938,68,288,1178,0.0009093430068182224,3.2000000000156903e-07,1,[1],[6252]
939,68,288,1178,0.000909683006818224,3.400000000016671e-07,1,[1],[6178]
940,68,288,1178,0.0009102230068182267,5.400000000026477e-07,1,[1],[6215]
941,68,288,1179,0.0009087411654573287,0.0009087411654573287,2,"[1, 2]","[6272, 1]"
942,68,288,1179,0.0009091211654573306,3.800000000018632e-07,2,"[1, 2]","[6289, 1]"
943,68,288,1179,0.0009094311654573321,3.1000000000152e-07,2,"[1, 2]","[6270, 5]"
944,68,288,1179,0.0009097711654573338,3.400000000016671e-07,2,"[1, 2]","[6307, 1]"
945,68,288,1179,0.0009102411654573361,4.700000000023045e-07,2,"[1, 2]","[6116, 1]"
946,68,288,1180,0.0009088364224224916,0.0009088364224224916,2,"[1, 2]","[6129, 228]"
947,68,288,1180,0.0009091964224224934,3.6000000000176516e-07,2,"[1, 2]","[6005, 236]"
948,68,288,1180,0.0009094864224224948,2.9000000000142193e-07,2,"[1, 2]","[5821, 337]"
949,68,288,1180,0.0009097864224224963,3.0000000000147097e-07,2,"[1, 2]","[5922, 410]"
950,68,288,1180,0.0009101764224224982,3.9000000000191225e-07,2,"[1, 2]","[5835, 424]"
951,68,288,1181,0.0009089183885291559,0.0009089183885291559,2,"[1, 2]","[5493, 809]"
952,68,288,1181,0.0009092783885291576,3.6000000000176516e-07,2,"[1, 2]","[5499, 905]"
953,68,288,1181,0.000909558388529159,2.800000000013729e-07,2,"[1, 2]","[5296, 894]"
954,68,288,1181,0.0009098283885291603,2.7000000000132387e-07,2,"[1, 2]","[5295, 834]"
955,68,288,1181,0.000910158388529162,3.3000000000161806e-07,2,"[1, 2]","[5358, 953]"
956,68,288,1181,0.0009107283885291648,5.700000000027948e-07,2,"[1, 2]","[5224, 972]"
957,68,288,1182,0.0009090956419690715,0.0009090956419690715,2,"[1, 2]","[6261, 46]"
958,68,288,1182,0.0009094756419690734,3.800000000018632e-07,2,"[1, 2]","[6283, 42]"
959,68,288,1182,0.0009097956419690749,3.2000000000156903e-07,2,"[1, 2]","[6261, 31]"
960,68,288,1182,0.0009101256419690765,3.3000000000161806e-07,2,"[1, 2]","[6151, 30]"
961,68,288,1182,0.000910635641969079,5.100000000025006e-07,2,"[1, 2]","[6192, 33]"
962,68,288,1183,0.0009091989808837469,0.0009091989808837469,1,[1],[6283]
963,68,288,1183,0.0009095789808837488,3.800000000018632e-07,1,[1],[6372]
964,68,288,1183,0.0009098889808837503,3.1000000000152e-07,1,[1],[6174]
965,68,288,1183,0.0009102189808837519,3.3000000000161806e-07,1,[1],[6278]
966,68,288,1183,0.0009106889808837542,4.700000000023045e-07,1,[1],[6153]
967,68,288,1184,0.0009093038213441073,0.0009093038213441073,1,[1],[6304]
968,68,288,1184,0.0009096838213441092,3.800000000018632e-07,1,[1],[6305]
969,68,288,1184,0.0009100038213441107,3.2000000000156903e-07,1,[1],[6300]
970,68,288,1184,0.0009103238213441123,3.2000000000156903e-07,1,[1],[6111]
971,68,288,1184,0.0009108138213441147,4.900000000024026e-07,1,[1],[6262]
972,68,288,1185,0.0009093964679651173,0.0009093964679651173,1,[1],[6326]
973,68,288,1185,0.0009097764679651192,3.800000000018632e-07,1,[1],[6272]
974,68,288,1185,0.0009100864679651207,3.1000000000152e-07,1,[1],[6302]
975,68,288,1185,0.0009104064679651223,3.2000000000156903e-07,1,[1],[6116]
976,68,288,1185,0.0009108764679651246,4.700000000023045e-07,1,[1],[6315]
977,68,288,1186,0.000909447420268159,0.000909447420268159,1,[1],[6291]
978,68,288,1186,0.0009098174202681608,3.700000000018142e-07,1,[1],[6232]
979,68,288,1186,0.0009101274202681623,3.1000000000152e-07,1,[1],[6359]
980,68,288,1186,0.0009104374202681639,3.1000000000152e-07,1,[1],[6192]
981,68,288,1186,0.000910867420268166,4.300000000021084e-07,1,[1],[6228]
982,68,288,1187,0.0009095030097716608,0.0009095030097716608,1,[1],[6309]
983,68,288,1187,0.0009098830097716626,3.800000000018632e-07,1,[1],[6359]
984,68,288,1187,0.0009101830097716641,3.0000000000147097e-07,1,[1],[6083]
985,68,288,1187,0.0009105030097716657,3.2000000000156903e-07,1,[1],[6367]
986,68,288,1187,0.0009109430097716678,4.400000000021574e-07,1,[1],[6239]
987,68,288,1188,0.0009099288809150445,0.0009099288809150445,1,[1],[6291]
988,68,288,1188,0.0009105388809150475,6.10000000002991e-07,1,[1],[6216]
